10 30 16
777 335 649 27 763 426 211 429 862 135 22 167 11 373 784 324 413 980 862 281 84 505 313 895 814 364 87 178 403 399 
932000 60000 676000 368000 739000 12000 226000 586000 94000 539000 795000 570000 434000 378000 467000 601000 
1 12 5 1 12 9 1 3 7 1 
77.0144 47.6177 54.4868 48.31 33.3928 22.4288 84.1701 58.9624 24.4477 81.8133 48.5751 87.9682 52.7638 86.4491 77.0561 38.3909 58.9388 43.8694 55.8616 99.8431 85.2099 57.5314 41.5788 19.8177 39.2917 54.7644 96.1962 10.2552 29.0319 50.3954 
29.8766 26.559 37.4769 45.6724 69.8035 34.8901 48.0416 34.1141 26.0722 86.8655 28.0794 90.8188 39.6334 80.612 28.2719 56.9727 51.2411 67.6832 32.5738 53.8446 38.5966 53.106 19.587 66.4416 22.2308 43.001 60.903 50.4714 21.9272 0.223607 
60.8777 81.2572 23.1672 16.0178 46.8646 69.4141 46.2779 29.4457 55.8158 26.9462 82.913 31.044 20.413 24.473 64.8514 27.1649 9.1 31.3912 89.529 71.8471 63.9489 6.86222 71.8752 59.931 39.785 17.1677 52.1023 52.8095 58.8955 59.7214 
52.0704 11.5395 51.7929 55.1421 65.3854 16.1003 69.4592 51.1755 17.936 96.8219 12.9865 101.767 52.6377 94.283 50.0036 59.0479 63.5815 68.7405 20.5273 75.9785 60.7697 64.347 4.42832 56.5057 31.753 55.949 82.426 41.6915 13.0208 22.3654 
50.4591 46.0679 23.8732 21.281 38.7559 32.2876 53.612 28.1301 18.6196 62.0601 47.6596 67.2579 22.6566 61.437 51.831 25.5515 31.1955 36.1179 54.8688 71.4659 57.7772 30.9968 36.7491 39.5601 11.1328 25.2071 65.4122 25.0234 22.2029 31.5626 
84.5733 111.285 51.6382 46.057 66.1547 98.9926 63.4856 56.22 85.7071 10.4709 112.944 5.50727 49.5949 11.2539 89.1798 51.2442 38.0349 49.5682 119.464 88.9922 85.3194 36.8208 101.92 82.603 69.77 46.1936 63.3114 79.3102 88.9459 88.8915 
56.0865 34.3628 38.5157 36.9677 42.9703 16.5849 65.1019 41.2074 5.02195 76.896 35.7778 82.3476 37.8826 77.1327 56.0664 36.7212 46.9315 46.057 43.3462 79.1471 64.3655 46.7077 25.9093 36.7212 19.9542 40.6725 77.6109 20.8312 10.4393 29.821 
32.8568 24.5748 54.1806 63.4168 86.8208 44.3687 56.9956 49.5864 40.3656 104.067 25.3032 107.702 56.7183 96.545 28.8111 74.9016 68.2265 85.5795 25.2834 54.3399 40.4005 70.3708 24.0776 81.6525 40.2558 60.0011 68.9119 65.8485 35.198 18.2464 
61.2413 30.1823 47.0027 45.5467 46.8402 8.21523 72.4553 49.2995 8.10247 84.9817 31.3614 90.5532 46.4812 85.6983 60.606 43.7221 55.5707 52.3198 38.9071 84.8291 69.77 55.2958 23.2215 37.3001 27.8173 49.3042 85.1456 22.6153 11.0422 32.8746 
21.783 37.1248 51.3546 62.5167 91.195 54.4266 47.3114 45.3793 47.7117 101.033 37.976 104 54.4362 91.5222 17.1292 76.8564 65.3809 87.6057 38.1266 41.7153 28.3833 68.0237 35.1135 88.3585 42.0019 57.4388 58.4015 72.3882 43.1237 22.0785 
