10 30 16
777 335 649 27 763 426 211 429 862 135 22 167 11 373 784 324 413 980 862 281 84 505 313 895 814 364 87 178 403 399 
932 60 676 368 739 12 226 586 94 539 795 570 434 378 467 601 
1 12 5 1 12 9 1 3 7 1 
770.144 476.177 544.868 483.1 333.928 224.288 841.701 589.624 244.477 818.133 485.751 879.682 527.638 864.491 770.561 383.909 589.388 438.694 558.616 998.431 852.099 575.314 415.788 198.177 392.917 547.644 961.962 102.552 290.319 503.954 
298.766 265.59 374.769 456.724 698.035 348.901 480.416 341.141 260.722 868.655 280.794 908.188 396.334 806.12 282.719 569.727 512.411 676.832 325.738 538.446 385.966 531.06 195.87 664.416 222.308 430.01 609.03 504.714 219.272 2.23607 
608.777 812.572 231.672 160.178 468.646 694.141 462.779 294.457 558.158 269.462 829.13 310.44 204.13 244.73 648.514 271.649 91 313.912 895.29 718.471 639.489 68.6222 718.752 599.31 397.85 171.677 521.023 528.095 588.955 597.214 
520.704 115.395 517.929 551.421 653.854 161.003 694.592 511.755 179.36 968.219 129.865 1017.67 526.377 942.83 500.036 590.479 635.815 687.405 205.273 759.785 607.697 643.47 44.2832 565.057 317.53 559.49 824.26 416.915 130.208 223.654 
504.591 460.679 238.732 212.81 387.559 322.876 536.12 281.301 186.196 620.601 476.596 672.579 226.566 614.37 518.31 255.515 311.955 361.179 548.688 714.659 577.772 309.968 367.491 395.601 111.328 252.071 654.122 250.234 222.029 315.626 
845.733 1112.85 516.382 460.57 661.547 989.926 634.856 562.2 857.071 104.709 1129.44 55.0727 495.949 112.539 891.798 512.442 380.349 495.682 1194.64 889.922 853.194 368.208 1019.2 826.03 697.7 461.936 633.114 793.102 889.459 888.915 
560.865 343.628 385.157 369.677 429.703 165.849 651.019 412.074 50.2195 768.96 357.778 823.476 378.826 771.327 560.664 367.212 469.315 460.57 433.462 791.471 643.655 467.077 259.093 367.212 199.542 406.725 776.109 208.312 104.393 298.21 
328.568 245.748 541.806 634.168 868.208 443.687 569.956 495.864 403.656 1040.67 253.032 1077.02 567.183 965.45 288.111 749.016 682.265 855.795 252.834 543.399 404.005 703.708 240.776 816.525 402.558 600.011 689.119 658.485 351.98 182.464 
612.413 301.823 470.027 455.467 468.402 82.1523 724.553 492.995 81.0247 849.817 313.614 905.532 464.812 856.983 606.06 437.221 555.707 523.198 389.071 848.291 697.7 552.958 232.215 373.001 278.173 493.042 851.456 226.153 110.422 328.746 
217.83 371.248 513.546 625.167 911.95 544.266 473.114 453.793 477.117 1010.33 379.76 1040 544.362 915.222 171.292 768.564 653.809 876.057 381.266 417.153 283.833 680.237 351.135 883.585 420.019 574.388 584.015 723.882 431.237 220.785 
