15 45 21
777 335 649 27 763 426 211 429 862 135 22 167 11 373 784 324 413 980 862 281 84 505 313 895 814 364 87 178 403 399 676 12 94 570 467 902 652 280 865 619 31 771 709 856 586 
96.5 30.6 68.3 21.9 62.4 52.8 87.1 73.2 82.9 50.3 1.9 27 36.8 70.8 71.5 34 14.9 79.6 72.3 61.8 24.5 
20 14 2 17 5 10 0 1 16 13 12 16 15 5 18 
76478.8 481331 433896 559804 894519 608922 334763 363600 512291 914822 492590 938271 468603 803831 30066.6 728097 567536 833382 507276 290837 146055 597997 439191 894452 398167 494191 442386 737207 476590 260555 986246 200032 403547 153688 543266 837542 449441 690959 507568 533079 192315 889119 247823 593205 569860 
398020 616702 8062.26 132816 529870 549466 323037 79762.1 405183 492724 633321 527828 34928.5 425029 433042 330248 134239 423341 693653 549313 443221 160649 525519 600816 210851 55317.3 426075 478524 420115 380447 699280 251241 181695 346192 122984 449628 62128.9 420830 104202 313107 248600 470664 213009 553665 179301 
161400 688675 383099 516420 908277 760135 119000 307695 635324 781090 702084 790496 418868 639641 208166 713393 478968 807034 728703 165496 113952 514612 628067 953798 461446 430081 206170 809707 616157 431854 1.05146e+06 173217 255008 314384 506759 832265 360169 755238 404183 608383 239767 752235 302597 750784 557230 
430228 779187 193166 266511 664447 734091 236932 187387 589764 438622 795550 451648 204783 310229 477017 457755 178281 527418 849293 496533 439510 211783 691990 763067 391594 186097 291548 654523 600900 523717 860070 296220 92114.1 454688 270120 573474 124258 597135 110136 499151 336823 410104 337000 737052 337676 
851942 685829 527549 417484 98493.7 446430 851474 594193 406399 643529 697789 708139 497860 729595 865837 238757 511974 240277 773217 1.05509e+06 923191 485709 610532 93000 458656 503695 954839 158240 460626 640054 179778 731465 709146 707719 416432 165221 578993 177181 573562 328672 686295 647563 619427 472036 351753 
604745 95671.3 702636 751260 850540 321834 823787 683141 385099 1.17005e+06 79246.5 1.21754e+06 716126 1.13409e+06 569495 797160 829325 893166 35355.3 828908 685482 840238 189763 743454 510633 749989 949933 606993 337024 351141 797898 629960 807478 452134 730953 851515 762493 601154 814632 508476 561550 1.15455e+06 537398 295163 702217 
667791 707200 285044 152069 260432 535905 600701 361565 420107 401278 722820 460926 249088 449004 695531 54378.3 226771 140431 795953 833308 722357 196919 614841 380217 330764 241299 688646 320765 464390 550753 471561 526567 446213 570025 161400 170294 317019 275138 296346 293757 504584 395949 448112 552898 126143 
478619 153574 648741 722025 893135 401628 715520 614200 413237 1.1388e+06 151182 1.18038e+06 668996 1.08043e+06 438330 805188 785043 908248 115663 691608 554109 801888 207408 812002 479176 702900 836930 661968 359089 276384 879036 529046 723318 349687 701419 877773 700643 643299 757201 520542 467344 1.12004e+06 459353 375213 686246 
479401 509148 173925 150083 402747 388888 482744 224475 249018 565760 525461 615202 159138 549859 499223 239410 245326 346902 595081 676492 546498 245717 415077 437727 112361 184024 596685 303266 278887 332399 535994 353119 357528 358201 131034 343657 240377 246010 265030 138177 312386 551322 248081 397839 99859.9 
491024 747393 139807 152778 541599 664447 344746 185065 521707 372430 764029 401663 127769 293212 532410 335149 54488.5 403555 825177 598286 518868 88005.7 655534 647158 336590 95880.1 414093 548862 542677 511649 743006 344780 185586 469297 161623 449862 94810.3 492541 35735.1 415650 361813 347943 338024 671345 228473 
263492 796656 451864 579669 980899 865534 132231 381694 737906 791003 809938 791511 485374 633942 306139 780164 525148 867360 835135 146441 195819 561177 736387 1.03945e+06 557216 490196 133222 900385 721086 540107 1.13777e+06 274171 291563 422721 573035 899734 415177 844674 448457 702866 344096 761011 403843 856923 629604 
739268 1.04601e+06 438719 411447 684547 946794 519086 473097 807996 194258 1.06265e+06 170485 424802 15264.3 786631 509495 315412 518001 1.1242e+06 771986 741296 314014 953705 835675 632987 391220 513191 779976 834560 808810 920184 605743 400762 755952 428843 588884 384667 729812 328123 691700 641081 165360 629403 956715 482162 
415601 124535 521464 588490 765957 308177 626390 493585 288210 1.00643e+06 136938 1.04939e+06 539485 954422 385467 670773 655124 774479 172029 647930 499593 670433 103586 696945 345036 573526 753076 542208 234053 155756 770639 432280 612628 255039 567874 746127 576933 518322 631805 388191 364047 988341 343210 284529 551218 
907317 1.09887e+06 538897 447756 549102 944950 725580 599801 823214 59464.3 1.11511e+06 102903 510416 240260 949604 436125 398077 391266 1.18491e+06 985370 928246 373472 1.00485e+06 722887 691286 478649 745735 715856 862760 900063 790520 761977 580960 878335 468370 466004 511505 678136 453154 696854 777003 89844.3 745077 961141 492219 
182800 386374 317970 427855 734854 461850 359234 263822 352881 817017 400844 849523 347701 732378 179201 578055 458947 685007 437879 421048 269030 484153 320465 729855 237002 378428 486695 572574 322405 123968 821623 165197 357644 21470.9 409181 682807 354401 526454 413853 368543 100648 794220 111826 449539 424209 
