15 45 21
777 335 649 27 763 426 211 429 862 135 22 167 11 373 784 324 413 980 862 281 84 505 313 895 814 364 87 178 403 399 676 12 94 570 467 902 652 280 865 619 31 771 709 856 586 
9650 3060 6830 2190 6240 5280 8710 7320 8290 5030 190 2700 3680 7080 7150 3400 1490 7960 7230 6180 2450 
20 14 2 17 5 10 0 1 16 13 12 16 15 5 18 
7647.88 48133.1 43389.6 55980.4 89451.9 60892.2 33476.3 36360 51229.1 91482.2 49259 93827.1 46860.3 80383.1 3006.66 72809.7 56753.6 83338.2 50727.6 29083.7 14605.5 59799.7 43919.1 89445.2 39816.7 49419.1 44238.6 73720.7 47659 26055.5 98624.6 20003.2 40354.7 15368.8 54326.6 83754.2 44944.1 69095.9 50756.8 53307.9 19231.5 88911.9 24782.3 59320.5 56986 
39802 61670.2 806.226 13281.6 52987 54946.6 32303.7 7976.21 40518.3 49272.4 63332.1 52782.8 3492.85 42502.9 43304.2 33024.8 13423.9 42334.1 69365.3 54931.3 44322.1 16064.9 52551.9 60081.6 21085.1 5531.73 42607.5 47852.4 42011.5 38044.7 69928 25124.1 18169.5 34619.2 12298.4 44962.8 6212.89 42083 10420.2 31310.7 24860 47066.4 21300.9 55366.5 17930.1 
16140 68867.5 38309.9 51642 90827.7 76013.5 11900 30769.5 63532.4 78109 70208.4 79049.6 41886.8 63964.1 20816.6 71339.3 47896.8 80703.4 72870.3 16549.6 11395.2 51461.2 62806.7 95379.8 46144.6 43008.1 20617 80970.7 61615.7 43185.4 105146 17321.7 25500.8 31438.4 50675.9 83226.5 36016.9 75523.8 40418.3 60838.3 23976.7 75223.5 30259.7 75078.4 55723 
43022.8 77918.7 19316.6 26651.1 66444.7 73409.1 23693.2 18738.7 58976.4 43862.2 79555 45164.8 20478.3 31022.9 47701.7 45775.5 17828.1 52741.8 84929.3 49653.3 43951 21178.3 69199 76306.7 39159.4 18609.7 29154.8 65452.3 60090 52371.7 86007 29622 9211.41 45468.8 27012 57347.4 12425.8 59713.5 11013.6 49915.1 33682.3 41010.4 33700 73705.2 33767.6 
85194.2 68582.9 52754.9 41748.4 9849.37 44643 85147.4 59419.3 40639.9 64352.9 69778.9 70813.9 49786 72959.5 86583.7 23875.7 51197.4 24027.7 77321.7 105509 92319.1 48570.9 61053.2 9300 45865.6 50369.5 95483.9 15824 46062.6 64005.4 17977.8 73146.5 70914.6 70771.9 41643.2 16522.1 57899.3 17718.1 57356.2 32867.2 68629.5 64756.3 61942.7 47203.6 35175.3 
60474.5 9567.13 70263.6 75126 85054 32183.4 82378.7 68314.1 38509.9 117005 7924.65 121754 71612.6 113409 56949.5 79716 82932.5 89316.6 3535.53 82890.8 68548.2 84023.8 18976.3 74345.4 51063.3 74998.9 94993.3 60699.3 33702.4 35114.1 79789.8 62996 80747.8 45213.4 73095.3 85151.5 76249.3 60115.4 81463.2 50847.6 56155 115455 53739.8 29516.3 70221.7 
66779.1 70720 28504.4 15206.9 26043.2 53590.5 60070.1 36156.5 42010.7 40127.8 72282 46092.6 24908.8 44900.4 69553.1 5437.83 22677.1 14043.1 79595.3 83330.8 72235.7 19691.9 61484.1 38021.7 33076.4 24129.9 68864.6 32076.5 46439 55075.3 47156.1 52656.7 44621.3 57002.5 16140 17029.4 31701.9 27513.8 29634.6 29375.7 50458.4 39594.9 44811.2 55289.8 12614.3 
47861.9 15357.4 64874.1 72202.5 89313.5 40162.8 71552 61420 41323.7 113880 15118.2 118038 66899.6 108043 43833 80518.8 78504.3 90824.8 11566.3 69160.8 55410.9 80188.8 20740.8 81200.2 47917.6 70290 83693 66196.8 35908.9 27638.4 87903.6 52904.6 72331.8 34968.7 70141.9 87777.3 70064.3 64329.9 75720.1 52054.2 46734.4 112004 45935.3 37521.3 68624.6 
47940.1 50914.8 17392.5 15008.3 40274.7 38888.8 48274.4 22447.5 24901.8 56576 52546.1 61520.2 15913.8 54985.9 49922.3 23941 24532.6 34690.2 59508.1 67649.2 54649.8 24571.7 41507.7 43772.7 11236.1 18402.4 59668.5 30326.6 27888.7 33239.9 53599.4 35311.9 35752.8 35820.1 13103.4 34365.7 24037.7 24601 26503 13817.7 31238.6 55132.2 24808.1 39783.9 9985.99 
49102.4 74739.3 13980.7 15277.8 54159.9 66444.7 34474.6 18506.5 52170.7 37243 76402.9 40166.3 12776.9 29321.2 53241 33514.9 5448.85 40355.5 82517.7 59828.6 51886.8 8800.57 65553.4 64715.8 33659 9588.01 41409.3 54886.2 54267.7 51164.9 74300.6 34478 18558.6 46929.7 16162.3 44986.2 9481.03 49254.1 3573.51 41565 36181.3 34794.3 33802.4 67134.5 22847.3 
26349.2 79665.6 45186.4 57966.9 98089.9 86553.4 13223.1 38169.4 73790.6 79100.3 80993.8 79151.1 48537.4 63394.2 30613.9 78016.4 52514.8 86736 83513.5 14644.1 19581.9 56117.7 73638.7 103945 55721.6 49019.6 13322.2 90038.5 72108.6 54010.7 113777 27417.1 29156.3 42272.1 57303.5 89973.4 41517.7 84467.4 44845.7 70286.6 34409.6 76101.1 40384.3 85692.3 62960.4 
73926.8 104601 43871.9 41144.7 68454.7 94679.4 51908.6 47309.7 80799.6 19425.8 106265 17048.5 42480.2 1526.43 78663.1 50949.5 31541.2 51800.1 112420 77198.6 74129.6 31401.4 95370.5 83567.5 63298.7 39122 51319.1 77997.6 83456 80881 92018.4 60574.3 40076.2 75595.2 42884.3 58888.4 38466.7 72981.2 32812.3 69170 64108.1 16536 62940.3 95671.5 48216.2 
41560.1 12453.5 52146.4 58849 76595.7 30817.7 62639 49358.5 28821 100643 13693.8 104939 53948.5 95442.2 38546.7 67077.3 65512.4 77447.9 17202.9 64793 49959.3 67043.3 10358.6 69694.5 34503.6 57352.6 75307.6 54220.8 23405.3 15575.6 77063.9 43228 61262.8 25503.9 56787.4 74612.7 57693.3 51832.2 63180.5 38819.1 36404.7 98834.1 34321 28452.9 55121.8 
90731.7 109887 53889.7 44775.6 54910.2 94495 72558 59980.1 82321.4 5946.43 111511 10290.3 51041.6 24026 94960.4 43612.5 39807.7 39126.6 118491 98537 92824.6 37347.2 100485 72288.7 69128.6 47864.9 74573.5 71585.6 86276 90006.3 79052 76197.7 58096 87833.5 46837 46600.4 51150.5 67813.6 45315.4 69685.4 77700.3 8984.43 74507.7 96114.1 49221.9 
18280 38637.4 31797 42785.5 73485.4 46185 35923.4 26382.2 35288.1 81701.7 40084.4 84952.3 34770.1 73237.8 17920.1 57805.5 45894.7 68500.7 43787.9 42104.8 26903 48415.3 32046.5 72985.5 23700.2 37842.8 48669.5 57257.4 32240.5 12396.8 82162.3 16519.7 35764.4 2147.09 40918.1 68280.7 35440.1 52645.4 41385.3 36854.3 10064.8 79422 11182.6 44953.9 42420.9 
