15 45 21
777 335 649 27 763 426 211 429 862 135 22 167 11 373 784 324 413 980 862 281 84 505 313 895 814 364 87 178 403 399 676 12 94 570 467 902 652 280 865 619 31 771 709 856 586 
96.5 30.6 68.3 21.9 62.4 52.8 87.1 73.2 82.9 50.3 1.9 27 36.8 70.8 71.5 34 14.9 79.6 72.3 61.8 24.5 
20 14 2 17 5 10 0 1 16 13 12 16 15 5 18 
0.764788 4.81331 4.33896 5.59804 8.94519 6.08922 3.34763 3.636 5.12291 9.14822 4.9259 9.38271 4.68603 8.03831 0.300666 7.28097 5.67536 8.33382 5.07276 2.90837 1.46055 5.97997 4.39191 8.94452 3.98167 4.94191 4.42386 7.37207 4.7659 2.60555 9.86246 2.00032 4.03547 1.53688 5.43266 8.37542 4.49441 6.90959 5.07568 5.33079 1.92315 8.89119 2.47823 5.93205 5.6986 
3.9802 6.16702 0.0806226 1.32816 5.2987 5.49466 3.23037 0.797621 4.05183 4.92724 6.33321 5.27828 0.349285 4.25029 4.33042 3.30248 1.34239 4.23341 6.93653 5.49313 4.43221 1.60649 5.25519 6.00816 2.10851 0.553173 4.26075 4.78524 4.20115 3.80447 6.9928 2.51241 1.81695 3.46192 1.22984 4.49628 0.621289 4.2083 1.04202 3.13107 2.486 4.70664 2.13009 5.53665 1.79301 
1.614 6.88675 3.83099 5.1642 9.08277 7.60135 1.19 3.07695 6.35324 7.8109 7.02084 7.90496 4.18868 6.39641 2.08166 7.13393 4.78968 8.07034 7.28703 1.65496 1.13952 5.14612 6.28067 9.53798 4.61446 4.30081 2.0617 8.09707 6.16157 4.31854 10.5146 1.73217 2.55008 3.14384 5.06759 8.32265 3.60169 7.55238 4.04183 6.08383 2.39767 7.52235 3.02597 7.50784 5.5723 
4.30228 7.79187 1.93166 2.66511 6.64447 7.34091 2.36932 1.87387 5.89764 4.38622 7.9555 4.51648 2.04783 3.10229 4.77017 4.57755 1.78281 5.27418 8.49293 4.96533 4.3951 2.11783 6.9199 7.63067 3.91594 1.86097 2.91548 6.54523 6.009 5.23717 8.6007 2.9622 0.921141 4.54688 2.7012 5.73474 1.24258 5.97135 1.10136 4.99151 3.36823 4.10104 3.37 7.37052 3.37676 
8.51942 6.85829 5.27549 4.17484 0.984937 4.4643 8.51474 5.94193 4.06399 6.43529 6.97789 7.08139 4.9786 7.29595 8.65837 2.38757 5.11974 2.40277 7.73217 10.5509 9.23191 4.85709 6.10532 0.93 4.58656 5.03695 9.54839 1.5824 4.60626 6.40054 1.79778 7.31465 7.09146 7.07719 4.16432 1.65221 5.78993 1.77181 5.73562 3.28672 6.86295 6.47563 6.19427 4.72036 3.51753 
6.04745 0.956713 7.02636 7.5126 8.5054 3.21834 8.23787 6.83141 3.85099 11.7005 0.792465 12.1754 7.16126 11.3409 5.69495 7.9716 8.29325 8.93166 0.353553 8.28908 6.85482 8.40238 1.89763 7.43454 5.10633 7.49989 9.49933 6.06993 3.37024 3.51141 7.97898 6.2996 8.07478 4.52134 7.30953 8.51515 7.62493 6.01154 8.14632 5.08476 5.6155 11.5455 5.37398 2.95163 7.02217 
6.67791 7.072 2.85044 1.52069 2.60432 5.35905 6.00701 3.61565 4.20107 4.01278 7.2282 4.60926 2.49088 4.49004 6.95531 0.543783 2.26771 1.40431 7.95953 8.33308 7.22357 1.96919 6.14841 3.80217 3.30764 2.41299 6.88646 3.20765 4.6439 5.50753 4.71561 5.26567 4.46213 5.70025 1.614 1.70294 3.17019 2.75138 2.96346 2.93757 5.04584 3.95949 4.48112 5.52898 1.26143 
4.78619 1.53574 6.48741 7.22025 8.93135 4.01628 7.1552 6.142 4.13237 11.388 1.51182 11.8038 6.68996 10.8043 4.3833 8.05188 7.85043 9.08248 1.15663 6.91608 5.54109 8.01888 2.07408 8.12002 4.79176 7.029 8.3693 6.61968 3.59089 2.76384 8.79036 5.29046 7.23318 3.49687 7.01419 8.77773 7.00643 6.43299 7.57201 5.20542 4.67344 11.2004 4.59353 3.75213 6.86246 
4.79401 5.09148 1.73925 1.50083 4.02747 3.88888 4.82744 2.24475 2.49018 5.6576 5.25461 6.15202 1.59138 5.49859 4.99223 2.3941 2.45326 3.46902 5.95081 6.76492 5.46498 2.45717 4.15077 4.37727 1.12361 1.84024 5.96685 3.03266 2.78887 3.32399 5.35994 3.53119 3.57528 3.58201 1.31034 3.43657 2.40377 2.4601 2.6503 1.38177 3.12386 5.51322 2.48081 3.97839 0.998599 
4.91024 7.47393 1.39807 1.52778 5.41599 6.64447 3.44746 1.85065 5.21707 3.7243 7.64029 4.01663 1.27769 2.93212 5.3241 3.35149 0.544885 4.03555 8.25177 5.98286 5.18868 0.880057 6.55534 6.47158 3.3659 0.958801 4.14093 5.48862 5.42677 5.11649 7.43006 3.4478 1.85586 4.69297 1.61623 4.49862 0.948103 4.92541 0.357351 4.1565 3.61813 3.47943 3.38024 6.71345 2.28473 
2.63492 7.96656 4.51864 5.79669 9.80899 8.65534 1.32231 3.81694 7.37906 7.91003 8.09938 7.91511 4.85374 6.33942 3.06139 7.80164 5.25148 8.6736 8.35135 1.46441 1.95819 5.61177 7.36387 10.3945 5.57216 4.90196 1.33222 9.00385 7.21086 5.40107 11.3777 2.74171 2.91563 4.22721 5.73035 8.99734 4.15177 8.44674 4.48457 7.02866 3.44096 7.61011 4.03843 8.56923 6.29604 
7.39268 10.4601 4.38719 4.11447 6.84547 9.46794 5.19086 4.73097 8.07996 1.94258 10.6265 1.70485 4.24802 0.152643 7.86631 5.09495 3.15412 5.18001 11.242 7.71986 7.41296 3.14014 9.53705 8.35675 6.32987 3.9122 5.13191 7.79976 8.3456 8.0881 9.20184 6.05743 4.00762 7.55952 4.28843 5.88884 3.84667 7.29812 3.28123 6.917 6.41081 1.6536 6.29403 9.56715 4.82162 
4.15601 1.24535 5.21464 5.8849 7.65957 3.08177 6.2639 4.93585 2.8821 10.0643 1.36938 10.4939 5.39485 9.54422 3.85467 6.70773 6.55124 7.74479 1.72029 6.4793 4.99593 6.70433 1.03586 6.96945 3.45036 5.73526 7.53076 5.42208 2.34053 1.55756 7.70639 4.3228 6.12628 2.55039 5.67874 7.46127 5.76933 5.18322 6.31805 3.88191 3.64047 9.88341 3.4321 2.84529 5.51218 
9.07317 10.9887 5.38897 4.47756 5.49102 9.4495 7.2558 5.99801 8.23214 0.594643 11.1511 1.02903 5.10416 2.4026 9.49604 4.36125 3.98077 3.91266 11.8491 9.8537 9.28246 3.73472 10.0485 7.22887 6.91286 4.78649 7.45735 7.15856 8.6276 9.00063 7.9052 7.61977 5.8096 8.78335 4.6837 4.66004 5.11505 6.78136 4.53154 6.96854 7.77003 0.898443 7.45077 9.61141 4.92219 
1.828 3.86374 3.1797 4.27855 7.34854 4.6185 3.59234 2.63822 3.52881 8.17017 4.00844 8.49523 3.47701 7.32378 1.79201 5.78055 4.58947 6.85007 4.37879 4.21048 2.6903 4.84153 3.20465 7.29855 2.37002 3.78428 4.86695 5.72574 3.22405 1.23968 8.21623 1.65197 3.57644 0.214709 4.09181 6.82807 3.54401 5.26454 4.13853 3.68543 1.00648 7.9422 1.11826 4.49539 4.24209 
