20 60 19
777 335 649 27 763 426 211 429 862 135 22 167 11 373 784 324 413 980 862 281 84 505 313 895 814 364 87 178 403 399 676 12 94 570 467 902 652 280 865 619 31 771 709 856 586 683 528 829 270 715 796 245 921 488 841 500 124 856 227 936 
432000 551000 437000 228000 275000 407000 474000 121000 858000 395000 29000 237000 235000 793000 818000 428000 143000 11000 928000 
5 14 8 1 7 7 12 17 18 3 0 1 4 10 3 12 8 4 8 16 
62191.1 41308.8 39980.5 35747.6 35555.7 20247.5 68923.1 43935.5 12614.3 73483.2 42639.5 79230.6 38651.4 75457.3 62550 31552.7 46225.2 40058.6 50235.5 84717.2 70234 45412 33245.3 29148.1 23982.7 41009.9 81055.8 13193.9 18040 37165.2 37771.9 52791 57933.1 45722 34298.7 35337.5 46736 10492.4 49139.5 9575.49 46746.2 72700.1 40058.2 22219.4 28362.3 21289.7 59887.3 34148.1 47196.8 50880.3 50509.5 22046.5 8431.49 22241 17640.9 47539.1 82472.1 59911 9304.84 61314.4 
46789.8 23559.3 39594.2 42422.3 55878.9 17860 60366.4 39766.9 8514.69 84125.9 25154.9 89048.4 40193.2 81688.2 45891.2 47254.7 50966 57328.3 32380.4 70593.1 55417.3 51655.1 14263.6 49795.3 19335.2 43457.7 73291.8 33999.1 3828.84 18006.9 57824.7 41460.9 53767.8 28861.7 40430.9 54083.3 46212.2 31207.9 50706.3 18449.1 34319.8 82678.4 28873.5 17032.9 37196.2 36749.6 54411.1 16070.2 64841 40626.3 62787.3 4031.13 18202.5 31308.1 38500.1 58904.1 74447.4 40333.2 12362.8 46788.9 
22769.5 31255.4 41170.9 51255.1 78550.4 43863.4 44628.7 36217.8 35647.7 91149.2 32522.8 94591 43911.8 83151.5 20116.2 64569.7 55279.4 75326 35155.2 46306.8 31277.1 57607 26442.6 75872.1 29597.5 47112.3 57014.8 59908.3 31410.2 9706.18 84538.5 25854.4 45707.3 8070.94 49297.9 74301.7 45235.5 55948.3 51146.9 40460.5 19969.2 88947.7 20700.2 42139.1 49904.9 64345.7 44319.9 28616.3 82743.6 27215.4 74043 25094.4 45707.9 46381.2 63206.6 69580.5 57702.7 34128.1 37492.7 24174.8 
87395 67203.7 56490.7 46083.1 14541.3 42592 88711.9 62866.6 40360.9 69767.2 68307.9 76228.7 53685.1 78254.5 88503.7 28958.8 55818.7 29433.5 75767.3 108320 94782.8 53324 60165.2 3920.46 47915 54501.1 99373.5 14833.7 45698.6 64789.3 13274 75882.9 74848.4 72300.1 45821 21920.3 61927.1 18377.4 61724.6 34131.7 70998.9 70168.5 64247.8 45233 39200.3 23085.3 77770 60632.1 33332.6 73409.8 47846.1 49912.4 32421.1 36355.2 11364.9 47249.2 100953 86434.8 37066.7 85998.3 
3401.47 55990.4 42534 55743.1 91608.1 67259.1 26752.6 35000.1 56598.4 88488.2 57168.6 90323 46162.4 76175.7 5203.84 73836.6 54965.9 84078.8 58864.7 21410.7 6449.81 58251.6 51271.1 93112.5 42866.4 48300.4 36628.5 77691.8 53521 32571.9 102539 17800.3 36056.9 20924.6 54290.5 85218.8 42816.9 72747.9 48318.2 57107.7 20096 85784.8 26666.1 65868.4 57834.2 85354.4 32916.4 53500.4 90794.3 20900.2 76854.7 46337.6 66684.7 56924.5 79419.5 72424.9 36828.5 54947.7 56687.9 5813.78 
83163.3 47594.3 63271.2 57625.4 40479.7 22705.9 92126 67337.4 29703.9 91004.3 48267.3 97204.4 61727.9 95871.8 82743.6 47598 68255.2 52458.5 55045.5 106483 91579.6 66910.8 43188.5 24355.9 46929.4 63854.6 104388 19403.1 33296.2 55129.4 27164.7 75273.4 81335.4 65627 56458.8 45558.1 69947.5 24110 71957.6 32961.9 68786.7 90783.8 62323.8 25260.6 49984.2 3584.69 83290.4 42671.9 57971.9 73609.8 67894.1 40120.4 19654.3 44441.6 25107.8 65914.9 105785 66805.2 30314.7 82727.6 
70836.3 75506.6 32021.4 18558.6 25253.9 57912.4 62818.2 39731.6 46664 36587.6 77061.1 42748.1 28365.1 43046.5 73762.9 6865.86 24288.7 10770.3 84397.6 86658.5 76012.4 20942.3 66294.2 39147.2 37893 27131.2 70980.1 35056.1 51178.6 59900.1 47809.3 56527.9 47111 61587.7 19829.5 15670.7 34480.4 30938.6 31689.1 34070.8 54682.4 36332.5 49212.3 59691.3 17213.1 51005.3 50742.7 67985.4 16728.7 53481.7 13437.3 50322.4 46173.6 21363.8 29742.4 12041.6 72640 91845.1 41157.4 68410.6 
16264.1 41653 30194.2 41735.4 73814 48595.6 32897.6 24328.2 37236.1 79900 43104.5 82987.3 33330.5 70971.7 16641.2 57525.6 44210.9 68153.5 46802.8 39801.6 24707.3 46870 34965.4 74031.6 24169.8 36286.1 45653 58437.7 34476.8 15306.2 83332.6 13509.3 33034.1 4614.11 39932.6 68266.3 33395.2 53655.4 39361.1 37905.7 7300.68 77559.6 9865.6 47456.2 41900.5 65902.4 31670.8 37414.4 75301.1 14579.8 64297 27183.1 47270.5 39697 60511.2 59786.5 46506.9 46738.6 37215.2 15976.5 
39463.5 33860 27598.6 31892.5 53298.9 28639.8 49406.5 27695.7 15047.9 73822.1 35520.3 78411.5 28452.9 70194.4 39745.4 40634.1 39577.9 51276.2 42122.8 62410.9 47659.8 40620.8 24520.4 51237.2 7660.94 31790.7 62193.3 35424.9 14412.5 16414.9 60319.5 31365.1 41801.9 23032.6 29840.2 49487.2 34136.9 30994.4 38776.9 15277.8 24685.4 72164.9 18383.1 28393.3 27888.7 42859.9 42635.8 26775.5 58815.1 30016.7 53562.8 8381.53 24520.4 22900.2 38137.1 49400.9 63433.1 48011.4 14000.7 38755.9 
25329.8 79252.6 52388.3 65573.5 105101 88925 22048.4 44967.8 77021.1 88714.4 80449 88869.9 55903.5 73146 28416.4 85436.5 60994.4 94580 82100.5 5220.15 16851.4 64596.3 74193.9 109746 60293.4 56778.9 22546 95249.4 74706.2 54967.6 119503 31411.1 37814.4 43044.3 64714.8 97359.8 49510.4 89838.6 53364.6 75006.7 37580 85728.2 44136.7 87790.3 69954.6 104985 33955.9 76492.4 100335 33609.1 82971.4 67376 86767.4 70970.5 95796.7 78971 21708.3 77570.2 76104.2 24515.5 
85335.3 75235.4 49818.6 37403.7 3114.48 52517.9 82141.6 57081.2 46203.1 54620.6 76550.6 61113.8 46481.4 64400.2 87296.8 17572.7 45635.5 14328.3 84145.7 104134 91822.9 42600.5 67077.4 19263.4 47110.3 46379.7 91547.8 23865.7 51591.2 67224.1 26391.9 72266.9 67101.8 72475.4 37794.3 6963.48 54037.4 23564.8 52494.8 36255.2 68633.1 55220.4 62208.8 54935.3 32097.5 37120.3 70446 68066.4 17755.3 69460.6 33575.3 53871.3 40925.5 31812.7 17418.7 33776 93185.2 93757.7 41564 83435.3 
69374.5 74740.7 30513.8 17051.1 26480.2 57540.7 61301.3 38225.1 46044.9 36494 76305.3 42569.9 26855.5 42321.2 72327.9 7300.68 22832 12280.1 83608.6 85137.4 74516.1 19516.7 65494.1 39972.2 36746.2 25608.2 69501.8 35295.5 50472.3 58755.3 48764 55043.6 45603.2 60268.5 18346.9 16961.4 32959.7 30996.8 30202.6 33411.7 53254.1 36112.2 47830.2 59268 15945.2 51272 49229.5 67221.6 18222.2 51993.9 13296.6 49428.9 45873.7 20348.2 30159.7 11407 71161 90917.5 40531.1 66936.2 
8664.87 56010.8 31353.6 44690 81685.4 62907.6 19522.6 23735.6 50735.1 77265.3 57400.3 79273.8 35006.9 65467.1 13259.3 63274 43583.9 73321.9 60494.8 26662.5 13092.4 46883.7 49669.5 84522.4 34439.8 37019.5 31663.9 69569.6 48568.4 30019.3 94152.3 6628.73 25330.8 18422 43326.3 74857.5 31430.6 64328.1 36950 49107.6 11335.8 74598.5 18032.5 61915.5 47282.7 78746.7 22560.1 52099.9 79883 9687.62 65517.2 41233.5 60472.3 46970.7 70644 61102 32348.3 58819.2 49851.1 5590.17 
34882.7 34879.4 25985.6 32202.5 56851.6 32549.8 45356 24914.7 19417.8 73903.2 36540.9 78206 27400.7 69152.7 35257.5 43040.9 38874.2 53776 42664.5 57823.6 43063.3 40305.3 25821.3 55544.6 8228 30802.6 58224.4 39815.2 18103.3 13792.8 64721.3 26970 38667.9 18738.5 30143.8 52509.5 32145.9 35223 37200.3 19434 20171.8 72087.5 14038.9 32075.1 29215.9 47452.3 39200.5 28231.2 61259.5 25776.9 54513.3 11207.1 29063 24936.9 42266.4 50215.7 59421.6 47437.7 18597 34159.2 
54945.9 76286 17254 12347.1 48325.7 65722 41301.1 23438.6 51793.6 32734.1 77947.5 36490.7 14698.6 28114.9 58877.8 27869.2 3138.47 33916.5 84412.6 66562 58203.1 2886.17 66948.1 59943.7 34769.7 11360 48081.7 51339.1 54516.2 54113.3 69338.2 40196.6 25372.8 51176.6 13946.3 38951.3 15008.3 45892.6 9885.85 40286.6 41094.6 30600.7 37861.3 66675.3 19825.2 66702.7 29216.6 69174.1 38287.3 37146.5 19828.5 50537.2 55756 25851.9 47900.9 15843.3 49746 89048.4 46801.7 52020.4 
57649 57062.9 23712.4 14863.7 30634.1 41007.8 56002.9 30253.8 28617.5 52206.7 58631.5 57753 20995.5 53758.4 59736.9 14534.4 25477.2 25251.7 65926.7 76729.4 64140 24103.3 47812.7 36080 20547.7 22189.4 66612.7 24838.7 32853.6 42223.8 45923.4 44631.9 42128.4 45592.3 13928.4 24523.1 29343.7 19200.3 29954.1 15955.2 40951.8 51229.9 34611.3 42474.7 7218.03 39845.3 44995.2 49545.2 32751.5 41883.6 29743.1 31829.1 29934.1 4110.96 22574.3 26293.2 68185.9 73370.6 23114.1 55728.8 
10469 60423.9 32672.5 46130.7 84121.5 67165.8 15747.1 24959.6 54794.3 76641.6 61805.2 78300.1 36337.3 64025.2 15485.8 65239.6 44001.8 75045.7 64806.9 23340.3 11515.6 47427 54109.7 87676.2 37903.3 38014.7 27463.4 72949.6 52783 34458.1 97372.5 9104.94 23958.5 22849.3 44916.9 76972 31805.7 67609.6 36984.6 52615.6 15232.2 73892.2 21708.3 66219.7 49340.1 82567.1 20750.9 56540.6 81396.9 11684.6 66163.6 45454.2 64428.7 49527.5 73751.8 61823.1 28079.4 62844.1 53701.5 7291.78 
47470.9 17441.3 44809.2 48353 61214.8 17397.1 63345.6 44308.6 13237.1 90139.9 19043.4 95000.7 45660.6 87333 45930.8 53297.7 56646 63287 26261.9 71441.3 56188.3 57471.8 8154.14 53991.2 24782.5 48978.1 76320.7 38506.4 7808.97 17649.1 61511.1 43996.9 57987.1 29427.9 46344.1 59841.1 51265.7 36280.2 56002.2 24419.9 36734.9 88653.9 32030.6 15720.1 43275.9 39105.1 58317.5 9970.46 70779.1 43554.3 68895.9 8906.74 21476.7 37421.9 43457.8 64994.2 77388.5 34502.9 17962.2 47885.3 
76327.3 48940.1 52633.9 46054.1 30961.3 23985.2 82716.2 57336.2 24462.4 79162.4 49961 85328.5 50796.3 83944.7 76540.5 35739.3 56674 41194.7 57333.1 98931.5 84423.3 55187.1 42520.6 18221.4 38107.2 52703.1 94617.7 7576.94 29315.7 50312 25088 66966.9 70997.5 59583.6 44996.1 34640 59134.6 12206.6 60742.1 23461 60960.6 78891.4 54268.7 26654.3 38401.2 8700.57 73214.9 42705.7 47161.5 65000.7 56016.1 34927.6 14946.6 33136.8 13756.8 53974.8 96073.8 68294.9 22982.8 75504 
56566.2 39222.7 35327.6 32549.8 38773.8 21287.6 63510.6 38801.2 9752.95 71965.1 40671 77479.6 34321 72654 56995.6 31641.3 42745.4 41074.2 48212.1 79060.7 64585 42301.9 30549.1 34211.3 18416.6 36913.5 75755.2 18277.9 14934.5 32144.2 43112.9 47164.5 52940 40250.5 30912.8 37233.6 42174 14439.2 45001 4700 41090.3 70962.7 34407.3 22717.8 25573.8 26736.7 54743.9 31807.1 48467.9 45290.2 49380.3 17448.5 11022.3 19231.7 21780.7 46043.1 77149.5 57143.1 4751.84 55665.6 
