20 60 19
777 335 649 27 763 426 211 429 862 135 22 167 11 373 784 324 413 980 862 281 84 505 313 895 814 364 87 178 403 399 676 12 94 570 467 902 652 280 865 619 31 771 709 856 586 683 528 829 270 715 796 245 921 488 841 500 124 856 227 936 
432000 551000 437000 228000 275000 407000 474000 121000 858000 395000 29000 237000 235000 793000 818000 428000 143000 11000 928000 
5 14 8 1 7 7 12 17 18 3 0 1 4 10 3 12 8 4 8 16 
621.911 413.088 399.805 357.476 355.557 202.475 689.231 439.355 126.143 734.832 426.395 792.306 386.514 754.573 625.5 315.527 462.252 400.586 502.355 847.172 702.34 454.12 332.453 291.481 239.827 410.099 810.558 131.939 180.4 371.652 377.719 527.91 579.331 457.22 342.987 353.375 467.36 104.924 491.395 95.7549 467.462 727.001 400.582 222.194 283.623 212.897 598.873 341.481 471.968 508.803 505.095 220.465 84.3149 222.41 176.409 475.391 824.721 599.11 93.0484 613.144 
467.898 235.593 395.942 424.223 558.789 178.6 603.664 397.669 85.1469 841.259 251.549 890.484 401.932 816.882 458.912 472.547 509.66 573.283 323.804 705.931 554.173 516.551 142.636 497.953 193.352 434.577 732.918 339.991 38.2884 180.069 578.247 414.609 537.678 288.617 404.309 540.833 462.122 312.079 507.063 184.491 343.198 826.784 288.735 170.329 371.962 367.496 544.111 160.702 648.41 406.263 627.873 40.3113 182.025 313.081 385.001 589.041 744.474 403.332 123.628 467.889 
227.695 312.554 411.709 512.551 785.504 438.634 446.287 362.178 356.477 911.492 325.228 945.91 439.118 831.515 201.162 645.697 552.794 753.26 351.552 463.068 312.771 576.07 264.426 758.721 295.975 471.123 570.148 599.083 314.102 97.0618 845.385 258.544 457.073 80.7094 492.979 743.017 452.355 559.483 511.469 404.605 199.692 889.477 207.002 421.391 499.049 643.457 443.199 286.163 827.436 272.154 740.43 250.944 457.079 463.812 632.066 695.805 577.027 341.281 374.927 241.748 
873.95 672.037 564.907 460.831 145.413 425.92 887.119 628.666 403.609 697.672 683.079 762.287 536.851 782.545 885.037 289.588 558.187 294.335 757.673 1083.2 947.828 533.24 601.652 39.2046 479.15 545.011 993.735 148.337 456.986 647.893 132.74 758.829 748.484 723.001 458.21 219.203 619.271 183.774 617.246 341.317 709.989 701.685 642.478 452.33 392.003 230.853 777.7 606.321 333.326 734.098 478.461 499.124 324.211 363.552 113.649 472.492 1009.53 864.348 370.667 859.983 
34.0147 559.904 425.34 557.431 916.081 672.591 267.526 350.001 565.984 884.882 571.686 903.23 461.624 761.757 52.0384 738.366 549.659 840.788 588.647 214.107 64.4981 582.516 512.711 931.125 428.664 483.004 366.285 776.918 535.21 325.719 1025.39 178.003 360.569 209.246 542.905 852.188 428.169 727.479 483.182 571.077 200.96 857.848 266.661 658.684 578.342 853.544 329.164 535.004 907.943 209.002 768.547 463.376 666.847 569.245 794.195 724.249 368.285 549.477 566.879 58.1378 
831.633 475.943 632.712 576.254 404.797 227.059 921.26 673.374 297.039 910.043 482.673 972.044 617.279 958.718 827.436 475.98 682.552 524.585 550.455 1064.83 915.796 669.108 431.885 243.559 469.294 638.546 1043.88 194.031 332.962 551.294 271.647 752.734 813.354 656.27 564.588 455.581 699.475 241.1 719.576 329.619 687.867 907.838 623.238 252.606 499.842 35.8469 832.904 426.719 579.719 736.098 678.941 401.204 196.543 444.416 251.078 659.149 1057.85 668.052 303.147 827.276 
708.363 755.066 320.214 185.586 252.539 579.124 628.182 397.316 466.64 365.876 770.611 427.481 283.651 430.465 737.629 68.6586 242.887 107.703 843.976 866.585 760.124 209.423 662.942 391.472 378.93 271.312 709.801 350.561 511.786 599.001 478.093 565.279 471.11 615.877 198.295 156.707 344.804 309.386 316.891 340.708 546.824 363.325 492.123 596.913 172.131 510.053 507.427 679.854 167.287 534.817 134.373 503.224 461.736 213.638 297.424 120.416 726.4 918.451 411.574 684.106 
162.641 416.53 301.942 417.354 738.14 485.956 328.976 243.282 372.361 799 431.045 829.873 333.305 709.717 166.412 575.256 442.109 681.535 468.028 398.016 247.073 468.7 349.654 740.316 241.698 362.861 456.53 584.377 344.768 153.062 833.326 135.093 330.341 46.1411 399.326 682.663 333.952 536.554 393.611 379.057 73.0068 775.596 98.656 474.562 419.005 659.024 316.708 374.144 753.011 145.798 642.97 271.831 472.705 396.97 605.112 597.865 465.069 467.386 372.152 159.765 
394.635 338.6 275.986 318.925 532.989 286.398 494.065 276.957 150.479 738.221 355.203 784.115 284.529 701.944 397.454 406.341 395.779 512.762 421.228 624.109 476.598 406.208 245.204 512.372 76.6094 317.907 621.933 354.249 144.125 164.149 603.195 313.651 418.019 230.326 298.402 494.872 341.369 309.944 387.769 152.778 246.854 721.649 183.831 283.933 278.887 428.599 426.358 267.755 588.151 300.167 535.628 83.8153 245.204 229.002 381.371 494.009 634.331 480.114 140.007 387.559 
253.298 792.526 523.883 655.735 1051.01 889.25 220.484 449.678 770.211 887.144 804.49 888.699 559.035 731.46 284.164 854.365 609.944 945.8 821.005 52.2015 168.514 645.963 741.939 1097.46 602.934 567.789 225.46 952.494 747.062 549.676 1195.03 314.111 378.144 430.443 647.148 973.598 495.104 898.386 533.646 750.067 375.8 857.282 441.367 877.903 699.546 1049.85 339.559 764.924 1003.35 336.091 829.714 673.76 867.674 709.705 957.967 789.71 217.083 775.702 761.042 245.155 
853.353 752.354 498.186 374.037 31.1448 525.179 821.416 570.812 462.031 546.206 765.506 611.138 464.814 644.002 872.968 175.727 456.355 143.283 841.457 1041.34 918.229 426.005 670.774 192.634 471.103 463.797 915.478 238.657 515.912 672.241 263.919 722.669 671.018 724.754 377.943 69.6348 540.374 235.648 524.948 362.552 686.331 552.204 622.088 549.353 320.975 371.203 704.46 680.664 177.553 694.606 335.753 538.713 409.255 318.127 174.187 337.76 931.852 937.577 415.64 834.353 
693.745 747.407 305.138 170.511 264.802 575.407 613.013 382.251 460.449 364.94 763.053 425.699 268.555 423.212 723.279 73.0068 228.32 122.801 836.086 851.374 745.161 195.167 654.941 399.722 367.462 256.082 695.018 352.955 504.723 587.553 487.64 550.436 456.032 602.685 183.469 169.614 329.597 309.968 302.026 334.117 532.541 361.122 478.302 592.68 159.452 512.72 492.295 672.216 182.222 519.939 132.966 494.289 458.737 203.482 301.597 114.07 711.61 909.175 405.311 669.362 
86.6487 560.108 313.536 446.9 816.854 629.076 195.226 237.356 507.351 772.653 574.003 792.738 350.069 654.671 132.593 632.74 435.839 733.219 604.948 266.625 130.924 468.837 496.695 845.224 344.398 370.195 316.639 695.696 485.684 300.193 941.523 66.2873 253.308 184.22 433.263 748.575 314.306 643.281 369.5 491.076 113.358 745.985 180.325 619.155 472.827 787.467 225.601 520.999 798.83 96.8762 655.172 412.335 604.723 469.707 706.44 611.02 323.483 588.192 498.511 55.9017 
348.827 348.794 259.856 322.025 568.516 325.498 453.56 249.147 194.178 739.032 365.409 782.06 274.007 691.527 352.575 430.409 388.742 537.76 426.645 578.236 430.633 403.053 258.213 555.446 82.28 308.026 582.244 398.152 181.033 137.928 647.213 269.7 386.679 187.385 301.438 525.095 321.459 352.23 372.003 194.34 201.718 720.875 140.389 320.751 292.159 474.523 392.005 282.312 612.595 257.769 545.133 112.071 290.63 249.369 422.664 502.157 594.216 474.377 185.97 341.592 
549.459 762.86 172.54 123.471 483.257 657.22 413.011 234.386 517.936 327.341 779.475 364.907 146.986 281.149 588.778 278.692 31.3847 339.165 844.126 665.62 582.031 28.8617 669.481 599.437 347.697 113.6 480.817 513.391 545.162 541.133 693.382 401.966 253.728 511.766 139.463 389.513 150.083 458.926 98.8585 402.866 410.946 306.007 378.613 666.753 198.252 667.027 292.166 691.741 382.873 371.465 198.285 505.372 557.56 258.519 479.009 158.433 497.46 890.484 468.017 520.204 
576.49 570.629 237.124 148.637 306.341 410.078 560.029 302.538 286.175 522.067 586.315 577.53 209.955 537.584 597.369 145.344 254.772 252.517 659.267 767.294 641.4 241.033 478.127 360.8 205.477 221.894 666.127 248.387 328.536 422.238 459.234 446.319 421.284 455.923 139.284 245.231 293.437 192.003 299.541 159.552 409.518 512.299 346.113 424.747 72.1803 398.453 449.952 495.452 327.515 418.836 297.431 318.291 299.341 41.1096 225.743 262.932 681.859 733.706 231.141 557.288 
104.69 604.239 326.725 461.307 841.215 671.658 157.471 249.596 547.943 766.416 618.052 783.001 363.373 640.252 154.858 652.396 440.018 750.457 648.069 233.403 115.156 474.27 541.097 876.762 379.033 380.147 274.634 729.496 527.83 344.581 973.725 91.0494 239.585 228.493 449.169 769.72 318.057 676.096 369.846 526.156 152.322 738.922 217.083 662.197 493.401 825.671 207.509 565.406 813.969 116.846 661.636 454.542 644.287 495.275 737.518 618.231 280.794 628.441 537.015 72.9178 
474.709 174.413 448.092 483.53 612.148 173.971 633.456 443.086 132.371 901.399 190.434 950.007 456.606 873.33 459.308 532.977 566.46 632.87 262.619 714.413 561.883 574.718 81.5414 539.912 247.825 489.781 763.207 385.064 78.0897 176.491 615.111 439.969 579.871 294.279 463.441 598.411 512.657 362.802 560.022 244.199 367.349 886.539 320.306 157.201 432.759 391.051 583.175 99.7046 707.791 435.543 688.959 89.0674 214.767 374.219 434.578 649.942 773.885 345.029 179.622 478.853 
763.273 489.401 526.339 460.541 309.613 239.852 827.162 573.362 244.624 791.624 499.61 853.285 507.963 839.447 765.405 357.393 566.74 411.947 573.331 989.315 844.233 551.871 425.206 182.214 381.072 527.031 946.177 75.7694 293.157 503.12 250.88 669.669 709.975 595.836 449.961 346.4 591.346 122.066 607.421 234.61 609.606 788.914 542.687 266.543 384.012 87.0057 732.149 427.057 471.615 650.007 560.161 349.276 149.466 331.368 137.568 539.748 960.738 682.949 229.828 755.04 
565.662 392.227 353.276 325.498 387.738 212.876 635.106 388.012 97.5295 719.651 406.71 774.796 343.21 726.54 569.956 316.413 427.454 410.742 482.121 790.607 645.85 423.019 305.491 342.113 184.166 369.135 757.552 182.779 149.345 321.442 431.129 471.645 529.4 402.505 309.128 372.336 421.74 144.392 450.01 47 410.903 709.627 344.073 227.178 255.738 267.367 547.439 318.071 484.679 452.902 493.803 174.485 110.223 192.317 217.807 460.431 771.495 571.431 47.5184 556.656 
