20 60 19
777 335 649 27 763 426 211 429 862 135 22 167 11 373 784 324 413 980 862 281 84 505 313 895 814 364 87 178 403 399 676 12 94 570 467 902 652 280 865 619 31 771 709 856 586 683 528 829 270 715 796 245 921 488 841 500 124 856 227 936 
432000 551000 437000 228000 275000 407000 474000 121000 858000 395000 29000 237000 235000 793000 818000 428000 143000 11000 928000 
5 14 8 1 7 7 12 17 18 3 0 1 4 10 3 12 8 4 8 16 
62.1911 41.3088 39.9805 35.7476 35.5557 20.2475 68.9231 43.9355 12.6143 73.4832 42.6395 79.2306 38.6514 75.4573 62.55 31.5527 46.2252 40.0586 50.2355 84.7172 70.234 45.412 33.2453 29.1481 23.9827 41.0099 81.0558 13.1939 18.04 37.1652 37.7719 52.791 57.9331 45.722 34.2987 35.3375 46.736 10.4924 49.1395 9.57549 46.7462 72.7001 40.0582 22.2194 28.3623 21.2897 59.8873 34.1481 47.1968 50.8803 50.5095 22.0465 8.43149 22.241 17.6409 47.5391 82.4721 59.911 9.30484 61.3144 
46.7898 23.5593 39.5942 42.4223 55.8789 17.86 60.3664 39.7669 8.51469 84.1259 25.1549 89.0484 40.1932 81.6882 45.8912 47.2547 50.966 57.3283 32.3804 70.5931 55.4173 51.6551 14.2636 49.7953 19.3352 43.4577 73.2918 33.9991 3.82884 18.0069 57.8247 41.4609 53.7678 28.8617 40.4309 54.0833 46.2122 31.2079 50.7063 18.4491 34.3198 82.6784 28.8735 17.0329 37.1962 36.7496 54.4111 16.0702 64.841 40.6263 62.7873 4.03113 18.2025 31.3081 38.5001 58.9041 74.4474 40.3332 12.3628 46.7889 
22.7695 31.2554 41.1709 51.2551 78.5504 43.8634 44.6287 36.2178 35.6477 91.1492 32.5228 94.591 43.9118 83.1515 20.1162 64.5697 55.2794 75.326 35.1552 46.3068 31.2771 57.607 26.4426 75.8721 29.5975 47.1123 57.0148 59.9083 31.4102 9.70618 84.5385 25.8544 45.7073 8.07094 49.2979 74.3017 45.2355 55.9483 51.1469 40.4605 19.9692 88.9477 20.7002 42.1391 49.9049 64.3457 44.3199 28.6163 82.7436 27.2154 74.043 25.0944 45.7079 46.3812 63.2066 69.5805 57.7027 34.1281 37.4927 24.1748 
87.395 67.2037 56.4907 46.0831 14.5413 42.592 88.7119 62.8666 40.3609 69.7672 68.3079 76.2287 53.6851 78.2545 88.5037 28.9588 55.8187 29.4335 75.7673 108.32 94.7828 53.324 60.1652 3.92046 47.915 54.5011 99.3735 14.8337 45.6986 64.7893 13.274 75.8829 74.8484 72.3001 45.821 21.9203 61.9271 18.3774 61.7246 34.1317 70.9989 70.1685 64.2478 45.233 39.2003 23.0853 77.77 60.6321 33.3326 73.4098 47.8461 49.9124 32.4211 36.3552 11.3649 47.2492 100.953 86.4348 37.0667 85.9983 
3.40147 55.9904 42.534 55.7431 91.6081 67.2591 26.7526 35.0001 56.5984 88.4882 57.1686 90.323 46.1624 76.1757 5.20384 73.8366 54.9659 84.0788 58.8647 21.4107 6.44981 58.2516 51.2711 93.1125 42.8664 48.3004 36.6285 77.6918 53.521 32.5719 102.539 17.8003 36.0569 20.9246 54.2905 85.2188 42.8169 72.7479 48.3182 57.1077 20.096 85.7848 26.6661 65.8684 57.8342 85.3544 32.9164 53.5004 90.7943 20.9002 76.8547 46.3376 66.6847 56.9245 79.4195 72.4249 36.8285 54.9477 56.6879 5.81378 
83.1633 47.5943 63.2712 57.6254 40.4797 22.7059 92.126 67.3374 29.7039 91.0043 48.2673 97.2044 61.7279 95.8718 82.7436 47.598 68.2552 52.4585 55.0455 106.483 91.5796 66.9108 43.1885 24.3559 46.9294 63.8546 104.388 19.4031 33.2962 55.1294 27.1647 75.2734 81.3354 65.627 56.4588 45.5581 69.9475 24.11 71.9576 32.9619 68.7867 90.7838 62.3238 25.2606 49.9842 3.58469 83.2904 42.6719 57.9719 73.6098 67.8941 40.1204 19.6543 44.4416 25.1078 65.9149 105.785 66.8052 30.3147 82.7276 
70.8363 75.5066 32.0214 18.5586 25.2539 57.9124 62.8182 39.7316 46.664 36.5876 77.0611 42.7481 28.3651 43.0465 73.7629 6.86586 24.2887 10.7703 84.3976 86.6585 76.0124 20.9423 66.2942 39.1472 37.893 27.1312 70.9801 35.0561 51.1786 59.9001 47.8093 56.5279 47.111 61.5877 19.8295 15.6707 34.4804 30.9386 31.6891 34.0708 54.6824 36.3325 49.2123 59.6913 17.2131 51.0053 50.7427 67.9854 16.7287 53.4817 13.4373 50.3224 46.1736 21.3638 29.7424 12.0416 72.64 91.8451 41.1574 68.4106 
16.2641 41.653 30.1942 41.7354 73.814 48.5956 32.8976 24.3282 37.2361 79.9 43.1045 82.9873 33.3305 70.9717 16.6412 57.5256 44.2109 68.1535 46.8028 39.8016 24.7073 46.87 34.9654 74.0316 24.1698 36.2861 45.653 58.4377 34.4768 15.3062 83.3326 13.5093 33.0341 4.61411 39.9326 68.2663 33.3952 53.6554 39.3611 37.9057 7.30068 77.5596 9.8656 47.4562 41.9005 65.9024 31.6708 37.4144 75.3011 14.5798 64.297 27.1831 47.2705 39.697 60.5112 59.7865 46.5069 46.7386 37.2152 15.9765 
39.4635 33.86 27.5986 31.8925 53.2989 28.6398 49.4065 27.6957 15.0479 73.8221 35.5203 78.4115 28.4529 70.1944 39.7454 40.6341 39.5779 51.2762 42.1228 62.4109 47.6598 40.6208 24.5204 51.2372 7.66094 31.7907 62.1933 35.4249 14.4125 16.4149 60.3195 31.3651 41.8019 23.0326 29.8402 49.4872 34.1369 30.9944 38.7769 15.2778 24.6854 72.1649 18.3831 28.3933 27.8887 42.8599 42.6358 26.7755 58.8151 30.0167 53.5628 8.38153 24.5204 22.9002 38.1371 49.4009 63.4331 48.0114 14.0007 38.7559 
25.3298 79.2526 52.3883 65.5735 105.101 88.925 22.0484 44.9678 77.0211 88.7144 80.449 88.8699 55.9035 73.146 28.4164 85.4365 60.9944 94.58 82.1005 5.22015 16.8514 64.5963 74.1939 109.746 60.2934 56.7789 22.546 95.2494 74.7062 54.9676 119.503 31.4111 37.8144 43.0443 64.7148 97.3598 49.5104 89.8386 53.3646 75.0067 37.58 85.7282 44.1367 87.7903 69.9546 104.985 33.9559 76.4924 100.335 33.6091 82.9714 67.376 86.7674 70.9705 95.7967 78.971 21.7083 77.5702 76.1042 24.5155 
85.3353 75.2354 49.8186 37.4037 3.11448 52.5179 82.1416 57.0812 46.2031 54.6206 76.5506 61.1138 46.4814 64.4002 87.2968 17.5727 45.6355 14.3283 84.1457 104.134 91.8229 42.6005 67.0774 19.2634 47.1103 46.3797 91.5478 23.8657 51.5912 67.2241 26.3919 72.2669 67.1018 72.4754 37.7943 6.96348 54.0374 23.5648 52.4948 36.2552 68.6331 55.2204 62.2088 54.9353 32.0975 37.1203 70.446 68.0664 17.7553 69.4606 33.5753 53.8713 40.9255 31.8127 17.4187 33.776 93.1852 93.7577 41.564 83.4353 
69.3745 74.7407 30.5138 17.0511 26.4802 57.5407 61.3013 38.2251 46.0449 36.494 76.3053 42.5699 26.8555 42.3212 72.3279 7.30068 22.832 12.2801 83.6086 85.1374 74.5161 19.5167 65.4941 39.9722 36.7462 25.6082 69.5018 35.2955 50.4723 58.7553 48.764 55.0436 45.6032 60.2685 18.3469 16.9614 32.9597 30.9968 30.2026 33.4117 53.2541 36.1122 47.8302 59.268 15.9452 51.272 49.2295 67.2216 18.2222 51.9939 13.2966 49.4289 45.8737 20.3482 30.1597 11.407 71.161 90.9175 40.5311 66.9362 
8.66487 56.0108 31.3536 44.69 81.6854 62.9076 19.5226 23.7356 50.7351 77.2653 57.4003 79.2738 35.0069 65.4671 13.2593 63.274 43.5839 73.3219 60.4948 26.6625 13.0924 46.8837 49.6695 84.5224 34.4398 37.0195 31.6639 69.5696 48.5684 30.0193 94.1523 6.62873 25.3308 18.422 43.3263 74.8575 31.4306 64.3281 36.95 49.1076 11.3358 74.5985 18.0325 61.9155 47.2827 78.7467 22.5601 52.0999 79.883 9.68762 65.5172 41.2335 60.4723 46.9707 70.644 61.102 32.3483 58.8192 49.8511 5.59017 
34.8827 34.8794 25.9856 32.2025 56.8516 32.5498 45.356 24.9147 19.4178 73.9032 36.5409 78.206 27.4007 69.1527 35.2575 43.0409 38.8742 53.776 42.6645 57.8236 43.0633 40.3053 25.8213 55.5446 8.228 30.8026 58.2244 39.8152 18.1033 13.7928 64.7213 26.97 38.6679 18.7385 30.1438 52.5095 32.1459 35.223 37.2003 19.434 20.1718 72.0875 14.0389 32.0751 29.2159 47.4523 39.2005 28.2312 61.2595 25.7769 54.5133 11.2071 29.063 24.9369 42.2664 50.2157 59.4216 47.4377 18.597 34.1592 
54.9459 76.286 17.254 12.3471 48.3257 65.722 41.3011 23.4386 51.7936 32.7341 77.9475 36.4907 14.6986 28.1149 58.8778 27.8692 3.13847 33.9165 84.4126 66.562 58.2031 2.88617 66.9481 59.9437 34.7697 11.36 48.0817 51.3391 54.5162 54.1133 69.3382 40.1966 25.3728 51.1766 13.9463 38.9513 15.0083 45.8926 9.88585 40.2866 41.0946 30.6007 37.8613 66.6753 19.8252 66.7027 29.2166 69.1741 38.2873 37.1465 19.8285 50.5372 55.756 25.8519 47.9009 15.8433 49.746 89.0484 46.8017 52.0204 
57.649 57.0629 23.7124 14.8637 30.6341 41.0078 56.0029 30.2538 28.6175 52.2067 58.6315 57.753 20.9955 53.7584 59.7369 14.5344 25.4772 25.2517 65.9267 76.7294 64.14 24.1033 47.8127 36.08 20.5477 22.1894 66.6127 24.8387 32.8536 42.2238 45.9234 44.6319 42.1284 45.5923 13.9284 24.5231 29.3437 19.2003 29.9541 15.9552 40.9518 51.2299 34.6113 42.4747 7.21803 39.8453 44.9952 49.5452 32.7515 41.8836 29.7431 31.8291 29.9341 4.11096 22.5743 26.2932 68.1859 73.3706 23.1141 55.7288 
10.469 60.4239 32.6725 46.1307 84.1215 67.1658 15.7471 24.9596 54.7943 76.6416 61.8052 78.3001 36.3373 64.0252 15.4858 65.2396 44.0018 75.0457 64.8069 23.3403 11.5156 47.427 54.1097 87.6762 37.9033 38.0147 27.4634 72.9496 52.783 34.4581 97.3725 9.10494 23.9585 22.8493 44.9169 76.972 31.8057 67.6096 36.9846 52.6156 15.2322 73.8922 21.7083 66.2197 49.3401 82.5671 20.7509 56.5406 81.3969 11.6846 66.1636 45.4542 64.4287 49.5275 73.7518 61.8231 28.0794 62.8441 53.7015 7.29178 
47.4709 17.4413 44.8092 48.353 61.2148 17.3971 63.3456 44.3086 13.2371 90.1399 19.0434 95.0007 45.6606 87.333 45.9308 53.2977 56.646 63.287 26.2619 71.4413 56.1883 57.4718 8.15414 53.9912 24.7825 48.9781 76.3207 38.5064 7.80897 17.6491 61.5111 43.9969 57.9871 29.4279 46.3441 59.8411 51.2657 36.2802 56.0022 24.4199 36.7349 88.6539 32.0306 15.7201 43.2759 39.1051 58.3175 9.97046 70.7791 43.5543 68.8959 8.90674 21.4767 37.4219 43.4578 64.9942 77.3885 34.5029 17.9622 47.8853 
76.3273 48.9401 52.6339 46.0541 30.9613 23.9852 82.7162 57.3362 24.4624 79.1624 49.961 85.3285 50.7963 83.9447 76.5405 35.7393 56.674 41.1947 57.3331 98.9315 84.4233 55.1871 42.5206 18.2214 38.1072 52.7031 94.6177 7.57694 29.3157 50.312 25.088 66.9669 70.9975 59.5836 44.9961 34.64 59.1346 12.2066 60.7421 23.461 60.9606 78.8914 54.2687 26.6543 38.4012 8.70057 73.2149 42.7057 47.1615 65.0007 56.0161 34.9276 14.9466 33.1368 13.7568 53.9748 96.0738 68.2949 22.9828 75.504 
56.5662 39.2227 35.3276 32.5498 38.7738 21.2876 63.5106 38.8012 9.75295 71.9651 40.671 77.4796 34.321 72.654 56.9956 31.6413 42.7454 41.0742 48.2121 79.0607 64.585 42.3019 30.5491 34.2113 18.4166 36.9135 75.7552 18.2779 14.9345 32.1442 43.1129 47.1645 52.94 40.2505 30.9128 37.2336 42.174 14.4392 45.001 4.7 41.0903 70.9627 34.4073 22.7178 25.5738 26.7367 54.7439 31.8071 48.4679 45.2902 49.3803 17.4485 11.0223 19.2317 21.7807 46.0431 77.1495 57.1431 4.75184 55.6656 
