20 60 19
777 335 649 27 763 426 211 429 862 135 22 167 11 373 784 324 413 980 862 281 84 505 313 895 814 364 87 178 403 399 676 12 94 570 467 902 652 280 865 619 31 771 709 856 586 683 528 829 270 715 796 245 921 488 841 500 124 856 227 936 
4320 5510 4370 2280 2750 4070 4740 1210 8580 3950 290 2370 2350 7930 8180 4280 1430 110 9280 
5 14 8 1 7 7 12 17 18 3 0 1 4 10 3 12 8 4 8 16 
621911 413088 399805 357476 355557 202475 689231 439355 126143 734832 426395 792306 386514 754573 625500 315527 462252 400586 502355 847172 702340 454120 332453 291481 239827 410099 810558 131939 180400 371652 377719 527910 579331 457220 342987 353375 467360 104924 491395 95754.9 467462 727001 400582 222194 283623 212897 598873 341481 471968 508803 505095 220465 84314.9 222410 176409 475391 824721 599110 93048.4 613144 
467898 235593 395942 424223 558789 178600 603664 397669 85146.9 841259 251549 890484 401932 816882 458912 472547 509660 573283 323804 705931 554173 516551 142636 497953 193352 434577 732918 339991 38288.4 180069 578247 414609 537678 288617 404309 540833 462122 312079 507063 184491 343198 826784 288735 170329 371962 367496 544111 160702 648410 406263 627873 40311.3 182025 313081 385001 589041 744474 403332 123628 467889 
227695 312554 411709 512551 785504 438634 446287 362178 356477 911492 325228 945910 439118 831515 201162 645697 552794 753260 351552 463068 312771 576070 264426 758721 295975 471123 570148 599083 314102 97061.8 845385 258544 457073 80709.4 492979 743017 452355 559483 511469 404605 199692 889477 207002 421391 499049 643457 443199 286163 827436 272154 740430 250944 457079 463812 632066 695805 577027 341281 374927 241748 
873950 672037 564907 460831 145413 425920 887119 628666 403609 697672 683079 762287 536851 782545 885037 289588 558187 294335 757673 1.0832e+06 947828 533240 601652 39204.6 479150 545011 993735 148337 456986 647893 132740 758829 748484 723001 458210 219203 619271 183774 617246 341317 709989 701685 642478 452330 392003 230853 777700 606321 333326 734098 478461 499124 324211 363552 113649 472492 1.00953e+06 864348 370667 859983 
34014.7 559904 425340 557431 916081 672591 267526 350001 565984 884882 571686 903230 461624 761757 52038.4 738366 549659 840788 588647 214107 64498.1 582516 512711 931125 428664 483004 366285 776918 535210 325719 1.02539e+06 178003 360569 209246 542905 852188 428169 727479 483182 571077 200960 857848 266661 658684 578342 853544 329164 535004 907943 209002 768547 463376 666847 569245 794195 724249 368285 549477 566879 58137.8 
831633 475943 632712 576254 404797 227059 921260 673374 297039 910043 482673 972044 617279 958718 827436 475980 682552 524585 550455 1.06483e+06 915796 669108 431885 243559 469294 638546 1.04388e+06 194031 332962 551294 271647 752734 813354 656270 564588 455581 699475 241100 719576 329619 687867 907838 623238 252606 499842 35846.9 832904 426719 579719 736098 678941 401204 196543 444416 251078 659149 1.05785e+06 668052 303147 827276 
708363 755066 320214 185586 252539 579124 628182 397316 466640 365876 770611 427481 283651 430465 737629 68658.6 242887 107703 843976 866585 760124 209423 662942 391472 378930 271312 709801 350561 511786 599001 478093 565279 471110 615877 198295 156707 344804 309386 316891 340708 546824 363325 492123 596913 172131 510053 507427 679854 167287 534817 134373 503224 461736 213638 297424 120416 726400 918451 411574 684106 
162641 416530 301942 417354 738140 485956 328976 243282 372361 799000 431045 829873 333305 709717 166412 575256 442109 681535 468028 398016 247073 468700 349654 740316 241698 362861 456530 584377 344768 153062 833326 135093 330341 46141.1 399326 682663 333952 536554 393611 379057 73006.8 775596 98656 474562 419005 659024 316708 374144 753011 145798 642970 271831 472705 396970 605112 597865 465069 467386 372152 159765 
394635 338600 275986 318925 532989 286398 494065 276957 150479 738221 355203 784115 284529 701944 397454 406341 395779 512762 421228 624109 476598 406208 245204 512372 76609.4 317907 621933 354249 144125 164149 603195 313651 418019 230326 298402 494872 341369 309944 387769 152778 246854 721649 183831 283933 278887 428599 426358 267755 588151 300167 535628 83815.3 245204 229002 381371 494009 634331 480114 140007 387559 
253298 792526 523883 655735 1.05101e+06 889250 220484 449678 770211 887144 804490 888699 559035 731460 284164 854365 609944 945800 821005 52201.5 168514 645963 741939 1.09746e+06 602934 567789 225460 952494 747062 549676 1.19503e+06 314111 378144 430443 647148 973598 495104 898386 533646 750067 375800 857282 441367 877903 699546 1.04985e+06 339559 764924 1.00335e+06 336091 829714 673760 867674 709705 957967 789710 217083 775702 761042 245155 
853353 752354 498186 374037 31144.8 525179 821416 570812 462031 546206 765506 611138 464814 644002 872968 175727 456355 143283 841457 1.04134e+06 918229 426005 670774 192634 471103 463797 915478 238657 515912 672241 263919 722669 671018 724754 377943 69634.8 540374 235648 524948 362552 686331 552204 622088 549353 320975 371203 704460 680664 177553 694606 335753 538713 409255 318127 174187 337760 931852 937577 415640 834353 
693745 747407 305138 170511 264802 575407 613013 382251 460449 364940 763053 425699 268555 423212 723279 73006.8 228320 122801 836086 851374 745161 195167 654941 399722 367462 256082 695018 352955 504723 587553 487640 550436 456032 602685 183469 169614 329597 309968 302026 334117 532541 361122 478302 592680 159452 512720 492295 672216 182222 519939 132966 494289 458737 203482 301597 114070 711610 909175 405311 669362 
86648.7 560108 313536 446900 816854 629076 195226 237356 507351 772653 574003 792738 350069 654671 132593 632740 435839 733219 604948 266625 130924 468837 496695 845224 344398 370195 316639 695696 485684 300193 941523 66287.3 253308 184220 433263 748575 314306 643281 369500 491076 113358 745985 180325 619155 472827 787467 225601 520999 798830 96876.2 655172 412335 604723 469707 706440 611020 323483 588192 498511 55901.7 
348827 348794 259856 322025 568516 325498 453560 249147 194178 739032 365409 782060 274007 691527 352575 430409 388742 537760 426645 578236 430633 403053 258213 555446 82280 308026 582244 398152 181033 137928 647213 269700 386679 187385 301438 525095 321459 352230 372003 194340 201718 720875 140389 320751 292159 474523 392005 282312 612595 257769 545133 112071 290630 249369 422664 502157 594216 474377 185970 341592 
549459 762860 172540 123471 483257 657220 413011 234386 517936 327341 779475 364907 146986 281149 588778 278692 31384.7 339165 844126 665620 582031 28861.7 669481 599437 347697 113600 480817 513391 545162 541133 693382 401966 253728 511766 139463 389513 150083 458926 98858.5 402866 410946 306007 378613 666753 198252 667027 292166 691741 382873 371465 198285 505372 557560 258519 479009 158433 497460 890484 468017 520204 
576490 570629 237124 148637 306341 410078 560029 302538 286175 522067 586315 577530 209955 537584 597369 145344 254772 252517 659267 767294 641400 241033 478127 360800 205477 221894 666127 248387 328536 422238 459234 446319 421284 455923 139284 245231 293437 192003 299541 159552 409518 512299 346113 424747 72180.3 398453 449952 495452 327515 418836 297431 318291 299341 41109.6 225743 262932 681859 733706 231141 557288 
104690 604239 326725 461307 841215 671658 157471 249596 547943 766416 618052 783001 363373 640252 154858 652396 440018 750457 648069 233403 115156 474270 541097 876762 379033 380147 274634 729496 527830 344581 973725 91049.4 239585 228493 449169 769720 318057 676096 369846 526156 152322 738922 217083 662197 493401 825671 207509 565406 813969 116846 661636 454542 644287 495275 737518 618231 280794 628441 537015 72917.8 
474709 174413 448092 483530 612148 173971 633456 443086 132371 901399 190434 950007 456606 873330 459308 532977 566460 632870 262619 714413 561883 574718 81541.4 539912 247825 489781 763207 385064 78089.7 176491 615111 439969 579871 294279 463441 598411 512657 362802 560022 244199 367349 886539 320306 157201 432759 391051 583175 99704.6 707791 435543 688959 89067.4 214767 374219 434578 649942 773885 345029 179622 478853 
763273 489401 526339 460541 309613 239852 827162 573362 244624 791624 499610 853285 507963 839447 765405 357393 566740 411947 573331 989315 844233 551871 425206 182214 381072 527031 946177 75769.4 293157 503120 250880 669669 709975 595836 449961 346400 591346 122066 607421 234610 609606 788914 542687 266543 384012 87005.7 732149 427057 471615 650007 560161 349276 149466 331368 137568 539748 960738 682949 229828 755040 
565662 392227 353276 325498 387738 212876 635106 388012 97529.5 719651 406710 774796 343210 726540 569956 316413 427454 410742 482121 790607 645850 423019 305491 342113 184166 369135 757552 182779 149345 321442 431129 471645 529400 402505 309128 372336 421740 144392 450010 47000 410903 709627 344073 227178 255738 267367 547439 318071 484679 452902 493803 174485 110223 192317 217807 460431 771495 571431 47518.4 556656 
