25 75 23
777 335 649 27 763 426 211 429 862 135 22 167 11 373 784 324 413 980 862 281 84 505 313 895 814 364 87 178 403 399 676 12 94 570 467 902 652 280 865 619 31 771 709 856 586 683 528 829 270 715 796 245 921 488 841 500 124 856 227 936 437 407 858 237 818 11 776 763 606 818 369 996 470 499 644 
590000 505000 139000 954000 786000 669000 82000 542000 464000 197000 507000 355000 804000 348000 611000 622000 828000 299000 343000 746000 568000 340000 422000 
10 11 10 1 8 7 1 10 16 0 4 9 15 10 5 1 4 6 16 14 21 1 7 18 4 
5111.65 2153.35 4387.99 4586.61 5590.31 1329.7 6513.1 4436.3 800.562 8725.9 2301.52 9234.72 4428.21 8551.02 4999.17 4900.8 5479.51 5872.41 3051.88 7499.87 5978.5 5528.56 1291.2 4832.91 2357.63 4748.58 7805.86 3290.06 304.138 2179.04 5584.88 4618.66 5843.09 3309.7 4392.1 5493.13 5057.85 3087.59 5490.65 2014 3902.26 8592.51 3363.64 1230.16 4018.37 3367.88 5913.05 1408.9 6615.47 4538.42 6548.56 879.659 1581.52 3407.36 3797.96 6175.31 7921.22 3959.04 1322.31 5123.88 3818.38 6690.47 5891.96 7099.3 6049.54 5994.73 1403.57 4371.27 2080.82 3005.01 6870.32 3298.38 5052.13 6374.59 1258.73 
3187.79 2616.96 3636.88 4393.45 6716.26 3260.75 4890.37 3352.88 2337.54 8538.23 2775.03 8947.23 3832.75 7963.43 3054.85 5462.6 4993.16 6531.05 3278.32 5584.24 4059.08 5165.19 1850.03 6369.08 2011.62 4171.95 6183.24 4772.05 1935.07 260 7227.32 2931.38 4582.15 1382.35 4188.47 6358.37 4183.06 4393.93 4734.41 2873.67 2210.02 8346.41 1882.15 3119.7 4111.27 5217.2 4545.33 2100.1 7283.44 2938.25 6637.79 1280.16 3347.63 3666.57 5124.58 6205.56 6279.21 3606.36 2526.76 3228.89 2906.58 6281.03 6370.64 7497.71 4306.33 6315.52 3342.01 3852.51 1979.09 2496.34 5346.52 3170.25 3372.51 5348.68 1111.13 
5713.49 7719 1901.18 1233.69 4651.3 6588.18 4367.44 2549.08 5211.8 3116.62 7884.8 3521.51 1619.88 2782.98 6101.29 2621.22 509.902 3182.48 8541.72 6893.48 6050 272.029 6782.05 5857.64 3568.67 1297.69 5035.32 5049.21 5504.41 5550.42 6787.7 4237.1 2774.83 5295.1 1414.39 3706.01 1724.18 4514 1224.83 4035.24 4307.04 2916.73 3962.34 6692.48 1948.15 6601.48 3159.3 7000.71 3602.85 3930.81 1745.45 5133.5 5566.35 2568.68 4681.29 1347.37 5201.7 9032 4701.97 5423.29 2636.1 891.852 2610.79 3046 4781.52 2155.41 6571.23 1578.92 3773.43 7920.11 4083.54 8549.58 4234.26 2092.46 6181.54 
2670.6 4997.3 1460.14 2650 6180.66 4896.12 2934.01 962.133 3513.69 6446.1 5159.47 6776.76 1774.85 5649.89 2939.01 4379.87 2866.65 5412.48 5684.65 4604.09 3297.3 3127.12 4149.86 6500.56 1600.16 2068.65 4197.34 5049.71 3465.54 2433.78 7473.29 1361.8 2216.39 1938.71 2482.02 5518.06 1846.21 4505.21 2432.88 3052.03 1030.78 6219.08 614.003 4865.9 2780.97 6114.25 2250.09 4399.6 6098.61 1118.03 4882.06 2791.15 4384.39 2707.95 5106.9 4430.86 4326.01 5926.39 3280.64 2460.28 759.539 4121.37 5058.9 5990.08 2675.26 4832.65 4936.24 1873.21 1905.39 4838.39 3220.25 5553.47 1675.98 2943.08 3426.15 
1959.8 4579.57 2299.93 3487.86 6868.96 4906.58 2943.35 1711.43 3635.56 7265.29 4734.26 7576.08 2620.84 6390.38 2155.39 5150.57 3697.89 6200.08 5179.83 4122.73 2696.09 3967.72 3815.78 7033.63 2006.44 2909.98 4240.85 5516.09 3459.84 1916.04 7987.45 1018.33 2683.37 1142.15 3314.53 6259.53 2618.4 5003.3 3214.5 3462.25 326.497 7031.54 366.742 4830.37 3564.39 6415.64 2599.46 4067.09 6900.47 970 5728.05 2732.47 4595.76 3410.88 5655.1 5276.84 4346.23 5286.23 3526.66 1811.1 1604.31 4936.17 5870.69 6825.99 2452.04 5662.1 4963.97 2719.3 2253.97 4231.32 3375.93 4979.81 1452.79 3564.38 3074.7 
6360.7 8288.03 2560.7 1736 4539.44 7030.36 4904.94 3207.44 5691.96 2485.2 8453.08 2930.82 2269.91 2417.46 6754.57 2619.64 1167.6 2956.77 9124.15 7464.5 6673.96 900.5 7348.04 5904.07 4151.73 1954.51 5469.78 5263.08 6019.24 6182.05 6794.88 4886.28 3327.46 5953.3 1936.59 3573.26 2366.03 4759.46 1830.44 4474.87 4967.95 2305.34 4620.5 7151.96 2350.53 6846.85 3713.83 7560.4 3255.18 4581.44 1234.71 5692.81 5961.08 2986.13 4829.33 940.691 5635.07 9648.13 5165.37 6067.04 3291.64 566.127 2358.66 2553.62 5370.61 1858.52 7005.41 2216.06 4335.45 8536.28 4567.45 9151.54 4868.15 2522.4 6768.97 
8622.6 7820.77 4978.97 3696.7 530.848 5585.74 8188.41 5721.77 4899.48 5140.24 7955.27 5790.42 4634.35 6179.92 8838.01 1688.08 4455.87 1147.26 8714.83 10442.4 9246.58 4137.34 6989.78 2285.69 4861.21 4596.56 9089.44 2739.29 5434.01 6921.42 2950.07 7284.85 6659.56 7395.22 3755.86 502.096 5360.04 2669.87 5165.68 3855.23 6954.84 5211.77 6325.39 5823.44 3229.26 4088.03 7004.06 7096.87 1407.3 6997.69 3094.8 5626.12 4415.9 3274.34 2090.1 3154.84 9254.26 9655.85 4419.02 8421.36 5302.32 4611.4 1733.49 2442.4 8342.45 2241.47 5502.45 4465.98 4766.05 8661.25 8068.19 8996.8 7494.86 6239.39 6766.05 
8772.62 8199.23 5037.18 3719.1 928.924 6002.43 8204.78 5794.7 5264.6 4780.06 8336.65 5430.04 4682.4 5904.35 9009.61 1738.19 4390.68 922.009 9095.63 10519 9366.67 4056.22 7353.67 2716.49 5093.18 4611.87 9055.63 3175.91 5793.51 7198.09 3328.66 7402.93 6651.14 7614.47 3801.58 610.082 5366.8 3075.08 5124.66 4175.94 7112.31 4868.37 6499.86 6236.1 3333.14 4540.1 7006.46 7468.98 984.784 7109.21 2834.94 5948.55 4824.32 3459.39 2525.07 2952.1 9221.39 10015 4769.42 8558.94 5417.09 4421.59 1519.9 2051.19 8404.01 2025.66 5921.43 4517.36 5021.68 9005.69 8049.15 9362.96 7589.63 6164.45 7101.44 
7233.98 4143.09 5252.98 4783.02 3822.05 1632.48 8099.25 5632.98 1910.24 8363.73 4240.62 8963.15 5118.25 8700.28 7211.68 4047.28 5840.69 4712.46 4972.78 9550.55 8068.16 5736.14 3539.9 2584.36 3578.34 5348.35 9329.4 1374.41 2331.22 4495.88 3207.02 6415.3 7041.15 5501.42 4650.01 4102.78 5928.68 1628.9 6161.27 2198.29 5772.18 8312.93 5121.91 1900.74 4028.4 984.124 7227.9 3541.09 5351.78 6246.62 6044.68 2968.11 894.036 3440 2025.49 5796.52 9468.1 6081.85 1920.42 7180.22 4976.68 6790.12 4971.81 6136.09 7824.91 5268.18 1527.78 4991.2 3272.26 5283.05 8306.15 5383.01 6805.3 7245.53 3685.72 
8194.21 8491.72 4289.11 2947.71 2223.24 6555.34 7279.02 5059.8 5561.27 3450.23 8642.23 4100.05 3922.37 4543.57 8493.01 1445.34 3358.72 613.514 9388.01 9718.17 8694.16 3001.77 7588.46 3925.94 4875.16 3767.89 8010.41 3970.2 6046.23 7070.91 4641.3 6754.44 5690.25 7274.73 3088.77 1355.18 4472.61 3685.7 4123.4 4335.55 6585.95 3519.62 6041.4 6757.94 2834.87 5497.58 6064.73 7741.64 626.817 6448.02 1498.93 6035.18 5359.89 3200.52 3350.6 1697.29 8176.83 10188.1 5020.21 7947.03 4813.48 3149.86 503.587 842.2 7586.65 823.65 6491.26 3774.65 4889.93 9122.9 7044.78 9577.67 6872.55 5067.41 7212.02 
2520.5 7889.23 4651.3 5945.26 9940.65 8650.47 1506.85 3934.02 7395.96 8140.39 8019.01 8152.75 4992.68 6580.46 2924.79 7945.6 5431.18 8832.47 8250.39 1214.33 1794.77 5791.73 7309.78 10488.7 5624.03 5054.75 1578.13 9079.39 7210.12 5352.84 11470.1 2762.84 3099.19 4169.65 5872.12 9140.88 4311.81 8526.58 4665.03 7087.55 3443.62 7841.25 4061.23 8556.94 6424.48 10130.1 2716.49 7548.52 9388.44 2934.25 7612.52 6477.91 8343.41 6571 9094.49 7220.15 1519.8 7901.42 7257.02 2350.32 4466.55 6137.14 8338.16 8919.64 1362.35 7955.21 8712.71 5161.13 5915.85 7093.73 1930.23 7868.24 2372.61 3944.43 6597.1 
5500.58 1025.91 6788.32 7383.55 8696.4 3540.69 7772.29 6528.05 3940.77 11576 920.869 12026 6953.01 11118 5126.1 8007.7 8102.47 9002.54 311.448 7697.88 6287.65 8237.72 1865.31 7737.42 4949.77 7293.53 9015.74 6305.15 3422.35 3148.4 8340.01 5858.75 7711.76 4062.47 7178.14 8633.85 7355.68 6188.52 7898.21 5118.95 5198.79 11406.4 5022.6 3270.55 6948.22 5888.7 7633.45 1734.59 9749.49 5948.29 9521.94 3468.08 4514.62 6388.34 6871.08 9117.51 9083.51 949.21 4455.43 5690.77 6071.66 9381.82 8990.05 10186.6 7052.69 9050.01 3650.34 6951.56 4786.82 935.361 8309.4 280.179 6274.41 8518.9 2334.14 
7213.66 9583.01 3682.09 3051.77 5452.79 8357.33 5370.75 4212.47 7019.42 1379.28 9748.67 1671.08 3448.9 1246.64 7648.29 3740.01 2287.9 3787.25 10407.3 7970.31 7397.57 2136.94 8645.17 6980.41 5433.94 3111.93 5639.16 6495.8 7340.64 7390.32 7814.61 5776.03 3920.94 7046.93 3247.8 4497.2 3310.06 6017.08 2714.65 5802.59 5980.21 1118.93 5724.51 8480.09 3677.93 8091.06 4286.74 8862.01 3847.08 5487.31 1839.27 6994 7280.06 4313.51 6016.99 1870.96 5795.39 10885.5 6493.57 6902.2 4430.18 1000.05 3206.32 2876.18 5983.48 2708.52 8331.42 3429.53 5634.01 9774.22 4902.51 10411.7 5673.24 2916.86 8047.09 
5275.95 2036.3 7191.56 7940.03 9600.26 4567.99 7720.94 6826.43 4804.63 12104.6 1963.06 12516.4 7400.24 11501 4841.62 8762.69 8561.14 9788.53 1355.65 7290 5982.28 8733.75 2722.09 8730.11 5512.62 7738.66 8906.47 7257.28 4266.91 3465.08 9365.82 5899.24 7880.54 4123.12 7734.01 9471.03 7698.96 7095.59 8269.18 5905.96 5310.08 11915.2 5270.34 4299.13 7583.22 6931.49 7751.03 2654.81 10542 6040.74 10148.3 4169.65 5475.71 7064.17 7797.75 9727.33 8955.72 174.929 5285.46 5512.94 6450.69 9849.27 9727.54 10904.6 6943.38 9743.97 4679 7421.82 5399.63 1092.93 8302.44 810.247 6281.99 8767.51 2992.82 
3967.73 1434.02 5028.02 5721.06 7585.55 3129.5 6059.13 4738.58 2831.43 9894.52 1563.87 10318.7 5213.91 9356.37 3676.14 6587.27 6371.91 7630.81 1925.85 6301.57 4812.15 6530.28 1112.88 6941.02 3290.97 5554.07 7327.13 5381.39 2294.91 1355.18 7696.04 4117.05 5922.31 2346.91 5514.94 7363.69 5576.53 5122.82 6128.24 3784.4 3434.31 9710.78 3229.67 2902.27 5364.48 5421.37 5853.52 1271.42 8386.51 4183.9 7927.07 2013.08 3692.87 4856.75 5850.69 7505.52 7406.23 2239.58 3233.94 4105.85 4300.29 7658.13 7538.34 8703.68 5383.72 7536.08 3235.44 5225.52 3181.59 1130.04 6570.01 1776.29 4544.24 6726.28 880.057 
8142.05 10063.9 4427.47 3530.58 5012.94 8600.7 6412.53 5044.48 7346.35 726.154 10227.3 1345.36 4141.62 1996.5 8557.67 3619.64 3020.76 3360.24 10918.1 9012.22 8379.29 2772.18 9123 6676.3 5967.95 3824.26 6712.93 6439.6 7724.8 8042.4 7428.25 6681.47 4923.18 7821.77 3736.64 4110.05 4168.19 6023.22 3590.71 6089.35 6815.1 730.274 6489.08 8751.87 4010.15 8032.1 5297.94 9324.86 3220.95 6383.2 1594.24 7467.38 7463.73 4624.73 5892.07 1876.27 6869.48 11488.4 6801.65 7837.86 5162.36 1839.67 2851.88 2153.62 6994.49 2427.92 8561.54 4085.34 6125.18 10377.8 5962.32 10973.7 6617.1 3950.62 8576.85 
8062.83 8392.15 4157.69 2816.19 2253.91 6477.16 7152.2 4928.42 5466 3434.21 8543.38 4082.76 3790.95 4481.08 8362.12 1343.02 3234.15 604.07 9287.74 9588.33 8562.72 2877.93 7486.15 3930.41 4753.7 3637.32 7889.77 3922.09 5947.13 6950.72 4666.18 6622.91 5564.21 7147.38 2957.36 1356.24 4343.56 3622 3998.11 4234.73 6455.24 3492.42 5911.9 6676.9 2707.8 5461.55 5938.09 7641.52 747.93 6316.49 1417.78 5926.26 5282.89 3081.33 3309.68 1591.76 8056.2 10080.2 4923.19 7815.54 4682.36 3051.64 378.55 898.109 7456.82 701.783 6414.58 3643.14 4772.05 9012.64 6921.42 9472.54 6741.25 4948.99 7102.94 
3558.83 8321.69 3528.17 4617.85 8663.86 8483.11 970.979 3016.17 7089.29 6178.82 8472.57 6158.32 3792 4575.25 4059.38 6603.07 3862.91 7360.33 8863.84 3220.93 3229.64 4210.38 7573.38 9496.78 5112.58 3731.34 810.247 8258.26 7051.27 5653.5 10480.2 2833.88 1676.31 4625.17 4604.04 7782.61 2973.1 7682.74 3121.94 6452.91 3528.81 5876.21 3911.04 8451.38 5246.05 9531.57 1422.71 7824.74 7828.12 2790.34 5905.29 6364.31 7910.91 5561.03 8137.64 5555.91 976.524 8779.44 6809.24 3259.6 3669.51 4316.54 6814.87 7225.3 1814 6379.07 8522.14 3958.24 5429.96 7816.01 382.099 8591.96 2413.23 2151.39 6832.31 
1666.76 3994.72 4706.08 5866.15 8894 5516.09 4205.95 4079.67 4716.31 9647.39 4095.42 9929.48 5025.94 8659.38 1221.88 7380.17 6098.24 8451.51 4187.66 3768.08 2372.55 6373.58 3677.84 8709.59 3930.41 5316.29 5325.38 7115.87 4294.41 2121.44 9588.93 2628.4 4715.46 1410.32 5683.56 8410.72 4977.56 6700.9 5572.8 5134.91 2307.66 9405.03 2680.34 5332.79 5847.34 7588.34 4490.8 3871.14 9178.29 2868.1 8125.1 3659.03 5723.99 5571.52 7419.89 7674.07 5363.28 3754.8 4882.89 1930.23 4004.06 7317.9 8178.32 9188.35 3386.71 8011.52 5609.32 5119.5 4042.83 2997.13 4825.97 3754.81 2911.58 5725.36 3121.23 
1440.28 4714.54 2705.12 3947.3 7388.06 5272.73 2737.32 2040.83 4057.65 7605.29 4861.81 7885.04 3044.73 6634.29 1647.57 5655.33 4073.03 6699.15 5242.23 3650 2194.56 4362.61 4019.08 7544.32 2515.75 3313.13 4020.45 6018.05 3837.1 2060.1 8494.62 788.543 2772.38 1017.69 3781.6 6772.13 2933.94 5511.32 3528.54 3960.81 274.591 7361.15 886.397 5177.31 4063.41 6876.77 2617.25 4266.76 7392.79 907.359 6160.15 3103.68 5038.11 3927.2 6168.83 5709.59 4110.78 5228.02 3987.84 1304.19 2054.12 5276.84 6356.62 7287.17 2132.35 6132.36 5336.83 3156.74 2752.24 4218.16 3242.11 4987.03 1216.96 3733.63 3284.66 
350.143 5058.11 3962.94 5250.09 8715.32 6152.02 2886.47 3238.83 5098.48 8714.5 5180.21 8937.14 4317.24 7578.52 321.403 6992.01 5271.6 8032.93 5381.82 2708.97 1192.18 5584.64 4562.32 8802.78 3792.89 4558.62 3992.42 7248.59 4782.35 2682.87 9737.17 1562.18 3570.22 1520.03 5092.51 8109.19 4077.08 6764.91 4651.24 5193.17 1595.24 8454 2211.63 6012.33 5398.12 7979.79 3298.03 4787.84 8721.52 1858.52 7421.11 4066.77 6109.66 5261.49 7443.1 6973.23 4032.18 5059.8 5122.9 599.416 3362.92 6408.15 7680.44 8583.08 2057.3 7440.67 6231.08 4442.21 3997.82 4223.42 3517.12 4999.01 1719.65 4613.39 3893.07 
7148.57 8409.1 3222.48 2035.41 3601.85 6852.07 5908.23 3955.06 5626.01 2482.94 8570.07 3077.48 2875.43 3112.64 7505.58 1907.8 2007.31 1955.63 9279.36 8430.07 7542.27 1653.39 7471.63 5112.58 4403.24 2626.88 6535.36 4716.1 6027.8 6561.5 5946.43 5673.53 4316.02 6516.21 2232.31 2638.83 3214.98 4279.08 2760.53 4361.94 5645.47 2428.7 5202.86 7009.04 2344.4 6313.83 4700.48 7662.43 2177.93 5363.73 243.516 5827.01 5708.28 2927.42 4197.52 210.95 6701.19 9922.61 5077.26 6872.1 3881.97 1581.42 1359.3 1505.26 6311.97 850.941 6810.65 2767.25 4518.64 8819.8 5609.42 9374.36 5715.04 3582.58 6968.39 
6651.14 10147.3 4080.01 4128.2 7351.8 9394.17 4319.36 4268.98 7969.72 2921.59 10312.9 2714.59 4023.13 1119.73 7138.86 5457.36 3078.83 5721.14 10886.6 6793.53 6591.94 3180 9246.72 8740.98 6099.26 3711.71 4153.94 8012.5 8175.24 7660.86 9633.82 5397.13 3310.42 7011.28 4270.7 6384.24 3452.54 7478.19 2962.33 6885.23 5832.75 2622.69 5811.24 9466.18 4882.96 9564.71 3564.32 9486.1 5869.63 5169.77 3801.71 7676.72 8448.63 5476.91 7626.85 3697.7 4287.3 11148.2 7501.87 6326.65 4745.04 2273.37 5122.99 4931.99 5098.28 4613.13 9390.47 4092.36 6368.83 10065.7 3715.71 10779.7 5146.59 2323.62 8564.4 
3017.98 6089.05 1046.95 2384.66 6323.67 5858.88 2260.55 328.024 4436.77 5642.35 6251.35 5907.45 1405.77 4670.8 3412.7 4351.39 2186.73 5290.29 6773.42 4436.95 3400.19 2514.48 5236.22 6925.27 2436.47 1550.29 3405.44 5602.47 4460.1 3512.41 7910.94 1542.08 1160.04 2864.84 2283.53 5542.39 982.344 5031.82 1563.71 3753.11 1725.34 5391.89 1645.14 5853.42 2806.8 6834.4 1284.45 5485.13 5903.77 1237.62 4380.05 3822.59 5220.27 2977.13 5540.44 3940.81 3552.37 6979.86 4123.31 2729.71 969.33 3321.75 4843.35 5605.11 2321.31 4522.52 5888.63 1567.8 2753.94 5903.33 2366.37 6629.67 1570.35 1862.53 4516.02 
1914.5 6191.9 2367.83 3709.46 7609.45 6485.01 1310.34 1606.39 5146.36 6700.75 6342.75 6883.2 2729.71 5489.42 2384.03 5664.99 3432.86 6614.45 6742.59 3118.49 2120.38 3778.95 5452.35 8099.73 3273.91 2867 2606.4 6693.41 5037.96 3523.93 9080.58 718.679 1474.92 2517.3 3604.36 6851.69 2215.78 6138.15 2724.13 4721.28 1399.18 6428.93 1839.67 6428 4098.98 7788.1 1210.17 5703.17 7228 671.863 5653.47 4325.61 6047.06 4196.09 6705.18 5223.04 2718.27 6714.5 4946.19 1594.11 2083.39 4440.42 6167.6 6904.29 1037.11 5839.77 6534.41 2889.79 3577.28 5718.41 1747.97 6489.01 378.021 2522.95 4711.53 
