30 90 13
777 335 649 27 763 426 211 429 862 135 22 167 11 373 784 324 413 980 862 281 84 505 313 895 814 364 87 178 403 399 676 12 94 570 467 902 652 280 865 619 31 771 709 856 586 683 528 829 270 715 796 245 921 488 841 500 124 856 227 936 437 407 858 237 818 11 776 763 606 818 369 996 470 499 644 139 669 464 355 611 299 568 311 801 878 736 522 416 924 624 
6 0.36 4.52 8.99 3.79 5.5 4.68 0.71 9.73 1.31 8.81 9.3 9.33 
6 1 9 0 3 6 12 2 7 6 11 1 7 8 10 4 11 3 7 0 11 7 9 1 1 4 4 6 12 8 
7742.47 6796.51 4281.55 3110.02 1082.4 4613.95 7526.44 4984.78 3867.47 5455.14 6933.12 6092.95 3964.06 6215.14 7928.79 1278.83 4023.36 1521.18 7692.31 9664.31 8406.36 3752.57 5957.78 2008.23 3898.82 3991.12 8516.21 1862.07 4400.28 5910.69 2908.49 6457.86 6060.4 6434.79 3119.31 885.268 4752.79 1681.07 4660.04 2824.92 6072.53 5469.96 5423.88 4842.57 2503.38 3368.59 6379.67 6068.62 2130.38 6182.95 3203.06 4593.41 3428.41 2401.69 1226.42 3114.48 8678 8622.6 3383.39 7559.37 4500.31 4462.82 1906.83 2969.53 7599.51 2328.6 4536.3 3793.89 3779.34 7625.49 7474.28 7965.96 6702.95 5783.23 5730.51 3490.9 6888.87 6911.77 5768.06 2344.38 6660.85 6636.1 4116.81 4667.59 5670.01 3881.67 5109.06 5788.35 3897.55 1035.86 
5981.41 1248.68 7208.84 7758.67 8889.78 3631.89 8252.58 6971.32 4192.4 11951.5 1100.59 12413 7362.02 11535.3 5603.57 8297.81 8505.27 9273.02 360.694 8167.8 6765 8629.51 2170.83 7848.57 5334.01 7702.08 9497.6 6465.74 3694.24 3604.51 8404.3 6335.37 8173.09 4540.7 7554.14 8874.71 7788.1 6389.28 8323.39 5406.38 5670.81 11788.6 5478.83 3363.63 7296.38 5932.16 8101.04 1999.72 10014.4 6420.67 9866.01 3814.77 4678.98 6722.17 7052.16 9468.88 9565.74 1106.03 4723.43 6172.97 6500.04 9779.49 9286.19 10489.5 7534.93 9366.67 3737.77 7354.35 5155.05 1410.89 8787.09 664.831 6752.67 8967.08 2719.5 5550.83 1161.81 9672.9 8765.39 5787.31 3659.54 6560.89 7990.06 3401.13 3618.85 8900.66 6024.1 5502.15 9484.1 9049.34 
5869.8 483.322 6381.93 6770.27 7629.92 2353.25 7878.69 6258.73 3006.29 10942.3 417.253 11434.2 6487.26 10662.2 5574.59 7132.38 7597.01 8078.45 1000.45 8199.09 6714.31 7683.7 1212.64 6569.67 4405.83 6821.91 9162.89 5194.32 2548.76 3085.85 7135.11 5919.77 7564.77 4205.76 6570.01 7649.44 7008.03 5138.02 7504.35 4256.07 5208.62 10797.9 4879.43 2084.71 6243.75 4670.39 7548.52 970.824 8811.65 5945.64 8789.41 2823.49 3412.52 5643.16 5788.35 8410 9250.44 2186.8 3552.18 6001.93 5718.51 8845.14 8126.06 9336.12 7242.76 8239.3 2459.61 6456.97 4182.59 1769.8 8353.36 1500 6357.08 8259.93 1930.62 4560.54 139.284 9069.12 8070.94 4523.83 3414.59 6165.91 7115.91 2245.55 3010.86 7955.66 5355.69 4982.58 8506.2 7805.16 
7520.91 6516.27 4131.92 3009.87 1328.34 4348.15 7376.53 4817.98 3586.03 5587.07 6653.31 6218.85 3825.98 6272.14 7697.08 1312.44 3962.44 1731.04 7412.37 9474.39 8197.52 3709.41 5676.31 2001.92 3652.68 3874.75 8391.81 1643.05 4118.69 5642.56 2942.72 6256.2 5934.48 6186 3001.67 1146.21 4630.39 1416.51 4570.83 2548.67 5852.39 5587.93 5198.02 4573.95 2362.41 3188.49 6244.65 5787.69 2376.26 5986.02 3305.53 4315.19 3159.19 2202.04 1032.47 3180.14 8552.38 8341.01 3102.03 7344.18 4312.97 4481.35 2059.05 3169.38 7423.6 2445.59 4272.25 3656.57 3523.19 7344.25 7345.77 7684.59 6512.64 5702.85 5450.15 3245.13 6610.69 6835.93 5677.41 2084.71 6396.56 6440.19 4017.56 4386.22 5400.45 3855.76 4901.75 5563.57 3919.44 1317 
6864.76 3271.85 5406.26 5155.98 4704.73 740 8008.85 5670.67 1575.82 8966.66 3360.13 9544.8 5330.94 9152.19 6784.05 4723.82 6184.96 5482.93 4081.04 9232.75 7722.19 6129.45 2748.98 3488.91 3529.55 5599.15 9275.48 2236.6 1815.71 3982.07 4060.44 6212.03 7102.11 5079.47 4998.08 4917.17 6095.55 2369.07 6404.88 2380.19 5525.98 8891.81 4916.36 1010.05 4436.33 1646.85 7244.4 2716.27 6154.17 6082.17 6662.47 2536 813.941 3810.64 2879.03 6374.21 9404.62 5211.38 1847 6849.6 5012.59 7236.61 5686.2 6876.99 7644.67 5935.76 630.317 5225.06 3211.74 4463.63 8283.04 4510.9 6626.71 7433.88 3013.25 3382.56 3212.23 8474.15 7301.52 1697.29 4727.16 6467.53 5876.5 1810.44 3740.6 6379.32 5078.62 5206.58 6767.57 4967.26 
7971.61 9082.04 4046.23 2838.05 3513.7 7388.48 6674.88 4778.21 6236.7 2182.15 9240.48 2827.81 3698.18 3288.24 8329.48 2246.62 2811.14 1860.03 9962.66 9218.11 8357.33 2463.43 8150.81 5181.17 5153.53 3450.58 7237.47 5036.07 6668.88 7332.24 5927.6 6496.04 5089.32 7325.48 3029.52 2610.94 4026.57 4664.51 3551.3 4971.09 6467.77 2231.1 6017.52 7563.72 3062.97 6612.72 5475.37 8331.42 1777.92 6186.34 590 6522.83 6215.76 3602.03 4458.92 1034.84 7402.11 10649.3 5685.16 7694.06 4700.9 2162.61 1375.39 821.34 7107.98 1027.28 7338.02 3587.55 5246.27 9552.99 6344.67 10083.9 6531.96 4297.08 7680.16 4844.84 9281.23 5204.5 4408.38 5309.05 7900.43 6560.07 3320 6972.27 7159.9 2326.48 5459.96 6305.15 1777.3 2983.17 
3440.71 5945.77 509.902 1855.4 5760.95 5500.04 2815.17 262.488 4061.77 5381.77 6110.72 5699.59 876.641 4577.39 3796.76 3798.12 1824.97 4752.9 6678.03 4985.5 3895.25 2117.47 5058.35 6372.48 2060.22 1083.74 3926.23 5073.26 4141.35 3472.3 7358.4 1971.62 1563.2 3009.62 1739.54 4986.48 773.369 4499.79 1352.81 3279.83 1976.49 5148.84 1694.52 5515.67 2244.15 6345.21 1771.24 5302.12 5381.99 1661.93 3946.45 3552.25 4787.29 2420.95 4991.39 3499.67 4077.35 6981.9 3705.27 3171.91 567.186 3052.75 4322.56 5133.52 2878.92 4023.74 5521.53 1028.83 2370.34 5885.07 2877.85 6582.6 2076.17 1998.82 4362.4 2171.75 6273.91 2940 1823.9 4699.15 3772.43 2066.52 1252.84 4385.49 3414.22 2330.77 1080.74 1883.53 2991.52 5463.71 
5202.47 8797.55 2829.31 3247.85 6992.03 8244.91 2981.71 2881.06 6803.31 3783.38 8961.77 3791.79 2862.11 2255.68 5685.7 4958.92 2211.09 5485.23 9507.81 5545.9 5192.34 2455.22 7916.92 8158.07 4854.12 2602.33 3116.42 7210.84 6950.41 6256.33 9104.12 3931.37 1845.05 5559.89 3337.93 6042.68 2151.95 6647.83 1790.45 5820.01 4376.59 3481.44 4390.63 8290.26 4007.04 8691.86 2111.52 8161.28 5816.29 3705.27 3767.03 6398.32 7390.24 4528.36 6919.09 3500.76 3272.46 9721.18 6376.61 4878.11 3418.49 2086.65 4895.56 5059.64 3707.94 4407.32 8252.86 2970.07 5144.75 8648.53 2439.06 9374.88 3686.37 883.233 7215.43 4867.12 9130.66 1001.7 1092.89 7037.17 6418.05 3824.88 2341.32 7209.78 6230.1 2341.56 3825.31 4442.22 2561.13 6539.03 
5105.29 8260.27 2198.29 2483.95 6245.01 7568.97 3180.77 2406.7 6133.13 3554.39 8425.89 3693.81 2173.48 2334.31 5563.86 4201.95 1442.22 4768 9004.19 5780.7 5224.22 1691.98 7359.42 7389.99 4225.38 1886.8 3587.76 6448.29 6312.19 5793.79 8337.7 3725.08 1744.51 5212.76 2581.18 5302.12 1565.89 5887.43 1094.44 5106.62 4060.07 3269.33 3965.51 7626.96 3245.75 7939.4 2098.48 7599.08 5139.82 3461.52 3135 5796 6678.16 3780.17 6150.81 2826.06 3751.55 9295.08 5687.05 4786.2 2858.29 1511.62 4186.1 4449.46 3791.58 3709.8 7571.8 2263.85 4502.84 8204.37 2747.74 8908.68 3558.79 721.11 6677.56 4201.07 8579.33 1574.33 908.02 6289.08 6036.13 3667.15 1610.5 6581.26 5741.67 1596.25 3368.81 4073.03 1902.87 5800.86 
5387.81 6715.91 1463.28 166.433 4010.05 5486.89 4562.28 2233.76 4123.4 4030.91 6880.44 4507.29 1096.59 3886.66 5710.71 1952.56 994.636 2811.49 7560.17 6917.14 5868.37 858.429 5775.09 4981.98 2602.1 970.618 5456.78 4024.92 4439.28 4711.23 5944.27 3934.68 3020.6 4646.91 372.022 3142.01 1725.14 3471.96 1566.05 2931.64 3820.27 3873.32 3342.01 5596.3 851.469 5545.93 3367.86 5984.45 3413.53 3626.79 2116.25 4118.51 4460.55 1463.22 3718.92 1669.4 5620.85 8126.04 3605.69 5131.57 2039.83 1979.52 2353.15 3194.53 4789.09 2056.23 5468.24 953.362 2765.88 7016.55 4430.08 7607.8 4046.84 2694.53 5212.76 2373.46 6968.56 3828 2674.06 3920 5239.27 4039.37 1032.47 4737.65 4559.88 1106.03 2798.36 3638.8 1581.14 3638.97 
9194.05 8247.38 5548.13 4257.38 588.303 5943.48 8750.42 6293.21 5353.22 5391.29 8377.05 6039.88 5201.59 6550.49 9406.08 2249.56 4986.55 1562.47 9136.22 11014.9 9820.24 4659.97 7438.88 2289.74 5415.03 5156.44 9636.06 3057.61 5892.93 7450.43 2777.23 7858.63 7214 7951.08 4321.87 1053.94 5918.22 3076.9 5707.48 4360.33 7525.7 5490.97 6893.77 6190.22 3802.37 4264.33 7561.91 7534.41 1563.2 7571.54 3483.69 6123.54 4799.3 3843.38 2428.7 3596.35 9801.28 10107 4892.65 8994.09 5876.16 5064.75 2162.61 2647.56 8913.09 2670.52 5854.58 5033.7 5309.96 9131.19 8619.76 9439.43 8068.34 6767.1 7248.62 5007.76 8311.16 7855.05 6793 3687.09 8198.35 8018.88 5218.52 6148.31 7210.03 4712.08 6533.87 7254.22 4518.07 573.847 
5708.46 8369.15 2312.49 2119.46 5572.15 7428.73 3958.28 2749.35 6021.03 2884.34 8535.58 3124.63 2156.04 2024.67 6143.7 3573.02 1086.69 4035.55 9156.84 6552.22 5906.89 1171.54 7444.9 6827.39 4237.84 1819.7 4408.55 6016.31 6266.16 6035.11 7751.18 4272.86 2445.24 5598.66 2268.74 4614.17 1842.53 5475.37 1248.08 4897.4 4501.88 2620.57 4293.37 7514.75 2872.11 7558.58 2821.44 7674.77 4360.94 3986.48 2326.99 5825.33 6452.73 3469.78 5656.08 2044.53 4572.31 9547.99 5534.35 5397.35 3049.02 693.758 3442.92 3635.85 4516.92 2951.69 7419.52 2187.17 4481.35 8442.42 3555.84 9113.03 4168.9 1504.43 6800.98 4134.84 8664.13 2374.53 1655.11 5940.3 6371.34 4253.29 1526.43 6551.1 5949.33 975.141 3679.84 4460.73 1106.35 5106.16 
6111.91 8629.86 2624.52 2234.86 5411.28 7586.31 4363.27 3114.48 6198.52 2482.84 8796.19 2751.87 2428.87 1791.09 6543.31 3466.55 1290.04 3827.53 9432.31 6959.32 6318.05 1259.6 7699.25 6746.33 4482.32 2088.3 4776.71 6025.19 6471.58 6350.07 7649.56 4669.99 2857.01 5957.56 2406.51 4445.68 2209.12 5500 1612.45 5037.24 4877.91 2225.69 4642.21 7685.03 2956.1 7590.16 3232.62 7924.56 4095.52 4380.56 2026.33 6064.47 6573.43 3576.1 5627.55 1800 4939.16 9858.3 5696.22 5802.11 3370.1 340.588 3228.37 3312.17 4928.54 2724.85 7571.45 2436.55 4709.76 8749.66 3947.82 9407.32 4574.8 1903.94 7072 4348.24 8914.76 2710.3 2061.97 5998.44 6714.05 4656.11 1805.46 6761.89 6253.53 1008.07 4028.26 4824.21 873.212 4928.31 
5651.07 7194.67 1715.72 638.905 4120.29 5957.16 4606.79 2460.33 4601.97 3556.92 7359.42 4026.16 1366.24 3425.84 6000.04 2058.01 751.665 2767.96 8035.92 7045.77 6077.05 474.342 6254.12 5234.83 3070.44 1131.11 5406.31 4383.16 4921.64 5151.02 6178.36 4180.19 3025.57 5025.58 842.2 3203.39 1796.27 3845.2 1476.35 3400.26 4136.28 3394.13 3704.01 6070.76 1290.31 5931.9 3394.38 6464.69 3291.88 3870.21 1749.51 4597.93 4915.04 1919.71 4028.81 1298.77 5572.19 8586.73 4080.94 5380.46 2376.97 1511.69 2245.08 2929.04 4914.8 1866.01 5936.33 1261.27 3242.99 7476.05 4407.1 8076.14 4247.21 2535.39 5685.21 2852.72 7449.49 3646.11 2553.84 4328.43 5652.87 4259.88 1059.48 5220.15 5008.01 670.075 3133.83 3980.18 1098.59 3705.48 
5219.82 2164.53 4460.25 4632.2 5551.95 1221.88 6613.46 4521.34 782.943 8760.37 2308.87 9273.73 4493.61 8605.98 5106.9 4902.3 5535.86 5864.41 3063.41 7607.96 6086.64 5578.83 1327.74 4765.18 2430.74 4811.75 7905.55 3231.87 344.384 2285.8 5507.18 4722.3 5931.42 3417.84 4439.21 5472.92 5132.77 3045.87 5559.25 2022.99 4006.76 8630.23 3464.39 1126.41 4052.16 3273.61 6005.21 1428.04 6604.97 4639.85 6572.22 978.621 1504.43 3436.51 3750.55 6203.2 8021.53 3994.61 1320.61 5231.79 3899.65 6739.86 5894.99 7104.06 6153.8 6006.8 1295.41 4433.52 2148.42 3057.22 6967.08 3327.58 5155.2 6452.73 1344.8 2475.42 2306.38 7392.01 6287.67 2514.48 3020.76 4981.82 5106.56 108.167 2052.44 5848.39 3759.71 3704.01 6361.21 5670.04 
5236.89 1464.14 6842.02 7524.75 9056.47 3996.06 7596.27 6524.42 4268.08 11706.2 1392.62 12135.1 7031.43 11167.6 4834.14 8269.04 8189.52 9284.33 840.238 7362.1 5991.64 8345.89 2178.62 8163.54 5088.42 7371.53 8815 6699.14 3734.72 3134.23 8794.46 5720.98 7643.91 3923.79 7318.61 8948.59 7378.2 6549.41 7936.8 5396.76 5093.09 11525.3 4986.23 3727.1 7134.74 6359.32 7539.56 2096.14 10035.9 5836.58 9706.68 3685.13 4914.35 6598.49 7246.52 9292.1 8874.26 490.306 4760.51 5449.05 6110.06 9475.61 9241.34 10426.8 6847.46 9274.65 4107.02 7042.84 4954.61 729.452 8155.84 255.539 6122.22 8493.77 2514.36 5356.79 1609.63 9128.49 8285.37 5994.01 3030.59 5932.71 7651.05 3469.76 3205.15 8613.72 5563.89 4960.67 9223.04 9167.43 
5985.06 1284.56 5809.83 6019.85 6573.92 1277.69 7710.93 5806.75 2091.24 10136.5 1354.47 10656.1 5862.85 9991.24 5769.45 6183.61 6919.78 7093.46 2066.2 8373.42 6854.12 6966.56 1126.06 5493.07 3782.17 6185.61 9008.32 4126.8 1731.85 3018.11 6070.53 5765.14 7185.8 4209.33 5827.15 6631.9 6471.12 4096.49 6919.48 3357.53 5038.29 10011.1 4590.7 1008.41 5429.96 3618.65 7222.81 947.945 7815.84 5734.68 7926.69 2224.63 2355.67 4808 4729.66 7568.2 9111.78 3210.55 2641.69 6062.09 5210.76 8127.78 7178.24 8390.88 7161.71 7326.12 1385.21 5809.23 3515.25 2572.33 8122.72 2510.56 6206.71 7774.18 1777.3 3856.73 1198.21 8670.58 7600.32 3467.81 3564.34 6022.04 6480.93 1440.28 2860.24 7236.26 4976.92 4767.66 7747.55 6766.34 
7746.65 9568.31 3977.3 3040.95 4669.78 8110.32 6115.69 4617.36 6850.73 1209.34 9731.53 1796.22 3680.57 2121.32 8151.77 3170.52 2581.05 3001.67 10423.5 8709.33 8017.06 2312.62 8627.44 6290.07 5477.59 3370.01 6498.88 5988.33 7228.06 7563.45 7071.81 6278.09 4590.04 7368.48 3247.11 3742.04 3756.94 5559.32 3193.12 5594.73 6382.38 1149.83 6035.83 8259.55 3513.36 7584.26 4970.81 8828.78 2954.47 5976.29 1141.4 6972.13 6977.82 4128.35 5454.33 1387.08 6658.87 11000.9 6306.51 7447.1 4705.23 1480 2460.73 1936.31 6660.37 2006.39 8072.2 3617.07 5631.57 9890.77 5698.43 10482.5 6234.36 3657.79 8084.18 5233.81 9804.88 4399.33 3812.62 6169.42 8041.37 6295.92 3155.46 7531.32 7423.6 2077.93 5437.44 6274.79 1416.93 4141.33 
6427.95 1516.11 6206.13 6360.7 6672.61 1314.84 8157.38 6226.85 2391.4 10443.2 1541.46 10974.5 6245.68 10350.9 6205.56 6414.12 7283.58 7288.71 2168.16 8813.85 7296.09 7316.65 1551.93 5488.94 4175.8 6564.03 9454.87 4205.95 2095.04 3465.62 6002.57 6213.03 7614.12 4656.11 6171.71 6792.72 6873.46 4235.95 7309.53 3644.46 5486.14 10326.7 5032.87 1073.78 5746.25 3525.12 7657.55 1350.74 7998.01 6180.26 8208.64 2640.47 2487.83 5117.44 4830.11 7862.45 9558.95 3363.64 2932.06 6508.16 5622.75 8474.82 7405.87 8617.2 7610.69 7578.66 1406.31 6185.67 3899.24 2850.47 8565.26 2675.26 6654.51 8184.28 2223.35 4226.64 1314.69 9094.28 8013.55 3584.69 3999.3 6470.12 6858.8 1818.93 3309.27 7584.75 5409.47 5214.03 8079.63 6896.56 
4904.86 7842.97 1764.77 2059.34 5906.99 7118.48 3182.77 2043.55 5683.56 3690.88 8008.9 3900.83 1723.86 2652.79 5346.19 3848.96 1048.09 4480.68 8597.82 5765.34 5094.8 1341.83 6936.38 6996.38 3785.41 1435.03 3746.26 6019.73 5868.05 5408.82 7951.78 3481.74 1640.12 4882.15 2145.6 4977.49 1164 5455.87 648.46 4655.2 3753.73 3421.61 3606.36 7177.98 2815.85 7500.25 2020.62 7174.32 4901.53 3202.06 2966.23 5361.13 6226.76 3337.81 5737.91 2613.75 3912.34 8918.1 5235.67 4591.84 2447.55 1470.54 3912.81 4285.91 3711.63 3456.26 7120.85 1812.21 4059.27 7821.64 2827.93 8516.3 3362.16 794.04 6261.89 3752.93 8157.18 1859.14 891.852 5847.02 5685.42 3451.62 1160 6139.1 5346.34 1302.5 3000.27 3740.01 1739.54 5478.77 
8051.05 8810.82 4111.22 2821.1 2948.22 7011.28 6922.43 4868.06 5921.12 2733.59 8966.21 3382.13 3750.12 3836.93 8383.73 1832.21 3001.37 1303.84 9699.81 9424.97 8488.92 2641.7 7889.26 4630.01 4998.92 3541.89 7564.19 4558.17 6377.09 7196.9 5364.11 6585.95 5328.46 7281.79 2994.21 2056.23 4185.24 4219 3764.31 4664.95 6494.92 2794.58 6000.51 7198.31 2901.47 6118.71 5711.2 8058.7 1236.65 6276.25 880.909 6287.27 5825.8 3377.65 3962.74 1210.78 7730.03 10436.3 5371.3 7786.17 4713.77 2566.32 876.584 520.096 7299.76 697.711 6955.06 3620.88 5059.03 9351.28 6635.31 9850.57 6659.04 4611.4 7457.29 4662.75 8991.05 5577.79 4701.88 4875.99 7804.39 6671.09 3455.68 6678.11 7010.18 2557.38 5471.1 6307.85 2105.35 2417.48 
6650.09 9703.41 3622.21 3441.93 6492.5 8777.63 4526.37 3953.24 7374.61 2283.55 9869.78 2245.11 3498.24 757.166 7118.27 4626.5 2438.13 4855.56 10478.3 7092.33 6704.7 2469.51 8784.15 7910.46 5585.81 3166.28 4598.31 7241.77 7621.55 7313.91 8791.63 5295.89 3264.97 6782.58 3604.11 5525.52 3070.65 6720.6 2510.08 6238.02 5636.53 1977.73 5516.32 8867.21 4174.81 8811.11 3583.98 9016.48 5000.9 5036.98 2932.32 7173.54 7784.12 4789.68 6830.05 2838.26 4746.41 10825.5 6883.91 6328.11 4338.03 1450 4258.42 4072.96 5232.61 3748.83 8766.44 3538.38 5834.01 9726.66 3984.37 10414 5108.83 2213.71 8129.16 5490.04 10004.7 2500.08 2428.87 7221.74 7594.34 5226.83 2871.17 7905.98 7244.12 2227.67 4910.76 5641.07 2008.98 5989.23 
2912.34 2495.96 4582.14 5487.67 7912.05 4007.69 5128.31 4153.37 3383.78 9562.9 2614.44 9934.57 4827.8 8846.13 2603.11 6658.3 5982.05 7729.15 2849.3 5228 3745.85 6190.48 2119.36 7492 3180.02 5158.3 6369 5898.92 2901.93 982.7 8316.85 3236.31 5182.78 1439.24 5286.09 7563.4 5041.72 5553.89 5623.85 4063.56 2616.58 9354.33 2590.48 3809.38 5269.1 6178.88 5062.46 2313.55 8480.11 3355.29 7756.45 2375.39 4352.9 4853.14 6287.67 7316.65 6437.7 2780.88 3659.54 3071.32 3834.07 7264.72 7554.1 8664.7 4407.02 7479.2 4105.81 4873.12 3175.3 1764.65 5676.09 2539.96 3640.78 6072.24 1600.78 3546.11 2891.71 6655.55 5858.96 5190.65 546.26 3450.46 5416.71 2811.92 1205.03 6446.62 3196.25 2510.24 7089.17 7887.77 
6640.03 7790.64 2700.02 1445.54 3458.24 6275.39 5563.86 3454.19 5024.67 3044.16 7951.96 3610.24 2341.37 3430.71 6979.29 1538.83 1637.19 1924.63 8659.34 8033.06 7075.37 1279.06 6852.52 4820.66 3783.36 2127.63 6290.85 4264.33 5417.13 5947.94 5704.85 5172.79 3972.12 5933.34 1635.15 2495.62 2784.31 3793.18 2403.37 3764.31 5099.75 2957.18 4630.6 6424.87 1723.51 5860.51 4349.25 7044.83 2348.04 4862.97 857.555 5206.34 5147.45 2314.07 3790.47 454.533 6457.28 9300.89 4478 6373.14 3323.4 1657.05 1346.18 1932.59 5903.74 899.444 6237.77 2218.15 3896.67 8198.47 5321.7 8752.42 5245.59 3356.01 6346.48 3494.48 8011.6 4406.92 3414.22 4375.35 6506.96 5256.81 2050 5721.14 5781.35 1265.07 4082.85 4925.4 1091.1 2985.03 
8822.61 7997.66 5167.36 3877.64 528.11 5742.82 8370.54 5912.77 5082.4 5176.04 8130.93 5826.26 4820.84 6265.56 9039.3 1869.36 4617.46 1240.85 8890.54 10634.9 9444.12 4294.24 7172.2 2319.76 5063.33 4776.96 9261.06 2880.62 5618.43 7120.85 2925.54 7481.93 6836.17 7597.43 3941.22 674.24 5539.21 2837.9 5334.01 4049.75 7155.2 5258.84 6526.64 5983.26 3423.01 4187.14 7183.07 7276.41 1389.17 7194.03 3185.11 5819.49 4579.49 3475.54 2235.44 3269.57 9426.13 9839.21 4606.63 8620.41 5498.59 4733.21 1838.4 2453.45 8532.44 2348.3 5657.85 4652.92 4967.34 8848.98 8242.94 9177.98 7689.32 6399.63 6956.39 4656.92 8075.47 7492.42 6422.41 3471.77 7862.06 7640.84 4841.49 5881.06 6883.2 4353.26 6160.13 6886.08 4181.15 202.237 
6742.73 5346.3 3802.17 2989.31 2401.04 3223.86 6960.78 4374.77 2420.43 6336.1 5483.36 6938.78 3568.81 6745.38 6862.25 2024.25 4044.6 2789.59 6242.39 8843.38 7480.59 3878.66 4510.54 2258.58 2795.89 3717.69 8082.1 975.141 2956.7 4601.96 3234.27 5599.16 5657.85 5265.79 2902.43 2300.98 4409.67 431.045 4503.09 1479.59 5101.86 6289.81 4426.66 3437.4 2228.92 2521.27 5918.72 4618.66 3492.01 5358.4 4016.59 3201.56 2027.26 1775.53 866.083 3778.81 8235.27 7177.2 1953.18 6601.7 3781.14 4855.45 2974.05 4165.15 6881.2 3244.23 3155.72 3413.3 2600 6191.65 7030.82 6517.49 5910.55 5637.06 4310.57 2407.86 5442.66 6765.33 5567.2 1038.32 5377.56 5810.37 3930.71 3219.6 4351.18 4085.93 4241.99 4791.7 4328.52 2479.35 
3278.67 4405.56 1692.57 2501.86 5563.43 4050.98 3810.77 1576.86 2648.85 6590.37 4571.31 6989.97 1873.95 6022 3447.46 3922.16 3034.49 4990.04 5164.43 5386.58 4002.32 3214.42 3507.21 5727.52 734.098 2213.26 5069.13 4233.82 2640.68 2074.25 6688.53 2157.24 2980.27 2055.48 2303.13 4989.77 2290.26 3706.01 2807.94 2203.2 1624.1 6392.95 952.575 4036.56 2385.33 5245.35 3068.89 3749.31 5713.86 1956.02 4778.46 2009.6 3507.21 2132.65 4343.32 4334.57 5199.77 5565.15 2403.37 3124.77 999.25 4322.51 4716.58 5756.41 3531.71 4571.93 4085.79 1897.6 1030.78 4454.8 4079.46 5112.51 2518.11 3553.6 2823.63 1076.15 4725.63 4445.99 3373.69 3700.86 2573.87 2389.5 2491.59 2863.93 1958.8 3476.51 877.268 1319.28 4108.38 5399.56 
2090.29 3350.1 3807.28 4841.99 7677.77 4436.96 4173.37 3299.59 3520.26 8804.93 3484.15 9143.46 4087.95 7991.38 1886.8 6225.57 5218.78 7300.75 3788.68 4474.93 2956.55 5457.15 2798.66 7477.97 2740.02 4404.78 5424.07 5885.39 3131.68 955.249 8362.31 2275.28 4246.34 483.735 4648.55 7222.77 4202.68 5467.62 4794.88 3902.42 1672.75 8582.42 1753.17 4280.42 4735.1 6408 4111.8 3027.69 8037.94 2401.87 7120.26 2461 4534.85 4407.68 6186.84 6672.61 5497.58 3729.79 3658.25 2196.72 3066.35 6484.94 7061.54 8116.01 3469.76 6930.98 4522.27 4155.78 2828.16 2725.91 4715.61 3500 2680.02 5163.77 2128.78 3141.29 3744.57 5707.28 4947.73 5211.24 419.762 2489.44 4644.24 3134.28 1196.7 5702.43 2366.81 1605.52 6357.06 7590.69 
8100.38 6637.27 4829.96 3735.91 1047.85 4311.16 8069.45 5497.64 3783.19 6153.25 6763.27 6794.64 4533.45 6939.57 8248.74 1996.85 4691.63 2157.13 7521.3 10115 8804.71 4436.06 5852.11 1287.87 4178.52 4594.19 9103.55 1428.88 4326.4 6044.52 2214.16 6881.51 6646.78 6684.68 3722 1432.65 5345.97 1479.59 5298.23 2921.81 6440.03 6177.29 5774.09 4558.17 3072.93 2776.51 6950.76 5935.07 2663.4 6620.46 3920.46 4630.87 3171.94 2854.91 797.057 3838.85 9263.29 8516.74 3361.8 7939.18 4968.06 5180.89 2602.31 3597.85 8087.35 3042.37 4222.46 4364.95 4010.61 7567.46 8055.46 7841.36 7156.87 6431.38 5714.02 3777.09 6689.13 7564.85 6404.13 2059.93 6819.3 7075.32 4742.92 4567.1 5793.67 4577.71 5520.73 6140.83 4616.37 1329.44 
6330.01 10006.6 3983.63 4173.46 7569.65 9359.51 3945.54 4096.83 7925.18 3339.24 10171.3 3146.68 3965.48 1547.38 6822.68 5628.94 3111.3 5961.78 10725.4 6389.41 6234.72 3258.5 9118.46 8903 6013.65 3671.43 3730.44 8105.71 8103.59 7478.19 9812.98 5119.53 3035.34 6777.03 4300.01 6602.52 3327.73 7560.34 2887.35 6880.77 5591.03 3037.98 5613.78 9419.52 4936.85 9637.69 3259.6 9361.08 6153.06 4906.5 4071.81 7576.82 8450.73 5510 7748.55 3928.26 3861.67 10944.2 7474.39 6006.01 4612.68 2469.66 5361.57 5247.68 4740.85 4852.55 9360.96 4050.88 6294.14 9871.78 3329.52 10597.2 4846.61 2106.23 8423.42 5993.93 10335.1 1807.01 2315.88 8006 7638.88 4996.1 3387.4 8370.85 7448.83 3067.28 5045.88 5663.59 3031.91 7079.39 
