30 90 13
777 335 649 27 763 426 211 429 862 135 22 167 11 373 784 324 413 980 862 281 84 505 313 895 814 364 87 178 403 399 676 12 94 570 467 902 652 280 865 619 31 771 709 856 586 683 528 829 270 715 796 245 921 488 841 500 124 856 227 936 437 407 858 237 818 11 776 763 606 818 369 996 470 499 644 139 669 464 355 611 299 568 311 801 878 736 522 416 924 624 
6000 360 4520 8990 3790 5500 4680 710 9730 1310 8810 9300 9330 
6 1 9 0 3 6 12 2 7 6 11 1 7 8 10 4 11 3 7 0 11 7 9 1 1 4 4 6 12 8 
774247 679651 428155 311002 108240 461395 752644 498478 386747 545514 693312 609295 396406 621514 792879 127883 402336 152118 769231 966431 840636 375257 595778 200823 389882 399112 851621 186207 440028 591069 290849 645786 606040 643479 311931 88526.8 475279 168107 466004 282492 607253 546996 542388 484257 250338 336859 637967 606862 213038 618295 320306 459341 342841 240169 122642 311448 867800 862260 338339 755937 450031 446282 190683 296953 759951 232860 453630 379389 377934 762549 747428 796596 670295 578323 573051 349090 688887 691177 576806 234438 666085 663610 411681 466759 567001 388167 510906 578835 389755 103586 
598141 124868 720884 775867 888978 363189 825258 697132 419240 1.19515e+06 110059 1.2413e+06 736202 1.15353e+06 560357 829781 850527 927302 36069.4 816780 676500 862951 217083 784857 533401 770208 949760 646574 369424 360451 840430 633537 817309 454070 755414 887471 778810 638928 832339 540638 567081 1.17886e+06 547883 336363 729638 593216 810104 199972 1.00144e+06 642067 986601 381477 467898 672217 705216 946888 956574 110603 472343 617297 650004 977949 928619 1.04895e+06 753493 936667 373777 735435 515505 141089 878709 66483.1 675267 896708 271950 555083 116181 967290 876539 578731 365954 656089 799006 340113 361885 890066 602410 550215 948410 904934 
586980 48332.2 638193 677027 762992 235325 787869 625873 300629 1.09423e+06 41725.3 1.14342e+06 648726 1.06622e+06 557459 713238 759701 807845 100045 819909 671431 768370 121264 656967 440583 682191 916289 519432 254876 308585 713511 591977 756477 420576 657001 764944 700803 513802 750435 425607 520862 1.07979e+06 487943 208471 624375 467039 754852 97082.4 881165 594564 878941 282349 341252 564316 578835 841000 925044 218680 355218 600193 571851 884514 812606 933612 724276 823930 245961 645697 418259 176980 835336 150000 635708 825993 193062 456054 13928.4 906912 807094 452383 341459 616591 711591 224555 301086 795566 535569 498258 850620 780516 
752091 651627 413192 300987 132834 434815 737653 481798 358603 558707 665331 621885 382598 627214 769708 131244 396244 173104 741237 947439 819752 370941 567631 200192 365268 387475 839181 164305 411869 564256 294272 625620 593448 618600 300167 114621 463039 141651 457083 254867 585239 558793 519802 457395 236241 318849 624465 578769 237626 598602 330553 431519 315919 220204 103247 318014 855238 834101 310203 734418 431297 448135 205905 316938 742360 244559 427225 365657 352319 734425 734577 768459 651264 570285 545015 324513 661069 683593 567741 208471 639656 644019 401756 438622 540045 385576 490175 556357 391944 131700 
686476 327185 540626 515598 470473 74000 800885 567067 157582 896666 336013 954480 533094 915219 678405 472382 618496 548293 408104 923275 772219 612945 274898 348891 352955 559915 927548 223660 181571 398207 406044 621203 710211 507947 499808 491717 609555 236907 640488 238019 552598 889181 491636 101005 443633 164685 724440 271627 615417 608217 666247 253600 81394.1 381064 287903 637421 940462 521138 184700 684960 501259 723661 568620 687699 764467 593576 63031.7 522506 321174 446363 828304 451090 662671 743388 301325 338256 321223 847415 730152 169729 472716 646753 587650 181044 374060 637932 507862 520658 676757 496726 
797161 908204 404623 283805 351370 738848 667488 477821 623670 218215 924048 282781 369818 328824 832948 224662 281114 186003 996266 921811 835733 246343 815081 518117 515353 345058 723747 503607 666888 733224 592760 649604 508932 732548 302952 261094 402657 466451 355130 497109 646777 223110 601752 756372 306297 661272 547537 833142 177792 618634 59000 652283 621576 360203 445892 103484 740211 1.06493e+06 568516 769406 470090 216261 137539 82134 710798 102728 733802 358755 524627 955299 634467 1.00839e+06 653196 429708 768016 484484 928123 520450 440838 530905 790043 656007 332000 697227 715990 232648 545996 630515 177730 298317 
344071 594577 50990.2 185540 576095 550004 281517 26248.8 406177 538177 611072 569959 87664.1 457739 379676 379812 182497 475290 667803 498550 389525 211747 505835 637248 206022 108374 392623 507326 414135 347230 735840 197162 156320 300962 173954 498648 77336.9 449979 135281 327983 197649 514884 169452 551567 224415 634521 177124 530212 538199 166193 394645 355225 478729 242095 499139 349967 407735 698190 370527 317191 56718.6 305275 432256 513352 287892 402374 552153 102883 237034 588507 287785 658260 207617 199882 436240 217175 627391 294000 182390 469915 377243 206652 125284 438549 341422 233077 108074 188353 299152 546371 
520247 879755 282931 324785 699203 824491 298171 288106 680331 378338 896177 379179 286211 225568 568570 495892 221109 548523 950781 554590 519234 245522 791692 815807 485412 260233 311642 721084 695041 625633 910412 393137 184505 555989 333793 604268 215195 664783 179045 582001 437659 348144 439063 829026 400704 869186 211152 816128 581629 370527 376703 639832 739024 452836 691909 350076 327246 972118 637661 487811 341849 208665 489556 505964 370794 440732 825286 297007 514475 864853 243906 937488 368637 88323.3 721543 486712 913066 100170 109289 703717 641805 382488 234132 720978 623010 234156 382531 444222 256113 653903 
510529 826027 219829 248395 624501 756897 318077 240670 613313 355439 842589 369381 217348 233431 556386 420195 144222 476800 900419 578070 522422 169198 735942 738999 422538 188680 358776 644829 631219 579379 833770 372508 174451 521276 258118 530212 156589 588743 109444 510662 406007 326933 396551 762696 324575 793940 209848 759908 513982 346152 313500 579600 667816 378017 615081 282606 375155 929508 568705 478620 285829 151162 418610 444946 379158 370980 757180 226385 450284 820437 274774 890868 355879 72111 667756 420107 857933 157433 90802 628908 603613 366715 161050 658126 574167 159625 336881 407303 190287 580086 
538781 671591 146328 16643.3 401005 548689 456228 223376 412340 403091 688044 450729 109659 388666 571071 195256 99463.6 281149 756017 691714 586837 85842.9 577509 498198 260210 97061.8 545678 402492 443928 471123 594427 393468 302060 464691 37202.2 314201 172514 347196 156605 293164 382027 387332 334201 559630 85146.9 554593 336786 598445 341353 362679 211625 411851 446055 146322 371892 166940 562085 812604 360569 513157 203983 197952 235315 319453 478909 205623 546824 95336.2 276588 701655 443008 760780 404684 269453 521276 237346 696856 382800 267406 392000 523927 403937 103247 473765 455988 110603 279836 363880 158114 363897 
919405 824738 554813 425738 58830.3 594348 875042 629321 535322 539129 837705 603988 520159 655049 940608 224956 498655 156247 913622 1.10149e+06 982024 465997 743888 228974 541503 515644 963606 305761 589293 745043 277723 785863 721400 795108 432187 105394 591822 307690 570748 436033 752570 549097 689377 619022 380237 426433 756191 753441 156320 757154 348369 612354 479930 384338 242870 359635 980128 1.0107e+06 489265 899409 587616 506475 216261 264756 891309 267052 585458 503370 530996 913119 861976 943943 806834 676710 724862 500776 831116 785505 679300 368709 819835 801888 521852 614831 721003 471208 653387 725422 451807 57384.7 
570846 836915 231249 211946 557215 742873 395828 274935 602103 288434 853558 312463 215604 202467 614370 357302 108669 403555 915684 655222 590689 117154 744490 682739 423784 181970 440855 601631 626616 603511 775118 427286 244524 559866 226874 461417 184253 547537 124808 489740 450188 262057 429337 751475 287211 755858 282144 767477 436094 398648 232699 582533 645273 346978 565608 204453 457231 954799 553435 539735 304902 69375.8 344292 363585 451692 295169 741952 218717 448135 844242 355584 911303 416890 150443 680098 413484 866413 237453 165511 594030 637134 425329 152643 655110 594933 97514.1 367984 446073 110635 510616 
611191 862986 262452 223486 541128 758631 436327 311448 619852 248284 879619 275187 242887 179109 654331 346655 129004 382753 943231 695932 631805 125960 769925 674633 448232 208830 477671 602519 647158 635007 764956 466999 285701 595756 240651 444568 220912 550000 161245 503724 487791 222569 464221 768503 295610 759016 323262 792456 409552 438056 202633 606447 657343 357610 562755 180000 493916 985830 569622 580211 337010 34058.8 322837 331217 492854 272485 757145 243655 470976 874966 394782 940732 457480 190394 707200 434824 891476 271030 206197 599844 671405 465611 180546 676189 625353 100807 402826 482421 87321.2 492831 
565107 719467 171572 63890.5 412029 595716 460679 246033 460197 355692 735942 402616 136624 342584 600004 205801 75166.5 276796 803592 704577 607705 47434.2 625412 523483 307044 113111 540631 438316 492164 515102 617836 418019 302557 502558 84220 320339 179627 384520 147635 340026 413628 339413 370401 607076 129031 593190 339438 646469 329188 387021 174951 459793 491504 191971 402881 129877 557219 858673 408094 538046 237697 151169 224508 292904 491480 186601 593633 126127 324299 747605 440710 807614 424721 253539 568521 285272 744949 364611 255384 432843 565287 425988 105948 522015 500801 67007.5 313383 398018 109859 370548 
521982 216453 446025 463220 555195 122188 661346 452134 78294.3 876037 230887 927373 449361 860598 510690 490230 553586 586441 306341 760796 608664 557883 132774 476518 243074 481175 790555 323187 34438.4 228580 550718 472230 593142 341784 443921 547292 513277 304587 555925 202299 400676 863023 346439 112641 405216 327361 600521 142804 660497 463985 657222 97862.1 150443 343651 375055 620320 802153 399461 132061 523179 389965 673986 589499 710406 615380 600680 129541 443352 214842 305722 696708 332758 515520 645273 134480 247542 230638 739201 628767 251448 302076 498182 510656 10816.7 205244 584839 375971 370401 636121 567004 
523689 146414 684202 752475 905647 399606 759627 652442 426808 1.17062e+06 139262 1.21351e+06 703143 1.11676e+06 483414 826904 818952 928433 84023.8 736210 599164 834589 217862 816354 508842 737153 881500 669914 373472 313423 879446 572098 764391 392379 731861 894859 737820 654941 793680 539676 509309 1.15253e+06 498623 372710 713474 635932 753956 209614 1.00359e+06 583658 970668 368513 491435 659849 724652 929210 887426 49030.6 476051 544905 611006 947561 924134 1.04268e+06 684746 927465 410702 704284 495461 72945.2 815584 25553.9 612222 849377 251436 535679 160963 912849 828537 599401 303059 593271 765105 346976 320515 861372 556389 496067 922304 916743 
598506 128456 580983 601985 657392 127769 771093 580675 209124 1.01365e+06 135447 1.06561e+06 586285 999124 576945 618361 691978 709346 206620 837342 685412 696656 112606 549307 378217 618561 900832 412680 173185 301811 607053 576514 718580 420933 582715 663190 647112 409649 691948 335753 503829 1.00111e+06 459070 100841 542996 361865 722281 94794.5 781584 573468 792669 222463 235567 480800 472966 756820 911178 321055 264169 606209 521076 812778 717824 839088 716171 732612 138521 580923 351525 257233 812272 251056 620671 777418 177730 385673 119821 867058 760032 346781 356434 602204 648093 144028 286024 723626 497692 476766 774755 676634 
774665 956831 397730 304095 466978 811032 611569 461736 685073 120934 973153 179622 368057 212132 815177 317052 258105 300167 1.04235e+06 870933 801706 231262 862744 629007 547759 337001 649888 598833 722806 756345 707181 627809 459004 736848 324711 374204 375694 555932 319312 559473 638238 114983 603583 825955 351336 758426 497081 882878 295447 597629 114140 697213 697782 412835 545433 138708 665887 1.10009e+06 630651 744710 470523 148000 246073 193631 666037 200639 807220 361707 563157 989077 569843 1.04825e+06 623436 365779 808418 523381 980488 439933 381262 616942 804137 629592 315546 753132 742360 207793 543744 627479 141693 414133 
642795 151611 620613 636070 667261 131484 815738 622685 239140 1.04432e+06 154146 1.09745e+06 624568 1.03509e+06 620556 641412 728358 728871 216816 881385 729609 731665 155193 548894 417580 656403 945487 420595 209504 346562 600257 621303 761412 465611 617171 679272 687346 423595 730953 364446 548614 1.03267e+06 503287 107378 574625 352512 765755 135074 799801 618026 820864 264047 248783 511744 483011 786245 955895 336364 293206 650816 562275 847482 740587 861720 761069 757866 140631 618567 389924 285047 856526 267526 665451 818428 222335 422664 131469 909428 801355 358469 399930 647012 685880 181893 330927 758475 540947 521403 807963 689656 
490486 784297 176477 205934 590699 711848 318277 204355 568356 369088 800890 390083 172386 265279 534619 384896 104809 448068 859782 576534 509480 134183 693638 699638 378541 143503 374626 601973 586805 540882 795178 348174 164012 488215 214560 497749 116400 545587 64846 465520 375373 342161 360636 717798 281585 750025 202062 717432 490153 320206 296623 536113 622676 333781 573791 261375 391234 891810 523567 459184 244755 147054 391281 428591 371163 345626 712085 181221 405927 782164 282793 851630 336216 79404 626189 375293 815718 185914 89185.2 584702 568542 345162 116000 613910 534634 130250 300027 374001 173954 547877 
805105 881082 411122 282110 294822 701128 692243 486806 592112 273359 896621 338213 375012 383693 838373 183221 300137 130384 969981 942497 848892 264170 788926 463001 499892 354189 756419 455817 637709 719690 536411 658595 532846 728179 299421 205623 418524 421900 376431 466495 649492 279458 600051 719831 290147 611871 571120 805870 123665 627625 88090.9 628727 582580 337765 396274 121078 773003 1.04363e+06 537130 778617 471377 256632 87658.4 52009.6 729976 69771.1 695506 362088 505903 935128 663531 985057 665904 461140 745729 466275 899105 557779 470188 487599 780439 667109 345568 667811 701018 255738 547110 630785 210535 241748 
665009 970341 362221 344193 649250 877763 452637 395324 737461 228355 986978 224511 349824 75716.6 711827 462650 243813 485556 1.04783e+06 709233 670470 246951 878415 791046 558581 316628 459831 724177 762155 731391 879163 529589 326497 678258 360411 552552 307065 672060 251008 623802 563653 197773 551632 886721 417481 881111 358398 901648 500090 503698 293232 717354 778412 478968 683005 283826 474641 1.08255e+06 688391 632811 433803 145000 425842 407296 523261 374883 876644 353838 583401 972666 398437 1.0414e+06 510883 221371 812916 549004 1.00047e+06 250008 242887 722174 759434 522683 287117 790598 724412 222767 491076 564107 200898 598923 
291234 249596 458214 548767 791205 400769 512831 415337 338378 956290 261444 993457 482780 884613 260311 665830 598205 772915 284930 522800 374585 619048 211936 749200 318002 515830 636900 589892 290193 98270 831685 323631 518278 143924 528609 756340 504172 555389 562385 406356 261658 935433 259048 380938 526910 617888 506246 231355 848011 335529 775645 237539 435290 485314 628767 731665 643770 278088 365954 307132 383407 726472 755410 866470 440702 747920 410581 487312 317530 176465 567609 253996 364078 607224 160078 354611 289171 665555 585896 519065 54626 345046 541671 281192 120503 644662 319625 251024 708917 788777 
664003 779064 270002 144554 345824 627539 556386 345419 502467 304416 795196 361024 234137 343071 697929 153883 163719 192463 865934 803306 707537 127906 685252 482066 378336 212763 629085 426433 541713 594794 570485 517279 397212 593334 163515 249562 278431 379318 240337 376431 509975 295718 463060 642487 172351 586051 434925 704483 234804 486297 85755.5 520634 514745 231407 379047 45453.3 645728 930089 447800 637314 332340 165705 134618 193259 590374 89944.4 623777 221815 389667 819847 532170 875242 524559 335601 634648 349448 801160 440692 341422 437535 650696 525681 205000 572114 578135 126507 408285 492540 109110 298503 
882261 799766 516736 387764 52811 574282 837054 591277 508240 517604 813093 582626 482084 626556 903930 186936 461746 124085 889054 1.06349e+06 944412 429424 717220 231976 506333 477696 926106 288062 561843 712085 292554 748193 683617 759743 394122 67424 553921 283790 533401 404975 715520 525884 652664 598326 342301 418714 718307 727641 138917 719403 318511 581949 457949 347554 223544 326957 942613 983921 460663 862041 549859 473321 183840 245345 853244 234830 565785 465292 496734 884898 824294 917798 768932 639963 695639 465692 807547 749242 642241 347177 786206 764084 484149 588106 688320 435326 616013 688608 418115 20223.7 
674273 534630 380217 298931 240104 322386 696078 437477 242043 633610 548336 693878 356881 674538 686225 202425 404460 278959 624239 884338 748059 387866 451054 225858 279589 371769 808210 97514.1 295670 460196 323427 559916 565785 526579 290243 230098 440967 43104.5 450309 147959 510186 628981 442666 343740 222892 252127 591872 461866 349201 535840 401659 320156 202726 177553 86608.3 377881 823527 717720 195318 660170 378114 485545 297405 416515 688120 324423 315572 341330 260000 619165 703082 651749 591055 563706 431057 240786 544266 676533 556720 103832 537756 581037 393071 321960 435118 408593 424199 479170 432852 247935 
327867 440556 169257 250186 556343 405098 381077 157686 264885 659037 457131 698997 187395 602200 344746 392216 303449 499004 516443 538658 400232 321442 350721 572752 73409.8 221326 506913 423382 264068 207425 668853 215724 298027 205548 230313 498977 229026 370601 280794 220320 162410 639295 95257.5 403656 238533 524535 306889 374931 571386 195602 477846 200960 350721 213265 434332 433457 519977 556515 240337 312477 99925 432251 471658 575641 353171 457193 408579 189760 103078 445480 407946 511251 251811 355360 282363 107615 472563 444599 337369 370086 257387 238950 249159 286393 195880 347651 87726.8 131928 410838 539956 
209029 335010 380728 484199 767777 443696 417337 329959 352026 880493 348415 914346 408795 799138 188680 622557 521878 730075 378868 447493 295655 545715 279866 747797 274002 440478 542407 588539 313168 95524.9 836231 227528 424634 48373.5 464855 722277 420268 546762 479488 390242 167275 858242 175317 428042 473510 640800 411180 302769 803794 240187 712026 246100 453485 440768 618684 667261 549758 372979 365825 219672 306635 648494 706154 811601 346976 693098 452227 415578 282816 272591 471561 350000 268002 516377 212878 314129 374457 570728 494773 521124 41976.2 248944 464424 313428 119670 570243 236681 160552 635706 759069 
810038 663727 482996 373591 104785 431116 806945 549764 378319 615325 676327 679464 453345 693957 824874 199685 469163 215713 752130 1.0115e+06 880471 443606 585211 128787 417852 459419 910355 142888 432640 604452 221416 688151 664678 668468 372200 143265 534597 147959 529823 292181 644003 617729 577409 455817 307293 277651 695076 593507 266340 662046 392046 463087 317194 285491 79705.7 383885 926329 851674 336180 793918 496806 518089 260231 359785 808735 304237 422246 436495 401061 756746 805546 784136 715687 643138 571402 377709 668913 756485 640413 205993 681930 707532 474292 456710 579367 457771 552073 614083 461637 132944 
633001 1.00066e+06 398363 417346 756965 935951 394554 409683 792518 333924 1.01713e+06 314668 396548 154738 682268 562894 311130 596178 1.07254e+06 638941 623472 325850 911846 890300 601365 367143 373044 810571 810359 747819 981298 511953 303534 677703 430001 660252 332773 756034 288735 688077 559103 303798 561378 941952 493685 963769 325960 936108 615306 490650 407181 757682 845073 551000 774855 392826 386167 1.09442e+06 747439 600601 461268 246966 536157 524768 474085 485255 936096 405088 629414 987178 332952 1.05972e+06 484661 210623 842342 599393 1.03351e+06 180701 231588 800600 763888 499610 338740 837085 744883 306728 504588 566359 303191 707939 
