30 90 13
777 335 649 27 763 426 211 429 862 135 22 167 11 373 784 324 413 980 862 281 84 505 313 895 814 364 87 178 403 399 676 12 94 570 467 902 652 280 865 619 31 771 709 856 586 683 528 829 270 715 796 245 921 488 841 500 124 856 227 936 437 407 858 237 818 11 776 763 606 818 369 996 470 499 644 139 669 464 355 611 299 568 311 801 878 736 522 416 924 624 
60000 3600 45200 89900 37900 55000 46800 7100 97300 13100 88100 93000 93300 
6 1 9 0 3 6 12 2 7 6 11 1 7 8 10 4 11 3 7 0 11 7 9 1 1 4 4 6 12 8 
774.247 679.651 428.155 311.002 108.24 461.395 752.644 498.478 386.747 545.514 693.312 609.295 396.406 621.514 792.879 127.883 402.336 152.118 769.231 966.431 840.636 375.257 595.778 200.823 389.882 399.112 851.621 186.207 440.028 591.069 290.849 645.786 606.04 643.479 311.931 88.5268 475.279 168.107 466.004 282.492 607.253 546.996 542.388 484.257 250.338 336.859 637.967 606.862 213.038 618.295 320.306 459.341 342.841 240.169 122.642 311.448 867.8 862.26 338.339 755.937 450.031 446.282 190.683 296.953 759.951 232.86 453.63 379.389 377.934 762.549 747.428 796.596 670.295 578.323 573.051 349.09 688.887 691.177 576.806 234.438 666.085 663.61 411.681 466.759 567.001 388.167 510.906 578.835 389.755 103.586 
598.141 124.868 720.884 775.867 888.978 363.189 825.258 697.132 419.24 1195.15 110.059 1241.3 736.202 1153.53 560.357 829.781 850.527 927.302 36.0694 816.78 676.5 862.951 217.083 784.857 533.401 770.208 949.76 646.574 369.424 360.451 840.43 633.537 817.309 454.07 755.414 887.471 778.81 638.928 832.339 540.638 567.081 1178.86 547.883 336.363 729.638 593.216 810.104 199.972 1001.44 642.067 986.601 381.477 467.898 672.217 705.216 946.888 956.574 110.603 472.343 617.297 650.004 977.949 928.619 1048.95 753.493 936.667 373.777 735.435 515.505 141.089 878.709 66.4831 675.267 896.708 271.95 555.083 116.181 967.29 876.539 578.731 365.954 656.089 799.006 340.113 361.885 890.066 602.41 550.215 948.41 904.934 
586.98 48.3322 638.193 677.027 762.992 235.325 787.869 625.873 300.629 1094.23 41.7253 1143.42 648.726 1066.22 557.459 713.238 759.701 807.845 100.045 819.909 671.431 768.37 121.264 656.967 440.583 682.191 916.289 519.432 254.876 308.585 713.511 591.977 756.477 420.576 657.001 764.944 700.803 513.802 750.435 425.607 520.862 1079.79 487.943 208.471 624.375 467.039 754.852 97.0824 881.165 594.564 878.941 282.349 341.252 564.316 578.835 841 925.044 218.68 355.218 600.193 571.851 884.514 812.606 933.612 724.276 823.93 245.961 645.697 418.259 176.98 835.336 150 635.708 825.993 193.062 456.054 13.9284 906.912 807.094 452.383 341.459 616.591 711.591 224.555 301.086 795.566 535.569 498.258 850.62 780.516 
752.091 651.627 413.192 300.987 132.834 434.815 737.653 481.798 358.603 558.707 665.331 621.885 382.598 627.214 769.708 131.244 396.244 173.104 741.237 947.439 819.752 370.941 567.631 200.192 365.268 387.475 839.181 164.305 411.869 564.256 294.272 625.62 593.448 618.6 300.167 114.621 463.039 141.651 457.083 254.867 585.239 558.793 519.802 457.395 236.241 318.849 624.465 578.769 237.626 598.602 330.553 431.519 315.919 220.204 103.247 318.014 855.238 834.101 310.203 734.418 431.297 448.135 205.905 316.938 742.36 244.559 427.225 365.657 352.319 734.425 734.577 768.459 651.264 570.285 545.015 324.513 661.069 683.593 567.741 208.471 639.656 644.019 401.756 438.622 540.045 385.576 490.175 556.357 391.944 131.7 
686.476 327.185 540.626 515.598 470.473 74 800.885 567.067 157.582 896.666 336.013 954.48 533.094 915.219 678.405 472.382 618.496 548.293 408.104 923.275 772.219 612.945 274.898 348.891 352.955 559.915 927.548 223.66 181.571 398.207 406.044 621.203 710.211 507.947 499.808 491.717 609.555 236.907 640.488 238.019 552.598 889.181 491.636 101.005 443.633 164.685 724.44 271.627 615.417 608.217 666.247 253.6 81.3941 381.064 287.903 637.421 940.462 521.138 184.7 684.96 501.259 723.661 568.62 687.699 764.467 593.576 63.0317 522.506 321.174 446.363 828.304 451.09 662.671 743.388 301.325 338.256 321.223 847.415 730.152 169.729 472.716 646.753 587.65 181.044 374.06 637.932 507.862 520.658 676.757 496.726 
797.161 908.204 404.623 283.805 351.37 738.848 667.488 477.821 623.67 218.215 924.048 282.781 369.818 328.824 832.948 224.662 281.114 186.003 996.266 921.811 835.733 246.343 815.081 518.117 515.353 345.058 723.747 503.607 666.888 733.224 592.76 649.604 508.932 732.548 302.952 261.094 402.657 466.451 355.13 497.109 646.777 223.11 601.752 756.372 306.297 661.272 547.537 833.142 177.792 618.634 59 652.283 621.576 360.203 445.892 103.484 740.211 1064.93 568.516 769.406 470.09 216.261 137.539 82.134 710.798 102.728 733.802 358.755 524.627 955.299 634.467 1008.39 653.196 429.708 768.016 484.484 928.123 520.45 440.838 530.905 790.043 656.007 332 697.227 715.99 232.648 545.996 630.515 177.73 298.317 
344.071 594.577 50.9902 185.54 576.095 550.004 281.517 26.2488 406.177 538.177 611.072 569.959 87.6641 457.739 379.676 379.812 182.497 475.29 667.803 498.55 389.525 211.747 505.835 637.248 206.022 108.374 392.623 507.326 414.135 347.23 735.84 197.162 156.32 300.962 173.954 498.648 77.3369 449.979 135.281 327.983 197.649 514.884 169.452 551.567 224.415 634.521 177.124 530.212 538.199 166.193 394.645 355.225 478.729 242.095 499.139 349.967 407.735 698.19 370.527 317.191 56.7186 305.275 432.256 513.352 287.892 402.374 552.153 102.883 237.034 588.507 287.785 658.26 207.617 199.882 436.24 217.175 627.391 294 182.39 469.915 377.243 206.652 125.284 438.549 341.422 233.077 108.074 188.353 299.152 546.371 
520.247 879.755 282.931 324.785 699.203 824.491 298.171 288.106 680.331 378.338 896.177 379.179 286.211 225.568 568.57 495.892 221.109 548.523 950.781 554.59 519.234 245.522 791.692 815.807 485.412 260.233 311.642 721.084 695.041 625.633 910.412 393.137 184.505 555.989 333.793 604.268 215.195 664.783 179.045 582.001 437.659 348.144 439.063 829.026 400.704 869.186 211.152 816.128 581.629 370.527 376.703 639.832 739.024 452.836 691.909 350.076 327.246 972.118 637.661 487.811 341.849 208.665 489.556 505.964 370.794 440.732 825.286 297.007 514.475 864.853 243.906 937.488 368.637 88.3233 721.543 486.712 913.066 100.17 109.289 703.717 641.805 382.488 234.132 720.978 623.01 234.156 382.531 444.222 256.113 653.903 
510.529 826.027 219.829 248.395 624.501 756.897 318.077 240.67 613.313 355.439 842.589 369.381 217.348 233.431 556.386 420.195 144.222 476.8 900.419 578.07 522.422 169.198 735.942 738.999 422.538 188.68 358.776 644.829 631.219 579.379 833.77 372.508 174.451 521.276 258.118 530.212 156.589 588.743 109.444 510.662 406.007 326.933 396.551 762.696 324.575 793.94 209.848 759.908 513.982 346.152 313.5 579.6 667.816 378.017 615.081 282.606 375.155 929.508 568.705 478.62 285.829 151.162 418.61 444.946 379.158 370.98 757.18 226.385 450.284 820.437 274.774 890.868 355.879 72.111 667.756 420.107 857.933 157.433 90.802 628.908 603.613 366.715 161.05 658.126 574.167 159.625 336.881 407.303 190.287 580.086 
538.781 671.591 146.328 16.6433 401.005 548.689 456.228 223.376 412.34 403.091 688.044 450.729 109.659 388.666 571.071 195.256 99.4636 281.149 756.017 691.714 586.837 85.8429 577.509 498.198 260.21 97.0618 545.678 402.492 443.928 471.123 594.427 393.468 302.06 464.691 37.2022 314.201 172.514 347.196 156.605 293.164 382.027 387.332 334.201 559.63 85.1469 554.593 336.786 598.445 341.353 362.679 211.625 411.851 446.055 146.322 371.892 166.94 562.085 812.604 360.569 513.157 203.983 197.952 235.315 319.453 478.909 205.623 546.824 95.3362 276.588 701.655 443.008 760.78 404.684 269.453 521.276 237.346 696.856 382.8 267.406 392 523.927 403.937 103.247 473.765 455.988 110.603 279.836 363.88 158.114 363.897 
919.405 824.738 554.813 425.738 58.8303 594.348 875.042 629.321 535.322 539.129 837.705 603.988 520.159 655.049 940.608 224.956 498.655 156.247 913.622 1101.49 982.024 465.997 743.888 228.974 541.503 515.644 963.606 305.761 589.293 745.043 277.723 785.863 721.4 795.108 432.187 105.394 591.822 307.69 570.748 436.033 752.57 549.097 689.377 619.022 380.237 426.433 756.191 753.441 156.32 757.154 348.369 612.354 479.93 384.338 242.87 359.635 980.128 1010.7 489.265 899.409 587.616 506.475 216.261 264.756 891.309 267.052 585.458 503.37 530.996 913.119 861.976 943.943 806.834 676.71 724.862 500.776 831.116 785.505 679.3 368.709 819.835 801.888 521.852 614.831 721.003 471.208 653.387 725.422 451.807 57.3847 
570.846 836.915 231.249 211.946 557.215 742.873 395.828 274.935 602.103 288.434 853.558 312.463 215.604 202.467 614.37 357.302 108.669 403.555 915.684 655.222 590.689 117.154 744.49 682.739 423.784 181.97 440.855 601.631 626.616 603.511 775.118 427.286 244.524 559.866 226.874 461.417 184.253 547.537 124.808 489.74 450.188 262.057 429.337 751.475 287.211 755.858 282.144 767.477 436.094 398.648 232.699 582.533 645.273 346.978 565.608 204.453 457.231 954.799 553.435 539.735 304.902 69.3758 344.292 363.585 451.692 295.169 741.952 218.717 448.135 844.242 355.584 911.303 416.89 150.443 680.098 413.484 866.413 237.453 165.511 594.03 637.134 425.329 152.643 655.11 594.933 97.5141 367.984 446.073 110.635 510.616 
611.191 862.986 262.452 223.486 541.128 758.631 436.327 311.448 619.852 248.284 879.619 275.187 242.887 179.109 654.331 346.655 129.004 382.753 943.231 695.932 631.805 125.96 769.925 674.633 448.232 208.83 477.671 602.519 647.158 635.007 764.956 466.999 285.701 595.756 240.651 444.568 220.912 550 161.245 503.724 487.791 222.569 464.221 768.503 295.61 759.016 323.262 792.456 409.552 438.056 202.633 606.447 657.343 357.61 562.755 180 493.916 985.83 569.622 580.211 337.01 34.0588 322.837 331.217 492.854 272.485 757.145 243.655 470.976 874.966 394.782 940.732 457.48 190.394 707.2 434.824 891.476 271.03 206.197 599.844 671.405 465.611 180.546 676.189 625.353 100.807 402.826 482.421 87.3212 492.831 
565.107 719.467 171.572 63.8905 412.029 595.716 460.679 246.033 460.197 355.692 735.942 402.616 136.624 342.584 600.004 205.801 75.1665 276.796 803.592 704.577 607.705 47.4342 625.412 523.483 307.044 113.111 540.631 438.316 492.164 515.102 617.836 418.019 302.557 502.558 84.22 320.339 179.627 384.52 147.635 340.026 413.628 339.413 370.401 607.076 129.031 593.19 339.438 646.469 329.188 387.021 174.951 459.793 491.504 191.971 402.881 129.877 557.219 858.673 408.094 538.046 237.697 151.169 224.508 292.904 491.48 186.601 593.633 126.127 324.299 747.605 440.71 807.614 424.721 253.539 568.521 285.272 744.949 364.611 255.384 432.843 565.287 425.988 105.948 522.015 500.801 67.0075 313.383 398.018 109.859 370.548 
521.982 216.453 446.025 463.22 555.195 122.188 661.346 452.134 78.2943 876.037 230.887 927.373 449.361 860.598 510.69 490.23 553.586 586.441 306.341 760.796 608.664 557.883 132.774 476.518 243.074 481.175 790.555 323.187 34.4384 228.58 550.718 472.23 593.142 341.784 443.921 547.292 513.277 304.587 555.925 202.299 400.676 863.023 346.439 112.641 405.216 327.361 600.521 142.804 660.497 463.985 657.222 97.8621 150.443 343.651 375.055 620.32 802.153 399.461 132.061 523.179 389.965 673.986 589.499 710.406 615.38 600.68 129.541 443.352 214.842 305.722 696.708 332.758 515.52 645.273 134.48 247.542 230.638 739.201 628.767 251.448 302.076 498.182 510.656 10.8167 205.244 584.839 375.971 370.401 636.121 567.004 
523.689 146.414 684.202 752.475 905.647 399.606 759.627 652.442 426.808 1170.62 139.262 1213.51 703.143 1116.76 483.414 826.904 818.952 928.433 84.0238 736.21 599.164 834.589 217.862 816.354 508.842 737.153 881.5 669.914 373.472 313.423 879.446 572.098 764.391 392.379 731.861 894.859 737.82 654.941 793.68 539.676 509.309 1152.53 498.623 372.71 713.474 635.932 753.956 209.614 1003.59 583.658 970.668 368.513 491.435 659.849 724.652 929.21 887.426 49.0306 476.051 544.905 611.006 947.561 924.134 1042.68 684.746 927.465 410.702 704.284 495.461 72.9452 815.584 25.5539 612.222 849.377 251.436 535.679 160.963 912.849 828.537 599.401 303.059 593.271 765.105 346.976 320.515 861.372 556.389 496.067 922.304 916.743 
598.506 128.456 580.983 601.985 657.392 127.769 771.093 580.675 209.124 1013.65 135.447 1065.61 586.285 999.124 576.945 618.361 691.978 709.346 206.62 837.342 685.412 696.656 112.606 549.307 378.217 618.561 900.832 412.68 173.185 301.811 607.053 576.514 718.58 420.933 582.715 663.19 647.112 409.649 691.948 335.753 503.829 1001.11 459.07 100.841 542.996 361.865 722.281 94.7945 781.584 573.468 792.669 222.463 235.567 480.8 472.966 756.82 911.178 321.055 264.169 606.209 521.076 812.778 717.824 839.088 716.171 732.612 138.521 580.923 351.525 257.233 812.272 251.056 620.671 777.418 177.73 385.673 119.821 867.058 760.032 346.781 356.434 602.204 648.093 144.028 286.024 723.626 497.692 476.766 774.755 676.634 
774.665 956.831 397.73 304.095 466.978 811.032 611.569 461.736 685.073 120.934 973.153 179.622 368.057 212.132 815.177 317.052 258.105 300.167 1042.35 870.933 801.706 231.262 862.744 629.007 547.759 337.001 649.888 598.833 722.806 756.345 707.181 627.809 459.004 736.848 324.711 374.204 375.694 555.932 319.312 559.473 638.238 114.983 603.583 825.955 351.336 758.426 497.081 882.878 295.447 597.629 114.14 697.213 697.782 412.835 545.433 138.708 665.887 1100.09 630.651 744.71 470.523 148 246.073 193.631 666.037 200.639 807.22 361.707 563.157 989.077 569.843 1048.25 623.436 365.779 808.418 523.381 980.488 439.933 381.262 616.942 804.137 629.592 315.546 753.132 742.36 207.793 543.744 627.479 141.693 414.133 
642.795 151.611 620.613 636.07 667.261 131.484 815.738 622.685 239.14 1044.32 154.146 1097.45 624.568 1035.09 620.556 641.412 728.358 728.871 216.816 881.385 729.609 731.665 155.193 548.894 417.58 656.403 945.487 420.595 209.504 346.562 600.257 621.303 761.412 465.611 617.171 679.272 687.346 423.595 730.953 364.446 548.614 1032.67 503.287 107.378 574.625 352.512 765.755 135.074 799.801 618.026 820.864 264.047 248.783 511.744 483.011 786.245 955.895 336.364 293.206 650.816 562.275 847.482 740.587 861.72 761.069 757.866 140.631 618.567 389.924 285.047 856.526 267.526 665.451 818.428 222.335 422.664 131.469 909.428 801.355 358.469 399.93 647.012 685.88 181.893 330.927 758.475 540.947 521.403 807.963 689.656 
490.486 784.297 176.477 205.934 590.699 711.848 318.277 204.355 568.356 369.088 800.89 390.083 172.386 265.279 534.619 384.896 104.809 448.068 859.782 576.534 509.48 134.183 693.638 699.638 378.541 143.503 374.626 601.973 586.805 540.882 795.178 348.174 164.012 488.215 214.56 497.749 116.4 545.587 64.846 465.52 375.373 342.161 360.636 717.798 281.585 750.025 202.062 717.432 490.153 320.206 296.623 536.113 622.676 333.781 573.791 261.375 391.234 891.81 523.567 459.184 244.755 147.054 391.281 428.591 371.163 345.626 712.085 181.221 405.927 782.164 282.793 851.63 336.216 79.404 626.189 375.293 815.718 185.914 89.1852 584.702 568.542 345.162 116 613.91 534.634 130.25 300.027 374.001 173.954 547.877 
805.105 881.082 411.122 282.11 294.822 701.128 692.243 486.806 592.112 273.359 896.621 338.213 375.012 383.693 838.373 183.221 300.137 130.384 969.981 942.497 848.892 264.17 788.926 463.001 499.892 354.189 756.419 455.817 637.709 719.69 536.411 658.595 532.846 728.179 299.421 205.623 418.524 421.9 376.431 466.495 649.492 279.458 600.051 719.831 290.147 611.871 571.12 805.87 123.665 627.625 88.0909 628.727 582.58 337.765 396.274 121.078 773.003 1043.63 537.13 778.617 471.377 256.632 87.6584 52.0096 729.976 69.7711 695.506 362.088 505.903 935.128 663.531 985.057 665.904 461.14 745.729 466.275 899.105 557.779 470.188 487.599 780.439 667.109 345.568 667.811 701.018 255.738 547.11 630.785 210.535 241.748 
665.009 970.341 362.221 344.193 649.25 877.763 452.637 395.324 737.461 228.355 986.978 224.511 349.824 75.7166 711.827 462.65 243.813 485.556 1047.83 709.233 670.47 246.951 878.415 791.046 558.581 316.628 459.831 724.177 762.155 731.391 879.163 529.589 326.497 678.258 360.411 552.552 307.065 672.06 251.008 623.802 563.653 197.773 551.632 886.721 417.481 881.111 358.398 901.648 500.09 503.698 293.232 717.354 778.412 478.968 683.005 283.826 474.641 1082.55 688.391 632.811 433.803 145 425.842 407.296 523.261 374.883 876.644 353.838 583.401 972.666 398.437 1041.4 510.883 221.371 812.916 549.004 1000.47 250.008 242.887 722.174 759.434 522.683 287.117 790.598 724.412 222.767 491.076 564.107 200.898 598.923 
291.234 249.596 458.214 548.767 791.205 400.769 512.831 415.337 338.378 956.29 261.444 993.457 482.78 884.613 260.311 665.83 598.205 772.915 284.93 522.8 374.585 619.048 211.936 749.2 318.002 515.83 636.9 589.892 290.193 98.27 831.685 323.631 518.278 143.924 528.609 756.34 504.172 555.389 562.385 406.356 261.658 935.433 259.048 380.938 526.91 617.888 506.246 231.355 848.011 335.529 775.645 237.539 435.29 485.314 628.767 731.665 643.77 278.088 365.954 307.132 383.407 726.472 755.41 866.47 440.702 747.92 410.581 487.312 317.53 176.465 567.609 253.996 364.078 607.224 160.078 354.611 289.171 665.555 585.896 519.065 54.626 345.046 541.671 281.192 120.503 644.662 319.625 251.024 708.917 788.777 
664.003 779.064 270.002 144.554 345.824 627.539 556.386 345.419 502.467 304.416 795.196 361.024 234.137 343.071 697.929 153.883 163.719 192.463 865.934 803.306 707.537 127.906 685.252 482.066 378.336 212.763 629.085 426.433 541.713 594.794 570.485 517.279 397.212 593.334 163.515 249.562 278.431 379.318 240.337 376.431 509.975 295.718 463.06 642.487 172.351 586.051 434.925 704.483 234.804 486.297 85.7555 520.634 514.745 231.407 379.047 45.4533 645.728 930.089 447.8 637.314 332.34 165.705 134.618 193.259 590.374 89.9444 623.777 221.815 389.667 819.847 532.17 875.242 524.559 335.601 634.648 349.448 801.16 440.692 341.422 437.535 650.696 525.681 205 572.114 578.135 126.507 408.285 492.54 109.11 298.503 
882.261 799.766 516.736 387.764 52.811 574.282 837.054 591.277 508.24 517.604 813.093 582.626 482.084 626.556 903.93 186.936 461.746 124.085 889.054 1063.49 944.412 429.424 717.22 231.976 506.333 477.696 926.106 288.062 561.843 712.085 292.554 748.193 683.617 759.743 394.122 67.424 553.921 283.79 533.401 404.975 715.52 525.884 652.664 598.326 342.301 418.714 718.307 727.641 138.917 719.403 318.511 581.949 457.949 347.554 223.544 326.957 942.613 983.921 460.663 862.041 549.859 473.321 183.84 245.345 853.244 234.83 565.785 465.292 496.734 884.898 824.294 917.798 768.932 639.963 695.639 465.692 807.547 749.242 642.241 347.177 786.206 764.084 484.149 588.106 688.32 435.326 616.013 688.608 418.115 20.2237 
674.273 534.63 380.217 298.931 240.104 322.386 696.078 437.477 242.043 633.61 548.336 693.878 356.881 674.538 686.225 202.425 404.46 278.959 624.239 884.338 748.059 387.866 451.054 225.858 279.589 371.769 808.21 97.5141 295.67 460.196 323.427 559.916 565.785 526.579 290.243 230.098 440.967 43.1045 450.309 147.959 510.186 628.981 442.666 343.74 222.892 252.127 591.872 461.866 349.201 535.84 401.659 320.156 202.726 177.553 86.6083 377.881 823.527 717.72 195.318 660.17 378.114 485.545 297.405 416.515 688.12 324.423 315.572 341.33 260 619.165 703.082 651.749 591.055 563.706 431.057 240.786 544.266 676.533 556.72 103.832 537.756 581.037 393.071 321.96 435.118 408.593 424.199 479.17 432.852 247.935 
327.867 440.556 169.257 250.186 556.343 405.098 381.077 157.686 264.885 659.037 457.131 698.997 187.395 602.2 344.746 392.216 303.449 499.004 516.443 538.658 400.232 321.442 350.721 572.752 73.4098 221.326 506.913 423.382 264.068 207.425 668.853 215.724 298.027 205.548 230.313 498.977 229.026 370.601 280.794 220.32 162.41 639.295 95.2575 403.656 238.533 524.535 306.889 374.931 571.386 195.602 477.846 200.96 350.721 213.265 434.332 433.457 519.977 556.515 240.337 312.477 99.925 432.251 471.658 575.641 353.171 457.193 408.579 189.76 103.078 445.48 407.946 511.251 251.811 355.36 282.363 107.615 472.563 444.599 337.369 370.086 257.387 238.95 249.159 286.393 195.88 347.651 87.7268 131.928 410.838 539.956 
209.029 335.01 380.728 484.199 767.777 443.696 417.337 329.959 352.026 880.493 348.415 914.346 408.795 799.138 188.68 622.557 521.878 730.075 378.868 447.493 295.655 545.715 279.866 747.797 274.002 440.478 542.407 588.539 313.168 95.5249 836.231 227.528 424.634 48.3735 464.855 722.277 420.268 546.762 479.488 390.242 167.275 858.242 175.317 428.042 473.51 640.8 411.18 302.769 803.794 240.187 712.026 246.1 453.485 440.768 618.684 667.261 549.758 372.979 365.825 219.672 306.635 648.494 706.154 811.601 346.976 693.098 452.227 415.578 282.816 272.591 471.561 350 268.002 516.377 212.878 314.129 374.457 570.728 494.773 521.124 41.9762 248.944 464.424 313.428 119.67 570.243 236.681 160.552 635.706 759.069 
810.038 663.727 482.996 373.591 104.785 431.116 806.945 549.764 378.319 615.325 676.327 679.464 453.345 693.957 824.874 199.685 469.163 215.713 752.13 1011.5 880.471 443.606 585.211 128.787 417.852 459.419 910.355 142.888 432.64 604.452 221.416 688.151 664.678 668.468 372.2 143.265 534.597 147.959 529.823 292.181 644.003 617.729 577.409 455.817 307.293 277.651 695.076 593.507 266.34 662.046 392.046 463.087 317.194 285.491 79.7057 383.885 926.329 851.674 336.18 793.918 496.806 518.089 260.231 359.785 808.735 304.237 422.246 436.495 401.061 756.746 805.546 784.136 715.687 643.138 571.402 377.709 668.913 756.485 640.413 205.993 681.93 707.532 474.292 456.71 579.367 457.771 552.073 614.083 461.637 132.944 
633.001 1000.66 398.363 417.346 756.965 935.951 394.554 409.683 792.518 333.924 1017.13 314.668 396.548 154.738 682.268 562.894 311.13 596.178 1072.54 638.941 623.472 325.85 911.846 890.3 601.365 367.143 373.044 810.571 810.359 747.819 981.298 511.953 303.534 677.703 430.001 660.252 332.773 756.034 288.735 688.077 559.103 303.798 561.378 941.952 493.685 963.769 325.96 936.108 615.306 490.65 407.181 757.682 845.073 551 774.855 392.826 386.167 1094.42 747.439 600.601 461.268 246.966 536.157 524.768 474.085 485.255 936.096 405.088 629.414 987.178 332.952 1059.72 484.661 210.623 842.342 599.393 1033.51 180.701 231.588 800.6 763.888 499.61 338.74 837.085 744.883 306.728 504.588 566.359 303.191 707.939 
