35 105 25
777 335 649 27 763 426 211 429 862 135 22 167 11 373 784 324 413 980 862 281 84 505 313 895 814 364 87 178 403 399 676 12 94 570 467 902 652 280 865 619 31 771 709 856 586 683 528 829 270 715 796 245 921 488 841 500 124 856 227 936 437 407 858 237 818 11 776 763 606 818 369 996 470 499 644 139 669 464 355 611 299 568 311 801 878 736 522 416 924 624 452 550 973 930 660 981 959 668 926 340 376 107 179 412 659 
90 3360 2100 3420 5870 2060 3010 7130 3720 3210 2550 8190 5990 7210 9040 9390 8110 9400 6670 7050 2280 1270 1500 9840 6580 
20 19 5 22 0 24 23 15 9 11 19 19 0 17 18 17 11 9 2 21 3 8 11 23 8 4 18 21 24 8 3 0 0 4 14 
490486 784297 176477 205934 590699 711848 318277 204355 568356 369088 800890 390083 172386 265279 534619 384896 104809 448068 859782 576534 509480 134183 693638 699638 378541 143503 374626 601973 586805 540882 795178 348174 164012 488215 214560 497749 116400 545587 64846 465520 375373 342161 360636 717798 281585 750025 202062 717432 490153 320206 296623 536113 622676 333781 573791 261375 391234 891810 523567 459184 244755 147054 391281 428591 371163 345626 712085 181221 405927 782164 282793 851630 336216 79404 626189 375293 815718 185914 89185.2 584702 568542 345162 116000 613910 534634 130250 300027 374001 173954 547877 538862 676368 427477 468327 851742 231193 886059 674004 328763 415702 294279 604417 400496 503846 279063 
805105 881082 411122 282110 294822 701128 692243 486806 592112 273359 896621 338213 375012 383693 838373 183221 300137 130384 969981 942497 848892 264170 788926 463001 499892 354189 756419 455817 637709 719690 536411 658595 532846 728179 299421 205623 418524 421900 376431 466495 649492 279458 600051 719831 290147 611871 571120 805870 123665 627625 88090.9 628727 582580 337765 396274 121078 773003 1.04363e+06 537130 778617 471377 256632 87658.4 52009.6 729976 69771.1 695506 362088 505903 935128 663531 985057 665904 461140 745729 466275 899105 557779 470188 487599 780439 667109 345568 667811 701018 255738 547110 630785 210535 241748 208904 584648 72691.1 842748 974340 261176 1.04414e+06 823379 206475 70064.3 676199 867376 676776 806300 102883 
665009 970341 362221 344193 649250 877763 452637 395324 737461 228355 986978 224511 349824 75716.6 711827 462650 243813 485556 1.04783e+06 709233 670470 246951 878415 791046 558581 316628 459831 724177 762155 731391 879163 529589 326497 678258 360411 552552 307065 672060 251008 623802 563653 197773 551632 886721 417481 881111 358398 901648 500090 503698 293232 717354 778412 478968 683005 283826 474641 1.08255e+06 688391 632811 433803 145000 425842 407296 523261 374883 876644 353838 583401 972666 398437 1.0414e+06 510883 221371 812916 549004 1.00047e+06 250008 242887 722174 759434 522683 287117 790598 724412 222767 491076 564107 200898 598923 576014 819630 443054 590872 1.04077e+06 122025 1.07696e+06 863807 223707 434957 392046 790253 587892 682335 289993 
291234 249596 458214 548767 791205 400769 512831 415337 338378 956290 261444 993457 482780 884613 260311 665830 598205 772915 284930 522800 374585 619048 211936 749200 318002 515830 636900 589892 290193 98270 831685 323631 518278 143924 528609 756340 504172 555389 562385 406356 261658 935433 259048 380938 526910 617888 506246 231355 848011 335529 775645 237539 435290 485314 628767 731665 643770 278088 365954 307132 383407 726472 755410 866470 440702 747920 410581 487312 317530 176465 567609 253996 364078 607224 160078 354611 289171 665555 585896 519065 54626 345046 541671 281192 120503 644662 319625 251024 708917 788777 817178 522848 805268 541887 264683 826367 269898 107564 895739 793216 605211 155872 245693 256681 751439 
664003 779064 270002 144554 345824 627539 556386 345419 502467 304416 795196 361024 234137 343071 697929 153883 163719 192463 865934 803306 707537 127906 685252 482066 378336 212763 629085 426433 541713 594794 570485 517279 397212 593334 163515 249562 278431 379318 240337 376431 509975 295718 463060 642487 172351 586051 434925 704483 234804 486297 85755.5 520634 514745 231407 379047 45453.3 645728 930089 447800 637314 332340 165705 134618 193259 590374 89944.4 623777 221815 389667 819847 532170 875242 524559 335601 634648 349448 801160 440692 341422 437535 650696 525681 205000 572114 578135 126507 408285 492540 109110 298503 284290 537443 172308 706256 867115 223188 929124 706983 232710 160016 548151 731057 537360 665818 62201.3 
882261 799766 516736 387764 52811 574282 837054 591277 508240 517604 813093 582626 482084 626556 903930 186936 461746 124085 889054 1.06349e+06 944412 429424 717220 231976 506333 477696 926106 288062 561843 712085 292554 748193 683617 759743 394122 67424 553921 283790 533401 404975 715520 525884 652664 598326 342301 418714 718307 727641 138917 719403 318511 581949 457949 347554 223544 326957 942613 983921 460663 862041 549859 473321 183840 245345 853244 234830 565785 465292 496734 884898 824294 917798 768932 639963 695639 465692 807547 749242 642241 347177 786206 764084 484149 588106 688320 435326 616013 688608 418115 20223.7 40447.5 425029 174428 981327 900973 502173 988533 782387 453110 178997 845378 899355 740149 873676 319631 
674273 534630 380217 298931 240104 322386 696078 437477 242043 633610 548336 693878 356881 674538 686225 202425 404460 278959 624239 884338 748059 387866 451054 225858 279589 371769 808210 97514.1 295670 460196 323427 559916 565785 526579 290243 230098 440967 43104.5 450309 147959 510186 628981 442666 343740 222892 252127 591872 461866 349201 535840 401659 320156 202726 177553 86608.3 377881 823527 717720 195318 660170 378114 485545 297405 416515 688120 324423 315572 341330 260000 619165 703082 651749 591055 563706 431057 240786 544266 676533 556720 103832 537756 581037 393071 321960 435118 408593 424199 479170 432852 247935 285330 202872 333997 823780 635308 558839 722357 518483 561015 326810 732888 660519 530649 658746 386136 
327867 440556 169257 250186 556343 405098 381077 157686 264885 659037 457131 698997 187395 602200 344746 392216 303449 499004 516443 538658 400232 321442 350721 572752 73409.8 221326 506913 423382 264068 207425 668853 215724 298027 205548 230313 498977 229026 370601 280794 220320 162410 639295 95257.5 403656 238533 524535 306889 374931 571386 195602 477846 200960 350721 213265 434332 433457 519977 556515 240337 312477 99925 432251 471658 575641 353171 457193 408579 189760 103078 445480 407946 511251 251811 355360 282363 107615 472563 444599 337369 370086 257387 238950 249159 286393 195880 347651 87726.8 131928 410838 539956 559189 430286 522012 489009 509605 532167 552685 334260 597144 509313 444063 346468 183840 315349 453542 
209029 335010 380728 484199 767777 443696 417337 329959 352026 880493 348415 914346 408795 799138 188680 622557 521878 730075 378868 447493 295655 545715 279866 747797 274002 440478 542407 588539 313168 95524.9 836231 227528 424634 48373.5 464855 722277 420268 546762 479488 390242 167275 858242 175317 428042 473510 640800 411180 302769 803794 240187 712026 246100 453485 440768 618684 667261 549758 372979 365825 219672 306635 648494 706154 811601 346976 693098 452227 415578 282816 272591 471561 350000 268002 516377 212878 314129 374457 570728 494773 521124 41976.2 248944 464424 313428 119670 570243 236681 160552 635706 759069 783230 542885 756487 454251 359901 747746 363941 192094 822835 743942 509221 123329 149883 176615 687676 
810038 663727 482996 373591 104785 431116 806945 549764 378319 615325 676327 679464 453345 693957 824874 199685 469163 215713 752130 1.0115e+06 880471 443606 585211 128787 417852 459419 910355 142888 432640 604452 221416 688151 664678 668468 372200 143265 534597 147959 529823 292181 644003 617729 577409 455817 307293 277651 695076 593507 266340 662046 392046 463087 317194 285491 79705.7 383885 926329 851674 336180 793918 496806 518089 260231 359785 808735 304237 422246 436495 401061 756746 805546 784136 715687 643138 571402 377709 668913 756485 640413 205993 681930 707532 474292 456710 579367 457771 552073 614083 461637 132944 177722 279401 277042 942484 765847 570699 857421 659276 545311 275313 831868 803779 666011 796505 384376 
633001 1.00066e+06 398363 417346 756965 935951 394554 409683 792518 333924 1.01713e+06 314668 396548 154738 682268 562894 311130 596178 1.07254e+06 638941 623472 325850 911846 890300 601365 367143 373044 810571 810359 747819 981298 511953 303534 677703 430001 660252 332773 756034 288735 688077 559103 303798 561378 941952 493685 963769 325960 936108 615306 490650 407181 757682 845073 551000 774855 392826 386167 1.09442e+06 747439 600601 461268 246966 536157 524768 474085 485255 936096 405088 629414 987178 332952 1.05972e+06 484661 210623 842342 599393 1.03351e+06 180701 231588 800600 763888 499610 338740 837085 744883 306728 504588 566359 303191 707939 687652 895000 556920 517816 1.0622e+06 240169 1.08707e+06 883016 339488 548151 316893 774398 580181 655332 401479 
155563 642225 305655 439659 829444 694338 108632 229578 565329 724694 656515 738968 341760 593776 205798 635437 408167 730229 689854 242918 152398 443301 574924 875306 385800 354683 231465 732274 549626 378640 973107 101951 195727 266678 429331 754072 287388 677432 335252 532241 173488 696690 231225 686584 478649 836519 161307 599617 791169 116829 630570 476932 658752 486963 735789 588063 239301 674835 549659 123907 275510 503017 685147 756897 41629.3 651701 700024 357841 415023 581268 169614 659255 60745.4 299827 501599 417049 681073 302055 279530 682015 352853 76157.7 360285 563569 390717 457121 227466 203686 518078 801431 809030 741273 731471 176604 670466 587392 663533 501367 686039 718410 204824 312987 173159 182609 608639 
130614 663392 390621 524938 911497 743398 149215 314035 621795 803911 676491 815163 426919 665980 176173 719561 493660 815354 701121 160378 82006.1 528923 605345 950842 454042 440477 238839 804279 600221 409941 1.04801e+06 165560 275530 291343 514164 837786 373186 750654 420145 601176 226685 775379 292063 733098 561794 900564 238730 629158 876804 189402 716063 526866 718722 566887 811483 673731 240950 671126 611805 110005 356104 585623 770767 842711 69921.4 737576 749993 442821 481506 586652 213806 664449 135831 376940 534335 488109 702906 362012 357733 750696 368392 144014 446171 610778 426305 542310 300794 259237 602605 884719 893309 803802 817245 125766 678852 667372 658204 520128 767756 804175 241249 296892 216601 165221 694257 
196010 348105 436936 545388 832434 488615 433074 380802 408075 935641 359477 967298 466669 846991 161830 687285 577834 794769 377160 424058 277051 603165 308730 809249 339013 497437 552496 649696 365624 148607 896429 256020 461966 97575.6 526366 787307 471495 609277 531129 453542 208197 912586 230835 470737 537294 695040 444072 329193 868332 274767 772882 302476 508702 505570 681587 727957 558055 350477 425846 215455 364003 702910 770191 874575 355833 756229 497821 474453 347667 261765 491749 339607 291386 558616 250060 379160 387594 603302 536706 581310 70604.5 273386 520159 362218 174471 627034 291186 209695 692882 824044 848260 597850 820543 448010 354141 801424 339034 206584 879683 807941 528319 63820.1 185311 161028 748535 
319232 730537 222266 337249 742340 725536 119641 171712 584132 560036 746282 571238 250138 424539 368049 537729 274046 619630 792152 376630 320025 310015 650035 819825 384584 247413 207087 694719 584173 465408 918286 201229 40816.7 376606 333901 656804 170836 637182 197385 515349 258629 531338 281233 724017 396343 822694 14317.8 675187 671720 184765 490927 518009 663160 425516 683323 451895 222913 797895 553484 286782 237548 346764 567768 621743 174597 527459 728830 266993 416357 695208 102069 771077 170426 132834 576459 402096 766959 146185 114280 658278 465551 186196 240470 605212 468846 317177 239052 274170 371077 706474 705868 734983 609647 270326 777504 424085 788835 599573 526214 597068 131126 461296 275363 340771 471222 
298613 448688 169012 264367 584390 428267 354052 143569 290126 665791 465130 703457 192276 600750 317057 416310 307847 522463 521444 508178 370061 328722 361137 603100 103479 225411 480926 453856 285477 203691 699280 185397 279308 185335 245204 525038 222733 401059 277683 250571 132484 645000 66128.7 425494 260094 553868 285212 385811 594001 165895 492130 219057 378428 239493 464570 447343 493661 554956 268337 282554 95015.8 436371 492914 594085 323668 476105 432241 197231 132310 444496 383407 512821 222036 343759 290462 138058 482109 427931 324785 400281 245253 208830 251748 306105 195801 354189 61392.2 102694 418699 566824 584932 459109 543194 459296 512837 536355 550195 335203 605739 530363 420044 325228 154693 287179 467779 
671745 493974 403708 334940 274563 274554 711916 455057 205913 682087 507150 741933 383694 718577 680101 251938 441200 327428 583106 888795 748600 427117 413368 226744 278469 401787 827827 73593.5 260231 440219 320062 565301 588544 515932 324197 275409 467467 25079.9 481922 134718 510886 676912 443091 296665 258414 211946 612396 422522 396548 543065 450250 293641 155206 205937 98508.9 425329 842760 680089 165366 659856 392822 528467 347023 465929 698176 373852 267367 369038 254608 584363 723132 613066 598990 594085 399406 242769 501597 705861 585671 54626 519065 587640 424985 284565 414566 449040 431393 479004 476873 288765 328353 154383 383172 834358 595538 604492 685511 487370 609473 376175 754361 645789 529510 653924 434226 
884634 591711 628859 546927 291488 338479 938691 681910 365825 832025 600187 895927 606726 902404 887478 407020 651049 432487 671107 1.10883e+06 964909 631383 536035 116846 498691 621895 1.05456e+06 154829 412626 624942 142506 787493 814236 718104 539515 358712 690818 212474 700061 351552 729208 833639 661890 365396 471816 106099 838874 535004 477462 766689 606321 471059 267591 427376 181868 594068 1.06955e+06 785573 352026 875723 619633 719712 476929 575613 923018 519362 327391 591338 471653 709662 949764 715510 822849 813674 550557 465967 584086 926630 806867 202277 703960 810640 642819 424694 599060 649804 655573 696762 664364 337415 381958 182631 493697 1.05925e+06 692087 781006 795274 634478 761554 492349 980632 836875 745598 863656 596755 
159790 409099 315696 430475 747985 485732 337431 257163 375089 812883 423383 843759 346919 723409 159531 586819 455935 693289 458717 397291 245524 482437 344420 747530 250793 376591 464247 590989 345722 148071 840031 145152 342934 34785.1 412335 693537 347829 543865 407491 386120 85912.7 789487 111830 473635 431094 662695 328586 368686 765006 157544 656339 273212 475909 407953 612944 611242 472424 455712 376853 159706 244469 579970 663772 763116 271149 645728 493061 355928 268263 354903 390000 431984 186561 436767 272465 291371 448004 488201 414982 528110 124064 167371 398246 352785 164137 505665 169729 86353.9 571710 733788 753883 564335 714012 387342 440941 678140 446534 268570 758009 701142 427850 156205 67119.3 135473 632066 
459353 104661 591026 658238 823156 338585 682879 561495 343284 1.07637e+06 109202 1.1194e+06 609381 1.02388e+06 424078 736156 725074 838800 114110 684082 540017 740438 139058 744151 414643 643414 807666 592976 289088 222434 812997 491240 677481 311670 637624 807788 645756 573485 701046 450760 425353 1.05833e+06 409353 312771 619879 575303 669078 139058 914178 500276 876906 276877 417019 567001 644736 835278 814666 139086 389782 477085 518256 853607 832726 950647 611616 834878 349738 610302 401673 36055.5 736340 89587.9 532869 759714 159214 441897 138809 826968 739152 521387 223607 513697 671506 264940 227607 767250 465798 409547 828070 831662 866480 492311 880389 711119 94641.4 953206 140118 88238.3 1.01125e+06 869501 774183 307610 412496 424425 853494 
194504 730286 428029 560289 954971 808327 137058 353647 684553 807701 743303 813615 463327 659589 236713 758538 517571 850606 767001 125447 127534 553480 672382 1.00286e+06 511251 472787 190263 859289 664639 476831 1.10063e+06 223002 288383 358370 551417 877707 400979 804692 441780 658167 288877 778337 352240 798542 603511 960485 249808 696221 908958 242769 738600 591331 780314 614007 863343 697827 188915 734064 672367 176479 402604 598273 803260 867805 91416.6 767178 814721 479860 539752 651786 193848 729389 186724 382047 601247 543590 769819 346914 365088 807961 435230 198977 474659 675966 492898 564057 354318 321048 621003 925637 931567 864378 848199 58694.1 744325 673502 720747 586973 777001 835268 212474 358755 281055 229491 717831 
693663 298117 572031 553954 514339 52801.5 821243 594021 178885 939673 305380 997016 566559 954682 682356 516954 655617 593526 375005 932174 780217 651464 256720 387398 378926 594455 949067 267925 190515 399731 438771 637323 737271 513585 537565 536889 641028 282158 674413 274367 567173 931709 508781 75643.9 483266 192128 749665 249650 660656 626259 709736 263865 121462 420202 332470 680212 961526 490976 215114 694241 528663 763301 613502 732755 780867 637907 43139.3 556723 347311 422800 851469 421001 679692 775041 293471 368067 288028 877104 761053 214979 470952 663121 622656 182628 376873 676826 529698 535863 717340 541421 584472 132823 649945 911382 396788 849368 501483 365308 867314 643009 887705 604070 574224 665523 691647 
445325 114232 496190 550136 703960 243502 636227 477699 224511 969444 130545 1.01506e+06 510327 928080 421100 617629 624290 719561 190536 682710 531595 636592 44944.4 630906 307148 544281 765006 477000 170179 157003 704006 440223 605486 272259 529623 687884 556059 454981 608135 331122 368782 952794 336174 220810 506676 473770 602961 66407.8 794847 442295 764094 159531 304381 451536 526841 723439 774078 256889 269943 455505 426825 751588 714829 833514 574394 718679 254118 509231 290259 154353 683100 196919 484103 678081 45607 330194 149683 756040 658663 405020 200552 465053 573223 148014 148788 663700 385519 345939 722289 711844 746561 384912 762052 688994 188430 850259 259480 69462.2 902711 751349 721308 322870 363012 412378 741054 
558757 765600 179360 121511 474178 656489 423757 242860 517929 321179 782200 360168 152411 280957 597762 270150 38897.3 329079 847354 676209 592003 24186.8 672060 592112 350407 119570 491415 508207 546101 546210 685689 411170 264458 518787 138514 380132 159615 454129 109330 401643 419029 300486 385549 666432 195028 662550 302881 694136 372285 380592 187683 507568 555673 256164 472807 147679 508057 895007 467508 529641 253308 94810.3 272369 317616 464999 227431 655012 149335 371652 783843 395790 847379 410537 197608 611249 334594 793102 304174 203745 501225 588885 414933 96384.6 575355 534577 13152.9 325161 408496 77884.5 430113 420021 597773 309627 574359 843576 193794 891507 671789 263463 297607 410573 648637 446198 565810 167171 
265030 284074 476496 574729 832061 446972 500292 427468 384130 976194 294457 1.01101e+06 503370 896748 228845 700846 617486 808260 308469 489612 344781 640279 255196 794001 351256 535628 620987 634505 336506 136033 877243 318121 520096 144589 554923 794392 517653 598820 576754 447881 263030 954364 272239 426814 557826 664489 504774 273300 882987 333952 802462 282151 481586 519394 672086 758032 626795 283134 410154 284693 401966 744731 788440 897402 424238 778723 456860 509259 353736 192510 557857 270352 355788 613372 206400 389344 323190 664425 591684 564004 67230.9 337285 560257 327825 160527 665244 333635 258095 730329 828073 855348 569317 838547 517078 285028 844219 272465 146813 917491 826293 594811 115551 243239 230020 778154 
231206 351160 311893 410819 697924 413905 395127 267660 304764 811281 366306 847001 338195 736827 226374 548821 452637 656282 409207 469158 317309 475079 279517 686283 201559 370600 524015 528187 274016 84380.1 777059 199123 376671 56435.8 391297 649890 356393 483473 414712 325712 128133 789747 111521 402046 399185 593299 368766 304322 729812 202596 638700 201792 406037 367196 554196 594052 533304 422481 309840 231458 237171 580312 631881 737342 335310 618813 421201 344061 213026 315425 442815 389539 243019 461511 206073 242095 389062 526157 440478 463220 98737 224000 395607 280945 95352 500120 171840 108849 565127 687573 710766 494887 682221 456422 394791 680018 415601 216622 752283 669660 481012 191638 122409 205139 614359 
412689 484608 143224 175237 469470 399010 427954 174385 254772 593570 501203 638437 142941 557324 432695 302106 250392 409011 566973 612288 480418 260192 391063 498959 69527 174929 546531 357795 272281 281780 596665 288170 314968 295169 154625 409381 212151 301877 250060 169517 245687 576327 181463 403600 150443 477213 333880 413265 481702 263030 398650 227068 320765 123762 359457 355373 561000 620801 214189 394686 109590 375800 382970 489691 415072 371012 400052 137383 92195.4 509840 442883 569590 317921 346144 331171 61204.6 512270 448969 332074 314212 340930 308402 204463 299977 265187 287360 151990 217624 345793 451119 469401 389283 433315 550967 564316 473874 618802 396869 528153 420743 476001 436194 269429 402604 374626 
414664 127063 504608 569134 744478 291707 619013 478853 267067 987484 141089 1.03096e+06 521829 937625 386747 649463 637227 753047 184391 649250 499673 651952 89375.6 676528 325484 555887 746481 521384 213000 143590 750936 423986 600304 249008 548523 724547 561129 497031 615419 366620 354581 969660 330353 268740 530864 521929 594718 105423 828558 429326 787787 190436 350828 478553 569506 746097 754722 227982 309291 427520 432726 765561 745367 862713 553014 746536 302364 522276 312580 118966 668940 176185 467132 678435 73756.4 352800 166364 750640 658317 449285 168870 447913 584234 193256 143590 678836 384158 335037 739295 750351 783878 432487 793395 662348 174453 865002 227864 21931.7 922176 782338 707088 282554 345442 380789 764346 
841628 495707 632880 572051 386699 245489 925534 675707 307885 898546 502715 960927 616294 950884 838580 465010 678317 510137 571013 1.07361e+06 925262 663821 449680 223002 474371 636624 1.0472e+06 183992 346071 564200 249826 759592 814730 667432 561036 440178 699035 234009 717398 332388 695684 896975 630448 271413 495529 25179.4 835154 445199 563760 742232 667994 412933 206495 441589 238120 649384 1.06135e+06 688209 310408 836517 610629 762514 547156 655058 900069 584332 234350 602491 444245 619436 944070 618324 798221 828383 474982 448112 484340 938928 818819 191366 641131 784129 660803 351574 539045 685211 634386 663061 709429 427423 472640 118562 571234 1.03536e+06 593742 833514 698949 554246 826598 567923 977323 775495 708685 817459 655229 
389514 626355 23537.2 146932 546601 564640 305944 70178.3 420298 492443 642947 525556 50803.5 418169 425967 345944 135768 437499 702157 535023 431912 164976 535829 619003 224199 63126.9 407933 496856 433813 385996 717447 242052 163371 346092 138571 465450 46270.9 439164 95210.3 330280 244444 469591 213560 568327 196703 631573 192003 559722 498080 211059 348759 379791 485186 225362 482869 304278 423710 737361 380047 362006 87618.5 259825 392042 469093 322490 359918 565905 67801.2 253340 627039 302830 695209 249072 180136 468257 227141 657877 284580 166301 465491 420288 249802 78447.4 459862 378276 186261 152322 234361 252353 514102 518353 548835 438749 448642 694629 358893 732323 517645 437645 425650 330905 474091 271671 393859 325346 
546883 109444 541915 571679 658736 149907 721734 537343 190882 987179 121758 1.03742e+06 549455 965064 525481 603464 657864 698556 197649 785738 633790 664624 62968.2 563089 340560 582348 851409 418516 145671 250410 627277 526674 673466 369446 551931 656964 606845 408315 653652 315869 454041 973420 411147 124040 516637 386948 675850 50566.8 772146 524462 770112 182168 239460 455871 475550 732675 861538 301803 245410 554669 479401 780908 702815 823807 665656 714244 161075 545154 315824 224116 764003 232349 570853 735593 126178 352087 117661 822700 717681 349268 305064 552269 611882 115261 235153 691755 452000 427566 745174 674093 712576 307080 746995 785586 212002 876704 310079 174040 917652 737482 802002 430116 452448 514856 748420 
255853 789543 555673 688707 1.08047e+06 898338 260768 480309 783617 929453 800853 931754 591338 774848 279804 886019 646873 979235 813354 18000 168671 682807 743589 1.12134e+06 623138 601722 269067 974031 757786 554585 1.2184e+06 335716 416625 436085 679300 1.00489e+06 530322 920783 570947 770112 392725 899681 459654 885814 729708 1.06633e+06 377985 765935 1.03814e+06 360000 867613 684781 882418 736952 982022 827051 260284 762053 777371 253255 525761 724994 932367 997065 219313 896541 905685 607711 649835 694124 308934 769068 305930 506949 676639 657970 829038 459365 491066 919243 499123 314612 604003 765405 574314 693098 471343 425339 749362 1.05242e+06 1.05939e+06 968864 977487 116902 787633 797076 747000 647403 901801 964541 318101 394588 378747 287467 846990 
754630 965932 389139 310345 511476 831464 579221 447772 701402 111018 982398 156984 362527 162788 796827 351400 247988 344384 1.04999e+06 839193 776861 226632 871865 669813 552974 329803 610470 631317 736430 755499 750297 609199 430680 728179 330692 417336 358979 585969 300433 577382 625050 92957 595124 845116 365919 791157 468028 892812 343903 579656 152210 706220 720694 428921 580359 165952 626231 1.10271e+06 647751 723970 463435 124595 288257 243378 637734 240408 828242 358402 570777 991521 534379 1.05311e+06 601575 333038 814666 531703 991159 399326 350116 644932 799123 609053 305498 766543 743006 200644 534319 616709 137975 458940 429401 744852 292910 726240 1.04795e+06 48877.4 1.09975e+06 878954 62032.2 287425 536035 855662 651805 765376 160702 
429284 583378 59363.3 99141.3 474676 496488 381932 126779 353010 502412 600011 543843 43185.6 456724 459245 280794 150801 379817 664055 598374 483100 165097 490368 538644 168941 73736 488415 415018 373202 364227 637194 287167 244900 350477 82024.4 398741 123227 357325 151199 253505 269030 483249 219659 502524 123167 550960 272002 513039 446061 257154 325480 327617 410099 143951 401756 280508 504004 711486 308561 405268 91087.9 278368 341123 432946 388960 317101 496815 36235.3 193424 600293 383208 663483 304357 254772 427926 160440 612046 363373 243578 384666 412335 300741 103247 401125 351461 191732 166193 249690 254008 445876 454612 470032 390314 519871 659822 377690 708283 488035 440160 377195 412180 487660 296137 427379 301144 
686236 333054 535956 509513 462776 80156.1 798234 563257 155631 889524 342094 947444 528015 908847 678735 464866 612647 540542 414480 922658 771804 606805 279260 342041 349494 554610 924653 215928 181838 399169 400151 619395 706329 508084 493855 483910 604847 229142 635284 232551 551110 882148 489719 107168 437293 160162 720902 276557 607622 606064 659001 253314 75538.1 374856 280130 630341 937649 527046 180679 684352 497395 717268 561008 680027 762552 586121 69354.2 517279 317723 451328 825126 457018 660680 738610 304016 334045 327666 842998 725524 161966 474157 644888 582241 182609 374833 631709 505059 519076 670168 488938 531805 83934.5 597101 895177 434166 801676 536451 382770 817059 590255 860661 608455 560528 659801 641306 
