1000 10 16
777 335 649 27 763 426 211 429 862 135 
9.29 8.02 0.22 0.58 0.69 1.67 3.93 4.56 0.11 0.42 2.29 3.73 4.21 9.19 7.84 5.37 
14 2 11 1 4 13 0 1 12 1 10 6 12 0 2 4 11 10 11 10 1 12 5 1 12 9 1 3 7 1 10 0 4 3 12 5 10 11 11 4 9 4 11 11 3 7 11 9 13 1 15 9 11 10 8 0 13 15 10 5 1 10 14 3 12 4 2 14 5 2 8 2 4 10 14 4 3 7 9 6 15 4 13 7 12 4 0 12 7 12 0 3 1 7 9 3 9 14 0 5 14 4 9 3 10 14 1 8 10 1 2 14 9 15 9 3 2 5 8 4 4 8 5 10 0 14 9 9 13 5 7 1 6 0 2 6 11 2 4 10 7 12 8 4 15 4 5 4 7 6 5 8 8 9 6 15 2 9 13 10 6 8 2 10 15 3 14 10 10 2 12 0 10 1 9 3 1 10 1 14 7 3 9 1 5 11 1 10 15 14 1 13 11 13 14 13 12 11 2 13 12 13 0 15 11 14 10 1 13 15 5 6 6 14 14 13 6 9 0 12 10 11 13 11 1 15 2 5 5 3 12 14 5 2 4 8 10 6 11 8 10 8 7 14 11 12 0 11 8 6 1 4 10 1 3 2 13 7 5 12 15 11 13 10 5 2 9 5 11 7 1 3 6 1 1 1 15 9 12 0 10 12 10 0 13 6 11 11 13 7 4 5 5 0 1 13 8 10 8 14 3 7 14 14 9 0 3 3 8 15 8 13 10 9 11 13 5 15 5 6 9 1 5 10 15 5 11 7 5 12 11 5 1 13 7 10 4 10 15 10 10 8 1 14 9 13 9 1 4 9 5 1 0 6 13 5 3 2 10 15 13 0 13 4 2 0 6 10 6 9 13 13 0 9 4 12 13 0 7 6 6 12 10 15 1 15 13 15 7 0 9 14 1 15 11 8 6 11 3 3 5 6 4 15 0 12 14 3 13 2 9 8 13 0 2 3 2 13 3 10 4 10 9 4 10 5 13 9 4 1 3 15 12 13 3 14 10 5 3 0 14 7 3 15 12 11 15 12 14 8 6 11 1 3 4 14 7 12 7 11 11 10 8 0 0 11 1 11 15 0 14 7 4 7 0 11 3 7 4 8 10 2 9 2 0 6 3 14 5 13 3 2 5 3 12 1 13 1 8 1 12 7 10 8 8 11 12 13 6 11 5 14 8 13 14 13 14 6 2 7 4 11 15 5 0 12 12 12 14 10 3 4 5 0 13 4 2 1 0 3 7 1 0 11 1 15 2 10 11 9 10 2 13 10 13 6 3 14 5 4 7 1 5 8 11 11 11 15 7 3 8 12 1 7 9 9 6 1 6 15 5 3 11 11 12 11 0 12 15 14 12 2 1 13 15 2 2 10 9 6 5 13 10 14 0 8 1 1 8 14 0 5 0 13 6 7 13 6 0 10 2 5 4 2 10 13 12 10 1 12 0 2 0 4 13 10 4 12 4 4 10 7 15 4 3 1 6 15 2 1 5 1 10 4 2 14 5 3 2 4 4 2 2 3 10 4 11 3 8 0 14 13 4 2 13 6 0 15 4 0 4 6 7 0 6 11 15 6 4 11 0 7 1 2 11 8 11 1 11 3 9 10 3 9 14 15 3 9 1 15 3 1 1 8 8 5 12 12 10 10 9 6 8 2 4 11 15 10 15 8 9 11 8 3 7 1 1 10 5 3 3 8 3 6 9 4 13 15 8 0 3 10 10 12 2 0 3 8 11 11 15 0 10 5 3 13 2 5 14 4 8 15 15 13 15 15 0 1 0 5 2 9 4 14 3 4 2 0 6 1 10 2 8 7 4 2 15 13 1 10 11 13 15 0 15 10 0 3 2 15 14 1 2 5 9 0 14 6 8 9 12 10 5 6 4 2 3 6 10 15 15 6 1 14 14 0 14 8 2 14 11 7 4 3 11 5 0 11 12 12 4 0 10 8 15 5 10 3 5 10 2 12 15 11 14 7 6 8 6 2 12 14 0 6 3 4 12 13 0 3 2 2 2 14 14 0 11 8 10 7 9 3 0 1 15 10 9 2 13 0 14 2 10 7 15 4 12 2 3 1 14 13 0 9 8 9 14 2 12 7 10 0 10 10 1 13 10 1 5 2 10 11 6 6 2 10 2 6 8 12 2 8 12 14 6 14 14 5 5 10 11 2 0 15 10 1 2 7 3 9 13 9 8 0 7 0 4 7 15 5 4 14 13 12 9 12 1 8 4 12 8 5 4 6 10 11 10 8 13 12 14 2 0 1 5 5 15 9 10 2 
57404 76010.9 18754.5 10778.7 44664.5 64267.3 44759.9 25581.2 50595.4 31922.6 
36124.8 56858.9 4341.66 16419.5 54297.1 51319.1 31965.8 6087.69 36902.2 54293.7 
60109 17548.2 75374.5 81567 94271.4 41949 83741.5 72516.5 46976.6 123482 
86145.1 62525 57468.3 48098.3 20470.7 37549.4 89244.4 63375.5 36878.2 74614.3 
58988.6 80006.2 21446.2 15115.9 47728.1 68647.7 44456.9 27606.7 54920.5 28567.1 
63394.2 95274.2 34413.5 33881.3 66261.6 86852.3 41836 37182.8 72692 26290.9 
12839 41341.1 37346.6 49123.5 80845.2 52045.8 35069.8 31082.1 42022 86762 
7576.94 60539.2 37222.8 50664.5 88257.2 69011.4 18580.1 29516.9 57174.3 81252.7 
59544.9 21194.6 51689.6 52256.7 56174.2 5220.15 73921.9 52721.3 12439.1 92801.3 
67462.7 43780.9 44588 39303.2 33202.4 20609 74049 48879 16611.1 75331.3 
84321.4 93064.5 44953.9 32405.2 32639.2 75023.5 71910.6 52401.5 64178.9 24219.2 
30610.5 82813.6 43503.7 55720 96156.6 88076.4 11139.6 37019.2 74853.8 74187.4 
22722 73701.7 36177.3 49043.3 89083.4 78804.1 5234.5 29144.6 65679.5 72309.5 
23585 53132.7 15990.6 28956 65790 53464.9 24614.2 9100 39784.7 64765.4 
4870.32 53439.4 44019.2 57042.4 92022.3 65680.5 29990.8 36631.4 55524.1 90796.5 
59512.4 48759.2 31539.8 25507.1 30931.7 30345.3 62405.1 36669.5 19359.8 62961.1 
75712.7 106625 45894.7 43101.9 69826.4 96643.3 53450.9 49296.8 82783.8 19391.2 
45158.6 85939.3 29575.8 37183.1 76525.6 83200.1 21188 27542.7 68805.9 47289 
48915.5 49790.2 19292.5 16548.4 39373.2 37144.6 49960.8 24185.3 23272.3 57835.8 
29712.1 48740.9 13580.1 24338.7 58608.3 46303.6 32442.3 10467.6 32290.2 63521 
77014.4 47617.7 54486.8 48310 33392.8 22428.8 84170.1 58962.4 24447.7 81813.3 
29876.6 26559 37476.9 45672.4 69803.5 34890.1 48041.6 34114.1 26072.2 86865.5 
60877.7 81257.2 23167.2 16017.8 46864.6 69414.1 46277.9 29445.7 55815.8 26946.2 
52070.4 11539.5 51792.9 55142.1 65385.4 16100.3 69459.2 51175.5 17936 96821.9 
50459.1 46067.9 23873.2 21281 38755.9 32287.6 53612 28130.1 18619.6 62060.1 
84573.3 111285 51638.2 46057 66154.7 98992.6 63485.6 56220 85707.1 10470.9 
56086.5 34362.8 38515.7 36967.7 42970.3 16584.9 65101.9 41207.4 5021.95 76896 
32856.8 24574.8 54180.6 63416.8 86820.8 44368.7 56995.6 49586.4 40365.6 104067 
61241.3 30182.3 47002.7 45546.7 46840.2 8215.23 72455.3 49299.5 8102.47 84981.7 
21783 37124.8 51354.6 62516.7 91195 54426.6 47311.4 45379.3 47711.7 101033 
73136.1 61911.2 40340.8 29848.5 16015.3 40260.4 72691.8 46939.2 32637.7 58026.2 
14577.4 39478.2 40472.8 52012.5 82800.2 51765.3 38073.7 34353.5 42520.2 90024.5 
58788.2 30248.3 44313.7 43167.7 46524.9 10381.7 69709.3 46542.1 5420.33 82977.8 
53018.2 77243.1 16980 15111.9 52142.2 67817.4 38082.5 22182.2 53701.8 33497.8 
63901.5 49518.6 36241.6 29482.2 28211 29072.5 67206 41465.4 20146.7 65191.5 
44400.2 13806.2 47059.6 52052.5 67240.8 22447.5 62413.5 45554.4 19350.7 93982.2 
14368 67209.3 38104.7 51500.7 90409.8 74659 13201.9 30491 62307.7 78849.5 
63166.8 23807.6 53869.7 53595.6 54715.4 1581.14 77056 55313 14123 93538.7 
16096.3 42798.4 29049.6 40754.5 73336.8 49195.5 31723.8 23067.1 37575.5 78678.7 
70502.5 44913.8 47664.3 42017.1 32784.4 20814.7 77237.1 52040.2 18942.3 77176 
85999.6 86504.7 47197.5 33738 19163.8 66144.7 77484.7 54910.2 57056.1 37844.2 
26050.9 80020.1 49671.7 62682.8 102537 88491.8 18435.8 42419.9 76185.3 84700.1 
49414.4 7733.69 53282.4 57826.1 70385.5 21473 68403.6 51876.8 22548.8 99712.8 
54385.4 81026.4 20349.4 19402.3 55498.2 72057.3 37505.5 24634.3 57900.8 31562.6 
71548.9 36161 55326.3 51973.6 44681.7 10846.2 82226 58382.3 18253.8 89117.6 
66021.2 74007.4 26888.1 13495.2 30425.3 58005.6 57296.5 34595.1 45850.7 35287 
41269.8 59985.4 2765.86 11287.2 50230.9 52318 35195 10084.6 37915.8 49629.1 
68315.9 40206.1 48186.4 43824.4 37565.9 16015.3 76607.9 51931.1 15492.3 80486.6 
66717.1 87809.3 29706.9 22357.3 48598.9 75348.9 50519.9 35691 61971.8 20302.7 
63165.6 37766.9 43671.5 40244.9 39057 15558.9 71566.8 47097.9 10816.7 78316.4 
37436.3 91402.5 57508.3 69889.6 110282 99386.6 25056.9 50771.1 86766.6 86825.4 
62191.1 41308.8 39980.5 35747.6 35555.7 20247.5 68923.1 43935.5 12614.3 73483.2 
46789.8 23559.3 39594.2 42422.3 55878.9 17860 60366.4 39766.9 8514.69 84125.9 
22769.5 31255.4 41170.9 51255.1 78550.4 43863.4 44628.7 36217.8 35647.7 91149.2 
87395 67203.7 56490.7 46083.1 14541.3 42592 88711.9 62866.6 40360.9 69767.2 
3401.47 55990.4 42534 55743.1 91608.1 67259.1 26752.6 35000.1 56598.4 88488.2 
83163.3 47594.3 63271.2 57625.4 40479.7 22705.9 92126 67337.4 29703.9 91004.3 
70836.3 75506.6 32021.4 18558.6 25253.9 57912.4 62818.2 39731.6 46664 36587.6 
16264.1 41653 30194.2 41735.4 73814 48595.6 32897.6 24328.2 37236.1 79900 
39463.5 33860 27598.6 31892.5 53298.9 28639.8 49406.5 27695.7 15047.9 73822.1 
25329.8 79252.6 52388.3 65573.5 105101 88925 22048.4 44967.8 77021.1 88714.4 
85335.3 75235.4 49818.6 37403.7 3114.48 52517.9 82141.6 57081.2 46203.1 54620.6 
69374.5 74740.7 30513.8 17051.1 26480.2 57540.7 61301.3 38225.1 46044.9 36494 
8664.87 56010.8 31353.6 44690 81685.4 62907.6 19522.6 23735.6 50735.1 77265.3 
34882.7 34879.4 25985.6 32202.5 56851.6 32549.8 45356 24914.7 19417.8 73903.2 
54945.9 76286 17254 12347.1 48325.7 65722 41301.1 23438.6 51793.6 32734.1 
57649 57062.9 23712.4 14863.7 30634.1 41007.8 56002.9 30253.8 28617.5 52206.7 
10469 60423.9 32672.5 46130.7 84121.5 67165.8 15747.1 24959.6 54794.3 76641.6 
47470.9 17441.3 44809.2 48353 61214.8 17397.1 63345.6 44308.6 13237.1 90139.9 
76327.3 48940.1 52633.9 46054.1 30961.3 23985.2 82716.2 57336.2 24462.4 79162.4 
56566.2 39222.7 35327.6 32549.8 38773.8 21287.6 63510.6 38801.2 9752.95 71965.1 
44335.3 51189.2 13865.4 14425.7 43938.6 41090.3 44265.2 18471.6 26800.2 56356.5 
60490.1 71422.8 21213.2 8015.61 35327.8 57154.5 51541.4 28901.4 44210.9 36342 
59555.2 15625.9 55719.7 57326.6 62357 9702.06 75848.9 56038.9 17780 98310.8 
37400.1 34918.5 26135.8 31281.5 54501.1 30790.3 47201.7 25811.8 17281.2 73149.8 
7021.4 47497.9 41231.7 53789.4 87306.6 59460.7 32398.9 34246.2 49503.6 89468.7 
45012.6 48872.3 16574.7 16696.4 43229.7 38283.2 46336.6 20718.3 24014.2 58577.3 
95818.8 66453.6 68912.3 59838.5 29201.5 41169.2 100381 74573.5 44236 85240.6 
54901.5 14080.1 70029.8 76493.3 90635.3 39302 78318.1 67067.1 42931.7 118373 
77424.7 67965.1 42815.5 31100.2 10824 46139.5 75264.4 49847.8 38674.7 54551.4 
59814.1 12486.8 72088.4 77586.7 88897.8 36318.9 82525.8 69713.2 41924 119515 
58698 4833.22 63819.3 67702.7 76299.2 23532.5 78786.9 62587.3 30062.9 109423 
75209.1 65162.7 41319.2 30098.7 13283.4 43481.5 73765.3 48179.8 35860.3 55870.7 
68647.6 32718.5 54062.6 51559.8 47047.3 7400 80088.5 56706.7 15758.2 89666.6 
79716.1 90820.4 40462.3 28380.5 35137 73884.8 66748.8 47782.1 62367 21821.5 
34407.1 59457.7 5099.02 18554 57609.5 55000.4 28151.7 2624.88 40617.7 53817.7 
52024.7 87975.5 28293.1 32478.5 69920.3 82449.1 29817.1 28810.6 68033.1 37833.8 
51052.9 82602.7 21982.9 24839.5 62450.1 75689.7 31807.7 24067 61331.3 35543.9 
53878.1 67159.1 14632.8 1664.33 40100.5 54868.9 45622.8 22337.6 41234 40309.1 
91940.5 82473.8 55481.3 42573.8 5883.03 59434.8 87504.2 62932.1 53532.2 53912.9 
57084.6 83691.5 23124.9 21194.6 55721.5 74287.3 39582.8 27493.5 60210.3 28843.4 
61119.1 86298.6 26245.2 22348.6 54112.8 75863.1 43632.7 31144.8 61985.2 24828.4 
56510.7 71946.7 17157.2 6389.05 41202.9 59571.6 46067.9 24603.3 46019.7 35569.2 
52198.2 21645.3 44602.5 46322 55519.5 12218.8 66134.6 45213.4 7829.43 87603.7 
52368.9 14641.4 68420.2 75247.5 90564.7 39960.6 75962.7 65244.2 42680.8 117062 
59850.6 12845.6 58098.3 60198.5 65739.2 12776.9 77109.3 58067.5 20912.4 101365 
77466.5 95683.1 39773 30409.5 46697.8 81103.2 61156.9 46173.6 68507.3 12093.4 
64279.5 15161.1 62061.3 63607 66726.1 13148.4 81573.8 62268.5 23914 104432 
49048.6 78429.7 17647.7 20593.4 59069.9 71184.8 31827.7 20435.5 56835.6 36908.8 
80510.5 88108.2 41112.2 28211 29482.2 70112.8 69224.3 48680.6 59211.2 27335.9 
66500.9 97034.1 36222.1 34419.3 64925 87776.3 45263.7 39532.4 73746.1 22835.5 
29123.4 24959.6 45821.4 54876.7 79120.5 40076.9 51283.1 41533.7 33837.8 95629 
66400.3 77906.4 27000.2 14455.4 34582.4 62753.9 55638.6 34541.9 50246.7 30441.6 
88226.1 79976.6 51673.6 38776.4 5281.1 57428.2 83705.4 59127.7 50824 51760.4 
67427.3 53463 38021.7 29893.1 24010.4 32238.6 69607.8 43747.7 24204.3 63361 
32786.7 44055.6 16925.7 25018.6 55634.3 40509.8 38107.7 15768.6 26488.5 65903.7 
20902.9 33501 38072.8 48419.9 76777.7 44369.6 41733.7 32995.9 35202.6 88049.3 
81003.8 66372.7 48299.6 37359.1 10478.5 43111.6 80694.5 54976.4 37831.9 61532.5 
63300.1 100066 39836.3 41734.6 75696.5 93595.1 39455.4 40968.3 79251.8 33392.4 
15556.3 64222.5 30565.5 43965.9 82944.4 69433.8 10863.2 22957.8 56532.9 72469.4 
13061.4 66339.2 39062.1 52493.8 91149.7 74339.8 14921.5 31403.5 62179.5 80391.1 
19601 34810.5 43693.6 54538.8 83243.4 48861.5 43307.4 38080.2 40807.5 93564.1 
31923.2 73053.7 22226.6 33724.9 74234 72553.6 11964.1 17171.2 58413.2 56003.6 
29861.3 44868.8 16901.2 26436.7 58439 42826.7 35405.2 14356.9 29012.6 66579.1 
67174.5 49397.4 40370.8 33494 27456.3 27455.4 71191.6 45505.7 20591.3 68208.7 
88463.4 59171.1 62885.9 54692.7 29148.8 33847.9 93869.1 68191 36582.5 83202.5 
15979 40909.9 31569.6 43047.5 74798.5 48573.2 33743.1 25716.3 37508.9 81288.3 
45935.3 10466.1 59102.6 65823.8 82315.6 33858.5 68287.9 56149.5 34328.4 107637 
19450.4 73028.6 42802.9 56028.9 95497.1 80832.7 13705.8 35364.7 68455.3 80770.1 
69366.3 29811.7 57203.1 55395.4 51433.9 5280.15 82124.3 59402.1 17888.5 93967.3 
44532.5 11423.2 49619 55013.6 70396 24350.2 63622.7 47769.9 22451.1 96944.4 
55875.7 76560 17936 12151.1 47417.8 65648.9 42375.7 24286 51792.9 32117.9 
26503 28407.4 47649.6 57472.9 83206.1 44697.2 50029.2 42746.8 38413 97619.4 
23120.6 35116 31189.3 41081.9 69792.4 41390.5 39512.7 26766 30476.4 81128.1 
41268.9 48460.8 14322.4 17523.7 46947 39901 42795.4 17438.5 25477.2 59357 
41466.4 12706.3 50460.8 56913.4 74447.8 29170.7 61901.3 47885.3 26706.7 98748.4 
84162.8 49570.7 63288 57205.1 38669.9 24548.9 92553.4 67570.7 30788.5 89854.6 
38951.4 62635.5 2353.72 14693.2 54660.1 56464 30594.4 7017.83 42029.8 49244.3 
54688.3 10944.4 54191.5 57167.9 65873.6 14990.7 72173.4 53734.3 19088.2 98717.9 
25585.3 78954.3 55567.3 68870.7 108047 89833.8 26076.8 48030.9 78361.7 92945.3 
75463 96593.2 38913.9 31034.5 51147.6 83146.4 57922.1 44777.2 70140.2 11101.8 
42928.4 58337.8 5936.33 9914.13 47467.6 49648.8 38193.2 12677.9 35301 50241.2 
68623.6 33305.4 53595.6 50951.3 46277.6 8015.61 79823.4 56325.7 15563.1 88952.4 
92946.5 117197 58684.7 51640.5 66277.3 103420 72347.6 63812.2 90638 10307.8 
49206.2 28992.8 36761.4 38021.7 50037.3 17871.8 60347 38015.9 4280.19 79356.5 
45237.4 15445.7 45660.6 50135.2 64642.1 20511.7 62322.1 44539.4 16743.1 92040.3 
91269.3 115278 56820.6 49720.5 64730.9 101523 70883.7 62000.7 88724.4 8475.85 
48509.2 62391.4 9841.24 4159.33 43241.2 51650.1 42003 17463.1 37609.2 45378.5 
38200.1 27581.2 33324.2 38577.8 58806.9 26734.6 51672.2 32306.2 15456.4 80483.8 
76837.6 99181.7 40964.6 33640 53891.1 86000.6 58514.4 46555 72922.6 9138.93 
60100.7 90337 29481 28792 62252.4 81710.8 39881.4 32671.1 67556.3 27222.2 
77737.1 96620.7 40307.1 31250.8 47984.3 82224.7 61051.6 46584.2 69562.8 10983.6 
87240.2 79707.7 50527 37581 6181.42 57383.8 82511.7 58003.9 50474.7 50632 
46739 72759.6 11903.8 15160.8 54856.6 65054 32713.6 16103.7 50715.9 39659.6 
71062.3 84608.3 31910.2 20401.2 37409.8 69357.8 58228 39139.4 56957.7 23883.9 
16807.7 70000.9 50134.3 63590.1 101786 81185.3 24409.2 42440.1 70029.8 91128.5 
52744.4 75720 15822.1 13209.5 50563.3 66007.4 38710.5 21503.7 51924.8 34286.4 
12869.3 62300.3 31724.6 45180.7 83672 68336 13372 24033.3 55706.8 74735.9 
24570.3 77184 41488.9 54297.1 94393.6 83369.4 9712.36 34470.3 70458.9 76228.9 
62250.9 50940.9 33274.6 26192.6 28111.4 31549.3 64569 38746 21470.9 62210.1 
19543.8 34757 38084.8 48703.2 77648.6 45743.3 40707.4 32784.4 36467.1 88033.9 
85277.2 99585 46703.9 35777.1 42933.7 83080 69968.3 53579.3 71385.2 14024.6 
90306.4 110892 54066.8 45534.3 57413 96008.9 71511.8 59911.4 83622.6 4440.72 
65125.5 96426.8 35568.8 34410.6 65831.7 87600.6 43658.9 38591.8 73501.2 24561.8 
11774.5 53038.6 50550.7 63401.3 97375.3 67744.9 36278 43277 58703.1 97685.5 
71522 60755.7 38890.2 28621.7 17548.2 39450.9 71206 45428 31407.2 57862.3 
43599.7 39481.9 24212.4 26128.3 46938.4 30042.6 50105.9 26155.9 15611.5 67960.1 
75424.5 69370.5 39618.2 27365.1 13288 48551.8 71971.4 46874 39908.4 50128 
57454.4 73594.2 18216.5 8043.01 41741.2 61205.2 46300.3 25519.6 47676 33948.5 
60966.3 92953.4 32111.1 32139.9 65610.1 84847.6 39659 34736.9 70638.5 27994.6 
61173.6 14618.5 74124.2 79702.3 90932.1 38209.9 84147.7 71671.3 44038.6 121632 
40678.5 42809.5 19553.3 22921.2 48316 34817.4 45572.5 21341 20400.2 64843.6 
25645.7 64182.6 18232.1 31366.5 71115.7 64493.8 14780.1 11173.2 50572 60356.4 
87169.9 112021 53100.8 46521.4 63934.5 98854.7 66706.6 58108.3 85840.6 7316.42 
21199.3 32829.9 41961.2 52403.1 80387.4 45975.9 43804.3 36704.9 37769 91923.9 
7100 61012.9 40088.9 53521.7 90929.3 70477.8 20518.3 32387.8 58960.7 84052.5 
37504.7 62654.7 3689.17 16387.8 56341.3 57168.6 28924.9 5651.55 42737.9 50184.6 
40803.2 59296.3 2906.89 11734.6 50367.1 51760.7 35163.8 9838.7 37349.8 50325.4 
91060.7 60640.9 65703.7 57465.9 30780 35362.4 96665.3 70998.9 38890.9 85475.1 
24659.5 58026.2 15219.1 28670 67152.7 57986.4 20618.9 7513.32 44119.2 61911.2 
11269.9 51957.7 49722.6 62511.5 96292.9 66547.6 36210.8 42500 57502.2 97082.4 
32314.9 62004.7 8820.43 22023.9 61721.4 58857.5 23760.5 3001.67 44545.7 54334.7 
10344.6 63413.7 37802.1 51264.5 89445.2 71555.6 16414.6 30096 59521.4 80525.9 
66453.4 61609.3 31972.5 21125.6 21784.6 42520.6 64415.2 38844.9 32229.8 52013.3 
69647.5 89745.6 32337.3 24187.8 47594.6 76612.4 53496.4 38497.4 63454.7 17899.7 
40370.8 75021.9 17098.8 25681.1 65909.8 70934.1 22259.6 15875.1 56512.7 46069.2 
40021.1 15435 55024.5 62623.1 81929.5 36240.6 62617.1 51561.7 34300.1 104175 
54963.7 16155.5 50812.8 52908.3 60627.8 11053.5 70795.6 50982.8 14046.4 94201.9 
29638 47034 15044.6 25272.3 58579.3 44803.8 33669.3 12175.8 30875.6 64899.9 
68341.8 50438.6 41149.1 33941.1 26365.5 28220 72132.4 46403.7 21744.2 68041.5 
85878.5 71752.7 52087.7 40436.1 5658.62 48208.8 84542.6 59026.3 43325.4 60689.8 
50589.4 46285.4 23820.2 21115.2 38577.8 32445 53639.5 28132 18804.3 61860 
81201.5 89145.4 41800.5 28988.4 30237.2 71175.8 69634.8 49340.6 60263.8 26509.2 
30512.5 76623 29692.1 41407.4 81912.9 78182 5700.88 23982.7 64298.2 61494.1 
61650.7 76405.4 22375.9 11150.3 39337.6 62890.7 50174.9 29716.8 49736.9 31053.8 
5800.86 50012 34838.2 47701.7 82639.5 59032.4 26577.1 27637.8 47823.2 82608.7 
26475.6 57788 13201.9 26639.1 65107.4 56894 22243.4 5522.68 42898.1 60466.9 
21359.1 74396.2 41399.8 54472.8 94246.1 81317.8 11100.5 34121.1 68656.4 78160.1 
21876.2 46640.1 20463.6 32261.6 66341 48524.2 29498.5 14852.9 35426.5 70224.4 
13155.2 62300.3 31342.8 44797.5 83320.3 68187.8 13200.4 23654.2 55517.7 74346.3 
45282.3 84497.6 27254.7 34484.3 73761 81122.3 22242.8 25714.8 66706.1 45407 
43875.5 45550.5 18800.3 20012.5 44730.3 35539.4 47077.5 21957.2 21162.5 61901.3 
86697.7 56315.2 62237.1 54595 31257.8 31001 92836.7 67289.3 34345.6 84408.5 
21220.7 38169.8 29035.3 39539.9 69797.6 43740.3 36502.2 24184.7 32268.4 79014.2 
86345.4 112528 53101 47178.1 66115.1 99909 65361.2 57810.5 86725.3 9803.06 
47760.2 87879.7 30594.3 37325.1 76140 84534.1 23807.8 29149.6 70114 45096 
75775.1 107211 46430.3 43900.1 70917.4 97429.8 53284.6 49684.2 83534.5 20380.6 
63473.9 40679.5 41933.8 37734.5 36091.7 18813.8 70682.4 45798.8 12677.5 75266.1 
69644.3 66547 33572.6 21451.6 19334.2 47265.2 65938.5 40834.4 37168.3 48130 
58749 8823.83 69134.4 74256.4 85041.7 32499.2 80788.6 67039.5 38153.4 116165 
9108.79 56670.3 48505.1 61643.2 96925 70012.7 31769.5 41014.8 60184.5 94532.3 
15405.5 39492 43845.6 55406.6 85891.9 53347.5 40089.9 37655.4 44765.2 93334.8 
68632.4 72802.5 30105.5 16694 25446.6 55420 61364.6 37792.2 44014.8 38626.4 
49481.3 7592.76 53417.7 57967.2 70506.3 21535.3 68504.7 52004.8 22676.2 99854.1 
92458.9 66601.2 63941.4 54343.8 23122.5 41327.2 95760.2 69889.1 42314.3 79028.1 
35761 71786.5 16469.4 27097.8 67610.4 69029 18727.5 13218.5 54682.4 50578.5 
42616.1 84202.1 28983.1 37450.9 77216.6 82132.2 18552.1 26303 67780.4 49632.7 
22348.6 67599.2 26100.8 39131.8 78994.9 70311.1 7621.68 19003.2 56763.1 65526.9 
81094.1 50235.9 58369.9 51789 33669 24912.8 88242.2 62970.8 28324 84136.6 
63337.8 18341.5 58193.2 59047.4 61502 7947.96 79244.7 58887.9 19231.5 99570.7 
39959.2 24821.2 63002 72011.8 93725.1 47976.3 64904.9 58435.9 46321.2 112850 
42201.9 14149.6 57241.7 64641.8 83099.6 36277.4 64961.9 53869.7 35275.1 106271 
62238.4 10131.6 63705.7 66388.7 71988.1 18564.8 81022.3 63205.7 27380.5 107721 
42596.2 85067.3 30425.8 39054.8 78843.8 83369.4 18023.6 27508.9 69040.4 50788.7 
45177.4 44489.7 20708.7 21203.8 43787.9 33735 48963.4 23913.6 19405.4 62965.1 
82761.3 80953.4 44651.2 31277.5 14776.3 60319.6 75887.1 52313.9 51483.7 42005.8 
78022.4 64637.5 45265.7 34460.6 12218.4 41915.4 77648.6 51920 35771.8 60053.6 
39492 15405.5 47060.1 53558.4 71961.1 28656.8 59128.8 44553.3 24581.5 95372.2 
56415.6 8309.63 57585.8 60754.3 69010.3 17014.4 74745.2 56925.4 22620.6 102326 
87354.6 99389 48382.7 36763.3 39822.1 82033.7 72927.7 55495.6 70803.5 17816 
76348.2 94484.7 38578 29192.6 46163.7 79993.1 60230.4 45009.9 67354.1 13207.6 
23695.8 77662.3 50763.2 63983.2 103432 87174.4 20787 43312.9 75246.9 87651.4 
6742.4 60165.9 43686.7 57062.9 93861.6 71121.7 24506.5 36022.8 60178.2 88215 
92755.2 80165.5 57415.3 44928.5 4561.8 56492.5 89720 64681.1 51703.8 58904.2 
45949.8 18745.9 65141.5 73036 91571.4 43246.8 70173 61305.8 43635.4 114507 
29433.5 82755.7 47071.4 59630.3 99920 89443.8 14699.7 40244.9 76579.9 79168.8 
60882.3 22227.2 52399 52627.9 55492.3 3801.32 75036.6 53601.5 12870.5 92950.4 
32078.2 30197.4 31346.1 38635.9 62859 32691.6 46381.2 29008.4 21500.2 80126.4 
41907.5 86295.1 33243.5 42387.3 82323.4 85539.8 16500 29731.1 71285.1 53932.3 
76326.9 55403 48386.5 40000 22294.8 31423.1 79805.1 53986.9 28094.3 70612.5 
41857 51440.1 11720.9 14782.8 46523.6 42656.1 41540.6 15795.3 28260.6 56491.1 
31040.8 73628.5 24101.9 35749.8 76251.2 73767.3 9968.95 18738.5 59703.4 57651.4 
27519.1 81381.9 54440.9 67574.1 107208 91212.1 23678 47064.2 79322.9 90000.5 
43368.3 19120.7 41994.5 46496.1 62229.7 21292.7 59393.8 41003 14822.3 88413.8 
59836.9 9767.29 70224.9 75273.4 85692.3 32962.1 81922 68159.6 38964.9 117174 
35379.4 89380.4 58040.4 70701.8 110929 98200.1 25779.3 51065.4 85856.9 89225.2 
68836.8 70450.9 31045.9 17947.1 22953.9 52412.3 62876.1 38631.1 41407.4 42043 
70590.4 70929.4 33004.8 19969.2 20912.4 52304.1 64899.9 40563.2 41720 42886.1 
61911.2 79143.2 23132 13588.2 42506.7 66251.4 48924.1 30069.6 52926.5 28357.2 
50517.5 82825.4 22365.4 25734.4 63541.2 76242 30900 24086.5 61863.5 36331.9 
69372.8 101278 40422.4 38910.4 68751.4 92252.1 47184 43386.6 78203.1 23139.8 
5797.41 51832.2 33821.3 46856.5 82444.2 60239.9 24476.9 26470.5 48729.5 81104.5 
7343.02 58929.9 45965.7 59263.8 95474.1 70946.5 27644.3 38357.5 60466.9 91096.9 
25628.9 35100.6 29026.4 38341.6 66536.8 39355.4 40160.3 25225.8 27845.5 78810.5 
85043.6 84318.7 46531.8 33079.6 16842.8 63738.9 77280.1 54232.5 54853.3 39950.1 
54222 90667.1 30929.8 34677.1 71487.1 85050.6 31416.7 31499.2 70641.7 37027.7 
19148.1 72900.1 49655.6 63051.8 101844 83227.4 22033.6 42031.5 71684 89069.1 
65209.3 30747 51203.5 49285.4 47496.6 6082.76 76783.9 53615.4 12406.4 88101.4 
73454.3 89873.5 35007.6 24831 42396.2 75170.8 58665.6 41780.9 62582.5 18024.7 
23632.6 66220 22772.1 35822.1 75667.7 67922.4 10444.6 15713.7 54204.2 63148.8 
49274.1 9689.69 51653.2 55915.1 68253.9 19893 67612.5 50471.4 20397.3 97773.3 
77202.1 92934.9 38716.4 28249.1 42272.1 77617 62209 45523.7 65311.9 15882.7 
8080.22 58067.5 33292.9 46698.7 84063.6 65440.2 18383.1 25613.5 53337.6 78323.7 
14016.1 55192 25586.3 38905.1 76090 59797.2 19331.3 18002.5 47008.3 72177.8 
73153.1 54212.3 44925.4 36698 22692.7 30974.3 76348.2 50524.1 26106.9 68353 
36689.6 23215.5 37913.8 44122.7 64409.4 27783.8 53002.8 35970.1 19102.4 85940.7 
55040.1 11541.2 68661.1 74777.6 88213 36706.7 77997.6 65941.3 40611.6 116692 
35415.4 18745.1 46428.4 53980.1 74796.6 33160.2 56038.9 43211.2 28123.3 95506.3 
86992.7 73532.7 52727.6 40827.1 3905.12 50037.2 85170.9 59765.6 45028.9 59724.2 
19428.1 58871.6 21246.2 34708.1 73147.6 61272.2 16639.7 13534 47846.4 66534.4 
1389.24 54913.2 40612.3 53788.6 89583.3 65625 26050 33109.7 54796 86866 
78790 106379 46324.6 41550.2 64775.6 94870.3 57760.3 50662.8 81349.9 12592.5 
41877.9 45728 17356.6 19944.9 46580 36857.2 45018.8 20050.4 22428.8 61872.2 
75692.3 106394 45686.3 42786.6 69390.3 96330.5 53523.8 49148 82485.9 18999.5 
89962.9 87762.5 51524.1 38074.7 16211.7 66435.6 82242.6 59222.5 58305.1 42136.1 
87690.6 109418 51908.6 43911.8 58103.1 95113.5 68589.9 57556.7 82489.9 1979.9 
61046.3 92120.9 31257 30793.7 64001.3 83674.8 40220.4 34199 69504.5 27114.9 
82012.8 87532.7 42687.8 29504.2 26412.1 68828 71559.6 50335.3 58404.2 30300 
18815.2 69202.6 33703.7 46885.9 86491.2 74513 7212.49 26348.6 61524.8 72691.1 
77839.4 77261.2 39776.4 26442.6 17009.7 57442.1 71175.6 47425.8 47850.2 41268.1 
49331.5 6963.48 60604 66652.8 81234.6 31416.7 71218.3 58063.6 33324 108563 
66503.6 62940.1 31346.5 20056.2 21914.6 44123.9 63800.3 38373.6 33621.4 50304.9 
26236 78425.5 40995.9 53619.1 93861.4 84056.8 8723.53 34159.2 70985.2 74604.3 
71368.5 74282.2 32921.9 19516.7 23086.8 56169.8 64164.6 40604.4 45248.8 38812 
27560.1 32042.6 31475.9 40160.7 66670.1 36976.9 43129.7 28041.8 26103.8 81043.8 
92510.9 61565.7 67226.3 58947.6 31646.2 36334.1 98189.9 72525.3 40224.5 86653.2 
59086.7 70498.9 19813.4 6627.22 36303.4 56626.6 50264.2 27504.5 43525.3 37108.6 
16533.9 51590.9 23070.3 36040.1 72205.6 55281.8 23242.2 15912.6 42396.7 71273.1 
61249.1 61523.3 25544.1 14534.4 27561.7 44684.9 57996.7 32617.3 32810.1 48588.5 
74768 99222.2 40028.1 33930.8 56922.8 86956.6 55629.9 45138.9 73600.6 11452.9 
82961.7 88977.3 43596.6 30505.9 27500.7 70314.3 72117.3 51216.1 59868 29217.1 
24023.5 38057.3 54838.9 66033.7 94478.8 56589.9 49809.4 48800.9 50490.6 104470 
41207.4 69139.3 8945.39 17325.4 57812.2 63157.7 28219.5 10998.6 48727.2 45092.3 
24641.8 78292.8 53763.3 67045.8 106302 88710.4 24167.1 46248.9 77083.9 91052.8 
20912.2 35623.7 48373.6 59368 87905.5 51825.2 45895.6 42565.9 44679.9 98159.1 
71794.4 103777 42930.3 41135.9 70029.3 94556.9 49366.1 45935.8 80549.2 22361.8 
51879.2 12387.9 51066.2 54325 64577.8 15658.9 69011.6 50526.1 17084.5 95989.3 
85510.5 74347.1 50421.9 38193.2 2745.91 51400.1 82805.1 57606.4 45447.2 56232.1 
55679.9 19757 73752.3 80837.2 96143.7 45001.8 79942.5 70340.1 48322.3 122604 
41576.6 67947.8 7375.64 15634.9 56148.5 61533.7 29625 10581.6 47110.5 45140 
43704.1 13720.8 59021.7 66340.1 84308.3 36761.4 66651.3 55671.3 36398.9 108002 
15242.7 38972.4 37493.1 48885.4 79664.5 49780 37060.1 31556.9 39999.6 87178.5 
75759.4 78247.9 37088 23629.9 21431.1 59440.1 67906.1 44793.4 49040.8 37343 
33804.4 33273 27681.2 34317.6 58842.2 32476.6 45559.3 26129.7 19916.1 75947.4 
62405.2 21140 54942.2 55267.4 57460.7 4204.76 77152.6 56020.1 15498.4 95564.1 
10044.9 62631.4 46919.6 60329.9 97325 74275.2 25885.3 39231.1 63514.5 90747.6 
17322 69035.1 36090.2 49358.4 88755.9 75301.1 9513.15 28627.4 62567.9 75492.3 
6328.51 48175.1 36458.5 49126.1 83333.4 58059.5 28967.9 29420.6 47260.3 84639.9 
35430.2 19325.9 44449.6 51753.5 72470.7 31727.7 55200.5 41469.5 26001.7 93351.9 
83522.3 74228 47902.6 35485.3 5032.89 51827.6 80221.3 55174.4 45068.2 53484.2 
66838.5 94715.2 34253.3 30931.2 60182.7 84465.4 46926 38388.5 70601.5 20202.2 
78421.5 69601.1 43344.4 31347.9 9808.67 47802.3 75763.4 50479 40289.2 53432.9 
28641.6 41651.5 20438.4 29694.8 60219.9 41012.8 36897.8 17545.4 27640 70086.3 
57550.1 18498.1 51568.2 52876.6 58549.6 7964.92 72700.2 52177.5 13280.1 93812.3 
19404.1 35164.3 44145.8 55056.3 83864.8 49426.8 43329.1 38472.1 41427.6 93991.8 
38132.9 75547.1 19639 29220.5 69579.5 72709.9 18597 16966.4 58341.5 49091.9 
31543.1 82815.5 41306.9 53271.1 93762.1 87183.1 9437.16 35080.1 73758.7 71091.2 
42127.9 34364.7 28092.2 31194.9 50807.3 27025.4 51393.1 28900.2 13008.1 73086 
44043.3 91077.3 39794.7 49097.6 88974.9 91459.4 18179.7 35871.6 77301.1 58370.5 
58819.1 73772.2 19483.3 8309.63 40100.5 60821.7 47985.4 26900 47457.3 33672.8 
21781.6 72020.1 34225.3 47166.9 87127.1 76815.2 4614.11 27131.2 63646.3 71264.6 
47270.8 74459.8 13600 16846.7 56208.3 66943.6 32202.5 17240.9 52598.5 38829.1 
59591 62047.9 23242.2 11985.4 29706.1 46068.2 55670.5 30443.6 33734.3 47128.1 
69695.5 87234.5 31414.8 21834.4 43449.7 73318 54932.4 38078.9 60407.4 20229.9 
30994.4 24374.2 40164.7 48243.7 71522.7 34535.8 50144.2 36778.4 26764.9 89512.6 
67927.2 102774 42057.7 42262.3 73949.7 95063.2 44553.9 44044.1 80842.4 28582 
48443.4 73796 13041.9 14677.9 53875.6 65561.7 34248.6 17677.7 51276.2 38029.6 
46500.1 64997.9 7111.26 7072.48 47529.8 55686.4 37858.3 14667 41458.5 43863.1 
44967.8 68035.1 7424.96 11618.1 52070.7 60055.4 33830.9 13243.9 45714.9 42767.4 
72799.2 80373.6 33483.4 20300 28698.6 63260.3 62843.5 41142.8 51765 31187.8 
78262.4 44100.5 58743.9 53606 39788.7 18856.6 87301.1 62633.1 24819.5 88200.1 
38863.5 23547.8 60973.4 69884.3 91583.5 46208.2 63544.9 56503.2 44245.2 110786 
33473.1 20756.2 48836.5 57194.8 79342.6 37609 55623 44981 32869.4 98380.6 
49097.6 40091.1 27618.1 26922.3 42392.6 27029.6 55192 30604.1 12924.4 68025.4 
75058.6 94632.2 37789.5 29134.2 48244.6 80726.5 58373.7 43973.9 67867.6 12808.2 
52898.4 94465.3 37126.4 43078.1 80958.9 91163.4 27847.6 35823.2 76737.5 45209 
9786.21 55100.8 29881.1 43177.9 80039.8 61509.7 19944.9 22303.6 49226.4 76210.9 
72212.2 75194.2 33678.6 20248.5 22884.5 56978 64796.4 41370.8 46135.1 38268.7 
15634.9 38371.9 39685 51035.8 81449.9 50307.3 38516.7 33738 41020.2 89367.8 
77806.2 51488.3 52931 45741 28566.1 26575.4 83458.8 57911.8 26537 77773.6 
55798.3 21140 48010.8 49113 55634.3 8602.33 69940.8 48854.2 9526.8 90045.4 
79355.2 44441.6 60054.6 54909.1 40527.6 19308 88558.5 63924.1 25889.8 89366.3 
82696.6 82909.1 44108.3 30651.1 17927.9 62774.7 74820.5 51812.5 53475.4 38800.5 
80330.1 90056.4 40976.3 28537.9 32987.4 72668.7 67980.1 48405.1 61404.4 23853.7 
64562.9 94226.2 33457.4 31515.9 62623.1 84864.4 44010.9 36989.9 70837.8 23326 
33613.4 30431.1 30680.4 37431.8 61022 31475.9 47108.1 28792.4 19875.9 79071.2 
86055.3 87212.2 47139 33693.3 20280.5 67009.9 77207.8 54851.3 57780 36767 
27921.7 81513.5 47561.9 60304.1 100462 88764.2 15474.2 40566 76072.9 80822.3 
53220.3 86269.2 25773 28442.9 65269.4 79536.7 32548 27487.1 65177.1 34546.9 
63710 16602.7 60052.1 61268.3 64091.3 10519 80324.9 60494.8 21495.3 101955 
57453.7 6543.7 66992.8 72010.3 82884.3 30547.7 79140.4 64997.9 35898.7 113913 
27557.2 26682.8 41575.6 50624.9 75611.2 38962.2 48333.5 37412.6 31360 91361.1 
56423.5 76111.1 18094.2 11289.4 46115.6 64833.6 43389.4 24697.6 51052.9 32181.1 
87029.2 105088 49640.5 40121.4 50739.4 89613.1 69708.7 55947.2 77452 6621.18 
74957.3 74517.2 37121.6 23894.8 18076 55084 68762.3 44734.1 45154.5 42067.7 
9651.94 52200.9 29808.2 42891.5 78903.1 58871.8 22750.2 22439.7 46789 77177 
37430.1 82211.9 30991.9 41195.3 81531.9 82205.2 12245 26679 68053.7 56417.4 
19225.5 65357.9 27190.6 40469.5 79903.2 69012.2 9200.54 19758.5 55709 68271.9 
8845.9 62566.4 39560.8 53019 90837.7 71535.3 18711 31847.9 59797.8 82806 
82209.7 60062.4 53501.9 44344.1 19942.4 35441.9 85227 59362.1 33589.4 72198.4 
73153.6 84890.8 33842.3 21726.7 34848.4 68867 60913.9 41220.5 56829 24812.9 
73493.2 77818.9 34586.1 21129.4 24226.6 59767.9 65116.5 42299.1 48833.6 35629.5 
55359.6 3498.57 63935.1 68895.9 80171.4 28308.7 76595.7 62029.1 32962.1 110799 
56897.1 86183.6 25334 25003.2 59896.7 77662.7 37800.1 28721.1 63474.8 29493.2 
68551.4 94917.3 34860.4 30438.5 58060 83953.6 49204.2 39454.8 70241.7 17881 
39204.6 25005 62340.1 71413.2 93370.3 47929.6 64143.4 57738.9 46047.9 112204 
85363 110837 51629.4 45418.6 64131.2 98029.4 64759.6 56498.9 84895.5 8011.24 
60609.2 94320.8 33631.1 34600.6 68647.7 86900.9 38443.9 35645.2 72622.7 30085.4 
33107.4 32037 29074.6 35974.7 60361.9 32460 45851.2 27202.9 20397.3 77554.2 
10295.6 62807.4 36512.1 49974.8 88149.1 70582.2 15922.6 28804.5 58450.4 79453.4 
36503.4 71895.3 15932.7 26307.8 66810.8 68808.8 19642 13098.1 54440.5 49747.5 
86700 93920.2 47301 34509.9 30959.5 75252.2 74740.2 54820.5 64832.2 26439.4 
58337.3 75253.2 19285.5 9720.08 42477.5 62895.5 46461.3 26418.6 49375.8 32337.1 
72562 32477.7 59524.3 57128.7 50767.8 8514.69 85006 61986.5 20646.1 95006.7 
38071.6 92059.3 60518.6 73083.9 113380 100973 28157.1 53614.3 88623.4 90694.2 
24724.5 72582.7 30627.6 43258.5 83480.8 75794.3 2118.96 23920.7 62265.6 66558.6 
89735.7 66366.6 60220 50316 19201 41309.2 92219.4 66339.7 40816.3 74774.4 
71043.8 94471 35520.3 29160.6 53680.5 82243.1 52900.4 40894.5 68847.1 14900 
72256.3 92774 35267.7 27215.1 48995.1 79470.1 55474.8 41298.9 66390.1 14867.8 
42686.3 53500 10296.1 12828.1 46019.3 44423.5 41100 15226.9 30064.8 54453.7 
100422 73220.6 71480.1 61424.4 26701.7 47900.4 103465 77585.2 49964.9 83401.5 
55715.4 1843.91 62628.6 67184 77697.7 25709.5 76344.1 61002 30674.1 109041 
74582.2 81982.5 35245.6 22102 28409.2 64596.1 64384.9 42892.4 53274.5 30414 
53609 37078.6 34047.6 32491.4 41655.9 21060.9 61283 36988.2 7919.6 72750.1 
40112.5 60609.2 989.949 12614.7 51931.2 53583 33442.8 8572.63 39159.4 49761.8 
85954.6 97686.7 46904.7 35168.2 38609.1 80358 71841.8 54068.3 69103.5 18572.3 
17640.9 37116.2 44132.2 55348 84916.5 51269.2 41953.9 38215.4 43029.4 93843.3 
49546.4 51065.6 18868 15402.9 38679.3 38203.7 49944.4 24100.8 24420.5 56583.6 
26577.1 65293.9 18285.8 31260.5 71191.6 65384.8 14383.7 11497.8 51412.5 59508.4 
55133 95759.8 37619.1 42760.4 79977.6 91796.3 30295.2 36842 77361.7 42818 
22228.1 33202.4 35639.6 45669.8 73780 42385.1 41440.3 30904.5 32662.2 85608.6 
36358.5 21851.5 39628.9 46118.3 66424.4 28462.8 53615.8 37408 20670 87895.4 
42979.6 46708 17100.3 18883.1 45392.2 37198.1 45527.4 20297 22802.2 60813.8 
74194.7 60856.7 42303.7 32200.2 16223.7 38607.8 74545.3 48720.9 31825.1 60661.2 
41082.6 28814.1 32719.6 36791.6 55400 24703.2 53240.3 32526.9 12390.7 78715 
66669.4 59182.6 33583.9 23569.7 21731.3 39477.1 65902.4 40138.4 29721.4 55356.5 
28966.4 25059.9 43878.2 52783 77034.3 38807.5 50366.1 39754.9 32035.3 93625.9 
24831 73669.9 32471.1 45082.4 85320.3 77312.7 1063.01 25752.7 63857.1 67839.9 
100464 76916.6 69440.1 58543 21191 51670.6 101758 75948 51935.1 77719 
54994.6 86300.1 25506.9 26807.6 62787.3 78721 35046.3 28028 64429.8 32050.3 
17230.8 70531.2 50124.3 63574.4 101876 81589 24060.1 42438.2 70371.9 90856.2 
85605.8 93591.3 46218.3 33545.2 31832.4 75226.9 73405.5 53702.3 64597.3 25272.3 
40963.5 32548.4 29283.8 33043.8 52869 26716.7 51311 29567.7 13194.7 74966.7 
37375.1 83353.3 33153.1 43508.4 83863.9 83911 11684.6 28600.7 69821.6 58272.2 
54793.5 72402.5 15695.2 7368.17 43968.3 60911.9 43548.8 22863.3 47142.5 35492 
66182.9 49426.5 39112.7 32259.1 27594.4 27920.6 69981.1 44277 20396.1 67255.5 
55298.6 59760.9 19258.8 9489.47 33871.1 45321.3 51712.5 26293.2 32256.8 48289.5 
19706.3 73429.2 43740.3 56972.4 96421 81478.9 14567.4 36293.3 69167.7 81643.4 
79373.2 71732.9 43633.1 31274.6 9280.09 50091.2 75964 50903 42369 51524.5 
68827.5 54155.8 39360 31020.3 23023.5 32500 71000.1 45134.9 25029.8 63812.3 
44976.5 38608.3 25841.4 27190.6 46239.5 28377.8 51858.5 27915.8 13943.5 68898.8 
64265.5 78493.4 25005.6 13569.5 38356.4 64405 52458.4 32330.3 51476.2 29101.5 
67280.4 94198.3 33955.6 30022.2 58617.5 83566.1 47814 38380.3 69777.5 19266.6 
53414.8 66378.4 14263.6 948.683 40052.5 54132.5 45519.8 21976.4 40475.3 41087.8 
21390.9 65196.6 24301.9 37517.1 77107.5 67740.2 10183.3 16983.8 54202.8 65449.2 
36065.1 18209.9 46331.2 53694.8 74124.8 32300.2 56452.6 43249.2 27342.6 95285 
71842.7 48754.5 46778 40076.6 28666.5 24914.7 77191.3 51662.8 21816 73886.4 
29783.4 83017.1 46874.5 59383.2 99701.8 89548.3 14461.7 40094.5 76639 78682.4 
40458.6 55665.2 6419.5 12832 49069.7 47894.2 37320.9 11456 33477.3 53228.7 
55775.6 24381.3 45640 46158 52404 9167.88 68738.7 46902.7 6363.18 86880.4 
71783.7 66239.6 36406.7 24570.3 16648.1 46052.3 68833.5 43544 36770.8 50617.5 
32197.2 24175.4 52600.9 61764.9 85211.5 43234.8 56004.4 48086.6 38890.2 102464 
65742.3 39937 45185.2 41005.5 37102.2 16786.3 73657.2 48930.3 13541.8 78187.7 
51313.4 3623.53 60355.4 65766.4 78832 28304.9 72500 58231.6 31109.6 107698 
49551.3 46754.7 22441.5 20104 39329.5 33533.6 52281.7 26747.9 19722.6 61131 
35867.5 61411.8 4382.92 17651.1 57288.9 56512.7 28104.3 3962.32 42100.5 51881.1 
19670.3 47715.1 21676 33899.9 68551.4 50501.6 27734.6 15469.3 37566.6 71110.1 
50872.6 3354.1 57709.7 62701.4 75289.3 25088.8 71182.9 55910.3 27577 104617 
34122.3 41726.7 19140 26158.9 54792.4 37818.8 40651 18431.8 23841.6 67503.2 
46097.7 67121.8 7379.02 9338.09 49825.5 58423 35897.2 14179.6 44142.6 42635.8 
94415.1 76660.9 61188.2 49538.4 10651.3 52099.9 93642.1 68076.2 49414.6 67171.6 
84060.2 106970 48768.9 41412.1 58393.3 93352.3 64727.2 54198.3 80465.5 2968.16 
28317.1 28175.3 51120 60953.3 86239.2 46239.1 52563.2 46144.6 40841.8 101094 
72650.5 76312.1 33928.2 20468.8 23568.8 58205.8 64789.2 41634.7 47296.9 37047.3 
76355.1 87385.4 37038.5 24821.4 34204.1 70786.5 63944.7 44422.1 59062.1 23769.1 
68125.2 30952.4 54705.8 52633.4 48956.5 5643.58 80163.9 57106.4 15785.1 91103.7 
8405.95 61859 44519.3 57934.6 95040.4 72792.7 24005.2 36828.3 61782 88443 
79127.6 66092.4 45962.8 34893.1 10768.9 43326 78384.3 52714.8 37222.8 59413.8 
84741.6 78640 47771.6 34758.9 8260.75 56830 79685.9 55281.5 49274.4 48500.4 
76801 37952.7 61301 57712.7 47412.4 13669.3 88086.6 64354.8 23881.6 94149.3 
32898.8 65922.4 11920.6 24233.2 64507.8 63166.6 20740.8 7302.74 48855.9 53064.9 
46778.6 16335.5 45396.1 49294.6 62690.5 18471.9 63185.5 44650.9 14723.1 91135.3 
57746 56881 23943.5 15160.5 30515.9 40746.2 56215.4 30452.9 28393.8 52462.7 
79962.2 64438 47942.6 37387.7 12481.2 41099 80258.1 54465.6 36011.8 62882.8 
46402.3 86777.4 29905.5 37074.1 76172.5 83710.1 22487.8 28185.3 69300.6 46125.5 
50050.1 4159.33 58691.1 64136.5 77611.4 27620.3 71007.9 56579.6 29789.3 106068 
78461 98210.1 41415.5 32751.9 49825.8 84021.2 61247 47521.9 71290.4 9261.75 
72034.7 92803.7 35151.8 27247 49361.7 79604.3 55152.6 41132.2 66490.4 14920.1 
9291.39 54500.1 30242.4 43500 80163.9 61127.1 20632 22700.9 48932.6 76781.4 
79173.8 103204 44344.3 37746.1 58081.8 90383.7 59772.4 49546.4 77214.6 7443.12 
51685.3 45045.8 25890.9 23054.1 38142.5 30492.3 55451.8 30056.8 17058.1 63494.6 
34905.7 74518.3 21200.9 31892.5 72389.6 72971.5 14829.7 17154.9 58707.4 52835 
41459.6 76600.8 18519.4 26601.1 66652.8 72450.3 22500.9 17456.2 58024.9 45294.3 
67872.4 95219 34898.3 31124.6 59585.9 84669.5 48101.7 39204.6 70869.2 19006.6 
57179 56404.3 23567.1 15085.1 31069.3 40455 55794.4 30008.3 27995.9 52777.4 
70494.4 96247.2 36440.8 31441.7 57642 84862.8 51213 41214.6 71257.4 15871 
49078.9 52821.3 16957.9 13282.3 39184.7 40392.7 48440.6 22561 26541.5 54699.6 
29690.6 70710.8 21392.5 33467.7 73886.5 70628.3 11541.2 15701.3 56564.3 57627.9 
63076.5 47651.8 36526.3 30405.9 29905.5 27250.1 67097.6 41469.3 18309.8 66777.6 
48993.9 41945.3 25977.1 24955.2 41544.4 28911.1 54168.7 29283.8 14877.2 66068.8 
77624.8 89269.3 38388.8 26405.5 35483.1 72705.6 64692.7 45692.1 60976.2 22043.6 
31468.2 33877.4 27504.5 35003.6 60825.4 34492 43747.7 25310.3 22181.5 76369.9 
68860.8 68706.5 31703.6 18962.3 21576.1 50242.6 63820.1 39176.1 39521.6 44470.4 
58090 86641.9 25855 24765.5 58947.5 77712.3 39200.5 29557.6 63581.4 28165.6 
62126.5 78670.3 23186.4 13155.2 41576.9 65554.9 49489.9 30239.7 52294.6 28783.5 
39184.3 90271.8 45755.2 56788.1 97238.5 93843.4 16038.1 40264.7 80180.4 69871.3 
53218.9 15321.2 49964 52503.8 61496.4 12828.1 69335.4 49895.2 14312.2 93971.2 
44911.1 11738 58853.4 65811.6 82924.8 34890.1 67468.5 55747.4 34959.4 107571 
61068.6 17670.6 75982.7 82039.1 94299.3 41792.9 84629.4 73203.8 47137.4 123963 
30114.4 64994.2 13970.3 26752.9 66824.1 63366 18485.9 7930.95 49172.5 55816.2 
36161.4 22585.8 56925.4 65804.6 87948 43798.9 60345.8 52538.5 40906 106716 
68656 26025 59194.9 58284.6 55960.4 5000 82754.6 60859.9 19425.8 97536.6 
90528.1 71909.4 58267.1 47142.4 11356.5 47378.7 90667 64941.9 44740.4 67818.9 
29767.4 46128.6 15787.7 25700.2 58455.5 43945.1 34428 13092 30056.8 65568.7 
7783.32 49693.2 45025 57731.3 91482.2 62880.6 33620.4 37890.4 53314.6 92783.2 
68016.8 52107.7 39641.5 31931.2 24909.8 30360.7 70964.3 45150.6 23083.5 65628.7 
75565.4 70080.1 39494.8 27097.8 13446.6 49373.7 71801.1 46803.1 40611.8 49264.4 
55298.6 79876.9 19665.7 17049.6 52613.8 70150.3 39498.1 24741.3 56100.1 30969 
56640.8 59526.5 21010.7 11140 32249 44409.1 53457.7 27969.3 31620.4 48952.3 
23984.2 77443.5 54118.1 67447.2 106534 88206.4 25009.8 46558.6 76721.9 91995.9 
84250.4 77064.6 47716.9 34886.2 6800.74 55056.5 79803.4 55153.7 47754.6 50214.3 
50629.7 53331 18206 13379.5 37623.5 40165.9 49886.5 24008.5 26524.3 54348.5 
41125.3 81760.6 26417 35171.2 75132.2 79527.7 17973.9 23707.6 65173.8 49406.5 
99709.2 74017.3 69981.9 59630.6 24107.5 48702.6 102106 76234.2 49973 80812.1 
39446.2 57231.5 4104.88 13213.6 50832.5 50111.6 35155.2 9386.16 35682.1 52416.1 
34442 42816.8 18047.2 25068.9 54230.3 38518.8 40207.7 17555.9 24438.1 66377.4 
79801.4 62357.4 48882.4 38863.1 14989.3 38674.7 81031.9 55172.5 34328.6 65606.8 
51798.1 44722.4 26261.2 23464.9 38190.3 30082.1 55735.5 30375.3 16668.8 63878.1 
56610.7 70368.3 17218.6 4993 39463.5 57569.4 47152.9 24836.5 44118.5 37074.2 
49114.7 87277.6 28806.2 34598.4 72992.7 82975.9 26072.2 28188.8 68541.4 41974.5 
56132.9 36806.1 36714.7 34606.6 40873 19027.6 64103.7 39783.4 7340.98 74327.5 
92990.3 81332 57254.3 44607.2 4925.44 57815.3 89476.5 64589.3 52722.8 57483.3 
77146.1 98259.7 40663.1 32705.4 51769.7 84641.2 59404.1 46513 71704.5 9360.02 
54198.3 89605.4 29569.1 32908.7 69600.3 83594.8 31968.3 30506.4 69201.2 35887.2 
59591.4 8700 69338.7 74251.6 84461.8 31729 81444.8 67371.8 37781.6 116139 
43639.4 12628.9 48420.8 53886.2 69725.9 24475.5 62511.5 46562 21851.5 95814.2 
38629.1 70012.7 11649.9 21428.3 61933.3 65444 24166.1 10870.6 51019.2 47307.7 
89909.4 63400.7 62254.7 53131 24348.3 38125.7 93836.5 68000 39311.7 79434.6 
61496.2 24046.8 51760.7 51567.6 53678.3 2906.89 75064.8 53218.4 12022.1 91647.4 
103975 79018.3 73296.5 62450.1 24839.5 53703.4 105588 79761.6 54793.2 81152.8 
96408.8 68694.4 68370.3 58815.4 26537.7 43372.1 100124 74262.3 45551.1 82896.6 
80459.9 107623 47729.8 42620.2 64800.2 95818.8 59485.5 52185.2 82381.1 11421.5 
76041.6 45908.8 54347.4 48580.8 34968.7 20696.9 83687.5 58628.7 23193.1 82727.1 
11733.7 59006.9 29830.4 43278.2 81169.6 64864.2 16035.3 22121.9 52284.3 74491.1 
43188.5 12175.4 49230.3 54970.6 71208.5 25762.4 62558.3 47165.3 23348.2 96886.1 
42201.9 83324 27940.1 36447.2 76264.4 81124.7 18500 25309.7 66767.4 49306.5 
79218.8 108695 48232 44382.2 68764.2 97865.7 57320.6 52080.7 84193.2 16063.9 
83821.8 107175 48766.9 41625.2 59122.2 93729.7 64304.4 54104 80784.5 3780.21 
53970.8 73520.9 15394.2 9291.39 46305.6 62680.9 41763.4 22146.1 48782.2 34922.8 
55634.5 16302.5 51304.3 53268 60526.5 10509.5 71432 51537.4 14221.5 94500 
61037.9 20800.2 53612.8 54109 57171 4657.25 75720.9 54629.7 14300 94551.8 
39487.2 24443.6 62263.7 71253.9 93002.9 47417 64354.4 57720.9 45631.7 112104 
24307.4 30548.6 46647.6 56826.5 83545.5 46249.8 48005.4 41495.7 39418.3 96624.7 
40125.4 36328 25490.8 29345 51363.5 29841.2 48655.7 26100.8 15789.2 71276.9 
52065 66209.1 12808.2 1264.91 41618.5 54549.5 43939.6 20513.9 40746.2 41376 
5434.15 52153.6 34111.9 47171.7 82831.2 60647.3 24318.3 26736.7 49150.6 81285.9 
39493 14912.1 52737.6 60104.1 79267.9 34168.6 61411.5 49483.7 31705.7 101726 
68618.1 101655 40800 39983.6 70638.3 93145 45979.6 43388.1 79021.3 25238.5 
47797.3 20865.5 42281.1 45223.2 57802.8 16589.5 62325.4 42257.3 9908.08 86914.5 
47220 86339.4 28644.7 35264.3 74141.8 82662 23909.8 27441.8 68235.5 44159.9 
11580.2 49932.5 28458.6 41303 76663.7 56153.8 24709.7 21346.7 44043.3 76623.3 
38162.4 44905.5 16513 21636.3 50267 38200 42047.6 17805.9 23821 63322.2 
57591.1 28904.3 44076.8 43400.6 47872.4 10239.1 68937.7 46061.4 4560.7 83523.1 
56452.6 31792.6 40806 39736.4 45212.4 13822.1 66562.2 43139.3 3324.15 79803.8 
16447.8 38650.5 44570.8 56012.6 86112.5 52898.4 41165.5 38466.2 44562.3 94138.7 
66553 98372.2 37509.6 36381.6 67373.6 89591.6 44675.4 40414.4 75493.6 24375.6 
64559.8 36830.7 45993 42678 40278.2 13682.1 73574.2 49285 11490.9 80634.1 
43075.7 10933 52760.3 59135.4 76005.9 29506.1 63929.7 50176.7 28111.4 100990 
56594.7 20229.9 49407 50543.1 56604.8 7990.62 71092.1 50183.9 10920.2 91452.6 
63031.8 11903.8 63183.9 65461.8 70157.3 16643.3 81298.5 62936.2 26145.7 106628 
42100.1 62583.8 2729.47 11013.6 50960.8 54914.6 34284.3 10295.6 40524.7 47485.3 
62170.3 47563.1 35505.1 29500.2 30311.7 27593.7 66072.8 40440.1 18143 66188 
77994.7 106683 46349.3 42199.6 66542.7 95652 56535.5 50394.5 82016.7 14763.5 
23871.7 36512.1 53458.1 64492 92619 54722.7 49489.9 47555.4 48559.3 103191 
29508.3 83146 48843.9 61496.2 101725 90397.2 16584.6 41921.8 77681.2 81275.4 
81425.6 50067.6 58959.8 52455.8 34315.7 24745.5 88747.4 63514.2 28539.4 84864.6 
78995.3 71786.7 43129.2 30721 9808.16 50282.1 75441.2 50420.6 42395.9 50955.8 
22798.5 76760 50266.9 63520.2 102882 86330.8 20624.3 42785.6 74440.8 87586.9 
94789.1 63518.6 69306.6 60846.2 32319 38344.4 100365 74672.6 42483.5 87826.2 
57635.1 31091 42507.5 41369.6 45729.9 12175.8 68118.8 44803.8 4172.53 81291.6 
66024.2 70403.5 27706.5 14401.4 26801.9 53512.3 59264.6 35362.4 41790.1 40048.1 
11289.4 64441.8 46795.3 60241.6 97666.8 75670.1 24437.7 39086.2 64688.8 89865.3 
60142.2 53445.3 29054.8 21324.4 28574.3 35531.7 60838.3 34958.4 24224.4 57800 
60329.9 65363.7 22641.8 10044.9 30524.1 49762.7 54766.1 30158.2 37297.9 43441.6 
68982.4 41550.2 48075.4 43346.2 36225 17363.2 76840.1 52002 16458.4 79598.1 
57046.7 64381.7 19100.3 6661.08 34047.2 50049 51222.8 26643 37026.7 43524.7 
37369.6 22772.8 58643.5 67514.5 89408.3 44670.6 61762.9 54235.1 42214 108436 
60035.4 34409.3 42585.7 40337.2 42364.7 13729.5 69409.1 45459.1 7117.58 79482.6 
30681.1 23485.3 43596.6 52057.8 75405.4 36681.6 51479.1 39810.2 30048.3 93160.1 
14743.5 45487.6 49799 61992.7 93765.9 61098.1 40621.4 43042 52905.4 98462 
56057.6 95918.8 37305.2 41958.7 78803.6 91516.1 31456 36868 77083.1 41169.2 
77987.8 89126.7 38707.2 26580.1 34733.3 72380.2 65262.3 46052.6 60747.4 22655.9 
14621.9 52667.4 24805 37918.9 74374.9 57116.1 21903.7 17452.2 44382.5 72439.8 
38340.7 35735.1 25533.1 30237.2 53223.4 30662.4 47497.6 25578.3 16890.8 72138.8 
46244.8 7900 54138.8 59831.9 74838 26853.1 66644.2 51971.1 26848.6 101757 
28488.6 65718 16555.7 29353.7 69426.4 64994.2 15917.6 10187.2 50902 57512.9 
51514 68849.1 12192.6 5080.35 44621.2 58016 41572.3 19602.3 44068.4 39232.6 
41142.8 41090.4 21415.9 24537.5 48421.2 33005.5 46965.9 23037.6 18604.3 66469.4 
49691.2 27180.3 38536.9 39959.2 51336.1 16423.5 61565 39600 4114.61 81294.6 
91904.8 73505.2 59331.4 48027.7 11029.1 48949.5 91757.6 66077.5 46335 67700 
45553.6 68264.2 7798.72 11152.1 51565.6 60060.8 34406.1 13800.4 45740.4 42296.6 
75762.3 80416.7 36693.5 23280 24416.8 62163.1 66786.3 44401.1 51383.8 34026.6 
39126.1 47105.8 14632.2 19386.9 49113.8 39736.4 41571.4 16690.4 25309.7 61055.1 
74458.2 89746.6 35757.7 25073.1 40761.3 74592.6 60110 42682.1 62192.4 18697.9 
55204.8 72809.3 16130.1 7689.6 43869.9 61233.5 43832.6 23277.7 47488.3 35057.1 
25646.2 79451.2 53581 66798 106244 89497.5 23419.6 46128.6 77718 90116 
56177.7 80107.2 20142 16758.6 51732.5 70045.8 40558.4 25446.6 56054.4 30233.8 
36147.5 90141.5 57223.9 69734.6 110062 98418.3 24821.2 50379.6 85900.2 87450.8 
84302.1 98899.2 45768.5 34931.5 43005.7 82565.1 68963.8 52620.2 70779.1 13781.9 
89140.3 59049.6 63951.9 55880.2 30383.2 33742.7 94828.7 69187.4 37000.1 84517.7 
69261.5 26197.9 59892.7 58951.5 56321.4 5700 83434.8 61559.2 20124.9 98149.3 
45669.5 22256.9 66979.5 75316 94780.8 46781.3 70415.7 62822.3 46906.8 116581 
25612.5 79257.1 46484.1 59387.9 99384.6 86755.1 14896 39344.9 74170.7 81101 
74729.6 97192.8 38829.5 31680.9 53269.3 84258.5 56600.8 44408.3 71089.3 11280.5 
55333.6 29701.5 41295 40877 47348.2 12955.3 66221.7 43256.1 1886.8 81291.7 
27806.5 70662.9 23547.6 35889.3 76234 71514 9042.68 17394.8 57586.5 60104.3 
66140 60504.3 32175.3 21691 22077.1 41307.3 64583 38923.5 31100.6 53202.3 
59400.1 73149.8 20004 8013.11 38620.3 59786.3 49115.8 27535.6 46545 34308.3 
48165.7 91214 35626.1 43067 82040.3 89109.5 22860 33329.4 74735.4 49390.3 
22627.6 31465.9 43149 53382.5 80717.6 45255.7 45384.1 38029.6 37483.3 93126.3 
85760.6 59533.6 58780.7 50157 24768.1 34340.2 90120.6 64334.3 35070.4 78303.6 
77609.6 42035.5 59344.8 54717.9 42163.1 16929.3 87362.2 62966.7 24147.9 89972.6 
43679.4 79665.8 21328.4 28528.1 68148.7 75390.8 23300.2 20523.4 60959.8 43885.8 
24901.8 67180.4 22402 35300.1 75305.5 68503.5 10340.7 15566.6 54702.2 61999.8 
11650.3 43503.6 34436.3 46488.8 79207.1 52736.5 32101.4 27983 42006 83648.1 
84210 91124.2 44811.2 31898.1 29438.2 72589 72735.1 52374.9 62063.8 27396.7 
88004.8 100657 49156.5 37733.4 41268.5 83432.6 73201.1 56193.3 72133.8 16635.5 
49204.2 7560.42 53384.1 58015.6 70750.9 21883.8 68308.9 51920 22895 99911.2 
75219.2 85771.9 35855.8 23454 33256.7 69169.1 63248.7 43300.5 57434.5 25206.7 
17646.5 63604.8 27115.5 40496.9 79609.7 67589.1 10916.5 19543.3 54400.8 69324.5 
24865.2 53686.2 14676.9 27672.4 64711.8 53406.8 24908.8 7829.43 39601.1 63507.9 
7800 52842.1 46678.2 59605.4 94070.7 66173.5 32766.6 39358.1 56510.6 93700.6 
40388.7 58183.3 3687.82 12200.4 50244.3 50710.2 35497 9902.02 36292.7 51311.8 
84314.9 74747.9 48706.2 36274.5 4245 52223.1 81020.8 55980.2 45633.4 53849.1 
31418.6 85395.3 53384.1 66122.7 106285 93686.4 21253.2 46362.2 81238.5 85757.8 
68340.7 103003 42258.7 42309 73771.3 95177.5 45015.6 44320.8 80970.6 28131.5 
56288.3 16127.6 72162 78710.9 92787.6 41231.1 79972.2 69115.9 45131.4 120581 
14450.6 41123.8 33637.6 45267.4 77077.9 49937.3 33950.7 27585.5 39244.5 83232.3 
36186.5 61812.1 4327.82 17475.1 57217.1 56819.8 28127.7 4317.41 42402.9 51477.1 
77507.4 101982 42885.5 36610.4 58148.9 89465.4 58061.1 47987.7 76197.7 9119.76 
43832.1 85727.1 30371 38570.1 78166.6 83623.9 19416.5 27808.8 69265 49410.3 
24684 35071.5 53230.2 64075.7 91715.4 53369.7 50153.1 47471.3 47378.6 103049 
50136.6 6726.81 54311.8 58833 71087.7 21676 69310.4 52893.3 23326.6 100714 
53263.3 48423.2 24828.4 20447.5 35693.1 33286.2 55464.7 29743.6 20220 60330.2 
5661.27 51647.5 34028.8 47046.9 82560.8 60161.4 24738.6 26692.5 48695.8 81360.6 
38268.8 91187.8 51206 62907.1 103425 96743.6 19399.2 45083.5 83492.1 77518.8 
75948 86950.4 36623.1 24382.4 34085.2 70389.6 63618.9 44016.4 58641.7 24060.1 
25544.1 57048.5 14016.1 27417.1 65640.5 56537.2 22235.3 6400 42614.2 61491.5 
60170.6 90756.4 29894 29375.2 62878.3 82243.8 39744.3 32966 68076.2 27404.6 
42809.5 63632.2 3605.55 10688.8 50897.6 55805.7 34363.9 10916.5 41430.4 46463.1 
37330.1 91142.1 55556.9 67782.2 108230 98456.9 23123.4 48961.2 85651.9 84162 
60629.8 10465.2 71009.4 76003.2 86154.8 33301.4 82743.6 68966.7 39549.7 117896 
56441.6 6198.39 59093.1 62603.9 71318 19200 75401.1 58188.4 24807.3 104261 
36416.6 23323.8 37860 44151.2 64606.3 28063.1 52791.1 35861.5 19368.5 85954.6 
46484.6 48734.5 17944.6 17001.8 41807.7 37334.3 47952.2 22301.6 23179.5 58721.5 
42643.9 65704.9 4904.08 12300.4 52779.5 58337.4 32649.8 10787 43945.1 45371.9 
83298.6 63327.7 53063.2 43156.1 16059 38961.8 85130.1 59255.8 36186.5 69156.3 
39458.8 42981.5 18869.3 22995.7 49404.7 35700.6 44363.6 20308.1 21315 64865.8 
90164.3 109672 53449.5 44481.5 55252.3 94438 71875.8 59484.6 82194.5 5154.61 
53370.4 51932.7 22271.3 16672.1 34916.2 37173.2 53749.9 27877.2 24052.7 56486.2 
20665.2 37503.3 30492.6 41025 71058.4 43960.4 37043.8 25543.1 32829.3 80469.2 
35415.4 21392.5 40748.3 47640 68421.1 29861.3 53504.6 38196.5 22581.9 89332.6 
88097.3 85393.7 49873.5 36458.5 14506.6 64088.8 80877 57553.5 55937.9 42947.1 
43770 14648.5 46215.6 51269.2 66822.5 22681.3 61620.8 44700 19009.5 93200.5 
35007.6 79114.2 28404.2 39108.2 79569.2 79160.1 10690.2 23764 65036.9 56725.5 
11301.8 61983.9 49477.5 62837.6 99347.9 74662.6 29054.8 41821.6 64347.3 93800.9 
80638.5 68749 46622.3 35061.2 8309.63 46068.2 79077.2 53563.1 39785.4 57590.5 
84509.9 102814 47123.9 37722.8 49901.6 87621.6 67326.8 53417.7 75324 6811.75 
33792.5 64120.7 9055.39 21694.5 61800.1 60616.2 23458 4972.93 46262.3 52533.6 
46186.3 82953.6 24400 30780 69842.2 78546.8 24583.7 23812 64112.7 42542.4 
85289.2 90505.8 45941.3 32800.2 26916.4 71417.9 74518.7 53572.8 61287.5 30081.6 
79554.3 92577 40557.1 29084.9 38360 76212.9 65624.7 47679 64402.8 18696 
40520.2 25504.9 35607.3 40235.9 58527.7 24153.7 54383.8 34861 13591.2 82167.8 
19143.7 37010.9 33248.3 43984.1 73935.8 45243.5 37607.6 28003.2 34739.7 83196.9 
29855.8 83845.6 52620.3 65461.8 105526 92311.8 20723.4 45511 79940.6 85875.5 
45228.3 26245.2 36592.5 39521.6 54486.1 20081.1 57872.7 36866.5 8598.26 81287.7 
61263.8 61781.7 25428.3 14312.6 27628.4 44991.1 57877.1 32533.2 33092.6 48276.9 
15402.9 38785.8 37661.7 49027 79722.1 49680.6 37280 31744.8 39950.5 87360.1 
50010 90854.7 33559.6 39924.9 78328.2 87544.8 25459.2 32173.6 73122.2 45078.7 
31025.8 35439.7 25971.7 33688 60351.1 35576 42498.6 23750.8 22940.1 74948.3 
66998.9 36752.4 49019.6 45580.4 41144.3 12433.8 76476.4 52281.6 13602.9 83145.8 
81675 79068.9 43869.9 30589.5 13612.5 58349.4 75374.3 51493.9 49597.3 43450.8 
10018.5 57801.4 30891.1 44303.6 81807.9 64262.7 17591.5 23208 51895.5 76072.1 
31048.3 78229 31908.1 43560.1 84072.9 80192.6 5341.35 26185.9 66358.5 62720.4 
38337.6 90106.7 47168.2 58485 98980 94356.1 16456 41417.5 80828.7 72326.1 
14102.8 39929.9 40112.1 51715.9 82703.6 52024 37535.3 33945.4 42661.7 89621.6 
59614.2 97538.5 37850.5 40970.8 76406.1 91926.6 35554.2 38354.8 77527.9 36628.4 
58776.6 74825.1 19580.1 9269.84 41372.6 62161.9 47300.1 26841.9 48723.9 32668.6 
65187.2 47134.9 39444.6 33321.6 29795.5 25628.9 69837 44281.5 18216.5 69155.6 
67806 54131.9 38075.7 29735.7 23385.7 32887.7 69755.3 43885 24865.2 62864.5 
75624.7 98422.1 39946 32920.1 54226.3 85510.2 57217.1 45443.3 72341.7 10312.1 
30625 28330.2 34273.3 42104.8 66381.1 33761.8 46924 31344.1 23740.7 83429 
51105 51614.4 20053.2 15558.9 37127.1 37993.3 51369.7 25504.9 24447.7 56264.1 
40731.4 16584.9 57560.1 65403.4 84891 38670.4 63990.6 53880.3 37208.6 106870 
23789.9 77778.7 48672.1 61805.5 101454 86499.5 18172.8 41308.8 74311.6 84933.9 
59850.9 37851.3 39854 36814.3 39074.4 17670.9 67756.2 43238.1 9100.55 75587.6 
37464.1 89809.4 48451.7 60029.3 100545 94712 17007.4 42464.3 81326.6 74656.3 
63949.1 28234.7 51535 50259.4 49882.4 3828.84 76293.3 53593.4 12050.7 89577.9 
86003.8 53174.5 63402.9 56538.3 35409 27987.3 93352.9 68066.4 32960.7 87762.7 
20393.4 39406.9 51638.7 63088.9 92534.6 56541.7 46134.2 45440.6 49555.2 101120 
78408.4 100140 42283.4 34580.9 53429 86606.1 60210 47993.5 73651.7 7702.6 
77426.7 76628.8 39462 26163 16834.5 56804 70949.1 47098.2 47214.9 41733.6 
64434.2 12756.2 64637 66806.4 70889 17314.2 82791.9 64425.2 27382.1 107902 
13167.4 65661.3 36916.8 50343.8 89067.4 73003.9 13547.3 29265.7 60660.1 78406.2 
20941.8 39793.6 52611.5 64085.3 93512.5 57253.6 46746.7 46385.6 50414.4 102064 
39342.9 90737.3 46744.9 57844.1 98305 94565 16690.4 41182.5 80947.2 70938.4 
94994.2 65897.6 68054.1 59000.1 28654 40597.5 99520.7 73713.3 43484.7 84581.9 
90382.6 78792.1 54888.4 42380.3 2220.36 55434.5 87180.4 62171.1 50096.9 57078.9 
61826.9 46892.6 35568.8 29804.2 30936.2 26977.4 65982.6 40398.1 17475.1 66724.5 
29098.6 83104.9 52864.4 65788.2 105757 91876.9 21208.5 45680.7 79612.3 86742 
83452.8 106019 47955.2 40460.5 57413 92331.3 64335.5 53458.9 79463.8 2863.56 
62170.3 16573.8 58087.6 59346.6 62831.8 9411.16 78505.4 58550.8 19602.3 100101 
31009.8 72554.7 22522.9 34233.5 74723.8 72361.9 11194.6 17195.6 58264.6 56938 
65946.9 67505.6 28604.4 15879.5 24640.2 49960.5 60716.1 36093.5 38599.6 43843.9 
72781.9 78641.5 33657.4 20267.5 26353.9 61080.4 63737.7 41361.5 49838.3 33736 
90426.2 62428.9 63610.8 54810.4 26764.9 37108.6 94980.7 69192.5 39169.5 81738.9 
77227 74623.6 39847 26775.5 14800.3 54386.9 71699.5 47397.2 45164.8 44522.4 
70672.5 83298.6 31395.7 19499.7 35994.7 67839.9 58410.4 38737.3 55521.3 25446.6 
8713.21 62719.5 41759.4 55210.5 92829.4 72473.5 20620.6 34048.5 61002 85097.9 
49049.4 21006 69256.1 77172.3 95247.6 46060.9 73642.4 65352.1 47264.9 118646 
77221 85160.8 37829.8 24880.5 29418.7 67609.2 66281.6 45420 56410.7 28194.5 
47214.9 61587.2 8683.32 5445.18 44282.4 51320.6 40980 16248.4 37190.3 46349.3 
32821 37297.9 23686.5 30836.7 57621.2 35434.6 42476 22172.1 22141.6 72252.7 
38724.2 56303.2 4805.21 14051.3 51215 49446.2 35053.8 9192.39 35012.1 53415.8 
26752.4 80721.7 52727.4 65831.1 105527 90116 21856.3 45381.6 78092.4 88200 
69110.4 94607.6 34824.4 29837.7 56700.7 83285.7 50144 39662.7 69655.3 17031.7 
56968.2 3157.53 63863.1 68307.7 78303 25977.1 77656 62282.3 31505.1 110143 
41372.9 74516.9 15731.8 23762.2 63935.1 69803.5 24084.2 15344.7 55370.8 44772.9 
18741.7 36604.9 34758.9 45536 75331.3 45739.5 38222.8 29425.3 35587.9 84693.6 
89697.5 84538.5 52024 38733.1 11098.2 62553.8 83463.6 59645.4 55185 46911.8 
21633.3 35303.4 32619.8 42822.9 71831.6 42760.4 39214.9 27861.4 32195.8 82595.5 
91655.1 60296.1 66813.8 58753.1 32351.4 35082.8 97627.3 72012.8 39204.6 87031.6 
36401.8 87916.4 45072.8 56535 97046.6 92075.8 14176 39230.7 78551.4 71431.8 
74543.5 102635 42345.5 38198 63691.5 91683.5 53659.1 46515.9 78010.4 15122.2 
37589 24105.2 36804.9 42605.8 62508 26797.8 53055.4 35201.3 17447.1 84475.9 
11853.3 42707 35842 47800.6 80135.9 52642.3 33305.4 29446.2 42224.3 85118.3 
12455.5 46515.5 29600.2 42000.2 76084.4 53353.3 28161.9 22917.2 41620.3 78531.8 
54061.5 79245.6 18813.8 17100 53423.7 69904.2 38204.7 23653.5 55789.6 32117.6 
79492.7 53029.2 54226.2 46739 27815.3 28014.3 84924.7 59321.9 28279.3 78027.8 
37644.9 16807.4 51836.8 59552.5 79690.7 35523.7 59756.6 48362.8 32389 101046 
27693 28202.3 37179.7 45936.7 71220.5 37108.6 46317.7 33400.6 28111.4 86828.9 
98122.2 69078.8 70643.5 61252.3 29066.3 43797.9 102283 76441.2 46760 85484.5 
82349.6 67516.1 49497.5 38422 9489.47 44102.6 81910.4 56218.2 39071.7 61757.1 
33311 49823 11280.5 20930.8 55096.3 45468.8 34531.3 10401.9 31197 60811.6 
70183.3 56640 39560.7 30484.4 20696.9 34968.7 71504.2 45625.4 27460.7 61949.4 
79044.1 95611.3 40864.9 30758.6 44360.5 80362.8 63369.6 47514.3 68045.4 13219.7 
32807.5 58800.2 6675.33 20109.9 58957.4 55029.4 27074 1204.16 40696.4 55235 
73050.5 88116.9 34246.2 23444.6 40093 73060 59048.8 41231.7 60605.3 20171.8 
89983.6 112424 54638.1 46893.2 60836.3 98200.8 70377.8 60136.3 85560.7 5021.95 
37981.7 90100.5 48041.6 59498.3 100007 94724.9 16900.9 42161.2 81276.1 73710.4 
73386.7 36553.8 57535 54128.8 45767.3 11456 84346.4 60569.7 20242.5 91049.1 
55788.6 45772.5 29548.9 25205 34863.3 28937.5 59602.9 34088.3 16702.7 64320.8 
66993.8 29824.2 54100.8 52318.7 49625.1 4501.11 79253.1 56361.8 14916.4 91082.4 
10705.6 62664.2 48057.7 61456.4 98315.5 74706 27063.3 40376.4 64103.8 91983.7 
86578.2 100634 47983.9 36987.8 43104.5 83945 71245.6 54873.3 72352.3 14217.2 
56930.3 16362.5 52474.5 54240.4 60662 9714.42 72761.6 52789.4 14933.5 95365.5 
93855.3 81179.1 58438.1 45902.7 5646.24 57435.6 90721.6 65721.8 52766.4 59204.8 
23468.3 61608.8 18501.1 31884.8 71115.3 62502.2 15923.9 10977.2 48722.2 62460 
82711.8 75377.6 46409.1 33705.3 7220.11 53473.4 78583.5 53799.7 46051.3 50583.2 
90879.3 68554.4 60566 50272.2 17365.8 43566 92721.7 66857.5 42646.9 73426 
85676.9 77411.4 49391.7 36640 5001 55051.4 81538.3 56792 48208.1 51800.4 
81790 100628 44506.7 35363.8 49597 85840.6 64640.9 50740.3 73360 7558.44 
69937.8 42836.5 48389.4 43305.7 35070.8 18554 77447.6 52478.6 17636.6 79092.7 
42689.7 91376.7 42306.5 52246.4 92371.7 92891.8 17266.2 37792.2 78878.4 62566 
68332.3 53265.8 39294.9 31227.2 23873 31626.7 70809.4 44960.9 24158 64466.5 
69968.7 78628 30628.3 17514 30423.7 62189.5 59997.1 38277.4 50306.4 31477.1 
79240.2 54509.4 52907.7 44990.8 25446.6 29712.3 83931.5 58221.7 28890.5 75671.1 
36553.1 74126 19015.8 29210.4 69672.4 71640.2 17614.8 15802.8 57301 50455.7 
77191.3 62997.1 45052.2 34607.1 13800.4 40201.7 77359.6 51565.6 34212.6 61308.7 
54247 48701.6 25667.3 20867.7 34793.7 33063.7 56421.7 30679 20242.8 60379.2 
49540.7 71225.1 11543.4 10119.3 49542.9 61848 37466.4 17826.4 47680.7 38436.1 
51685.4 23129.4 43105.6 44693.8 54254.6 12961.9 65081.9 43855.2 6369.46 85963.5 
34810.5 86800.2 45467.6 57215.8 97731.5 91524.1 13822.4 39373.2 78131.3 73195.6 
40950 13138.1 50509.9 57118.3 74991.5 29888.6 61565.7 47828 27300.7 98925.1 
45701.8 11638.7 59851.1 66780.3 83655.8 35264.7 68376.9 56745.8 35674.6 108550 
30453.9 37146.9 24352.6 32388.3 60050.8 36915.2 41054.2 22042.2 24001 73488.8 
39218.6 68816.3 9687.62 19393.3 59909.6 63696.2 25939.4 9963.93 49263.5 46875.7 
81917.6 91020.7 42547 30008.3 32409.9 73302.7 69656.1 50000.4 62243.5 24300 
29505.4 81100.6 41027.8 53261 93688.7 85917.6 8683.32 34557.9 72614.3 72325 
15024.3 62550 29221.9 42661.1 81405.2 67563.3 12226.2 21560.4 54654.2 72061.8 
80669.3 97591 42661.7 32704.3 45626.9 82297.6 64607.9 49230.6 70012.7 11497.8 
67137.8 62638.6 32296.4 21147.3 21162.5 43490.9 64750.8 39261.3 33256.9 51219.1 
23654.6 52458.5 16080.1 28920.9 65487.7 52780.4 25272.3 9391.49 39118.4 65071.1 
49540.5 48486.4 20988.8 18225.8 38959 35393.4 51347.5 25656.2 21601.2 59300 
61444.8 69743.3 22568.3 9109.34 32437.6 54654.3 53730.5 30276.1 42021.5 38586.1 
89382.6 59441.6 64044 55898.9 30106 34132.1 94971.2 69313.3 37306.3 84355.1 
27158.8 26850.9 43900.5 53225.9 78397.1 40844.7 49058.8 39460.6 33838.6 93776.8 
65317.1 23546.8 56709.2 56390.4 56398.8 3047.95 79668.4 58104.2 16967.3 96193.8 
31184.1 76199.9 28083.4 39655.1 80168.6 77202.3 7244.31 22588.7 63236.1 59840.6 
20120.1 37933.2 49896.4 61192.3 90373.7 54547.3 45602.7 43836.1 47405.2 99506 
49075 31004 35058.4 36020 48491 19301 59359.7 36585.5 5044.8 77312.7 
46706.4 40476.4 25403.1 25674.3 43985.1 28936.5 52595.1 28111.4 14601.4 67181.1 
67482.8 94502.2 34242.7 30338.3 58865.7 83882.3 47935.4 38640 70092.8 19144.2 
6020.8 48987.5 35648.3 48405.1 82946.5 58450 27863.2 28537.9 47452.3 83658 
76975.8 50060.1 52756.5 45906.4 29908.2 25123.1 83040.5 57582.8 25366.3 78551.4 
65910.9 65094.5 29574.3 17541.1 23331.7 47010.6 61939.6 36855.5 35982.8 47008.3 
80789.4 54083.3 55328.3 47663.1 27506.5 28991.4 86119.6 60488.4 29553 78437.2 
45486.8 87691.5 32123.8 39968.6 79320.7 85513.2 20727.3 29724.2 71143.9 49076.3 
17711.6 59561.5 23531.5 36994.3 75468.9 62804.9 15294.8 15824 49546.4 68227.9 
24252.8 56789.5 15318.3 28712.4 66824.7 56859.2 21561.3 7700.65 43037.3 62647 
21507.7 39028.3 27731.8 38284.5 68884 43879 35806.8 22910.3 32110 77710.6 
65472.5 44223.3 41819.1 36508.8 32548 22022.7 71480.9 46209.6 16005 72895.7 
26349.2 27771.4 44837.1 54423.5 80026.6 42436.4 48848 40175.9 35546.2 94771.6 
61288.3 65015.2 23941.6 11552.1 29095.2 48912.2 56160.1 31394.4 36689.5 44292.9 
56321.7 30083.2 41952.6 41262.2 46833.9 12397.6 67113.2 44032.4 2860.07 81488.6 
58020.2 41546.2 35125.1 31458.2 36420.3 22929.7 64077.2 39033.3 12076.8 70268.4 
28802.8 72075.6 24412.5 36525.6 76947.4 72861.9 8549.27 18493.8 58907.5 59694 
51930.1 7392.56 54610.7 58612.1 69587.6 19500 70603.5 53511.1 22094.6 100413 
91351.7 75647.1 57541.7 45722 6826.42 51516.3 89993.6 64521 47760.3 63515.4 
39290.2 90824.3 47121.2 58266.3 98734.9 94783.2 16888.2 41514.6 81190.5 71448 
60908.5 85913.1 25899 21936.5 53800.5 75452 43566 30852.7 61576.6 25058.7 
45226.2 70218.1 9374.43 13730.6 53952.3 62603.8 32574.8 14046 48246.9 41635.8 
95360.4 70712 65657.6 55456 21371.2 45463.4 97744.6 71869.1 45993 77923.2 
28342.4 82334.1 53340 66353.7 106199 91500.6 22012.7 46074.4 79374.6 87916.4 
44211.5 11868 49173.7 54590.3 70132.7 24373.1 63217.8 47323.6 22209.2 96520.3 
12935.6 41592.8 35986.9 47774.6 79674.1 51621.1 34300.1 29739.7 41324.3 85419 
49825.8 61554 11766.1 4036.09 41164.7 50038.8 44103.5 19241.9 36138.6 45961.9 
72450.9 105343 44478.9 43072.3 72183.4 96428.1 49579.1 47227.1 82377.5 23821.2 
57502.2 90608.7 29934.1 31357.6 66513.8 83331 36072.3 31968.1 69027.3 31435.8 
50716.9 74726.8 14358.6 13649.9 52024 65683 36650.9 19647.4 51496.5 36046.8 
10230.3 47976.3 46524.9 59042.5 92067.8 61985.2 36100.6 39533.8 52881.1 94677.2 
71088.3 56917.9 40560.2 31435.3 20195 34960.7 72501.4 46622.3 27845.5 62521.1 
37393.6 63461.9 4652.96 16994.1 57100.8 58158.1 28144.8 5777.54 43729.3 49909.2 
21862.5 75454 52155.2 65515 104481 86032.6 23621.2 44566.9 74522.7 90692.1 
80506.2 71236.2 45300.1 33164 7738.86 49120.5 77696.5 52475.2 42003.1 53758.7 
27103 64203.6 16585.5 29656.9 69487.9 63837.6 16161.7 9718.54 49814.1 58839.6 
87128.6 111687 52880.7 46168.4 63328.5 98417.7 66797.4 57951.9 85435.9 6691.04 
84788.7 106478 48887.2 40948.9 56432 92382 65960.6 54560.5 79664.3 1140.18 
74163.7 67143 39012.8 27170.8 14132.6 46273.1 71444.8 46126 37689.8 51883.1 
20813.9 73170 38947.8 52013.3 91803.7 79485.2 8980.53 31689.1 66680.5 76045.1 
54160.2 16191.4 50104.9 52332.1 60582.6 11628.4 69975.6 50218.8 13700.4 93688.2 
70356.9 44013 48104.1 42701.9 33817.9 19801 77450.6 52352.7 18422.8 78122.1 
86496.3 79366.7 49713 36749.6 6711.93 57186.9 81680 57198.7 50090.5 50014.4 
31402.7 47593.7 13860 23585 56826.5 44371.4 34580.1 11905 30280.4 63523.9 
69117.4 61045.1 35648.3 25136.6 19257.5 40738.2 68035.6 42334 31575.3 55089.2 
17214.2 37363.1 43515.7 54764.7 84485.6 51210.4 41393 37582.6 42813.3 93214.8 
10480.9 63472.4 46600.4 60032.1 97261.6 74831.5 24935.9 38899 63931.5 90056.5 
61204.6 38613.6 40805 37387.2 38205 17695.5 68960.4 44335.3 10224 75754.7 
84643.7 82287.6 46547.3 33169.3 14103.2 61350.2 77751.5 54210.9 52817.1 42614.2 
72959.3 103288 42583.7 39784.7 67307.4 93319.7 51178.6 46103.4 79443.1 19193 
68983 33512.1 53907.3 51207.9 46255.5 8202.44 80174.1 56658.4 15921.1 89133.7 
35645.5 81722.8 32293.2 43007 83448.3 82547.7 10026.5 27452.1 68506.4 59116.6 
62870.2 62647 26971.3 15572.4 26034.6 45328.2 59409.5 34116.3 33761.7 48120.4 
78594.7 97171.3 41082.4 31868.6 47765.8 82594.4 61956.4 47403.1 70007.1 10606.6 
16907.1 41708 29361.5 40851.6 72945 48172.4 32811.3 23574.8 36657.6 79107 
58053.8 80667.8 21308.4 16401.2 49941 69918 42779.1 27023.3 56062.9 28740.4 
11463 63516.1 48481.4 61896.7 98901.3 75534.2 26915.6 40789.5 64894.5 92115.9 
86940.3 69582.2 54593.2 43558.8 10135.6 45413.9 86985.6 61255 41903 65547.8 
87572.9 97700.1 48349.1 36214.5 36503.8 79773.9 74061.6 55644 68879.6 21225 
83169.5 89030.8 43809.8 30702.6 27302.9 70306.9 72373.1 51433.9 59904.1 29424.5 
31408.4 29735.5 57041.9 67032.3 92002.7 50176.7 56583.6 51862.2 45978.5 107021 
81026.2 97739.4 42966.3 32921.9 45399.2 82348.2 65025.7 49562.6 70107.5 11610.3 
48247.4 21130.1 68636.6 76636.3 95008.7 46081.9 72858.9 64684.5 47038.9 118071 
68956.9 70114.5 31305.8 18278.4 22507.8 51946.6 63208.3 38868 41027.4 42607.2 
43752.3 15454.8 45427.4 50355.7 65874.1 22227.2 61251 44021.8 18101.1 92285.3 
61741.4 54043.8 30594.9 22490 27110.5 35480.3 62445.3 36565.8 24685.4 58093.1 
42520.2 88772.2 37139.7 46534 86500.5 88877.4 16648.1 33241.7 74699.7 57077.7 
31304 81962.5 39555.2 51461.2 91958.7 85891.9 8000.62 33409.6 72384.9 69452.5 
47221.7 77459.9 16888.5 21132.2 60178.8 70795.6 29972.3 19059.1 56406.6 38766 
77548.4 60248.9 47080 37425.7 16772 36806.1 79117.4 53242.3 32056.4 65578.1 
51106.3 10316 64781.8 71186.6 85955.9 35544.3 73908.6 61935.9 38084.1 113065 
60556.8 32015.6 44909 43132 44810.8 10737.8 70963.2 47449.4 7083.78 82462.1 
62610.1 94964.5 34123.5 33992.1 66854.2 86807 40902.4 36701 72611.9 27309.5 
67642.7 83450.6 28789.2 18285.8 40539 69300.1 54219.7 35794.6 56442.7 24120.5 
13154.8 63500.1 51109.7 64493.8 101148 76440 29800.7 43437 66185.2 95039 
46651.3 20329.5 42123.3 45466.7 58891.8 17753 61537.7 41859.3 11101.8 87242.5 
87003.6 83532.3 49044.2 35690.1 12826.5 62134.5 80315.9 56695.7 54087.8 44215.9 
83643.6 111081 51194.7 46017.9 67087.5 99130.7 62307.8 55598.7 85748.6 11872.7 
22629.6 67822.2 26043.2 39044.8 78943.3 70456.9 7502.67 18984.2 56889.5 65293.6 
44632.7 9518.93 55040.4 61372.6 77682 30142.5 65890.3 52430.7 29712.8 103240 
81891.7 85181.5 42798.4 29401.5 22731.7 65903.7 72588.3 50501.6 55896.5 34002.4 
30365.9 84261.1 51481.3 64204.1 104380 92177.7 19329.8 44482 79635.4 84010.1 
14924.1 46711 50797 63089.5 95105.3 62516.1 40714.9 43956 54347.2 99272.8 
28075.1 39548.7 22772.8 31869.3 61459.3 39922.4 38050.5 19722.3 26929.5 72399 
23736 77449.7 52830.8 66125.9 105345 87756.8 23425.8 45305.4 76107.9 90379.9 
90797.6 69495.1 59927 49396.4 15700.3 44617.1 92169.2 66329 43204.7 71885.3 
98470.8 77789.1 66190.6 54832.9 16323.3 52779.5 98615.4 72924.7 51623.6 72665.4 
95883.3 75493.7 63781.2 52563.2 14897.3 50571.5 96186.9 70464.5 49120.3 71543.7 
82151.4 50971.6 59363.3 52680.6 33783 25650 89286.3 63997.3 29345.5 84726 
43777.8 54088.2 10660.7 11954.1 44989.8 44506.7 41890.5 16011.2 30198.8 53708.6 
21636.3 34485.1 48033.7 58861.6 87009.3 50631.6 46381 42359.5 43569.7 97886.6 
57194.8 53986.9 25187.3 17710.2 31092.3 37608.5 57085.5 31212.3 25324.3 55600.9 
6500 48302.8 35836.6 48520.2 82823.2 57907.7 28546.5 28790.4 46999.8 84008.6 
59615.9 6789.7 62871.3 66227.3 73702.7 20715.2 79004.1 61981 27963.5 107808 
70526.7 57677.1 39380.3 29997.7 19836.3 36092.2 71438.2 45569.3 28448 60937.8 
43871.9 58531.1 6780.12 9100.55 46493.4 49408.2 39121.5 13652.8 35100.6 49794.1 
62411 89306.9 28891.9 25781.6 57180.5 79253.1 43700.1 33261.5 65320.9 23691.3 
40797.7 69591.1 9704.64 18317.5 58796.3 63903.8 27330.9 11101.8 49470.2 45347.5 
18638.7 37610.8 32965.6 43818.7 74055.8 45749.9 37012.6 27627.9 35151.8 82894.2 
77141.8 52503.9 51351.3 43833.9 26640 27856.8 82157.2 56511 26681.1 75535 
60326.9 10327.6 70807.9 75846 86145.1 33344.3 82463.3 68740.5 39479.1 117744 
20274.4 72343.2 37935.7 51027.1 90779.1 78488.2 8440.38 30655.7 65653.9 75416.3 
68975.7 59846.8 36133.4 25995.6 19678.7 39335.7 68448.1 42675.2 30389.8 56546.6 
67575.2 73374.9 28750.3 15288.2 27543.6 56568 59676 36459.4 44831.5 37081.5 
82125.1 52409.5 58331 51250.9 31515.9 27100.2 88605.8 63170.6 29760.7 82704.8 
37095.1 22246.8 38912.5 45094.7 65027.8 27504.5 53767.8 36938.5 19331.3 86923 
68750.3 64584.9 33358.8 21720 19736.8 45213.4 65798.6 40466.5 35181.4 50000.9 
38234.1 49564.7 11788.1 17844 50046.9 42638 39163.8 13946 28211.3 59089.3 
47717.7 60362.3 9920.18 5679.79 42994.4 49651.7 42356.2 17262.7 35578.8 47333.4 
71568.1 103191 42359.5 40406.4 69205.9 93850.1 49318.7 45467.6 79860.2 21827.7 
63732 73207.2 24496.5 11204 32747.1 57974.5 54744.9 32190.8 45449.3 35226.4 
37253.9 17100.3 46836.7 53940.1 73698.1 31247.4 57493.3 43921 26672.1 95612.2 
39754.9 14342.2 49632.7 56441.6 74949.9 30563.4 60384.1 46838.6 27418.2 98202.3 
67294.7 59033.9 34459.5 24515.5 21239.8 39034.6 66752.2 40968.4 29562.5 56087.1 
73208.3 66904.1 37906.5 26031.7 15164.8 46331.2 70331.9 45041.9 37435 51175.4 
78463.3 54314.8 51970 44044.6 25097.6 29644.6 83024.1 57303.5 28378.2 74872.8 
14940.2 39117.5 38513.4 49959.3 80741.9 50448.4 37380.7 32509.8 40855.4 88154.1 
71684.9 44652.5 49385.5 43816.4 33651.4 20146.7 78801.3 53681.5 19577.8 78853.3 
81764.8 109429 49432.9 44485.5 66498.3 97708.2 60466.9 53770.8 84257 12257.7 
93204.4 62031 67943.3 59641.8 32051.2 36825.7 98910.9 73246.2 40871.1 87196.6 
19710.1 38253.1 49655.6 60997.8 90327.7 54732.1 45204 43562.5 47494.4 99236.8 
18852.1 55420.3 20670 34000 71509.6 57897.6 20063.2 13100.4 44586.2 67725.7 
73339.8 33092.7 60140.3 57621.2 50708 9284.93 85731 62655.4 21360 95336.5 
45108 77497.9 17650.5 23568.8 63050.9 71851.7 26983.3 18507.6 57424.9 41151.9 
58593.2 97793.3 38651.4 42521.5 78557.6 92840.1 34084.7 38646.3 78418.2 39182.8 
67776.5 98955.8 38118.2 36458.9 66657.1 89808 46083.4 41262.2 75768.6 22874 
20906.7 72936.3 38075.7 51121.5 90943.1 78979.5 8121.58 30842.3 66106.9 75164.5 
87341 85242.7 49015.3 35584.4 15239.8 64140 79927.6 56703.5 55775.4 41991 
86720.8 108056 50713.4 42568.8 56800 93689.8 67884.4 56442.9 81082.7 806.226 
61894.5 42158.7 39024.4 34598.4 34817.4 21401.4 68206.9 43108.4 13209.8 72276.4 
36900 90881.2 59782.4 72417.5 112666 99886.8 27488.5 52822.8 87581.4 90553.9 
24780 39713.2 24440.1 34437.9 64854.1 42088 36318.6 20380.6 29574.3 74358.7 
28725.6 73734.2 27103 39160.2 79605.2 75141 6184.66 21128.7 61265.1 61235.4 
65309.3 83220 26920.8 17679.9 43499 70001.8 51175.5 33624.4 56817.7 24253.9 
64409.4 77359.6 25039.2 12961.9 36689.6 62906.3 53295 32502.5 50104.3 30434.5 
63602 55732.4 31805.7 22992.4 25124.7 36644.2 63850.1 37986.4 26309.7 57320.3 
41685.7 49441.8 13600.4 16541.5 46538.2 40672.5 42608.6 17085.7 26261.9 58367.5 
71779.2 40735.5 52285.8 47760.3 38754.7 15652.5 80596.3 56005.4 18491.1 83808.5 
70269.3 29047.7 59024.5 57413.8 53319.4 5883.03 83543.1 61076 19513.3 96071.5 
31679.8 73229.6 22762.2 34301.2 74808.6 72909 11401.8 17617.3 58789.1 56455.5 
62192.8 15028.3 59315.5 60888.3 64801.5 11360 79080 59567.1 21245.5 101782 
76042.8 65996.4 41981.5 30621.9 12396.8 44209.2 74433.9 48887.2 36714.7 55679.5 
17199.1 49244.1 23183.6 35806.8 71103.1 52953.2 25650 16434.4 40176.6 72071.8 
91433.5 82029.9 54997.1 42103.8 5521.78 59033.9 87033.3 62442.7 53069 53761.9 
35305.8 85470.8 40741.3 52058.6 92562.6 88662.1 11004.1 35102.7 74972.1 67476.3 
22812.7 36563 29542 39600.3 68954.5 42001.1 38200.1 25063.9 30660.9 79497.5 
63090.6 79047.9 24068.4 13636 40735.7 65616.5 50565.3 31185.9 52462.7 28393.8 
45513.2 40024.5 24945.1 25849.8 45136.3 29286.5 51653.7 27365.9 14878.8 67508.8 
70708.6 31384.9 57807 55631.8 50482.9 6850.55 83142.8 60189 18797.1 93826.3 
90730.4 78516.2 55453.9 43028.9 2555.39 55021.6 87781.7 62699.7 49928.9 58077.5 
70719.5 45094.8 47819.7 42123.3 32653.5 20957.1 77423.8 52214.7 19163.5 77196 
52460.7 74756.3 15090.4 12114.9 49757.5 64920 38962.5 21029.7 50849.6 34918.5 
73968.8 79667.9 34820.8 21446.2 26006.9 61909.7 64780 42521.5 50799.3 33324.6 
76496.6 69885 40757.1 28497.2 12149.5 48804.3 73111.6 48007.6 40442.8 50642.7 
66501.2 77843.9 27100.2 14504.1 34358.8 62632.4 55807.7 34652.1 50150.4 30563.4 
35766 87218.6 44467.7 55986.9 96502.1 91373.6 13476.6 38586.1 77855.4 71250.5 
53544.8 38934 32538.6 30581.2 40349.6 22965.2 60375.5 35775.6 9903.53 70752.7 
92719.5 69745.3 62472.5 52136.9 18396.7 44652.5 94632.2 68768 44185.2 74760.2 
82570 88534.1 43211.3 30102.7 27300.7 69894.3 71808.8 50836.7 59429.5 29406.1 
88647.7 68209.8 57660.1 47162.9 14601.4 43512.4 89903.6 64065.3 41513 70278.1 
48057.7 17551.4 66398.3 73985 91554.6 42448.2 72133.6 62750.6 43568 115581 
80822.6 53445.3 55797.7 48310.8 28497.2 28293.1 86450.6 60867.8 29285.1 79357.7 
87310.8 109148 51570.7 43631.3 58100.3 94909.3 68191.6 57199.7 82259.2 1720.47 
91994.8 115643 57362.4 50084.8 64465.3 101710 71715.5 62614.1 88977.3 8542.83 
56720.5 43214 32477.8 28633.2 35820.1 25554.8 61859.6 36613.7 13845.2 67656.6 
29613.8 81924.4 43259.8 55590.1 95987.1 87374.4 10819 36674.2 74208.2 74648.8 
61061.4 27309.5 48898.4 48076 49915.1 5470.83 73360.3 50790.9 9226.59 87859.9 
50714.2 76695.9 15962.5 16414.9 54509.2 68181.5 35314 20394.4 53942.6 35453.9 
73338.8 75112 35020.1 21639.3 21135.8 56438.4 66323.8 42691.9 45920 39484.8 
56693 81846 21566.9 18840.9 53510.4 72060 40181.2 26446.2 58033.2 29377.7 
33842.3 61360 6637.02 19932.4 59526.8 57407.1 25955.5 2408.32 43042 53363.4 
62157.9 36415.7 43488.4 40498 40382.3 14583.6 70975.5 46703.9 9507.89 78971.5 
37842.8 91674.5 56116.4 68324.2 108777 99032.2 23688.2 49531.6 86232.5 84527.7 
66070.9 53926.8 36018.9 27756.3 24300.8 33376.6 67731.5 41857 24512 61561.8 
90351.5 107355 52701.5 42769.1 50599.8 91291.7 73215.4 59138 79416.7 8980.53 
79520.7 95558.6 41204.5 30878.1 43602.8 80101.2 64053.2 47927 67876.1 13727.7 
66761.2 49502 39783 32886.8 27420.4 27758.4 70644 44944.4 20582.8 67692.3 
33324.2 87329.1 55680.6 68382.6 108577 95895 23480.4 48680.6 83502.4 87472.6 
61315.3 36378.6 42560.3 39677.8 40392.7 15071.2 70032.1 45756.4 8918.52 78325 
31856.7 31030.6 30486.7 37835 62428.9 33105.9 45744.1 28166.1 21641.6 79295.5 
100457 76100.6 69876.7 59159.2 22363.6 50819.3 102138 76299.5 51468.8 78977.6 
71942 96055.4 36873 30818.3 55211 83960.1 53321.1 42073.4 70537.5 14018.6 
42843.9 34468.1 28328.3 31113.3 50183.9 26575.4 51970.9 29308.4 12466.4 72972.1 
83539.9 54113.3 59184.5 51781.9 30564.4 28800.2 89681.7 64164.3 31354.3 82501 
66110.5 35573.2 48778 45671 42180.8 11412.7 75909 51878.5 12657.4 83584.3 
86176.9 81522.1 48614.8 35378.7 10656.9 59918.9 80192.8 56215.4 52108.3 46139.1 
78652.9 103075 44041 37669.1 58580 90437.2 59115.6 49153.8 77211.7 8188.41 
35654.5 46768 14132.6 21290.4 52569.4 41323.7 38652.9 14558.2 27006.9 62391.4 
59229.5 49941.6 30375.3 24000.2 30538 31867.5 61502 35702.2 20622.8 61405.2 
54719 74342.6 16230.8 9904.04 46265 63372.5 42230.3 22926.2 49508.4 34062.6 
63456.5 79840 24544.7 14383.7 41294.2 66467.7 50600.4 31580.5 53302.2 27600.4 
50981.3 4701.06 56218.1 60864.9 72963.6 22908.5 70655.5 54672.6 25292.7 102754 
19195.1 69018.5 32733.2 45895.6 85542.3 73998 6700.75 25406.5 60930.9 71728.9 
47985.4 12516 48931.1 53084.8 65938.9 19156.5 65578.1 47900.9 17972.5 94941.3 
31101.4 57771 8321.66 21691 60196 54712.1 26303 1442.22 40451.1 56930.9 
73193.2 88955.8 34560.1 24075.9 41255.4 74087.5 58796.3 41440.7 61560.1 19114.9 
27578.6 63806.3 15670.7 28768.4 68570.8 63147.8 17074.2 8809.09 49089 58349.4 
72584.6 31408.6 60401.3 58278.4 52348.9 8246.21 85476.8 62699.7 21219.8 96381 
77386.4 70876.8 41465.4 29081.4 11463.4 49712.2 73782 48757.1 41440.3 50273.3 
31594.5 22429.4 45292.2 53698.5 76600.6 36812.2 52854.7 41495.7 30813.3 94840.1 
73786.9 79388.5 34659.1 21272 25889.8 61628.3 64683.9 42362.2 50517 33568 
54372.1 52583.7 22913.1 16720 33902.5 37401.2 54547.3 28668.1 24480.4 56082.2 
55085.8 16658.9 71619.7 78388.3 93119.3 41901.1 78916.3 68438.7 45348.6 120221 
22360.7 73203.3 35727.4 48623 88632.8 78266.5 5119.57 28668.1 65141.2 72149.9 
72047 85203.3 32867.3 21232.3 36915.2 69717.3 59244.1 40119.9 57427.7 23621.2 
26445.8 27945.8 40371.9 49601.8 75194.1 39555.2 46970.7 36109.3 31489.2 90207.2 
81531.5 74100 45412 32816.2 7810.25 52285.5 77646.2 52764.4 44759.9 50873.7 
50575.6 86085.1 26420.1 30909.1 68766.9 80592.9 28884.9 26926.8 66173.3 38400.5 
84258.9 103600 47270.8 38310.3 51711.7 88764.2 66600.1 53388.6 76320.4 5008.99 
23598.3 33127.2 33702.4 43416.6 71277.6 40799.1 41394.8 29308.4 30588.4 83621.3 
32499.2 61985.2 8598.26 21800.9 61500.1 58749 23973.5 2915.48 44430.3 54190.9 
50621.1 91042.2 33418.1 39502.2 77729 87478.3 26208.6 32241.6 73049.9 44174.3 
49896.4 82246.1 21840.3 25480.4 63507.9 75773.6 30402.6 23471 61387.3 36882.8 
9364.83 51526.8 47703.4 60506.7 94449.1 65448.1 34630.2 40477.6 56113.5 95092 
67708.2 100499 39641.5 38835.6 69744.8 91979.2 45260.2 42276.5 77852.5 25212.1 
62304.1 60773.1 27244.3 16552.9 26163 43304.6 59694 34181 31806.4 50132.7 
65427.6 59760.2 31693.8 21444.1 22800.2 40707 64073.9 38375.1 30372.7 53600.4 
54883.6 48081 26826.9 22030.2 34494.2 32022.5 57450.2 31747.3 19400 61328.1 
39200.1 79888.9 25235.3 34582.8 74769.3 77969.9 16490.6 22108.1 63645.4 50656.9 
76131.8 98819 40414.1 33302.4 54230 85820.9 57719.5 45933.1 72681.9 9808.16 
61006.3 9580.19 70384.7 75112.2 84669.1 31694.8 82788.6 68517.5 38275.3 116972 
59521.5 12589.7 72011.4 77578.9 89083.8 36571.6 82291.7 69593.5 42047.6 119509 
45642.2 67354.9 7240.17 10117.8 50599.7 58917.1 35163.9 13761.2 44612.3 42740.1 
35787.4 89159.7 51552 63641.7 104120 95553.2 19220 45099.9 82528.6 79990.3 
10965.9 43583.7 41960.9 54068.2 86204.7 56260.1 35867 35346.4 46853.4 90924.3 
11428.5 43889.4 34135.3 46240.4 79121 52968.1 31662.3 27640 42155.2 83296.6 
14751.3 64400.7 31942 45352.4 84256.9 70108.8 11277 24318.3 57334.2 73799.3 
50720 3827.53 57095.8 62007.1 74536 24455.9 70836.8 55361.5 26815.9 103918 
64004.5 61027.6 29218 18470 24334.3 42862.7 61664 36120.4 31846 50922.8 
45044.4 65738.3 6053.92 9402.13 49905.7 57252.5 35564.2 13109.5 42941.5 44018.3 
51072.5 47629.9 23200.2 19924.9 37778.6 33620.4 53463.4 27821.2 20083.1 60540.6 
34149.4 84968.1 41676 53257.3 93775 88744.6 10846.7 35786.6 75172.9 69434.4 
55670.5 94908.9 36060.6 40552.7 77380.2 90273.2 31354.3 35799.7 75842.5 40261.3 
55870.2 34090.6 38508.3 37065.3 43265 16480.6 64985 41145.8 4729.69 77058 
71732.3 47084.6 47767.1 41531.3 30647.2 22978.7 77795.8 52415 20787 75867.5 
74992.3 95402.8 38084.8 29856.3 49696.1 81771.2 57883.1 44102.8 68820.4 12116.5 
19758.5 70008.6 33666.2 46779.9 86507.5 75105.6 6296.82 26388.3 62047.8 72089.5 
25500 43262.9 20554.8 31004 63037.5 43996.6 33939.1 16450.2 30822.4 70515 
65848.5 66124.5 29045 16693.1 23926.6 48301.7 61320.6 36424.7 37106.5 45602.7 
24033.3 77856.3 52369.9 65632 104959 87893.4 22663.8 44876.9 76141.5 89557.2 
40091 36047.2 25742.2 29627.9 51538.8 29662.4 48775.6 26303 15646.7 71559.8 
62620.2 16085.4 59033.9 60377.6 63801.6 10309.2 79208.6 59425.7 20649.5 101157 
89082.9 106403 51500.1 41687 50475 90534.5 71915.6 57901.7 78561.7 8121.58 
76835.7 96905.4 39858.9 31395.5 49763.6 82977.6 59661.1 45922.8 70141.9 10538 
63968.9 96322.6 35471.3 35075.1 67360.8 88016.2 42104.8 38107.2 73845 26495.5 
18704.3 72448.7 43382 56659.1 95987.8 80614.1 14795.9 35890 68359.3 81826.3 
79577.9 81256.8 40853.4 27390.7 19984.2 61805.2 71465.2 48563.1 51919.9 37229.3 
20997.6 36944.4 50093.6 61253.7 90050 53749.9 46388.5 44135.2 46789.8 99783.6 
42081.1 12524 54688.3 61675.4 79592 33109.7 63970.4 51648.4 31763 103414 
59615.6 50986.8 30098.7 23310.5 29818.1 32895.1 61439.8 35600.6 21681.6 60407.4 
23079 37712.7 53484.7 64674.3 93227.1 55780 48791.5 47464.7 49438.5 103130 
28300.7 29635.5 52856.4 62916.2 88550.8 48370.7 53047.9 47685.7 43160.2 102835 
41645.4 52766.4 10239.6 13831.1 46965.9 44169.3 40480.2 14647.9 29773.3 55342.7 
85289.2 90505.8 45941.3 32800.2 26916.4 71417.9 74518.7 53572.8 61287.5 30081.6 
79546.3 77989.6 41616 28311.5 15368.8 57741.9 73077 49252 48535.9 42289.6 
65508 16001.6 63140.2 64534.8 66996.4 13462.9 82797.2 63413.6 24783.3 105256 
76999.9 71429.5 40749.1 28212.4 12311 50525.3 73001.7 48100.7 41968.7 48991.1 
80367.8 90737.3 41058.1 28789.2 34084.6 73527.2 67682.6 48433.5 62163.7 22756.3 
64830.9 75509.5 25456.8 12530 33824.5 60393.1 54896.7 33085.6 47844 32808.7 
32805.5 86568 51919.3 64409.3 104743 93943.9 19500 45121.4 81214.1 82779.8 
