1000 10 16
777 335 649 27 763 426 211 429 862 135 
929 802 22 58 69 167 393 456 11 42 229 373 421 919 784 537 
14 2 11 1 4 13 0 1 12 1 10 6 12 0 2 4 11 10 11 10 1 12 5 1 12 9 1 3 7 1 10 0 4 3 12 5 10 11 11 4 9 4 11 11 3 7 11 9 13 1 15 9 11 10 8 0 13 15 10 5 1 10 14 3 12 4 2 14 5 2 8 2 4 10 14 4 3 7 9 6 15 4 13 7 12 4 0 12 7 12 0 3 1 7 9 3 9 14 0 5 14 4 9 3 10 14 1 8 10 1 2 14 9 15 9 3 2 5 8 4 4 8 5 10 0 14 9 9 13 5 7 1 6 0 2 6 11 2 4 10 7 12 8 4 15 4 5 4 7 6 5 8 8 9 6 15 2 9 13 10 6 8 2 10 15 3 14 10 10 2 12 0 10 1 9 3 1 10 1 14 7 3 9 1 5 11 1 10 15 14 1 13 11 13 14 13 12 11 2 13 12 13 0 15 11 14 10 1 13 15 5 6 6 14 14 13 6 9 0 12 10 11 13 11 1 15 2 5 5 3 12 14 5 2 4 8 10 6 11 8 10 8 7 14 11 12 0 11 8 6 1 4 10 1 3 2 13 7 5 12 15 11 13 10 5 2 9 5 11 7 1 3 6 1 1 1 15 9 12 0 10 12 10 0 13 6 11 11 13 7 4 5 5 0 1 13 8 10 8 14 3 7 14 14 9 0 3 3 8 15 8 13 10 9 11 13 5 15 5 6 9 1 5 10 15 5 11 7 5 12 11 5 1 13 7 10 4 10 15 10 10 8 1 14 9 13 9 1 4 9 5 1 0 6 13 5 3 2 10 15 13 0 13 4 2 0 6 10 6 9 13 13 0 9 4 12 13 0 7 6 6 12 10 15 1 15 13 15 7 0 9 14 1 15 11 8 6 11 3 3 5 6 4 15 0 12 14 3 13 2 9 8 13 0 2 3 2 13 3 10 4 10 9 4 10 5 13 9 4 1 3 15 12 13 3 14 10 5 3 0 14 7 3 15 12 11 15 12 14 8 6 11 1 3 4 14 7 12 7 11 11 10 8 0 0 11 1 11 15 0 14 7 4 7 0 11 3 7 4 8 10 2 9 2 0 6 3 14 5 13 3 2 5 3 12 1 13 1 8 1 12 7 10 8 8 11 12 13 6 11 5 14 8 13 14 13 14 6 2 7 4 11 15 5 0 12 12 12 14 10 3 4 5 0 13 4 2 1 0 3 7 1 0 11 1 15 2 10 11 9 10 2 13 10 13 6 3 14 5 4 7 1 5 8 11 11 11 15 7 3 8 12 1 7 9 9 6 1 6 15 5 3 11 11 12 11 0 12 15 14 12 2 1 13 15 2 2 10 9 6 5 13 10 14 0 8 1 1 8 14 0 5 0 13 6 7 13 6 0 10 2 5 4 2 10 13 12 10 1 12 0 2 0 4 13 10 4 12 4 4 10 7 15 4 3 1 6 15 2 1 5 1 10 4 2 14 5 3 2 4 4 2 2 3 10 4 11 3 8 0 14 13 4 2 13 6 0 15 4 0 4 6 7 0 6 11 15 6 4 11 0 7 1 2 11 8 11 1 11 3 9 10 3 9 14 15 3 9 1 15 3 1 1 8 8 5 12 12 10 10 9 6 8 2 4 11 15 10 15 8 9 11 8 3 7 1 1 10 5 3 3 8 3 6 9 4 13 15 8 0 3 10 10 12 2 0 3 8 11 11 15 0 10 5 3 13 2 5 14 4 8 15 15 13 15 15 0 1 0 5 2 9 4 14 3 4 2 0 6 1 10 2 8 7 4 2 15 13 1 10 11 13 15 0 15 10 0 3 2 15 14 1 2 5 9 0 14 6 8 9 12 10 5 6 4 2 3 6 10 15 15 6 1 14 14 0 14 8 2 14 11 7 4 3 11 5 0 11 12 12 4 0 10 8 15 5 10 3 5 10 2 12 15 11 14 7 6 8 6 2 12 14 0 6 3 4 12 13 0 3 2 2 2 14 14 0 11 8 10 7 9 3 0 1 15 10 9 2 13 0 14 2 10 7 15 4 12 2 3 1 14 13 0 9 8 9 14 2 12 7 10 0 10 10 1 13 10 1 5 2 10 11 6 6 2 10 2 6 8 12 2 8 12 14 6 14 14 5 5 10 11 2 0 15 10 1 2 7 3 9 13 9 8 0 7 0 4 7 15 5 4 14 13 12 9 12 1 8 4 12 8 5 4 6 10 11 10 8 13 12 14 2 0 1 5 5 15 9 10 2 
5740.4 7601.09 1875.45 1077.87 4466.45 6426.73 4475.99 2558.12 5059.54 3192.26 
3612.48 5685.89 434.166 1641.95 5429.71 5131.91 3196.58 608.769 3690.22 5429.37 
6010.9 1754.82 7537.45 8156.7 9427.14 4194.9 8374.15 7251.65 4697.66 12348.2 
8614.51 6252.5 5746.83 4809.83 2047.07 3754.94 8924.44 6337.55 3687.82 7461.43 
5898.86 8000.62 2144.62 1511.59 4772.81 6864.77 4445.69 2760.67 5492.05 2856.71 
6339.42 9527.42 3441.35 3388.13 6626.16 8685.23 4183.6 3718.28 7269.2 2629.09 
1283.9 4134.11 3734.66 4912.35 8084.52 5204.58 3506.98 3108.21 4202.2 8676.2 
757.694 6053.92 3722.28 5066.45 8825.72 6901.14 1858.01 2951.69 5717.43 8125.27 
5954.49 2119.46 5168.96 5225.67 5617.42 522.015 7392.19 5272.13 1243.91 9280.13 
6746.27 4378.09 4458.8 3930.32 3320.24 2060.9 7404.9 4887.9 1661.11 7533.13 
8432.14 9306.45 4495.39 3240.52 3263.92 7502.35 7191.06 5240.15 6417.89 2421.92 
3061.05 8281.36 4350.37 5572 9615.66 8807.64 1113.96 3701.92 7485.38 7418.74 
2272.2 7370.17 3617.73 4904.33 8908.34 7880.41 523.45 2914.46 6567.95 7230.95 
2358.5 5313.27 1599.06 2895.6 6579 5346.49 2461.42 910 3978.47 6476.54 
487.032 5343.94 4401.92 5704.24 9202.23 6568.05 2999.08 3663.14 5552.41 9079.65 
5951.24 4875.92 3153.98 2550.71 3093.17 3034.53 6240.51 3666.95 1935.98 6296.11 
7571.27 10662.5 4589.47 4310.19 6982.64 9664.33 5345.09 4929.68 8278.38 1939.12 
4515.86 8593.93 2957.58 3718.31 7652.56 8320.01 2118.8 2754.27 6880.59 4728.9 
4891.55 4979.02 1929.25 1654.84 3937.32 3714.46 4996.08 2418.53 2327.23 5783.58 
2971.21 4874.09 1358.01 2433.87 5860.83 4630.36 3244.23 1046.76 3229.02 6352.1 
7701.44 4761.77 5448.68 4831 3339.28 2242.88 8417.01 5896.24 2444.77 8181.33 
2987.66 2655.9 3747.69 4567.24 6980.35 3489.01 4804.16 3411.41 2607.22 8686.55 
6087.77 8125.72 2316.72 1601.78 4686.46 6941.41 4627.79 2944.57 5581.58 2694.62 
5207.04 1153.95 5179.29 5514.21 6538.54 1610.03 6945.92 5117.55 1793.6 9682.19 
5045.91 4606.79 2387.32 2128.1 3875.59 3228.76 5361.2 2813.01 1861.96 6206.01 
8457.33 11128.5 5163.82 4605.7 6615.47 9899.26 6348.56 5622 8570.71 1047.09 
5608.65 3436.28 3851.57 3696.77 4297.03 1658.49 6510.19 4120.74 502.195 7689.6 
3285.68 2457.48 5418.06 6341.68 8682.08 4436.87 5699.56 4958.64 4036.56 10406.7 
6124.13 3018.23 4700.27 4554.67 4684.02 821.523 7245.53 4929.95 810.247 8498.17 
2178.3 3712.48 5135.46 6251.67 9119.5 5442.66 4731.14 4537.93 4771.17 10103.3 
7313.61 6191.12 4034.08 2984.85 1601.53 4026.04 7269.18 4693.92 3263.77 5802.62 
1457.74 3947.82 4047.28 5201.25 8280.02 5176.53 3807.37 3435.35 4252.02 9002.45 
5878.82 3024.83 4431.37 4316.77 4652.49 1038.17 6970.93 4654.21 542.033 8297.78 
5301.82 7724.31 1698 1511.19 5214.22 6781.74 3808.25 2218.22 5370.18 3349.78 
6390.15 4951.86 3624.16 2948.22 2821.1 2907.25 6720.6 4146.54 2014.67 6519.15 
4440.02 1380.62 4705.96 5205.25 6724.08 2244.75 6241.35 4555.44 1935.07 9398.22 
1436.8 6720.93 3810.47 5150.07 9040.98 7465.9 1320.19 3049.1 6230.77 7884.95 
6316.68 2380.76 5386.97 5359.56 5471.54 158.114 7705.6 5531.3 1412.3 9353.87 
1609.63 4279.84 2904.96 4075.45 7333.68 4919.55 3172.38 2306.71 3757.55 7867.87 
7050.25 4491.38 4766.43 4201.71 3278.44 2081.47 7723.71 5204.02 1894.23 7717.6 
8599.96 8650.47 4719.75 3373.8 1916.38 6614.47 7748.47 5491.02 5705.61 3784.42 
2605.09 8002.01 4967.17 6268.28 10253.7 8849.18 1843.58 4241.99 7618.53 8470.01 
4941.44 773.369 5328.24 5782.61 7038.55 2147.3 6840.36 5187.68 2254.88 9971.28 
5438.54 8102.64 2034.94 1940.23 5549.82 7205.73 3750.55 2463.43 5790.08 3156.26 
7154.89 3616.1 5532.63 5197.36 4468.17 1084.62 8222.6 5838.23 1825.38 8911.76 
6602.12 7400.74 2688.81 1349.52 3042.53 5800.56 5729.65 3459.51 4585.07 3528.7 
4126.98 5998.54 276.586 1128.72 5023.09 5231.8 3519.5 1008.46 3791.58 4962.91 
6831.59 4020.61 4818.64 4382.44 3756.59 1601.53 7660.79 5193.11 1549.23 8048.66 
6671.71 8780.93 2970.69 2235.73 4859.89 7534.89 5051.99 3569.1 6197.18 2030.27 
6316.56 3776.69 4367.15 4024.49 3905.7 1555.89 7156.68 4709.79 1081.67 7831.64 
3743.63 9140.25 5750.83 6988.96 11028.2 9938.66 2505.69 5077.11 8676.66 8682.54 
6219.11 4130.88 3998.05 3574.76 3555.57 2024.75 6892.31 4393.55 1261.43 7348.32 
4678.98 2355.93 3959.42 4242.23 5587.89 1786 6036.64 3976.69 851.469 8412.59 
2276.95 3125.54 4117.09 5125.51 7855.04 4386.34 4462.87 3621.78 3564.77 9114.92 
8739.5 6720.37 5649.07 4608.31 1454.13 4259.2 8871.19 6286.66 4036.09 6976.72 
340.147 5599.04 4253.4 5574.31 9160.81 6725.91 2675.26 3500.01 5659.84 8848.82 
8316.33 4759.43 6327.12 5762.54 4047.97 2270.59 9212.6 6733.74 2970.39 9100.43 
7083.63 7550.66 3202.14 1855.86 2525.39 5791.24 6281.82 3973.16 4666.4 3658.76 
1626.41 4165.3 3019.42 4173.54 7381.4 4859.56 3289.76 2432.82 3723.61 7990 
3946.35 3386 2759.86 3189.25 5329.89 2863.98 4940.65 2769.57 1504.79 7382.21 
2532.98 7925.26 5238.83 6557.35 10510.1 8892.5 2204.84 4496.78 7702.11 8871.44 
8533.53 7523.54 4981.86 3740.37 311.448 5251.79 8214.16 5708.12 4620.31 5462.06 
6937.45 7474.07 3051.38 1705.11 2648.02 5754.07 6130.13 3822.51 4604.49 3649.4 
866.487 5601.08 3135.36 4469 8168.54 6290.76 1952.26 2373.56 5073.51 7726.53 
3488.27 3487.94 2598.56 3220.25 5685.16 3254.98 4535.6 2491.47 1941.78 7390.32 
5494.59 7628.6 1725.4 1234.71 4832.57 6572.2 4130.11 2343.86 5179.36 3273.41 
5764.9 5706.29 2371.24 1486.37 3063.41 4100.78 5600.29 3025.38 2861.75 5220.67 
1046.9 6042.39 3267.25 4613.07 8412.15 6716.58 1574.71 2495.96 5479.43 7664.16 
4747.09 1744.13 4480.92 4835.3 6121.48 1739.71 6334.56 4430.86 1323.71 9013.99 
7632.73 4894.01 5263.39 4605.41 3096.13 2398.52 8271.62 5733.62 2446.24 7916.24 
5656.62 3922.27 3532.76 3254.98 3877.38 2128.76 6351.06 3880.12 975.295 7196.51 
4433.53 5118.92 1386.54 1442.57 4393.86 4109.03 4426.52 1847.16 2680.02 5635.65 
6049.01 7142.28 2121.32 801.561 3532.78 5715.45 5154.14 2890.14 4421.09 3634.2 
5955.52 1562.59 5571.97 5732.66 6235.7 970.206 7584.89 5603.89 1778 9831.08 
3740.01 3491.85 2613.58 3128.15 5450.11 3079.03 4720.17 2581.18 1728.12 7314.98 
702.14 4749.79 4123.17 5378.94 8730.66 5946.07 3239.89 3424.62 4950.36 8946.87 
4501.26 4887.23 1657.47 1669.64 4322.97 3828.32 4633.66 2071.83 2401.42 5857.73 
9581.88 6645.36 6891.23 5983.85 2920.15 4116.92 10038.1 7457.35 4423.6 8524.06 
5490.15 1408.01 7002.98 7649.33 9063.53 3930.2 7831.81 6706.71 4293.17 11837.3 
7742.47 6796.51 4281.55 3110.02 1082.4 4613.95 7526.44 4984.78 3867.47 5455.14 
5981.41 1248.68 7208.84 7758.67 8889.78 3631.89 8252.58 6971.32 4192.4 11951.5 
5869.8 483.322 6381.93 6770.27 7629.92 2353.25 7878.69 6258.73 3006.29 10942.3 
7520.91 6516.27 4131.92 3009.87 1328.34 4348.15 7376.53 4817.98 3586.03 5587.07 
6864.76 3271.85 5406.26 5155.98 4704.73 740 8008.85 5670.67 1575.82 8966.66 
7971.61 9082.04 4046.23 2838.05 3513.7 7388.48 6674.88 4778.21 6236.7 2182.15 
3440.71 5945.77 509.902 1855.4 5760.95 5500.04 2815.17 262.488 4061.77 5381.77 
5202.47 8797.55 2829.31 3247.85 6992.03 8244.91 2981.71 2881.06 6803.31 3783.38 
5105.29 8260.27 2198.29 2483.95 6245.01 7568.97 3180.77 2406.7 6133.13 3554.39 
5387.81 6715.91 1463.28 166.433 4010.05 5486.89 4562.28 2233.76 4123.4 4030.91 
9194.05 8247.38 5548.13 4257.38 588.303 5943.48 8750.42 6293.21 5353.22 5391.29 
5708.46 8369.15 2312.49 2119.46 5572.15 7428.73 3958.28 2749.35 6021.03 2884.34 
6111.91 8629.86 2624.52 2234.86 5411.28 7586.31 4363.27 3114.48 6198.52 2482.84 
5651.07 7194.67 1715.72 638.905 4120.29 5957.16 4606.79 2460.33 4601.97 3556.92 
5219.82 2164.53 4460.25 4632.2 5551.95 1221.88 6613.46 4521.34 782.943 8760.37 
5236.89 1464.14 6842.02 7524.75 9056.47 3996.06 7596.27 6524.42 4268.08 11706.2 
5985.06 1284.56 5809.83 6019.85 6573.92 1277.69 7710.93 5806.75 2091.24 10136.5 
7746.65 9568.31 3977.3 3040.95 4669.78 8110.32 6115.69 4617.36 6850.73 1209.34 
6427.95 1516.11 6206.13 6360.7 6672.61 1314.84 8157.38 6226.85 2391.4 10443.2 
4904.86 7842.97 1764.77 2059.34 5906.99 7118.48 3182.77 2043.55 5683.56 3690.88 
8051.05 8810.82 4111.22 2821.1 2948.22 7011.28 6922.43 4868.06 5921.12 2733.59 
6650.09 9703.41 3622.21 3441.93 6492.5 8777.63 4526.37 3953.24 7374.61 2283.55 
2912.34 2495.96 4582.14 5487.67 7912.05 4007.69 5128.31 4153.37 3383.78 9562.9 
6640.03 7790.64 2700.02 1445.54 3458.24 6275.39 5563.86 3454.19 5024.67 3044.16 
8822.61 7997.66 5167.36 3877.64 528.11 5742.82 8370.54 5912.77 5082.4 5176.04 
6742.73 5346.3 3802.17 2989.31 2401.04 3223.86 6960.78 4374.77 2420.43 6336.1 
3278.67 4405.56 1692.57 2501.86 5563.43 4050.98 3810.77 1576.86 2648.85 6590.37 
2090.29 3350.1 3807.28 4841.99 7677.77 4436.96 4173.37 3299.59 3520.26 8804.93 
8100.38 6637.27 4829.96 3735.91 1047.85 4311.16 8069.45 5497.64 3783.19 6153.25 
6330.01 10006.6 3983.63 4173.46 7569.65 9359.51 3945.54 4096.83 7925.18 3339.24 
1555.63 6422.25 3056.55 4396.59 8294.44 6943.38 1086.32 2295.78 5653.29 7246.94 
1306.14 6633.92 3906.21 5249.38 9114.97 7433.98 1492.15 3140.35 6217.95 8039.11 
1960.1 3481.05 4369.36 5453.88 8324.34 4886.15 4330.74 3808.02 4080.75 9356.41 
3192.32 7305.37 2222.66 3372.49 7423.4 7255.36 1196.41 1717.12 5841.32 5600.36 
2986.13 4486.88 1690.12 2643.67 5843.9 4282.67 3540.52 1435.69 2901.26 6657.91 
6717.45 4939.74 4037.08 3349.4 2745.63 2745.54 7119.16 4550.57 2059.13 6820.87 
8846.34 5917.11 6288.59 5469.27 2914.88 3384.79 9386.91 6819.1 3658.25 8320.25 
1597.9 4090.99 3156.96 4304.75 7479.85 4857.32 3374.31 2571.63 3750.89 8128.83 
4593.53 1046.61 5910.26 6582.38 8231.56 3385.85 6828.79 5614.95 3432.84 10763.7 
1945.04 7302.86 4280.29 5602.89 9549.71 8083.27 1370.58 3536.47 6845.53 8077.01 
6936.63 2981.17 5720.31 5539.54 5143.39 528.015 8212.43 5940.21 1788.85 9396.73 
4453.25 1142.32 4961.9 5501.36 7039.6 2435.02 6362.27 4776.99 2245.11 9694.44 
5587.57 7656 1793.6 1215.11 4741.78 6564.89 4237.57 2428.6 5179.29 3211.79 
2650.3 2840.74 4764.96 5747.29 8320.61 4469.72 5002.92 4274.68 3841.3 9761.94 
2312.06 3511.6 3118.93 4108.19 6979.24 4139.05 3951.27 2676.6 3047.64 8112.81 
4126.89 4846.08 1432.24 1752.37 4694.7 3990.1 4279.54 1743.85 2547.72 5935.7 
4146.64 1270.63 5046.08 5691.34 7444.78 2917.07 6190.13 4788.53 2670.67 9874.84 
8416.28 4957.07 6328.8 5720.51 3866.99 2454.89 9255.34 6757.07 3078.85 8985.46 
3895.14 6263.55 235.372 1469.32 5466.01 5646.4 3059.44 701.783 4202.98 4924.43 
5468.83 1094.44 5419.15 5716.79 6587.36 1499.07 7217.34 5373.43 1908.82 9871.79 
2558.53 7895.43 5556.73 6887.07 10804.7 8983.38 2607.68 4803.09 7836.17 9294.53 
7546.3 9659.32 3891.39 3103.45 5114.76 8314.64 5792.21 4477.72 7014.02 1110.18 
4292.84 5833.78 593.633 991.413 4746.76 4964.88 3819.32 1267.79 3530.1 5024.12 
6862.36 3330.54 5359.56 5095.13 4627.76 801.561 7982.34 5632.57 1556.31 8895.24 
9294.65 11719.7 5868.47 5164.05 6627.73 10342 7234.76 6381.22 9063.8 1030.78 
4920.62 2899.28 3676.14 3802.17 5003.73 1787.18 6034.7 3801.59 428.019 7935.65 
4523.74 1544.57 4566.06 5013.52 6464.21 2051.17 6232.21 4453.94 1674.31 9204.03 
9126.93 11527.8 5682.06 4972.05 6473.09 10152.3 7088.37 6200.07 8872.44 847.585 
4850.92 6239.14 984.124 415.933 4324.12 5165.01 4200.3 1746.31 3760.92 4537.85 
3820.01 2758.12 3332.42 3857.78 5880.69 2673.46 5167.22 3230.62 1545.64 8048.38 
7683.76 9918.17 4096.46 3364 5389.11 8600.06 5851.44 4655.5 7292.26 913.893 
6010.07 9033.7 2948.1 2879.2 6225.24 8171.08 3988.14 3267.11 6755.63 2722.22 
7773.71 9662.07 4030.71 3125.08 4798.43 8222.47 6105.16 4658.42 6956.28 1098.36 
8724.02 7970.77 5052.7 3758.1 618.142 5738.38 8251.17 5800.39 5047.47 5063.2 
4673.9 7275.96 1190.38 1516.08 5485.66 6505.4 3271.36 1610.37 5071.59 3965.96 
7106.23 8460.83 3191.02 2040.12 3740.98 6935.78 5822.8 3913.94 5695.77 2388.39 
1680.77 7000.09 5013.43 6359.01 10178.6 8118.53 2440.92 4244.01 7002.98 9112.85 
5274.44 7572 1582.21 1320.95 5056.33 6600.74 3871.05 2150.37 5192.48 3428.64 
1286.93 6230.03 3172.46 4518.07 8367.2 6833.6 1337.2 2403.33 5570.68 7473.59 
2457.03 7718.4 4148.89 5429.71 9439.36 8336.94 971.236 3447.03 7045.89 7622.89 
6225.09 5094.09 3327.46 2619.26 2811.14 3154.93 6456.9 3874.6 2147.09 6221.01 
1954.38 3475.7 3808.48 4870.32 7764.86 4574.33 4070.74 3278.44 3646.71 8803.39 
8527.72 9958.5 4670.39 3577.71 4293.37 8308 6996.83 5357.93 7138.52 1402.46 
9030.64 11089.2 5406.68 4553.43 5741.3 9600.89 7151.18 5991.14 8362.26 444.072 
6512.55 9642.68 3556.88 3441.06 6583.17 8760.06 4365.89 3859.18 7350.12 2456.18 
1177.45 5303.86 5055.07 6340.13 9737.53 6774.49 3627.8 4327.7 5870.31 9768.55 
7152.2 6075.57 3889.02 2862.17 1754.82 3945.09 7120.6 4542.8 3140.72 5786.23 
4359.97 3948.19 2421.24 2612.83 4693.84 3004.26 5010.59 2615.59 1561.15 6796.01 
7542.45 6937.05 3961.82 2736.51 1328.8 4855.18 7197.14 4687.4 3990.84 5012.8 
5745.44 7359.42 1821.65 804.301 4174.12 6120.52 4630.03 2551.96 4767.6 3394.85 
6096.63 9295.34 3211.11 3213.99 6561.01 8484.76 3965.9 3473.69 7063.85 2799.46 
6117.36 1461.85 7412.42 7970.23 9093.21 3820.99 8414.77 7167.13 4403.86 12163.2 
4067.85 4280.95 1955.33 2292.12 4831.6 3481.74 4557.25 2134.1 2040.02 6484.36 
2564.57 6418.26 1823.21 3136.65 7111.57 6449.38 1478.01 1117.32 5057.2 6035.64 
8716.99 11202.1 5310.08 4652.14 6393.45 9885.47 6670.66 5810.83 8584.06 731.642 
2119.93 3282.99 4196.12 5240.31 8038.74 4597.59 4380.43 3670.49 3776.9 9192.39 
710 6101.29 4008.89 5352.17 9092.93 7047.78 2051.83 3238.78 5896.07 8405.25 
3750.47 6265.47 368.917 1638.78 5634.13 5716.86 2892.49 565.155 4273.79 5018.46 
4080.32 5929.63 290.689 1173.46 5036.71 5176.07 3516.38 983.87 3734.98 5032.54 
9106.07 6064.09 6570.37 5746.59 3078 3536.24 9666.53 7099.89 3889.09 8547.51 
2465.95 5802.62 1521.91 2867 6715.27 5798.64 2061.89 751.332 4411.92 6191.12 
1126.99 5195.77 4972.26 6251.15 9629.29 6654.76 3621.08 4250 5750.22 9708.24 
3231.49 6200.47 882.043 2202.39 6172.14 5885.75 2376.05 300.167 4454.57 5433.47 
1034.46 6341.37 3780.21 5126.45 8944.52 7155.56 1641.46 3009.6 5952.14 8052.59 
6645.34 6160.93 3197.25 2112.56 2178.46 4252.06 6441.52 3884.49 3222.98 5201.33 
6964.75 8974.56 3233.73 2418.78 4759.46 7661.24 5349.64 3849.74 6345.47 1789.97 
4037.08 7502.19 1709.88 2568.11 6590.98 7093.41 2225.96 1587.51 5651.27 4606.92 
4002.11 1543.5 5502.45 6262.31 8192.95 3624.06 6261.71 5156.17 3430.01 10417.5 
5496.37 1615.55 5081.28 5290.83 6062.78 1105.35 7079.56 5098.28 1404.64 9420.19 
2963.8 4703.4 1504.46 2527.23 5857.93 4480.38 3366.93 1217.58 3087.56 6489.99 
6834.18 5043.86 4114.91 3394.11 2636.55 2822 7213.24 4640.37 2174.42 6804.15 
8587.85 7175.27 5208.77 4043.61 565.862 4820.88 8454.26 5902.63 4332.54 6068.98 
5058.94 4628.54 2382.02 2111.52 3857.78 3244.5 5363.95 2813.2 1880.43 6186 
8120.15 8914.54 4180.05 2898.84 3023.72 7117.58 6963.48 4934.06 6026.38 2650.92 
3051.25 7662.3 2969.21 4140.74 8191.29 7818.2 570.088 2398.27 6429.82 6149.41 
6165.07 7640.54 2237.59 1115.03 3933.76 6289.07 5017.49 2971.68 4973.69 3105.38 
580.086 5001.2 3483.82 4770.17 8263.95 5903.24 2657.71 2763.78 4782.32 8260.87 
2647.56 5778.8 1320.19 2663.91 6510.74 5689.4 2224.34 552.268 4289.81 6046.69 
2135.91 7439.62 4139.98 5447.28 9424.61 8131.78 1110.05 3412.11 6865.64 7816.01 
2187.62 4664.01 2046.36 3226.16 6634.1 4852.42 2949.85 1485.29 3542.65 7022.44 
1315.52 6230.03 3134.28 4479.75 8332.03 6818.78 1320.04 2365.42 5551.77 7434.63 
4528.23 8449.76 2725.47 3448.43 7376.1 8112.23 2224.28 2571.48 6670.61 4540.7 
4387.55 4555.05 1880.03 2001.25 4473.03 3553.94 4707.75 2195.72 2116.25 6190.13 
8669.77 5631.52 6223.71 5459.5 3125.78 3100.1 9283.67 6728.93 3434.56 8440.85 
2122.07 3816.98 2903.53 3953.99 6979.76 4374.03 3650.22 2418.47 3226.84 7901.42 
8634.54 11252.8 5310.1 4717.81 6611.51 9990.9 6536.12 5781.05 8672.53 980.306 
4776.02 8787.97 3059.43 3732.51 7614 8453.41 2380.78 2914.96 7011.4 4509.6 
7577.51 10721.1 4643.03 4390.01 7091.74 9742.98 5328.46 4968.42 8353.45 2038.06 
6347.39 4067.95 4193.38 3773.45 3609.17 1881.38 7068.24 4579.88 1267.75 7526.61 
6964.43 6654.7 3357.26 2145.16 1933.42 4726.52 6593.85 4083.44 3716.83 4813 
5874.9 882.383 6913.44 7425.64 8504.17 3249.92 8078.86 6703.95 3815.34 11616.5 
910.879 5667.03 4850.51 6164.32 9692.5 7001.27 3176.95 4101.48 6018.45 9453.23 
1540.55 3949.2 4384.56 5540.66 8589.19 5334.75 4008.99 3765.54 4476.52 9333.48 
6863.24 7280.25 3010.55 1669.4 2544.66 5542 6136.46 3779.22 4401.48 3862.64 
4948.13 759.276 5341.77 5796.72 7050.63 2153.53 6850.47 5200.48 2267.62 9985.41 
9245.89 6660.12 6394.14 5434.38 2312.25 4132.72 9576.02 6988.91 4231.43 7902.81 
3576.1 7178.65 1646.94 2709.78 6761.04 6902.9 1872.75 1321.85 5468.24 5057.85 
4261.61 8420.21 2898.31 3745.09 7721.66 8213.22 1855.21 2630.3 6778.04 4963.27 
2234.86 6759.92 2610.08 3913.18 7899.49 7031.11 762.168 1900.32 5676.31 6552.69 
8109.41 5023.59 5836.99 5178.9 3366.9 2491.28 8824.22 6297.08 2832.4 8413.66 
6333.78 1834.15 5819.32 5904.74 6150.2 794.796 7924.47 5888.79 1923.15 9957.07 
3995.92 2482.12 6300.2 7201.18 9372.51 4797.63 6490.49 5843.59 4632.12 11285 
4220.19 1414.96 5724.17 6464.18 8309.96 3627.74 6496.19 5386.97 3527.51 10627.1 
6223.84 1013.16 6370.57 6638.87 7198.81 1856.48 8102.23 6320.57 2738.05 10772.1 
4259.62 8506.73 3042.58 3905.48 7884.38 8336.94 1802.36 2750.89 6904.04 5078.87 
4517.74 4448.97 2070.87 2120.38 4378.79 3373.5 4896.34 2391.36 1940.54 6296.51 
8276.13 8095.34 4465.12 3127.75 1477.63 6031.96 7588.71 5231.39 5148.37 4200.58 
7802.24 6463.75 4526.57 3446.06 1221.84 4191.54 7764.86 5192 3577.18 6005.36 
3949.2 1540.55 4706.01 5355.84 7196.11 2865.68 5912.88 4455.33 2458.15 9537.22 
5641.56 830.963 5758.58 6075.43 6901.03 1701.44 7474.52 5692.54 2262.06 10232.6 
8735.46 9938.9 4838.27 3676.33 3982.21 8203.37 7292.77 5549.56 7080.35 1781.6 
7634.82 9448.47 3857.8 2919.26 4616.37 7999.31 6023.04 4500.99 6735.41 1320.76 
2369.58 7766.23 5076.32 6398.32 10343.2 8717.44 2078.7 4331.29 7524.69 8765.14 
674.24 6016.59 4368.67 5706.29 9386.16 7112.17 2450.65 3602.28 6017.82 8821.5 
9275.52 8016.55 5741.53 4492.85 456.18 5649.25 8972 6468.11 5170.38 5890.42 
4594.98 1874.59 6514.15 7303.6 9157.14 4324.68 7017.3 6130.58 4363.54 11450.7 
2943.35 8275.57 4707.14 5963.03 9992 8944.38 1469.97 4024.49 7657.99 7916.88 
6088.23 2222.72 5239.9 5262.79 5549.23 380.132 7503.66 5360.15 1287.05 9295.04 
3207.82 3019.74 3134.61 3863.59 6285.9 3269.16 4638.12 2900.84 2150.02 8012.64 
4190.75 8629.51 3324.35 4238.73 8232.34 8553.98 1650 2973.11 7128.51 5393.23 
7632.69 5540.3 4838.65 4000 2229.48 3142.31 7980.51 5398.69 2809.43 7061.25 
4185.7 5144.01 1172.09 1478.28 4652.36 4265.61 4154.06 1579.53 2826.06 5649.11 
3104.08 7362.85 2410.19 3574.98 7625.12 7376.73 996.895 1873.85 5970.34 5765.14 
2751.91 8138.19 5444.09 6757.41 10720.8 9121.21 2367.8 4706.42 7932.29 9000.05 
4336.83 1912.07 4199.45 4649.61 6222.97 2129.27 5939.38 4100.3 1482.23 8841.38 
5983.69 976.729 7022.49 7527.34 8569.23 3296.21 8192.2 6815.96 3896.49 11717.4 
3537.94 8938.04 5804.04 7070.18 11092.9 9820.01 2577.93 5106.54 8585.69 8922.52 
6883.68 7045.09 3104.59 1794.71 2295.39 5241.23 6287.61 3863.11 4140.74 4204.3 
7059.04 7092.94 3300.48 1996.92 2091.24 5230.41 6489.99 4056.32 4172 4288.61 
6191.12 7914.32 2313.2 1358.82 4250.67 6625.14 4892.41 3006.96 5292.65 2835.72 
5051.75 8282.54 2236.54 2573.44 6354.12 7624.2 3090 2408.65 6186.35 3633.19 
6937.28 10127.8 4042.24 3891.04 6875.14 9225.21 4718.4 4338.66 7820.31 2313.98 
579.741 5183.22 3382.13 4685.65 8244.42 6023.99 2447.69 2647.05 4872.95 8110.45 
734.302 5892.99 4596.57 5926.38 9547.41 7094.65 2764.43 3835.75 6046.69 9109.69 
2562.89 3510.06 2902.64 3834.16 6653.68 3935.54 4016.03 2522.58 2784.55 7881.05 
8504.36 8431.87 4653.18 3307.96 1684.28 6373.89 7728.01 5423.25 5485.33 3995.01 
5422.2 9066.71 3092.98 3467.71 7148.71 8505.06 3141.67 3149.92 7064.17 3702.77 
1914.81 7290.01 4965.56 6305.18 10184.4 8322.74 2203.36 4203.15 7168.4 8906.91 
6520.93 3074.7 5120.35 4928.54 4749.66 608.276 7678.39 5361.54 1240.64 8810.14 
7345.43 8987.35 3500.76 2483.1 4239.62 7517.08 5866.56 4178.09 6258.25 1802.47 
2363.26 6622 2277.21 3582.21 7566.77 6792.24 1044.46 1571.37 5420.42 6314.88 
4927.41 968.969 5165.32 5591.51 6825.39 1989.3 6761.25 5047.14 2039.73 9777.33 
7720.21 9293.49 3871.64 2824.91 4227.21 7761.7 6220.9 4552.37 6531.19 1588.27 
808.022 5806.75 3329.29 4669.87 8406.36 6544.02 1838.31 2561.35 5333.76 7832.37 
1401.61 5519.2 2558.63 3890.51 7609 5979.72 1933.13 1800.25 4700.83 7217.78 
7315.31 5421.23 4492.54 3669.8 2269.27 3097.43 7634.82 5052.41 2610.69 6835.3 
3668.96 2321.55 3791.38 4412.27 6440.94 2778.38 5300.28 3597.01 1910.24 8594.07 
5504.01 1154.12 6866.11 7477.76 8821.3 3670.67 7799.76 6594.13 4061.16 11669.2 
3541.54 1874.51 4642.84 5398.01 7479.66 3316.02 5603.89 4321.12 2812.33 9550.63 
8699.27 7353.27 5272.76 4082.71 390.512 5003.72 8517.09 5976.56 4502.89 5972.42 
1942.81 5887.16 2124.62 3470.81 7314.76 6127.22 1663.97 1353.4 4784.64 6653.44 
138.924 5491.32 4061.23 5378.86 8958.33 6562.5 2605 3310.97 5479.6 8686.6 
7879 10637.9 4632.46 4155.02 6477.56 9487.03 5776.03 5066.28 8134.99 1259.25 
4187.79 4572.8 1735.66 1994.49 4658 3685.72 4501.88 2005.04 2242.88 6187.22 
7569.23 10639.4 4568.63 4278.66 6939.03 9633.05 5352.38 4914.8 8248.59 1899.95 
8996.29 8776.25 5152.41 3807.47 1621.17 6643.56 8224.26 5922.25 5830.51 4213.61 
8769.06 10941.8 5190.86 4391.18 5810.31 9511.35 6858.99 5755.67 8248.99 197.99 
6104.63 9212.09 3125.7 3079.37 6400.13 8367.48 4022.04 3419.9 6950.45 2711.49 
8201.28 8753.27 4268.78 2950.42 2641.21 6882.8 7155.96 5033.53 5840.42 3030 
1881.52 6920.26 3370.37 4688.59 8649.12 7451.3 721.249 2634.86 6152.48 7269.11 
7783.94 7726.12 3977.64 2644.26 1700.97 5744.21 7117.56 4742.58 4785.02 4126.81 
4933.15 696.348 6060.4 6665.28 8123.46 3141.67 7121.83 5806.36 3332.4 10856.3 
6650.36 6294.01 3134.65 2005.62 2191.46 4412.39 6380.03 3837.36 3362.14 5030.49 
2623.6 7842.55 4099.59 5361.91 9386.14 8405.68 872.353 3415.92 7098.52 7460.43 
7136.85 7428.22 3292.19 1951.67 2308.68 5616.98 6416.46 4060.44 4524.88 3881.2 
2756.01 3204.26 3147.59 4016.07 6667.01 3697.69 4312.97 2804.18 2610.38 8104.38 
9251.09 6156.57 6722.63 5894.76 3164.62 3633.41 9818.99 7252.53 4022.45 8665.32 
5908.67 7049.89 1981.34 662.722 3630.34 5662.66 5026.42 2750.45 4352.53 3710.86 
1653.39 5159.09 2307.03 3604.01 7220.56 5528.18 2324.22 1591.26 4239.67 7127.31 
6124.91 6152.33 2554.41 1453.44 2756.17 4468.49 5799.67 3261.73 3281.01 4858.85 
7476.8 9922.22 4002.81 3393.08 5692.28 8695.66 5562.99 4513.89 7360.06 1145.29 
8296.17 8897.73 4359.66 3050.59 2750.07 7031.43 7211.73 5121.61 5986.8 2921.71 
2402.35 3805.73 5483.89 6603.37 9447.88 5658.99 4980.94 4880.09 5049.06 10447 
4120.74 6913.93 894.539 1732.54 5781.22 6315.77 2821.95 1099.86 4872.72 4509.23 
2464.18 7829.28 5376.33 6704.58 10630.2 8871.04 2416.71 4624.89 7708.39 9105.28 
2091.22 3562.37 4837.36 5936.8 8790.55 5182.52 4589.56 4256.59 4467.99 9815.91 
7179.44 10377.7 4293.03 4113.59 7002.93 9455.69 4936.61 4593.58 8054.92 2236.18 
5187.92 1238.79 5106.62 5432.5 6457.78 1565.89 6901.16 5052.61 1708.45 9598.93 
8551.05 7434.71 5042.19 3819.32 274.591 5140.01 8280.51 5760.64 4544.72 5623.21 
5567.99 1975.7 7375.23 8083.72 9614.37 4500.18 7994.25 7034.01 4832.23 12260.4 
4157.66 6794.78 737.564 1563.49 5614.85 6153.37 2962.5 1058.16 4711.05 4514 
4370.41 1372.08 5902.17 6634.01 8430.83 3676.14 6665.13 5567.13 3639.89 10800.2 
1524.27 3897.24 3749.31 4888.54 7966.45 4978 3706.01 3155.69 3999.96 8717.85 
7575.94 7824.79 3708.8 2362.99 2143.11 5944.01 6790.61 4479.34 4904.08 3734.3 
3380.44 3327.3 2768.12 3431.76 5884.22 3247.66 4555.93 2612.97 1991.61 7594.74 
6240.52 2114 5494.22 5526.74 5746.07 420.476 7715.26 5602.01 1549.84 9556.41 
1004.49 6263.14 4691.96 6032.99 9732.5 7427.52 2588.53 3923.11 6351.45 9074.76 
1732.2 6903.51 3609.02 4935.84 8875.59 7530.11 951.315 2862.74 6256.79 7549.23 
632.851 4817.51 3645.85 4912.61 8333.34 5805.95 2896.79 2942.06 4726.03 8463.99 
3543.02 1932.59 4444.96 5175.35 7247.07 3172.77 5520.05 4146.95 2600.17 9335.19 
8352.23 7422.8 4790.26 3548.53 503.289 5182.76 8022.13 5517.44 4506.82 5348.42 
6683.85 9471.52 3425.33 3093.12 6018.27 8446.54 4692.6 3838.85 7060.15 2020.22 
7842.15 6960.11 4334.44 3134.79 980.867 4780.23 7576.34 5047.9 4028.92 5343.29 
2864.16 4165.15 2043.84 2969.48 6021.99 4101.28 3689.78 1754.54 2764 7008.63 
5755.01 1849.81 5156.82 5287.66 5854.96 796.492 7270.02 5217.75 1328.01 9381.23 
1940.41 3516.43 4414.58 5505.63 8386.48 4942.68 4332.91 3847.21 4142.76 9399.18 
3813.29 7554.71 1963.9 2922.05 6957.95 7270.99 1859.7 1696.64 5834.15 4909.19 
3154.31 8281.55 4130.69 5327.11 9376.21 8718.31 943.716 3508.01 7375.87 7109.12 
4212.79 3436.47 2809.22 3119.49 5080.73 2702.54 5139.31 2890.02 1300.81 7308.6 
4404.33 9107.73 3979.47 4909.76 8897.49 9145.94 1817.97 3587.16 7730.11 5837.05 
5881.91 7377.22 1948.33 830.963 4010.05 6082.17 4798.54 2690 4745.73 3367.28 
2178.16 7202.01 3422.53 4716.69 8712.71 7681.52 461.411 2713.12 6364.63 7126.46 
4727.08 7445.98 1360 1684.67 5620.83 6694.36 3220.25 1724.09 5259.85 3882.91 
5959.1 6204.79 2324.22 1198.54 2970.61 4606.82 5567.05 3044.36 3373.43 4712.81 
6969.55 8723.45 3141.48 2183.44 4344.97 7331.8 5493.24 3807.89 6040.74 2022.99 
3099.44 2437.42 4016.47 4824.37 7152.27 3453.58 5014.42 3677.84 2676.49 8951.26 
6792.72 10277.4 4205.77 4226.23 7394.97 9506.32 4455.39 4404.41 8084.24 2858.2 
4844.34 7379.6 1304.19 1467.79 5387.56 6556.17 3424.86 1767.77 5127.62 3802.96 
4650.01 6499.79 711.126 707.248 4752.98 5568.64 3785.83 1466.7 4145.85 4386.31 
4496.78 6803.51 742.496 1161.81 5207.07 6005.54 3383.09 1324.39 4571.49 4276.74 
7279.92 8037.36 3348.34 2030 2869.86 6326.03 6284.35 4114.28 5176.5 3118.78 
7826.24 4410.05 5874.39 5360.6 3978.87 1885.66 8730.11 6263.31 2481.95 8820.01 
3886.35 2354.78 6097.34 6988.43 9158.35 4620.82 6354.49 5650.32 4424.52 11078.6 
3347.31 2075.62 4883.65 5719.48 7934.26 3760.9 5562.3 4498.1 3286.94 9838.06 
4909.76 4009.11 2761.81 2692.23 4239.26 2702.96 5519.2 3060.41 1292.44 6802.54 
7505.86 9463.22 3778.95 2913.42 4824.46 8072.65 5837.37 4397.39 6786.76 1280.82 
5289.84 9446.53 3712.64 4307.81 8095.89 9116.34 2784.76 3582.32 7673.75 4520.9 
978.621 5510.08 2988.11 4317.79 8003.98 6150.97 1994.49 2230.36 4922.64 7621.09 
7221.22 7519.42 3367.86 2024.85 2288.45 5697.8 6479.64 4137.08 4613.51 3826.87 
1563.49 3837.19 3968.5 5103.58 8144.99 5030.73 3851.67 3373.8 4102.02 8936.78 
7780.62 5148.83 5293.1 4574.1 2856.61 2657.54 8345.88 5791.18 2653.7 7777.36 
5579.83 2114 4801.08 4911.3 5563.43 860.233 6994.08 4885.42 952.68 9004.54 
7935.52 4444.16 6005.46 5490.91 4052.76 1930.8 8855.85 6392.41 2588.98 8936.63 
8269.66 8290.91 4410.83 3065.11 1792.79 6277.47 7482.05 5181.25 5347.54 3880.05 
8033.01 9005.64 4097.63 2853.79 3298.74 7266.87 6798.01 4840.51 6140.44 2385.37 
6456.29 9422.62 3345.74 3151.59 6262.31 8486.44 4401.09 3698.99 7083.78 2332.6 
3361.34 3043.11 3068.04 3743.18 6102.2 3147.59 4710.81 2879.24 1987.59 7907.12 
8605.53 8721.22 4713.9 3369.33 2028.05 6700.99 7720.78 5485.13 5778 3676.7 
2792.17 8151.35 4756.19 6030.41 10046.2 8876.42 1547.42 4056.6 7607.29 8082.23 
5322.03 8626.92 2577.3 2844.29 6526.94 7953.67 3254.8 2748.71 6517.71 3454.69 
6371 1660.27 6005.21 6126.83 6409.13 1051.9 8032.49 6049.48 2149.53 10195.5 
5745.37 654.37 6699.28 7201.03 8288.43 3054.77 7914.04 6499.79 3589.87 11391.3 
2755.72 2668.28 4157.56 5062.49 7561.12 3896.22 4833.35 3741.26 3136 9136.11 
5642.35 7611.11 1809.42 1128.94 4611.56 6483.36 4338.94 2469.76 5105.29 3218.11 
8702.92 10508.8 4964.05 4012.14 5073.94 8961.31 6970.87 5594.72 7745.2 662.118 
7495.73 7451.72 3712.16 2389.48 1807.6 5508.4 6876.23 4473.41 4515.45 4206.77 
965.194 5220.09 2980.82 4289.15 7890.31 5887.18 2275.02 2243.97 4678.9 7717.7 
3743.01 8221.19 3099.19 4119.53 8153.19 8220.52 1224.5 2667.9 6805.37 5641.74 
1922.55 6535.79 2719.06 4046.95 7990.32 6901.22 920.054 1975.85 5570.9 6827.19 
884.59 6256.64 3956.08 5301.9 9083.77 7153.53 1871.1 3184.79 5979.78 8280.6 
8220.97 6006.24 5350.19 4434.41 1994.24 3544.19 8522.7 5936.21 3358.94 7219.84 
7315.36 8489.08 3384.23 2172.67 3484.84 6886.7 6091.39 4122.05 5682.9 2481.29 
7349.32 7781.89 3458.61 2112.94 2422.66 5976.79 6511.65 4229.91 4883.36 3562.95 
5535.96 349.857 6393.51 6889.59 8017.14 2830.87 7659.57 6202.91 3296.21 11079.9 
5689.71 8618.36 2533.4 2500.32 5989.67 7766.27 3780.01 2872.11 6347.48 2949.32 
6855.14 9491.73 3486.04 3043.85 5806 8395.36 4920.42 3945.48 7024.17 1788.1 
3920.46 2500.5 6234.01 7141.32 9337.03 4792.96 6414.34 5773.89 4604.79 11220.4 
8536.3 11083.7 5162.94 4541.86 6413.12 9802.94 6475.96 5649.89 8489.55 801.124 
6060.92 9432.08 3363.11 3460.06 6864.77 8690.09 3844.39 3564.52 7262.27 3008.54 
3310.74 3203.7 2907.46 3597.47 6036.19 3246 4585.12 2720.29 2039.73 7755.42 
1029.56 6280.74 3651.21 4997.48 8814.91 7058.22 1592.26 2880.45 5845.04 7945.34 
3650.34 7189.53 1593.27 2630.78 6681.08 6880.88 1964.2 1309.81 5444.05 4974.75 
8670 9392.02 4730.1 3450.99 3095.95 7525.22 7474.02 5482.05 6483.22 2643.94 
5833.73 7525.32 1928.55 972.008 4247.75 6289.55 4646.13 2641.86 4937.58 3233.71 
7256.2 3247.77 5952.43 5712.87 5076.78 851.469 8500.6 6198.65 2064.61 9500.67 
3807.16 9205.93 6051.86 7308.39 11338 10097.3 2815.71 5361.43 8862.34 9069.42 
2472.45 7258.27 3062.76 4325.85 8348.08 7579.43 211.896 2392.07 6226.56 6655.86 
8973.57 6636.66 6022 5031.6 1920.1 4130.92 9221.94 6633.97 4081.63 7477.44 
7104.38 9447.1 3552.03 2916.06 5368.05 8224.31 5290.04 4089.45 6884.71 1490 
7225.63 9277.4 3526.77 2721.51 4899.51 7947.01 5547.48 4129.89 6639.01 1486.78 
4268.63 5350 1029.61 1282.81 4601.93 4442.35 4110 1522.69 3006.48 5445.37 
10042.2 7322.06 7148.01 6142.44 2670.17 4790.04 10346.5 7758.52 4996.49 8340.15 
5571.54 184.391 6262.86 6718.4 7769.77 2570.95 7634.41 6100.2 3067.41 10904.1 
7458.22 8198.25 3524.56 2210.2 2840.92 6459.61 6438.49 4289.24 5327.45 3041.4 
5360.9 3707.86 3404.76 3249.14 4165.59 2106.09 6128.3 3698.82 791.96 7275.01 
4011.25 6060.92 98.9949 1261.47 5193.12 5358.3 3344.28 857.263 3915.94 4976.18 
8595.46 9768.67 4690.47 3516.82 3860.91 8035.8 7184.18 5406.83 6910.35 1857.23 
1764.09 3711.62 4413.22 5534.8 8491.65 5126.92 4195.39 3821.54 4302.94 9384.33 
4954.64 5106.56 1886.8 1540.29 3867.93 3820.37 4994.44 2410.08 2442.05 5658.36 
2657.71 6529.39 1828.58 3126.05 7119.16 6538.48 1438.37 1149.78 5141.25 5950.84 
5513.3 9575.98 3761.91 4276.04 7997.76 9179.63 3029.52 3684.2 7736.17 4281.8 
2222.81 3320.24 3563.96 4566.98 7378 4238.51 4144.03 3090.45 3266.22 8560.86 
3635.85 2185.15 3962.89 4611.83 6642.44 2846.28 5361.58 3740.8 2067 8789.54 
4297.96 4670.8 1710.03 1888.31 4539.22 3719.81 4552.74 2029.7 2280.22 6081.38 
7419.47 6085.67 4230.37 3220.02 1622.37 3860.78 7454.53 4872.09 3182.51 6066.12 
4108.26 2881.41 3271.96 3679.16 5540 2470.32 5324.03 3252.69 1239.07 7871.5 
6666.94 5918.26 3358.39 2356.97 2173.13 3947.71 6590.24 4013.84 2972.14 5535.65 
2896.64 2505.99 4387.82 5278.3 7703.43 3880.75 5036.61 3975.49 3203.53 9362.59 
2483.1 7366.99 3247.11 4508.24 8532.03 7731.27 106.301 2575.27 6385.71 6783.99 
10046.4 7691.66 6944.01 5854.3 2119.1 5167.06 10175.8 7594.8 5193.51 7771.9 
5499.46 8630.01 2550.69 2680.76 6278.73 7872.1 3504.63 2802.8 6442.98 3205.03 
1723.08 7053.12 5012.43 6357.44 10187.6 8158.9 2406.01 4243.82 7037.19 9085.62 
8560.58 9359.13 4621.83 3354.52 3183.24 7522.69 7340.55 5370.23 6459.73 2527.23 
4096.35 3254.84 2928.38 3304.38 5286.9 2671.67 5131.1 2956.77 1319.47 7496.67 
3737.51 8335.33 3315.31 4350.84 8386.39 8391.1 1168.46 2860.07 6982.16 5827.22 
5479.35 7240.25 1569.52 736.817 4396.83 6091.19 4354.88 2286.33 4714.25 3549.2 
6618.29 4942.65 3911.27 3225.91 2759.44 2792.06 6998.11 4427.7 2039.61 6725.55 
5529.86 5976.09 1925.88 948.947 3387.11 4532.13 5171.25 2629.32 3225.68 4828.95 
1970.63 7342.92 4374.03 5697.24 9642.1 8147.89 1456.74 3629.33 6916.77 8164.34 
7937.32 7173.29 4363.31 3127.46 928.009 5009.12 7596.4 5090.3 4236.9 5152.45 
6882.75 5415.58 3936 3102.03 2302.35 3250 7100.01 4513.49 2502.98 6381.23 
4497.65 3860.83 2584.14 2719.06 4623.95 2837.78 5185.85 2791.58 1394.35 6889.88 
6426.55 7849.34 2500.56 1356.95 3835.64 6440.5 5245.84 3233.03 5147.62 2910.15 
6728.04 9419.83 3395.56 3002.22 5861.75 8356.61 4781.4 3838.03 6977.75 1926.66 
5341.48 6637.84 1426.36 94.8683 4005.25 5413.25 4551.98 2197.64 4047.53 4108.78 
2139.09 6519.66 2430.19 3751.71 7710.75 6774.02 1018.33 1698.38 5420.28 6544.92 
3606.51 1820.99 4633.12 5369.48 7412.48 3230.02 5645.26 4324.92 2734.26 9528.5 
7184.27 4875.45 4677.8 4007.66 2866.65 2491.47 7719.13 5166.28 2181.6 7388.64 
2978.34 8301.71 4687.45 5938.32 9970.18 8954.83 1446.17 4009.45 7663.9 7868.24 
4045.86 5566.52 641.95 1283.2 4906.97 4789.42 3732.09 1145.6 3347.73 5322.87 
5577.56 2438.13 4564 4615.8 5240.4 916.788 6873.87 4690.27 636.318 8688.04 
7178.37 6623.96 3640.67 2457.03 1664.81 4605.23 6883.35 4354.4 3677.08 5061.75 
3219.72 2417.54 5260.09 6176.49 8521.15 4323.48 5600.44 4808.66 3889.02 10246.4 
6574.23 3993.7 4518.52 4100.55 3710.22 1678.63 7365.72 4893.03 1354.18 7818.77 
5131.34 362.353 6035.54 6576.64 7883.2 2830.49 7250 5823.16 3110.96 10769.8 
4955.13 4675.47 2244.15 2010.4 3932.95 3353.36 5228.17 2674.79 1972.26 6113.1 
3586.75 6141.18 438.292 1765.11 5728.89 5651.27 2810.43 396.232 4210.05 5188.11 
1967.03 4771.51 2167.6 3389.99 6855.14 5050.16 2773.46 1546.93 3756.66 7111.01 
5087.26 335.41 5770.97 6270.14 7528.93 2508.88 7118.29 5591.03 2757.7 10461.7 
3412.23 4172.67 1914 2615.89 5479.24 3781.88 4065.1 1843.18 2384.16 6750.32 
4609.77 6712.18 737.902 933.809 4982.55 5842.3 3589.72 1417.96 4414.26 4263.58 
9441.51 7666.09 6118.82 4953.84 1065.13 5209.99 9364.21 6807.62 4941.46 6717.16 
8406.02 10697 4876.89 4141.21 5839.33 9335.23 6472.72 5419.83 8046.55 296.816 
2831.71 2817.53 5112 6095.33 8623.92 4623.91 5256.32 4614.46 4084.18 10109.4 
7265.05 7631.21 3392.82 2046.88 2356.88 5820.58 6478.92 4163.47 4729.69 3704.73 
7635.51 8738.54 3703.85 2482.14 3420.41 7078.65 6394.47 4442.21 5906.21 2376.91 
6812.52 3095.24 5470.58 5263.34 4895.65 564.358 8016.39 5710.64 1578.51 9110.37 
840.595 6185.9 4451.93 5793.46 9504.04 7279.27 2400.52 3682.83 6178.2 8844.3 
7912.76 6609.24 4596.28 3489.31 1076.89 4332.6 7838.43 5271.48 3722.28 5941.38 
8474.16 7864 4777.16 3475.89 826.075 5683 7968.59 5528.15 4927.44 4850.04 
7680.1 3795.27 6130.1 5771.27 4741.24 1366.93 8808.66 6435.48 2388.16 9414.93 
3289.88 6592.24 1192.06 2423.32 6450.78 6316.66 2074.08 730.274 4885.59 5306.49 
4677.86 1633.55 4539.61 4929.46 6269.05 1847.19 6318.55 4465.09 1472.31 9113.53 
5774.6 5688.1 2394.35 1516.05 3051.59 4074.62 5621.54 3045.29 2839.38 5246.27 
7996.22 6443.8 4794.26 3738.77 1248.12 4109.9 8025.81 5446.56 3601.18 6288.28 
4640.23 8677.74 2990.55 3707.41 7617.25 8371.01 2248.78 2818.53 6930.06 4612.55 
5005.01 415.933 5869.11 6413.65 7761.14 2762.03 7100.79 5657.96 2978.93 10606.8 
7846.1 9821.01 4141.55 3275.19 4982.58 8402.12 6124.7 4752.19 7129.04 926.175 
7203.47 9280.37 3515.18 2724.7 4936.17 7960.43 5515.26 4113.22 6649.04 1492.01 
929.139 5450.01 3024.24 4350 8016.39 6112.71 2063.2 2270.09 4893.26 7678.14 
7917.38 10320.4 4434.43 3774.61 5808.18 9038.37 5977.24 4954.64 7721.46 744.312 
5168.53 4504.58 2589.09 2305.41 3814.25 3049.23 5545.18 3005.68 1705.81 6349.46 
3490.57 7451.83 2120.09 3189.25 7238.96 7297.15 1482.97 1715.49 5870.74 5283.5 
4145.96 7660.08 1851.94 2660.11 6665.28 7245.03 2250.09 1745.62 5802.49 4529.43 
6787.24 9521.9 3489.83 3112.46 5958.59 8466.95 4810.17 3920.46 7086.92 1900.66 
5717.9 5640.43 2356.71 1508.51 3106.93 4045.5 5579.44 3000.83 2799.59 5277.74 
7049.44 9624.72 3644.08 3144.17 5764.2 8486.28 5121.3 4121.46 7125.74 1587.1 
4907.89 5282.13 1695.79 1328.23 3918.47 4039.27 4844.06 2256.1 2654.15 5469.96 
2969.06 7071.08 2139.25 3346.77 7388.65 7062.83 1154.12 1570.13 5656.43 5762.79 
6307.65 4765.18 3652.63 3040.59 2990.55 2725.01 6709.76 4146.93 1830.98 6677.76 
4899.39 4194.53 2597.71 2495.52 4154.44 2891.11 5416.87 2928.38 1487.72 6606.88 
7762.48 8926.93 3838.88 2640.55 3548.31 7270.56 6469.27 4569.21 6097.62 2204.36 
3146.82 3387.74 2750.45 3500.36 6082.54 3449.2 4374.77 2531.03 2218.15 7636.99 
6886.08 6870.65 3170.36 1896.23 2157.61 5024.26 6382.01 3917.61 3952.16 4447.04 
5809 8664.19 2585.5 2476.55 5894.75 7771.23 3920.05 2955.76 6358.14 2816.56 
6212.65 7867.03 2318.64 1315.52 4157.69 6555.49 4948.99 3023.97 5229.46 2878.35 
3918.43 9027.18 4575.52 5678.81 9723.85 9384.34 1603.81 4026.47 8018.04 6987.13 
5321.89 1532.12 4996.4 5250.38 6149.64 1282.81 6933.54 4989.52 1431.22 9397.12 
4491.11 1173.8 5885.34 6581.16 8292.48 3489.01 6746.85 5574.74 3495.94 10757.1 
6106.86 1767.06 7598.27 8203.91 9429.93 4179.29 8462.94 7320.38 4713.74 12396.3 
3011.44 6499.42 1397.03 2675.29 6682.41 6336.6 1848.59 793.095 4917.25 5581.62 
3616.14 2258.58 5692.54 6580.46 8794.8 4379.89 6034.58 5253.85 4090.6 10671.6 
6865.6 2602.5 5919.49 5828.46 5596.04 500 8275.46 6085.99 1942.58 9753.66 
9052.81 7190.94 5826.71 4714.24 1135.65 4737.87 9066.7 6494.19 4474.04 6781.89 
2976.74 4612.86 1578.77 2570.02 5845.55 4394.51 3442.8 1309.2 3005.68 6556.87 
778.332 4969.32 4502.5 5773.13 9148.22 6288.06 3362.04 3789.04 5331.46 9278.32 
6801.68 5210.77 3964.15 3193.12 2490.98 3036.07 7096.43 4515.06 2308.35 6562.87 
7556.54 7008.01 3949.48 2709.78 1344.66 4937.37 7180.11 4680.31 4061.18 4926.44 
5529.86 7987.69 1966.57 1704.96 5261.38 7015.03 3949.81 2474.13 5610.01 3096.9 
5664.08 5952.65 2101.07 1114 3224.9 4440.91 5345.77 2796.93 3162.04 4895.23 
2398.42 7744.35 5411.81 6744.72 10653.4 8820.64 2500.98 4655.86 7672.19 9199.59 
8425.04 7706.46 4771.69 3488.62 680.074 5505.65 7980.34 5515.37 4775.46 5021.43 
5062.97 5333.1 1820.6 1337.95 3762.35 4016.59 4988.65 2400.85 2652.43 5434.85 
4112.53 8176.06 2641.7 3517.12 7513.22 7952.77 1797.39 2370.76 6517.38 4940.65 
9970.92 7401.73 6998.19 5963.06 2410.75 4870.26 10210.6 7623.42 4997.3 8081.21 
3944.62 5723.15 410.488 1321.36 5083.25 5011.16 3515.52 938.616 3568.21 5241.61 
3444.2 4281.68 1804.72 2506.89 5423.03 3851.88 4020.77 1755.59 2443.81 6637.74 
7980.14 6235.74 4888.24 3886.31 1498.93 3867.47 8103.19 5517.25 3432.86 6560.68 
5179.81 4472.24 2626.12 2346.49 3819.03 3008.21 5573.55 3037.53 1666.88 6387.81 
5661.07 7036.83 1721.86 499.3 3946.35 5756.94 4715.29 2483.65 4411.85 3707.42 
4911.47 8727.76 2880.62 3459.84 7299.27 8297.59 2607.22 2818.88 6854.14 4197.45 
5613.29 3680.61 3671.47 3460.66 4087.3 1902.76 6410.37 3978.34 734.098 7432.75 
9299.03 8133.2 5725.43 4460.72 492.544 5781.53 8947.65 6458.93 5272.28 5748.33 
7714.61 9825.97 4066.31 3270.54 5176.97 8464.12 5940.41 4651.3 7170.45 936.002 
5419.83 8960.54 2956.91 3290.87 6960.03 8359.48 3196.83 3050.64 6920.12 3588.72 
5959.14 870 6933.87 7425.16 8446.18 3172.9 8144.48 6737.18 3778.16 11613.9 
4363.94 1262.89 4842.08 5388.62 6972.59 2447.55 6251.15 4656.2 2185.15 9581.42 
3862.91 7001.27 1164.99 2142.83 6193.33 6544.4 2416.61 1087.06 5101.92 4730.77 
8990.94 6340.07 6225.47 5313.1 2434.83 3812.57 9383.65 6800 3931.17 7943.46 
6149.62 2404.68 5176.07 5156.76 5367.83 290.689 7506.48 5321.84 1202.21 9164.74 
10397.5 7901.83 7329.65 6245.01 2483.95 5370.34 10558.8 7976.16 5479.32 8115.28 
9640.88 6869.44 6837.03 5881.54 2653.77 4337.21 10012.4 7426.23 4555.11 8289.66 
8045.99 10762.3 4772.98 4262.02 6480.02 9581.88 5948.55 5218.52 8238.11 1142.15 
7604.16 4590.88 5434.74 4858.08 3496.87 2069.69 8368.75 5862.87 2319.31 8272.71 
1173.37 5900.69 2983.04 4327.82 8116.96 6486.42 1603.53 2212.19 5228.43 7449.11 
4318.85 1217.54 4923.03 5497.06 7120.85 2576.24 6255.83 4716.53 2334.82 9688.61 
4220.19 8332.4 2794.01 3644.72 7626.44 8112.47 1850 2530.97 6676.74 4930.65 
7921.88 10869.5 4823.2 4438.22 6876.42 9786.57 5732.06 5208.07 8419.32 1606.39 
8382.18 10717.5 4876.69 4162.52 5912.22 9372.97 6430.44 5410.4 8078.45 378.021 
5397.08 7352.09 1539.42 929.139 4630.56 6268.09 4176.34 2214.61 4878.22 3492.28 
5563.45 1630.25 5130.43 5326.8 6052.65 1050.95 7143.2 5153.74 1422.15 9450 
6103.79 2080.02 5361.28 5410.9 5717.1 465.725 7572.09 5462.97 1430 9455.18 
3948.72 2444.36 6226.37 7125.39 9300.29 4741.7 6435.44 5772.09 4563.17 11210.4 
2430.74 3054.86 4664.76 5682.65 8354.55 4624.98 4800.54 4149.57 3941.83 9662.47 
4012.54 3632.8 2549.08 2934.5 5136.35 2984.12 4865.57 2610.08 1578.92 7127.69 
5206.5 6620.91 1280.82 126.491 4161.85 5454.95 4393.96 2051.39 4074.62 4137.6 
543.415 5215.36 3411.19 4717.17 8283.12 6064.73 2431.83 2673.67 4915.06 8128.59 
3949.3 1491.21 5273.76 6010.41 7926.79 3416.86 6141.15 4948.37 3170.57 10172.6 
6861.81 10165.5 4080 3998.36 7063.83 9314.5 4597.96 4338.81 7902.13 2523.85 
4779.73 2086.55 4228.11 4522.32 5780.28 1658.95 6232.54 4225.73 990.808 8691.45 
4722 8633.94 2864.47 3526.43 7414.18 8266.2 2390.98 2744.18 6823.55 4415.99 
1158.02 4993.25 2845.86 4130.3 7666.37 5615.38 2470.97 2134.67 4404.33 7662.33 
3816.24 4490.55 1651.3 2163.63 5026.7 3820 4204.76 1780.59 2382.1 6332.22 
5759.11 2890.43 4407.68 4340.06 4787.24 1023.91 6893.77 4606.14 456.07 8352.31 
5645.26 3179.26 4080.6 3973.64 4521.24 1382.21 6656.22 4313.93 332.415 7980.38 
1644.78 3865.05 4457.08 5601.26 8611.25 5289.84 4116.55 3846.62 4456.23 9413.87 
6655.3 9837.22 3750.96 3638.16 6737.36 8959.16 4467.54 4041.44 7549.36 2437.56 
6455.98 3683.07 4599.3 4267.8 4027.82 1368.21 7357.42 4928.5 1149.09 8063.41 
4307.57 1093.3 5276.03 5913.54 7600.59 2950.61 6392.97 5017.67 2811.14 10099 
5659.47 2022.99 4940.7 5054.31 5660.48 799.062 7109.21 5018.39 1092.02 9145.26 
6303.18 1190.38 6318.39 6546.18 7015.73 1664.33 8129.85 6293.62 2614.57 10662.8 
4210.01 6258.38 272.947 1101.36 5096.08 5491.46 3428.43 1029.56 4052.47 4748.53 
6217.03 4756.31 3550.51 2950.02 3031.17 2759.37 6607.28 4044.01 1814.3 6618.8 
7799.47 10668.3 4634.93 4219.96 6654.27 9565.2 5653.55 5039.45 8201.67 1476.35 
2387.17 3651.21 5345.81 6449.2 9261.9 5472.27 4948.99 4755.54 4855.93 10319.1 
2950.83 8314.6 4884.39 6149.62 10172.5 9039.72 1658.46 4192.18 7768.12 8127.54 
8142.56 5006.76 5895.98 5245.58 3431.57 2474.55 8874.74 6351.42 2853.94 8486.46 
7899.53 7178.67 4312.92 3072.1 980.816 5028.21 7544.12 5042.06 4239.59 5095.58 
2279.85 7676 5026.69 6352.02 10288.2 8633.08 2062.43 4278.56 7444.08 8758.69 
9478.91 6351.86 6930.66 6084.62 3231.9 3834.44 10036.5 7467.26 4248.35 8782.62 
5763.51 3109.1 4250.75 4136.96 4572.99 1217.58 6811.88 4480.38 417.253 8129.16 
6602.42 7040.35 2770.65 1440.14 2680.19 5351.23 5926.46 3536.24 4179.01 4004.81 
1128.94 6444.18 4679.53 6024.16 9766.68 7567.01 2443.77 3908.62 6468.88 8986.53 
6014.22 5344.53 2905.48 2132.44 2857.43 3553.17 6083.83 3495.84 2422.44 5780 
6032.99 6536.37 2264.18 1004.49 3052.41 4976.27 5476.61 3015.82 3729.79 4344.16 
6898.24 4155.02 4807.54 4334.62 3622.5 1736.32 7684.01 5200.2 1645.84 7959.81 
5704.67 6438.17 1910.03 666.108 3404.72 5004.9 5122.28 2664.3 3702.67 4352.47 
3736.96 2277.28 5864.35 6751.45 8940.83 4467.06 6176.29 5423.51 4221.4 10843.6 
6003.54 3440.93 4258.57 4033.72 4236.47 1372.95 6940.91 4545.91 711.758 7948.26 
3068.11 2348.53 4359.66 5205.78 7540.54 3668.16 5147.91 3981.02 3004.83 9316.01 
1474.35 4548.76 4979.9 6199.27 9376.59 6109.81 4062.14 4304.2 5290.54 9846.2 
5605.76 9591.88 3730.52 4195.87 7880.36 9151.61 3145.6 3686.8 7708.31 4116.92 
7798.78 8912.67 3870.72 2658.01 3473.33 7238.02 6526.23 4605.26 6074.74 2265.59 
1462.19 5266.74 2480.5 3791.89 7437.49 5711.61 2190.37 1745.22 4438.25 7243.98 
3834.07 3573.51 2553.31 3023.72 5322.34 3066.24 4749.76 2557.83 1689.08 7213.88 
4624.48 790 5413.88 5983.19 7483.8 2685.31 6664.42 5197.11 2684.86 10175.7 
2848.86 6571.8 1655.57 2935.37 6942.64 6499.42 1591.76 1018.72 5090.2 5751.29 
5151.4 6884.91 1219.26 508.035 4462.12 5801.6 4157.23 1960.23 4406.84 3923.26 
4114.28 4109.04 2141.59 2453.75 4842.12 3300.55 4696.59 2303.76 1860.43 6646.94 
4969.12 2718.03 3853.69 3995.92 5133.61 1642.35 6156.5 3960 411.461 8129.46 
9190.48 7350.52 5933.14 4802.77 1102.91 4894.95 9175.76 6607.75 4633.5 6770 
4555.36 6826.42 779.872 1115.21 5156.56 6006.08 3440.61 1380.04 4574.04 4229.66 
7576.23 8041.67 3669.35 2328 2441.68 6216.31 6678.63 4440.11 5138.38 3402.66 
3912.61 4710.58 1463.22 1938.69 4911.38 3973.64 4157.14 1669.04 2530.97 6105.51 
7445.82 8974.66 3575.77 2507.31 4076.13 7459.26 6011 4268.21 6219.24 1869.79 
5520.48 7280.93 1613.01 768.96 4386.99 6123.35 4383.26 2327.77 4748.83 3505.71 
2564.62 7945.12 5358.1 6679.8 10624.4 8949.75 2341.96 4612.86 7771.8 9011.6 
5617.77 8010.72 2014.2 1675.86 5173.25 7004.58 4055.84 2544.66 5605.44 3023.38 
3614.75 9014.15 5722.39 6973.46 11006.2 9841.83 2482.12 5037.96 8590.02 8745.08 
8430.21 9889.92 4576.85 3493.15 4300.57 8256.51 6896.38 5262.02 7077.91 1378.19 
8914.03 5904.96 6395.19 5588.02 3038.32 3374.27 9482.87 6918.74 3700.01 8451.77 
6926.15 2619.79 5989.27 5895.15 5632.14 570 8343.48 6155.92 2012.49 9814.93 
4566.95 2225.69 6697.95 7531.6 9478.08 4678.13 7041.57 6282.23 4690.68 11658.1 
2561.25 7925.71 4648.41 5938.79 9938.46 8675.51 1489.6 3934.49 7417.07 8110.1 
7472.96 9719.28 3882.95 3168.09 5326.93 8425.85 5660.08 4440.83 7108.93 1128.05 
5533.36 2970.15 4129.5 4087.7 4734.82 1295.53 6622.17 4325.61 188.68 8129.17 
2780.65 7066.29 2354.76 3588.93 7623.4 7151.4 904.268 1739.48 5758.65 6010.43 
6614 6050.43 3217.53 2169.1 2207.71 4130.73 6458.3 3892.35 3110.06 5320.23 
5940.01 7314.98 2000.4 801.311 3862.03 5978.63 4911.58 2753.56 4654.5 3430.83 
4816.57 9121.4 3562.61 4306.7 8204.03 8910.95 2286 3332.94 7473.54 4939.03 
2262.76 3146.59 4314.9 5338.25 8071.76 4525.57 4538.41 3802.96 3748.33 9312.63 
8576.06 5953.36 5878.07 5015.7 2476.81 3434.02 9012.06 6433.43 3507.04 7830.36 
7760.96 4203.55 5934.48 5471.79 4216.31 1692.93 8736.22 6296.67 2414.79 8997.26 
4367.94 7966.58 2132.84 2852.81 6814.87 7539.08 2330.02 2052.34 6095.98 4388.58 
2490.18 6718.04 2240.2 3530.01 7530.55 6850.35 1034.07 1556.66 5470.22 6199.98 
1165.03 4350.36 3443.63 4648.88 7920.71 5273.65 3210.14 2798.3 4200.6 8364.81 
8421 9112.42 4481.12 3189.81 2943.82 7258.9 7273.51 5237.49 6206.38 2739.67 
8800.48 10065.7 4915.65 3773.34 4126.85 8343.26 7320.11 5619.33 7213.38 1663.55 
4920.42 756.042 5338.41 5801.56 7075.09 2188.38 6830.89 5192 2289.5 9991.12 
7521.92 8577.19 3585.58 2345.4 3325.67 6916.91 6324.87 4330.05 5743.45 2520.67 
1764.65 6360.48 2711.55 4049.69 7960.97 6758.91 1091.65 1954.33 5440.08 6932.45 
2486.52 5368.62 1467.69 2767.24 6471.18 5340.68 2490.88 782.943 3960.11 6350.79 
780 5284.21 4667.82 5960.54 9407.07 6617.35 3276.66 3935.81 5651.06 9370.06 
4038.87 5818.33 368.782 1220.04 5024.43 5071.02 3549.7 990.202 3629.27 5131.18 
8431.49 7474.79 4870.62 3627.45 424.5 5222.31 8102.08 5598.02 4563.34 5384.91 
3141.86 8539.53 5338.41 6612.27 10628.5 9368.64 2125.32 4636.22 8123.85 8575.78 
6834.07 10300.3 4225.87 4230.9 7377.13 9517.75 4501.56 4432.08 8097.06 2813.15 
5628.83 1612.76 7216.2 7871.09 9278.76 4123.11 7997.22 6911.59 4513.14 12058.1 
1445.06 4112.38 3363.76 4526.74 7707.79 4993.73 3395.07 2758.55 3924.45 8323.23 
3618.65 6181.21 432.782 1747.51 5721.71 5681.98 2812.77 431.741 4240.29 5147.71 
7750.74 10198.2 4288.55 3661.04 5814.89 8946.54 5806.11 4798.77 7619.77 911.976 
4383.21 8572.71 3037.1 3857.01 7816.66 8362.39 1941.65 2780.88 6926.5 4941.03 
2468.4 3507.15 5323.02 6407.57 9171.54 5336.97 5015.31 4747.13 4737.86 10304.9 
5013.66 672.681 5431.18 5883.3 7108.77 2167.6 6931.04 5289.33 2332.66 10071.4 
5326.33 4842.32 2482.84 2044.75 3569.31 3328.62 5546.47 2974.36 2022 6033.02 
566.127 5164.75 3402.88 4704.69 8256.08 6016.14 2473.86 2669.25 4869.58 8136.06 
3826.88 9118.78 5120.6 6290.71 10342.5 9674.36 1939.92 4508.35 8349.21 7751.88 
7594.8 8695.04 3662.31 2438.24 3408.52 7038.96 6361.89 4401.64 5864.17 2406.01 
2554.41 5704.85 1401.61 2741.71 6564.05 5653.72 2223.53 640 4261.42 6149.15 
6017.06 9075.64 2989.4 2937.52 6287.83 8224.38 3974.43 3296.6 6807.62 2740.46 
4280.95 6363.22 360.555 1068.88 5089.76 5580.57 3436.39 1091.65 4143.04 4646.31 
3733.01 9114.21 5555.69 6778.22 10823 9845.69 2312.34 4896.12 8565.19 8416.2 
6062.98 1046.52 7100.94 7600.32 8615.48 3330.14 8274.36 6896.67 3954.97 11789.6 
5644.16 619.839 5909.31 6260.39 7131.8 1920 7540.11 5818.84 2480.73 10426.1 
3641.66 2332.38 3786 4415.12 6460.63 2806.31 5279.11 3586.15 1936.85 8595.46 
4648.46 4873.45 1794.46 1700.18 4180.77 3733.43 4795.22 2230.16 2317.95 5872.15 
4264.39 6570.49 490.408 1230.04 5277.95 5833.74 3264.98 1078.7 4394.51 4537.19 
8329.86 6332.77 5306.32 4315.61 1605.9 3896.18 8513.01 5925.58 3618.65 6915.63 
3945.88 4298.15 1886.93 2299.57 4940.47 3570.06 4436.36 2030.81 2131.5 6486.58 
9016.43 10967.2 5344.95 4448.15 5525.23 9443.8 7187.58 5948.46 8219.45 515.461 
5337.04 5193.27 2227.13 1667.21 3491.62 3717.32 5374.99 2787.72 2405.27 5648.62 
2066.52 3750.33 3049.26 4102.5 7105.84 4396.04 3704.38 2554.31 3282.93 8046.92 
3541.54 2139.25 4074.83 4764 6842.11 2986.13 5350.46 3819.65 2258.19 8933.26 
8809.73 8539.37 4987.35 3645.85 1450.66 6408.88 8087.7 5755.35 5593.79 4294.71 
4377 1464.85 4621.56 5126.92 6682.25 2268.13 6162.08 4470 1900.95 9320.05 
3500.76 7911.42 2840.42 3910.82 7956.92 7916.01 1069.02 2376.4 6503.69 5672.55 
1130.18 6198.39 4947.75 6283.76 9934.79 7466.26 2905.48 4182.16 6434.73 9380.09 
8063.85 6874.9 4662.23 3506.12 830.963 4606.82 7907.72 5356.31 3978.54 5759.05 
8450.99 10281.4 4712.39 3772.28 4990.16 8762.16 6732.68 5341.77 7532.4 681.175 
3379.25 6412.07 905.539 2169.45 6180.01 6061.62 2345.8 497.293 4626.23 5253.36 
4618.63 8295.36 2440 3078 6984.22 7854.68 2458.37 2381.2 6411.27 4254.24 
8528.92 9050.58 4594.13 3280.02 2691.64 7141.79 7451.87 5357.28 6128.75 3008.16 
7955.43 9257.7 4055.71 2908.49 3836 7621.29 6562.47 4767.9 6440.28 1869.6 
4052.02 2550.49 3560.73 4023.59 5852.77 2415.37 5438.38 3486.1 1359.12 8216.78 
1914.37 3701.09 3324.83 4398.41 7393.58 4524.35 3760.76 2800.32 3473.97 8319.69 
2985.58 8384.56 5262.03 6546.18 10552.6 9231.18 2072.34 4551.1 7994.06 8587.55 
4522.83 2624.52 3659.25 3952.16 5448.61 2008.11 5787.27 3686.65 859.826 8128.77 
6126.38 6178.17 2542.83 1431.26 2762.84 4499.11 5787.71 3253.32 3309.26 4827.69 
1540.29 3878.58 3766.17 4902.7 7972.21 4968.06 3728 3174.48 3995.05 8736.01 
5001 9085.47 3355.96 3992.49 7832.82 8754.48 2545.92 3217.36 7312.22 4507.87 
3102.58 3543.97 2597.17 3368.8 6035.11 3557.6 4249.86 2375.08 2294.01 7494.83 
6699.89 3675.24 4901.96 4558.04 4114.43 1243.38 7647.64 5228.16 1360.29 8314.58 
8167.5 7906.89 4386.99 3058.95 1361.25 5834.94 7537.43 5149.39 4959.73 4345.08 
1001.85 5780.14 3089.11 4430.36 8180.79 6426.27 1759.15 2320.8 5189.55 7607.21 
3104.83 7822.9 3190.81 4356.01 8407.29 8019.26 534.135 2618.59 6635.85 6272.04 
3833.76 9010.67 4716.82 5848.5 9898 9435.61 1645.6 4141.75 8082.87 7232.61 
1410.28 3992.99 4011.21 5171.59 8270.36 5202.4 3753.53 3394.54 4266.17 8962.16 
5961.42 9753.85 3785.05 4097.08 7640.61 9192.66 3555.42 3835.48 7752.79 3662.84 
5877.66 7482.51 1958.01 926.984 4137.26 6216.19 4730.01 2684.19 4872.39 3266.86 
6518.72 4713.49 3944.46 3332.16 2979.55 2562.89 6983.7 4428.15 1821.65 6915.56 
6780.6 5413.19 3807.57 2973.57 2338.57 3288.77 6975.53 4388.5 2486.52 6286.45 
7562.47 9842.21 3994.6 3292.01 5422.63 8551.02 5721.71 4544.33 7234.17 1031.21 
3062.5 2833.02 3427.33 4210.48 6638.11 3376.18 4692.4 3134.41 2374.07 8342.9 
5110.5 5161.44 2005.32 1555.89 3712.71 3799.33 5136.97 2550.49 2444.77 5626.41 
4073.14 1658.49 5756.01 6540.34 8489.1 3867.04 6399.06 5388.03 3720.86 10687 
2378.99 7777.87 4867.21 6180.55 10145.4 8649.95 1817.28 4130.88 7431.16 8493.39 
5985.09 3785.13 3985.4 3681.43 3907.44 1767.09 6775.62 4323.81 910.055 7558.76 
3746.41 8980.94 4845.17 6002.93 10054.5 9471.2 1700.74 4246.43 8132.66 7465.63 
6394.91 2823.47 5153.5 5025.94 4988.24 382.884 7629.33 5359.34 1205.07 8957.79 
8600.38 5317.45 6340.29 5653.83 3540.9 2798.73 9335.29 6806.64 3296.07 8776.27 
2039.34 3940.69 5163.87 6308.89 9253.46 5654.17 4613.42 4544.06 4955.52 10112 
7840.84 10014 4228.34 3458.09 5342.9 8660.61 6021 4799.35 7365.17 770.26 
7742.67 7662.88 3946.2 2616.3 1683.45 5680.4 7094.91 4709.82 4721.49 4173.36 
6443.42 1275.62 6463.7 6680.64 7088.9 1731.42 8279.19 6442.52 2738.21 10790.2 
1316.74 6566.13 3691.68 5034.38 8906.74 7300.39 1354.73 2926.57 6066.01 7840.62 
2094.18 3979.36 5261.15 6408.53 9351.25 5725.36 4674.67 4638.56 5041.44 10206.4 
3934.29 9073.73 4674.49 5784.41 9830.5 9456.5 1669.04 4118.25 8094.72 7093.84 
9499.42 6589.76 6805.41 5900.01 2865.4 4059.75 9952.07 7371.33 4348.47 8458.19 
9038.26 7879.21 5488.84 4238.03 222.036 5543.45 8718.04 6217.11 5009.69 5707.89 
6182.69 4689.26 3556.88 2980.42 3093.62 2697.74 6598.26 4039.81 1747.51 6672.45 
2909.86 8310.49 5286.44 6578.82 10575.7 9187.69 2120.85 4568.07 7961.23 8674.2 
8345.28 10601.9 4795.52 4046.05 5741.3 9233.13 6433.55 5345.89 7946.38 286.356 
6217.03 1657.38 5808.76 5934.66 6283.18 941.116 7850.54 5855.08 1960.23 10010.1 
3100.98 7255.47 2252.29 3423.35 7472.38 7236.19 1119.46 1719.56 5826.46 5693.8 
6594.69 6750.56 2860.44 1587.95 2464.02 4996.05 6071.61 3609.35 3859.96 4384.39 
7278.19 7864.15 3365.74 2026.75 2635.39 6108.04 6373.77 4136.15 4983.83 3373.6 
9042.62 6242.89 6361.08 5481.04 2676.49 3710.86 9498.07 6919.25 3916.95 8173.89 
7722.7 7462.36 3984.7 2677.55 1480.03 5438.69 7169.95 4739.72 4516.48 4452.24 
7067.25 8329.86 3139.57 1949.97 3599.47 6783.99 5841.04 3873.73 5552.13 2544.66 
871.321 6271.95 4175.94 5521.05 9282.94 7247.35 2062.06 3404.85 6100.2 8509.79 
4904.94 2100.6 6925.61 7717.23 9524.76 4606.09 7364.24 6535.21 4726.49 11864.6 
7722.1 8516.08 3782.98 2488.05 2941.87 6760.92 6628.16 4542 5641.07 2819.45 
4721.49 6158.72 868.332 544.518 4428.24 5132.06 4098 1624.84 3719.03 4634.93 
3282.1 3729.79 2368.65 3083.67 5762.12 3543.46 4247.6 2217.21 2214.16 7225.27 
3872.42 5630.32 480.521 1405.13 5121.5 4944.62 3505.38 919.239 3501.21 5341.58 
2675.24 8072.17 5272.74 6583.11 10552.7 9011.6 2185.63 4538.16 7809.24 8820 
6911.04 9460.76 3482.44 2983.77 5670.07 8328.57 5014.4 3966.27 6965.53 1703.17 
5696.82 315.753 6386.31 6830.77 7830.3 2597.71 7765.6 6228.23 3150.51 11014.3 
4137.29 7451.69 1573.18 2376.22 6393.51 6980.35 2408.42 1534.47 5537.08 4477.29 
1874.17 3660.49 3475.89 4553.6 7533.13 4573.95 3822.28 2942.53 3558.79 8469.36 
8969.75 8453.85 5202.4 3873.31 1109.82 6255.38 8346.36 5964.54 5518.5 4691.18 
2163.33 3530.34 3261.98 4282.29 7183.16 4276.04 3921.49 2786.14 3219.58 8259.55 
9165.51 6029.61 6681.38 5875.31 3235.14 3508.28 9762.73 7201.28 3920.46 8703.16 
3640.18 8791.64 4507.28 5653.5 9704.66 9207.58 1417.6 3923.07 7855.14 7143.18 
7454.35 10263.5 4234.55 3819.8 6369.15 9168.35 5365.91 4651.59 7801.04 1512.22 
3758.9 2410.52 3680.49 4260.58 6250.8 2679.78 5305.54 3520.13 1744.71 8447.59 
1185.33 4270.7 3584.2 4780.06 8013.59 5264.23 3330.54 2944.62 4222.43 8511.83 
1245.55 4651.55 2960.02 4200.02 7608.44 5335.33 2816.19 2291.72 4162.03 7853.18 
5406.15 7924.56 1881.38 1710 5342.37 6990.42 3820.47 2365.35 5578.96 3211.76 
7949.27 5302.92 5422.62 4673.9 2781.53 2801.43 8492.47 5932.19 2827.93 7802.78 
3764.49 1680.74 5183.68 5955.25 7969.07 3552.37 5975.66 4836.28 3238.9 10104.6 
2769.3 2820.23 3717.97 4593.67 7122.05 3710.86 4631.77 3340.06 2811.14 8682.89 
9812.22 6907.88 7064.35 6125.23 2906.63 4379.79 10228.3 7644.12 4676 8548.45 
8234.96 6751.61 4949.75 3842.2 948.947 4410.26 8191.04 5621.82 3907.17 6175.71 
3331.1 4982.3 1128.05 2093.08 5509.63 4546.88 3453.13 1040.19 3119.7 6081.16 
7018.33 5664 3956.07 3048.44 2069.69 3496.87 7150.42 4562.54 2746.07 6194.94 
7904.41 9561.13 4086.49 3075.86 4436.05 8036.28 6336.96 4751.43 6804.54 1321.97 
3280.75 5880.02 667.533 2010.99 5895.74 5502.94 2707.4 120.416 4069.64 5523.5 
7305.05 8811.69 3424.62 2344.46 4009.3 7306 5904.88 4123.17 6060.53 2017.18 
8998.36 11242.4 5463.81 4689.32 6083.63 9820.08 7037.78 6013.63 8556.07 502.195 
3798.17 9010.05 4804.16 5949.83 10000.7 9472.49 1690.09 4216.12 8127.61 7371.04 
7338.67 3655.38 5753.5 5412.88 4576.73 1145.6 8434.64 6056.97 2024.25 9104.91 
5578.86 4577.25 2954.89 2520.5 3486.33 2893.75 5960.29 3408.83 1670.27 6432.08 
6699.38 2982.42 5410.08 5231.87 4962.51 450.111 7925.31 5636.18 1491.64 9108.24 
1070.56 6266.42 4805.77 6145.64 9831.55 7470.6 2706.33 4037.64 6410.38 9198.37 
8657.82 10063.4 4798.39 3698.78 4310.45 8394.5 7124.56 5487.33 7235.23 1421.72 
5693.03 1636.25 5247.45 5424.04 6066.2 971.442 7276.16 5278.94 1493.35 9536.55 
9385.53 8117.91 5843.81 4590.27 564.624 5743.56 9072.16 6572.18 5276.64 5920.48 
2346.83 6160.88 1850.11 3188.48 7111.53 6250.22 1592.39 1097.72 4872.22 6246 
8271.18 7537.76 4640.91 3370.53 722.011 5347.34 7858.35 5379.97 4605.13 5058.32 
9087.93 6855.44 6056.6 5027.22 1736.58 4356.6 9272.17 6685.75 4264.69 7342.6 
8567.69 7741.14 4939.17 3664 500.1 5505.14 8153.83 5679.2 4820.81 5180.04 
8179 10062.8 4450.67 3536.38 4959.7 8584.06 6464.09 5074.03 7336 755.844 
6993.78 4283.65 4838.94 4330.57 3507.08 1855.4 7744.76 5247.86 1763.66 7909.27 
4268.97 9137.67 4230.65 5224.64 9237.17 9289.18 1726.62 3779.22 7887.84 6256.6 
6833.23 5326.58 3929.49 3122.72 2387.3 3162.67 7080.94 4496.09 2415.8 6446.65 
6996.87 7862.8 3062.83 1751.4 3042.37 6218.95 5999.71 3827.74 5030.64 3147.71 
7924.02 5450.94 5290.77 4499.08 2544.66 2971.23 8393.15 5822.17 2889.05 7567.11 
3655.31 7412.6 1901.58 2921.04 6967.24 7164.02 1761.48 1580.28 5730.1 5045.57 
7719.13 6299.71 4505.22 3460.71 1380.04 4020.17 7735.96 5156.56 3421.26 6130.87 
5424.7 4870.16 2566.73 2086.77 3479.37 3306.37 5642.17 3067.9 2024.28 6037.92 
4954.07 7122.51 1154.34 1011.93 4954.29 6184.8 3746.64 1782.64 4768.07 3843.61 
5168.54 2312.94 4310.56 4469.38 5425.46 1296.19 6508.19 4385.52 636.946 8596.35 
3481.05 8680.02 4546.76 5721.58 9773.15 9152.41 1382.24 3937.32 7813.13 7319.56 
4095 1313.81 5050.99 5711.83 7499.15 2988.86 6156.57 4782.8 2730.07 9892.51 
4570.18 1163.87 5985.11 6678.03 8365.58 3526.47 6837.69 5674.58 3567.46 10855 
3045.39 3714.69 2435.26 3238.83 6005.08 3691.52 4105.42 2204.22 2400.1 7348.88 
3921.86 6881.63 968.762 1939.33 5990.96 6369.62 2593.94 996.393 4926.35 4687.57 
8191.76 9102.07 4254.7 3000.83 3240.99 7330.27 6965.61 5000.04 6224.35 2430 
2950.54 8110.06 4102.78 5326.1 9368.87 8591.76 868.332 3455.79 7261.43 7232.5 
1502.43 6255 2922.19 4266.11 8140.52 6756.33 1222.62 2156.04 5465.42 7206.18 
8066.93 9759.1 4266.17 3270.43 4562.69 8229.76 6460.79 4923.06 7001.27 1149.78 
6713.78 6263.86 3229.64 2114.73 2116.25 4349.09 6475.08 3926.13 3325.69 5121.91 
2365.46 5245.85 1608.01 2892.09 6548.77 5278.04 2527.23 939.149 3911.84 6507.11 
4954.05 4848.64 2098.88 1822.58 3895.9 3539.34 5134.75 2565.62 2160.12 5930 
6144.48 6974.33 2256.83 910.934 3243.76 5465.43 5373.05 3027.61 4202.15 3858.61 
8938.26 5944.16 6404.4 5589.89 3010.6 3413.21 9497.12 6931.33 3730.63 8435.51 
2715.88 2685.09 4390.05 5322.59 7839.71 4084.47 4905.88 3946.06 3383.86 9377.68 
6531.71 2354.68 5670.92 5639.04 5639.88 304.795 7966.84 5810.42 1696.73 9619.38 
3118.41 7619.99 2808.34 3965.51 8016.86 7720.23 724.431 2258.87 6323.61 5984.06 
2012.01 3793.32 4989.64 6119.23 9037.37 5454.73 4560.27 4383.61 4740.52 9950.6 
4907.5 3100.4 3505.84 3602 4849.1 1930.1 5935.97 3658.55 504.48 7731.27 
4670.64 4047.64 2540.31 2567.43 4398.51 2893.65 5259.51 2811.14 1460.14 6718.11 
6748.28 9450.22 3424.27 3033.83 5886.57 8388.23 4793.54 3864 7009.28 1914.42 
602.08 4898.75 3564.83 4840.51 8294.65 5845 2786.32 2853.79 4745.23 8365.8 
7697.58 5006.01 5275.65 4590.64 2990.82 2512.31 8304.05 5758.28 2536.63 7855.14 
6591.09 6509.45 2957.43 1754.11 2333.17 4701.06 6193.96 3685.55 3598.28 4700.83 
8078.94 5408.33 5532.83 4766.31 2750.65 2899.14 8611.96 6048.84 2955.3 7843.72 
4548.68 8769.15 3212.38 3996.86 7932.07 8551.32 2072.73 2972.42 7114.39 4907.63 
1771.16 5956.15 2353.15 3699.43 7546.89 6280.49 1529.48 1582.4 4954.64 6822.79 
2425.28 5678.95 1531.83 2871.24 6682.47 5685.92 2156.13 770.065 4303.73 6264.7 
2150.77 3902.83 2773.18 3828.45 6888.4 4387.9 3580.68 2291.03 3211 7771.06 
6547.25 4422.33 4181.91 3650.88 3254.8 2202.27 7148.09 4620.96 1600.5 7289.57 
2634.92 2777.14 4483.71 5442.35 8002.66 4243.64 4884.8 4017.59 3554.62 9477.16 
6128.83 6501.52 2394.16 1155.21 2909.52 4891.22 5616.01 3139.44 3668.95 4429.29 
5632.17 3008.32 4195.26 4126.22 4683.39 1239.76 6711.32 4403.24 286.007 8148.86 
5802.02 4154.62 3512.51 3145.82 3642.03 2292.97 6407.72 3903.33 1207.68 7026.84 
2880.28 7207.56 2441.25 3652.56 7694.74 7286.19 854.927 1849.38 5890.75 5969.4 
5193.01 739.256 5461.07 5861.21 6958.76 1950 7060.35 5351.11 2209.46 10041.3 
9135.17 7564.71 5754.17 4572.2 682.642 5151.63 8999.36 6452.1 4776.03 6351.54 
3929.02 9082.43 4712.12 5826.63 9873.49 9478.32 1688.82 4151.46 8119.05 7144.8 
6090.85 8591.31 2589.9 2193.65 5380.05 7545.2 4356.6 3085.27 6157.66 2505.87 
4522.62 7021.81 937.443 1373.06 5395.23 6260.38 3257.48 1404.6 4824.69 4163.58 
9536.04 7071.2 6565.76 5545.6 2137.12 4546.34 9774.46 7186.91 4599.3 7792.32 
2834.24 8233.41 5334 6635.37 10619.9 9150.06 2201.27 4607.44 7937.46 8791.64 
4421.15 1186.8 4917.37 5459.03 7013.27 2437.31 6321.78 4732.36 2220.92 9652.03 
1293.56 4159.28 3598.69 4777.46 7967.41 5162.11 3430.01 2973.97 4132.43 8541.9 
4982.58 6155.4 1176.61 403.609 4116.47 5003.88 4410.35 1924.19 3613.86 4596.19 
7245.09 10534.3 4447.89 4307.23 7218.34 9642.81 4957.91 4722.71 8237.75 2382.12 
5750.22 9060.87 2993.41 3135.76 6651.38 8333.1 3607.23 3196.81 6902.73 3143.58 
5071.69 7472.68 1435.86 1364.99 5202.4 6568.3 3665.09 1964.74 5149.65 3604.68 
1023.03 4797.63 4652.49 5904.25 9206.78 6198.52 3610.06 3953.38 5288.11 9467.72 
7108.83 5691.79 4056.02 3143.53 2019.5 3496.07 7250.14 4662.23 2784.55 6252.11 
3739.36 6346.19 465.296 1699.41 5710.08 5815.81 2814.48 577.754 4372.93 4990.92 
2186.25 7545.4 5215.52 6551.5 10448.1 8603.26 2362.12 4456.69 7452.27 9069.21 
8050.62 7123.62 4530.01 3316.4 773.886 4912.05 7769.65 5247.52 4200.31 5375.87 
2710.3 6420.36 1658.55 2965.69 6948.79 6383.76 1616.17 971.854 4981.41 5883.96 
8712.86 11168.7 5288.07 4616.84 6332.85 9841.77 6679.74 5795.19 8543.59 669.104 
8478.87 10647.8 4888.72 4094.89 5643.2 9238.2 6596.06 5456.05 7966.43 114.018 
7416.37 6714.3 3901.28 2717.08 1413.26 4627.31 7144.48 4612.6 3768.98 5188.31 
2081.39 7317 3894.78 5201.33 9180.37 7948.52 898.053 3168.91 6668.05 7604.51 
5416.02 1619.14 5010.49 5233.21 6058.26 1162.84 6997.56 5021.88 1370.04 9368.82 
7035.69 4401.3 4810.41 4270.19 3381.79 1980.1 7745.06 5235.27 1842.28 7812.21 
8649.63 7936.67 4971.3 3674.96 671.193 5718.69 8168 5719.87 5009.05 5001.44 
3140.27 4759.37 1386 2358.5 5682.65 4437.14 3458.01 1190.5 3028.04 6352.39 
6911.74 6104.51 3564.83 2513.66 1925.75 4073.82 6803.56 4233.4 3157.53 5508.92 
1721.42 3736.31 4351.57 5476.47 8448.56 5121.04 4139.3 3758.26 4281.33 9321.48 
1048.09 6347.24 4660.04 6003.21 9726.16 7483.15 2493.59 3889.9 6393.15 9005.65 
6120.46 3861.36 4080.5 3738.72 3820.5 1769.55 6896.04 4433.53 1022.4 7575.47 
8464.37 8228.76 4654.73 3316.93 1410.32 6135.02 7775.15 5421.09 5281.71 4261.42 
7295.93 10328.8 4258.37 3978.47 6730.74 9331.97 5117.86 4610.34 7944.31 1919.3 
6898.3 3351.21 5390.73 5120.79 4625.55 820.244 8017.41 5665.84 1592.11 8913.37 
3564.55 8172.28 3229.32 4300.7 8344.83 8254.77 1002.65 2745.21 6850.64 5911.66 
6287.02 6264.7 2697.13 1557.24 2603.46 4532.82 5940.95 3411.63 3376.17 4812.04 
7859.47 9717.13 4108.24 3186.86 4776.58 8259.44 6195.64 4740.31 7000.71 1060.66 
1690.71 4170.8 2936.15 4085.16 7294.5 4817.24 3281.13 2357.48 3665.76 7910.7 
5805.38 8066.78 2130.84 1640.12 4994.1 6991.8 4277.91 2702.33 5606.29 2874.04 
1146.3 6351.61 4848.14 6189.67 9890.13 7553.42 2691.56 4078.95 6489.45 9211.59 
8694.03 6958.22 5459.32 4355.88 1013.56 4541.39 8698.56 6125.5 4190.3 6554.78 
8757.29 9770.01 4834.91 3621.45 3650.38 7977.39 7406.16 5564.4 6887.96 2122.5 
8316.95 8903.08 4380.98 3070.26 2730.29 7030.69 7237.31 5143.39 5990.41 2942.45 
3140.84 2973.55 5704.19 6703.23 9200.27 5017.67 5658.36 5186.22 4597.85 10702.1 
8102.62 9773.94 4296.63 3292.19 4539.92 8234.82 6502.57 4956.26 7010.75 1161.03 
4824.74 2113.01 6863.66 7663.63 9500.87 4608.19 7285.89 6468.45 4703.89 11807.1 
6895.69 7011.45 3130.58 1827.84 2250.78 5194.66 6320.83 3886.8 4102.74 4260.72 
4375.23 1545.48 4542.74 5035.57 6587.41 2222.72 6125.1 4402.18 1810.11 9228.53 
6174.14 5404.38 3059.49 2249 2711.05 3548.03 6244.53 3656.58 2468.54 5809.31 
4252.02 8877.22 3713.97 4653.4 8650.05 8887.74 1664.81 3324.17 7469.97 5707.77 
3130.4 8196.25 3955.52 5146.12 9195.87 8589.19 800.062 3340.96 7238.49 6945.25 
4722.17 7745.99 1688.85 2113.22 6017.88 7079.56 2997.23 1905.91 5640.66 3876.6 
7754.84 6024.89 4708 3742.57 1677.2 3680.61 7911.74 5324.23 3205.64 6557.81 
5110.63 1031.6 6478.18 7118.66 8595.59 3554.43 7390.86 6193.59 3808.41 11306.5 
6055.68 3201.56 4490.9 4313.2 4481.08 1073.78 7096.32 4744.94 708.378 8246.21 
6261.01 9496.45 3412.35 3399.21 6685.42 8680.7 4090.24 3670.1 7261.19 2730.95 
6764.27 8345.06 2878.92 1828.58 4053.9 6930.01 5421.97 3579.46 5644.27 2412.05 
1315.48 6350.01 5110.97 6449.38 10114.8 7644 2980.07 4343.7 6618.52 9503.9 
4665.13 2032.95 4212.33 4546.67 5889.18 1775.3 6153.77 4185.93 1110.18 8724.25 
8700.36 8353.23 4904.42 3569.01 1282.65 6213.45 8031.59 5669.57 5408.78 4421.59 
8364.36 11108.1 5119.47 4601.79 6708.75 9913.07 6230.78 5559.87 8574.86 1187.27 
2262.96 6782.22 2604.32 3904.48 7894.33 7045.69 750.267 1898.42 5688.95 6529.36 
4463.27 951.893 5504.04 6137.26 7768.2 3014.25 6589.03 5243.07 2971.28 10324 
8189.17 8518.15 4279.84 2940.15 2273.17 6590.37 7258.83 5050.16 5589.65 3400.24 
3036.59 8426.11 5148.13 6420.41 10438 9217.77 1932.98 4448.2 7963.54 8401.01 
1492.41 4671.1 5079.7 6308.95 9510.53 6251.61 4071.49 4395.6 5434.72 9927.28 
2807.51 3954.87 2277.28 3186.93 6145.93 3992.24 3805.05 1972.23 2692.95 7239.9 
2373.6 7744.97 5283.08 6612.59 10534.5 8775.68 2342.58 4530.54 7610.79 9037.99 
9079.76 6949.51 5992.7 4939.64 1570.03 4461.71 9216.92 6632.9 4320.47 7188.53 
9847.08 7778.91 6619.06 5483.29 1632.33 5277.95 9861.54 7292.47 5162.36 7266.54 
9588.33 7549.37 6378.12 5256.32 1489.73 5057.15 9618.69 7046.45 4912.03 7154.37 
8215.14 5097.16 5936.33 5268.06 3378.3 2565 8928.63 6399.73 2934.55 8472.6 
4377.78 5408.82 1066.07 1195.41 4498.98 4450.67 4189.05 1601.12 3019.88 5370.86 
2163.63 3448.51 4803.37 5886.16 8700.93 5063.16 4638.1 4235.95 4356.97 9788.66 
5719.48 5398.69 2518.73 1771.02 3109.23 3760.85 5708.55 3121.23 2532.43 5560.09 
650 4830.28 3583.66 4852.02 8282.32 5790.77 2854.65 2879.04 4699.98 8400.86 
5961.59 678.97 6287.13 6622.73 7370.27 2071.52 7900.41 6198.1 2796.35 10780.8 
7052.67 5767.71 3938.03 2999.77 1983.63 3609.22 7143.82 4556.93 2844.8 6093.78 
4387.19 5853.11 678.012 910.055 4649.34 4940.82 3912.15 1365.28 3510.06 4979.41 
6241.1 8930.69 2889.19 2578.16 5718.05 7925.31 4370.01 3326.15 6532.09 2369.13 
4079.77 6959.11 970.464 1831.75 5879.63 6390.38 2733.09 1110.18 4947.02 4534.75 
1863.87 3761.08 3296.56 4381.87 7405.58 4574.99 3701.26 2762.79 3515.18 8289.42 
7714.18 5250.39 5135.13 4383.39 2664 2785.68 8215.72 5651.1 2668.11 7553.5 
6032.69 1032.76 7080.79 7584.6 8614.51 3334.43 8246.33 6874.05 3947.91 11774.4 
2027.44 7234.32 3793.57 5102.71 9077.91 7848.82 844.038 3065.57 6565.39 7541.63 
6897.57 5984.68 3613.34 2599.56 1967.87 3933.57 6844.81 4267.52 3038.98 5654.66 
6757.52 7337.49 2875.03 1528.82 2754.36 5656.8 5967.6 3645.94 4483.15 3708.15 
8212.51 5240.95 5833.1 5125.09 3151.59 2710.02 8860.58 6317.06 2976.07 8270.48 
3709.51 2224.68 3891.25 4509.47 6502.78 2750.45 5376.78 3693.85 1933.13 8692.3 
6875.03 6458.49 3335.88 2172 1973.68 4521.34 6579.86 4046.65 3518.14 5000.09 
3823.41 4956.47 1178.81 1784.4 5004.69 4263.8 3916.38 1394.6 2821.13 5908.93 
4771.77 6036.23 992.018 567.979 4299.44 4965.17 4235.62 1726.27 3557.88 4733.34 
7156.81 10319.1 4235.95 4040.64 6920.59 9385.01 4931.87 4546.76 7986.02 2182.77 
6373.2 7320.72 2449.65 1120.4 3274.71 5797.45 5474.49 3219.08 4544.93 3522.64 
3725.39 1710.03 4683.67 5394.01 7369.81 3124.74 5749.33 4392.1 2667.21 9561.22 
3975.49 1434.22 4963.27 5644.16 7494.99 3056.34 6038.41 4683.86 2741.82 9820.23 
6729.47 5903.39 3445.95 2451.55 2123.98 3903.46 6675.22 4096.84 2956.25 5608.71 
7320.83 6690.41 3790.65 2603.17 1516.48 4633.12 7033.19 4504.19 3743.5 5117.54 
7846.33 5431.48 5197 4404.46 2509.76 2964.46 8302.41 5730.35 2837.82 7487.28 
1494.02 3911.75 3851.34 4995.93 8074.19 5044.84 3738.07 3250.98 4085.54 8815.41 
7168.49 4465.25 4938.55 4381.64 3365.14 2014.67 7880.13 5368.15 1957.78 7885.33 
8176.48 10942.9 4943.29 4448.55 6649.83 9770.82 6046.69 5377.08 8425.7 1225.77 
9320.44 6203.1 6794.33 5964.18 3205.12 3682.57 9891.09 7324.62 4087.11 8719.66 
1971.01 3825.31 4965.56 6099.78 9032.77 5473.21 4520.4 4356.25 4749.44 9923.68 
1885.21 5542.03 2067 3400 7150.96 5789.76 2006.32 1310.04 4458.62 6772.57 
7333.98 3309.27 6014.03 5762.12 5070.8 928.493 8573.1 6265.54 2136 9533.65 
4510.8 7749.79 1765.05 2356.88 6305.09 7185.17 2698.33 1850.76 5742.49 4115.19 
5859.32 9779.33 3865.14 4252.15 7855.76 9284.01 3408.47 3864.63 7841.82 3918.28 
6777.65 9895.58 3811.82 3645.89 6665.71 8980.8 4608.34 4126.22 7576.86 2287.4 
2090.67 7293.63 3807.57 5112.15 9094.31 7897.95 812.158 3084.23 6610.69 7516.45 
8734.1 8524.27 4901.53 3558.44 1523.98 6414 7992.76 5670.35 5577.54 4199.1 
8672.08 10805.6 5071.34 4256.88 5680 9368.98 6788.44 5644.29 8108.27 80.6226 
6189.45 4215.87 3902.44 3459.84 3481.74 2140.14 6820.69 4310.84 1320.98 7227.64 
3690 9088.12 5978.24 7241.75 11266.6 9988.68 2748.85 5282.28 8758.14 9055.39 
2478 3971.32 2444.01 3443.79 6485.41 4208.8 3631.86 2038.06 2957.43 7435.87 
2872.56 7373.42 2710.3 3916.02 7960.52 7514.1 618.466 2112.87 6126.51 6123.54 
6530.93 8322 2692.08 1767.99 4349.9 7000.18 5117.55 3362.44 5681.77 2425.39 
6440.94 7735.96 2503.92 1296.19 3668.96 6290.63 5329.5 3250.25 5010.43 3043.45 
6360.2 5573.24 3180.57 2299.24 2512.47 3664.42 6385.01 3798.64 2630.97 5732.03 
4168.57 4944.18 1360.04 1654.15 4653.82 4067.25 4260.86 1708.57 2626.19 5836.75 
7177.92 4073.55 5228.58 4776.03 3875.47 1565.25 8059.63 5600.54 1849.11 8380.85 
7026.93 2904.77 5902.45 5741.38 5331.94 588.303 8354.31 6107.6 1951.33 9607.15 
3167.98 7322.96 2276.22 3430.12 7480.86 7290.9 1140.18 1761.73 5878.91 5645.55 
6219.28 1502.83 5931.55 6088.83 6480.15 1136 7908 5956.71 2124.55 10178.2 
7604.28 6599.64 4198.15 3062.19 1239.68 4420.92 7443.39 4888.72 3671.47 5567.95 
1719.91 4924.41 2318.36 3580.68 7110.31 5295.32 2565 1643.44 4017.66 7207.18 
9143.35 8202.99 5499.71 4210.38 552.178 5903.39 8703.33 6244.27 5306.9 5376.19 
3530.58 8547.08 4074.13 5205.86 9256.26 8866.21 1100.41 3510.27 7497.21 6747.63 
2281.27 3656.3 2954.2 3960.03 6895.45 4200.11 3820.01 2506.39 3066.09 7949.75 
6309.06 7904.79 2406.84 1363.6 4073.57 6561.65 5056.53 3118.59 5246.27 2839.38 
4551.32 4002.45 2494.51 2584.98 4513.63 2928.65 5165.37 2736.59 1487.88 6750.88 
7070.86 3138.49 5780.7 5563.18 5048.29 685.055 8314.28 6018.9 1879.71 9382.63 
9073.04 7851.62 5545.39 4302.89 255.539 5502.16 8778.17 6269.97 4992.89 5807.75 
7071.95 4509.48 4781.97 4212.33 3265.35 2095.71 7742.38 5221.47 1916.35 7719.6 
5246.07 7475.63 1509.04 1211.49 4975.75 6492 3896.25 2102.97 5084.96 3491.85 
7396.88 7966.79 3482.08 2144.62 2600.69 6190.97 6478 4252.15 5079.93 3332.46 
7649.66 6988.5 4075.71 2849.72 1214.95 4880.43 7311.16 4800.76 4044.28 5064.27 
6650.12 7784.39 2710.02 1450.41 3435.88 6263.24 5580.77 3465.21 5015.04 3056.34 
3576.6 8721.86 4446.77 5598.69 9650.21 9137.36 1347.66 3858.61 7785.54 7125.05 
5354.48 3893.4 3253.86 3058.12 4034.96 2296.52 6037.55 3577.56 990.353 7075.27 
9271.95 6974.53 6247.25 5213.69 1839.67 4465.25 9463.22 6876.8 4418.52 7476.02 
8257 8853.41 4321.13 3010.27 2730.07 6989.43 7180.88 5083.67 5942.95 2940.61 
8864.77 6820.98 5766.01 4716.29 1460.14 4351.24 8990.36 6406.53 4151.3 7027.81 
4805.77 1755.14 6639.83 7398.5 9155.46 4244.82 7213.36 6275.06 4356.8 11558.1 
8082.26 5344.53 5579.77 4831.08 2849.72 2829.31 8645.06 6086.78 2928.51 7935.77 
8731.08 10914.8 5157.07 4363.13 5810.03 9490.93 6819.16 5719.97 8225.92 172.047 
9199.48 11564.3 5736.24 5008.48 6446.53 10171 7171.55 6261.41 8897.73 854.283 
5672.05 4321.4 3247.78 2863.32 3582.01 2555.48 6185.96 3661.37 1384.52 6765.66 
2961.38 8192.44 4325.98 5559.01 9598.71 8737.44 1081.9 3667.42 7420.82 7464.88 
6106.14 2730.95 4889.84 4807.6 4991.51 547.083 7336.03 5079.09 922.659 8785.99 
5071.42 7669.59 1596.25 1641.49 5450.92 6818.15 3531.4 2039.44 5394.26 3545.39 
7333.88 7511.2 3502.01 2163.93 2113.58 5643.84 6632.38 4269.19 4592 3948.48 
5669.3 8184.6 2156.69 1884.09 5351.04 7206 4018.12 2644.62 5803.32 2937.77 
3384.23 6136 663.702 1993.24 5952.68 5740.71 2595.55 240.832 4304.2 5336.34 
6215.79 3641.57 4348.84 4049.8 4038.23 1458.36 7097.55 4670.39 950.789 7897.15 
3784.28 9167.45 5611.64 6832.42 10877.7 9903.22 2368.82 4953.16 8623.25 8452.77 
6607.09 5392.68 3601.89 2775.63 2430.08 3337.66 6773.15 4185.7 2451.2 6156.18 
9035.15 10735.5 5270.15 4276.91 5059.98 9129.17 7321.54 5913.8 7941.67 898.053 
7952.07 9555.86 4120.45 3087.81 4360.28 8010.12 6405.32 4792.7 6787.61 1372.77 
6676.12 4950.2 3978.3 3288.68 2742.04 2775.84 7064.4 4494.44 2058.28 6769.23 
3332.42 8732.91 5568.06 6838.26 10857.7 9589.5 2348.04 4868.06 8350.24 8747.26 
6131.53 3637.86 4256.03 3967.78 4039.27 1507.12 7003.21 4575.64 891.852 7832.5 
3185.67 3103.06 3048.67 3783.5 6242.89 3310.59 4574.41 2816.61 2164.16 7929.55 
10045.7 7610.06 6987.67 5915.92 2236.36 5081.93 10213.8 7629.95 5146.88 7897.76 
7194.2 9605.54 3687.3 3081.83 5521.1 8396.01 5332.11 4207.34 7053.75 1401.86 
4284.39 3446.81 2832.83 3111.33 5018.39 2657.54 5197.09 2930.84 1246.64 7297.21 
8353.99 5411.33 5918.45 5178.19 3056.44 2880.02 8968.17 6416.43 3135.43 8250.1 
6611.05 3557.32 4877.8 4567.1 4218.08 1141.27 7590.9 5187.85 1265.74 8358.43 
8617.69 8152.21 4861.48 3537.87 1065.69 5991.89 8019.28 5621.54 5210.83 4613.91 
7865.29 10307.5 4404.1 3766.91 5858 9043.72 5911.56 4915.38 7721.17 818.841 
3565.45 4676.8 1413.26 2129.04 5256.94 4132.37 3865.29 1455.82 2700.69 6239.14 
5922.95 4994.16 3037.53 2400.02 3053.8 3186.75 6150.2 3570.22 2062.28 6140.52 
5471.9 7434.26 1623.08 990.404 4626.5 6337.25 4223.03 2292.62 4950.84 3406.26 
6345.65 7984 2454.47 1438.37 4129.42 6646.77 5060.04 3158.05 5330.22 2760.04 
5098.13 470.106 5621.81 6086.49 7296.36 2290.85 7065.55 5467.26 2529.27 10275.4 
1919.51 6901.85 3273.32 4589.56 8554.23 7399.8 670.075 2540.65 6093.09 7172.89 
4798.54 1251.6 4893.11 5308.48 6593.89 1915.65 6557.81 4790.09 1797.25 9494.13 
3110.14 5777.1 832.166 2169.1 6019.6 5471.21 2630.3 144.222 4045.11 5693.09 
7319.32 8895.58 3456.01 2407.59 4125.54 7408.75 5879.63 4144.07 6156.01 1911.49 
2757.86 6380.63 1567.07 2876.84 6857.08 6314.78 1707.42 880.909 4908.9 5834.94 
7258.46 3140.86 6040.13 5827.84 5234.89 824.621 8547.68 6269.97 2121.98 9638.1 
7738.64 7087.68 4146.54 2908.14 1146.34 4971.22 7378.2 4875.71 4144.03 5027.33 
3159.45 2242.94 4529.22 5369.85 7660.06 3681.22 5285.47 4149.57 3081.33 9484.01 
7378.69 7938.85 3465.91 2127.2 2588.98 6162.83 6468.39 4236.22 5051.7 3356.8 
5437.21 5258.37 2291.31 1672 3390.25 3740.12 5454.73 2866.81 2448.04 5608.22 
5508.58 1665.89 7161.97 7838.83 9311.93 4190.11 7891.63 6843.87 4534.86 12022.1 
2236.07 7320.33 3572.74 4862.3 8863.28 7826.65 511.957 2866.81 6514.12 7214.99 
7204.7 8520.33 3286.73 2123.23 3691.52 6971.73 5924.41 4011.99 5742.77 2362.12 
2644.58 2794.58 4037.19 4960.18 7519.41 3955.52 4697.07 3610.93 3148.92 9020.72 
8153.15 7410 4541.2 3281.62 781.025 5228.55 7764.62 5276.44 4475.99 5087.37 
5057.56 8608.51 2642.01 3090.91 6876.69 8059.29 2888.49 2692.68 6617.33 3840.05 
8425.89 10360 4727.08 3831.03 5171.17 8876.42 6660.01 5338.86 7632.04 500.899 
2359.83 3312.72 3370.24 4341.66 7127.76 4079.91 4139.48 2930.84 3058.84 8362.13 
3249.92 6198.52 859.826 2180.09 6150.01 5874.9 2397.35 291.548 4443.03 5419.09 
5062.11 9104.22 3341.81 3950.22 7772.9 8747.83 2620.86 3224.16 7304.99 4417.43 
4989.64 8224.61 2184.03 2548.04 6350.79 7577.36 3040.26 2347.1 6138.73 3688.28 
936.483 5152.68 4770.34 6050.67 9444.91 6544.81 3463.02 4047.76 5611.35 9509.2 
6770.82 10049.9 3964.15 3883.56 6974.48 9197.92 4526.02 4227.65 7785.25 2521.21 
6230.41 6077.31 2724.43 1655.29 2616.3 4330.46 5969.4 3418.1 3180.64 5013.27 
6542.76 5976.02 3169.38 2144.41 2280.02 4070.7 6407.39 3837.51 3037.27 5360.04 
5488.36 4808.1 2682.69 2203.02 3449.42 3202.25 5745.02 3174.73 1940 6132.81 
3920.01 7988.89 2523.53 3458.28 7476.93 7796.99 1649.06 2210.81 6364.54 5065.69 
7613.18 9881.9 4041.41 3330.24 5423 8582.09 5771.95 4593.31 7268.19 980.816 
6100.63 958.019 7038.47 7511.22 8466.91 3169.48 8278.86 6851.75 3827.53 11697.2 
5952.15 1258.97 7201.14 7757.89 8908.38 3657.16 8229.17 6959.35 4204.76 11950.9 
4564.22 6735.49 724.017 1011.78 5059.97 5891.71 3516.39 1376.12 4461.23 4274.01 
3578.74 8915.97 5155.2 6364.17 10412 9555.32 1922 4509.99 8252.86 7999.03 
1096.59 4358.37 4196.09 5406.82 8620.47 5626.01 3586.7 3534.64 4685.34 9092.43 
1142.85 4388.94 3413.53 4624.04 7912.1 5296.81 3166.23 2764 4215.52 8329.66 
1475.13 6440.07 3194.2 4535.24 8425.69 7010.88 1127.7 2431.83 5733.42 7379.93 
5072 382.753 5709.58 6200.71 7453.6 2445.59 7083.68 5536.15 2681.59 10391.8 
6400.45 6102.76 2921.8 1847 2433.43 4286.27 6166.4 3612.04 3184.6 5092.28 
4504.44 6573.83 605.392 940.213 4990.57 5725.25 3556.42 1310.95 4294.15 4401.83 
5107.25 4762.99 2320.02 1992.49 3777.86 3362.04 5346.34 2782.12 2008.31 6054.06 
3414.94 8496.81 4167.6 5325.73 9377.5 8874.46 1084.67 3578.66 7517.29 6943.44 
5567.05 9490.89 3606.06 4055.27 7738.02 9027.32 3135.43 3579.97 7584.25 4026.13 
5587.02 3409.06 3850.83 3706.53 4326.5 1648.06 6498.5 4114.58 472.969 7705.8 
7173.23 4708.46 4776.71 4153.13 3064.72 2297.87 7779.58 5241.5 2078.7 7586.75 
7499.23 9540.28 3808.48 2985.63 4969.61 8177.12 5788.31 4410.28 6882.04 1211.65 
1975.85 7000.86 3366.62 4677.99 8650.75 7510.56 629.682 2638.83 6204.78 7208.95 
2550 4326.29 2055.48 3100.4 6303.75 4399.66 3393.91 1645.02 3082.24 7051.5 
6584.85 6612.45 2904.5 1669.31 2392.66 4830.17 6132.06 3642.47 3710.65 4560.27 
2403.33 7785.63 5236.99 6563.2 10495.9 8789.34 2266.38 4487.69 7614.15 8955.72 
4009.1 3604.72 2574.22 2962.79 5153.88 2966.24 4877.56 2630.3 1564.67 7155.98 
6262.02 1608.54 5903.39 6037.76 6380.16 1030.92 7920.86 5942.57 2064.95 10115.7 
8908.29 10640.3 5150.01 4168.7 5047.5 9053.45 7191.56 5790.17 7856.17 812.158 
7683.57 9690.54 3985.89 3139.55 4976.36 8297.76 5966.11 4592.28 7014.19 1053.8 
6396.89 9632.26 3547.13 3507.51 6736.08 8801.62 4210.48 3810.72 7384.5 2649.55 
1870.43 7244.87 4338.2 5665.91 9598.78 8061.41 1479.59 3589 6835.93 8182.63 
7957.79 8125.68 4085.34 2739.07 1998.42 6180.52 7146.52 4856.31 5191.99 3722.93 
2099.76 3694.44 5009.36 6125.37 9005 5374.99 4638.85 4413.52 4678.98 9978.36 
4208.11 1252.4 5468.83 6167.54 7959.2 3310.97 6397.04 5164.84 3176.3 10341.4 
5961.56 5098.68 3009.87 2331.05 2981.81 3289.51 6143.98 3560.06 2168.16 6040.74 
2307.9 3771.27 5348.47 6467.43 9322.71 5578 4879.15 4746.47 4943.85 10313 
2830.07 2963.55 5285.64 6291.62 8855.08 4837.07 5304.79 4768.57 4316.02 10283.5 
4164.54 5276.64 1023.96 1383.11 4696.59 4416.93 4048.02 1464.79 2977.33 5534.27 
8528.92 9050.58 4594.13 3280.02 2691.64 7141.79 7451.87 5357.28 6128.75 3008.16 
7954.63 7798.96 4161.6 2831.15 1536.88 5774.19 7307.7 4925.2 4853.59 4228.96 
6550.8 1600.16 6314.02 6453.48 6699.64 1346.29 8279.72 6341.36 2478.33 10525.6 
7699.99 7142.95 4074.91 2821.24 1231.1 5052.53 7300.17 4810.07 4196.87 4899.11 
8036.78 9073.73 4105.81 2878.92 3408.46 7352.72 6768.26 4843.35 6216.37 2275.63 
6483.09 7550.95 2545.68 1253 3382.45 6039.31 5489.67 3308.56 4784.4 3280.87 
3280.55 8656.8 5191.93 6440.93 10474.3 9394.39 1950 4512.14 8121.41 8277.98 
