500 5 11
777 335 649 27 763 
9260 5400 4260 1720 7360 2110 3680 5670 4290 7820 5300 
0 10 10 9 2 10 0 9 8 2 6 7 4 9 4 10 0 2 7 9 2 7 9 4 5 3 5 7 5 7 6 9 4 3 10 5 10 3 10 9 9 7 7 4 7 6 0 9 5 0 2 6 1 8 9 8 4 7 9 2 4 1 10 0 7 7 2 4 7 4 6 10 10 1 0 1 8 9 3 0 4 3 3 2 10 0 4 4 0 7 9 0 5 8 2 1 1 4 5 5 9 3 2 7 10 8 3 1 2 4 8 5 2 7 6 1 0 1 10 6 2 5 7 7 5 10 0 9 8 1 2 2 0 7 8 3 8 7 10 7 2 0 6 10 6 0 3 3 1 9 7 10 9 8 9 10 1 1 10 8 0 7 8 4 0 4 4 10 3 6 4 6 3 0 8 7 10 5 7 5 6 8 7 0 9 6 1 4 9 10 5 3 1 5 5 2 7 0 5 10 0 2 7 7 4 3 1 4 10 0 0 6 4 6 6 5 3 8 8 7 5 2 7 9 6 8 8 7 9 6 7 1 1 0 4 6 10 2 0 9 9 0 7 1 10 6 4 7 9 0 5 6 8 10 4 5 9 9 2 10 6 4 10 9 10 7 4 1 6 10 10 3 0 6 0 3 8 4 4 0 6 2 7 1 0 4 7 7 1 10 6 0 10 8 5 9 4 8 7 7 6 3 9 0 8 7 0 4 2 7 8 9 2 2 0 3 8 8 9 10 10 6 4 3 1 1 10 10 9 1 3 9 9 10 3 3 7 2 1 7 5 10 3 5 5 4 3 10 9 9 5 8 10 2 4 10 4 1 4 10 6 10 5 1 4 0 7 4 9 4 5 5 4 3 7 1 9 2 9 6 2 1 8 7 6 3 10 7 6 7 10 8 1 3 3 6 10 9 9 3 9 6 4 1 2 0 8 0 0 3 6 9 4 6 1 3 7 10 6 3 4 10 2 6 1 9 3 2 5 9 4 7 6 4 8 4 1 2 0 2 10 8 5 4 8 7 2 0 0 6 1 6 0 3 1 7 3 3 0 8 3 8 0 3 2 3 9 9 4 5 0 1 6 6 7 7 0 10 2 0 8 3 1 10 1 8 3 9 7 0 5 1 9 3 0 10 1 6 9 10 
85927.9 107440 49979.4 41932 56705.6 
55242.4 1664.33 62525.9 67206 78049.3 
87926.9 112188 53526.9 46649.5 63207.9 
43011.6 62133.2 3667.42 9808.16 49580 
74022.3 103934 43301.8 40165.9 66992.8 
5032.89 50981.6 42843.2 55700 90108.9 
70502.5 70491.8 33051 20087.8 20671.2 
52046.1 73411.8 14115.6 10630.1 48718.2 
80775.9 80257.4 42473.6 29063 16709.3 
57314.7 8989.44 68561 73982.8 85636 
23972.7 77216.2 54833.6 68187.8 107162 
8720.67 62411.9 44051.1 57482.6 94772.4 
55284.4 74471 16678.4 9752.95 45661.6 
48889.5 9411.16 51746.4 56152.8 68792.2 
89739.6 67150.9 59771.6 49672.9 17920.4 
39481.9 41520.2 20303.9 24374.2 49785.5 
45228.3 65512.2 6103.28 9000 49492.8 
36619.1 87306 42920 54169 94662 
74345.5 52795.6 47406.8 39644 24700.8 
50520.2 24456.1 41239.3 42892.1 53406.8 
29874.4 26686.5 37265.1 45449.3 69609.3 
99180.5 73319.7 69623.3 59357 24200.2 
14776.3 54965.9 24765.5 38070.7 75238.6 
33859.9 71942.3 18556.9 29698.7 70215.7 
18060.2 37600.5 33943.8 44879.1 75133 
51055.4 63528.4 12369.3 2061.55 40902 
81856.3 76355.2 44972.2 32035.1 9677.29 
39949 66948.1 6900 16648.1 57150.5 
69379.7 51705.4 41639 34050.8 25083.9 
45544.9 72079.5 11225.4 15641.6 55600.4 
53758.7 41578.5 30677.8 28026.4 38500.1 
16702.7 47929.2 24307.4 36749.1 71512.2 
83263.3 105888 47789.7 40328.8 57425.9 
23264.8 44975.5 20618.9 31869.9 65049 
63063.2 22631.8 54617.4 54595 56056.5 
54505.5 60689.7 17788.2 7653.1 35168.9 
82165.9 48956 60814.2 54687.5 36964 
30909.5 71622.4 21286.9 33082.9 73557.2 
51172.3 7521.3 54113.3 58258 69691.5 
87526.5 87682.4 48725.6 35266.6 19123 
17863.1 55356.5 21674.9 35003.6 72448.9 
73825.3 86334.3 34607.1 22788.2 36138.6 
43292.5 25978.6 35978.5 39590.4 55997.3 
63529 34889.1 46182.4 43421.9 42190 
53538.1 54863.1 20329.8 13507.4 34731.1 
76034.5 58483 46106.4 36824.6 18449.1 
69378.5 82415.1 30115.9 18330.8 36545.3 
36970.9 88147.7 44484.6 55800.8 96299.6 
54052 19400.3 72374.7 79603.6 95465.2 
53443.9 34754.6 35700.1 34687.9 43523.9 
3245 55394.6 36760 50014.5 86349.6 
33856.5 54023.4 7481.31 18932 55554.3 
63035.4 86040.3 26842.7 21170.3 51000 
77039.3 80378.2 38129.4 24675.9 22472.2 
85708.4 92417.3 46308.7 33401.3 29652.2 
17479.4 68000 33675.2 46942.2 86358.6 
74436.1 81220 35151.8 21911.2 27513.6 
65151.7 26432 54326.1 53379.6 52682.4 
44349.7 61937.1 5220.15 8276.47 47880.3 
41713.8 39525.8 23161.4 26046.1 48514.9 
45735.4 13396.3 61307.4 68507.3 85821 
32284.5 79397.4 32400.6 43832.1 84349.6 
53489.9 12401.6 68013.7 74433.9 88752.1 
15469.3 59311.1 25854.4 39315.4 77576.5 
44363.9 79223.3 20301 27023.7 66544 
42100.1 15834.5 45087.1 50494.6 67102.9 
43360.1 43424.5 20441.4 22138.2 45707.3 
57969 3962.32 63957.8 68107.6 77345 
45709.6 86999.4 30808.4 38382.4 77650 
42218.1 77286.5 18959.4 26683.5 66614.8 
68314.3 45863.5 44210.9 38325.6 31067.2 
24593.7 29508.3 41060 50750.1 77200.1 
14560.2 57392.8 25761.4 39184.2 76966.1 
46598.8 68430 8376.16 10080.2 50425.1 
51116.5 21533.5 43879.9 45866.1 55903.1 
31877.9 26169.6 36368.8 43934.5 67162.6 
57134.9 77190 19011.8 12336.9 46513 
26706 49973 14601.4 26500 61806.6 
19598 45795.7 22999.3 34878.6 68689.6 
63607 82880.3 25607 17360 45394.4 
86226 78207.7 49789.7 36967 5308.48 
87726.2 81992.3 50371.8 37191 9289.24 
72339.8 41430.9 52529.8 47830.2 38220.5 
81942.1 84917.2 42891.1 29477.1 22232.4 
25205 78892.3 46513 59452.6 99406.5 
55005.8 10259.1 67883.2 73835.5 86964 
72136.6 95830.1 36820.9 30517.7 54527.9 
52759.5 20363 71915.6 79400.3 96002.6 
39677.3 14340.2 50280.2 57210.6 75855.5 
81420.5 100639 44274.7 35305.8 50129.4 
80628.3 83921.5 41576.9 28161.9 22539.1 
35588.3 83216.9 35281.7 46178.5 86638.6 
16667.6 39947.2 47060.8 58661.5 88940 
14402.8 47145.4 27051.2 39473 73880.6 
3501.43 50581.1 39629.4 52500.9 87153.2 
71485.7 84091 32224.8 20354.1 36018.5 
66511.4 101473 40800.1 41282 73518 
30179.8 60890.5 10469.5 23846.6 63236.7 
19145 61919 23678.3 37094.6 76094.5 
63403.9 80142.4 24575.2 14645.5 41782.4 
27181.1 32409.9 31274.6 40070.6 66822.5 
56103.6 3000 63841.2 68551.1 79215.2 
33677.4 26315 35260.5 42209.6 64640.9 
77925.1 101705 42900.5 36246.4 57030.7 
27709.4 28666.7 50711.7 60624.5 86159.4 
61823.1 71946.2 22588.7 9300.54 34047.6 
39590.4 84977.9 33476.7 43292.5 83481.9 
12520.8 64820.5 48911.8 62349.1 99597.8 
53498.6 18013.6 48268.5 50320 58818 
60867.9 85104.9 25326.9 20873.4 52595.1 
34121.1 87929.2 53213.9 65645.8 106011 
70117.1 86272.7 31456 21145.4 41331 
70793.9 66834.2 34886.2 22796.9 18027.8 
70185.2 46697.4 46024.5 39884.8 30556.5 
25228.6 78613 55259.8 68569.7 107724 
11706.8 53653.7 27708.8 40916.1 77512.6 
39464.5 15023.3 52940 60346.4 79566.1 
88377.9 65331.9 58921.6 49104.1 18918 
51229.9 20238.8 70640.3 78264.3 95393.5 
39800.1 37082.6 24667.8 28640 51266.5 
24191.9 34558.4 52104.7 62901.9 90528.1 
62958.6 79503.3 24060.1 14012.1 41532.6 
70754.3 92609.4 34344.7 27122.1 50852 
95342.9 78303.6 61664 49804.6 10139 
60281.8 26913.6 48334.3 47682.8 50164.2 
48949.5 12277.6 63972.8 70817.9 86828.9 
85774.4 86425.6 46955.3 33497 19337.3 
73752.6 56856.7 44071 35102.7 19922.3 
75465.8 87995.7 36289.1 24532.6 36458.9 
52390.2 4632.49 56803.2 61124.9 72320.5 
63252.9 45736.9 38075.7 32505.5 31403.3 
84810.9 85453.7 46033.9 32572.5 19044.4 
75971.4 55665.1 47746.2 39261.3 21805.7 
85674.3 97577.9 46644.4 34952.1 38787.2 
64318.3 68287.9 26351.9 13288 27365.1 
81910.3 70616.2 47401.4 35551.9 6612.11 
61942.7 19921.1 77806.7 84047.2 96576 
27518.2 76069.7 32956 45209 85614.8 
47823.9 59217.1 10751.7 6500 42299.5 
58707.2 66794.2 20204 6989.28 33604.3 
90864.3 115784 56942.5 50257.3 66306.1 
17373.8 37518.3 44384.7 55661.9 85358.4 
36546.5 23740.3 37359.1 43559.7 64003.8 
94857.4 118028 60042.4 52490.4 65349.1 
38651.8 58990.9 1878.83 13916.9 52616.5 
43680.7 36993.1 26502.3 28644.7 48092.6 
42074.3 80638.7 23890.2 32067 71909.5 
19892.7 58478.8 20544.8 34003.5 72380.2 
45984.8 83932.4 25927.8 32649.7 71763.1 
34298.7 88272.1 57995.9 70766.4 110901 
54494.5 66234.1 15508.1 2061.55 38571.6 
20647.5 74571.6 45841.6 59074.5 98511.4 
59136.5 16574.7 74234.4 80440.6 93330.6 
10324.7 58166.1 49636.4 62832.5 98355 
43611.1 13000 47987.7 53388.9 69201.2 
66703.2 41207.4 45459.1 40896 35900.1 
34766.9 62779.7 6720.86 19647.4 59567.1 
78991.5 56801.6 51107.7 42535.3 22005.7 
62686.3 97448.3 36845.6 37900.5 71449.6 
38108.4 89257.4 45180.7 56356.5 96834.5 
69992.3 85489.5 31166.2 20525.1 40289.2 
80320 43363.2 62267.6 57502.2 43416.6 
24620.5 68874.5 24961.6 37756.2 77852.2 
84090.5 83341.3 45636.5 32192.2 16601.2 
71413.3 95065.9 36040.7 29775.5 54203.3 
50501.6 72750.1 12927.5 11161.1 49981.3 
16422.2 57293.1 23739.4 37164.6 75048.3 
62900.3 24100.2 53338.5 53021.2 54233.3 
15784.8 41521.7 47598.8 59390.2 90149.3 
27704.2 32117.4 54461.5 64864.5 91201.4 
39602.3 85057 33609.1 43432.9 83623.2 
54014.5 17584.1 48996.5 51021.7 59204.1 
83940 57972.6 57208.7 48798.5 24988.2 
80638.5 81032 42128.4 28681.9 18067.9 
29221.9 47284.8 15024.3 25469.2 59001.9 
64201.2 89243.3 29382.5 24812.9 54518.4 
37056.7 32404.5 28532.3 33906.3 56313.6 
60400.3 11920.2 71973.4 77267.8 88059.6 
21666.8 34975.7 33118.6 43300 72173.2 
66610.1 38060.1 47594.6 43846.3 39461.4 
12844.5 65739 37858.3 51292.3 89944.4 
84593.9 102120 46930.8 37210.9 48500 
14733 42510.4 47184 59101.4 90254.1 
65060.3 33762.3 48818.5 46208.2 43896.5 
64878.7 57558.7 32281.6 22800.2 23602.8 
46544.6 44055.5 22144.3 21920.8 42714.2 
42069.7 68182.5 7500 15274.2 55778.1 
51226.8 88078.4 28789.8 33533.6 71281.1 
86275.5 90407.6 46988.6 33742.9 25428.3 
72242 101039 40549.4 37020.3 64010.3 
49320.7 38046.8 29500.2 29113.7 43409.3 
21849 65181.4 23728.7 36928.3 76550.6 
55536 23654.2 45949.8 46644.7 53132 
25609.6 29300.2 38327.5 47647.1 73813.9 
64986.2 36833.1 46501.8 43155.2 40377.3 
57915.2 46550.8 31308.1 26249.8 33109.7 
92396.2 74637.3 59434.8 47950.5 10102 
74194.7 74815.2 36117.9 22809 19535.9 
12403.6 45110.1 46695.8 58917.3 91002.5 
87825.3 103143 49584.9 39036 46057 
90535.8 75943.8 56317 44342.4 5024.94 
62924.2 94154.8 33291.6 32511.2 64901.5 
39317.8 48572.6 13219.7 18094.5 48900.4 
76230.8 94634.7 38553.1 29296.6 46592 
54840.2 68421.2 15504.8 2941.09 39954.6 
88059.6 104009 50006.5 39685 47352.7 
48468.2 5630.28 57356.4 63006.4 77239.4 
62708.6 12453.1 62171.5 64301.2 68865.4 
88064.8 61709.8 60677.8 51757.6 24389.5 
21703.7 70881.6 32145 45100.4 85046.4 
52923.5 34011.3 35806.8 35085.3 44330.1 
26387.9 80348.8 52616.1 65740.4 105397 
18961.3 35587.9 36952.9 47671.5 77005.3 
85613.6 82306.7 47705.1 34370.5 12739.3 
33785.4 20435.3 45121.4 52948 74629.6 
51921.6 75106.6 15071.2 13064.8 50897.6 
37625.8 36361.7 24777.6 29795.6 53542.1 
61083.9 14734 74156.9 79769.7 91087.3 
50308.7 4393.18 59574.8 65124.6 78678.7 
91885.4 78827.2 56833.5 44479.2 3962.32 
78363.3 74911.3 41146.1 28125.6 13395.9 
64132.5 68966.7 25907.7 12690.9 28151.7 
31727.7 84126.2 44836.1 56983.6 97441.3 
54835.8 84543 23679.9 24246.4 60186.8 
88908.3 71876.6 56083.6 44765.2 8981.09 
36144.8 21388.3 40320.7 46949 67329.7 
65234.7 100310 39683.4 40431.7 73164.1 
31391.2 78465.8 31875.1 43462.3 83978.2 
64153.6 22177.5 56285.9 56303.2 57289.2 
80485.3 50210 57525.8 50897.6 33022.6 
76209.3 106601 45940.1 42829.2 69032.5 
101339 73955.9 72380.8 62290.7 27302.9 
89283.9 66544.6 59483.4 49476.6 18238.7 
29320.5 36845.6 25057.1 33451.6 61364.9 
31719.6 23003.5 42143.8 50202.1 73001.7 
22375.4 31636.2 42000.6 52212.1 79665.6 
13421.3 66921.6 39984 53411.3 92091.3 
88589.2 89681 49598.1 36170.7 21174 
26363.8 31703.6 52235.8 62617.3 89146 
88128.1 56937.9 63899.7 56268.3 32344.7 
41296 30895.5 30902.6 34683.1 53715.7 
58189.3 23830.4 48380.3 48614.8 53068.4 
58364.4 4614.11 63328.1 67202.7 75877.9 
57054.4 83607.2 23048.9 21095 55635.4 
54038.7 82967.3 22106.3 22564.1 58858.8 
14957.6 67268.6 50549 64006.6 101589 
65348.3 74204.1 26123.7 12814.1 31590.2 
82012 95878.3 43244.5 32116 40720.8 
93655.6 73493.2 61739.5 50663.8 14005.7 
102675 76380.2 72906.8 62455.2 26161.2 
89078.1 76102.4 54320.6 42149.5 2400 
33814.2 87783 54913.1 67507 107781 
65606.4 73832.3 26457.7 13075.2 30814.6 
72269.6 35216.6 57011 53912 46599.6 
26669.3 45546.7 17861.7 28549.8 61577.3 
66298.7 92384.9 32315.5 28043.5 56848 
89667.4 78697.4 54000.9 41434.9 1931.32 
65684.4 50677.9 37655.4 30438.1 26704.7 
77713.9 101842 42888.2 36423.2 57589 
61309.5 34890.1 43640.6 41112.7 41900.5 
80232.2 64428.9 48307.6 37783.2 12567 
67765.8 86483.6 29793.5 20938 45002.4 
39584 25405.5 35554.2 40522.2 59414.2 
52906 16619.3 69966.4 76980.8 92579.1 
43226.1 10907.3 51906.2 58090.4 74706.1 
65075.7 96217.8 35363.8 34129.9 65516.2 
33203.9 29375.7 58851.1 68729.2 93203.4 
54264.7 7983.11 55845.6 59341.2 68818.6 
72852.8 95830.7 37152.9 30402.1 53503.4 
88459.3 88338.6 49671.3 36211.7 19041.3 
79310.2 97228.4 41585.2 32065.2 46867.5 
63620.2 100471 40248.2 42130.4 76017.2 
87001.4 111803 52897.1 46301.7 63738 
11240.1 60938.1 49931.3 63247 99438.6 
80372.7 106603 46987.9 41417.5 62918.4 
76957.2 57639.2 47845.8 38873.8 19746.6 
65889.8 94392.4 33796 30977.7 60984.3 
84731.2 61743.1 55970.1 46640.1 20000 
55130.5 79572 19387.6 16743.1 52419.2 
43097.7 12041.6 56174.2 63141.8 80742.4 
82995.7 102259 45928.9 36954.2 50947.5 
56460.4 40942 33917.1 30731.4 37520.1 
44721.9 79523.1 20506.1 27060.1 66503 
10625.4 61982.7 34494.8 47957.7 86139 
33905.3 21691 52239.4 60950.9 83361.4 
85831.9 98032.9 46853.1 35252.8 39392.6 
43035.3 78811.5 20547.7 27988.6 67741.4 
37143 86220 39357 50220.7 90658.1 
62067.1 18872.5 77244.4 83311.7 95440.6 
14866.1 43233.4 30010.8 41861.7 74628.3 
82810.9 48795.5 61868.4 55852 38061.7 
74526.3 41135.1 55697 51139.1 40360 
34353.7 68855 13943.1 25382.3 65862.9 
73825.9 62690.7 40813.8 30153.3 15221 
67038 97226.8 36448.5 34373.5 64489.7 
67842.3 22299.1 61081.7 61041.1 60380.1 
77559.6 80687.7 38662.1 25207.3 22146.1 
62402.1 26898.5 50707.5 49840.7 50789.8 
58159.9 27856.8 45420 44865.7 48924.1 
58110.7 89125.2 28270.8 28500.7 63048.9 
60745.5 53096.1 30012.3 22340.3 28194.5 
33140 37479.7 23464.2 30496.2 57228.3 
57200.3 10307.8 69323.7 74955.5 87032.5 
53523.8 24439.5 43603.3 44553.3 52606.7 
99588.4 78744.5 67256.6 55851.6 17079.2 
66880.2 46224.8 42163.1 36219.9 30550 
29202.2 81870.6 44243.2 56674.6 97029.5 
82293.4 96881.4 43695.5 32830.6 42117.1 
23522.8 77488.4 48051.3 61179.1 100841 
55107.2 48187.2 26989.8 22095.2 34281.5 
54275 50301.6 24490.2 19152.5 34344.7 
51492.6 18470 69876.5 77263 93855.7 
17488.9 38834.6 46933.7 58388.5 88285.2 
88011.6 70758.7 55437.4 44261.2 9575.49 
19453.8 38351.3 49396.4 60755.7 90156.8 
29894 28007.1 35224.1 43304.6 67777.4 
70712.7 86693.1 32032.5 21636.3 41144.7 
40126.1 13951.7 50006.9 56769.2 75094.1 
8154.14 51292.3 46390.5 59204.1 93256 
30244.7 63910 12761.3 25715.8 65656.7 
37968 75641.8 19922.3 29567.7 69933.2 
58937.4 37548 39083.6 36262.7 39503.4 
12524 62427.2 50867.1 64221.6 100651 
75955.4 83460.5 36592.5 23517.2 28619.6 
19670.5 50402 20402.5 33100 68870.7 
55483.3 66125.4 16665.2 3328.66 37232.5 
24490.2 78000 54275 67585 106744 
12832 56191.2 27089.7 40458.6 77826.7 
68260.2 25836.6 58804.5 57934.6 55843.4 
47038 8495.88 58763.9 65108 80741.9 
49696.1 58542.7 13366 7134.42 39857.7 
74887.2 98159.1 39444.3 32712.4 54798.9 
12788.3 41309.2 37852.5 49633.3 81309.3 
74416.3 54454.1 46438.9 38205 22719.2 
87482.7 105999 50281.3 40942.2 51846.7 
47952.1 6603.79 58019.4 63953.1 78735.1 
14425.7 66397.4 50622.2 64070.7 101454 
58298.7 55671.3 25380.5 17030 29920.6 
22316.4 57736.7 17630.9 31075.7 69388.8 
48451.7 88988.3 31798.4 38461.5 77162.5 
61337.2 94211.9 33420.1 33817.9 67358.2 
38895.9 67867.1 8713.21 18808.8 59321.9 
59425.6 49552.5 30878 24600.8 30586.6 
81180.4 108996 48944.9 44111.8 66482.3 
53377.2 12081.4 52353.6 55371.9 64701.2 
34920.6 56394.5 5283.94 17623 55382.8 
75938.5 68262 40765.7 28825.2 12343.8 
47790.9 7829.43 53064.9 58080.4 71771.7 
60249.6 34319.8 42885.1 40627.3 42451.4 
5700 59629.7 39854.2 53254.2 90356.2 
35387.1 89350.5 58986.3 71719.8 111888 
35154.8 78214.6 26720.2 37341.9 77800.3 
72253.6 51927 45213.4 37615.2 25079.9 
32691.4 30831.2 30460.8 37526.1 61682.8 
48800.4 30401.5 35346.4 36495.5 49106.6 
75654.8 48150.2 52261.1 45862.5 31541.2 
19543.3 73377.4 49415.9 62793.2 101694 
24623.8 76000 37942.3 50647.5 90828.5 
23875.7 77715.5 52146.3 65408.6 104736 
74404.3 51528 48312 40912.1 26309.3 
21049 56895.1 18710.7 32123.8 70153.3 
71837.9 90743.8 34147 25246.2 46142.1 
82790 47594.6 62719.8 57033.5 39962 
29105.5 83075 54336 67342.8 107197 
84421.4 93145.2 45053.7 32503.7 32644.3 
27796.6 28532.8 50681.2 60571.7 86055.9 
62161.9 33168.8 45857.7 43632.3 43796.8 
19058.9 40741.3 51135.2 62761.1 92747.5 
83636.4 111284 51339.1 46265 67506.8 
10555.1 63236.9 47119 60541.3 97652.7 
23846.2 45796.2 19544.1 30875.9 64395.2 
58457.8 12986.5 71691.1 77499.4 89684.9 
34637 21558.5 53455.5 62166.2 84390.2 
91921.7 111370 55238.1 46227.7 56189.9 
24331.1 71196.1 28830 41537 81705 
54688.3 84195 23331.1 23847.2 59847.6 
32540.7 49462 11814 21707.6 55831.9 
82593.1 108344 48955.6 43017.4 63145.9 
56876.7 31958.3 41101.9 39916.4 44990.9 
77191.5 100433 41826.5 34940.1 55698.9 
13083.2 47900.9 49587.1 62026.8 94599 
11936.5 45708.3 46662.3 58948.5 91233 
92685.4 116915 58404.2 51358.5 66068.1 
89011.3 63322.8 61022 51800.9 23122.5 
17195.9 49654.5 23015.9 35701.3 71158.7 
25849.6 29488.5 48283 58309.5 84442.3 
18710.7 44013 25217.5 36875.1 69927.7 
84932.4 66504.5 53508.2 42977.7 12791.4 
34395.3 24060.1 55900.4 65036.9 87961.9 
46810.8 55599.3 12316.7 9972.46 42094.3 
16410.4 70396.7 44511.2 57900.8 96778.9 
54582.5 50280 24845.5 19417.8 34081.2 
47853.3 74458.6 13600.4 16211.7 55447.6 
49511.7 14926.5 47779.7 51180.6 62758.7 
86906.9 71888 53390.8 41829.8 6407.03 
87503.4 113618 54245.7 48237.4 66663.1 
31701.4 57447.1 7700 20993.8 59373.1 
61185.9 9902.02 62242.5 64915.9 70826.7 
57429.8 95541.9 36085.6 39739.4 75860.1 
64036.3 60973.8 29286.5 18559.4 24291.8 
46960.1 39647.4 26309.3 26599.4 44190.6 
42428.8 66333.8 5470.83 13087.4 53593.5 
80175.4 91764.6 40984.4 29061.5 36101.1 
4468.78 57899.9 42461.5 55766.7 92142.1 
100679 78273.9 69020.7 57862 19693.9 
55812.3 88111.3 27392.3 28908.3 64640 
14827.3 62831.8 29793 43229.3 81988.1 
19807.1 39927.1 28317.7 39243.3 70408.1 
77457.4 94752.4 39444.6 29660.2 45071.2 
83228.9 98144.6 44740.4 34006.6 43101.9 
17656.7 56780.7 22246.1 35654.5 73483.2 
57966.2 44206.4 33091.5 28708.9 34532.6 
44290 13014.2 47867.8 53034.7 68374.4 
45609.8 69868.7 9104.94 12870.5 53103.8 
51767.7 13863.6 49941.8 52997.5 63140.2 
13368.6 42809.5 32603.8 44492.2 77023.2 
81685.4 78754.4 43975.6 30726.2 13146.9 
19276.9 72937.6 50178.2 63581.4 102324 
62211.3 23603.4 52900.9 52737.6 54483.5 
7280.11 51251.6 32444.6 45435.7 80957.9 
56950.9 28684 43603.3 43081.3 48117.6 
31280.8 51824.7 10401 21811.2 57568.1 
52828.9 56744.5 18209.9 10819 35777.8 
89876 77828.6 54626.5 42229.1 1720.47 
40420.9 16619.3 57135.8 64986.5 84558.2 
54077.4 52146.4 22900.9 16970.6 34224.3 
7545.2 51297.8 45775.1 58602.1 92737.1 
51459.6 92466.8 35028 41104.9 79216.5 
55194.4 90482.3 30341.6 33356.6 69697.1 
54203.3 2765.86 62754.2 67805.9 79528.7 
24239 77550.1 54809.1 68150.5 107182 
51884.6 86833.2 26868.9 30729.3 68144.9 
57789.4 64213.5 20057.2 7742.09 33015.1 
102736 77616.5 72294.5 61573.1 24463.2 
76185.6 98400.7 40216.5 32859.1 53388.6 
34420.5 84736.1 40558.4 52018.6 92533.1 
71606.3 79368.3 32301.2 19100.3 29046.2 
37619.8 41769.8 19487.9 24640 51443.3 
37497.3 27749.2 33121 38616.7 59316.5 
5805.17 58995.7 43543.7 56879.7 93405.4 
82252.4 102218 45452.9 36802.4 51898.7 
35090.7 44952.5 15923.9 22989.6 53255.8 
93964.7 75010.5 61387.3 50022.5 12233.2 
61064.7 91503.1 30647.2 29841.2 62883.4 
43425.6 78605.2 20012.2 27201.8 66904.1 
51965.9 25547.2 41501.8 42610.4 51951.6 
59539.9 89581.1 28727.2 28071.3 61764.9 
62533.6 71371.1 23461 10028.5 32500 
21367.7 35628.8 49135 60124 88566.4 
28622.5 43341.4 18828.2 28429.7 59876 
15033.3 65809.2 33761.7 47144.5 86169.3 
20634.4 57953.5 19514.4 32964.5 71253.9 
42171.7 75160.1 16102.8 23686.5 63743.3 
9402.13 52543 48127.4 61000 95180.4 
77005.5 69439.6 41600.5 29493.2 11374.1 
7130.92 58117.3 46097.7 59357 95341.8 
44891.1 56272.4 9752.95 9827 44417.7 
27201.7 80902.2 47802.3 60625.2 100708 
28461.4 25600.8 43187.3 52150.6 76654.9 
57192.5 83349.7 22871.2 20628.6 55052.3 
29261.1 60402.8 11216.1 24634.3 63881.5 
60325.8 81786.6 23100.9 16834.5 48389.5 
52399 31629.1 37198.1 37087.1 46485.4 
65124.9 56676.8 33120.4 23946 23640.9 
78198.3 51547.7 53429.3 46250.8 28809 
62281.7 16250.5 58475.5 59795.7 63320.2 
80812.5 75570.2 43951 31040.9 10376.9 
63778.7 22408.3 55649.3 55634.5 56756.5 
34037.2 42930.9 17938.8 25188.3 54600.8 
31208.3 83202.9 43205.7 55325.2 95787.8 
45075 42643.3 22303.6 23086.8 44444.3 
56944.3 3841.87 61583.3 65507.6 74673.8 
8006.25 61621.5 38972.4 52422.3 90088.4 
42394.6 79806.1 22415.4 30326.6 70140.7 
13921.6 56755.6 26163 39560.7 77145.6 
18724.3 58283.5 21714.7 35169.3 73432 
83944.3 49610.7 62936.5 56817.7 38296.9 
42360.5 86005.8 32256.8 41158.8 81015.1 
40271.6 59459.7 2247.22 12280.1 51060.2 
18103.3 37575.5 46146.9 57432.5 86962.1 
48689.2 90181.4 33494 40370.8 79103.1 
12965.3 42180.2 34437.3 46279.4 78486.7 
78827.2 74863.6 41735.6 28761.3 12640 
31531.7 74411 24740.7 36260.9 76773 
11588.4 51531.9 49871.8 62623.1 96257.2 
21541.8 60563.5 19924.9 33365.4 72287 
87409 88581.4 48443.4 35008.7 20807.9 
79205.1 82905.3 40145.4 26732 23032.6 
53318.9 94972 37622.5 43516.7 81321.3 
85468.2 106116 49093 40676.4 54804.5 
41612.5 58578.2 4382.92 11007.3 49070.8 
47676 18377.4 66540.6 74259 92153 
49814.3 29733 36615.4 37570.5 49143.5 
81098 81181.9 42630.5 29189.2 17608.2 
22418.1 76065.2 44693.8 57781.4 97523.6 
70966.3 69732.3 33899 21130.3 19445.6 
93198.8 118588 59627 53071 68741.9 
47615.1 86016.8 27906.5 34218.7 72980.1 
23036.1 76403.2 43587.3 56594.2 96462.4 
88435.9 98064.3 49175.7 36939.1 36037.8 
