500 5 11
777 335 649 27 763 
926 540 426 172 736 211 368 567 429 782 530 
0 10 10 9 2 10 0 9 8 2 6 7 4 9 4 10 0 2 7 9 2 7 9 4 5 3 5 7 5 7 6 9 4 3 10 5 10 3 10 9 9 7 7 4 7 6 0 9 5 0 2 6 1 8 9 8 4 7 9 2 4 1 10 0 7 7 2 4 7 4 6 10 10 1 0 1 8 9 3 0 4 3 3 2 10 0 4 4 0 7 9 0 5 8 2 1 1 4 5 5 9 3 2 7 10 8 3 1 2 4 8 5 2 7 6 1 0 1 10 6 2 5 7 7 5 10 0 9 8 1 2 2 0 7 8 3 8 7 10 7 2 0 6 10 6 0 3 3 1 9 7 10 9 8 9 10 1 1 10 8 0 7 8 4 0 4 4 10 3 6 4 6 3 0 8 7 10 5 7 5 6 8 7 0 9 6 1 4 9 10 5 3 1 5 5 2 7 0 5 10 0 2 7 7 4 3 1 4 10 0 0 6 4 6 6 5 3 8 8 7 5 2 7 9 6 8 8 7 9 6 7 1 1 0 4 6 10 2 0 9 9 0 7 1 10 6 4 7 9 0 5 6 8 10 4 5 9 9 2 10 6 4 10 9 10 7 4 1 6 10 10 3 0 6 0 3 8 4 4 0 6 2 7 1 0 4 7 7 1 10 6 0 10 8 5 9 4 8 7 7 6 3 9 0 8 7 0 4 2 7 8 9 2 2 0 3 8 8 9 10 10 6 4 3 1 1 10 10 9 1 3 9 9 10 3 3 7 2 1 7 5 10 3 5 5 4 3 10 9 9 5 8 10 2 4 10 4 1 4 10 6 10 5 1 4 0 7 4 9 4 5 5 4 3 7 1 9 2 9 6 2 1 8 7 6 3 10 7 6 7 10 8 1 3 3 6 10 9 9 3 9 6 4 1 2 0 8 0 0 3 6 9 4 6 1 3 7 10 6 3 4 10 2 6 1 9 3 2 5 9 4 7 6 4 8 4 1 2 0 2 10 8 5 4 8 7 2 0 0 6 1 6 0 3 1 7 3 3 0 8 3 8 0 3 2 3 9 9 4 5 0 1 6 6 7 7 0 10 2 0 8 3 1 10 1 8 3 9 7 0 5 1 9 3 0 10 1 6 9 10 
85.9279 107.44 49.9794 41.932 56.7056 
55.2424 1.66433 62.5259 67.206 78.0493 
87.9269 112.188 53.5269 46.6495 63.2079 
43.0116 62.1332 3.66742 9.80816 49.58 
74.0223 103.934 43.3018 40.1659 66.9928 
5.03289 50.9816 42.8432 55.7 90.1089 
70.5025 70.4918 33.051 20.0878 20.6712 
52.0461 73.4118 14.1156 10.6301 48.7182 
80.7759 80.2574 42.4736 29.063 16.7093 
57.3147 8.98944 68.561 73.9828 85.636 
23.9727 77.2162 54.8336 68.1878 107.162 
8.72067 62.4119 44.0511 57.4826 94.7724 
55.2844 74.471 16.6784 9.75295 45.6616 
48.8895 9.41116 51.7464 56.1528 68.7922 
89.7396 67.1509 59.7716 49.6729 17.9204 
39.4819 41.5202 20.3039 24.3742 49.7855 
45.2283 65.5122 6.10328 9 49.4928 
36.6191 87.306 42.92 54.169 94.662 
74.3455 52.7956 47.4068 39.644 24.7008 
50.5202 24.4561 41.2393 42.8921 53.4068 
29.8744 26.6865 37.2651 45.4493 69.6093 
99.1805 73.3197 69.6233 59.357 24.2002 
14.7763 54.9659 24.7655 38.0707 75.2386 
33.8599 71.9423 18.5569 29.6987 70.2157 
18.0602 37.6005 33.9438 44.8791 75.133 
51.0554 63.5284 12.3693 2.06155 40.902 
81.8563 76.3552 44.9722 32.0351 9.67729 
39.949 66.9481 6.9 16.6481 57.1505 
69.3797 51.7054 41.639 34.0508 25.0839 
45.5449 72.0795 11.2254 15.6416 55.6004 
53.7587 41.5785 30.6778 28.0264 38.5001 
16.7027 47.9292 24.3074 36.7491 71.5122 
83.2633 105.888 47.7897 40.3288 57.4259 
23.2648 44.9755 20.6189 31.8699 65.049 
63.0632 22.6318 54.6174 54.595 56.0565 
54.5055 60.6897 17.7882 7.6531 35.1689 
82.1659 48.956 60.8142 54.6875 36.964 
30.9095 71.6224 21.2869 33.0829 73.5572 
51.1723 7.5213 54.1133 58.258 69.6915 
87.5265 87.6824 48.7256 35.2666 19.123 
17.8631 55.3565 21.6749 35.0036 72.4489 
73.8253 86.3343 34.6071 22.7882 36.1386 
43.2925 25.9786 35.9785 39.5904 55.9973 
63.529 34.8891 46.1824 43.4219 42.19 
53.5381 54.8631 20.3298 13.5074 34.7311 
76.0345 58.483 46.1064 36.8246 18.4491 
69.3785 82.4151 30.1159 18.3308 36.5453 
36.9709 88.1477 44.4846 55.8008 96.2996 
54.052 19.4003 72.3747 79.6036 95.4652 
53.4439 34.7546 35.7001 34.6879 43.5239 
3.245 55.3946 36.76 50.0145 86.3496 
33.8565 54.0234 7.48131 18.932 55.5543 
63.0354 86.0403 26.8427 21.1703 51 
77.0393 80.3782 38.1294 24.6759 22.4722 
85.7084 92.4173 46.3087 33.4013 29.6522 
17.4794 68 33.6752 46.9422 86.3586 
74.4361 81.22 35.1518 21.9112 27.5136 
65.1517 26.432 54.3261 53.3796 52.6824 
44.3497 61.9371 5.22015 8.27647 47.8803 
41.7138 39.5258 23.1614 26.0461 48.5149 
45.7354 13.3963 61.3074 68.5073 85.821 
32.2845 79.3974 32.4006 43.8321 84.3496 
53.4899 12.4016 68.0137 74.4339 88.7521 
15.4693 59.3111 25.8544 39.3154 77.5765 
44.3639 79.2233 20.301 27.0237 66.544 
42.1001 15.8345 45.0871 50.4946 67.1029 
43.3601 43.4245 20.4414 22.1382 45.7073 
57.969 3.96232 63.9578 68.1076 77.345 
45.7096 86.9994 30.8084 38.3824 77.65 
42.2181 77.2865 18.9594 26.6835 66.6148 
68.3143 45.8635 44.2109 38.3256 31.0672 
24.5937 29.5083 41.06 50.7501 77.2001 
14.5602 57.3928 25.7614 39.1842 76.9661 
46.5988 68.43 8.37616 10.0802 50.4251 
51.1165 21.5335 43.8799 45.8661 55.9031 
31.8779 26.1696 36.3688 43.9345 67.1626 
57.1349 77.19 19.0118 12.3369 46.513 
26.706 49.973 14.6014 26.5 61.8066 
19.598 45.7957 22.9993 34.8786 68.6896 
63.607 82.8803 25.607 17.36 45.3944 
86.226 78.2077 49.7897 36.967 5.30848 
87.7262 81.9923 50.3718 37.191 9.28924 
72.3398 41.4309 52.5298 47.8302 38.2205 
81.9421 84.9172 42.8911 29.4771 22.2324 
25.205 78.8923 46.513 59.4526 99.4065 
55.0058 10.2591 67.8832 73.8355 86.964 
72.1366 95.8301 36.8209 30.5177 54.5279 
52.7595 20.363 71.9156 79.4003 96.0026 
39.6773 14.3402 50.2802 57.2106 75.8555 
81.4205 100.639 44.2747 35.3058 50.1294 
80.6283 83.9215 41.5769 28.1619 22.5391 
35.5883 83.2169 35.2817 46.1785 86.6386 
16.6676 39.9472 47.0608 58.6615 88.94 
14.4028 47.1454 27.0512 39.473 73.8806 
3.50143 50.5811 39.6294 52.5009 87.1532 
71.4857 84.091 32.2248 20.3541 36.0185 
66.5114 101.473 40.8001 41.282 73.518 
30.1798 60.8905 10.4695 23.8466 63.2367 
19.145 61.919 23.6783 37.0946 76.0945 
63.4039 80.1424 24.5752 14.6455 41.7824 
27.1811 32.4099 31.2746 40.0706 66.8225 
56.1036 3 63.8412 68.5511 79.2152 
33.6774 26.315 35.2605 42.2096 64.6409 
77.9251 101.705 42.9005 36.2464 57.0307 
27.7094 28.6667 50.7117 60.6245 86.1594 
61.8231 71.9462 22.5887 9.30054 34.0476 
39.5904 84.9779 33.4767 43.2925 83.4819 
12.5208 64.8205 48.9118 62.3491 99.5978 
53.4986 18.0136 48.2685 50.32 58.818 
60.8679 85.1049 25.3269 20.8734 52.5951 
34.1211 87.9292 53.2139 65.6458 106.011 
70.1171 86.2727 31.456 21.1454 41.331 
70.7939 66.8342 34.8862 22.7969 18.0278 
70.1852 46.6974 46.0245 39.8848 30.5565 
25.2286 78.613 55.2598 68.5697 107.724 
11.7068 53.6537 27.7088 40.9161 77.5126 
39.4645 15.0233 52.94 60.3464 79.5661 
88.3779 65.3319 58.9216 49.1041 18.918 
51.2299 20.2388 70.6403 78.2643 95.3935 
39.8001 37.0826 24.6678 28.64 51.2665 
24.1919 34.5584 52.1047 62.9019 90.5281 
62.9586 79.5033 24.0601 14.0121 41.5326 
70.7543 92.6094 34.3447 27.1221 50.852 
95.3429 78.3036 61.664 49.8046 10.139 
60.2818 26.9136 48.3343 47.6828 50.1642 
48.9495 12.2776 63.9728 70.8179 86.8289 
85.7744 86.4256 46.9553 33.497 19.3373 
73.7526 56.8567 44.071 35.1027 19.9223 
75.4658 87.9957 36.2891 24.5326 36.4589 
52.3902 4.63249 56.8032 61.1249 72.3205 
63.2529 45.7369 38.0757 32.5055 31.4033 
84.8109 85.4537 46.0339 32.5725 19.0444 
75.9714 55.6651 47.7462 39.2613 21.8057 
85.6743 97.5779 46.6444 34.9521 38.7872 
64.3183 68.2879 26.3519 13.288 27.3651 
81.9103 70.6162 47.4014 35.5519 6.61211 
61.9427 19.9211 77.8067 84.0472 96.576 
27.5182 76.0697 32.956 45.209 85.6148 
47.8239 59.2171 10.7517 6.5 42.2995 
58.7072 66.7942 20.204 6.98928 33.6043 
90.8643 115.784 56.9425 50.2573 66.3061 
17.3738 37.5183 44.3847 55.6619 85.3584 
36.5465 23.7403 37.3591 43.5597 64.0038 
94.8574 118.028 60.0424 52.4904 65.3491 
38.6518 58.9909 1.87883 13.9169 52.6165 
43.6807 36.9931 26.5023 28.6447 48.0926 
42.0743 80.6387 23.8902 32.067 71.9095 
19.8927 58.4788 20.5448 34.0035 72.3802 
45.9848 83.9324 25.9278 32.6497 71.7631 
34.2987 88.2721 57.9959 70.7664 110.901 
54.4945 66.2341 15.5081 2.06155 38.5716 
20.6475 74.5716 45.8416 59.0745 98.5114 
59.1365 16.5747 74.2344 80.4406 93.3306 
10.3247 58.1661 49.6364 62.8325 98.355 
43.6111 13 47.9877 53.3889 69.2012 
66.7032 41.2074 45.4591 40.896 35.9001 
34.7669 62.7797 6.72086 19.6474 59.5671 
78.9915 56.8016 51.1077 42.5353 22.0057 
62.6863 97.4483 36.8456 37.9005 71.4496 
38.1084 89.2574 45.1807 56.3565 96.8345 
69.9923 85.4895 31.1662 20.5251 40.2892 
80.32 43.3632 62.2676 57.5022 43.4166 
24.6205 68.8745 24.9616 37.7562 77.8522 
84.0905 83.3413 45.6365 32.1922 16.6012 
71.4133 95.0659 36.0407 29.7755 54.2033 
50.5016 72.7501 12.9275 11.1611 49.9813 
16.4222 57.2931 23.7394 37.1646 75.0483 
62.9003 24.1002 53.3385 53.0212 54.2333 
15.7848 41.5217 47.5988 59.3902 90.1493 
27.7042 32.1174 54.4615 64.8645 91.2014 
39.6023 85.057 33.6091 43.4329 83.6232 
54.0145 17.5841 48.9965 51.0217 59.2041 
83.94 57.9726 57.2087 48.7985 24.9882 
80.6385 81.032 42.1284 28.6819 18.0679 
29.2219 47.2848 15.0243 25.4692 59.0019 
64.2012 89.2433 29.3825 24.8129 54.5184 
37.0567 32.4045 28.5323 33.9063 56.3136 
60.4003 11.9202 71.9734 77.2678 88.0596 
21.6668 34.9757 33.1186 43.3 72.1732 
66.6101 38.0601 47.5946 43.8463 39.4614 
12.8445 65.739 37.8583 51.2923 89.9444 
84.5939 102.12 46.9308 37.2109 48.5 
14.733 42.5104 47.184 59.1014 90.2541 
65.0603 33.7623 48.8185 46.2082 43.8965 
64.8787 57.5587 32.2816 22.8002 23.6028 
46.5446 44.0555 22.1443 21.9208 42.7142 
42.0697 68.1825 7.5 15.2742 55.7781 
51.2268 88.0784 28.7898 33.5336 71.2811 
86.2755 90.4076 46.9886 33.7429 25.4283 
72.242 101.039 40.5494 37.0203 64.0103 
49.3207 38.0468 29.5002 29.1137 43.4093 
21.849 65.1814 23.7287 36.9283 76.5506 
55.536 23.6542 45.9498 46.6447 53.132 
25.6096 29.3002 38.3275 47.6471 73.8139 
64.9862 36.8331 46.5018 43.1552 40.3773 
57.9152 46.5508 31.3081 26.2498 33.1097 
92.3962 74.6373 59.4348 47.9505 10.102 
74.1947 74.8152 36.1179 22.809 19.5359 
12.4036 45.1101 46.6958 58.9173 91.0025 
87.8253 103.143 49.5849 39.036 46.057 
90.5358 75.9438 56.317 44.3424 5.02494 
62.9242 94.1548 33.2916 32.5112 64.9015 
39.3178 48.5726 13.2197 18.0945 48.9004 
76.2308 94.6347 38.5531 29.2966 46.592 
54.8402 68.4212 15.5048 2.94109 39.9546 
88.0596 104.009 50.0065 39.685 47.3527 
48.4682 5.63028 57.3564 63.0064 77.2394 
62.7086 12.4531 62.1715 64.3012 68.8654 
88.0648 61.7098 60.6778 51.7576 24.3895 
21.7037 70.8816 32.145 45.1004 85.0464 
52.9235 34.0113 35.8068 35.0853 44.3301 
26.3879 80.3488 52.6161 65.7404 105.397 
18.9613 35.5879 36.9529 47.6715 77.0053 
85.6136 82.3067 47.7051 34.3705 12.7393 
33.7854 20.4353 45.1214 52.948 74.6296 
51.9216 75.1066 15.0712 13.0648 50.8976 
37.6258 36.3617 24.7776 29.7956 53.5421 
61.0839 14.734 74.1569 79.7697 91.0873 
50.3087 4.39318 59.5748 65.1246 78.6787 
91.8854 78.8272 56.8335 44.4792 3.96232 
78.3633 74.9113 41.1461 28.1256 13.3959 
64.1325 68.9667 25.9077 12.6909 28.1517 
31.7277 84.1262 44.8361 56.9836 97.4413 
54.8358 84.543 23.6799 24.2464 60.1868 
88.9083 71.8766 56.0836 44.7652 8.98109 
36.1448 21.3883 40.3207 46.949 67.3297 
65.2347 100.31 39.6834 40.4317 73.1641 
31.3912 78.4658 31.8751 43.4623 83.9782 
64.1536 22.1775 56.2859 56.3032 57.2892 
80.4853 50.21 57.5258 50.8976 33.0226 
76.2093 106.601 45.9401 42.8292 69.0325 
101.339 73.9559 72.3808 62.2907 27.3029 
89.2839 66.5446 59.4834 49.4766 18.2387 
29.3205 36.8456 25.0571 33.4516 61.3649 
31.7196 23.0035 42.1438 50.2021 73.0017 
22.3754 31.6362 42.0006 52.2121 79.6656 
13.4213 66.9216 39.984 53.4113 92.0913 
88.5892 89.681 49.5981 36.1707 21.174 
26.3638 31.7036 52.2358 62.6173 89.146 
88.1281 56.9379 63.8997 56.2683 32.3447 
41.296 30.8955 30.9026 34.6831 53.7157 
58.1893 23.8304 48.3803 48.6148 53.0684 
58.3644 4.61411 63.3281 67.2027 75.8779 
57.0544 83.6072 23.0489 21.095 55.6354 
54.0387 82.9673 22.1063 22.5641 58.8588 
14.9576 67.2686 50.549 64.0066 101.589 
65.3483 74.2041 26.1237 12.8141 31.5902 
82.012 95.8783 43.2445 32.116 40.7208 
93.6556 73.4932 61.7395 50.6638 14.0057 
102.675 76.3802 72.9068 62.4552 26.1612 
89.0781 76.1024 54.3206 42.1495 2.4 
33.8142 87.783 54.9131 67.507 107.781 
65.6064 73.8323 26.4577 13.0752 30.8146 
72.2696 35.2166 57.011 53.912 46.5996 
26.6693 45.5467 17.8617 28.5498 61.5773 
66.2987 92.3849 32.3155 28.0435 56.848 
89.6674 78.6974 54.0009 41.4349 1.93132 
65.6844 50.6779 37.6554 30.4381 26.7047 
77.7139 101.842 42.8882 36.4232 57.589 
61.3095 34.8901 43.6406 41.1127 41.9005 
80.2322 64.4289 48.3076 37.7832 12.567 
67.7658 86.4836 29.7935 20.938 45.0024 
39.584 25.4055 35.5542 40.5222 59.4142 
52.906 16.6193 69.9664 76.9808 92.5791 
43.2261 10.9073 51.9062 58.0904 74.7061 
65.0757 96.2178 35.3638 34.1299 65.5162 
33.2039 29.3757 58.8511 68.7292 93.2034 
54.2647 7.98311 55.8456 59.3412 68.8186 
72.8528 95.8307 37.1529 30.4021 53.5034 
88.4593 88.3386 49.6713 36.2117 19.0413 
79.3102 97.2284 41.5852 32.0652 46.8675 
63.6202 100.471 40.2482 42.1304 76.0172 
87.0014 111.803 52.8971 46.3017 63.738 
11.2401 60.9381 49.9313 63.247 99.4386 
80.3727 106.603 46.9879 41.4175 62.9184 
76.9572 57.6392 47.8458 38.8738 19.7466 
65.8898 94.3924 33.796 30.9777 60.9843 
84.7312 61.7431 55.9701 46.6401 20 
55.1305 79.572 19.3876 16.7431 52.4192 
43.0977 12.0416 56.1742 63.1418 80.7424 
82.9957 102.259 45.9289 36.9542 50.9475 
56.4604 40.942 33.9171 30.7314 37.5201 
44.7219 79.5231 20.5061 27.0601 66.503 
10.6254 61.9827 34.4948 47.9577 86.139 
33.9053 21.691 52.2394 60.9509 83.3614 
85.8319 98.0329 46.8531 35.2528 39.3926 
43.0353 78.8115 20.5477 27.9886 67.7414 
37.143 86.22 39.357 50.2207 90.6581 
62.0671 18.8725 77.2444 83.3117 95.4406 
14.8661 43.2334 30.0108 41.8617 74.6283 
82.8109 48.7955 61.8684 55.852 38.0617 
74.5263 41.1351 55.697 51.1391 40.36 
34.3537 68.855 13.9431 25.3823 65.8629 
73.8259 62.6907 40.8138 30.1533 15.221 
67.038 97.2268 36.4485 34.3735 64.4897 
67.8423 22.2991 61.0817 61.0411 60.3801 
77.5596 80.6877 38.6621 25.2073 22.1461 
62.4021 26.8985 50.7075 49.8407 50.7898 
58.1599 27.8568 45.42 44.8657 48.9241 
58.1107 89.1252 28.2708 28.5007 63.0489 
60.7455 53.0961 30.0123 22.3403 28.1945 
33.14 37.4797 23.4642 30.4962 57.2283 
57.2003 10.3078 69.3237 74.9555 87.0325 
53.5238 24.4395 43.6033 44.5533 52.6067 
99.5884 78.7445 67.2566 55.8516 17.0792 
66.8802 46.2248 42.1631 36.2199 30.55 
29.2022 81.8706 44.2432 56.6746 97.0295 
82.2934 96.8814 43.6955 32.8306 42.1171 
23.5228 77.4884 48.0513 61.1791 100.841 
55.1072 48.1872 26.9898 22.0952 34.2815 
54.275 50.3016 24.4902 19.1525 34.3447 
51.4926 18.47 69.8765 77.263 93.8557 
17.4889 38.8346 46.9337 58.3885 88.2852 
88.0116 70.7587 55.4374 44.2612 9.57549 
19.4538 38.3513 49.3964 60.7557 90.1568 
29.894 28.0071 35.2241 43.3046 67.7774 
70.7127 86.6931 32.0325 21.6363 41.1447 
40.1261 13.9517 50.0069 56.7692 75.0941 
8.15414 51.2923 46.3905 59.2041 93.256 
30.2447 63.91 12.7613 25.7158 65.6567 
37.968 75.6418 19.9223 29.5677 69.9332 
58.9374 37.548 39.0836 36.2627 39.5034 
12.524 62.4272 50.8671 64.2216 100.651 
75.9554 83.4605 36.5925 23.5172 28.6196 
19.6705 50.402 20.4025 33.1 68.8707 
55.4833 66.1254 16.6652 3.32866 37.2325 
24.4902 78 54.275 67.585 106.744 
12.832 56.1912 27.0897 40.4586 77.8267 
68.2602 25.8366 58.8045 57.9346 55.8434 
47.038 8.49588 58.7639 65.108 80.7419 
49.6961 58.5427 13.366 7.13442 39.8577 
74.8872 98.1591 39.4443 32.7124 54.7989 
12.7883 41.3092 37.8525 49.6333 81.3093 
74.4163 54.4541 46.4389 38.205 22.7192 
87.4827 105.999 50.2813 40.9422 51.8467 
47.9521 6.60379 58.0194 63.9531 78.7351 
14.4257 66.3974 50.6222 64.0707 101.454 
58.2987 55.6713 25.3805 17.03 29.9206 
22.3164 57.7367 17.6309 31.0757 69.3888 
48.4517 88.9883 31.7984 38.4615 77.1625 
61.3372 94.2119 33.4201 33.8179 67.3582 
38.8959 67.8671 8.71321 18.8088 59.3219 
59.4256 49.5525 30.878 24.6008 30.5866 
81.1804 108.996 48.9449 44.1118 66.4823 
53.3772 12.0814 52.3536 55.3719 64.7012 
34.9206 56.3945 5.28394 17.623 55.3828 
75.9385 68.262 40.7657 28.8252 12.3438 
47.7909 7.82943 53.0649 58.0804 71.7717 
60.2496 34.3198 42.8851 40.6273 42.4514 
5.7 59.6297 39.8542 53.2542 90.3562 
35.3871 89.3505 58.9863 71.7198 111.888 
35.1548 78.2146 26.7202 37.3419 77.8003 
72.2536 51.927 45.2134 37.6152 25.0799 
32.6914 30.8312 30.4608 37.5261 61.6828 
48.8004 30.4015 35.3464 36.4955 49.1066 
75.6548 48.1502 52.2611 45.8625 31.5412 
19.5433 73.3774 49.4159 62.7932 101.694 
24.6238 76 37.9423 50.6475 90.8285 
23.8757 77.7155 52.1463 65.4086 104.736 
74.4043 51.528 48.312 40.9121 26.3093 
21.049 56.8951 18.7107 32.1238 70.1533 
71.8379 90.7438 34.147 25.2462 46.1421 
82.79 47.5946 62.7198 57.0335 39.962 
29.1055 83.075 54.336 67.3428 107.197 
84.4214 93.1452 45.0537 32.5037 32.6443 
27.7966 28.5328 50.6812 60.5717 86.0559 
62.1619 33.1688 45.8577 43.6323 43.7968 
19.0589 40.7413 51.1352 62.7611 92.7475 
83.6364 111.284 51.3391 46.265 67.5068 
10.5551 63.2369 47.119 60.5413 97.6527 
23.8462 45.7962 19.5441 30.8759 64.3952 
58.4578 12.9865 71.6911 77.4994 89.6849 
34.637 21.5585 53.4555 62.1662 84.3902 
91.9217 111.37 55.2381 46.2277 56.1899 
24.3311 71.1961 28.83 41.537 81.705 
54.6883 84.195 23.3311 23.8472 59.8476 
32.5407 49.462 11.814 21.7076 55.8319 
82.5931 108.344 48.9556 43.0174 63.1459 
56.8767 31.9583 41.1019 39.9164 44.9909 
77.1915 100.433 41.8265 34.9401 55.6989 
13.0832 47.9009 49.5871 62.0268 94.599 
11.9365 45.7083 46.6623 58.9485 91.233 
92.6854 116.915 58.4042 51.3585 66.0681 
89.0113 63.3228 61.022 51.8009 23.1225 
17.1959 49.6545 23.0159 35.7013 71.1587 
25.8496 29.4885 48.283 58.3095 84.4423 
18.7107 44.013 25.2175 36.8751 69.9277 
84.9324 66.5045 53.5082 42.9777 12.7914 
34.3953 24.0601 55.9004 65.0369 87.9619 
46.8108 55.5993 12.3167 9.97246 42.0943 
16.4104 70.3967 44.5112 57.9008 96.7789 
54.5825 50.28 24.8455 19.4178 34.0812 
47.8533 74.4586 13.6004 16.2117 55.4476 
49.5117 14.9265 47.7797 51.1806 62.7587 
86.9069 71.888 53.3908 41.8298 6.40703 
87.5034 113.618 54.2457 48.2374 66.6631 
31.7014 57.4471 7.7 20.9938 59.3731 
61.1859 9.90202 62.2425 64.9159 70.8267 
57.4298 95.5419 36.0856 39.7394 75.8601 
64.0363 60.9738 29.2865 18.5594 24.2918 
46.9601 39.6474 26.3093 26.5994 44.1906 
42.4288 66.3338 5.47083 13.0874 53.5935 
80.1754 91.7646 40.9844 29.0615 36.1011 
4.46878 57.8999 42.4615 55.7667 92.1421 
100.679 78.2739 69.0207 57.862 19.6939 
55.8123 88.1113 27.3923 28.9083 64.64 
14.8273 62.8318 29.793 43.2293 81.9881 
19.8071 39.9271 28.3177 39.2433 70.4081 
77.4574 94.7524 39.4446 29.6602 45.0712 
83.2289 98.1446 44.7404 34.0066 43.1019 
17.6567 56.7807 22.2461 35.6545 73.4832 
57.9662 44.2064 33.0915 28.7089 34.5326 
44.29 13.0142 47.8678 53.0347 68.3744 
45.6098 69.8687 9.10494 12.8705 53.1038 
51.7677 13.8636 49.9418 52.9975 63.1402 
13.3686 42.8095 32.6038 44.4922 77.0232 
81.6854 78.7544 43.9756 30.7262 13.1469 
19.2769 72.9376 50.1782 63.5814 102.324 
62.2113 23.6034 52.9009 52.7376 54.4835 
7.28011 51.2516 32.4446 45.4357 80.9579 
56.9509 28.684 43.6033 43.0813 48.1176 
31.2808 51.8247 10.401 21.8112 57.5681 
52.8289 56.7445 18.2099 10.819 35.7778 
89.876 77.8286 54.6265 42.2291 1.72047 
40.4209 16.6193 57.1358 64.9865 84.5582 
54.0774 52.1464 22.9009 16.9706 34.2243 
7.5452 51.2978 45.7751 58.6021 92.7371 
51.4596 92.4668 35.028 41.1049 79.2165 
55.1944 90.4823 30.3416 33.3566 69.6971 
54.2033 2.76586 62.7542 67.8059 79.5287 
24.239 77.5501 54.8091 68.1505 107.182 
51.8846 86.8332 26.8689 30.7293 68.1449 
57.7894 64.2135 20.0572 7.74209 33.0151 
102.736 77.6165 72.2945 61.5731 24.4632 
76.1856 98.4007 40.2165 32.8591 53.3886 
34.4205 84.7361 40.5584 52.0186 92.5331 
71.6063 79.3683 32.3012 19.1003 29.0462 
37.6198 41.7698 19.4879 24.64 51.4433 
37.4973 27.7492 33.121 38.6167 59.3165 
5.80517 58.9957 43.5437 56.8797 93.4054 
82.2524 102.218 45.4529 36.8024 51.8987 
35.0907 44.9525 15.9239 22.9896 53.2558 
93.9647 75.0105 61.3873 50.0225 12.2332 
61.0647 91.5031 30.6472 29.8412 62.8834 
43.4256 78.6052 20.0122 27.2018 66.9041 
51.9659 25.5472 41.5018 42.6104 51.9516 
59.5399 89.5811 28.7272 28.0713 61.7649 
62.5336 71.3711 23.461 10.0285 32.5 
21.3677 35.6288 49.135 60.124 88.5664 
28.6225 43.3414 18.8282 28.4297 59.876 
15.0333 65.8092 33.7617 47.1445 86.1693 
20.6344 57.9535 19.5144 32.9645 71.2539 
42.1717 75.1601 16.1028 23.6865 63.7433 
9.40213 52.543 48.1274 61 95.1804 
77.0055 69.4396 41.6005 29.4932 11.3741 
7.13092 58.1173 46.0977 59.357 95.3418 
44.8911 56.2724 9.75295 9.827 44.4177 
27.2017 80.9022 47.8023 60.6252 100.708 
28.4614 25.6008 43.1873 52.1506 76.6549 
57.1925 83.3497 22.8712 20.6286 55.0523 
29.2611 60.4028 11.2161 24.6343 63.8815 
60.3258 81.7866 23.1009 16.8345 48.3895 
52.399 31.6291 37.1981 37.0871 46.4854 
65.1249 56.6768 33.1204 23.946 23.6409 
78.1983 51.5477 53.4293 46.2508 28.809 
62.2817 16.2505 58.4755 59.7957 63.3202 
80.8125 75.5702 43.951 31.0409 10.3769 
63.7787 22.4083 55.6493 55.6345 56.7565 
34.0372 42.9309 17.9388 25.1883 54.6008 
31.2083 83.2029 43.2057 55.3252 95.7878 
45.075 42.6433 22.3036 23.0868 44.4443 
56.9443 3.84187 61.5833 65.5076 74.6738 
8.00625 61.6215 38.9724 52.4223 90.0884 
42.3946 79.8061 22.4154 30.3266 70.1407 
13.9216 56.7556 26.163 39.5607 77.1456 
18.7243 58.2835 21.7147 35.1693 73.432 
83.9443 49.6107 62.9365 56.8177 38.2969 
42.3605 86.0058 32.2568 41.1588 81.0151 
40.2716 59.4597 2.24722 12.2801 51.0602 
18.1033 37.5755 46.1469 57.4325 86.9621 
48.6892 90.1814 33.494 40.3708 79.1031 
12.9653 42.1802 34.4373 46.2794 78.4867 
78.8272 74.8636 41.7356 28.7613 12.64 
31.5317 74.411 24.7407 36.2609 76.773 
11.5884 51.5319 49.8718 62.6231 96.2572 
21.5418 60.5635 19.9249 33.3654 72.287 
87.409 88.5814 48.4434 35.0087 20.8079 
79.2051 82.9053 40.1454 26.732 23.0326 
53.3189 94.972 37.6225 43.5167 81.3213 
85.4682 106.116 49.093 40.6764 54.8045 
41.6125 58.5782 4.38292 11.0073 49.0708 
47.676 18.3774 66.5406 74.259 92.153 
49.8143 29.733 36.6154 37.5705 49.1435 
81.098 81.1819 42.6305 29.1892 17.6082 
22.4181 76.0652 44.6938 57.7814 97.5236 
70.9663 69.7323 33.899 21.1303 19.4456 
93.1988 118.588 59.627 53.071 68.7419 
47.6151 86.0168 27.9065 34.2187 72.9801 
23.0361 76.4032 43.5873 56.5942 96.4624 
88.4359 98.0643 49.1757 36.9391 36.0378 
