500 5 11
777 335 649 27 763 
9.26 5.4 4.26 1.72 7.36 2.11 3.68 5.67 4.29 7.82 5.3 
0 10 10 9 2 10 0 9 8 2 6 7 4 9 4 10 0 2 7 9 2 7 9 4 5 3 5 7 5 7 6 9 4 3 10 5 10 3 10 9 9 7 7 4 7 6 0 9 5 0 2 6 1 8 9 8 4 7 9 2 4 1 10 0 7 7 2 4 7 4 6 10 10 1 0 1 8 9 3 0 4 3 3 2 10 0 4 4 0 7 9 0 5 8 2 1 1 4 5 5 9 3 2 7 10 8 3 1 2 4 8 5 2 7 6 1 0 1 10 6 2 5 7 7 5 10 0 9 8 1 2 2 0 7 8 3 8 7 10 7 2 0 6 10 6 0 3 3 1 9 7 10 9 8 9 10 1 1 10 8 0 7 8 4 0 4 4 10 3 6 4 6 3 0 8 7 10 5 7 5 6 8 7 0 9 6 1 4 9 10 5 3 1 5 5 2 7 0 5 10 0 2 7 7 4 3 1 4 10 0 0 6 4 6 6 5 3 8 8 7 5 2 7 9 6 8 8 7 9 6 7 1 1 0 4 6 10 2 0 9 9 0 7 1 10 6 4 7 9 0 5 6 8 10 4 5 9 9 2 10 6 4 10 9 10 7 4 1 6 10 10 3 0 6 0 3 8 4 4 0 6 2 7 1 0 4 7 7 1 10 6 0 10 8 5 9 4 8 7 7 6 3 9 0 8 7 0 4 2 7 8 9 2 2 0 3 8 8 9 10 10 6 4 3 1 1 10 10 9 1 3 9 9 10 3 3 7 2 1 7 5 10 3 5 5 4 3 10 9 9 5 8 10 2 4 10 4 1 4 10 6 10 5 1 4 0 7 4 9 4 5 5 4 3 7 1 9 2 9 6 2 1 8 7 6 3 10 7 6 7 10 8 1 3 3 6 10 9 9 3 9 6 4 1 2 0 8 0 0 3 6 9 4 6 1 3 7 10 6 3 4 10 2 6 1 9 3 2 5 9 4 7 6 4 8 4 1 2 0 2 10 8 5 4 8 7 2 0 0 6 1 6 0 3 1 7 3 3 0 8 3 8 0 3 2 3 9 9 4 5 0 1 6 6 7 7 0 10 2 0 8 3 1 10 1 8 3 9 7 0 5 1 9 3 0 10 1 6 9 10 
8592.79 10744 4997.94 4193.2 5670.56 
5524.24 166.433 6252.59 6720.6 7804.93 
8792.69 11218.8 5352.69 4664.95 6320.79 
4301.16 6213.32 366.742 980.816 4958 
7402.23 10393.4 4330.18 4016.59 6699.28 
503.289 5098.16 4284.32 5570 9010.89 
7050.25 7049.18 3305.1 2008.78 2067.12 
5204.61 7341.18 1411.56 1063.01 4871.82 
8077.59 8025.74 4247.36 2906.3 1670.93 
5731.47 898.944 6856.1 7398.28 8563.6 
2397.27 7721.62 5483.36 6818.78 10716.2 
872.067 6241.19 4405.11 5748.26 9477.24 
5528.44 7447.1 1667.84 975.295 4566.16 
4888.95 941.116 5174.64 5615.28 6879.22 
8973.96 6715.09 5977.16 4967.29 1792.04 
3948.19 4152.02 2030.39 2437.42 4978.55 
4522.83 6551.22 610.328 900 4949.28 
3661.91 8730.6 4292 5416.9 9466.2 
7434.55 5279.56 4740.68 3964.4 2470.08 
5052.02 2445.61 4123.93 4289.21 5340.68 
2987.44 2668.65 3726.51 4544.93 6960.93 
9918.05 7331.97 6962.33 5935.7 2420.02 
1477.63 5496.59 2476.55 3807.07 7523.86 
3385.99 7194.23 1855.69 2969.87 7021.57 
1806.02 3760.05 3394.38 4487.91 7513.3 
5105.54 6352.84 1236.93 206.155 4090.2 
8185.63 7635.52 4497.22 3203.51 967.729 
3994.9 6694.81 690 1664.81 5715.05 
6937.97 5170.54 4163.9 3405.08 2508.39 
4554.49 7207.95 1122.54 1564.16 5560.04 
5375.87 4157.85 3067.78 2802.64 3850.01 
1670.27 4792.92 2430.74 3674.91 7151.22 
8326.33 10588.8 4778.97 4032.88 5742.59 
2326.48 4497.55 2061.89 3186.99 6504.9 
6306.32 2263.18 5461.74 5459.5 5605.65 
5450.55 6068.97 1778.82 765.31 3516.89 
8216.59 4895.6 6081.42 5468.75 3696.4 
3090.95 7162.24 2128.69 3308.29 7355.72 
5117.23 752.13 5411.33 5825.8 6969.15 
8752.65 8768.24 4872.56 3526.66 1912.3 
1786.31 5535.65 2167.49 3500.36 7244.89 
7382.53 8633.43 3460.71 2278.82 3613.86 
4329.25 2597.86 3597.85 3959.04 5599.73 
6352.9 3488.91 4618.24 4342.19 4219 
5353.81 5486.31 2032.98 1350.74 3473.11 
7603.45 5848.3 4610.64 3682.46 1844.91 
6937.85 8241.51 3011.59 1833.08 3654.53 
3697.09 8814.77 4448.46 5580.08 9629.96 
5405.2 1940.03 7237.47 7960.36 9546.52 
5344.39 3475.46 3570.01 3468.79 4352.39 
324.5 5539.46 3676 5001.45 8634.96 
3385.65 5402.34 748.131 1893.2 5555.43 
6303.54 8604.03 2684.27 2117.03 5100 
7703.93 8037.82 3812.94 2467.59 2247.22 
8570.84 9241.73 4630.87 3340.13 2965.22 
1747.94 6800 3367.52 4694.22 8635.86 
7443.61 8122 3515.18 2191.12 2751.36 
6515.17 2643.2 5432.61 5337.96 5268.24 
4434.97 6193.71 522.015 827.647 4788.03 
4171.38 3952.58 2316.14 2604.61 4851.49 
4573.54 1339.63 6130.74 6850.73 8582.1 
3228.45 7939.74 3240.06 4383.21 8434.96 
5348.99 1240.16 6801.37 7443.39 8875.21 
1546.93 5931.11 2585.44 3931.54 7757.65 
4436.39 7922.33 2030.1 2702.37 6654.4 
4210.01 1583.45 4508.71 5049.46 6710.29 
4336.01 4342.45 2044.14 2213.82 4570.73 
5796.9 396.232 6395.78 6810.76 7734.5 
4570.96 8699.94 3080.84 3838.24 7765 
4221.81 7728.65 1895.94 2668.35 6661.48 
6831.43 4586.35 4421.09 3832.56 3106.72 
2459.37 2950.83 4106 5075.01 7720.01 
1456.02 5739.28 2576.14 3918.42 7696.61 
4659.88 6843 837.616 1008.02 5042.51 
5111.65 2153.35 4387.99 4586.61 5590.31 
3187.79 2616.96 3636.88 4393.45 6716.26 
5713.49 7719 1901.18 1233.69 4651.3 
2670.6 4997.3 1460.14 2650 6180.66 
1959.8 4579.57 2299.93 3487.86 6868.96 
6360.7 8288.03 2560.7 1736 4539.44 
8622.6 7820.77 4978.97 3696.7 530.848 
8772.62 8199.23 5037.18 3719.1 928.924 
7233.98 4143.09 5252.98 4783.02 3822.05 
8194.21 8491.72 4289.11 2947.71 2223.24 
2520.5 7889.23 4651.3 5945.26 9940.65 
5500.58 1025.91 6788.32 7383.55 8696.4 
7213.66 9583.01 3682.09 3051.77 5452.79 
5275.95 2036.3 7191.56 7940.03 9600.26 
3967.73 1434.02 5028.02 5721.06 7585.55 
8142.05 10063.9 4427.47 3530.58 5012.94 
8062.83 8392.15 4157.69 2816.19 2253.91 
3558.83 8321.69 3528.17 4617.85 8663.86 
1666.76 3994.72 4706.08 5866.15 8894 
1440.28 4714.54 2705.12 3947.3 7388.06 
350.143 5058.11 3962.94 5250.09 8715.32 
7148.57 8409.1 3222.48 2035.41 3601.85 
6651.14 10147.3 4080.01 4128.2 7351.8 
3017.98 6089.05 1046.95 2384.66 6323.67 
1914.5 6191.9 2367.83 3709.46 7609.45 
6340.39 8014.24 2457.52 1464.55 4178.24 
2718.11 3240.99 3127.46 4007.06 6682.25 
5610.36 300 6384.12 6855.11 7921.52 
3367.74 2631.5 3526.05 4220.96 6464.09 
7792.51 10170.5 4290.05 3624.64 5703.07 
2770.94 2866.67 5071.17 6062.45 8615.94 
6182.31 7194.62 2258.87 930.054 3404.76 
3959.04 8497.79 3347.67 4329.25 8348.19 
1252.08 6482.05 4891.18 6234.91 9959.78 
5349.86 1801.36 4826.85 5032 5881.8 
6086.79 8510.49 2532.69 2087.34 5259.51 
3412.11 8792.92 5321.39 6564.58 10601.1 
7011.71 8627.27 3145.6 2114.54 4133.1 
7079.39 6683.42 3488.62 2279.69 1802.78 
7018.52 4669.74 4602.45 3988.48 3055.65 
2522.86 7861.3 5525.98 6856.97 10772.4 
1170.68 5365.37 2770.88 4091.61 7751.26 
3946.45 1502.33 5294 6034.64 7956.61 
8837.79 6533.19 5892.16 4910.41 1891.8 
5122.99 2023.88 7064.03 7826.43 9539.35 
3980.01 3708.26 2466.78 2864 5126.65 
2419.19 3455.84 5210.47 6290.19 9052.81 
6295.86 7950.33 2406.01 1401.21 4153.26 
7075.43 9260.94 3434.47 2712.21 5085.2 
9534.29 7830.36 6166.4 4980.46 1013.9 
6028.18 2691.36 4833.43 4768.28 5016.42 
4894.95 1227.76 6397.28 7081.79 8682.89 
8577.44 8642.56 4695.53 3349.7 1933.73 
7375.26 5685.67 4407.1 3510.27 1992.23 
7546.58 8799.57 3628.91 2453.26 3645.89 
5239.02 463.249 5680.32 6112.49 7232.05 
6325.29 4573.69 3807.57 3250.55 3140.33 
8481.09 8545.37 4603.39 3257.25 1904.44 
7597.14 5566.51 4774.62 3926.13 2180.57 
8567.43 9757.79 4664.44 3495.21 3878.72 
6431.83 6828.79 2635.19 1328.8 2736.51 
8191.03 7061.62 4740.14 3555.19 661.211 
6194.27 1992.11 7780.67 8404.72 9657.6 
2751.82 7606.97 3295.6 4520.9 8561.48 
4782.39 5921.71 1075.17 650 4229.95 
5870.72 6679.42 2020.4 698.928 3360.43 
9086.43 11578.4 5694.25 5025.73 6630.61 
1737.38 3751.83 4438.47 5566.19 8535.84 
3654.65 2374.03 3735.91 4355.97 6400.38 
9485.74 11802.8 6004.24 5249.04 6534.91 
3865.18 5899.09 187.883 1391.69 5261.65 
4368.07 3699.31 2650.23 2864.47 4809.26 
4207.43 8063.87 2389.02 3206.7 7190.95 
1989.27 5847.88 2054.48 3400.35 7238.02 
4598.48 8393.24 2592.78 3264.97 7176.31 
3429.87 8827.21 5799.59 7076.64 11090.1 
5449.45 6623.41 1550.81 206.155 3857.16 
2064.75 7457.16 4584.16 5907.45 9851.14 
5913.65 1657.47 7423.44 8044.06 9333.06 
1032.47 5816.61 4963.64 6283.25 9835.5 
4361.11 1300 4798.77 5338.89 6920.12 
6670.32 4120.74 4545.91 4089.6 3590.01 
3476.69 6277.97 672.086 1964.74 5956.71 
7899.15 5680.16 5110.77 4253.53 2200.57 
6268.63 9744.83 3684.56 3790.05 7144.96 
3810.84 8925.74 4518.07 5635.65 9683.45 
6999.23 8548.95 3116.62 2052.51 4028.92 
8032 4336.32 6226.76 5750.22 4341.66 
2462.05 6887.45 2496.16 3775.62 7785.22 
8409.05 8334.13 4563.65 3219.22 1660.12 
7141.33 9506.59 3604.07 2977.55 5420.33 
5050.16 7275.01 1292.75 1116.11 4998.13 
1642.22 5729.31 2373.94 3716.46 7504.83 
6290.03 2410.02 5333.85 5302.12 5423.33 
1578.48 4152.17 4759.88 5939.02 9014.93 
2770.42 3211.74 5446.15 6486.45 9120.14 
3960.23 8505.7 3360.91 4343.29 8362.32 
5401.45 1758.41 4899.65 5102.17 5920.41 
8394 5797.26 5720.87 4879.85 2498.82 
8063.85 8103.2 4212.84 2868.19 1806.79 
2922.19 4728.48 1502.43 2546.92 5900.19 
6420.12 8924.33 2938.25 2481.29 5451.84 
3705.67 3240.45 2853.23 3390.63 5631.36 
6040.03 1192.02 7197.34 7726.78 8805.96 
2166.68 3497.57 3311.86 4330 7217.32 
6661.01 3806.01 4759.46 4384.63 3946.14 
1284.45 6573.9 3785.83 5129.23 8994.44 
8459.39 10212 4693.08 3721.09 4850 
1473.3 4251.04 4718.4 5910.14 9025.41 
6506.03 3376.23 4881.85 4620.82 4389.65 
6487.87 5755.87 3228.16 2280.02 2360.28 
4654.46 4405.55 2214.43 2192.08 4271.42 
4206.97 6818.25 750 1527.42 5577.81 
5122.68 8807.84 2878.98 3353.36 7128.11 
8627.55 9040.76 4698.86 3374.29 2542.83 
7224.2 10103.9 4054.94 3702.03 6401.03 
4932.07 3804.68 2950.02 2911.37 4340.93 
2184.9 6518.14 2372.87 3692.83 7655.06 
5553.6 2365.42 4594.98 4664.47 5313.2 
2560.96 2930.02 3832.75 4764.71 7381.39 
6498.62 3683.31 4650.18 4315.52 4037.73 
5791.52 4655.08 3130.81 2624.98 3310.97 
9239.62 7463.73 5943.48 4795.05 1010.2 
7419.47 7481.52 3611.79 2280.9 1953.59 
1240.36 4511.01 4669.58 5891.73 9100.25 
8782.53 10314.3 4958.49 3903.6 4605.7 
9053.58 7594.38 5631.7 4434.24 502.494 
6292.42 9415.48 3329.16 3251.12 6490.15 
3931.78 4857.26 1321.97 1809.45 4890.04 
7623.08 9463.47 3855.31 2929.66 4659.2 
5484.02 6842.12 1550.48 294.109 3995.46 
8805.96 10400.9 5000.65 3968.5 4735.27 
4846.82 563.028 5735.64 6300.64 7723.94 
6270.86 1245.31 6217.15 6430.12 6886.54 
8806.48 6170.98 6067.78 5175.76 2438.95 
2170.37 7088.16 3214.5 4510.04 8504.64 
5292.35 3401.13 3580.68 3508.53 4433.01 
2638.79 8034.88 5261.61 6574.04 10539.7 
1896.13 3558.79 3695.29 4767.15 7700.53 
8561.36 8230.67 4770.51 3437.05 1273.93 
3378.54 2043.53 4512.14 5294.8 7462.96 
5192.16 7510.66 1507.12 1306.48 5089.76 
3762.58 3636.17 2477.76 2979.56 5354.21 
6108.39 1473.4 7415.69 7976.97 9108.73 
5030.87 439.318 5957.48 6512.46 7867.87 
9188.54 7882.72 5683.35 4447.92 396.232 
7836.33 7491.13 4114.61 2812.56 1339.59 
6413.25 6896.67 2590.77 1269.09 2815.17 
3172.77 8412.62 4483.61 5698.36 9744.13 
5483.58 8454.3 2367.99 2424.64 6018.68 
8890.83 7187.66 5608.36 4476.52 898.109 
3614.48 2138.83 4032.07 4694.9 6732.97 
6523.47 10031 3968.34 4043.17 7316.41 
3139.12 7846.58 3187.51 4346.23 8397.82 
6415.36 2217.75 5628.59 5630.32 5728.92 
8048.53 5021 5752.58 5089.76 3302.26 
7620.93 10660.1 4594.01 4282.92 6903.25 
10133.9 7395.59 7238.08 6229.07 2730.29 
8928.39 6654.46 5948.34 4947.66 1823.87 
2932.05 3684.56 2505.71 3345.16 6136.49 
3171.96 2300.35 4214.38 5020.21 7300.17 
2237.54 3163.62 4200.06 5221.21 7966.56 
1342.13 6692.16 3998.4 5341.13 9209.13 
8858.92 8968.1 4959.81 3617.07 2117.4 
2636.38 3170.36 5223.58 6261.73 8914.6 
8812.81 5693.79 6389.97 5626.83 3234.47 
4129.6 3089.55 3090.26 3468.31 5371.57 
5818.93 2383.04 4838.03 4861.48 5306.84 
5836.44 461.411 6332.81 6720.27 7587.79 
5705.44 8360.72 2304.89 2109.5 5563.54 
5403.87 8296.73 2210.63 2256.41 5885.88 
1495.76 6726.86 5054.9 6400.66 10158.9 
6534.83 7420.41 2612.37 1281.41 3159.02 
8201.2 9587.83 4324.45 3211.6 4072.08 
9365.56 7349.32 6173.95 5066.38 1400.57 
10267.5 7638.02 7290.68 6245.52 2616.12 
8907.81 7610.24 5432.06 4214.95 240 
3381.42 8778.3 5491.31 6750.7 10778.1 
6560.64 7383.23 2645.77 1307.52 3081.46 
7226.96 3521.66 5701.1 5391.2 4659.96 
2666.93 4554.67 1786.17 2854.98 6157.73 
6629.87 9238.49 3231.55 2804.35 5684.8 
8966.74 7869.74 5400.09 4143.49 193.132 
6568.44 5067.79 3765.54 3043.81 2670.47 
7771.39 10184.2 4288.82 3642.32 5758.9 
6130.95 3489.01 4364.06 4111.27 4190.05 
8023.22 6442.89 4830.76 3778.32 1256.7 
6776.58 8648.36 2979.35 2093.8 4500.24 
3958.4 2540.55 3555.42 4052.22 5941.42 
5290.6 1661.93 6996.64 7698.08 9257.91 
4322.61 1090.73 5190.62 5809.04 7470.61 
6507.57 9621.78 3536.38 3412.99 6551.62 
3320.39 2937.57 5885.11 6872.92 9320.34 
5426.47 798.311 5584.56 5934.12 6881.86 
7285.28 9583.07 3715.29 3040.21 5350.34 
8845.93 8833.86 4967.13 3621.17 1904.13 
7931.02 9722.84 4158.52 3206.52 4686.75 
6362.02 10047.1 4024.82 4213.04 7601.72 
8700.14 11180.3 5289.71 4630.17 6373.8 
1124.01 6093.81 4993.13 6324.7 9943.86 
8037.27 10660.3 4698.79 4141.75 6291.84 
7695.72 5763.92 4784.58 3887.38 1974.66 
6588.98 9439.24 3379.6 3097.77 6098.43 
8473.12 6174.31 5597.01 4664.01 2000 
5513.05 7957.2 1938.76 1674.31 5241.92 
4309.77 1204.16 5617.42 6314.18 8074.24 
8299.57 10225.9 4592.89 3695.42 5094.75 
5646.04 4094.2 3391.71 3073.14 3752.01 
4472.19 7952.31 2050.61 2706.01 6650.3 
1062.54 6198.27 3449.48 4795.77 8613.9 
3390.53 2169.1 5223.94 6095.09 8336.14 
8583.19 9803.29 4685.31 3525.28 3939.26 
4303.53 7881.15 2054.77 2798.86 6774.14 
3714.3 8622 3935.7 5022.07 9065.81 
6206.71 1887.25 7724.44 8331.17 9544.06 
1486.61 4323.34 3001.08 4186.17 7462.83 
8281.09 4879.55 6186.84 5585.2 3806.17 
7452.63 4113.51 5569.7 5113.91 4036 
3435.37 6885.5 1394.31 2538.23 6586.29 
7382.59 6269.07 4081.38 3015.33 1522.1 
6703.8 9722.68 3644.85 3437.35 6448.97 
6784.23 2229.91 6108.17 6104.11 6038.01 
7755.96 8068.77 3866.21 2520.73 2214.61 
6240.21 2689.85 5070.75 4984.07 5078.98 
5815.99 2785.68 4542 4486.57 4892.41 
5811.07 8912.52 2827.08 2850.07 6304.89 
6074.55 5309.61 3001.23 2234.03 2819.45 
3314 3747.97 2346.42 3049.62 5722.83 
5720.03 1030.78 6932.37 7495.55 8703.25 
5352.38 2443.95 4360.33 4455.33 5260.67 
9958.84 7874.45 6725.66 5585.16 1707.92 
6688.02 4622.48 4216.31 3621.99 3055 
2920.22 8187.06 4424.32 5667.46 9702.95 
8229.34 9688.14 4369.55 3283.06 4211.71 
2352.28 7748.84 4805.13 6117.91 10084.1 
5510.72 4818.72 2698.98 2209.52 3428.15 
5427.5 5030.16 2449.02 1915.25 3434.47 
5149.26 1847 6987.65 7726.3 9385.57 
1748.89 3883.46 4693.37 5838.85 8828.52 
8801.16 7075.87 5543.74 4426.12 957.549 
1945.38 3835.13 4939.64 6075.57 9015.68 
2989.4 2800.71 3522.41 4330.46 6777.74 
7071.27 8669.31 3203.25 2163.63 4114.47 
4012.61 1395.17 5000.69 5676.92 7509.41 
815.414 5129.23 4639.05 5920.41 9325.6 
3024.47 6391 1276.13 2571.58 6565.67 
3796.8 7564.18 1992.23 2956.77 6993.32 
5893.74 3754.8 3908.36 3626.27 3950.34 
1252.4 6242.72 5086.71 6422.16 10065.1 
7595.54 8346.05 3659.25 2351.72 2861.96 
1967.05 5040.2 2040.25 3310 6887.07 
5548.33 6612.54 1666.52 332.866 3723.25 
2449.02 7800 5427.5 6758.5 10674.4 
1283.2 5619.12 2708.97 4045.86 7782.67 
6826.02 2583.66 5880.45 5793.46 5584.34 
4703.8 849.588 5876.39 6510.8 8074.19 
4969.61 5854.27 1336.6 713.442 3985.77 
7488.72 9815.91 3944.43 3271.24 5479.89 
1278.83 4130.92 3785.25 4963.33 8130.93 
7441.63 5445.41 4643.89 3820.5 2271.92 
8748.27 10599.9 5028.13 4094.22 5184.67 
4795.21 660.379 5801.94 6395.31 7873.51 
1442.57 6639.74 5062.22 6407.07 10145.4 
5829.87 5567.13 2538.05 1703 2992.06 
2231.64 5773.67 1763.09 3107.57 6938.88 
4845.17 8898.83 3179.84 3846.15 7716.25 
6133.72 9421.19 3342.01 3381.79 6735.82 
3889.59 6786.71 871.321 1880.88 5932.19 
5942.56 4955.25 3087.8 2460.08 3058.66 
8118.04 10899.6 4894.49 4411.18 6648.23 
5337.72 1208.14 5235.36 5537.19 6470.12 
3492.06 5639.45 528.394 1762.3 5538.28 
7593.85 6826.2 4076.57 2882.52 1234.38 
4779.09 782.943 5306.49 5808.04 7177.17 
6024.96 3431.98 4288.51 4062.73 4245.14 
570 5962.97 3985.42 5325.42 9035.62 
3538.71 8935.05 5898.63 7171.98 11188.8 
3515.48 7821.46 2672.02 3734.19 7780.03 
7225.36 5192.7 4521.34 3761.52 2507.99 
3269.14 3083.12 3046.08 3752.61 6168.28 
4880.04 3040.15 3534.64 3649.55 4910.66 
7565.48 4815.02 5226.11 4586.25 3154.12 
1954.33 7337.74 4941.59 6279.32 10169.4 
2462.38 7600 3794.23 5064.75 9082.85 
2387.57 7771.55 5214.63 6540.86 10473.6 
7440.43 5152.8 4831.2 4091.21 2630.93 
2104.9 5689.51 1871.07 3212.38 7015.33 
7183.79 9074.38 3414.7 2524.62 4614.21 
8279 4759.46 6271.98 5703.35 3996.2 
2910.55 8307.5 5433.6 6734.28 10719.7 
8442.14 9314.52 4505.37 3250.37 3264.43 
2779.66 2853.28 5068.12 6057.17 8605.59 
6216.19 3316.88 4585.77 4363.23 4379.68 
1905.89 4074.13 5113.52 6276.11 9274.75 
8363.64 11128.4 5133.91 4626.5 6750.68 
1055.51 6323.69 4711.9 6054.13 9765.27 
2384.62 4579.62 1954.41 3087.59 6439.52 
5845.78 1298.65 7169.11 7749.94 8968.49 
3463.7 2155.85 5345.55 6216.62 8439.02 
9192.17 11137 5523.81 4622.77 5618.99 
2433.11 7119.61 2883 4153.7 8170.5 
5468.83 8419.5 2333.11 2384.72 5984.76 
3254.07 4946.2 1181.4 2170.76 5583.19 
8259.31 10834.4 4895.56 4301.74 6314.59 
5687.67 3195.83 4110.19 3991.64 4499.09 
7719.15 10043.3 4182.65 3494.01 5569.89 
1308.32 4790.09 4958.71 6202.68 9459.9 
1193.65 4570.83 4666.23 5894.85 9123.3 
9268.54 11691.5 5840.42 5135.85 6606.81 
8901.13 6332.28 6102.2 5180.09 2312.25 
1719.59 4965.45 2301.59 3570.13 7115.87 
2584.96 2948.85 4828.3 5830.95 8444.23 
1871.07 4401.3 2521.75 3687.51 6992.77 
8493.24 6650.45 5350.82 4297.77 1279.14 
3439.53 2406.01 5590.04 6503.69 8796.19 
4681.08 5559.93 1231.67 997.246 4209.43 
1641.04 7039.67 4451.12 5790.08 9677.89 
5458.25 5028 2484.55 1941.78 3408.12 
4785.33 7445.86 1360.04 1621.17 5544.76 
4951.17 1492.65 4777.97 5118.06 6275.87 
8690.69 7188.8 5339.08 4182.98 640.703 
8750.34 11361.8 5424.57 4823.74 6666.31 
3170.14 5744.71 770 2099.38 5937.31 
6118.59 990.202 6224.25 6491.59 7082.67 
5742.98 9554.19 3608.56 3973.94 7586.01 
6403.63 6097.38 2928.65 1855.94 2429.18 
4696.01 3964.74 2630.93 2659.94 4419.06 
4242.88 6633.38 547.083 1308.74 5359.35 
8017.54 9176.46 4098.44 2906.15 3610.11 
446.878 5789.99 4246.15 5576.67 9214.21 
10067.9 7827.39 6902.07 5786.2 1969.39 
5581.23 8811.13 2739.23 2890.83 6464 
1482.73 6283.18 2979.3 4322.93 8198.81 
1980.71 3992.71 2831.77 3924.33 7040.81 
7745.74 9475.24 3944.46 2966.02 4507.12 
8322.89 9814.46 4474.04 3400.66 4310.19 
1765.67 5678.07 2224.61 3565.45 7348.32 
5796.62 4420.64 3309.15 2870.89 3453.26 
4429 1301.42 4786.78 5303.47 6837.44 
4560.98 6986.87 910.494 1287.05 5310.38 
5176.77 1386.36 4994.18 5299.75 6314.02 
1336.86 4280.95 3260.38 4449.22 7702.32 
8168.54 7875.44 4397.56 3072.62 1314.69 
1927.69 7293.76 5017.82 6358.14 10232.4 
6221.13 2360.34 5290.09 5273.76 5448.35 
728.011 5125.16 3244.46 4543.57 8095.79 
5695.09 2868.4 4360.33 4308.13 4811.76 
3128.08 5182.47 1040.1 2181.12 5756.81 
5282.89 5674.45 1820.99 1081.9 3577.78 
8987.6 7782.86 5462.65 4222.91 172.047 
4042.09 1661.93 5713.58 6498.65 8455.82 
5407.74 5214.64 2290.09 1697.06 3422.43 
754.52 5129.78 4577.51 5860.21 9273.71 
5145.96 9246.68 3502.8 4110.49 7921.65 
5519.44 9048.23 3034.16 3335.66 6969.71 
5420.33 276.586 6275.42 6780.59 7952.87 
2423.9 7755.01 5480.91 6815.05 10718.2 
5188.46 8683.32 2686.89 3072.93 6814.49 
5778.94 6421.35 2005.72 774.209 3301.51 
10273.6 7761.65 7229.45 6157.31 2446.32 
7618.56 9840.07 4021.65 3285.91 5338.86 
3442.05 8473.61 4055.84 5201.86 9253.31 
7160.63 7936.83 3230.12 1910.03 2904.62 
3761.98 4176.98 1948.79 2464 5144.33 
3749.73 2774.92 3312.1 3861.67 5931.65 
580.517 5899.57 4354.37 5687.97 9340.54 
8225.24 10221.8 4545.29 3680.24 5189.87 
3509.07 4495.25 1592.39 2298.96 5325.58 
9396.47 7501.05 6138.73 5002.25 1223.32 
6106.47 9150.31 3064.72 2984.12 6288.34 
4342.56 7860.52 2001.22 2720.18 6690.41 
5196.59 2554.72 4150.18 4261.04 5195.16 
5953.99 8958.11 2872.72 2807.13 6176.49 
6253.36 7137.11 2346.1 1002.85 3250 
2136.77 3562.88 4913.5 6012.4 8856.64 
2862.25 4334.14 1882.82 2842.97 5987.6 
1503.33 6580.92 3376.17 4714.45 8616.93 
2063.44 5795.35 1951.44 3296.45 7125.39 
4217.17 7516.01 1610.28 2368.65 6374.33 
940.213 5254.3 4812.74 6100 9518.04 
7700.55 6943.96 4160.05 2949.32 1137.41 
713.092 5811.73 4609.77 5935.7 9534.18 
4489.11 5627.24 975.295 982.7 4441.77 
2720.17 8090.22 4780.23 6062.52 10070.8 
2846.14 2560.08 4318.73 5215.06 7665.49 
5719.25 8334.97 2287.12 2062.86 5505.23 
2926.11 6040.28 1121.61 2463.43 6388.15 
6032.58 8178.66 2310.09 1683.45 4838.95 
5239.9 3162.91 3719.81 3708.71 4648.54 
6512.49 5667.68 3312.04 2394.6 2364.09 
7819.83 5154.77 5342.93 4625.08 2880.9 
6228.17 1625.05 5847.55 5979.57 6332.02 
8081.25 7557.02 4395.1 3104.09 1037.69 
6377.87 2240.83 5564.93 5563.45 5675.65 
3403.72 4293.09 1793.88 2518.83 5460.08 
3120.83 8320.29 4320.57 5532.52 9578.78 
4507.5 4264.33 2230.36 2308.68 4444.43 
5694.43 384.187 6158.33 6550.76 7467.38 
800.625 6162.15 3897.24 5242.23 9008.84 
4239.46 7980.61 2241.54 3032.66 7014.07 
1392.16 5675.56 2616.3 3956.07 7714.56 
1872.43 5828.35 2171.47 3516.93 7343.2 
8394.43 4961.07 6293.65 5681.77 3829.69 
4236.05 8600.58 3225.68 4115.88 8101.51 
4027.16 5945.97 224.722 1228.01 5106.02 
1810.33 3757.55 4614.69 5743.25 8696.21 
4868.92 9018.14 3349.4 4037.08 7910.31 
1296.53 4218.02 3443.73 4627.94 7848.67 
7882.72 7486.36 4173.56 2876.13 1264 
3153.17 7441.1 2474.07 3626.09 7677.3 
1158.84 5153.19 4987.18 6262.31 9625.72 
2154.18 6056.35 1992.49 3336.54 7228.7 
8740.9 8858.14 4844.34 3500.87 2080.79 
7920.51 8290.53 4014.54 2673.2 2303.26 
5331.89 9497.2 3762.25 4351.67 8132.13 
8546.82 10611.6 4909.3 4067.64 5480.45 
4161.25 5857.82 438.292 1100.73 4907.08 
4767.6 1837.74 6654.06 7425.9 9215.3 
4981.43 2973.3 3661.54 3757.05 4914.35 
8109.8 8118.19 4263.05 2918.92 1760.82 
2241.81 7606.52 4469.38 5778.14 9752.36 
7096.63 6973.23 3389.9 2113.03 1944.56 
9319.88 11858.8 5962.7 5307.1 6874.19 
4761.51 8601.68 2790.65 3421.87 7298.01 
2303.61 7640.32 4358.73 5659.42 9646.24 
8843.59 9806.43 4917.57 3693.91 3603.78 
