500 5 11
777 335 649 27 763 
9260 5400 4260 1720 7360 2110 3680 5670 4290 7820 5300 
0 10 10 9 2 10 0 9 8 2 6 7 4 9 4 10 0 2 7 9 2 7 9 4 5 3 5 7 5 7 6 9 4 3 10 5 10 3 10 9 9 7 7 4 7 6 0 9 5 0 2 6 1 8 9 8 4 7 9 2 4 1 10 0 7 7 2 4 7 4 6 10 10 1 0 1 8 9 3 0 4 3 3 2 10 0 4 4 0 7 9 0 5 8 2 1 1 4 5 5 9 3 2 7 10 8 3 1 2 4 8 5 2 7 6 1 0 1 10 6 2 5 7 7 5 10 0 9 8 1 2 2 0 7 8 3 8 7 10 7 2 0 6 10 6 0 3 3 1 9 7 10 9 8 9 10 1 1 10 8 0 7 8 4 0 4 4 10 3 6 4 6 3 0 8 7 10 5 7 5 6 8 7 0 9 6 1 4 9 10 5 3 1 5 5 2 7 0 5 10 0 2 7 7 4 3 1 4 10 0 0 6 4 6 6 5 3 8 8 7 5 2 7 9 6 8 8 7 9 6 7 1 1 0 4 6 10 2 0 9 9 0 7 1 10 6 4 7 9 0 5 6 8 10 4 5 9 9 2 10 6 4 10 9 10 7 4 1 6 10 10 3 0 6 0 3 8 4 4 0 6 2 7 1 0 4 7 7 1 10 6 0 10 8 5 9 4 8 7 7 6 3 9 0 8 7 0 4 2 7 8 9 2 2 0 3 8 8 9 10 10 6 4 3 1 1 10 10 9 1 3 9 9 10 3 3 7 2 1 7 5 10 3 5 5 4 3 10 9 9 5 8 10 2 4 10 4 1 4 10 6 10 5 1 4 0 7 4 9 4 5 5 4 3 7 1 9 2 9 6 2 1 8 7 6 3 10 7 6 7 10 8 1 3 3 6 10 9 9 3 9 6 4 1 2 0 8 0 0 3 6 9 4 6 1 3 7 10 6 3 4 10 2 6 1 9 3 2 5 9 4 7 6 4 8 4 1 2 0 2 10 8 5 4 8 7 2 0 0 6 1 6 0 3 1 7 3 3 0 8 3 8 0 3 2 3 9 9 4 5 0 1 6 6 7 7 0 10 2 0 8 3 1 10 1 8 3 9 7 0 5 1 9 3 0 10 1 6 9 10 
859.279 1074.4 499.794 419.32 567.056 
552.424 16.6433 625.259 672.06 780.493 
879.269 1121.88 535.269 466.495 632.079 
430.116 621.332 36.6742 98.0816 495.8 
740.223 1039.34 433.018 401.659 669.928 
50.3289 509.816 428.432 557 901.089 
705.025 704.918 330.51 200.878 206.712 
520.461 734.118 141.156 106.301 487.182 
807.759 802.574 424.736 290.63 167.093 
573.147 89.8944 685.61 739.828 856.36 
239.727 772.162 548.336 681.878 1071.62 
87.2067 624.119 440.511 574.826 947.724 
552.844 744.71 166.784 97.5295 456.616 
488.895 94.1116 517.464 561.528 687.922 
897.396 671.509 597.716 496.729 179.204 
394.819 415.202 203.039 243.742 497.855 
452.283 655.122 61.0328 90 494.928 
366.191 873.06 429.2 541.69 946.62 
743.455 527.956 474.068 396.44 247.008 
505.202 244.561 412.393 428.921 534.068 
298.744 266.865 372.651 454.493 696.093 
991.805 733.197 696.233 593.57 242.002 
147.763 549.659 247.655 380.707 752.386 
338.599 719.423 185.569 296.987 702.157 
180.602 376.005 339.438 448.791 751.33 
510.554 635.284 123.693 20.6155 409.02 
818.563 763.552 449.722 320.351 96.7729 
399.49 669.481 69 166.481 571.505 
693.797 517.054 416.39 340.508 250.839 
455.449 720.795 112.254 156.416 556.004 
537.587 415.785 306.778 280.264 385.001 
167.027 479.292 243.074 367.491 715.122 
832.633 1058.88 477.897 403.288 574.259 
232.648 449.755 206.189 318.699 650.49 
630.632 226.318 546.174 545.95 560.565 
545.055 606.897 177.882 76.531 351.689 
821.659 489.56 608.142 546.875 369.64 
309.095 716.224 212.869 330.829 735.572 
511.723 75.213 541.133 582.58 696.915 
875.265 876.824 487.256 352.666 191.23 
178.631 553.565 216.749 350.036 724.489 
738.253 863.343 346.071 227.882 361.386 
432.925 259.786 359.785 395.904 559.973 
635.29 348.891 461.824 434.219 421.9 
535.381 548.631 203.298 135.074 347.311 
760.345 584.83 461.064 368.246 184.491 
693.785 824.151 301.159 183.308 365.453 
369.709 881.477 444.846 558.008 962.996 
540.52 194.003 723.747 796.036 954.652 
534.439 347.546 357.001 346.879 435.239 
32.45 553.946 367.6 500.145 863.496 
338.565 540.234 74.8131 189.32 555.543 
630.354 860.403 268.427 211.703 510 
770.393 803.782 381.294 246.759 224.722 
857.084 924.173 463.087 334.013 296.522 
174.794 680 336.752 469.422 863.586 
744.361 812.2 351.518 219.112 275.136 
651.517 264.32 543.261 533.796 526.824 
443.497 619.371 52.2015 82.7647 478.803 
417.138 395.258 231.614 260.461 485.149 
457.354 133.963 613.074 685.073 858.21 
322.845 793.974 324.006 438.321 843.496 
534.899 124.016 680.137 744.339 887.521 
154.693 593.111 258.544 393.154 775.765 
443.639 792.233 203.01 270.237 665.44 
421.001 158.345 450.871 504.946 671.029 
433.601 434.245 204.414 221.382 457.073 
579.69 39.6232 639.578 681.076 773.45 
457.096 869.994 308.084 383.824 776.5 
422.181 772.865 189.594 266.835 666.148 
683.143 458.635 442.109 383.256 310.672 
245.937 295.083 410.6 507.501 772.001 
145.602 573.928 257.614 391.842 769.661 
465.988 684.3 83.7616 100.802 504.251 
511.165 215.335 438.799 458.661 559.031 
318.779 261.696 363.688 439.345 671.626 
571.349 771.9 190.118 123.369 465.13 
267.06 499.73 146.014 265 618.066 
195.98 457.957 229.993 348.786 686.896 
636.07 828.803 256.07 173.6 453.944 
862.26 782.077 497.897 369.67 53.0848 
877.262 819.923 503.718 371.91 92.8924 
723.398 414.309 525.298 478.302 382.205 
819.421 849.172 428.911 294.771 222.324 
252.05 788.923 465.13 594.526 994.065 
550.058 102.591 678.832 738.355 869.64 
721.366 958.301 368.209 305.177 545.279 
527.595 203.63 719.156 794.003 960.026 
396.773 143.402 502.802 572.106 758.555 
814.205 1006.39 442.747 353.058 501.294 
806.283 839.215 415.769 281.619 225.391 
355.883 832.169 352.817 461.785 866.386 
166.676 399.472 470.608 586.615 889.4 
144.028 471.454 270.512 394.73 738.806 
35.0143 505.811 396.294 525.009 871.532 
714.857 840.91 322.248 203.541 360.185 
665.114 1014.73 408.001 412.82 735.18 
301.798 608.905 104.695 238.466 632.367 
191.45 619.19 236.783 370.946 760.945 
634.039 801.424 245.752 146.455 417.824 
271.811 324.099 312.746 400.706 668.225 
561.036 30 638.412 685.511 792.152 
336.774 263.15 352.605 422.096 646.409 
779.251 1017.05 429.005 362.464 570.307 
277.094 286.667 507.117 606.245 861.594 
618.231 719.462 225.887 93.0054 340.476 
395.904 849.779 334.767 432.925 834.819 
125.208 648.205 489.118 623.491 995.978 
534.986 180.136 482.685 503.2 588.18 
608.679 851.049 253.269 208.734 525.951 
341.211 879.292 532.139 656.458 1060.11 
701.171 862.727 314.56 211.454 413.31 
707.939 668.342 348.862 227.969 180.278 
701.852 466.974 460.245 398.848 305.565 
252.286 786.13 552.598 685.697 1077.24 
117.068 536.537 277.088 409.161 775.126 
394.645 150.233 529.4 603.464 795.661 
883.779 653.319 589.216 491.041 189.18 
512.299 202.388 706.403 782.643 953.935 
398.001 370.826 246.678 286.4 512.665 
241.919 345.584 521.047 629.019 905.281 
629.586 795.033 240.601 140.121 415.326 
707.543 926.094 343.447 271.221 508.52 
953.429 783.036 616.64 498.046 101.39 
602.818 269.136 483.343 476.828 501.642 
489.495 122.776 639.728 708.179 868.289 
857.744 864.256 469.553 334.97 193.373 
737.526 568.567 440.71 351.027 199.223 
754.658 879.957 362.891 245.326 364.589 
523.902 46.3249 568.032 611.249 723.205 
632.529 457.369 380.757 325.055 314.033 
848.109 854.537 460.339 325.725 190.444 
759.714 556.651 477.462 392.613 218.057 
856.743 975.779 466.444 349.521 387.872 
643.183 682.879 263.519 132.88 273.651 
819.103 706.162 474.014 355.519 66.1211 
619.427 199.211 778.067 840.472 965.76 
275.182 760.697 329.56 452.09 856.148 
478.239 592.171 107.517 65 422.995 
587.072 667.942 202.04 69.8928 336.043 
908.643 1157.84 569.425 502.573 663.061 
173.738 375.183 443.847 556.619 853.584 
365.465 237.403 373.591 435.597 640.038 
948.574 1180.28 600.424 524.904 653.491 
386.518 589.909 18.7883 139.169 526.165 
436.807 369.931 265.023 286.447 480.926 
420.743 806.387 238.902 320.67 719.095 
198.927 584.788 205.448 340.035 723.802 
459.848 839.324 259.278 326.497 717.631 
342.987 882.721 579.959 707.664 1109.01 
544.945 662.341 155.081 20.6155 385.716 
206.475 745.716 458.416 590.745 985.114 
591.365 165.747 742.344 804.406 933.306 
103.247 581.661 496.364 628.325 983.55 
436.111 130 479.877 533.889 692.012 
667.032 412.074 454.591 408.96 359.001 
347.669 627.797 67.2086 196.474 595.671 
789.915 568.016 511.077 425.353 220.057 
626.863 974.483 368.456 379.005 714.496 
381.084 892.574 451.807 563.565 968.345 
699.923 854.895 311.662 205.251 402.892 
803.2 433.632 622.676 575.022 434.166 
246.205 688.745 249.616 377.562 778.522 
840.905 833.413 456.365 321.922 166.012 
714.133 950.659 360.407 297.755 542.033 
505.016 727.501 129.275 111.611 499.813 
164.222 572.931 237.394 371.646 750.483 
629.003 241.002 533.385 530.212 542.333 
157.848 415.217 475.988 593.902 901.493 
277.042 321.174 544.615 648.645 912.014 
396.023 850.57 336.091 434.329 836.232 
540.145 175.841 489.965 510.217 592.041 
839.4 579.726 572.087 487.985 249.882 
806.385 810.32 421.284 286.819 180.679 
292.219 472.848 150.243 254.692 590.019 
642.012 892.433 293.825 248.129 545.184 
370.567 324.045 285.323 339.063 563.136 
604.003 119.202 719.734 772.678 880.596 
216.668 349.757 331.186 433 721.732 
666.101 380.601 475.946 438.463 394.614 
128.445 657.39 378.583 512.923 899.444 
845.939 1021.2 469.308 372.109 485 
147.33 425.104 471.84 591.014 902.541 
650.603 337.623 488.185 462.082 438.965 
648.787 575.587 322.816 228.002 236.028 
465.446 440.555 221.443 219.208 427.142 
420.697 681.825 75 152.742 557.781 
512.268 880.784 287.898 335.336 712.811 
862.755 904.076 469.886 337.429 254.283 
722.42 1010.39 405.494 370.203 640.103 
493.207 380.468 295.002 291.137 434.093 
218.49 651.814 237.287 369.283 765.506 
555.36 236.542 459.498 466.447 531.32 
256.096 293.002 383.275 476.471 738.139 
649.862 368.331 465.018 431.552 403.773 
579.152 465.508 313.081 262.498 331.097 
923.962 746.373 594.348 479.505 101.02 
741.947 748.152 361.179 228.09 195.359 
124.036 451.101 466.958 589.173 910.025 
878.253 1031.43 495.849 390.36 460.57 
905.358 759.438 563.17 443.424 50.2494 
629.242 941.548 332.916 325.112 649.015 
393.178 485.726 132.197 180.945 489.004 
762.308 946.347 385.531 292.966 465.92 
548.402 684.212 155.048 29.4109 399.546 
880.596 1040.09 500.065 396.85 473.527 
484.682 56.3028 573.564 630.064 772.394 
627.086 124.531 621.715 643.012 688.654 
880.648 617.098 606.778 517.576 243.895 
217.037 708.816 321.45 451.004 850.464 
529.235 340.113 358.068 350.853 443.301 
263.879 803.488 526.161 657.404 1053.97 
189.613 355.879 369.529 476.715 770.053 
856.136 823.067 477.051 343.705 127.393 
337.854 204.353 451.214 529.48 746.296 
519.216 751.066 150.712 130.648 508.976 
376.258 363.617 247.776 297.956 535.421 
610.839 147.34 741.569 797.697 910.873 
503.087 43.9318 595.748 651.246 786.787 
918.854 788.272 568.335 444.792 39.6232 
783.633 749.113 411.461 281.256 133.959 
641.325 689.667 259.077 126.909 281.517 
317.277 841.262 448.361 569.836 974.413 
548.358 845.43 236.799 242.464 601.868 
889.083 718.766 560.836 447.652 89.8109 
361.448 213.883 403.207 469.49 673.297 
652.347 1003.1 396.834 404.317 731.641 
313.912 784.658 318.751 434.623 839.782 
641.536 221.775 562.859 563.032 572.892 
804.853 502.1 575.258 508.976 330.226 
762.093 1066.01 459.401 428.292 690.325 
1013.39 739.559 723.808 622.907 273.029 
892.839 665.446 594.834 494.766 182.387 
293.205 368.456 250.571 334.516 613.649 
317.196 230.035 421.438 502.021 730.017 
223.754 316.362 420.006 522.121 796.656 
134.213 669.216 399.84 534.113 920.913 
885.892 896.81 495.981 361.707 211.74 
263.638 317.036 522.358 626.173 891.46 
881.281 569.379 638.997 562.683 323.447 
412.96 308.955 309.026 346.831 537.157 
581.893 238.304 483.803 486.148 530.684 
583.644 46.1411 633.281 672.027 758.779 
570.544 836.072 230.489 210.95 556.354 
540.387 829.673 221.063 225.641 588.588 
149.576 672.686 505.49 640.066 1015.89 
653.483 742.041 261.237 128.141 315.902 
820.12 958.783 432.445 321.16 407.208 
936.556 734.932 617.395 506.638 140.057 
1026.75 763.802 729.068 624.552 261.612 
890.781 761.024 543.206 421.495 24 
338.142 877.83 549.131 675.07 1077.81 
656.064 738.323 264.577 130.752 308.146 
722.696 352.166 570.11 539.12 465.996 
266.693 455.467 178.617 285.498 615.773 
662.987 923.849 323.155 280.435 568.48 
896.674 786.974 540.009 414.349 19.3132 
656.844 506.779 376.554 304.381 267.047 
777.139 1018.42 428.882 364.232 575.89 
613.095 348.901 436.406 411.127 419.005 
802.322 644.289 483.076 377.832 125.67 
677.658 864.836 297.935 209.38 450.024 
395.84 254.055 355.542 405.222 594.142 
529.06 166.193 699.664 769.808 925.791 
432.261 109.073 519.062 580.904 747.061 
650.757 962.178 353.638 341.299 655.162 
332.039 293.757 588.511 687.292 932.034 
542.647 79.8311 558.456 593.412 688.186 
728.528 958.307 371.529 304.021 535.034 
884.593 883.386 496.713 362.117 190.413 
793.102 972.284 415.852 320.652 468.675 
636.202 1004.71 402.482 421.304 760.172 
870.014 1118.03 528.971 463.017 637.38 
112.401 609.381 499.313 632.47 994.386 
803.727 1066.03 469.879 414.175 629.184 
769.572 576.392 478.458 388.738 197.466 
658.898 943.924 337.96 309.777 609.843 
847.312 617.431 559.701 466.401 200 
551.305 795.72 193.876 167.431 524.192 
430.977 120.416 561.742 631.418 807.424 
829.957 1022.59 459.289 369.542 509.475 
564.604 409.42 339.171 307.314 375.201 
447.219 795.231 205.061 270.601 665.03 
106.254 619.827 344.948 479.577 861.39 
339.053 216.91 522.394 609.509 833.614 
858.319 980.329 468.531 352.528 393.926 
430.353 788.115 205.477 279.886 677.414 
371.43 862.2 393.57 502.207 906.581 
620.671 188.725 772.444 833.117 954.406 
148.661 432.334 300.108 418.617 746.283 
828.109 487.955 618.684 558.52 380.617 
745.263 411.351 556.97 511.391 403.6 
343.537 688.55 139.431 253.823 658.629 
738.259 626.907 408.138 301.533 152.21 
670.38 972.268 364.485 343.735 644.897 
678.423 222.991 610.817 610.411 603.801 
775.596 806.877 386.621 252.073 221.461 
624.021 268.985 507.075 498.407 507.898 
581.599 278.568 454.2 448.657 489.241 
581.107 891.252 282.708 285.007 630.489 
607.455 530.961 300.123 223.403 281.945 
331.4 374.797 234.642 304.962 572.283 
572.003 103.078 693.237 749.555 870.325 
535.238 244.395 436.033 445.533 526.067 
995.884 787.445 672.566 558.516 170.792 
668.802 462.248 421.631 362.199 305.5 
292.022 818.706 442.432 566.746 970.295 
822.934 968.814 436.955 328.306 421.171 
235.228 774.884 480.513 611.791 1008.41 
551.072 481.872 269.898 220.952 342.815 
542.75 503.016 244.902 191.525 343.447 
514.926 184.7 698.765 772.63 938.557 
174.889 388.346 469.337 583.885 882.852 
880.116 707.587 554.374 442.612 95.7549 
194.538 383.513 493.964 607.557 901.568 
298.94 280.071 352.241 433.046 677.774 
707.127 866.931 320.325 216.363 411.447 
401.261 139.517 500.069 567.692 750.941 
81.5414 512.923 463.905 592.041 932.56 
302.447 639.1 127.613 257.158 656.567 
379.68 756.418 199.223 295.677 699.332 
589.374 375.48 390.836 362.627 395.034 
125.24 624.272 508.671 642.216 1006.51 
759.554 834.605 365.925 235.172 286.196 
196.705 504.02 204.025 331 688.707 
554.833 661.254 166.652 33.2866 372.325 
244.902 780 542.75 675.85 1067.44 
128.32 561.912 270.897 404.586 778.267 
682.602 258.366 588.045 579.346 558.434 
470.38 84.9588 587.639 651.08 807.419 
496.961 585.427 133.66 71.3442 398.577 
748.872 981.591 394.443 327.124 547.989 
127.883 413.092 378.525 496.333 813.093 
744.163 544.541 464.389 382.05 227.192 
874.827 1059.99 502.813 409.422 518.467 
479.521 66.0379 580.194 639.531 787.351 
144.257 663.974 506.222 640.707 1014.54 
582.987 556.713 253.805 170.3 299.206 
223.164 577.367 176.309 310.757 693.888 
484.517 889.883 317.984 384.615 771.625 
613.372 942.119 334.201 338.179 673.582 
388.959 678.671 87.1321 188.088 593.219 
594.256 495.525 308.78 246.008 305.866 
811.804 1089.96 489.449 441.118 664.823 
533.772 120.814 523.536 553.719 647.012 
349.206 563.945 52.8394 176.23 553.828 
759.385 682.62 407.657 288.252 123.438 
477.909 78.2943 530.649 580.804 717.717 
602.496 343.198 428.851 406.273 424.514 
57 596.297 398.542 532.542 903.562 
353.871 893.505 589.863 717.198 1118.88 
351.548 782.146 267.202 373.419 778.003 
722.536 519.27 452.134 376.152 250.799 
326.914 308.312 304.608 375.261 616.828 
488.004 304.015 353.464 364.955 491.066 
756.548 481.502 522.611 458.625 315.412 
195.433 733.774 494.159 627.932 1016.94 
246.238 760 379.423 506.475 908.285 
238.757 777.155 521.463 654.086 1047.36 
744.043 515.28 483.12 409.121 263.093 
210.49 568.951 187.107 321.238 701.533 
718.379 907.438 341.47 252.462 461.421 
827.9 475.946 627.198 570.335 399.62 
291.055 830.75 543.36 673.428 1071.97 
844.214 931.452 450.537 325.037 326.443 
277.966 285.328 506.812 605.717 860.559 
621.619 331.688 458.577 436.323 437.968 
190.589 407.413 511.352 627.611 927.475 
836.364 1112.84 513.391 462.65 675.068 
105.551 632.369 471.19 605.413 976.527 
238.462 457.962 195.441 308.759 643.952 
584.578 129.865 716.911 774.994 896.849 
346.37 215.585 534.555 621.662 843.902 
919.217 1113.7 552.381 462.277 561.899 
243.311 711.961 288.3 415.37 817.05 
546.883 841.95 233.311 238.472 598.476 
325.407 494.62 118.14 217.076 558.319 
825.931 1083.44 489.556 430.174 631.459 
568.767 319.583 411.019 399.164 449.909 
771.915 1004.33 418.265 349.401 556.989 
130.832 479.009 495.871 620.268 945.99 
119.365 457.083 466.623 589.485 912.33 
926.854 1169.15 584.042 513.585 660.681 
890.113 633.228 610.22 518.009 231.225 
171.959 496.545 230.159 357.013 711.587 
258.496 294.885 482.83 583.095 844.423 
187.107 440.13 252.175 368.751 699.277 
849.324 665.045 535.082 429.777 127.914 
343.953 240.601 559.004 650.369 879.619 
468.108 555.993 123.167 99.7246 420.943 
164.104 703.967 445.112 579.008 967.789 
545.825 502.8 248.455 194.178 340.812 
478.533 744.586 136.004 162.117 554.476 
495.117 149.265 477.797 511.806 627.587 
869.069 718.88 533.908 418.298 64.0703 
875.034 1136.18 542.457 482.374 666.631 
317.014 574.471 77 209.938 593.731 
611.859 99.0202 622.425 649.159 708.267 
574.298 955.419 360.856 397.394 758.601 
640.363 609.738 292.865 185.594 242.918 
469.601 396.474 263.093 265.994 441.906 
424.288 663.338 54.7083 130.874 535.935 
801.754 917.646 409.844 290.615 361.011 
44.6878 578.999 424.615 557.667 921.421 
1006.79 782.739 690.207 578.62 196.939 
558.123 881.113 273.923 289.083 646.4 
148.273 628.318 297.93 432.293 819.881 
198.071 399.271 283.177 392.433 704.081 
774.574 947.524 394.446 296.602 450.712 
832.289 981.446 447.404 340.066 431.019 
176.567 567.807 222.461 356.545 734.832 
579.662 442.064 330.915 287.089 345.326 
442.9 130.142 478.678 530.347 683.744 
456.098 698.687 91.0494 128.705 531.038 
517.677 138.636 499.418 529.975 631.402 
133.686 428.095 326.038 444.922 770.232 
816.854 787.544 439.756 307.262 131.469 
192.769 729.376 501.782 635.814 1023.24 
622.113 236.034 529.009 527.376 544.835 
72.8011 512.516 324.446 454.357 809.579 
569.509 286.84 436.033 430.813 481.176 
312.808 518.247 104.01 218.112 575.681 
528.289 567.445 182.099 108.19 357.778 
898.76 778.286 546.265 422.291 17.2047 
404.209 166.193 571.358 649.865 845.582 
540.774 521.464 229.009 169.706 342.243 
75.452 512.978 457.751 586.021 927.371 
514.596 924.668 350.28 411.049 792.165 
551.944 904.823 303.416 333.566 696.971 
542.033 27.6586 627.542 678.059 795.287 
242.39 775.501 548.091 681.505 1071.82 
518.846 868.332 268.689 307.293 681.449 
577.894 642.135 200.572 77.4209 330.151 
1027.36 776.165 722.945 615.731 244.632 
761.856 984.007 402.165 328.591 533.886 
344.205 847.361 405.584 520.186 925.331 
716.063 793.683 323.012 191.003 290.462 
376.198 417.698 194.879 246.4 514.433 
374.973 277.492 331.21 386.167 593.165 
58.0517 589.957 435.437 568.797 934.054 
822.524 1022.18 454.529 368.024 518.987 
350.907 449.525 159.239 229.896 532.558 
939.647 750.105 613.873 500.225 122.332 
610.647 915.031 306.472 298.412 628.834 
434.256 786.052 200.122 272.018 669.041 
519.659 255.472 415.018 426.104 519.516 
595.399 895.811 287.272 280.713 617.649 
625.336 713.711 234.61 100.285 325 
213.677 356.288 491.35 601.24 885.664 
286.225 433.414 188.282 284.297 598.76 
150.333 658.092 337.617 471.445 861.693 
206.344 579.535 195.144 329.645 712.539 
421.717 751.601 161.028 236.865 637.433 
94.0213 525.43 481.274 610 951.804 
770.055 694.396 416.005 294.932 113.741 
71.3092 581.173 460.977 593.57 953.418 
448.911 562.724 97.5295 98.27 444.177 
272.017 809.022 478.023 606.252 1007.08 
284.614 256.008 431.873 521.506 766.549 
571.925 833.497 228.712 206.286 550.523 
292.611 604.028 112.161 246.343 638.815 
603.258 817.866 231.009 168.345 483.895 
523.99 316.291 371.981 370.871 464.854 
651.249 566.768 331.204 239.46 236.409 
781.983 515.477 534.293 462.508 288.09 
622.817 162.505 584.755 597.957 633.202 
808.125 755.702 439.51 310.409 103.769 
637.787 224.083 556.493 556.345 567.565 
340.372 429.309 179.388 251.883 546.008 
312.083 832.029 432.057 553.252 957.878 
450.75 426.433 223.036 230.868 444.443 
569.443 38.4187 615.833 655.076 746.738 
80.0625 616.215 389.724 524.223 900.884 
423.946 798.061 224.154 303.266 701.407 
139.216 567.556 261.63 395.607 771.456 
187.243 582.835 217.147 351.693 734.32 
839.443 496.107 629.365 568.177 382.969 
423.605 860.058 322.568 411.588 810.151 
402.716 594.597 22.4722 122.801 510.602 
181.033 375.755 461.469 574.325 869.621 
486.892 901.814 334.94 403.708 791.031 
129.653 421.802 344.373 462.794 784.867 
788.272 748.636 417.356 287.613 126.4 
315.317 744.11 247.407 362.609 767.73 
115.884 515.319 498.718 626.231 962.572 
215.418 605.635 199.249 333.654 722.87 
874.09 885.814 484.434 350.087 208.079 
792.051 829.053 401.454 267.32 230.326 
533.189 949.72 376.225 435.167 813.213 
854.682 1061.16 490.93 406.764 548.045 
416.125 585.782 43.8292 110.073 490.708 
476.76 183.774 665.406 742.59 921.53 
498.143 297.33 366.154 375.705 491.435 
810.98 811.819 426.305 291.892 176.082 
224.181 760.652 446.938 577.814 975.236 
709.663 697.323 338.99 211.303 194.456 
931.988 1185.88 596.27 530.71 687.419 
476.151 860.168 279.065 342.187 729.801 
230.361 764.032 435.873 565.942 964.624 
884.359 980.643 491.757 369.391 360.378 
