105 105 11
777 335 649 27 763 426 211 429 862 135 22 167 11 373 784 324 413 980 862 281 84 505 313 895 814 364 87 178 403 399 676 12 94 570 467 902 652 280 865 619 31 771 709 856 586 683 528 829 270 715 796 245 921 488 841 500 124 856 227 936 437 407 858 237 818 11 776 763 606 818 369 996 470 499 644 139 669 464 355 611 299 568 311 801 878 736 522 416 924 624 452 550 973 930 660 981 959 668 926 340 376 107 179 412 659 
9 336 210 342 587 206 301 713 372 321 255 
9 3 2 7 10 8 3 1 2 4 8 5 2 7 6 1 0 1 10 6 2 5 7 7 5 10 0 9 8 1 2 2 0 7 8 3 8 7 10 7 2 0 6 10 6 0 3 3 1 9 7 10 9 8 9 10 1 1 10 8 0 7 8 4 0 4 4 10 3 6 4 6 3 0 8 7 10 5 7 5 6 8 7 0 9 6 1 4 9 10 5 3 1 5 5 2 7 0 5 10 0 2 7 7 4 
271.811 324.099 312.746 400.706 668.225 373.751 427.263 277.627 264.518 808.883 339.796 847.222 335.65 743.178 266.248 526.662 451.505 634.215 388.012 509.574 357.844 471.39 247.13 650.364 176.819 369.043 556.756 491.636 233.431 61.5873 740.142 231.7 396.679 95.268 380.623 624.003 363.27 448.385 419.963 291.254 159.201 788.48 126.649 362.353 381.874 553.336 392.185 272.222 708.534 231.366 627.905 161.199 365.936 344.819 519.879 583.768 566.634 412.288 271.36 271.662 238.304 580.135 612.883 721.443 371.053 602.764 380.927 339.572 183.535 302.605 472.155 373.551 275.879 475.833 173.046 216.187 360.902 547.111 455.412 425.622 109.444 257.218 395.578 240.784 62.6498 497.229 181.797 134.629 561.122 660.095 685.001 454.933 663.069 494.595 376.145 680.132 406.971 196.825 747.768 650.737 510.343 222.428 157.927 245.595 603.657 
561.036 30 638.412 685.511 792.152 271.312 770.658 620.948 321.885 1104.26 13.4536 1151.84 651.261 1069.27 529.139 733.057 764.105 830.042 64.2884 790.94 644.168 774.706 123.988 691.876 445.202 685.064 898.074 550.805 272.635 293.586 751.033 575.522 747.659 400.32 665.217 789.962 699.031 541.839 750.539 444.06 505.693 1088.8 477.766 244.295 636.497 505.669 743.888 104.235 904.08 580.215 892.774 289.664 371.819 577.997 608.699 853.724 906.22 177.767 375.255 576.003 569.78 890.403 832.061 952.607 704.23 841.038 282.214 649.345 425.212 135.831 820.274 108.259 618.748 821.326 187.843 464.152 29.1548 898.226 801.86 482.28 317.456 599.534 714.228 243.058 289.56 801.896 528.441 485.062 858.754 807.592 845.9 433.848 877.178 811.027 83.2166 988.291 189.275 166.012 1036.17 867.328 858.446 416.214 497.052 526.514 870.403 
336.774 263.15 352.605 422.096 646.409 307.093 495.97 329.31 209.404 838.439 279.38 880.555 370.239 785.621 326.055 523.401 485.931 629.982 334.283 575.925 423.608 501.758 180.602 611.278 181.177 404.278 625.62 451.577 171.12 51.5461 697.316 300.927 456.773 156.474 401.52 611.572 409.718 413.687 463.527 261.926 228.265 819.856 188.404 294.354 390.902 498.001 455.264 205.779 705.331 299.015 645.031 103.465 310.736 344.703 486.763 602.19 635.744 374.877 227.095 338.999 280.964 614.509 615.065 728.67 440.872 610.709 314.797 371.232 175.514 263.685 539.268 327.787 345.099 529.605 106.888 214.311 298.211 607.284 510.004 382.385 130.973 326.584 432.456 174.496 25.7099 528.459 236.58 202.022 589.944 643.699 672.347 400.125 664.498 564.156 326.308 714.179 372.163 151.327 774.357 652.719 577.382 262.652 227.783 308.423 621.168 
779.251 1017.05 429.005 362.464 570.307 889.101 587.725 481.633 757.248 83.0963 1033.59 106.405 405.453 116.043 823.284 412.8 289.386 403.339 1099.99 847.092 795.179 273.123 923.148 730.463 602.536 371.828 605.851 692.558 790.745 799.62 810.015 636.398 447.098 765.355 382.404 476.954 391.234 646.871 331.605 634.255 658.187 53.9351 633.199 902.158 422.03 852.397 482.846 944.595 398.167 607.82 213.002 757.786 779.463 485.412 641.758 227.108 621.003 1148.89 704.086 747.88 503.811 160.705 348.21 294.049 652.007 301.081 886.139 403.21 621.884 1037.73 538.001 1101.09 624.866 344.581 864.089 583.433 1043.28 394.574 363.798 705.36 839.469 633.934 345.475 820.679 788.388 246.138 571.896 652.386 188.915 517.536 486.544 805.248 350.031 731.011 1096.89 60.803 1145.29 925.681 83.6301 345.365 535.28 888.831 684.368 792.37 222.092 
277.094 286.667 507.117 606.245 861.594 464.999 519.665 456.847 409.238 1006.89 295.576 1041.25 534.342 925.709 237.002 732.069 648.189 839.443 301.684 493.883 353.035 671.28 268.002 820.498 382.624 566.46 638.063 661.238 360.272 166.148 902.594 341.849 546.059 172.586 586.464 824.972 547.234 626.71 606.486 477.008 289.836 984.891 302.248 443.813 589.415 686.473 529.469 284.1 914.235 359.227 834.005 308.916 505.277 550.718 700.071 789.552 643.204 264.622 437.34 299.282 432.709 775.194 819.913 929.005 441.654 810.326 475.164 540.412 384.641 182.702 578.553 259.017 378.001 640.722 225.878 420.534 324.918 688.956 618.943 590.339 98.7927 359.862 590.871 349.756 190.024 696.139 363.637 286.693 761.328 858.257 885.901 592.252 870.001 528.441 276.226 874.566 252.699 157.08 948.498 857.765 615.077 117.098 268.822 242.258 809.694 
618.231 719.462 225.887 93.0054 340.476 572.239 529.707 302.853 444.658 360.839 735.621 415.326 189.235 382.099 650.001 135.152 147.139 206.155 806.208 769.437 666.352 116.25 625.601 458.53 319.024 173.925 612.374 386.063 482.888 536.345 551.163 473.092 372.7 538.855 109.659 248.244 246.483 335.529 219.272 319.24 460.352 350.156 410.265 586.369 112.61 544.259 408.943 644.957 262.795 442.309 145.341 460.871 461.411 172.595 344.449 104.69 628.943 870.395 390.288 592.747 282.177 194.093 156.869 241.514 556.368 126.143 568.89 174.929 329.912 760.23 511.856 815.432 484.025 325.518 574.836 289.689 741.831 436.038 327.519 390.083 593.701 483.498 173.589 513.264 519.271 127.632 357.677 441.101 140.431 298.453 293.212 489.519 203.273 677.661 807.308 268.293 869.516 647.408 290 190.16 531.459 677.709 487.543 618.013 122.004 
395.904 849.779 334.767 432.925 834.819 849.779 139.703 293.833 708.097 564.564 865.268 561.471 357.239 402.892 446.23 628.14 349.794 698.961 908.116 376.666 370.407 383.343 771.379 926.397 508.159 346.716 125.873 808.607 708.495 583.332 1024.26 307.002 151.529 486.815 433.72 744.64 273.386 750.91 278.83 635.814 372.4 534.214 402.523 848.343 499.785 941.505 138.13 796.558 742.566 297.41 546.298 642.112 785.663 536.355 792.523 513.157 142.004 906.277 676.436 364.825 359.78 384.232 643.063 678.083 224.243 597.978 853.001 373.226 539.896 806.943 74.6525 883.892 267.989 173.217 697.5 524.124 886.829 88.0057 169.071 776.05 576.095 286.531 332.182 729.429 588.558 382.46 363.022 391.842 422.83 794.833 788.795 855.643 679.89 255.932 891.964 438.731 896.147 715.788 545.991 668.088 54.7449 553.315 385.191 423.814 530.144 
125.208 648.205 489.118 623.491 995.978 767.19 264.756 412.069 659.897 920.644 659.294 932.826 525.792 783.932 139.463 811.85 602.439 911.546 671.34 124.338 48.7647 636.962 604.95 1018.98 516.168 543.203 333.594 866.413 629.73 420.006 1114.16 245.082 391.602 303.872 610.737 927.958 480.651 815.805 531.034 660.6 284.522 892.328 352.037 753.16 652.063 946.829 355.574 626.77 976.079 274.722 824.399 557.743 760.498 648.705 881.09 781.156 331.403 622.181 659.365 134.529 443.668 699.932 870.244 948.608 187.856 840.082 775.077 540.726 539.812 552.203 327.951 627.415 231.225 494.171 539.823 553.979 687.634 478.539 474.605 807.168 360.05 231.683 552.091 634.833 441.277 652.13 377.915 315.634 714.07 973.203 985.373 848.586 918.029 184.938 645.728 783.69 607.474 506.598 882.912 904.887 351.778 252.579 264.698 151.99 801.958 
534.986 180.136 482.685 503.2 588.18 114.022 687.026 485.477 116.829 916.457 193.83 967.678 487.247 899.822 520.074 529.432 592.663 624.605 269.704 774.623 622.113 597.537 104.077 501.049 279.686 519.394 816.624 351.518 74.3303 237.154 570.919 495.298 625.218 354.431 483.803 583.768 549.343 337.36 593.255 242.244 422.985 903.368 372.372 96.4002 445.638 339.096 631.001 109.041 698.316 489.094 697.622 127.193 174.046 384.111 406.208 660.775 827.754 367.614 171.479 538.499 424.5 713.711 628.802 749.827 637.534 640.631 123.693 481.705 252.464 279.179 724.743 299.588 539.073 680.525 126.823 286.356 191.669 772.472 663.576 280.794 305.275 521.239 548.916 44.7214 216.208 624.54 406.001 393.845 676.249 601.945 639.86 250.833 672.934 763.215 281.514 808.359 374.222 203.158 846.463 663.428 762.287 437.704 425.659 505.241 676.175 
608.679 851.049 253.269 208.734 525.951 744.108 439.851 305.188 605.773 252.24 867.674 282.482 232.142 193.132 651.154 330.796 117.004 368.348 931.79 698.937 631.478 111.328 757.81 658.673 436.023 198.116 485.224 586.451 633.704 625.353 749.147 463.59 287.028 588.647 226.241 429.471 215.114 534.004 155.756 488.993 482.104 227.66 456.571 754.221 280.252 743.033 325.014 780.186 396.688 434.278 190.851 593.938 642.246 342.475 546.631 166.193 501.567 975.811 555.252 577.97 328.03 24.7386 308.526 320.67 494.171 258.403 742.52 232.078 458.26 864.84 400.196 930.026 455.566 194.941 695.684 421.735 879.2 280.444 209.497 584.059 663.205 463.087 170.449 662.857 615.209 85.6154 395.238 475.742 72.6705 477.906 460.492 681.71 335.41 589.071 927.117 116.108 971.668 753.523 206.495 325.209 407 712.86 508.506 619.806 178.899 
341.211 879.292 532.139 656.458 1060.11 953.74 207.711 464.583 826.453 834.938 892.18 829.154 564.416 669 379.581 857.336 594.401 941.013 914.342 161.208 264.382 630.134 821.57 1123.97 645.143 566.499 148.003 986.732 809.39 625.793 1222.43 362.708 362.215 507.561 651.202 976.771 490.368 930.701 518.059 790.395 432.394 804.504 492.392 944.874 709.965 1096.54 326.198 845.457 992.553 377.327 806.105 736.316 919.905 729.747 984.979 769.343 134.239 876.53 810.586 325.346 522.024 650.173 889.018 937.961 219.713 847.951 959.769 581.437 675.012 798.023 226.927 875.206 321.79 431.677 750.219 674.354 918.851 358.24 420.602 939.757 584.209 337.202 561.587 821.993 641.393 635.022 485.374 463.712 683.52 1026.12 1026.84 1001.9 930.271 90.6091 891.009 709.396 862.585 735.925 816.525 917.808 219.317 501.442 427.286 376.161 787.853 
701.171 862.727 314.56 211.454 413.31 718.946 560.35 383.444 591.486 213.902 879.036 268.777 282.455 258.954 739.304 239.134 180.801 248.566 948.395 816.1 735.033 148.852 768.651 562.883 454.622 253.569 615.325 517.2 628.758 665.361 647.191 553.445 402.492 651.234 232.034 316.951 302.597 471.259 251.287 466.259 557.391 203.494 518.376 733.328 257.235 677.012 441.131 788.729 266.957 522.708 58.6941 603.166 606.98 319.014 467.547 52.0865 631.801 1007.31 537.239 672.347 385.068 110.114 189.042 187.963 606.282 138.235 715.417 274.308 469.392 896.415 526.217 954.825 553.611 321.286 714.773 429.522 886.314 412.989 332.701 530.094 715.556 557.818 235.771 659.067 650.668 130.188 459.796 544.255 69.857 362.36 338.999 630.017 207.511 710.894 948.072 135.3 1005.4 783.425 143.837 198.645 536.004 784.89 584.778 707.255 53.1413 
707.939 668.342 348.862 227.969 180.278 471.653 672.646 421.246 374.039 488.112 683.059 550.113 315.94 548.365 729.836 54.1295 318.663 134.239 758.19 892.059 770.637 292.058 579.6 280.203 336.095 316.787 769.344 228.064 424.062 548.403 373.048 574.616 524.047 588.215 229.993 112.539 393.215 189.789 382.413 255.002 541.202 486.079 478.578 491.664 171.421 387.342 556.656 593.709 208.971 546.155 257.099 430.081 352.278 173.566 175.034 240.533 785.596 842.769 320.832 687.841 376.733 367.967 145.602 265.377 683.433 174.929 465.45 298.918 329.803 738.597 665.496 779.867 596.584 494.581 547.156 296 682.221 607.415 493.207 255.18 619.827 591.082 328.434 453.008 525.816 305.853 441.82 514.418 311.873 154.331 173.289 352.677 184.196 813.797 766.077 427.117 845.488 631.114 415.928 176.071 689.656 728.583 565.892 699.477 244.812 
701.852 466.974 460.245 398.848 305.565 230.358 760.664 506.717 197.497 746.175 478.807 806.48 442.579 784.333 705.899 313.955 505.146 381.935 554.2 925.635 781.74 492 393.926 215.379 315.991 462.502 879.529 61 249.93 450.498 298.236 604.822 643.544 537.663 387.284 323.489 525.681 72.0694 543.244 169.009 545.976 741.569 478.712 255 322.448 149.05 665.54 399.4 447.599 584.624 514.208 297.893 118.127 267.479 121.198 490.316 894.097 657.895 172.63 692.564 442.712 594.14 406.51 523.474 741.556 436.039 221.653 428.572 288.513 568.388 775.49 589.207 640.839 654.379 391.829 284.609 469.814 765.248 645.078 19.2094 529.975 628.232 486.659 269.151 424.5 514.249 474.052 513.517 542.635 328.938 371.431 90.824 439.802 877.707 569.526 670.153 664.831 479.213 673.589 433.72 807.803 660.855 562.384 681.47 498.735 
252.286 786.13 552.598 685.697 1077.24 894.739 258.559 477.177 780.016 927.552 797.458 930.072 588.292 773.301 276.371 882.916 644.186 976.243 810.088 15.1327 165.109 680.109 740.072 1117.9 619.621 598.785 268.477 970.532 754.181 551.014 1214.94 332.256 414.132 432.501 676.237 1001.76 527.492 917.306 568.304 766.587 389.166 897.805 456.111 882.22 726.529 1062.75 375.494 762.43 1035.24 356.602 865.014 681.175 878.823 733.638 978.589 824.394 259.887 759.032 773.791 249.65 522.473 722.696 929.457 994.397 216.335 893.717 902.083 604.65 646.297 690.887 307.189 765.881 302.592 504.777 673.09 654.481 825.63 457.857 488.808 915.706 495.626 311.204 601.173 761.804 570.729 690.49 467.916 421.777 746.877 1049.26 1056.31 965.278 974.627 115.521 784.4 795.04 744.003 643.96 899.681 961.676 316.741 391.322 375.159 283.933 844.354 
117.068 536.537 277.088 409.161 775.126 593.001 209.614 202.299 468.54 747.222 550.989 770.092 313.313 636.529 155.769 592.457 404.1 693.753 586.298 308.561 172.662 436.111 468.71 802.813 302.3 335.215 336.537 653.521 448.894 272.413 899.161 31.9531 238.533 162.099 394.849 707.72 283.854 600.96 340.93 449.138 72.9452 721.268 138.708 584.045 432.412 746.837 215.928 493.389 760.182 61.9839 621.225 375.682 564.989 427.874 664.008 576.73 345.036 577.71 458.017 91.0824 224.35 516.563 654.927 740.173 145.986 627.915 599.167 326.957 328.811 480.36 263.746 557.986 60.8358 340.965 395.455 337.96 575.251 373.815 319.011 598.219 250.06 42.72 349.185 461.147 284.684 455.057 157.08 105.437 520.125 752.604 765.591 650 703.651 272.118 567.927 609.554 567.388 396.449 699.998 690.503 301.241 233.362 67.2681 124.278 597.804 
394.645 150.233 529.4 603.464 795.661 344.384 614.664 496.541 320.056 1019.56 160.353 1060.89 549.477 961.456 361.643 694.424 665.523 799.113 181.463 623.339 476.934 682.493 139.789 730.505 361.471 583.384 739.79 574.891 266.271 157.61 805.255 422.83 610.079 243.298 582.879 773.068 582.104 549.364 638.264 415.217 357.123 1000.64 343.001 320.765 569.956 575.897 601.103 151.489 874.694 432.005 825.528 237.977 405.094 520.271 622.116 783.023 746.967 194.456 360.514 411.099 455.782 794.31 789.079 905.098 543.994 788.006 355.169 551.392 352.013 83.7377 667.943 156.109 464.492 693.721 125.064 391.945 189.156 759.276 672.971 502.78 155.563 445.314 610.966 247.348 166.208 709.042 400.5 341.884 771.038 800.166 832.81 486.796 837.678 645.745 163.049 894.187 190.906 37.1214 955.731 826.351 705.799 249.303 344.089 359.907 801.79 
883.779 653.319 589.216 491.041 189.18 403.435 908.944 650.145 395.763 740.806 663.597 805.315 562.748 822.614 892.44 327.819 590.77 337.871 737.277 1097.91 959.747 567.208 587.167 18.2483 489.585 572.986 1018.41 143.736 447.826 646.703 109.124 773.61 774.01 727.633 487.003 262.88 646.026 189.992 647.207 347.052 721.782 744.361 654.011 430.249 419.869 194.733 802.001 590.103 377.595 749.947 520.047 495.323 309.317 386.256 128.888 512.544 1034 846.724 368.09 871.271 592.001 645.843 386.571 478.533 902.456 432.001 392.929 546.385 466.717 762.262 913.203 777.093 805.293 761.205 589.604 452.404 650.824 874.805 756.832 213.476 726.113 795.05 590.593 465.692 620.762 582.846 638.21 690.204 589.525 236.916 280.777 240.187 398.378 1038.06 755.535 699.327 854.89 676.617 671.646 398.246 941.628 855.313 741.094 866.25 512.878 
512.299 202.388 706.403 782.643 953.935 454.943 756.963 669.128 474.102 1198.58 196.229 1239.38 727.633 1136.95 468.876 867.43 843.736 970.447 139.943 714.006 582.979 861.335 266.721 869.419 540.285 761.426 875.403 721.017 420.115 333.781 934.234 575.128 773.701 397.78 762.053 939.63 756.631 703.739 813.823 582.603 516.558 1179.45 513.355 428.165 747.91 691.759 760.517 261.324 1045.87 589.475 1004.13 408.1 543.33 696.59 774.355 961.85 880.307 30.5941 521.426 536.02 632.193 972.553 963.579 1080.93 679.118 964.591 466.082 730 529.59 99.2824 815.206 82.8553 613.27 862.792 290.462 569.719 218.515 920.111 841.525 649.942 309.627 594.718 788.655 394.994 344.816 887.789 572.965 506.741 950.068 963.208 998.251 614.183 1011.5 761.284 110.463 1072.51 15.2971 211.473 1134.92 1000.5 852.008 346.717 498.889 477.904 980.478 
398.001 370.826 246.678 286.4 512.665 306.193 479.752 253 165.197 705.694 387.413 751.647 253.584 670.436 404.851 378.44 363.93 485.387 453.719 622.448 477.514 373.894 277.253 501.941 44.7772 286.714 606.278 345.905 167.863 189.391 594.786 305.93 395.457 242.297 265.876 470.425 313.115 298.297 357.912 140.545 242.909 689.141 176.816 306 247.33 431.807 406.021 299.541 560.56 289.638 503.672 114.039 253.142 199.249 367.927 461.863 619.175 512.103 143.736 388.33 189.676 489.605 469.601 583.541 447.294 465.859 309.343 249.93 30.0832 401.908 507.632 458.384 345.232 444.717 218.552 69.3181 398.56 539.579 428.224 285.394 261.002 330.643 316.206 192.782 167.836 401.08 186.574 210.278 458.696 505.253 531.415 335.601 519.062 581.976 451.966 587.527 511.2 289.171 639.175 507.261 543.737 377.362 258.258 378.958 480.16 
241.919 345.584 521.047 629.019 905.281 524.605 495.082 463.962 462.949 1019.48 353.747 1050.57 550.84 928.367 196.54 766.776 661.88 874.339 354.109 444.38 310.097 687.329 328.805 871.84 417.153 581.588 607.8 712.215 415.637 210.459 955.804 330.619 538.882 181.747 609.861 864.083 554.596 675.314 614.271 522.556 289.401 996.249 314.992 503.817 618.967 743.592 518.464 344.971 948.401 352.185 856.664 360.207 560.704 584.883 748.392 811.784 611.596 302.121 487.647 268.157 448.175 786.652 851.423 957.156 413.652 838.659 534.648 558.574 423 234.047 556.555 307.168 362.001 637.762 284.565 456.58 383.283 676.404 615.769 642.067 133.304 345.145 604.194 406.872 235.934 711.158 375.215 293.109 777.026 899.32 925.091 648.475 901.734 488.594 326.939 884.954 288.134 217.954 963.787 889.235 591.826 75.2728 265.045 208.569 832.314 
629.586 795.033 240.601 140.121 415.326 662.541 501.243 310.85 530.45 279.415 811.454 328.518 208.082 285.58 666.802 219.641 111.544 261.197 879.714 753.329 666.331 77.0065 700.928 547.892 383.839 179.739 566.719 482.3 564.862 592.157 637.838 481.834 341.949 576.771 160.702 319.169 233.174 432.046 186.344 407.424 483.628 264.433 443.938 675.326 195.133 640.726 380.36 721.633 298.21 450.96 110.887 535.248 554.314 258.536 439.096 70.2282 583.343 935.803 477.193 601.266 310.644 99.2975 202.356 240.127 541.698 154.467 659.776 199.85 400.262 824.755 472.488 884.446 484.004 271.68 645.036 360.849 819.825 373.664 279.544 486.215 641.387 487.297 163.6 594.955 577.984 64.5136 385.504 470.023 44.0114 368.144 353.278 585.431 235.601 651.85 878.45 173.692 933.541 711.846 213.054 224.109 486.129 710.623 511.048 634.703 89.7385 
707.543 926.094 343.447 271.221 508.52 799.012 534.842 400.975 666.321 156.416 942.618 196.023 317.8 162.262 749.7 335.024 202.467 342.486 1009.33 794.645 730.3 183.251 832.145 659.628 511.907 284.691 570.601 610.501 699.514 711.551 743.683 562.072 384.749 682.069 291.204 412.585 311.97 562.776 253.332 543.813 578.25 135.093 549.154 811.696 331.4 770.055 422.342 853.499 352.264 532.534 147.828 666.706 690.461 394.89 562.601 148.273 586.573 1059.8 613.353 676.918 417.972 77.4919 283.805 259.187 591.921 233.574 796.244 314.46 530.864 948.603 491.601 1011.16 554.585 288.626 773.582 492.294 952.134 360.555 305.041 619.451 753.841 561.976 259.7 729.433 699.618 156.63 488.201 570.267 97.6524 456.974 431.231 719.123 296.508 682.702 1006.59 39.1152 1056.52 836.279 107.671 289.171 494.841 808.923 604.95 718.249 149.05 
953.429 783.036 616.64 498.046 101.39 538.075 941.153 686.42 509.004 662.599 794.346 727.585 584.898 770.602 968.593 303.872 584.604 267.328 869.188 1152.22 1023.06 555.044 710.71 126.246 561.587 586.905 1039.48 256.127 563.014 744.968 153.052 829.807 794.096 811.85 499.949 198.154 663.272 281.397 651.463 433.537 787.147 671.316 720.781 564.416 438.854 337.618 826.338 716.303 281.007 803.134 462.082 600.108 434.447 424.976 207.964 466.84 1055.72 974.708 471.785 936.912 636.242 611.271 325.73 389.082 947.304 376.324 528.015 567.877 544.546 884.774 935.535 905.817 856.086 762.34 704.102 521.433 783.661 874.211 762.079 327.611 823.1 848.591 598.278 584.578 719.59 564.661 693.992 757.45 555.133 152.611 184.61 376.017 319.931 1079.82 885.624 646.007 981.759 792.076 598.592 324.181 959.794 946.461 809.411 940.166 461.408 
602.818 269.136 483.343 476.828 501.642 59.2284 726.416 501.519 86.0233 876.097 280.708 931.011 480.426 878.451 593.877 467.398 575.129 554.917 356.046 840.374 688.896 574.06 202.2 404.15 286.505 509.742 854.347 259.044 97.6524 313.313 472.356 542.698 644.615 423.71 459.191 507.001 552.175 253.126 588.467 197.73 472.848 865.888 413.978 70.7248 410.202 242.266 656.062 204.022 626.343 531.413 649.942 170.66 80.0812 346.655 317.515 616.887 866.748 461.299 130.361 602.138 436.606 688.193 566.467 687.554 686.232 584.658 60.0083 471.721 255.196 377.041 757.1 392.074 584.945 686.053 219.146 278.95 271.956 786.125 671.329 191.039 387.964 568.462 538.535 96.4002 289.228 600.194 435.178 441.372 645.21 520.112 560.257 152.191 607.329 817.177 371.727 777.988 469.026 300.416 804.471 598.949 793.486 522.245 480.534 575.657 630.187 
489.495 122.776 639.728 708.179 868.289 371.941 720.822 608.52 388.567 1126.18 120.354 1168.98 658.593 1072.35 451.134 785.064 774.398 887.246 91 707.494 567.255 790.069 180.878 784.143 464.617 692.605 843.922 635.232 334.712 269.364 850.12 531.58 721.803 351.65 687.564 855.08 693.6 617.985 749.323 498.784 467.616 1108.04 455.159 345.407 669.813 609.141 712.085 176.003 962.539 542.232 926.879 326.038 457.739 616.709 688.523 885.273 850.282 89.4707 436.497 509.362 566.612 903.009 881.914 1000.08 647.297 884.512 383.115 659.734 451.643 32.249 775.845 45.8912 572.301 805.882 208.54 491.867 146.997 870.664 785.128 564.113 262.488 553.249 720.569 309.278 276.053 816.843 512.55 453.485 877.838 878.032 913.437 529.689 929.4 741.492 62.5859 1002.68 92.0489 137.208 1061.18 918.592 813.449 331.186 453.247 454.485 903.478 
857.744 864.256 469.553 334.97 193.373 661.211 772.189 546.682 569.818 376.279 878.929 441.236 432.926 495.162 886.351 166.628 380.848 61.7171 954.114 1014.49 909.709 345.313 775.47 369.628 515.885 419.005 846.653 392.046 620.003 734.121 434.663 714.919 613.583 760.107 347.937 119.708 490.609 369.85 457.131 450.494 695.423 385.852 639.226 682.643 317.002 539.434 650.834 789.649 17.72 684.459 194.25 623.978 541.599 347.704 328.055 215.761 863.296 1038.01 516.769 833.677 519.212 360.584 88.3233 103.238 801.385 127.863 654.178 417.714 515.004 932.946 749.669 975.562 728.097 552.577 741.483 477.938 877.745 655.051 558.965 437.013 801.648 726.722 417.085 648.926 712.885 343.373 592.466 672.81 309.742 141.411 102 527.684 46.0977 921.257 961.971 372.551 1040.39 824.229 313.6 57.6888 765.747 901.075 721.948 854.752 202.475 
737.526 568.567 440.71 351.027 199.223 339.401 758.752 499.986 283.487 655.485 581.285 717.681 415.769 711.254 748.642 221.712 454.674 276.004 657.141 948.363 811.808 434.994 489.908 161.839 342.71 428.476 869.542 61.7171 337.818 516.178 259.586 623.944 626.077 587.371 344.472 214.255 499.632 53.0848 505.31 206.184 573.873 653.68 506.274 363.369 276.697 219.791 653.094 498.177 339.029 599.854 424.7 371.214 223.289 237.413 22.8254 406.736 884.995 756.335 243.206 723.785 441.418 525.694 306.545 419.672 751.897 341.541 331.038 399.782 322.025 661.744 764.346 688.808 655.031 619.245 477.378 304.332 574.321 732.582 613.365 112.254 594.61 645.061 448.157 361.522 490.702 453.749 488.226 542.719 471.106 219.208 261.444 196.156 335.491 887.453 670.609 592.031 762.115 565.354 583.419 330.553 793.514 719.628 594.077 721.489 412.069 
754.658 879.957 362.891 245.326 364.589 719.234 624.123 435.409 599.341 220.127 895.978 282.349 328.525 306.426 790.911 214.105 237.683 197.517 967.331 878.259 792.495 203.089 786.375 524.077 481.399 302.914 681.754 496.058 640.645 697.685 603.432 607.01 465.465 693.311 265.002 270.407 359.356 455.141 311.565 472.712 605.529 218.979 561.843 735.658 274.401 655.25 504.061 805.137 204.685 576.064 17.4642 622.354 603.567 331.361 441.346 62.3618 698.256 1032.9 544.301 726.705 429.564 176.604 141.51 121.078 667.236 95.5249 714.731 318.027 492.367 922.762 591.65 977.605 610.066 387.232 737.011 452.143 901.138 479.877 397.96 517.751 752.693 613.082 289.085 671.054 681.17 189.085 505.341 589.957 135.004 312.181 284.074 617.148 148.556 774.795 969.083 182.362 1032.05 809.938 147.963 141.739 602.204 829.753 632.987 758.776 41.7852 
523.902 46.3249 568.032 611.249 723.205 217.007 718.226 554.484 248.676 1029.69 61.8466 1077.71 579.494 997.361 497.178 658.593 691.434 756.35 136.077 759.581 609.48 701.208 50.6063 630.864 372.216 613.13 847.009 484.982 198.252 239 695.27 522.215 684.923 353.386 591.026 717.753 630.058 472.403 680.283 369.46 450.694 1014.48 416.56 190.625 561.471 454.235 683.477 29.0689 830.659 524.023 817.634 215.372 306.178 502.842 540.881 778.666 856.058 234.233 301.294 535.397 500.972 817.12 757.46 877.867 656.16 766.006 228.186 576.99 351.262 158.114 764.853 165.221 566.107 754.682 121.511 389.873 71.5542 835.349 735.702 415.008 278.029 547.058 642.436 169.118 230.254 728.41 464.004 427.482 784.653 736.799 774.354 375.108 802.853 769.552 146.455 914.633 242.167 131.034 961.395 792.891 803.057 392.719 445.004 490.38 795.291 
632.529 457.369 380.757 325.055 314.033 248.966 681.836 427.183 165.952 691.903 471.004 750.163 363.804 717.591 639.708 269.409 431.005 353.736 546.923 852.15 710.444 420.22 374.594 268.062 241.299 384.704 800.083 110.941 220.045 397.519 359.806 529.646 563.847 474.529 312.16 307.353 446.561 67.7422 465.756 95 473.241 684.896 405.554 269.002 249.451 227.607 585.888 384.865 425.265 508.413 461.299 251.056 129.958 191.316 141.152 432.945 814.715 641.393 123.037 621.484 363.435 526.282 367.414 487.977 664.64 389.55 242.992 350.127 215.845 544.18 695.934 575.015 564.543 576.067 357.946 207.617 466.892 686.42 566.323 61.3514 476.42 552.533 409.575 245.489 371.845 443.605 397.2 441.091 476.861 324.834 362.684 153.395 406.808 800.871 558.252 607.001 646.369 445.818 619.407 398.818 728.143 603.523 491.065 613.958 443.644 
848.109 854.537 460.339 325.725 190.444 652.313 763.992 537.462 560.161 377.584 869.239 442.598 423.732 493.207 876.567 156.438 373.097 51.9711 944.386 1005.68 900.37 337.682 765.64 365.422 505.693 410.162 839.324 384.401 610.236 723.923 432.227 705.459 605.538 750.015 338.497 113.146 482.084 361.332 449.245 440.596 685.63 386.381 629.287 673.625 307.015 532.752 642.686 779.896 27.1662 675.032 190.287 613.932 532.673 337.511 320.656 210.021 855.967 1028.05 507.025 824.132 509.558 355.563 79.3788 106.367 792.612 120.801 645.347 408.442 504.81 922.911 741.989 965.676 718.878 545.55 731.454 467.74 868.168 648.645 551.661 428.509 791.459 717.39 408.627 639.203 702.693 336.305 582.697 662.925 304.086 137.931 100.499 519.702 40.6079 912.9 952.152 370.105 1030.39 814.136 313.849 50.9902 758.382 890.99 712.127 844.988 197.434 
759.714 556.651 477.462 392.613 218.057 318.311 792.335 534.008 281.4 698.14 568.536 760.606 453.944 755.265 768.294 264.955 496.956 313.696 643.939 975.263 836.086 477.984 482.495 138.654 365.843 468.108 905.272 29.1548 335.121 525.681 232.263 651.261 663.031 603.887 385.24 248.032 538.005 66.2193 545.88 222.91 598.205 696.781 530.407 343.546 317.515 177.406 688.991 488.636 373.277 628.269 467.813 376.347 207.858 274.707 39.1152 450.494 920.54 747.217 247.952 747.478 473.739 569.594 347.438 458.262 782.164 383.923 309.129 438.275 342.603 656.41 800.176 678.693 683.933 659.604 476.656 329.219 559.48 772.706 653.119 99.2472 604.869 673.146 488.649 356.237 499.857 497.097 516.467 566.485 515.079 246.108 290.134 165.239 374.066 918.139 659.182 635.969 753.932 564.51 626.231 369.846 830.105 732.799 617.214 742.082 455.555 
856.743 975.779 466.444 349.521 387.872 803.23 715.101 537.941 690.254 183.183 991.583 247.631 432.468 326.4 893.823 286.323 337.214 230.419 1063.96 972.141 892.002 303.949 882.76 561.424 583.082 406.075 762.685 560.423 734.048 800.59 629.579 708.986 558.335 797.709 369.034 304.795 459.213 526.339 408.354 563.841 709.355 196.703 666.219 821.299 374.214 716.082 596.94 900.68 200.489 678.122 121.758 720.156 685.254 428.042 500.546 166.76 778.924 1132.89 635.109 828.324 533.821 253.355 192.315 92.0869 763.036 166.508 797.898 422.257 592.558 1023.24 677.975 1076.31 710.31 472.492 835.958 552.407 995.394 554.907 485.708 591.799 856.613 714.121 390.756 764.351 783.564 287.007 609.533 694.168 225.978 335.257 297.015 689.153 169.319 865.268 1066.87 217.154 1132.51 910.659 128.891 170.792 684.96 934.093 736.813 861.708 146.103 
643.183 682.879 263.519 132.88 273.651 516.149 582.163 339.466 397.434 417.698 698.588 476.001 228.09 455.633 670.322 68.0074 216.363 164.575 771.415 811.775 698.891 189.18 590.235 382.415 304.12 222.847 673.146 311.849 440.729 524.135 475.893 502.829 429.337 543.625 139.979 187.489 299.201 263.41 282.604 270.823 479.401 410.775 422.303 532.443 100 470.992 463.6 607.715 234.077 472.933 188.322 429.303 401.254 138.708 268.168 158.773 689.558 844.183 342.286 620.21 305.007 269.898 133.989 246.13 600.203 129.85 511.798 211.54 307.703 735.833 570.426 785.682 519.643 393.402 546.268 268.613 702.095 505.713 393.085 321.363 588.43 516.493 230.673 471.034 504.406 203.354 376.747 456.124 215.058 236.814 240.204 421.284 184.296 726.87 775.227 338.337 844.78 624.32 345.272 171.82 592.798 684.481 505.681 638.903 169.594 
819.103 706.162 474.014 355.519 66.1211 479.401 798.447 544.507 416.222 565.98 719.29 630.492 442.052 652.343 837.055 165.922 444.596 163.573 795.238 1012.37 886.093 416.416 624.833 171.003 432.685 444.119 896.702 194.126 470.197 629.973 254.443 691.462 651.246 685.937 357.09 89.493 520.433 189.41 509.761 319.014 652.175 569.689 586.963 503.433 296.15 332.569 683.44 634.566 211.483 664.088 346.831 494.386 363.147 285.792 129.201 342.812 912.921 891.643 370.412 801.122 495.976 481.938 212.038 306.426 805.993 258.627 470.935 425.027 419.402 794.076 792.675 825 716.218 621.477 606.132 391.939 713.264 733.965 620.52 252.295 705.907 709.429 455.988 495.758 605.516 428.002 556.386 623.482 425.329 79.8123 123.762 331.489 224.589 937.849 807.694 528.209 896.666 693.479 496.906 223.788 817.127 823.685 675.457 807.755 341.252 
619.427 199.211 778.067 840.472 965.76 440.596 857.961 748.898 493.782 1259.6 185.521 1304.1 795.594 1211.05 577.721 902.447 910.926 1001.18 109.563 826.267 692.807 925.139 288.125 862.277 596.905 829.652 979.201 723.84 442.883 409.715 917.236 670.88 862.682 491.171 819.91 962.761 833.265 715.455 888.401 613.36 607.99 1242.39 596.008 413.793 797.424 669.718 852.602 273.265 1075.63 682.402 1054.8 449.42 545.047 741.416 782.198 1014.32 984.868 82.8734 546.136 641.574 705.6 1039.15 1000.9 1120.77 782.461 1007.4 451.154 795.92 581.083 171.397 914.217 98.0051 710.921 946.675 335.672 621.076 193.61 1011.38 925.972 655.739 401.852 691.99 857.989 414.121 415.03 952.106 653.074 594.348 1011.87 981.045 1019.09 603.842 1046.9 870.093 102.616 1138.45 99.2472 275.632 1193.33 1036.72 951.587 455.672 592.927 584.661 1031.85 
275.182 760.697 329.56 452.09 856.148 791.885 16.5529 266.017 655.916 662.873 775.444 667.384 360.867 513.055 325.263 652.963 392.231 737.024 811.873 267.316 245.601 428.193 689 925.216 463.121 362.112 115.918 793.102 647.446 494.632 1023.81 211.237 158.777 387.66 447.135 772.373 285.953 736.196 315.571 603.53 283 633.265 328.469 786.857 506.928 912.027 121.939 714.006 789.82 212.042 608.185 576.782 742.97 530.004 787.051 569.689 127.883 799.758 632.487 245.284 327.581 459.518 685.677 739.354 100.896 645.629 796.518 377.895 494.385 705.063 50.2195 782.907 167.586 240.41 615.013 487.509 799.036 201.48 225.575 750.846 475.422 186.775 357.405 664.669 504.001 434.954 304.923 308.715 487.305 821.76 822.495 820.405 727.795 154.208 793.348 530.034 788.577 621.701 634.858 715.196 80.7094 437.12 289.263 305.098 588.838 
478.239 592.171 107.517 65 422.995 482.734 432.005 178.53 342.257 483.713 608.691 529.744 79.0759 457.109 506.504 229.314 151.529 329.674 675.794 650.249 533.991 154.185 498.218 491.639 179.011 95.1262 535.523 374.363 369.437 389.976 590 337.771 290.413 389.104 44.4072 346.944 162.89 316.836 176.082 230.957 315.634 467.052 261.843 491.424 71.3442 516.419 319.658 519.659 397.334 308.058 290.904 332.844 387.769 101.242 356.387 246.862 551.34 731.057 293.288 455.027 139.832 270.453 293.334 390.448 440.756 272.883 481.922 63.0635 196.939 620.081 430.465 679.601 356.001 287.237 440.528 158.685 618.401 399.084 278.959 350.274 444.567 352.013 120.266 398.724 374.509 181.276 212.603 294.043 236.685 393.996 403.093 440.393 343.093 571.253 673.891 366.652 729.003 507.119 417.925 330.055 458.039 528.401 342.329 474.861 266.661 
587.072 667.942 202.04 69.8928 336.043 522.352 519.199 278.627 393.395 411.993 684.08 465.649 166.111 424.675 616.235 131.015 159.314 222.991 754.836 750.309 640.052 136.795 574.126 435.9 270.12 159.841 610.578 349.125 431.259 488.857 531.338 444.622 366.442 497.315 78.4347 250.46 236.205 296.015 221.461 268.405 425.47 400.622 371.594 535.965 61.4003 505.004 400.601 593.384 288.226 414.343 196.023 409.591 413.044 121.037 313.356 156.272 626.958 820.125 339.202 563.072 248.582 233.805 183.535 282.577 538.281 164.149 519.277 149.857 279.58 710.211 507.622 764.603 459.584 333.654 524.009 239.376 690.188 446.686 332.232 346.803 548.471 457.223 168.297 461.629 471.038 155.824 322.397 404.031 183.848 299.822 302.364 445.361 233.137 664.206 756.194 315.014 819.503 597.537 341.44 220.082 530.377 637.297 452.249 584.511 173.113 
908.643 1157.84 569.425 502.573 663.061 1023.87 701.157 619.33 894.665 97.4936 1174.35 36.3593 546.619 179.627 954.147 531.04 430.516 500.682 1241.12 956.747 918.101 414.483 1063.86 833.292 743.673 512.89 700.183 813.042 929.665 940.74 905.055 768.767 571.749 903.974 522.717 575.921 528.644 771.001 469.001 770.377 794.739 101.533 772.49 1037.93 559.204 972.307 605.26 1085.11 477.008 741.111 328.283 898.354 911.9 622.113 758.191 353.239 714.034 1290.25 840.914 876.77 644.225 301.705 452.604 368.599 771.565 411.643 1020.41 544.59 762.588 1179.1 645.945 1242.49 753.962 466.836 1005.31 723.874 1183.65 495.065 487.595 832.186 979.443 764.377 486.161 959.747 929.707 387.536 711.101 790.448 329.073 610.118 573.171 932.001 441.5 837.483 1238.21 201.735 1286.58 1067.09 169.098 440.315 637.122 1024.8 820.463 923.824 343.402 
173.738 375.183 443.847 556.619 853.584 517.633 418.344 384.147 435.27 940.592 386.172 970.512 474.853 846.832 136.066 704.256 584.042 811.555 401.05 397.281 252.052 610.571 337.682 834.197 357.946 504.723 535.045 674.818 393.634 175.866 922.139 248.823 456.898 108.342 538.015 806.257 474.575 633.404 534.248 476.92 208.291 916.922 239.069 499.866 552.161 722.84 436.867 357.946 884.589 270.148 783.368 329.462 536.191 523.001 705.365 738.32 539.933 367.952 451.542 195.78 372.259 707.611 785.293 887.722 339.001 769.717 526.795 483.513 368.436 284.007 478.519 361.311 281.256 555.763 279.258 398.453 414.56 595.211 533.766 606.976 99.1564 264.017 526.361 390.8 201.517 633.818 297.859 214.283 699.866 843.896 867.117 625.442 835.646 425.519 377.085 805.393 355.647 234.542 886.118 822.936 514.471 36.7696 183.404 138.813 759.055 
365.465 237.403 373.591 435.597 640.038 278.787 526.302 354.493 189.172 853.756 253.837 897.341 389.185 806.179 352.953 525.929 504.148 631.589 312.021 604.928 452.482 518.333 151.99 596.846 192.2 423.232 655.986 437.321 146.649 71.7008 680.842 331.423 484.366 184.878 414.982 609.606 432.723 402.349 485.268 255.125 258.745 835.945 217.329 265.187 399.645 475.682 483.848 177.102 707.132 329.123 655.705 85.0706 289.318 350.091 475.742 613.551 666.179 360.601 213.026 368.543 303.528 632.248 619.526 734.918 471.466 617.654 286.812 389.082 181.596 249.948 569.106 309.716 375.586 554.867 79.3788 221.551 271.326 634.724 535.597 366.947 149.218 357.106 451.861 146.986 47.5079 545.257 263.321 232.175 605.563 639.82 670.058 378.423 668.45 594.542 306.139 731.544 359.184 137.011 788.584 656.952 607.185 283.185 258.366 336.43 632.084 
948.574 1180.28 600.424 524.904 653.491 1037.41 745.952 653.809 911.5 106.212 1196.7 69.6419 575.701 227.02 993.385 535.182 460 495.066 1264.73 1002.6 960.565 441.022 1086.18 827.048 767.918 542.409 748.011 816.356 948.538 969.561 894.882 807.1 613.209 937.469 545.345 569.973 563.368 776.846 503.716 786.043 830.259 122.919 805.166 1052.51 577.031 974.624 647.521 1106.85 464.311 778.895 334.978 920.496 923.499 639.05 759.408 364.968 762.016 1317.52 857.168 916.911 675.167 332.039 450.983 357.022 814.921 413.766 1033.47 572.456 785.348 1206.32 691.749 1268.11 793.918 508.803 1029.57 746.063 1204.94 541.709 529.14 839.608 1011.02 803.711 516.721 978.8 957.532 414.584 743.909 824.568 352.966 601.002 562.029 939.004 434.514 883.801 1262.89 232.777 1314.4 1093.84 177.341 434.802 683.904 1060.83 856.36 962.739 352.677 
386.518 589.909 18.7883 139.169 526.165 524.527 330.238 75.591 380.185 515.644 606.531 552.074 45.1221 451.4 419.386 330.394 156.984 427.095 667.037 548.001 436.152 180.754 498.688 589.485 184.57 75.1798 438.292 462.819 394.057 354.993 688.07 241.549 196.787 324.84 125.877 449.013 86.3713 405.228 131.034 291.431 231.97 494.171 191.596 528.266 174.485 594.542 221.883 522.349 491.285 210.924 356.609 341.063 445.702 194.281 452.001 311.541 453.715 705.897 340.119 361.006 58.6686 285.044 385.593 471.068 337.747 357.874 525.8 57.0088 213.41 595.134 333.12 661.88 255.519 220.227 432.187 187.067 620.804 323.736 206.119 428.841 394.392 253.211 100.265 420.326 345.636 204.949 132.503 217.044 270.564 496.588 504.088 510.546 433.896 468.129 660.406 384.969 701.45 484.633 457.596 420.743 363.077 457.621 259.422 387.291 332.579 
436.807 369.931 265.023 286.447 480.926 279.007 514.615 280.503 135.237 704.569 386.29 752.916 266.908 679.342 442.986 357.351 372.086 463.087 455.748 661.281 516.462 378.423 275.83 464.215 65.3758 298.69 640.125 307.514 148.314 216.037 556.515 343.863 423.728 278.771 266.4 443.393 333.191 260.864 373.805 102.956 281.656 689.479 215.232 281.498 238.17 393.634 436.555 296.331 538.607 326.712 495.55 110.345 217.187 183.698 331.344 455.23 653.334 522.389 106.888 427.276 215.393 494.702 451.462 567.966 484.53 451.648 281.144 260.91 34 413.769 540.242 465.34 382.562 466.476 224.931 65.8635 394.656 565.014 451.067 246.473 291.076 368.348 328.184 176.233 192.51 405.571 221.253 249.046 460.027 476.105 504.195 297.968 500.13 619.601 456.653 590.912 522.75 302.491 636.473 488.75 575.817 411.618 297.2 417.423 472.607 
420.743 806.387 238.902 320.67 719.095 775.016 202.094 219.347 631.02 468.837 822.541 475.189 254.568 324.834 469.421 512.411 232.639 581.172 873.08 461.391 419.304 265.663 721.568 816.919 431.116 238.447 240.601 706.208 638.882 545.858 914.104 297.834 90.6973 467.059 323.633 627.968 171.479 648.676 164.502 545.642 348.076 439.318 358.469 776.66 390.948 845.599 112.004 746.464 624.628 277.521 429.787 577.99 700.058 433.073 685.579 395.683 257.158 886.833 593.633 388.294 281.455 271.162 525.095 561.758 271.33 479.993 777.023 269.208 462.01 781.589 154.719 855.967 270.542 55.2178 649.416 440.024 841.314 69.3542 53.8516 679.248 554.698 285.281 220.204 662.707 546.008 264.464 306.806 358.504 306.415 678.178 671.269 764.094 561.948 346.578 860.468 336.214 878.65 681.299 441.725 550.115 161.003 560.073 367.8 441.807 413.011 
198.927 584.788 205.448 340.035 723.802 606.36 172.699 128.32 471.692 661.272 600.167 683.44 242.099 550.071 241.357 532.203 322.893 629.42 643.001 347.817 235.468 356.202 508.348 768.731 284.004 259.515 301.629 626.911 461.806 318.101 866.645 55.2268 154.935 224.964 328.056 650.13 201.206 571.638 256.535 428.957 107.564 635.066 143.014 601.14 374.012 735.44 137.928 533.502 692.694 33.121 543.001 391.065 561.364 380.296 629.223 499.121 313.383 646.258 451.239 169.012 168.908 431.521 586.742 665.361 144.972 556.167 611.138 257.344 314.312 544.008 211.038 620.249 53.1601 255.225 434.256 313.002 622.142 297.572 233.214 578.412 313.982 54.1479 270.002 478.968 324.234 373.551 124.02 127.012 437.727 696.925 706.015 641.536 634.257 281.043 627.407 523.474 637.194 450.552 615.313 621.122 249.128 317.404 123.822 210.395 520.078 
459.848 839.324 259.278 326.497 717.631 799.811 236.324 249.098 655.516 437.018 855.575 440.438 270.296 287.837 508.587 511.601 230.868 574.256 907.415 493.875 457.083 261.197 753.383 822.982 456.844 250 259.946 718.154 665.824 580.582 919.326 336.61 128.55 504.406 331.851 624.76 190.379 660.946 171.026 565.194 385.479 407.123 393.137 802.477 399.626 861.074 151.208 778.152 613.678 315.748 413.998 606.805 720.951 445.88 694.223 382.688 276.132 923.395 616.137 427.398 308.6 250.284 516.815 545.389 308.521 470.023 801.39 283.637 487.188 817.538 184.003 891.442 309.726 57.7235 681.811 463.001 873.758 58.8982 70.0643 694.741 591.609 324.376 228.239 690.427 579.855 256.008 339.666 394.791 290.759 674.881 665.397 782.054 551.153 377.021 895.397 307.117 915.45 716.098 413.824 539.742 183.763 599.04 405.744 481.009 398.83 
342.987 882.721 579.959 707.664 1109.01 974.118 259.062 509.284 851.848 900.047 894.787 895.045 613.514 735.033 374.712 908.24 650.839 994.816 911.554 125.16 258.954 686.781 830.924 1165.53 677.975 618.081 214.084 1024.41 830.976 637.577 1263.69 390.366 417.388 518.325 701.157 1027.81 542.778 969.236 574.193 824.621 456.186 869.663 519.755 963.583 757.644 1127.84 380.132 854.112 1048.4 409.02 865.394 757.623 947.828 773.473 1026.12 827.673 200.562 865.306 839.86 332.988 563.257 711.872 944.073 996.966 252.66 904.258 980.748 630.449 706.804 793.272 287.084 869.272 352.797 492.577 761.479 709.48 922.339 423.288 480.368 974.413 588.919 366.005 615.179 841.429 655.21 693.017 519.874 488.459 743.455 1076.73 1079.25 1031.86 986.413 116.675 886.767 773.447 850.602 739.579 880.365 973.801 282.986 493.794 447.303 376.948 846.561 
544.945 662.341 155.081 20.6155 385.716 534.619 469.572 232.157 399.472 412.083 678.735 461.213 118.596 403.441 576.056 180.801 117.154 270.024 747.415 702.488 595.063 102.24 568.23 480.775 253.403 110.114 560.932 384.877 432.391 467.124 577.146 400.671 316.635 465.192 35.3553 300.167 186.4 329.686 173.358 278.928 386.157 397.316 336.048 546.059 68.7314 537.276 350.801 588.8 332.343 370.062 213.441 402.568 430.759 131.042 354.189 169.532 577.292 806.202 347.131 519.954 208.022 212.191 226.515 315.835 490.037 200.002 532.538 103.078 268.106 695.444 457.849 753.406 413.552 286.575 513.394 228.397 686.931 400.012 284.113 375.033 521.99 412.074 119.004 462.391 451.213 126.115 283.397 366.771 169.806 349.607 351.411 471.377 274.782 615.019 746.738 302.476 804.555 582.44 344.42 261.63 480.835 603.67 413.31 544.111 189.214 
206.475 745.716 458.416 590.745 985.114 831.024 164.076 383.888 709.172 834.748 758.359 839.477 493.753 684.446 244.739 788.926 547.671 881.069 779.468 96.2549 130.419 583.606 690.509 1031.78 538.563 503.245 201.137 887.433 687.879 495.976 1129.44 249.804 317.8 376.92 581.836 908.067 431.351 833.092 471.765 685.624 313.704 805.238 378.208 820.603 633.726 986.803 279.177 714.045 939.381 270.823 768.486 614.524 805.706 643.681 892.274 727.859 197.345 742.117 698.31 192.419 432.234 627.077 833.697 897.867 121.709 797.527 837.641 510.272 566.692 663.012 217.589 740.195 215.077 410.044 620.202 571.484 785.318 370.39 393.509 835.364 450.787 226.433 505.028 698.365 512.987 593.956 382.577 346.133 650.53 955.952 961.99 890.351 878.591 49.7695 756.024 701.14 728.354 602.316 805.105 865.666 232.863 366.771 304.237 241.35 747.813 
591.365 165.747 742.344 804.406 933.306 411.468 826.904 713.816 459.654 1223.53 152.882 1268.06 759.693 1175.35 550.818 867.385 874.973 966.535 77.4661 802.378 666.432 889.103 253.032 832.839 560.836 793.751 949.097 692.458 408.306 374.733 889.855 638.521 828.73 458.628 783.843 928.872 797.85 682.736 852.812 578.402 574.77 1206.32 561.405 384.526 761.506 643.028 819.225 238.933 1041.12 649.377 1018.9 413.6 513.448 705.66 750.127 978.354 955.088 68.5055 511.613 612.647 670.019 1003.16 965.709 1085.44 752.351 971.846 422.195 759.951 545.055 138.514 882.479 62.7694 679.003 911.935 299.628 585.062 163.884 977.737 891.314 623.771 369.381 659.995 822.125 379.812 379.554 916.077 618.108 560.461 975.808 947.8 985.5 574.529 1011.88 842.748 66.8506 1102.44 85.9826 240.208 1157.27 1001.62 919.992 429.197 560.29 556.465 995.921 
103.247 581.661 496.364 628.325 983.55 716.369 318.636 421.001 618.053 952.773 591.98 969.558 532.635 825.655 87.6185 808.084 620.184 910.983 600.122 197.162 88.3912 653.226 544.538 993.275 492.416 554 402.02 837.511 583.487 367.984 1086.47 249.002 426.011 258.521 613.668 921.215 498.514 789.487 552.965 632.155 269.091 925.409 333.114 700.6 648.171 907.044 392.938 565.289 978.497 280.002 839.434 513.455 719.59 637.358 857.443 795.182 401.329 547.001 623.205 129.016 441.808 726.423 873.578 959.409 235.476 847.199 724.846 546.255 512.851 480.401 383.564 554.564 248.745 530.905 482.902 531.994 620.784 529.283 510.158 774.964 301.04 243.187 566.644 585.609 391.152 670.871 370.099 296.655 734.932 964.56 980.098 808.644 922.545 259.124 573.753 814.946 532.06 442.11 910.372 909.405 411.272 182.562 244.761 113.146 816.221 
436.111 130 479.877 533.889 692.012 241.599 623.039 461.85 213.396 953.184 146.414 998.722 493.936 911.704 413.342 602.983 607.889 705.312 206.932 674.266 522.708 620.22 52.8867 622.097 290.814 527.887 752.033 467.181 159.154 144.42 696.605 427.019 590.263 261.228 513.367 674.501 539.894 443.717 591.849 317.233 355.276 936.483 321.279 220 490.82 468.902 588.164 76.7919 780.666 428.432 748.239 144.253 296.42 436 515.932 707.478 761.29 271.472 257.309 445.372 410.649 735.196 699.946 818.411 562.228 703.341 251.962 492.83 274.133 167.171 669.264 212.509 471 662.233 29.2062 314.116 164.712 740.79 642.884 395.103 192.754 452.01 556.836 138.813 134.629 647.324 369.986 331.851 705.97 699.089 733.399 378.566 747.337 678.189 204.561 833.882 273.542 73.3757 886.526 736.561 707.464 318.211 350.241 403.565 725.155 
667.032 412.074 454.591 408.96 359.001 178.631 742.54 493.812 147.679 776.379 423.962 835.154 440.967 803.299 668.061 349.468 514.389 425.688 499.418 895.275 748.866 504.896 339.426 267.47 291.606 464.091 864.521 115.918 198.285 405.191 345.701 578.206 634.054 498.121 395.182 371.259 522.061 115.109 545.39 150.053 515.986 769.931 449.81 202.319 334.055 159.85 653.342 344.569 493.88 560.04 545.162 251.436 63.3246 274.221 174.554 517.929 878.579 603.021 132.654 659.74 428.404 611.904 445.405 564.515 717.806 470.967 170.652 428.292 261.84 514.118 761.712 534.297 616.144 653.694 339.815 265.228 415.26 762.308 642.739 48.8774 484.451 602.438 490.046 215.838 379.241 528.655 451.576 483.343 562.702 380.063 421.612 70.859 481.749 853.396 514.618 692.847 610.03 426.691 703.808 474.768 795.335 616.835 530.483 644.926 528.096 
347.669 627.797 67.2086 196.474 595.671 586.001 257.389 38.2099 442.137 521.311 644.238 549.825 100.17 431.449 386.581 395.548 172.818 486.925 699.771 485.721 385.592 205.412 539.796 664.212 242.033 110.354 363.167 537.819 450.059 376.948 762.775 199.97 122.56 322.672 188.162 515.031 54.1295 480.267 113.649 362.229 212.941 496.855 194.517 587.576 244.935 667.72 146.731 564.307 546.857 169.331 392 390.664 513.942 269.201 527.015 348.144 378.636 726.906 406.09 318.981 92.5419 288.617 440.858 514.946 273 407.613 588.122 117.047 273.016 617.875 257.979 688.698 202.633 165.076 469.553 252.579 661.076 258.002 146.986 502.539 402.359 205.022 119 474.337 372.508 223.754 134.317 208.6 288.882 563.604 568.001 582.001 487.118 399.1 690.114 385.088 720.768 511.344 470.549 474.052 288.009 443.654 239.27 354.683 369.087 
789.915 568.016 511.077 425.353 220.057 323.827 825.671 567.441 301.231 722.104 579.231 785.107 487.509 784.006 797.492 290.993 529.306 331.483 654.05 1006.99 867.001 509.722 497.402 112.361 396.869 501.483 938.836 47.5395 354.045 550.553 202.04 683.237 696.646 631.932 418.306 262.393 571.56 98.2904 579.035 252.414 629.289 721.738 561.493 349.894 350.545 157.471 722.574 502.021 386.908 660.56 493.037 399.506 219.911 308.302 62.1289 477.595 954.09 760.111 271.974 778.235 506.949 599.544 369.087 476.414 814.863 407.83 314.027 471.81 372.834 672.146 833.751 691.018 716.327 692.83 495.949 360.867 568.595 806 686.488 118.068 629.946 705.326 521.82 373.343 524.623 528.38 548.78 597.409 544.621 254.207 299.152 164.128 392.537 950.908 670.592 663.821 767.48 583.412 650.588 389.235 863.713 759.126 647.871 771.679 481.751 
626.863 974.483 368.456 379.005 714.496 902.14 397.839 386.167 759.276 303.99 991.026 291.44 363.891 131 675.368 520.835 273.183 553.73 1048.12 648.753 623.213 286.009 884.634 848.482 570.811 333.318 390.001 770.592 778.904 725.339 939.202 499.917 291.431 660.48 392.413 617.778 305.039 716.434 257.093 652.43 542.738 273.485 540.32 908.886 455.054 924.578 317.844 908.639 573.413 476.844 365.137 728.234 809.133 513.352 733.967 350.361 404.079 1074.02 713.135 594.416 434.259 204.502 493.705 483.911 474.065 442.815 901.974 371.393 598.101 965.785 339.087 1037.24 475.619 191.784 816.165 566.859 1006.59 186.344 213.621 762.094 745.268 489.486 304.381 806.132 721.153 266.024 482.037 547.753 260.776 665.454 645.244 857.211 514.779 528.547 1038.77 201.4 1067.21 859.983 303.528 505.917 327.536 762.742 565 647.383 359.138 
381.084 892.574 451.807 563.565 968.345 929.65 151.083 395.804 793.374 701.168 906.927 692.885 479.505 532.339 428.215 762.342 488.001 837.8 939.698 277.189 326.221 522.533 823.622 1049.44 599.28 474.621 22.8254 922.74 785.21 628.039 1147.9 345.701 268.019 517.119 561.792 880.329 398.493 865.384 414.209 737.594 418.226 670.621 466.004 924.582 625.412 1046.13 239.134 848.496 883.722 349.047 689.226 714.457 879.448 654.941 912.781 655.403 11.4018 919.215 768.96 355.764 459.762 527.467 782.944 821.102 214.401 738.884 934.264 496.271 630.737 829.42 127.883 907.509 301.538 314.708 749.865 622.113 931.336 226.808 307.883 883.476 602.735 320.351 464.123 802.312 638.753 523.455 442.115 445.166 565.765 930.375 926.582 955.667 821.051 161.443 919.668 579.175 906.974 751.801 686.619 809.06 102.069 547.71 422.03 414.609 672.715 
699.923 854.895 311.662 205.251 402.892 709.358 562.925 381.589 582.52 222.991 871.174 278.643 278.948 269.833 737.553 228.14 180.1 238.516 940.796 817.898 735.011 147.105 760.848 551.96 447.833 250.799 619.965 506.357 620.223 659.591 636.419 552.161 404.605 647.244 225.763 306.452 302.106 460.576 252.052 457.073 554.691 213.338 514.596 723.915 248.823 666.177 443.234 780.774 258.606 521.349 51.4004 595.466 597.068 310.221 456.584 41.1096 636.475 1000.62 528.164 671.34 381.379 117.414 178.846 182.529 607.524 127.945 705.749 270.248 462.082 889.807 529.873 947.73 553.203 325.386 707.527 422.121 878.203 418.847 336.204 519.605 710.643 557.039 234.062 650.558 644.596 130.062 456.422 540.981 73.1642 352.091 329.237 619.533 198.6 713.558 940.74 146.277 998.867 776.804 152.269 189.433 540.367 781.54 582.11 705.471 42.9535 
803.2 433.632 622.676 575.022 434.166 186.625 902.849 659.078 269.007 923.108 440.13 984.199 609.533 963.929 797.075 489.124 681.007 545.047 507.579 1038.23 888.169 669.718 391.847 279.946 450.644 632.558 1027.08 208.866 300.588 518.453 313.6 729.91 800.538 626.125 562.108 478.461 690.41 248.91 713.846 316.509 663.461 919.533 600.074 211.568 499.196 68.4251 818.4 385.811 603.451 714.608 691.274 370.85 171.919 441.163 270.453 669.023 1040.7 625.399 281.753 800.141 593.255 773.491 577.062 689.525 872.122 610.574 175.693 596.858 419.44 559.2 925.454 555.645 770.039 822.252 422.303 428.812 421.1 930.602 811.173 192.938 593.63 755.017 658.302 302.06 493.957 692.597 609.742 631.064 722.272 471.069 516.117 97.7394 605.31 1006.19 530.752 849.772 636.435 498.643 850.659 600.824 959.857 727.927 674.479 777.486 676.705 
246.205 688.745 249.616 377.562 778.522 708.071 77.201 181.893 570.88 632.811 703.967 645.459 282.908 499.385 295.652 577.817 330.092 666.382 744.831 312.621 245.491 366.012 613.241 841.716 377 288.487 200.202 707.723 564.05 421.883 940.268 142.678 104.307 322.568 370.6 697.379 214.693 651.003 254.372 517.244 209.659 604.432 247.455 703.831 427.479 825.722 67.6831 638.383 722.912 135.204 551.287 494.272 657.012 446.947 703.096 510.358 213.251 742.03 546.518 213.827 241.919 415.043 617.544 680.325 103.005 580.383 712.43 299.848 408.344 642.676 106.019 719.735 104.446 206.4 539.137 401.199 726.372 212.151 186.703 664.729 411.811 122.544 288.201 582.238 428.869 376.751 219.536 231.7 434.658 746.186 749.448 734.129 661.753 217.002 728.16 496.107 732.025 552.856 596.625 648.891 144.125 394.183 221.081 269.564 530.396 
840.905 833.413 456.365 321.922 166.012 628.405 764.817 533.325 538.788 401.125 847.968 466.154 419.955 511.769 868.132 141.598 376.364 34.0588 923.298 1003.51 895.201 341.541 745.163 339.673 491.435 408.385 843.57 358.632 589.428 708.476 408.011 699.614 607.161 738.152 333.378 86.7698 481.741 336.69 451.774 420.707 677.23 408.961 619.494 650.007 297.229 506.441 643.828 758.969 43.4166 669.43 205.718 595.25 508.842 323.489 294.688 220.844 860.203 1008.46 486.124 817.609 502.494 367.614 81.2158 132.004 790.707 128.888 621.289 404.223 489.165 904.027 744.968 945.542 714.56 551.153 712.55 452.836 846.369 656.193 556.263 403.833 777.203 712.378 408.755 618.142 686.803 342.243 574.596 653.668 314.587 113.111 78.848 494.276 57.7235 912.921 931.585 387.924 1011.11 795.95 336.155 63.9766 762.552 879.184 703.45 836.741 210.24 
714.133 950.659 360.407 297.755 542.033 828.727 531.015 413.575 694.709 145.152 967.228 174.917 337.085 128.265 757.499 369.066 220.984 375.713 1033.04 791.003 732.918 206.015 856.89 693.745 535.72 303.384 559.151 643.926 726.664 731.225 777.638 570.225 385.389 696.951 317.309 446.266 323.373 595.785 263.856 573.203 590.39 119.436 564.685 840.907 360.756 803.374 422.092 878.6 383.172 541.303 180.887 691.805 721.249 424.317 596.444 182.395 574.836 1080.76 642.2 683.026 435.215 92.1954 317.32 287.237 591.805 267.29 826.182 335.172 555.8 969.631 484.653 1033.41 560.161 285.394 797.004 517.768 977.424 347.8 303.389 651.878 770.873 568.6 276.899 756.415 720.19 178.869 503.405 584.139 125.718 490.316 463.88 751.423 328.567 677.012 1029.54 7.81025 1077.05 857.723 112.178 321.629 485.309 821.119 616.709 726.377 183 
505.016 727.501 129.275 111.611 499.813 633.018 376.962 189.465 491.565 370.786 744.14 406.208 107.056 312.328 544.031 293.205 16.2788 364.446 807.406 626.31 539.045 52.2015 634.669 604.706 313.338 73 452.611 508.051 515.539 500.345 700.483 357.414 217.706 467.771 122.262 408.708 106.118 452.063 60.8358 381.435 366.105 348.634 334.786 641.082 187.92 657.882 255.525 657.417 413.727 326.833 238.648 471.959 537.941 243.101 478.819 196.705 469.221 850.65 443.606 475.96 204.022 139.201 310.595 366.521 414.22 269.268 632.38 108.227 337.202 739.667 353.638 804.976 357.202 165.702 571.42 302.399 756.415 277.914 166.931 493.465 539.874 361.332 45.607 544.027 490.038 66.3702 273.905 356.501 131.469 458.913 453.259 587.042 351.512 527.054 802.312 239.102 846.563 628.371 315.539 338.999 371.602 596.154 393.178 512.091 217.007 
164.222 572.931 237.394 371.646 750.483 609.094 174.287 160.515 478.029 695.708 587.933 717.351 274.06 582.602 207.06 561.485 357.347 660.019 627.462 322.298 203.18 390.463 500.009 789.636 297.417 292.754 303.949 644.937 464.25 306.283 887.103 25.5539 184.391 204.963 358.954 678.724 235.79 590.529 291.247 444.042 94.0479 669.389 144.312 602.364 402.405 748.038 162.89 525.034 724.222 28.4253 577.031 392.165 570.636 405.08 650.175 533.015 314.306 625.096 461.339 134.35 194.99 466.181 618.392 698.72 129.653 588.738 614.437 288.882 326.547 525.09 221.287 602.098 27.8029 286.819 426.001 329.207 610.953 321.795 264.881 593.842 294.245 20.2237 304.059 479.517 315.025 408.065 140.014 120.354 472.356 724.967 735.266 652.854 666.265 265.047 610.568 557.869 615.393 435.773 649.998 653.119 259.422 287.256 103.446 176.366 554.004 
629.003 241.002 533.385 530.212 542.333 15.6205 766.415 548.205 135.794 929.556 250.338 984.608 531.738 931.775 616.209 518.611 627.953 603.839 323.483 868.131 715.856 627.357 190.339 432.047 334.073 561.538 895.172 296.378 131.939 333.21 492.26 579.028 690.837 448.529 512.445 553.399 601.998 297.659 639.704 251.382 507.843 919.47 452.055 18.6011 463.856 250.833 700.709 185.54 674.283 569.772 702.983 203.973 122.886 400.312 357.883 670.251 907.121 435.005 183.439 630.754 484.001 741.669 617.353 738.221 722.386 636.73 25.9422 523.474 303.323 360.111 799.65 365.001 622.049 735.617 225.089 329.371 237.065 834.06 720.407 232.723 403.252 604.95 590.488 118.512 310.981 653.563 477.766 477.218 698.85 563.863 605.072 173.833 657.317 851.156 342.422 831.636 444.325 297.607 857.861 649.249 836.481 536.034 513.281 600.191 683.392 
157.848 415.217 475.988 593.902 901.493 567.842 414.185 411.779 486.893 968.234 425.131 995.475 508.523 866.751 111.324 748.043 614.469 855.005 433.195 362.465 224.982 642.576 384.159 885.024 404.487 537.018 524.034 725.769 445.112 227.482 973.347 262.24 470.541 151.331 575.89 852.048 501.059 683.779 560.423 526.881 234.542 943.687 275.218 549.586 593.863 774.4 446.972 403.435 927.365 287.341 819.103 381.077 587.804 567.596 755.479 773.983 527.398 387.177 502.813 185.648 406.736 735.42 826.831 926.739 331.429 809.327 577.139 518.299 416.557 313.823 476.828 389.082 288.503 572.409 328.466 445.199 454.12 602.516 550.404 658.201 150.243 273.123 557.043 441.862 253.14 664.87 331.097 246.455 730.995 890.573 912.766 677.044 877.124 403.273 407.333 831.844 373.363 277.894 916.036 864.299 511.239 16.4012 207.74 125.706 794.882 
277.042 321.174 544.615 648.645 912.014 512.583 529.51 490.153 460.245 1044.02 328.25 1076.44 573.334 956.612 231.683 779.797 685.729 887.289 323.867 477.708 344.948 710.18 312.541 871.674 429.942 604.728 642.819 712.43 410.946 216.037 953.585 362.218 569.822 205.643 629.153 874.211 580.848 677.822 640.439 527.674 317.695 1021.29 338.498 490.723 634.972 736.22 550.364 326.833 961.84 382.734 876.522 360.111 555.844 598.118 751.168 831.828 646.688 267.541 488.525 303.059 470.942 811.533 866.447 974.159 448.412 855.506 522.917 580.326 433.336 203.973 590.665 275.153 394.789 667.605 275.045 468.481 357.918 708.808 645.654 641.508 144.184 377.614 628.135 399.742 240.408 734.482 399.431 319.011 800.106 908.055 935.182 642.483 916.647 523.619 295.926 910.328 253.338 201.308 987.154 904.299 626.135 110.368 294.279 243.578 852.177 
396.023 850.57 336.091 434.329 836.232 850.88 139.603 295.025 709.228 565.637 866.05 562.43 358.6 403.792 446.346 629.554 351.206 700.368 908.812 375.932 370.218 384.752 772.243 927.781 509.313 348.106 124.619 809.944 709.558 584.098 1025.64 307.584 152.778 487.419 435.115 746.054 274.754 752.247 280.243 637.064 373.101 535.28 403.407 849.415 501.172 942.788 139.176 797.422 743.958 298.116 547.653 643.131 786.865 537.707 793.892 514.533 140.73 906.803 677.62 364.978 360.976 385.539 644.466 679.433 224.207 599.373 854.112 374.593 541.053 807.545 74.5185 884.514 268.477 174.614 698.355 525.334 887.638 89.0225 170.485 777.345 576.691 287.044 333.588 730.463 589.374 383.857 364.034 392.625 424.185 796.247 790.206 856.893 681.281 255.149 892.624 439.901 896.653 716.501 547.171 669.481 53.9351 553.596 385.811 424.005 531.512 
540.145 175.841 489.965 510.217 592.041 111.041 693.618 492.667 122.613 923.231 189.233 974.559 494.507 906.989 524.748 535.202 599.844 629.966 265.174 779.827 627.302 604.633 102.591 503 286.965 526.639 823.241 354.404 81.3019 242.002 571.939 501.662 632.331 359.65 490.846 588.588 556.619 341.287 600.531 248.421 429.294 910.22 379.051 92.1954 452.411 338.681 638.007 105.929 703.548 495.663 704.111 134.302 176.343 390.779 409.695 667.387 834.325 364.485 177.46 543.956 431.742 720.795 634.606 755.677 643.77 646.759 121.017 488.943 259.725 277.521 731.548 296.142 545.477 687.783 129.727 293.552 186.253 779.647 670.82 283.989 309.235 527.595 556.16 51.8941 221.416 631.627 413.001 400.281 683.217 606.321 644.461 251.531 678.57 769.15 277.606 815.365 371.383 204.088 853.178 669.126 769.115 441.255 431.723 510.217 682.72 
839.4 579.726 572.087 487.985 249.882 328.445 884.466 626.844 332.674 777.032 589.57 840.6 549.193 844.133 844.541 349.367 591.927 380.433 662.707 1060.27 918.195 572.158 516.551 94.5569 449.419 563.703 998.972 99.6393 382.758 588.919 160.723 737.529 757.617 676.735 480.833 308.081 633.281 156.426 641.505 302.835 681.279 777.85 613.633 355.373 413.088 121.264 782.936 518.217 429.784 715.793 549.855 435.643 240.352 369.846 122.801 536.411 1014.1 773.507 311.734 829.136 565.407 660.821 422.366 524.696 871.23 463.471 317.788 533.634 423.68 691.532 894.002 703.683 771.806 755.238 523.562 415.087 576.028 868.332 748.712 157.099 668.35 760.18 584.277 398.318 562.922 590.59 604.242 649.059 605.601 291.728 336.868 165.511 441.784 1007.43 681.622 723.156 782.108 609.565 706.1 439.659 924.4 799.762 698.745 819.727 539.637 
806.385 810.32 421.284 286.819 180.679 611.47 730.011 498.262 516.236 389.679 825.126 454.485 384.86 490.123 833.98 110.856 342.358 14.0357 900.125 968.401 860.276 307.8 721.025 346.671 460.353 373.311 809.667 349.588 565.873 678.393 421.07 664.783 572.549 705.517 298.376 89.2749 446.799 322.579 417.465 395.784 643.044 395.062 585.821 632.261 263.427 501.862 609.102 735.558 71.5681 634.555 181.838 568.599 491.81 292.181 287.312 191.971 826.293 982.961 462.776 782.924 467.89 338.941 49.0408 131.947 755.604 99.3227 604.795 369.152 459.244 877.599 710.676 920.844 679.524 517.92 686.167 422.267 824.488 623.862 522.603 389.651 746.153 677.419 373.909 595.003 657.116 309.433 540.296 619.785 284.823 128.098 103.247 483.001 47.927 877.976 907.556 365.625 985.193 768.668 322.039 46.3897 728.643 846.532 669.362 802.524 183.358 
292.219 472.848 150.243 254.692 590.019 452.448 331.851 119.038 313.383 649.296 489.248 685.509 176.386 579.767 314.396 416.062 290.682 521.124 544.7 494.446 359.862 313.337 385.811 615.695 121.795 208.614 457.926 468.825 310.092 224.321 712.537 170.182 254.136 194.487 236.324 527.307 200.42 414.982 256.535 267.686 125.228 627.864 65.0308 450.059 257.63 573.247 260.377 410.546 591.487 148.071 481.5 244.131 399.962 243.181 476.602 436.497 470.894 575.634 289.581 273.856 75.4321 418.6 489.026 587.041 305 469.777 456.248 183.068 152.118 465.572 359.562 534.877 204.24 319.399 314.76 152.794 506.558 402.782 300.222 417.455 260.716 192.333 233.805 331.038 218 338.195 38.4838 98.9949 403.377 570.323 586.615 479.334 539.112 441.073 535.511 518.437 570.435 357.274 590.547 526.161 395.976 332.032 149.907 283.637 457.171 
642.012 892.433 293.825 248.129 545.184 783.534 462.313 343.351 645.899 217.267 909.057 243.282 273.386 153.734 685.455 356.202 158.405 383.481 973.185 722.25 661.254 151.288 799.171 684.634 477.378 239.341 497.888 619.003 674.463 666.216 773.204 498.263 314.186 627.647 266.16 448.412 252.8 567.642 193.127 528.11 519.64 191.084 496.049 794.036 317.97 776.66 351.283 821.516 404.501 469.465 196.026 635.21 680.425 380.764 576.837 180.228 513.931 1016.85 594.983 610.902 368.481 39.0128 323.472 320.095 521.035 272.547 781.758 273.47 499.472 905.925 418.47 971.305 488.043 216.083 737.082 462.776 920.526 288.571 233.137 619.436 703.139 496.488 211.436 703.706 656.293 124.788 434.66 514.327 94.3663 495.629 474.937 717.722 345.036 609.765 968.471 79.3788 1012.61 794.718 179.003 335.9 421.783 750.235 545.766 654.378 188.905 
370.567 324.045 285.323 339.063 563.136 296.015 483.132 278.097 167.275 757.716 340.688 802.178 297.321 715.32 371.216 434.626 410.824 541.356 404.022 602.675 453.785 423.382 232.177 540.992 95.4254 331.168 611.967 382.394 151.344 134.373 631.095 297.809 416.39 202.556 318.454 524.527 348.368 339.096 397.575 182.428 228.653 740.341 169.189 290.869 303.356 451.19 422.019 255.82 616.64 286.833 558.965 82.0244 265.68 255.885 410.844 516.73 623.847 457.404 164.454 365.099 220.095 538.139 526.203 640.154 441.322 522.396 301.081 295.801 86.6487 346.781 517.487 405.444 340.026 476.092 167.887 125.801 354.295 564.416 458.154 317.101 208.866 323.543 360.285 169.664 111.803 450.44 197.091 196.774 509.828 558.014 585.437 353.051 575.613 572.906 400.425 636.965 456.004 233.823 692.117 563.845 554.704 331.145 238.562 347.876 535.306 
604.003 119.202 719.734 772.678 880.596 353.306 829.053 697.282 412.54 1191.86 103.73 1238.47 734.479 1152.09 566.848 823.772 848.474 920.723 34.4384 824.107 683.003 860.409 212.514 774.981 530.73 768.45 954.034 637.64 363.341 361.735 829.825 636.68 818.734 457.551 752.269 880.157 778.278 630.817 831.39 534.734 569.64 1175.83 549.004 326.559 725.483 582.416 812.108 194.402 994.694 644.64 982.207 377.619 459.184 667.611 696.656 942.759 961.033 123.004 465.988 622.676 649.303 975.628 922.745 1043.24 757.977 931.4 363.816 733.426 512.227 147.868 881.976 75.7694 678.671 897.118 269.804 551.632 107.205 968.886 877.075 570.166 369.899 659.469 797.349 333.793 362.271 887.552 602.904 552.163 945.476 897.093 935.774 516.551 967.91 856.029 54.3323 1074.1 139.313 226.762 1124.3 958.049 919.905 447.581 557.842 569.001 959.675 
216.668 349.757 331.186 433 721.732 427.2 395.464 283.572 322.887 830.938 364.408 865.716 358.504 753.165 207.909 572.735 472.23 680.177 403.372 455.952 303.556 495.456 282.986 708.517 225.568 390.509 523.382 550.091 289.62 86.4928 798.784 200.412 386.595 36.7967 413.628 673.909 373.209 506.025 432.02 348.432 132.503 809.03 127.475 414.162 422.67 611.962 376.464 307.358 753.638 207.48 660.846 218.525 424.454 391.155 577.034 616.105 532.034 410.113 330.409 219.823 256.743 599.391 655.488 760.475 331.798 642.007 434.885 364.929 236.713 305.011 445.61 380.539 243.502 474.435 210.858 266.085 388.33 535.014 453.134 484.487 80.6226 224.288 414.946 294.552 103.078 520.212 188.733 118.512 585.491 711.551 734.787 513.585 705.836 448.939 387.382 698.892 402.449 211.419 772.658 693.25 483.707 167.726 121.807 188.661 636.497 
666.101 380.601 475.946 438.463 394.614 141.524 754.73 510.533 135.074 812.274 391.86 870.579 464.64 835.428 664.251 386.939 543.038 463.871 466.836 897.684 749.443 535.165 312.16 293.002 302.424 489.295 878.554 148.946 180.314 394.454 365 584.661 652.274 493.328 423.798 409.176 544.193 153.154 570.505 169.169 520 805.308 455.18 165.955 364.66 155.57 669.79 315.357 531.99 568.177 581.446 241.019 35.4401 303.389 210.202 553.364 892.24 572.943 135.074 660.64 444.671 643.854 483.26 602.549 725.959 508.193 133.147 452.747 271.459 487.263 776.804 503.707 623.939 676.948 319.249 280.179 381.792 784.029 665.117 86.4002 472.945 609.434 516.024 193.546 368.774 559.473 461.979 487.403 595.615 417.116 459.017 57.3847 519.865 860.768 483.175 726.48 580.595 404.605 739.757 512.825 811.2 606.595 532.768 642.452 563.994 
128.445 657.39 378.583 512.923 899.444 734.191 143.224 301.974 611.756 793.91 670.649 805.732 414.895 657.209 175.559 707.481 482.147 803.318 696.414 172.363 88.3233 517.357 598.161 939.167 442.832 428.572 238.516 792.864 590.77 402.375 1036.39 154.156 265.189 284.178 502.113 825.703 361.522 739.135 408.828 589.971 216.333 765.476 281.277 724.164 549.714 889.873 228.705 622.101 864.84 177.609 704.557 517.426 708.378 554.91 799.786 662.145 241.456 668.401 601.21 105.475 344.076 574.891 758.802 831.039 61.327 725.713 740.692 430.781 470.457 582.602 208.195 660.51 123.822 367.165 526.802 476.693 696.854 354.87 347.754 739.552 362.609 132.28 434.43 601.694 418.285 530.911 289.111 248.809 591.409 872.639 881.232 793.235 805.325 132.91 674.503 657.198 655.69 514.262 757.242 792.251 236.907 295.115 207.06 162.505 682.695 
845.939 1021.2 469.308 372.109 485 866.719 677.804 533.51 744.829 82.3893 1037.41 147.34 439.264 235.519 886.711 359.924 329.88 322.591 1107.52 937.653 871.755 302.676 927.244 655.232 615.081 408.496 709.736 640.857 784.547 825.797 727.001 699.263 527.418 808.24 392.686 397.819 447.25 601.801 390.493 618.45 710.018 95.8541 675.005 882.807 414.367 799.13 565.173 946.829 300.673 669.156 162.25 762.106 751.362 474.236 583.988 197.436 725.442 1167.85 689.977 815.843 541.842 217.221 276.053 192.354 734.613 238.296 862.339 432.501 629.21 1057 633.696 1114.95 694.274 431.561 874.669 589.187 1043.81 498.415 448.071 665.073 874.786 700.723 387.291 814.948 811.281 279.501 615.313 699.143 213.378 432.01 395.669 764.222 263.274 825.324 1107.79 146.164 1166.02 944.002 39 262.195 635.492 939.52 737.163 854.958 182.258 
147.33 425.104 471.84 591.014 902.541 574.882 404.224 406.674 491.855 962.761 435.167 989.432 504.724 859.786 100.424 747.242 609.782 854.037 443.878 351.717 213.937 638.249 392.734 888.235 405.088 532.843 513.469 729.151 450.8 232.744 977.047 254.825 462.758 151.463 573.188 852.052 495.591 686.571 554.833 529.379 229.652 938.033 272.523 556.925 592.372 779.827 438.682 412.284 926.121 280.48 815.659 385.946 592.976 567.208 758.027 770.537 516.737 398.221 506.696 175.514 403.277 730.068 825.174 924.221 321.237 807.034 584.086 514.782 417.94 324.6 467.064 399.981 280.071 565.022 336.03 445.852 464.087 593.721 543.033 661.971 156.541 265.002 552.461 448.179 258.213 660.298 327.471 242.854 726.406 890.983 912.691 682.288 875.429 392.256 418.122 826.16 384.398 287.139 911.089 862.569 501.303 25.632 202.608 115.603 791.473 
650.603 337.623 488.185 462.082 438.965 97.6371 754.112 516.629 116.039 845.802 348.528 903.076 480.004 861.976 645.62 424.848 564.896 505.072 423.219 885.242 735.332 559.464 272.342 334.383 303.727 506.569 879.866 193.259 151.99 370 402.349 577.915 659.54 474.473 446.23 452.001 557.039 195.801 587.246 184.532 510.813 837.769 448.055 121.643 390.386 177.674 674.738 274.007 574.126 563.494 616.093 219.317 27.8927 327.666 254.521 586.305 893.06 530.586 134.123 647.198 450.699 670.458 522.274 642.281 720.603 545.206 89.8109 469.24 272.029 447.219 779.695 461.104 618.568 690.742 285.465 286.876 337.854 795.448 677.774 129.85 447.103 603.195 534.214 159.931 344.859 584.524 460.722 478.502 623.924 460.99 502.606 83.1685 560.173 854.104 440.109 755.765 538.628 368.816 773.471 552.743 814.963 581.416 521.525 625.353 597.847 
648.787 575.587 322.816 228.002 236.028 382.782 645.007 386.84 281.258 559.893 590.282 619.388 295.677 598.018 666 135.207 332.032 226.991 665.445 847.312 717.44 313.543 487.115 275 261.842 306.472 751.902 171.493 331.4 465.211 373.451 524.272 507.08 515.403 221.653 195.346 378.958 119.604 382.498 163.49 482.088 554.314 416.332 401.726 153.935 328.44 535.676 501.004 301.423 497.918 328.343 340.054 264.433 121.754 140.89 302.63 767.616 750.955 228.123 631.573 332.67 409.24 234.079 355.196 644.686 254.945 377.202 279.294 250.154 647.637 646.747 687.593 551.439 496.505 456.422 221.054 589.49 609.946 491.044 177.116 539.209 543.401 325.42 360.257 441.653 333.444 388.353 452.929 356.351 227 255.691 277.027 275.835 778.781 673.529 482.469 753.985 541.361 487.283 266.957 674.71 653.937 504.929 636.84 311.785 
465.446 440.555 221.443 219.208 427.142 324.969 505.756 255.033 182.562 634.962 456.793 684.604 215.128 617.435 478.62 288.617 311.333 395.386 527.092 677.712 539.456 313.949 346.586 433.377 71.5122 244 626.163 284.965 209.755 279.485 529.48 353.895 396.011 324.211 199.822 381.047 290.338 231.366 323.125 88.7694 301.48 620.694 233.848 332.146 166.508 397.175 414.56 366.35 470.635 331.694 423.71 181.813 240.52 111.826 295.21 383.763 640.41 594.416 136.62 451.359 189.615 429.942 380.97 496.533 487.452 379.824 325.026 205.995 60.2993 485.556 523.011 537.421 387.703 424.17 297.042 31.9061 463.975 528.887 411.024 236.028 350.321 376.191 272.809 239.454 257.721 340.834 220.166 270.304 392.46 417.08 442.055 308.326 430.081 623.687 528.519 524.382 594.633 373.873 566.196 418.47 556.529 462.589 321.758 450.557 400.895 
420.697 681.825 75 152.742 557.781 615.877 300.648 110.145 471.704 446.875 698.417 476.592 80.4114 364.071 460.601 352.502 101.005 435.137 757.475 544.39 454.089 135.624 591.26 644.405 278.029 64.6375 388.95 531.094 487.283 440.066 742.189 273.386 144.807 394.463 151.819 471.429 21.2132 473.565 41.0366 375.971 287.124 422.711 263.638 620.472 217.745 671.585 180.094 615.118 489.923 243.074 323.048 434.615 532.376 257.963 511.419 280.321 405.276 791.363 429.466 391.337 142.562 214.037 384.838 449.361 331.549 347.246 616.733 94.255 306.415 681.297 285.806 750.017 272.184 132.371 523.717 278.086 713.32 242.621 122.413 505.202 471.501 276.525 55.4707 513.782 433.001 151.268 202.299 281.016 215.39 521.162 520.597 592.19 428.621 448.987 749.727 311.103 786.034 572.403 395.919 415.78 309.104 517.889 313.665 428.803 300.927 
512.268 880.784 287.898 335.336 712.811 829.962 286.204 288.943 685.686 392.674 897.157 392.255 293.015 237.2 560.929 509.009 232.693 562.939 950.859 541.543 509.098 258.182 793.357 827.813 489.612 268.168 296.53 731.268 699.263 625.001 922.727 387.587 178.899 552.826 343.682 618.098 219.495 674.759 186.869 589.191 434.166 362.399 437.969 834.022 410.908 878.427 203.435 817.906 596.665 365.821 392.046 642.97 746.043 461.979 703.034 365.042 312.059 970.247 643.796 479.818 344.511 224.143 504.103 521.464 360.251 455.456 830.954 304.421 519.047 863.496 230.705 936.618 361.707 88.6002 722.731 492.154 914.464 84.9294 108.227 712.697 639.253 376.056 242.835 724.856 623.026 247.681 382.394 441.844 271.155 667.816 654.927 802.995 534.76 423.137 939.741 267.524 962.689 760.424 374.961 524.005 225.222 650.302 455.23 533.205 379.306 
862.755 904.076 469.886 337.429 254.283 709.485 759.129 546.502 611.033 317.788 919.135 382.539 433.343 445.457 894.162 199.324 366.27 110 993.694 1007.31 909.774 330.215 813.683 430.537 539.57 415.117 825.621 447.103 659.531 759.48 495.238 717.423 599.721 776.596 353.023 178.194 482.421 421.07 442.9 488.428 704.003 328.976 651.421 729.99 333.264 597.235 637.779 829.059 65.2763 686.578 158.051 657.932 589.864 372.834 384.038 189.652 842.221 1073.32 556.939 837.189 526.034 326.497 102.528 43.1856 794.376 118.423 702.934 419.38 542.028 966.564 731.894 1012.47 726.994 530.33 775.6 503.492 919.444 627.714 538.892 488.144 823.811 727.232 408.917 689.046 739.428 323.595 601.03 683.533 280.401 202.41 162.373 581.237 54.9181 909.387 1000.09 325.424 1074.88 856.253 257.69 65.307 745.242 916.917 731.034 862.232 172.363 
722.42 1010.39 405.494 370.203 640.103 905.623 512.458 444.963 767.771 173.081 1027.03 164.779 389.217 32.249 768.768 464.321 277.218 473.781 1089.74 769.016 729.538 273.163 917.606 790.55 596.161 355.317 517.929 735.258 795.611 777.412 875.267 585.211 384.334 729.431 388.104 544.266 355.148 685.382 296.998 650.189 616.419 142.636 600.844 916.059 439.692 893.985 417.02 940.324 479.413 558.624 278.948 754.603 802.19 502.67 690.018 278.883 532.504 1128.77 717.025 690.331 478.84 159.625 415.384 380.338 582.684 365.262 903.843 391.152 619.311 1018.33 458.193 1085.59 567.979 279.159 853.972 583.301 1039.33 309.104 300.341 739.003 808.906 579.25 326.308 824.67 769.141 246.84 539.768 615.228 209.497 588.396 561.681 837.819 426.005 650.502 1083.88 95.2733 1123.74 908.296 180.278 419.363 451.284 844.531 641.225 738.953 280.708 
493.207 380.468 295.002 291.137 434.093 249.467 564.03 321.629 107.564 702.026 396.213 753.595 290.367 691.388 499.075 328.27 386.115 430.847 469.068 717.029 572.713 387.253 287.96 408.824 111.826 319.495 687.818 251.432 140.464 262.718 500.49 398.102 464.407 333.718 272.459 404 364.001 206.129 398.408 49.6488 337.308 689.139 270.414 256.889 231.206 340.037 480.213 305.321 506.32 379.729 484.373 131.867 170.262 169.918 277.694 446.723 701.463 546.191 62.0322 483.541 255.666 502.726 425.715 545.061 537.509 431.867 249.61 281.476 81.5414 440.684 586.374 485.255 435.831 498.009 249.209 91.7878 400.472 601.001 484.202 190.142 340.156 422.2 348.313 170.836 237.842 413.89 271.768 304.764 463.062 433.24 464.123 246.008 472.708 673.085 473.608 595.617 548.209 332.962 632.048 462.067 621.097 464.295 353.362 473.714 462.526 
218.49 651.814 237.287 369.283 765.506 674.994 104.752 164.402 539.171 648.871 667.001 664.713 272.356 522.383 266.835 567.706 332.063 659.697 707.723 313.383 228.694 367.448 576.781 821.702 347.937 282.195 232.659 684.378 530.612 384.949 920.09 105.849 121.264 285.617 360.468 686.997 212.269 628.172 258.496 490.496 172.627 621.138 212.361 670.129 413.818 798.42 90.6973 601.905 718.811 98.4124 554.437 460.185 627.12 428.515 682.552 512.285 244.788 705.464 516.714 186.078 219.427 426.075 612.944 681.561 100.305 578.014 679.606 288.95 378.906 605.743 142.425 682.739 69.6563 226.385 502.673 374.214 689.511 244.935 205.409 639.028 374.893 86.8217 285.708 548.12 392.227 380.613 188.693 195.208 441.163 735.158 740.587 705.72 658.474 229.009 691.082 511.321 695.593 515.757 609.275 645.477 180.624 360.767 184.049 239.266 532.741 
555.36 236.542 459.498 466.447 531.32 91.7061 687.589 471.004 69.0652 874.448 249.778 927.341 460.092 866.492 545.183 478.377 560.515 571.361 325.738 793.656 641.788 562.524 160.153 445.364 258.118 490.927 816.319 294.635 53.1601 263.759 517.426 500.74 613.236 375.601 447.779 528.609 527.649 280.558 567.62 195.256 429.885 862.594 373.363 88.0227 404.5 291.625 622.435 166.111 644.512 491.082 652.228 125.925 118.207 341.696 349.15 616.844 828.281 424.675 123.693 555.676 407.398 678.054 577.866 699.097 644.199 591.943 97.5756 452.881 228.116 335.001 720.89 356.634 543.6 660.74 169.779 257.093 245.589 757.481 644.987 223.754 337.891 526.636 520.202 46.2277 240.01 589.2 399.091 398.995 637.942 545.759 584.132 199.249 621.003 773.698 338.321 770.634 431.195 252.769 803.665 611.845 757.777 472.121 436.125 527.603 631.419 
256.096 293.002 383.275 476.471 738.139 396.146 453.722 340.654 308.701 881.777 307.104 918.543 408.271 809.707 236.698 602.031 523.474 709.524 343.216 495.084 343.001 544.783 233.24 710.018 252.192 441.163 580.669 550.382 267.686 49.4065 796.779 259.887 447.303 83.006 456.508 697.316 429.219 510.886 487.345 356.355 193.259 860.717 184.505 380.203 458.373 596.484 437.389 256.603 784.083 268.164 703.952 202.921 409.664 420.374 583.541 659.686 588.765 350.019 326.267 265.092 308.462 651.611 689.081 797.969 387.001 679.292 404.797 413.189 256.158 244.18 505.244 319.615 302.333 533.982 165.109 290.766 332.096 595.906 512.829 481.705 34 283.099 466.806 266.58 74.9466 570.232 244.761 179.011 634.741 732.154 758.319 498.953 739.219 498.648 326.682 751.469 342.831 152.191 821.721 726.936 543.253 162.985 181.033 224.199 679.676 
649.862 368.331 465.018 431.552 403.773 134.618 740.709 497.933 118.431 810.353 379.954 868.081 454.688 829.957 647.781 387.8 535.486 467.591 455.242 881.79 733.348 528.607 298.002 307.163 288.481 480.009 864.972 159.831 163.982 377.816 380.613 569.478 640.052 476.823 416.387 414.816 533.499 158.685 561.089 158.534 504.433 802.78 439.877 157.785 358.586 171.898 656.988 301.955 536.731 553.326 580.149 224.377 20.025 296.594 219.313 551.047 878.554 560.022 120.067 644.599 432.001 638.355 485.004 604.903 711.047 508.434 127.142 443.162 257.303 473.052 763.551 491.015 608.993 666.616 303.416 267.442 370.775 773.011 654.428 93.4773 456.327 594.341 507.08 177.89 352.132 553.249 447.699 471.861 590.893 424.572 465.869 73.5391 522.725 845.669 470.919 722.274 567.388 389.102 737.933 515.335 798.159 589.958 516.942 626.081 562.212 
579.152 465.508 313.081 262.498 331.097 286.419 616.292 360.451 172.047 645.608 480.368 701.724 296.441 659.94 589.883 240.601 367.545 337.249 555.306 793.335 654.488 359.084 376.586 318.404 184.459 318.058 733.431 169.918 221.07 365.318 414.005 469.465 496.339 429.504 248.29 303.99 378.984 115.745 399.271 54.4518 416.515 636.454 348.749 302.248 188.664 295.203 518.773 390.749 411.925 446.9 418.384 231.657 174.977 127.475 181.571 386.048 748.184 640.494 117.992 566.083 297.357 468.339 340.037 461.183 601.845 354.295 282.554 283.007 163.294 537.736 629.063 577.022 502.765 508.921 346.879 147.272 480.416 618.954 498.913 129.027 442.09 491.586 343.494 250.218 340.648 383.444 335.172 384.984 421.217 331.072 363.373 217.279 384.131 738.026 563.043 553.03 643.681 432.678 573.663 374.556 660.984 563.663 436.033 562.765 398.848 
923.962 746.373 594.348 479.505 101.02 501.512 918.805 662.593 473.086 668.075 757.673 733.098 563.565 768.495 938.053 290.512 569.689 267.172 832.515 1125.77 994.796 541.421 674.247 94.0479 530.872 567.367 1019.68 219.659 527.009 710.921 141.032 802.529 773.994 779.838 480.094 194.165 643.351 246.497 634.414 400.216 758.146 675.186 691.393 527.822 417.195 303.771 805.402 679.724 290.496 776.357 460.288 565.106 397.82 399.224 173.118 461.494 1035.81 938.099 436.646 908.119 610.669 603.733 323.396 396.989 922.406 373.048 491.48 546.594 512.879 848.416 915.276 869.181 829.87 746.427 668.27 491.024 747.001 859.015 745.209 291.29 789.305 821.842 580.195 548.329 685.441 552.598 666.461 728.064 547.249 154.081 192.151 339.629 323.303 1055.73 848.96 643.854 945.19 756.214 602.2 326.12 940.495 913.587 779.947 909.961 457.683 
741.947 748.152 361.179 228.09 195.359 557.417 676.049 437.617 455.247 408.049 763.21 471.289 325.246 484.381 768.534 44.0114 296.319 66.1891 837.783 909.462 797.797 263.964 657.882 337.617 392.766 316.931 761.665 310.693 503.605 610.99 422.291 601.775 520.64 638.254 237.508 100 392.226 275.61 368.62 332.555 577.707 408.431 519.542 577.006 197.464 468.334 556.141 673.146 139.169 571.848 181.177 503.314 438.248 224.589 253.16 174.748 778.215 918.34 401.049 719.124 403.927 315.869 59.203 179.611 697.346 94.0479 551.392 309.006 391.95 812.262 660.613 856.981 618.227 474.482 620.987 354.775 763.629 583.906 476.944 341.423 678.559 615.309 320.914 533.128 589.855 270.601 475.279 553.838 259.465 149.937 144.506 438.37 101.02 822.36 844.342 360.455 920.22 702.738 336.757 91.4002 680.801 779.283 603.802 737.231 173.649 
124.036 451.101 466.958 589.173 910.025 595.713 382.468 399.411 508.498 953.847 461.377 978.965 500.685 846.832 75.3923 750.411 603.245 856.715 470.851 324.718 187.297 632.627 416.592 900.714 412.171 527.774 489.401 742.112 469.018 250.697 990.581 241.646 447.824 159.399 571.848 857.088 487.136 698.241 545.95 540.567 223.886 928.642 272.184 578.356 594.03 797.218 422.271 436.606 928.078 268.794 812.161 402.573 609.952 571.594 769.084 767.07 492.278 424.887 520.999 153.688 400.371 721.632 826.175 923.006 298.751 806.465 604.726 511.454 426.808 351.639 445.926 427.055 263.638 551.102 358.113 452.951 490.194 575.592 529.184 675.848 176.98 249.61 546.284 467.68 275.661 654.007 324.423 240.41 720.001 896.962 917.498 699.348 876.302 366 445.166 816.755 410.932 312.218 903.607 863.362 479.552 52.1728 196.461 94.4934 788.082 
878.253 1031.43 495.849 390.36 460.57 867.402 717.43 562.925 750.121 117.388 1047.46 179.536 464.186 281.043 917.88 353.504 358.967 303.191 1118.72 976.906 907.024 329.304 937.811 634.417 630.696 434.816 752.851 630.836 791.971 844.801 702.084 730.953 565.022 833.031 410.68 377.725 478.787 595 423.586 623.452 738.204 137.011 700.154 884.608 425.417 787.389 603.119 956.62 272.007 700.527 168.122 773.61 750.417 482.846 571.785 209.153 768.673 1183.07 695.014 848.646 566.834 254.018 262.772 164.195 772.01 231.718 862.481 456.084 642.816 1072.65 674.906 1128.46 727.965 471.45 887.861 602.608 1052.59 541.887 487.188 659.741 896.733 733.6 415.55 822.373 829.205 308.021 641.4 725.758 242.425 408.065 369.305 757.884 242.217 865.794 1120.24 190.547 1181.88 959.702 84.5991 243.298 677.827 966.409 765.52 885.96 191.024 
905.358 759.438 563.17 443.424 50.2494 520.377 887.552 633.682 477.849 617.137 771.508 682.165 531.049 719.603 921.947 248.888 529.605 217.175 847.005 1101.03 973.584 500.093 683.272 136.341 515.796 532.474 985 232.181 532.169 705.635 192.094 779.493 739.743 767.777 445.659 145.499 608.911 247.518 596.561 393.32 738.664 624.482 672.846 546.02 385.292 337.83 772.231 690.54 239.57 752.396 411.127 564.256 410.908 373.965 175.647 414.03 1001.27 949.086 437.01 888.06 584.699 557.66 274.308 345.905 895.068 324.446 510.851 514.02 500.385 855.862 881.192 880.964 804.846 707.351 671.763 475.29 762.64 819.212 707.148 300.885 782.943 797.793 543.529 555.429 680.6 509.883 644.05 709.465 501.378 103.31 141.152 361.809 272.531 1027.04 861.887 594.94 955.325 759.717 551.526 275.637 905.207 903.951 761.465 893.069 409.375 
629.242 941.548 332.916 325.112 649.015 855.458 417.609 362.58 714.06 259.208 958.17 259.106 322.779 111.14 676.14 457.001 221.617 487.791 1018.07 674.852 634.704 229.264 850.129 785.164 531.654 290.245 428.544 711.689 737.008 699.893 875.089 494.263 290.697 644.501 340.154 552.262 275.409 658.438 220.907 602.862 529.32 228.79 518.834 863.6 399.981 867.208 322.555 873.601 507.603 468.603 299.232 690.271 758.538 460.179 673.027 284.478 443.641 1050.76 666.019 597.03 403.277 139.284 427.776 419.315 487.64 376.861 854.702 327.963 557.31 941.172 364.238 1010.56 475.184 185.607 783.758 523.893 972.243 217.589 207.183 706.375 726.35 487.1 260.716 765.078 693.537 207.06 458.603 530.451 195.819 599.742 579.245 802.818 448.794 556.978 1010.44 141.778 1044.91 832.928 247.718 439.892 359.089 755.286 553.326 646.718 293.102 
393.178 485.726 132.197 180.945 489.004 410.702 408.333 156.541 266.368 596.699 502.359 639.979 136.854 554.116 414.046 318.693 248.429 425.118 566.612 591.706 460.22 261 392.771 519.562 72.0902 170.074 527.717 377.974 280.371 273.622 617.245 267.643 298.329 279.946 160.524 427.535 200.442 322.219 241.919 187.385 226.153 578.586 162.807 414.152 164.104 495.682 316.027 415.549 497.17 242.421 407.02 230.766 336.341 142.443 380.063 363.16 542.059 616.64 228.373 374.767 91 375.533 397.227 501.807 394.576 383.24 412.205 133.69 99.4636 505.49 424.415 567.1 297.31 334.013 330.48 74.8131 514.533 434.778 319.127 333.419 329.515 287.8 199.529 307.176 258.498 287.988 131.469 198.658 348.31 469.848 487.295 406.765 447.581 530.519 562.826 474.445 614.076 392.757 532.463 434.884 457.93 420.804 250.282 383.725 382.832 
762.308 946.347 385.531 292.966 465.92 802.388 599.908 449.392 675.635 129.8 962.691 186.625 355.996 209.335 802.808 311.636 245.799 298.88 1031.69 859.168 789.476 219.146 852.247 626.18 536.691 324.84 639.269 593.041 712.933 744.731 705.437 615.442 447.028 724.707 313.576 372.376 363.325 549.426 306.967 550.263 625.924 121.491 591.436 817.068 341.397 752.758 485.148 872.496 297.294 585.261 109.458 686.662 689.615 403.207 540.379 130.679 655.312 1088.85 621.328 732.363 458.416 136.033 243.666 197.474 654.012 197.041 798.692 349.779 552.381 977.807 558.579 1037.25 611.118 354.267 797.544 512.676 970.226 429.663 369.567 609.926 792.213 617.246 303.266 743.234 730.877 195.543 531.543 615.237 129.468 413.237 383.106 709.806 246.562 748.708 1030.94 90.6863 1086.59 864.893 60.1415 241.35 562.944 855.529 653.058 771.021 121.565 
548.402 684.212 155.048 29.4109 399.546 559.721 460.682 231.812 423.967 390.387 700.658 438.266 118.512 378.054 581.249 193.104 94.578 275.487 768.719 698.37 595.29 77.026 590.123 501.004 273.007 102.883 547.782 408.73 456.039 483.803 596.714 402.613 305.267 476.523 50 311.272 176.876 353.939 156.63 304.074 392.654 374.767 345.685 570.938 94.2019 561.912 340.619 611.003 334.009 371.747 199.542 424.454 456.216 156.467 376.431 154.729 564.248 825.41 371.927 522.458 214.832 186.936 228.011 309.131 485.372 196.471 557.725 105 289.277 714.459 445.731 773.57 412.826 268.226 534.035 249.97 709.369 381.182 267.226 400.125 536.306 412.535 105.603 485.927 468.736 100.623 290.765 374.995 145.89 361.199 360.028 496.695 274.563 607.765 767.448 278.212 823.401 601.486 323.798 261.457 467.239 613.717 420.006 549.178 175.191 
