10 10 18
777 335 649 27 763 426 211 429 862 135 
9290 8020 220 580 690 1670 3930 4560 110 420 2290 3730 4210 9190 7840 5370 1980 3240 
11 10 8 14 15 15 16 11 0 15 
47317.9 66439.8 8060.4 7212.49 47719.6 57032 37885.7 15401.3 42829.1 42511.8 
30675.7 84495.3 57023.6 70058.8 109865 94383.5 25709.3 49729.1 82461 91356.1 
49058.7 8077.75 61161.2 67402.1 82358.8 32633.3 71223.4 58485 34424.6 109294 
86127.5 51836.8 64546.2 58067.7 37804.8 26829.3 94127.6 69005.8 32832.5 89884.6 
96797.1 70907.1 67600.7 57558.7 23632.6 45600.1 99604.9 73725 46836.4 80218 
38388.8 64667.2 5166.24 16635.5 56941.4 59103.7 28329.7 6977.11 44670 48704.5 
66936.2 51477.8 38689.8 31187.3 25697.7 30056.3 69941.3 44140.3 22337.9 65402.8 
25915.6 79754.9 48068 61016.2 100958 87705.7 16608.7 40880.3 75245.5 82800.1 
17727.9 37059.5 35911.7 46870 76879.8 46929.4 38106.8 30387.2 36989.9 85795.9 
52448.5 64451.7 13670.4 1315.29 39819.7 52253.2 45500.3 21346 38556.5 43003.5 
