10 10 18
777 335 649 27 763 426 211 429 862 135 
92.9 80.2 2.2 5.8 6.9 16.7 39.3 45.6 1.1 4.2 22.9 37.3 42.1 91.9 78.4 53.7 19.8 32.4 
11 10 8 14 15 15 16 11 0 15 
473179 664398 80604 72124.9 477196 570320 378857 154013 428291 425118 
306757 844953 570236 700588 1.09865e+06 943835 257093 497291 824610 913561 
490587 80777.5 611612 674021 823588 326333 712234 584850 344246 1.09294e+06 
861275 518368 645462 580677 378048 268293 941276 690058 328325 898846 
967971 709071 676007 575587 236326 456001 996049 737250 468364 802180 
383888 646672 51662.4 166355 569414 591037 283297 69771.1 446700 487045 
669362 514778 386898 311873 256977 300563 699413 441403 223379 654028 
259156 797549 480680 610162 1.00958e+06 877057 166087 408803 752455 828001 
177279 370595 359117 468700 768798 469294 381068 303872 369899 857959 
524485 644517 136704 13152.9 398197 522532 455003 213460 385565 430035 
