110 110 22
777 335 649 27 763 426 211 429 862 135 22 167 11 373 784 324 413 980 862 281 84 505 313 895 814 364 87 178 403 399 676 12 94 570 467 902 652 280 865 619 31 771 709 856 586 683 528 829 270 715 796 245 921 488 841 500 124 856 227 936 437 407 858 237 818 11 776 763 606 818 369 996 470 499 644 139 669 464 355 611 299 568 311 801 878 736 522 416 924 624 452 550 973 930 660 981 959 668 926 340 376 107 179 412 659 210 206 372 819 904 
939 811 940 667 705 228 127 150 984 658 920 224 422 269 396 81 630 84 292 972 672 850 
17 7 16 2 1 20 6 1 20 0 17 3 21 9 18 3 16 18 10 14 21 18 0 6 15 9 5 15 11 11 8 0 14 20 1 0 14 2 13 20 0 14 17 14 7 18 3 2 7 6 16 9 4 21 20 19 1 14 8 14 20 14 13 11 6 20 8 6 16 4 12 19 11 9 3 2 19 18 17 5 7 13 13 7 13 8 11 20 5 17 1 1 6 9 14 11 12 9 4 13 20 11 7 16 4 19 15 11 1 2 
66400.3 77906.4 27000.2 14455.4 34582.4 62753.9 55638.6 34541.9 50246.7 30441.6 79519.6 36102.4 23413.7 34307.1 69792.9 15388.3 16371.9 19246.3 86593.4 80330.6 70753.7 12790.6 68525.2 48206.6 37833.6 21276.3 62908.5 42643.3 54171.3 59479.4 57048.5 51727.9 39721.2 59333.4 16351.5 24956.2 27843.1 37931.8 24033.7 37643.1 50997.5 29571.8 46306 64248.7 17235.1 58605.1 43492.5 70448.3 23480.4 48629.7 8575.55 52063.4 51474.5 23140.7 37904.7 4545.33 64572.8 93008.9 44780 63731.4 33234 16570.5 13461.8 19325.9 59037.4 8994.44 62377.7 22181.5 38966.7 81984.7 53217 87524.2 52455.9 33560.1 63464.8 34944.8 80116 44069.2 34142.2 43753.5 65069.6 52568.1 20500 57211.4 57813.5 12650.7 40828.5 49254 10911 29850.3 28429 53744.3 17230.8 70625.6 86711.5 22318.8 92912.4 70698.3 23271 16001.6 54815.1 73105.7 53736 66581.8 6220.13 39290.2 36752.4 49813.4 7200.69 54295.2 
88226.1 79976.6 51673.6 38776.4 5281.1 57428.2 83705.4 59127.7 50824 51760.4 81309.3 58262.6 48208.4 62655.6 90393 18693.6 46174.6 12408.5 88905.4 106349 94441.2 42942.4 71722 23197.6 50633.3 47769.6 92610.6 28806.2 56184.3 71208.5 29255.4 74819.3 68361.7 75974.3 39412.2 6742.4 55392.1 28379 53340.1 40497.5 71552 52588.4 65266.4 59832.6 34230.1 41871.4 71830.7 72764.1 13891.7 71940.3 31851.1 58194.9 45794.9 34755.4 22354.4 32695.7 94261.3 98392.1 46066.3 86204.1 54985.9 47332.1 18384 24534.5 85324.4 23483 56578.5 46529.2 49673.4 88489.8 82429.4 91779.8 76893.2 63996.3 69563.9 46569.2 80754.7 74924.2 64224.1 34717.7 78620.6 76408.4 48414.9 58810.6 68832 43532.6 61601.3 68860.8 41811.5 2022.37 4044.75 42502.9 17442.8 98132.7 90097.3 50217.3 98853.3 78238.7 45311 17899.7 84537.8 89935.5 74014.9 87367.6 31963.1 69613 62115.1 75177.3 38357.5 68023.7 
67427.3 53463 38021.7 29893.1 24010.4 32238.6 69607.8 43747.7 24204.3 63361 54833.6 69387.8 35688.1 67453.8 68622.5 20242.5 40446 27895.9 62423.9 88433.8 74805.9 38786.6 45105.4 22585.8 27958.9 37176.9 80821 9751.41 29567 46019.6 32342.7 55991.6 56578.5 52657.9 29024.3 23009.8 44096.7 4310.45 45030.9 14795.9 51018.6 62898.1 44266.6 34374 22289.2 25212.7 59187.2 46186.6 34920.1 53584 40165.9 32015.6 20272.6 17755.3 8660.83 37788.1 82352.7 71772 19531.8 66017 37811.4 48554.5 29740.5 41651.5 68812 32442.3 31557.2 34133 26000 61916.5 70308.2 65174.9 59105.5 56370.6 43105.7 24078.6 54426.6 67653.3 55672 10383.2 53775.6 58103.7 39307.1 32196 43511.8 40859.3 42419.9 47917 43285.2 24793.5 28533 20287.2 33399.7 82378 63530.8 55883.9 72235.7 51848.3 56101.5 32681 73288.8 66051.9 53064.9 65874.6 38613.6 70502.5 47027.9 58478.1 39435.1 43809.2 
32786.7 44055.6 16925.7 25018.6 55634.3 40509.8 38107.7 15768.6 26488.5 65903.7 45713.1 69899.7 18739.5 60220 34474.6 39221.6 30344.9 49900.4 51644.3 53865.8 40023.2 32144.2 35072.1 57275.2 7340.98 22132.6 50691.3 42338.2 26406.8 20742.5 66885.3 21572.4 29802.7 20554.8 23031.3 49897.7 22902.6 37060.1 28079.4 22032 16241 63929.5 9525.75 40365.6 23853.3 52453.5 30688.9 37493.1 57138.6 19560.2 47784.6 20096 35072.1 21326.5 43433.2 43345.7 51997.7 55651.5 24033.7 31247.7 9992.5 43225.1 47165.8 57564.1 35317.1 45719.3 40857.9 18976 10307.8 44548 40794.6 51125.1 25181.1 35536 28236.3 10761.5 47256.3 44459.9 33736.9 37008.6 25738.7 23895 24915.9 28639.3 19588 34765.1 8772.68 13192.8 41083.8 53995.6 55918.9 43028.6 52201.2 48900.9 50960.5 53216.7 55268.5 33426 59714.4 50931.3 44406.3 34646.8 18384 31534.9 45354.2 57423.1 18202.5 25467.2 39170.7 15095 
20902.9 33501 38072.8 48419.9 76777.7 44369.6 41733.7 32995.9 35202.6 88049.3 34841.5 91434.6 40879.5 79913.8 18868 62255.7 52187.8 73007.5 37886.8 44749.3 29565.5 54571.5 27986.6 74779.7 27400.2 44047.8 54240.7 58853.9 31316.8 9552.49 83623.1 22752.8 42463.4 4837.35 46485.5 72227.7 42026.8 54676.2 47948.8 39024.2 16727.5 85824.2 17531.7 42804.2 47351 64080 41118 30276.9 80379.4 24018.7 71202.6 24610 45348.5 44076.8 61868.4 66726.1 54975.8 37297.9 36582.5 21967.2 30663.5 64849.4 70615.4 81160.1 34697.6 69309.8 45222.7 41557.8 28281.6 27259.1 47156.1 35000 26800.2 51637.7 21287.8 31412.9 37445.7 57072.8 49477.3 52112.4 4197.62 24894.4 46442.4 31342.8 11967 57024.3 23668.1 16055.2 63570.6 75906.9 78323 54288.5 75648.7 45425.1 35990.1 74774.6 36394.1 19209.4 82283.5 74394.2 50922.1 12332.9 14988.3 17661.5 68767.6 74864.7 33308.4 29939.3 62104.4 9963.93 
81003.8 66372.7 48299.6 37359.1 10478.5 43111.6 80694.5 54976.4 37831.9 61532.5 67632.7 67946.4 45334.5 69395.7 82487.4 19968.5 46916.3 21571.3 75213 101150 88047.1 44360.6 58521.1 12878.7 41785.2 45941.9 91035.5 14288.8 43264 60445.2 22141.6 68815.1 66467.8 66846.8 37220 14326.5 53459.7 14795.9 52982.3 29218.1 64400.3 61772.9 57740.9 45581.7 30729.3 27765.1 69507.6 59350.7 26634 66204.6 39204.6 46308.7 31719.4 28549.1 7970.57 38388.5 92632.9 85167.4 33618 79391.8 49680.6 51808.9 26023.1 35978.5 80873.5 30423.7 42224.6 43649.5 40106.1 75674.6 80554.6 78413.6 71568.7 64313.8 57140.2 37770.9 66891.3 75648.5 64041.3 20599.3 68193 70753.2 47429.2 45671 57936.7 45777.1 55207.3 61408.3 46163.7 13294.4 17772.2 27940.1 27704.2 94248.4 76584.7 57069.9 85742.1 65927.6 54531.1 27531.3 83186.8 80377.9 66601.1 79650.5 38437.6 74531.2 58200 70507.1 42299.1 58141.6 
63300.1 100066 39836.3 41734.6 75696.5 93595.1 39455.4 40968.3 79251.8 33392.4 101713 31466.8 39654.8 15473.8 68226.8 56289.4 31113 59617.8 107254 63894.1 62347.2 32585 91184.6 89030 60136.5 36714.3 37304.4 81057.1 81035.9 74781.9 98129.8 51195.3 30353.4 67770.3 43000.1 66025.2 33277.3 75603.4 28873.5 68807.7 55910.3 30379.8 56137.8 94195.2 49368.5 96376.9 32596 93610.8 61530.6 49065 40718.1 75768.2 84507.3 55100 77485.5 39282.6 38616.7 109442 74743.9 60060.1 46126.8 24696.6 53615.7 52476.8 47408.5 48525.5 93609.6 40508.8 62941.4 98717.8 33295.2 105972 48466.1 21062.3 84234.2 59939.3 103351 18070.1 23158.8 80060 76388.8 49961 33874 83708.5 74488.3 30672.8 50458.8 56635.9 30319.1 70793.9 68765.2 89500 55692 51781.6 106220 24016.9 108707 88301.6 33948.8 54815.1 31689.3 77439.8 58018.1 65533.2 40147.9 4328.97 39687.3 44695.1 34038.9 68628.6 
15556.3 64222.5 30565.5 43965.9 82944.4 69433.8 10863.2 22957.8 56532.9 72469.4 65651.5 73896.8 34176 59377.6 20579.8 63543.7 40816.7 73022.9 68985.4 24291.8 15239.8 44330.1 57492.4 87530.6 38580 35468.3 23146.5 73227.4 54962.6 37864 97310.7 10195.1 19572.7 26667.8 42933.1 75407.2 28738.8 67743.2 33525.2 53224.1 17348.8 69669 23122.5 68658.4 47864.9 83651.9 16130.7 59961.7 79116.9 11682.9 63057 47693.2 65875.2 48696.3 73578.9 58806.3 23930.1 67483.5 54965.9 12390.7 27551 50301.7 68514.7 75689.7 4162.93 65170.1 70002.4 35784.1 41502.3 58126.8 16961.4 65925.5 6074.54 29982.7 50159.9 41704.9 68107.3 30205.5 27953 68201.5 35285.3 7615.77 36028.5 56356.9 39071.7 45712.1 22746.6 20368.6 51807.8 80143.1 80903 74127.3 73147.1 17660.4 67046.6 58739.2 66353.3 50136.7 68603.9 71841 20482.4 31298.7 17315.9 18260.9 60863.9 51312.4 20120.1 6894.2 52320.6 33060.7 
13061.4 66339.2 39062.1 52493.8 91149.7 74339.8 14921.5 31403.5 62179.5 80391.1 67649.1 81516.3 42691.9 66598 17617.3 71956.1 49366 81535.4 70112.1 16037.8 8200.61 52892.3 60534.5 95084.2 45404.2 44047.7 23883.9 80427.9 60022.1 40994.1 104801 16556 27553 29134.3 51416.4 83778.6 37318.6 75065.4 42014.5 60117.6 22668.5 77537.9 29206.3 73309.8 56179.4 90056.4 23873 62915.8 87680.4 18940.2 71606.3 52686.6 71872.2 56688.7 81148.3 67373.1 24095 67112.6 61180.5 11000.5 35610.4 58562.3 77076.7 84271.1 6992.14 73757.6 74999.3 44282.1 48150.6 58665.2 21380.6 66444.9 13583.1 37694 53433.5 48810.9 70290.6 36201.2 35773.3 75069.6 36839.2 14401.4 44617.1 61077.8 42630.5 54231 30079.4 25923.7 60260.5 88471.9 89330.9 80380.2 81724.5 12576.6 67885.2 66737.2 65820.4 52012.8 76775.6 80417.5 24124.9 29689.2 21660.1 16522.1 69425.7 57887.1 28652.7 15402.9 60858.9 37102.2 
19601 34810.5 43693.6 54538.8 83243.4 48861.5 43307.4 38080.2 40807.5 93564.1 35947.7 96729.8 46666.9 84699.1 16183 68728.5 57783.4 79476.9 37716 42405.8 27705.1 60316.5 30873 80924.9 33901.3 49743.7 55249.6 64969.6 36562.4 14860.7 89642.9 25602 46196.6 9757.56 52636.6 78730.7 47149.5 60927.7 53112.9 45354.2 20819.7 91258.6 23083.5 47073.7 53729.4 69504 44407.2 32919.3 86833.2 27476.7 77288.2 30247.6 50870.2 50557 68158.7 72795.7 55805.5 35047.7 42584.6 21545.5 36400.3 70291 77019.1 87457.5 35583.3 75622.9 49782.1 47445.3 34766.7 26176.5 49174.9 33960.7 29138.6 55861.6 25006 37916 38759.4 60330.2 53670.6 58131 7060.45 27338.6 52015.9 36221.8 17447.1 62703.4 29118.6 20969.5 69288.2 82404.4 84826 59785 82054.3 44801 35414.1 80142.4 33903.4 20658.4 87968.3 80794.1 52831.9 6382.01 18531.1 16102.8 74853.5 79069.8 37997.1 32638.2 67985.7 16422.2 
31923.2 73053.7 22226.6 33724.9 74234 72553.6 11964.1 17171.2 58413.2 56003.6 74628.2 57123.8 25013.8 42453.9 36804.9 53772.9 27404.6 61963 79215.2 37663 32002.5 31001.5 65003.5 81982.5 38458.4 24741.3 20708.7 69471.9 58417.3 46540.8 91828.6 20122.9 4081.67 37660.6 33390.1 65680.4 17083.6 63718.2 19738.5 51534.9 25862.9 53133.8 28123.3 72401.7 39634.3 82269.4 1431.78 67518.7 67172 18476.5 49092.7 51800.9 66316 42551.6 68332.3 45189.5 22291.3 79789.5 55348.4 28678.2 23754.8 34676.4 56776.8 62174.3 17459.7 52745.9 72883 26699.3 41635.7 69520.8 10206.9 77107.7 17042.6 13283.4 57645.9 40209.6 76695.9 14618.5 11428 65827.8 46555.1 18619.6 24047 60521.2 46884.6 31717.7 23905.2 27417 37107.7 70647.4 70586.8 73498.3 60964.7 27032.6 77750.4 42408.5 78883.5 59957.3 52621.4 59706.8 13112.6 46129.6 27536.3 34077.1 47122.2 34589.2 14115.6 13296.6 38394.3 40649.2 
29861.3 44868.8 16901.2 26436.7 58439 42826.7 35405.2 14356.9 29012.6 66579.1 46513 70345.7 19227.6 60075 31705.7 41631 30784.7 52246.3 52144.4 50817.8 37006.1 32872.2 36113.7 60310 10347.9 22541.1 48092.6 45385.6 28547.7 20369.1 69928 18539.7 27930.8 18533.5 24520.4 52503.8 22273.3 40105.9 27768.3 25057.1 13248.4 64500 6612.87 42549.4 26009.4 55386.8 28521.2 38581.1 59400.1 16589.5 49213 21905.7 37842.8 23949.3 46457 44734.3 49366.1 55495.6 26833.7 28255.4 9501.58 43637.1 49291.4 59408.5 32366.8 47610.5 43224.1 19723.1 13231 44449.6 38340.7 51282.1 22203.6 34375.9 29046.2 13805.8 48210.9 42793.1 32478.5 40028.1 24525.3 20883 25174.8 30610.5 19580.1 35418.9 6139.22 10269.4 41869.9 56682.4 58493.2 45910.9 54319.4 45929.6 51283.7 53635.5 55019.5 33520.3 60573.9 53036.3 42004.4 32522.8 15469.3 28717.9 46777.9 56723.4 16407.3 22629.4 40206.1 14383.7 
67174.5 49397.4 40370.8 33494 27456.3 27455.4 71191.6 45505.7 20591.3 68208.7 50715 74193.3 38369.4 71857.7 68010.1 25193.8 44120 32742.8 58310.6 88879.5 74860 42711.7 41336.8 22674.4 27846.9 40178.7 82782.7 7359.35 26023.1 44021.9 32006.2 56530.1 58854.4 51593.2 32419.7 27540.9 46746.7 2507.99 48192.2 13471.8 51088.6 67691.2 44309.1 29666.5 25841.4 21194.6 61239.6 42252.2 39654.8 54306.5 45025 29364.1 15520.6 20593.7 9850.89 42532.9 84276 68008.9 16536.6 65985.6 39282.2 52846.7 34702.3 46592.9 69817.6 37385.2 26736.7 36903.8 25460.8 58436.3 72313.2 61306.6 59899 59408.5 39940.6 24276.9 50159.7 70586.1 58567.1 5462.6 51906.5 58764 42498.5 28456.5 41456.6 44904 43139.3 47900.4 47687.3 28876.5 32835.3 15438.3 38317.2 83435.8 59553.8 60449.2 68551.1 48737 60947.3 37617.5 75436.1 64578.9 52951 65392.4 43422.6 74506.7 48771.4 59580 43878.2 42432.3 
88463.4 59171.1 62885.9 54692.7 29148.8 33847.9 93869.1 68191 36582.5 83202.5 60018.7 89592.7 60672.6 90240.4 88747.8 40702 65104.9 43248.7 67110.7 110883 96490.9 63138.3 53603.5 11684.6 49869.1 62189.5 105456 15482.9 41262.6 62494.2 14250.6 78749.3 81423.6 71810.4 53951.5 35871.2 69081.8 21247.4 70006.1 35155.2 72920.8 83363.9 66189 36539.6 47181.6 10609.9 83887.4 53500.4 47746.2 76668.9 60632.1 47105.9 26759.1 42737.6 18186.8 59406.8 106955 78557.3 35202.6 87572.3 61963.3 71971.2 47692.9 57561.3 92301.8 51936.2 32739.1 59133.8 47165.3 70966.2 94976.4 71551 82284.9 81367.4 55055.7 46596.7 58408.6 92663 80686.7 20227.7 70396 81064 64281.9 42469.4 59906 64980.4 65557.3 69676.2 66436.4 33741.5 38195.8 18263.1 49369.7 105925 69208.7 78100.6 79527.4 63447.8 76155.4 49234.9 98063.2 83687.5 74559.8 86365.6 59675.5 94455.3 71458.3 82132.2 62525 62320.6 
15979 40909.9 31569.6 43047.5 74798.5 48573.2 33743.1 25716.3 37508.9 81288.3 42338.3 84375.9 34691.9 72340.9 15953.1 58681.9 45593.5 69328.9 45871.7 39729.1 24552.4 48243.7 34442 74753 25079.3 37659.1 46424.7 59098.9 34572.2 14807.1 84003.1 14515.2 34293.4 3478.51 41233.5 69353.7 34782.9 54386.5 40749.1 38612 8591.27 78948.7 11183 47363.5 43109.4 66269.5 32858.6 36868.6 76500.6 15754.4 65633.9 27321.2 47590.9 40795.3 61294.4 61124.2 47242.4 45571.2 37685.3 15970.6 24446.9 57997 66377.2 76311.6 27114.9 64572.8 49306.1 35592.8 26826.3 35490.3 39000 43198.4 18656.1 43676.7 27246.5 29137.1 44800.4 48820.1 41498.2 52811 12406.4 16737.1 39824.6 35278.5 16413.7 50566.5 16972.9 8635.39 57171 73378.8 75388.3 56433.5 71401.2 38734.2 44094.1 67814 44653.4 26857 75800.9 70114.2 42785 15620.5 6711.93 13547.3 63206.6 66911.4 25633 21694.7 56041.6 11233 
45935.3 10466.1 59102.6 65823.8 82315.6 33858.5 68287.9 56149.5 34328.4 107637 10920.2 111940 60938.1 102388 42407.8 73615.6 72507.4 83880 11411 68408.2 54001.7 74043.8 13905.8 74415.1 41464.3 64341.4 80766.6 59297.6 28908.8 22243.4 81299.7 49124 67748.1 31167 63762.4 80778.8 64575.6 57348.5 70104.6 45076 42535.3 105833 40935.3 31277.1 61987.9 57530.3 66907.8 13905.8 91417.8 50027.6 87690.6 27687.7 41701.9 56700.1 64473.6 83527.8 81466.6 13908.6 38978.2 47708.5 51825.6 85360.7 83272.6 95064.7 61161.6 83487.8 34973.8 61030.2 40167.3 3605.55 73634 8958.79 53286.9 75971.4 15921.4 44189.7 13880.9 82696.8 73915.2 52138.7 22360.7 51369.7 67150.6 26494 22760.7 76725 46579.8 40954.7 82807 83166.2 86648 49231.1 88038.9 71111.9 9464.14 95320.6 14011.8 8823.83 101125 86950.1 77418.3 30761 41249.6 42442.5 85349.4 98838.9 57355.1 56276.6 80449.4 28400.4 
19450.4 73028.6 42802.9 56028.9 95497.1 80832.7 13705.8 35364.7 68455.3 80770.1 74330.3 81361.5 46332.7 65958.9 23671.3 75853.8 51757.1 85060.6 76700.1 12544.7 12753.4 55348 67238.2 100286 51125.1 47278.7 19026.3 85928.9 66463.9 47683.1 110063 22300.2 28838.3 35837 55141.7 87770.7 40097.9 80469.2 44178 65816.7 28887.7 77833.7 35224 79854.2 60351.1 96048.5 24980.8 69622.1 90895.8 24276.9 73860 59133.1 78031.4 61400.7 86334.3 69782.7 18891.5 73406.4 67236.7 17647.9 40260.4 59827.3 80326 86780.5 9141.66 76717.8 81472.1 47986 53975.2 65178.6 19384.8 72938.9 18672.4 38204.7 60124.7 54359 76981.9 34691.4 36508.8 80796.1 43523 19897.7 47465.9 67596.6 49289.8 56405.7 35431.8 32104.8 62100.3 92563.7 93156.7 86437.8 84819.9 5869.41 74432.5 67350.2 72074.7 58697.3 77700.1 83526.8 21247.4 35875.5 28105.5 22949.1 71783.1 56541.7 32347.2 19448.7 63096.2 43692.2 
69366.3 29811.7 57203.1 55395.4 51433.9 5280.15 82124.3 59402.1 17888.5 93967.3 30538 99701.6 56655.9 95468.2 68235.6 51695.4 65561.7 59352.6 37500.5 93217.4 78021.7 65146.4 25672 38739.8 37892.6 59445.5 94906.7 26792.5 19051.5 39973.1 43877.1 63732.3 73727.1 51358.5 53756.5 53688.9 64102.8 28215.8 67441.3 27436.7 56717.3 93170.9 50878.1 7564.39 48326.6 19212.8 74966.5 24965 66065.6 62625.9 70973.6 26386.5 12146.2 42020.2 33247 68021.2 96152.6 49097.6 21511.4 69424.1 52866.3 76330.1 61350.2 73275.5 78086.7 63790.7 4313.93 55672.3 34731.1 42280 85146.9 42100.1 67969.2 77504.1 29347.1 36806.7 28802.8 87710.4 76105.3 21497.9 47095.2 66312.1 62265.6 18262.8 37687.3 67682.6 52969.8 53586.3 71734 54142.1 58447.2 13282.3 64994.5 91138.2 39678.8 84936.8 50148.3 36530.8 86731.4 64300.9 88770.5 60407 57422.4 66552.3 69164.7 96272.8 62239.6 69128.4 68177.6 42262.3 
44532.5 11423.2 49619 55013.6 70396 24350.2 63622.7 47769.9 22451.1 96944.4 13054.5 101506 51032.7 92808 42110 61762.9 62429 71956.1 19053.6 68271 53159.5 63659.2 4494.44 63090.6 30714.8 54428.1 76500.6 47700 17017.9 15700.3 70400.6 44022.3 60548.6 27225.9 52962.3 68788.4 55605.9 45498.1 60813.5 33112.2 36878.2 95279.4 33617.4 22081 50667.6 47377 60296.1 6640.78 79484.7 44229.5 76409.4 15953.1 30438.1 45153.6 52684.1 72343.9 77407.8 25688.9 26994.3 45550.5 42682.5 75158.8 71482.9 83351.4 57439.4 71867.9 25411.8 50923.1 29025.9 15435.3 68310 19691.9 48410.3 67808.1 4560.7 33019.4 14968.3 75604 65866.3 40502 20055.2 46505.3 57322.3 14801.4 14878.8 66370 38551.9 34593.9 72228.9 71184.4 74656.1 38491.2 76205.2 68899.4 18843 85025.9 25948 6946.22 90271.1 75134.9 72130.8 32287 36301.2 41237.8 74105.4 90127.1 49468.4 50857.5 69654.4 21143.6 
55875.7 76560 17936 12151.1 47417.8 65648.9 42375.7 24286 51792.9 32117.9 78220 36016.8 15241.1 28095.7 59776.2 27015 3889.73 32907.9 84735.4 67620.9 59200.3 2418.68 67206 59211.2 35040.7 11957 49141.5 50820.7 54610.1 54621 68568.9 41117 26445.8 51878.7 13851.4 38013.2 15961.5 45412.9 10933 40164.3 41902.9 30048.6 38554.9 66643.2 19502.8 66255 30288.1 69413.6 37228.5 38059.2 18768.3 50756.8 55567.3 25616.4 47280.7 14767.9 50805.7 89500.7 46750.8 52964.1 25330.8 9481.03 27236.9 31761.6 46499.9 22743.1 65501.2 14933.5 37165.2 78384.3 39579 84737.9 41053.7 19760.8 61124.9 33459.4 79310.2 30417.4 20374.5 50122.5 58888.5 41493.3 9638.46 57535.5 53457.7 1315.29 32516.1 40849.6 7788.45 43011.3 42002.1 59777.3 30962.7 57435.9 84357.6 19379.4 89150.7 67178.9 26346.3 29760.7 41057.3 64863.7 44619.8 56581 16717.1 29401.5 25697.7 38000.5 8005 48801.6 
26503 28407.4 47649.6 57472.9 83206.1 44697.2 50029.2 42746.8 38413 97619.4 29445.7 101101 50337 89674.8 22884.5 70084.6 61748.6 80826 30846.9 48961.2 34478.1 64027.9 25519.6 79400.1 35125.6 53562.8 62098.7 63450.5 33650.6 13603.3 87724.3 31812.1 52009.6 14458.9 55492.3 79439.2 51765.3 59882 57675.4 44788.1 26303 95436.4 27223.9 42681.4 55782.6 66448.9 50477.4 27330 88298.7 33395.2 80246.2 28215.1 48158.6 51939.4 67208.6 75803.2 62679.5 28313.4 41015.4 28469.3 40196.6 74473.1 78844 89740.2 42423.8 77872.3 45686 50925.9 35373.6 19251 55785.7 27035.2 35578.8 61337.2 20640 38934.4 32319 66442.5 59168.4 56400.4 6723.09 33728.5 56025.7 32782.5 16052.7 66524.4 33363.5 25809.5 73032.9 82807.3 85534.8 56931.7 83854.7 51707.8 28502.8 84421.9 27246.5 14681.3 91749.1 82629.3 59481.1 11555.1 24323.9 23002 77815.4 84571.7 43063.3 38953.6 71425.1 17596 
23120.6 35116 31189.3 41081.9 69792.4 41390.5 39512.7 26766 30476.4 81128.1 36630.6 84700.1 33819.5 73682.7 22637.4 54882.1 45263.7 65628.2 40920.7 46915.8 31730.9 47507.9 27951.7 68628.3 20155.9 37060 52401.5 52818.7 27401.6 8438.01 77705.9 19912.3 37667.1 5643.58 39129.7 64989 35639.3 48347.3 41471.2 32571.2 12813.3 78974.7 11152.1 40204.6 39918.5 59329.9 36876.6 30432.2 72981.2 20259.6 63870 20179.2 40603.7 36719.6 55419.6 59405.2 53330.4 42248.1 30984 23145.8 23717.1 58031.2 63188.1 73734.2 33531 61881.3 42120.1 34406.1 21302.6 31542.5 44281.5 38953.9 24301.9 46151.1 20607.3 24209.5 38906.2 52615.7 44047.8 46322 9873.7 22400 39560.7 28094.5 9535.2 50012 17184 10884.9 56512.7 68757.3 71076.6 49488.7 68222.1 45642.2 39479.1 68001.8 41560.1 21662.2 75228.3 66966 48101.2 19163.8 12240.9 20513.9 61435.9 69243.3 27551 26803.9 54917.8 4060.79 
41268.9 48460.8 14322.4 17523.7 46947 39901 42795.4 17438.5 25477.2 59357 50120.3 63843.7 14294.1 55732.4 43269.5 30210.6 25039.2 40901.1 56697.3 61228.8 48041.8 26019.2 39106.3 49895.9 6952.7 17492.9 54653.1 35779.5 27228.1 28178 59666.5 28817 31496.8 29516.9 15462.5 40938.1 21215.1 30187.7 25006 16951.7 24568.7 57632.7 18146.3 40360 15044.3 47721.3 33388 41326.5 48170.2 26303 39865 22706.8 32076.5 12376.2 35945.7 35537.3 56100 62080.1 21418.9 39468.6 10959 37580 38297 48969.1 41507.2 37101.2 40005.2 13738.3 9219.54 50984 44288.3 56959 31792.1 34614.4 33117.1 6120.46 51227 44896.9 33207.4 31421.2 34093 30840.2 20446.3 29997.7 26518.7 28736 15199 21762.4 34579.3 45111.9 46940.1 38928.3 43331.5 55096.7 56431.6 47387.4 61880.2 39686.9 52815.3 42074.3 47600.1 43619.4 26942.9 40260.4 37462.6 54524.9 20624.7 31201.4 32138.6 23182.1 
41466.4 12706.3 50460.8 56913.4 74447.8 29170.7 61901.3 47885.3 26706.7 98748.4 14108.9 103096 52182.9 93762.5 38674.7 64946.3 63722.7 75304.7 18439.1 64925 49967.3 65195.2 8937.56 67652.8 32548.4 55588.7 74648.1 52138.4 21300 14359 75093.6 42398.6 60030.4 24900.8 54852.3 72454.7 56112.9 49703.1 61541.9 36662 35458.1 96966 33035.3 26874 53086.4 52192.9 59471.8 10542.3 82855.8 42932.6 78778.7 19043.6 35082.8 47855.3 56950.6 74609.7 75472.2 22798.2 30929.1 42752 43272.6 76556.1 74536.7 86271.3 55301.4 74653.6 30236.4 52227.6 31258 11896.6 66894 17618.5 46713.2 67843.5 7375.64 35280 16636.4 75064 65831.7 44928.5 16887 44791.3 58423.4 19325.6 14359 67883.6 38415.8 33503.7 73929.5 75035.1 78387.8 43248.7 79339.5 66234.8 17445.3 86500.2 22786.4 2193.17 92217.6 78233.8 70708.8 28255.4 34544.2 38078.9 76434.6 90518.6 49296.7 49419.1 71543.9 20370.8 
84162.8 49570.7 63288 57205.1 38669.9 24548.9 92553.4 67570.7 30788.5 89854.6 50271.5 96092.7 61629.4 95088.4 83858 46501 67831.7 51013.7 57101.3 107361 92526.2 66382.1 44968 22300.2 47437.1 63662.4 104720 18399.2 34607.1 56420 24982.6 75959.2 81473 66743.2 56103.6 44017.8 69903.5 23400.9 71739.8 33238.8 69568.4 89697.5 63044.8 27141.3 49552.9 2517.94 83515.4 44519.9 56376 74223.2 66799.4 41293.3 20649.5 44158.9 23812 64938.4 106135 68820.9 31040.8 83651.7 61062.9 76251.4 54715.6 65505.8 90006.9 58433.2 23435 60249.1 44424.5 61943.6 94407 61832.4 79822.1 82838.3 47498.2 44811.2 48434 93892.8 81881.9 19136.6 64113.1 78412.9 66080.3 35157.4 53904.5 68521.1 63438.6 66306.1 70942.9 42742.3 47264 11856.2 57123.4 103536 59374.2 83351.4 69894.9 55424.6 82659.8 56792.3 97732.3 77549.5 70868.5 81745.9 65522.9 98155.5 70750.3 80176.1 67072 57236.8 
38951.4 62635.5 2353.72 14693.2 54660.1 56464 30594.4 7017.83 42029.8 49244.3 64294.7 52555.6 5080.35 41816.9 42596.7 34594.4 13576.8 43749.9 70215.7 53502.3 43191.2 16497.6 53582.9 61900.3 22419.9 6312.69 40793.3 49685.6 43381.3 38599.6 71744.7 24205.2 16337.1 34609.2 13857.1 46545 4627.09 43916.4 9521.03 33028 24444.4 46959.1 21356 56832.7 19670.3 63157.3 19200.3 55972.2 49808 21105.9 34875.9 37979.1 48518.6 22536.2 48286.9 30427.8 42371 73736.1 38004.7 36200.6 8761.85 25982.5 39204.2 46909.3 32249 35991.8 56590.5 6780.12 25334 62703.9 30283 69520.9 24907.2 18013.6 46825.7 22714.1 65787.7 28458 16630.1 46549.1 42028.8 24980.2 7844.74 45986.2 37827.6 18626.1 15232.2 23436.1 25235.3 51410.2 51835.3 54883.5 43874.9 44864.2 69462.9 35889.3 73232.3 51764.5 43764.5 42565 33090.5 47409.1 27167.1 39385.9 32534.6 38889.2 9241.75 22472.2 24561.8 32538 
54688.3 10944.4 54191.5 57167.9 65873.6 14990.7 72173.4 53734.3 19088.2 98717.9 12175.8 103742 54945.5 96506.4 52548.1 60346.4 65786.4 69855.6 19764.9 78573.8 63379 66462.4 6296.82 56308.9 34056 58234.8 85140.9 41851.6 14567.1 25041 62727.7 52667.4 67346.6 36944.6 55193.1 65696.4 60684.5 40831.5 65365.2 31586.9 45404.1 97342 41114.7 12404 51663.7 38694.8 67585 5056.68 77214.6 52446.2 77011.2 18216.8 23946 45587.1 47555 73267.5 86153.8 30180.3 24541 55466.9 47940.1 78090.8 70281.5 82380.7 66565.6 71424.4 16107.5 54515.4 31582.4 22411.6 76400.3 23234.9 57085.3 73559.3 12617.8 35208.7 11766.1 82270 71768.1 34926.8 30506.4 55226.9 61188.2 11526.1 23515.3 69175.5 45200 42756.6 74517.4 67409.3 71257.6 30708 74699.5 78558.6 21200.2 87670.4 31007.9 17404 91765.2 73748.2 80200.2 43011.6 45244.8 51485.6 74842 94983.6 55883.9 59161.6 71540.3 29508.3 
25585.3 78954.3 55567.3 68870.7 108047 89833.8 26076.8 48030.9 78361.7 92945.3 80085.3 93175.4 59133.8 77484.8 27980.4 88601.9 64687.3 97923.5 81335.4 1800 16867.1 68280.7 74358.9 112134 62313.8 60172.2 26906.7 97403.1 75778.6 55458.5 121840 33571.6 41662.5 43608.5 67930 100489 53032.2 92078.3 57094.7 77011.2 39272.5 89968.1 45965.4 88581.4 72970.8 106633 37798.5 76593.5 103814 36000 86761.3 68478.1 88241.8 73695.2 98202.2 82705.1 26028.4 76205.3 77737.1 25325.5 52576.1 72499.4 93236.7 99706.5 21931.3 89654.1 90568.5 60771.1 64983.5 69412.4 30893.4 76906.8 30593 50694.9 67663.9 65797 82903.8 45936.5 49106.6 91924.3 49912.3 31461.2 60400.3 76540.5 57431.4 69309.8 47134.3 42533.9 74936.2 105242 105939 96886.4 97748.7 11690.2 78763.3 79707.6 74700 64740.3 90180.1 96454.1 31810.1 39458.8 37874.7 28746.7 84699 67531.4 45097.8 31982.8 76002.8 52481.8 
75463 96593.2 38913.9 31034.5 51147.6 83146.4 57922.1 44777.2 70140.2 11101.8 98239.8 15698.4 36252.7 16278.8 79682.7 35140 24798.8 34438.4 104999 83919.3 77686.1 22663.2 87186.5 66981.3 55297.4 32980.3 61047 63131.7 73643 75549.9 75029.7 60919.9 43068 72817.9 33069.2 41733.6 35897.9 58596.9 30043.3 57738.2 62505 9295.7 59512.4 84511.6 36591.9 79115.7 46802.8 89281.2 34390.3 57965.6 15221 70622 72069.4 42892.1 58035.9 16595.2 62623.1 110271 64775.1 72397 46343.5 12459.5 28825.7 24337.8 63773.4 24040.8 82824.2 35840.2 57077.7 99152.1 53437.9 105311 60157.5 33303.8 81466.6 53170.3 99115.9 39932.6 35011.6 64493.2 79912.3 60905.3 30549.8 76654.3 74300.6 20064.4 53431.9 61670.9 13797.5 45894 42940.1 74485.2 29291 72624 104795 4887.74 109975 87895.4 6203.22 28742.5 53603.5 85566.2 65180.5 76537.6 16070.2 25314.4 45674.5 56736.7 16520.6 69786.6 
42928.4 58337.8 5936.33 9914.13 47467.6 49648.8 38193.2 12677.9 35301 50241.2 60001.1 54384.3 4318.56 45672.4 45924.5 28079.4 15080.1 37981.7 66405.5 59837.4 48310 16509.7 49036.8 53864.4 16894.1 7373.6 48841.5 41501.8 37320.2 36422.7 63719.4 28716.7 24490 35047.7 8202.44 39874.1 12322.7 35732.5 15119.9 25350.5 26903 48324.9 21965.9 50252.4 12316.7 55096 27200.2 51303.9 44606.1 25715.4 32548 32761.7 41009.9 14395.1 40175.6 28050.8 50400.4 71148.6 30856.1 40526.8 9108.79 27836.8 34112.3 43294.6 38896 31710.1 49681.5 3623.53 19342.4 60029.3 38320.8 66348.3 30435.7 25477.2 42792.6 16044 61204.6 36337.3 24357.8 38466.6 41233.5 30074.1 10324.7 40112.5 35146.1 19173.2 16619.3 24969 25400.8 44587.6 45461.2 47003.2 39031.4 51987.1 65982.2 37769 70828.3 48803.5 44016 37719.5 41218 48766 29613.7 42737.9 30114.4 44464 15800.3 28676.5 23505.3 30771.7 
68623.6 33305.4 53595.6 50951.3 46277.6 8015.61 79823.4 56325.7 15563.1 88952.4 34209.4 94744.4 52801.5 90884.7 67873.5 46486.6 61264.7 54054.2 41448 92265.8 77180.4 60680.5 27926 34204.1 34949.4 55461 92465.3 21592.8 18183.8 39916.9 40015.1 61939.5 70632.9 50808.4 49385.5 48391 60484.7 22914.2 63528.4 23255.1 55111 88214.8 48971.9 10716.8 43729.3 16016.2 72090.2 27655.7 60762.2 60606.4 65900.1 25331.4 7553.81 37485.6 28013 63034.1 93764.9 52704.6 18067.9 68435.2 49739.5 71726.8 56100.8 68002.7 76255.2 58612.1 6935.42 51727.9 31772.3 45132.8 82512.6 45701.8 66068 73861 30401.6 33404.5 32766.6 84299.8 72552.4 16196.6 47415.7 64488.8 58224.1 18260.9 37483.3 63170.9 50505.9 51907.6 67016.8 48893.8 53180.5 8393.45 59710.1 89517.7 43416.6 80167.6 53645.1 38277 81705.9 59025.5 86066.1 60845.5 56052.8 65980.1 64130.6 92039.1 59276.5 66963.3 63405.4 41449.4 
92946.5 117197 58684.7 51640.5 66277.3 103420 72347.6 63812.2 90638 10307.8 118846 5161.4 56326.4 20248.5 97473.7 53695.6 44723.4 50209.6 125575 97934.9 93975.2 42997.9 107793 83465.6 75844.6 52968.9 72315.6 81878 94225.7 95742.3 90460.2 78901.5 59303 92246.7 53669.1 57726 54749.1 77785.6 48781.1 78154.3 81397.1 11323 79064.1 104871 57117.2 97765.5 62680.9 109894 47506.7 76115.8 33500.4 91230.8 92135.8 63374.5 76295.3 36227.1 73702.4 130637 85236.2 89766 66165.9 31859.7 45579.8 36700.5 79347.7 41648 103054 56074.2 77675.4 119519 66852.2 125794 77477.2 48825.6 102017 73778.6 119731 51782.3 50888.2 83977.2 99721.5 78497.5 50335.8 97242.4 94599 40321 72928.5 80915.4 34333.2 61000.5 57207.1 93943.9 44219.5 86018.9 125328 21865.3 130292 108297 17569.3 44169.3 65991.9 104426 83983.9 94429.9 35131.9 30958.4 64202.5 73832.6 37125.9 89870.9 
49206.2 28992.8 36761.4 38021.7 50037.3 17871.8 60347 38015.9 4280.19 79356.5 30541.3 84455.3 36881.6 77805.2 48856.7 41555.4 47125.9 51527.6 37914.8 72641.9 57655 47501.7 19882.9 44553.9 16636.4 40005.6 73120.5 28635.6 4882.62 22048.4 52902.9 42176.9 52286.1 31749.3 36094.3 48196.5 43572.6 25512.5 47609.8 12659 35326.1 78028.3 29231.8 17933.8 32281.6 33104.2 53335.3 21472.1 59024.9 40927.3 57629.2 6685.06 14362.8 26187.4 32839 53867.7 74368 46186.3 6519.2 48836.3 31604 59106.8 51410.2 63430.1 56510 52246.4 18201.4 36208.4 13619.5 35995.6 63389.6 39860 46340.6 56884.2 17069.6 16602.7 30876.5 66614.7 55317.4 21540.7 29976.7 44735.3 42944.1 7902.53 19453.8 50194.1 31195.5 32123.7 55313.7 50631.7 54065.1 23265.9 56002.2 69736.2 38531.7 68532.8 46518.9 25821.3 72379.9 54982.5 67033.4 43224.5 36305.5 46739.8 55448.7 77105.2 40718.2 47377 52242.7 22232 
45237.4 15445.7 45660.6 50135.2 64642.1 20511.7 62322.1 44539.4 16743.1 92040.3 17102.6 96751.2 46784.8 88573.6 43406.6 56129.3 57997.4 66261.6 23920.7 69193.7 53954.1 59026.3 6105.74 57645.3 26086 50149.6 75286.8 42123.3 11315.9 15394.2 65177.7 42806.5 57874.4 27318.3 48100 63027.7 51918.6 39781.9 56885.9 27392.3 35544.3 90461.5 31377.2 18598.1 45447.2 42675.8 57961.5 8458.13 73781.1 42614.2 71163.2 10621.7 25143.6 39780 46995.9 67167.8 76294.8 31384.7 21221.9 45856.8 39033.3 70600.3 65892 77809.1 56718.3 66398.2 21489.5 46542 24091.9 21205 66606.1 25205 47224.6 64511.2 3560.9 28014.3 18308.7 72867.6 62650.5 34914.3 21620.6 45365.4 53079.3 9338.09 13703.3 61745.4 35712.9 32918.4 67443.7 65412.1 68888.1 33488.7 70579.9 68805.9 24110.2 80384.4 31690.1 11788.6 85277.2 69523.6 70412 34731.1 35395.2 42127.9 68886.9 86402.9 46519.2 49326 64737.4 19647.1 
91269.3 115278 56820.6 49720.5 64730.9 101523 70883.7 62000.7 88724.4 8475.85 116926 3354.1 54441.6 19000.3 95774.9 51895.8 42842.2 48579.1 123658 96539 92392.6 41093.2 105873 81842.6 73929.5 51088.3 71100 80087.1 92306.6 93855.7 88924.8 77176.7 57680 90418.6 51749.6 56100.6 52941.9 75961.4 46973.7 76245.7 79605.8 9402.13 77223.1 102968 55200.7 95988.2 61090.2 107974 46043.5 74376.5 31671.6 89310.7 90252.6 61460.9 74536 34346 72505.6 128738 83324.9 88095.6 64301.2 29986.8 43873.1 35214.2 77806.2 39879.9 101160 54179.1 75756.3 117619 65454.3 123885 75800.9 47223 100102 71858.5 117810 50451 49268.7 82134.2 97865.3 76801.6 48466.3 95322.9 92704.1 38419.4 71089.4 79097.7 32416.4 59444.5 55700.8 92105.2 42620.3 84658.6 123415 20000 128397 106394 15730.5 42538.7 64671 102646 82200.5 92721.6 33273.7 29894 62426.4 72169.2 35205.1 87992 
48509.2 62391.4 9841.24 4159.33 43241.2 51650.1 42003 17463.1 37609.2 45378.5 64047 49845.4 6351.38 42340.5 51604.7 23217.7 11772 32702.9 70688.3 64669.4 53629.6 12120.2 53009.4 51174.4 20947.6 6842.51 51829.9 40066.1 40294 41584.9 60964.3 34131.5 27256.7 40741.3 2570.99 35151.8 14227.4 34349.4 14699.7 26420.1 32622.1 43629.9 27711.5 52525.9 8521.15 54569 30417.4 55180.6 39125.6 31084.6 26881.2 36503.4 42074.7 12924.8 37884.2 22401.8 53437.5 75977.1 32706.1 46033.1 14805.4 23745.3 28572.7 37545.3 43514.3 26000 51563.2 4664.76 22902 64864.9 41379.3 70944.8 35555 25998.8 47119 19143.7 65066.5 37287.7 25333.2 38000.1 46718.4 35337.5 9002.78 43212 40152 14838.5 22357.3 30723.6 20576.9 39995.2 40530.6 47161.1 33440.1 56275.5 70434.8 33442.6 75729.1 53584 38924 32125.5 43955.1 54505.5 35340.9 48410.3 24446.1 42432.3 20310.6 33500.6 18262.8 36106.1 
38200.1 27581.2 33324.2 38577.8 58806.9 26734.6 51672.2 32306.2 15456.4 80483.8 29245.3 84983.1 34557.9 76357.4 37627.6 47152.6 45900.4 57720.1 35595.1 61880.7 46761.1 47120.8 18425.3 55182 14214.4 37942.7 64626.1 39213.5 12416.9 11112.6 63841.2 32624.1 45907.1 20510.5 36519.9 55578.8 39562.7 35403.5 44549 20315.8 25456.8 78777.9 20195 25868.1 34683.1 44377.6 46257.2 20814.7 65273.9 31888.9 60356 5103.92 25620.5 29614.2 42714.2 56185.1 65749.4 41217.6 16786.9 38052.6 26686.5 58616.8 56526.5 68097 46928.9 56393.7 27373.9 34401.3 12847.2 30220.9 55451.8 35860.3 36968.2 52216.2 11985.4 16865.6 30634.9 60813.3 50384.1 32331.1 19037.3 35220 40854.1 13566.5 8537.56 49830.2 23792.9 22444.8 55724.5 58665.2 61634.6 34546.8 61412.1 59770.9 35286.4 68485.6 41149.1 18978.9 73877.3 60265.6 59215.7 32069 25995.6 35604.6 58009.8 74047.6 34426.9 38568.9 53222.6 11045.4 
76837.6 99181.7 40964.6 33640 53891.1 86000.6 58514.4 46555 72922.6 9138.93 100832 13009.6 38442.3 14061.6 81146 38091.1 26888.1 37187.2 107540 84507.2 78765 24989.8 89780.5 69852.2 57807 35121.6 61012.9 66092.8 76362.9 77825 77833.8 62403.9 44013 74775.4 35658.7 44528.6 37582.6 61555.6 31659 60559.8 64268.6 6841.05 61502.8 87343 39376.1 82076.9 47679 91897 36845.6 59492 18101.1 73224.7 74964.6 45694.6 60988 19556.3 62561.5 112646 67576.3 73736 48428.2 14190.5 31642.5 26566.9 64648.3 26911.9 85688.1 38116.8 59656.1 101527 53789.4 107765 61456.4 33984.8 83978.9 55774.3 101747 39851 35802.2 67441.4 82018.2 62280.1 32588.6 79367.3 76631.9 22333.2 55394 63551.9 16302.8 48621.5 45574.8 77432.8 31918.8 73053.7 107290 4816.64 112322 90290.6 6400.78 31422.6 53744.8 87344.9 66919.4 78024.2 19016.3 23817 47284.8 57966.2 19251 72006.9 
60100.7 90337 29481 28792 62252.4 81710.8 39881.4 32671.1 67556.3 27222.2 91999.7 28049.2 28420.1 14340.2 64712.4 42695.4 18363.6 46386.2 98022.4 65798.6 61044 19302.3 81181.5 75429 49309.2 25162.3 42095.4 67693.8 69838.5 66295.9 84536.7 46341.8 26357.7 60988.6 30252.4 52597.8 23853.3 62316 18305.2 56484.5 49571.8 24259.6 48301.7 82512.6 36327 83165.5 29740.5 83523.5 48842.7 43694 28024.3 65173.8 72075.5 42289.6 63970.4 26071.4 43660.6 101405 62768.2 56900 36571.6 11371.9 40388.6 40524.2 46509.9 35334.4 81641.7 28933.7 51869.3 90424.6 34905.2 97322.8 44644.8 15875.1 74568.1 48527.5 93392.1 20955.4 17942.4 67006 69084.4 45752.6 22209.2 72645.2 65620.9 17205.2 42245.6 49570.4 16871.6 57422.8 55584.6 76604.5 42822.9 54200.8 97284.4 14297.2 100840 79561.1 25034.4 41862.8 34779.4 72310 52020.2 61722 27145 12503.6 32367.9 40959.1 20500 60178.8 
77737.1 96620.7 40307.1 31250.8 47984.3 82224.7 61051.6 46584.2 69562.8 10983.6 98255.8 16737.1 37406.6 20083.1 81835.2 32973.5 26277.2 31307.7 105147 87016.4 80305.9 23711.8 87210.4 64200.7 55624.9 34256.8 64630.7 61143.3 73292.4 76369.2 72012.4 63083.5 45913.2 74242.8 33311 38716.4 37898.4 56829.3 32192.7 57023.2 64267.3 10248.9 60914.7 83698.5 36138.6 77106.5 49701.6 89239.1 30758.4 60080.8 12692.1 70650.2 70932.2 42320.7 55821.3 15027 66221.6 110824 64131.1 74721.1 47630.3 14857 25906.9 20494.9 66630 21360 81851.9 36820.8 57212.3 99717.3 56770.6 105684 62556.9 36440.8 81722.3 53245.6 99015.3 43579.1 38042.6 62909.6 81058.6 63209.6 32039 76322.3 75001.7 21295.3 54903.7 63250.4 14713.9 42697.7 39560.8 72894.4 25912.4 75866.5 105063 8881.44 110590 88428.5 4060.79 25465.7 57085.4 87258.8 66973.2 78664.4 14040.7 29345.7 47721 59227.7 16619.3 70731.3 
87240.2 79707.7 50527 37581 6181.42 57383.8 82511.7 58003.9 50474.7 50632 81056.1 57135 47047.3 61397.8 89451.9 17511.4 44904 11123.4 88651.3 105237 93399.8 41662.1 71378.5 24001.9 49822.2 46569.2 91367.2 28908.5 55812.7 70534.3 30320 73771.3 67140 75140.9 38244.7 5556.98 54184.2 28219.3 52087.7 39953.1 70577.7 51424.5 64325.7 59760.2 33142.1 42301.9 70620.5 72460.5 12952.2 70880.3 30581.2 57671.2 45682.9 33819.5 22420.1 31397 93018.8 98034.1 45646.5 85193.7 53927.1 46030.1 17090.6 23485.3 84188.6 22189.4 56551 45371.9 48926.2 88065.1 81198.6 91453.2 75806.4 62721.4 69095.9 45766.5 80547.7 73638.2 62959.4 34644.8 77903.1 75339.6 47185.8 58472 68175.1 42239.4 60593.2 67910 40508 1526.43 3178.05 42638 16249.6 96965.4 89802.1 48954.7 98473.8 77745.2 44140.3 16671.5 83291.4 89125.6 73055.1 86415.6 30674.1 68320.5 60976.5 74059.4 37054 67266.9 
46739 72759.6 11903.8 15160.8 54856.6 65054 32713.6 16103.7 50715.9 39659.6 74422.1 42559.3 11132.4 31472.1 50852.3 34185.5 6618.91 41512 80459.7 57854.5 49640.3 10204.4 63617.7 64823.5 31884.9 8215.23 40200.1 54492 52634 48947 74482.9 32091.9 16772 44550.2 15748.7 45834.5 7066.12 48808.3 1204.16 40427.8 33767.6 37208.6 31453.5 65666.4 22521.1 69103.5 20586.6 65970.1 46435.3 29108.4 28535.1 47703.8 56143.1 27459.1 51946.3 24478.8 41860 84083.6 46217.7 43737.9 19103.1 16421 36136.5 41484.9 36741.8 31975.8 65073 11982.1 34563.7 73051.4 30287 79847.9 31641.3 11884.9 56989.9 31432.6 75829.4 23233.2 11759.3 52528.3 52227.4 32226.2 5544.37 55371.6 48164 11082 25316 33202.6 17102.6 50852 50366.1 61603.2 40206.1 47751.4 79757.7 26035.4 83575.4 62096.7 34724.8 38959.7 32101.4 56841.7 36404.5 47692 26460.9 29124.7 16796.7 28445 17768.5 42878.9 
71062.3 84608.3 31910.2 20401.2 37409.8 69357.8 58228 39139.4 56957.7 23883.9 86224.2 29731 28496.5 29757.9 74696.7 20308.9 19403.4 20946.8 93276.8 83545.6 74860.1 15920.1 75221.3 52468.4 44320.8 25898.5 64311.2 48324.9 60898.1 65786.4 60835.7 56296.8 42327.5 65080 22405.8 27777 31551.4 43888.2 26850.9 44340.2 56189.8 23221.5 51896 70891.7 23920.7 64307.2 46180.6 77157 23062.5 53202.4 2844.29 58738.8 57982.5 29867 43202.1 2193.17 65967.4 99566.1 51484 68266 38637.4 14509.7 14985.7 15970 62406.4 9902.02 68960.4 27480.4 45563.7 88518.6 55133.5 94144.8 56610.7 34795.5 70090.9 41546.2 86835.6 44411 35769.3 49920.1 71145.6 56905.6 24505.1 63938.2 64193.8 14611.3 46204.1 54668.2 9679.88 32315.5 30017.7 59908.3 17007.4 73296.1 93364.5 17340.1 99441.3 77223.1 16658 16065.5 56309.3 78672.1 58935.6 71483.5 1392.84 36270.8 41006 53707.7 7924.65 60467.5 
16807.7 70000.9 50134.3 63590.1 101786 81185.3 24409.2 42440.1 70029.8 91128.5 71136.6 91978.5 53782 76745 19024.5 82881.2 60591.3 92592.9 72465.7 7245 8127.12 64120.7 65439.1 104908 54755.1 55227.7 29473 89884.6 67250.9 46653.8 114523 26594 38518.7 34867.9 62455.2 94638.5 48547.1 84689.1 53216.9 69363.5 31522.7 88233.6 38296.9 79871 67007.8 98526.8 34752 67661.7 98819.5 29337.5 82830.4 59986.2 80004 67153 91034.3 78602 29062.9 67618.9 69672.4 16933.1 46264 69607.2 88215.4 95499.4 17802.5 84952 81942.9 55348 57281.2 60571.7 30362.6 68114.4 24368 48413.4 58793.9 58400.3 73951.4 45648.3 46580.8 84171.6 40976.2 24829.4 55839.5 67907.3 48683.7 65443.9 40182.2 34741.6 71435.6 99271.4 100263 88734.7 92892.4 13981.8 69925.2 77563.5 66147.3 55784.3 87731.4 91583.5 32291.3 30600.8 29845.3 19863.5 80653.6 67503 39783.4 26558 72079.5 43911.4 
52744.4 75720 15822.1 13209.5 50563.3 66007.4 38710.5 21503.7 51924.8 34286.4 77383.8 37704.8 13688.3 28293.6 56756.3 30010.8 2617.25 36379.3 83721.3 64015.8 55822.9 4904.08 66429.9 61779.7 34283.1 10282.5 45519.8 52691.7 54414.2 52991.8 71252.9 38029.6 22788.2 49566.5 14541.7 41260.6 12809.8 47164.1 7406.08 40734.4 39223.1 32013.1 36294.4 66861.3 20847.1 67874.7 26636.3 68698.5 40853.4 35003.1 22388.6 50135.5 56329.8 26627.1 49492 18438.3 47184.1 88035.5 47062.9 49783.5 23303.4 11038.6 30780 35423.2 42940.9 26362.3 65921.5 13784.4 36635.6 76939.6 35911.3 83479.6 37762.5 16237.3 60121 33112.7 78599.4 27106.1 16752.3 51535 56869.1 38282.8 7500.67 57278.7 51976.2 4964.88 30183.8 38374.1 10922.5 46274.1 45418.3 61011.8 34591.5 53773.6 83214.5 21000 87620.8 65815.8 28945.6 33379.3 37428.6 62271.2 41911.5 53576.2 20373 28171.1 22629.4 34620.8 11648.2 47054.9 
12869.3 62300.3 31724.6 45180.7 83672 68336 13372 24033.3 55706.8 74735.9 63703.8 76277.9 35372.6 61875.4 17893.3 64531.7 42562.2 74187.1 66856.6 23512.8 13064.8 46033.2 55791.8 87719.2 38288.4 36870.9 25303.4 73185.9 53901.5 36133.4 97459 9440.34 21917.3 24700 44051.4 76333.8 30403 67774 35405.1 52991.5 16204.9 71960.3 22387.7 67469.2 48722.6 83189.5 18593 58241.7 80417.5 11552.1 64778.1 46592.9 65211.3 49216.4 73774.9 60478.8 25985.6 65095.9 54389.1 9708.24 28131.1 52392.4 69814 77289.4 5703.51 66603.3 68938.5 36938.9 41120.6 55873.5 19581.9 63679.6 6105.74 32389.2 48507.7 41581.7 66206.1 32879.9 30326.4 67967.1 33164.6 7072.48 37607.6 55174.6 37468.1 47517.8 22729.9 19364.4 53709.3 81013.2 81911.2 73587 74508.5 18252.9 64860 60980.1 63941.4 48133.7 70739.2 73198.2 23048.9 28702.1 15789.2 15601.3 62551.2 53923.1 21392.5 8249.24 54077.8 31579.3 
24570.3 77184 41488.9 54297.1 94393.6 83369.4 9712.36 34470.3 70458.9 76228.9 78546.4 76485 44847.5 60860.8 29125.4 74337.7 48981.8 83100.4 81319.1 16901.2 18744.9 52586.9 70908.7 100269 52201.5 45360.1 12822.6 86412.1 68902.9 51251.7 110105 24140.4 25646.2 39646.1 53619.1 86294.4 37881.1 80828.7 41316.8 66727.1 31243.6 73249.8 37052 82567.1 59260.9 97343.2 21828.9 73344.3 88599.2 25459.2 70768.4 61624.8 79730 60944.3 86348.2 66853 12776.9 78604.3 68778.3 22302.7 40028.5 56033.2 78113 83845.2 9786.21 74246.3 83943.8 46539.9 55194.4 70002.9 14190.5 77799.3 19948.9 34123.6 63655.3 55126.4 81114.1 29362.1 32633.3 81667.7 47800.1 21561.5 45173.6 70266.1 52639.3 53385.6 36222.8 34304.8 58743.9 91177.7 91476 87893.4 82434.2 5360.04 79167.3 63028.6 77324.9 62920.3 73544 81160.9 15472.9 41213.2 30972.6 28007.1 68794.3 51115 31267.9 19520.5 60067 46764.2 
62250.9 50940.9 33274.6 26192.6 28111.4 31549.3 64569 38746 21470.9 62210.1 52388.3 68030.7 31141.1 64955.4 63510.8 20295.1 36822.4 29383.2 59930.4 83215.4 69595.5 35502.3 42215.8 27799.5 22809 32872.6 75922.4 14132.2 26603 41515.9 37536.6 50773.7 51812.4 47694.2 25089.4 25614.4 39538.5 8364.81 40867.7 10423.5 45813.2 61504 39067.4 33399.7 18545.6 28503.5 54316.2 43518.4 36753.5 48375.6 39172.1 28100.7 19803.3 13285.3 13880.9 36308.8 77439 68733.8 16285.6 60815.3 32714.1 45862.9 30203.5 42319 63641 32144.2 31022.1 29646.8 20967.8 58571.3 65423.2 62302 53904.8 52105.8 39538 18891.5 52239.8 63309.1 51294.6 12226.2 49167.5 52892.1 35169.3 29429.4 39056.5 37753 37207.5 42721.5 40831.9 28161.9 31486.5 22047.7 34374 77219.3 60820.8 53781.2 69095.9 48167.4 54962.6 33495.1 68469 61222.2 47877.4 60737.6 37387.2 67301.2 42024.9 53318.9 37087.2 38993.6 
19543.8 34757 38084.8 48703.2 77648.6 45743.3 40707.4 32784.4 36467.1 88033.9 36079.9 91332.9 40972.7 79632.8 17479.4 62881.5 52196.9 73625.7 38984.4 43370.6 28195.2 54650.2 29349.3 75878.1 28130.1 44098.5 53146.2 59968.4 32638.2 10912.4 84765.9 21902.1 41862.8 4313.93 46789.8 72970.2 41840.2 55731 47782.2 40040.5 16140 85775.6 17477.1 44186.5 47844.9 65361.8 40410.9 31629.1 80969.4 23307.7 71468.2 25880.5 46621.2 44721.9 62899 66981.3 53858.1 38071.8 37749.3 20665.2 30723.6 64798.3 71137.2 81577.3 33562.6 69740.2 46592.9 41703 29134.2 28200.2 46208.8 35970.1 25867.7 51175.4 22673.8 32168.6 38707.2 56376 49004.6 53264.3 5303.77 23974.2 46438.9 32698.9 13296.6 57072.9 23585 15729 63639.1 76702 79060.8 55561.6 76172.6 44144 37029.7 74697.1 37121.4 20441.4 82340.9 74911.5 49960.5 11326.5 14239.4 16285.6 69033.1 74411 32962.1 29084.9 62253.1 10920.2 
85277.2 99585 46703.9 35777.1 42933.7 83080 69968.3 53579.3 71385.2 14024.6 101184 20478.8 43453.4 28797.6 89147.6 31703.6 33241.5 26949.2 108332 95833 88409.6 30131.7 90232.7 60161.4 59669.9 40607.9 74080.2 59495 75597.2 81181.5 67124.1 70516.5 54512.5 80267.9 37792.2 34442 45347.1 55866.4 39978.2 58718.7 70993.7 15414.6 67014.1 84804.5 39040.6 75187.2 58351.3 92097.8 24309.1 67454.1 13300.4 73839 71379.7 44721.9 53628.8 17527.7 75684.4 114867 65873 82359.3 53695.6 23532.5 22717.8 13462.9 75145 19516.7 82586.8 42573.5 60821 103841 65954.9 109360 70382.5 45473.9 85300.1 56798.8 101675 53107.5 46938.4 62328.6 86493.8 70875.9 38812.5 78636.5 79582.9 28146 61200.1 69654.3 21701.8 37653.2 33905.3 72153.5 20902.2 84901.2 108512 18507.6 114768 92551.9 8860.02 20925.8 66438.3 93712.2 73732.8 85946.1 15642.6 38722.1 55098.6 67219.1 22128.9 75847.5 
90306.4 110892 54066.8 45534.3 57413 96008.9 71511.8 59911.4 83622.6 4440.72 112525 7481.31 51348.3 21922.8 94616.7 45500 39951.6 41461.4 119433 97444.2 92138.4 37692 101483 74686.1 69907.7 48106.2 73075.6 73586 87462.1 90527.2 81583.9 75872.1 57345.4 87981.1 47593.5 48962.4 50986.4 69685.4 45087.1 71022.9 77637.9 7400 74672.6 97572.3 50328.9 89397.6 60959.4 103499 38602.1 72953.8 25613.5 84927.1 84535.5 56442.9 67870 28842.5 74563.4 125080 78160.1 87200.9 61482.4 27536.3 37020.7 27806.5 77898.9 33334.8 95590.6 50869.3 71501.1 113969 66509.1 119968 74916.6 47164.1 96011.9 67531.7 113258 52017.9 49056.7 75999.6 95028.9 75749.9 45708.9 90497.1 89206.8 35150.1 68595.8 76832.9 28714.1 52146 48317.5 85922.1 35426.7 85811.4 119352 18191.2 124830 102686 10253.3 35429.1 66155.1 100707 80304 91493 27488.5 33110.9 60722.4 71411.2 30893.4 84825 
65125.5 96426.8 35568.8 34410.6 65831.7 87600.6 43658.9 38591.8 73501.2 24561.8 98089.4 24110 34489.6 8900 69835.5 46931.5 24182 49552.9 104102 69274.1 65546.3 24747.7 87271.1 79774.7 55380.2 31212.3 44263.4 72774.9 75860 72313.6 88668 51698.1 31265.6 66780.2 35968 56155.5 29863.9 67504.7 24382.2 62280.7 55252.2 21503.5 54217.7 88446.6 41832 88400.5 34390.3 89611.9 51203.9 49149.8 30443.6 71249.2 77806.7 47914.1 68778.6 29294.5 45742.1 107405 68656.2 61899.6 42633.9 15088.1 43565.2 42070.9 50790.9 38466.2 87510.5 34969.3 57919.3 96442 38190.3 103371 49739.8 20776.2 80655.9 54543.3 99481.6 23300.2 22947.8 72405.1 74969.5 50952.2 28257.7 78680.2 71668.8 22427 48193.2 55376.6 20736.9 60839.5 58642.1 82099 45432.7 57418.1 103350 13720.1 106822 85608.4 24016 44592.6 37510.8 77823.5 57645.9 66906.9 30009.7 7689.6 38132 46001.7 24600 66186.7 
11774.5 53038.6 50550.7 63401.3 97375.3 67744.9 36278 43277 58703.1 97685.5 54004.8 99700.5 54094.7 85730.9 7710.38 80582.1 63559.1 91061.8 54506 25500 13943.1 66723.6 49852.8 97314.3 47754.6 56498.5 45435.7 81553 54910.2 33111.9 106449 26324.5 45574.2 23107.8 61806.6 91606.6 51544.2 76979.6 57214.2 61188.2 26742.1 95029.7 32584.8 66033.7 64701.9 87618.5 42522.9 51827.8 98010.9 29358.6 85125.4 48134 68867 63054.7 83949.1 80649.5 45464.8 48908.3 59678.2 14956.3 44505.5 74742.9 87637.1 96746.5 27804.5 85300.5 68636.6 55339.9 49508.4 42507.5 42787 49830.2 27241.5 56089.2 44028.4 51798.3 56915.8 56900.4 53954.1 75069.6 25890.7 26310.5 58025.9 54873.1 35560.1 68656.8 37048.8 29076.5 75172.7 95775.8 97582 77805.2 92599.9 31569.1 51813.9 83895.9 47400 39318.3 93114.2 91292.1 45778.7 13148.8 24083.2 10922.5 82759 78016.4 41733.7 30897.4 74826.3 32542.4 
71522 60755.7 38890.2 28621.7 17548.2 39450.9 71206 45428 31407.2 57862.3 62139.2 64061.4 36047.2 63502 73127.4 14455.4 38670.4 20796.6 69725.3 91525.6 78477.1 36456 52305.4 21095 32518.6 36891.7 81744.2 13756.8 36718 52065 30870.9 59203.5 57210.6 57772.4 28246.2 15666.8 44290.4 10358.6 44241.4 21034.3 54881.1 57651.5 48259.4 41640 21578 29686.4 60155.1 53445.3 27658.8 56582.4 34755.4 38674.5 27504.5 18949.7 8720.67 32956 83327.6 78941.6 26533.9 69854.8 40064.2 45086.8 23233.2 34863.9 71263.2 26510.8 38733.2 34381.7 31066.4 68954.3 71240.2 72394 61942.7 55639.2 50010.6 28462.3 61760.3 66999.2 55220.4 17066 59654.1 61131 38589.2 39411.9 49625.8 38181.1 45601.9 51924.9 39572.8 17659 21244.5 26515.8 26504.7 84659.6 70791 51519 79368 58690.5 50644.8 25888.4 73964.1 71486.3 57123.4 70248.8 33479.1 67574.3 48665.6 60894.7 35661.9 49320.7 
43599.7 39481.9 24212.4 26128.3 46938.4 30042.6 50105.9 26155.9 15611.5 67960.1 41120.9 72777 24272 65427.9 44502.8 33793 34704 44439.7 48031.3 65629.3 51365.6 35319.3 30070.7 46191 4875.45 27419.2 62527.2 30761.7 17275.4 23135.5 55581.7 33584.1 40477.6 28462.3 24120.5 42773.1 31065.3 25812.6 34998.4 10182.8 27680.5 66438.7 20934.7 30405.6 21420.1 40304.5 41910.5 32138.6 51976.3 31689.1 47161.5 13507.4 23179.5 16145 32658.8 43097.2 63879.9 54526.4 12156.5 42467.2 19587 46947.3 43071.2 54624.7 47459.7 42937.7 30204.1 23631.5 1910.5 43611.5 52430.9 48900.9 37304.8 44430.3 24842.9 4070.63 41979.5 54429.8 42933.7 25032 30402.6 35968.5 30364.5 20104 20895.2 38033.8 20863.4 24449.3 43484.7 46213.1 48869.2 30911.8 47976.3 61030.6 48078 56568 54526.4 32423.8 61166.7 46818.8 55937.1 42047.6 29425.3 41836.9 44854 64500.6 29090.4 37596 40667.7 19884.2 
75424.5 69370.5 39618.2 27365.1 13288 48551.8 71971.4 46874 39908.4 50128 70794.1 56474.5 36302.2 57524.3 77540.3 8263.78 36083.9 11693.2 78357.5 93953.2 81763.7 33255.5 60707.9 24695.1 37835.6 36299.4 81533.1 22203.6 45092.3 58716.7 33583.9 62173.7 57032.3 63147 27658.6 7218.03 43952.8 19455.8 42674.7 28600.9 58736.4 50204.6 52415.5 50711.9 21889.3 37715.4 60329.2 61979.4 18580.1 59339.4 27465.8 46301.3 36594.1 21909.4 16155.5 26518.1 83163.5 87221.6 34780.7 73449.4 42404.4 40055.6 14767.9 25938.8 73093.5 18767.3 47845.3 34601.3 37000.1 76991.7 71175.6 80796.7 64399.1 53800.1 57897.6 33785.4 70535.4 65030.8 53741 26172.5 66004.8 63837.7 37362 47894.2 56396.2 34436.2 48853.2 56017.9 34398.3 10846.7 13274 35460.7 17528.5 86119.6 79299.2 45206.4 87567.6 66430.9 43023.8 17017.6 73541.3 77136.8 61180.5 74523.6 26603 62789.3 49954.5 62848.5 30564.4 55320.3 
57454.4 73594.2 18216.5 8043.01 41741.2 61205.2 46300.3 25519.6 47676 33948.5 75242.3 38606.9 14819.2 32671.9 61026.1 21221.9 7220.11 27760.6 81995.4 70936.6 61528.7 3920.46 64189.8 53324 32321 12233.2 53950.8 45143.8 50880.6 53029.5 62688.1 42711.7 30413.8 51580 10065.8 32446 18461 39815.2 14773.3 35635 42498.6 32296.4 38327.3 62352.7 14492.1 60703 34156.3 66300 32691.6 39612.6 16399.1 47629.9 50741 20808.2 41459.9 11926.9 55612.9 87450.6 42457.7 54704.5 25019.4 13516.3 22346.6 28540.8 49647.8 18292.3 60990.9 13884.2 34073.6 76340.6 44076.8 82371.5 43233.9 24961.8 58477.8 30178.3 76150.6 35927.1 25287.5 44745.1 57961.4 43425.9 11146.3 53865.9 51626.8 5360.04 32556.4 41020.1 9323.09 37462.1 36706.9 54513.3 26491.7 61260.9 81813.8 22537.5 87208.8 65055.8 27443.2 25228.6 45848.4 65056.3 45244.3 57812.2 14035.7 34982.4 27546.5 40503.1 6795.59 47472.3 
60966.3 92953.4 32111.1 32139.9 65610.1 84847.6 39659 34736.9 70638.5 27994.6 94613.8 28016.6 31296.8 13058.7 65678.8 46138.2 21633.5 49648.9 100522 65375.8 61422 22722 83857.3 78888.1 52146.4 28112.8 40800.1 71145.2 72800.3 68561.3 87978.4 47568.2 27106.5 62795.1 33552.9 55946.6 26154.3 65754.2 20885.6 59709.7 51214.2 24958 50339.1 85602 39706.2 86592.4 30239.9 86222.8 51897.8 45040.9 31049.8 67978.9 75335.3 45619.5 67440.3 29310.2 42317.8 103609 65914.6 57740.3 39019.1 14637.3 43646.4 43302.9 46694.1 38573.7 84798.2 31910 54775.3 92680.3 34314.4 99676 45583.4 16620.8 77150.8 51515.1 96068.5 19682.5 18796.3 70400.3 71049.8 46802.7 25174.6 75576.5 67983.6 20664.2 44354.9 51407.1 20215.8 60747.4 58830.3 79968.1 45940.1 53589.7 99709.2 15993.1 103000 81915.7 26664.8 45011.1 33814.8 73720 53584 62753.9 30295.2 9154.78 34153.3 41843.8 23900.2 62420 
61173.6 14618.5 74124.2 79702.3 90932.1 38209.9 84147.7 71671.3 44038.6 121632 13122.9 126234 75683.6 117400 57300.8 85110.1 87129.6 94849.8 5738.47 82787.4 68905.9 88390.6 23848.1 80376.2 55442.3 79085.6 96537.9 66648 39071.7 37933.2 85824.2 65054.2 83589.7 47081.4 77655.9 90841.1 79881.5 65944.6 85257.8 56196.9 58470.9 119995 56678.9 35537.3 75098.5 61068.9 82818.4 22132.6 102259 65965.1 100797 40279.6 48798.5 69360.7 72542.7 96822.8 97195.9 10696.3 49358.5 63157.7 67012.6 99881.8 94996.1 107031 76890.2 95806.3 39258.8 75619.4 53669.8 15446.7 89551.1 7700.65 69197.5 91607.7 29285.7 57631.3 13601.5 98570.8 89581.8 59893.6 38226.7 67283.1 81960.5 36135.4 38142.5 91100.9 62177.2 56842.3 96948.9 92561.6 96417.6 54533.8 99534 86370.9 6484.6 109757 12419.7 24382.4 114911 98539.7 93329.5 45244.2 57184 57673 98531.8 114308 73030.5 72212 94331.9 44051.1 
40678.5 42809.5 19553.3 22921.2 48316 34817.4 45572.5 21341 20400.2 64843.6 44466.8 69426.2 19888.2 61424.4 42041.5 33353 30732.7 44107.6 51109.7 62012.3 48098.3 31662.3 33440.1 49179.9 1649.24 23140 57884.9 34192 21708.3 23654.6 58760.3 29698.5 35658.5 26884.4 20865.5 43261.2 26361 28925.4 30497.2 13980.7 24299 63177.9 17528.5 35106.3 19374.5 44665.2 37135.7 35645.2 51548.5 27593.7 44837.9 17013.5 27912 15175.3 35383.2 40605.4 59258.8 56803.2 16931.9 39277.1 14764.8 43245.3 42104.6 53243.7 43283.4 41412.1 35000 19409.3 3613.86 45745.9 47726.4 51523.3 33213.3 39692.1 27577.5 2683.28 45543.9 49617 38163.5 28954.6 30222 31986.6 26094.6 24413.1 21746.3 34381.7 16542.4 21168.4 40131.9 47071.2 49349.1 35431.8 47102.4 56895.8 50916.6 53021.2 56668.3 34450.1 58215.1 45887.8 51202.4 40858.9 26309.3 39212.8 42467.5 60084.1 24302.3 33254.3 37566.6 19314.5 
25645.7 64182.6 18232.1 31366.5 71115.7 64493.8 14780.1 11173.2 50572 60356.4 65753 62282.3 21700.2 48603.3 30190.2 51245.5 27812.6 60401.3 70330.1 36905.4 27840.4 31319.3 56201.4 77137.4 30930.2 22649.1 26761.5 63715.4 50196.9 37652.4 86990.4 12061.5 8841.38 28966.4 30511.8 63183.9 15733.4 58040.7 20603.9 44767.2 17095 57656.7 19304.1 64200.4 35956.2 75624.5 7463.24 58718.5 66313.9 9902.02 50050.4 43397 58953.5 37689.4 63264.3 45794.8 28146.9 71061.7 47910.9 22487.6 17140.6 37713.1 55725.4 62685.6 15601.6 52255.1 64882 23369.2 34089.6 60708.2 16710.8 68266.3 10184.3 18999.5 48827 33191 67839.3 23300 16807.4 59464 37813.4 11229.4 23048.9 52169.3 38017.1 32734.4 15542.5 18532.7 38908.2 68017.2 68514.3 66536.1 60287.6 28290.8 68880.9 46565.3 70191.3 51073 56098.5 58986.9 20339.4 38343.8 18948.9 27200 47852.8 41914.4 7939.77 6691.04 39322.4 31773.7 
87169.9 112021 53100.8 46521.4 63934.5 98854.7 66706.6 58108.3 85840.6 7316.42 113674 1303.84 50827.2 14927.2 91696.3 50012 39216.8 47512.7 120328 92369.7 88235 37644.7 102627 80720 70582.3 47452.3 67004.8 78196.2 89285.2 90237.2 88122.7 73128 53540.7 86566.1 48527.6 55026.3 49040.8 73882.7 43075.1 73453.4 75665.2 6815.42 73411.5 100227 52292 94152.6 56935.1 104762 45609.8 70347.2 29712.3 86083 87730.6 58601.8 72819.8 31964 68421.1 125197 80485.1 83990.3 60580.7 26335.1 42498.2 34776 73635.9 38222.8 98525.6 50633.8 72498.8 114083 61285.6 120438 71700.6 43072.5 96740.2 68640.1 114623 46303.9 45127 79927 94103.4 72720 44775.6 92287.9 89140.3 34945.1 67273 75218.3 29162.5 58627.6 55076 89916.9 41709.7 80498.5 120022 16341.7 124826 102887 13980.7 41501.9 60525.8 98682.2 78244 88653.1 31092.3 25942.2 58457.7 68058 32175.3 84331.8 
21199.3 32829.9 41961.2 52403.1 80387.4 45975.9 43804.3 36704.9 37769 91923.9 34047.2 95245.4 44810.8 83545.5 18283.3 66137.5 56076.1 76892.5 36335.2 44525.3 29591.9 58497.6 28353.7 77909.2 31219.4 47958.8 56031.2 61950.5 33549.1 11820.7 86610 25406.5 45621.3 8221.92 50470 76004.2 45760.4 57940.1 51701.5 42401.1 19948.2 89675.9 21370.1 44233 51306.1 66482 44064.2 30481 84281.9 26986.3 75184.6 27206.8 47837.7 47950.8 65183 70706.8 56668.3 34632.5 39554.5 22800.9 34577 68698.5 74555.8 85134.5 36367.6 73281.7 46883.8 45510.1 31962.6 25143.2 49475.9 32950.9 29215.9 55026.3 22240.7 35201.3 36791.6 60028.8 52850.4 55100.1 4101.22 27353.4 50322.4 33255.5 14405.9 60935.5 27488.5 19643.1 67492.4 79621.7 82103 56755.6 79587.8 46262.3 34200.7 78604.3 33609.1 18530 86200.5 78336.3 53191.9 9403.19 17917.9 17755.3 72749.6 78262.2 36864.8 32557.6 66059.7 13613.2 
7100 61012.9 40088.9 53521.7 90929.3 70477.8 20518.3 32387.8 58960.7 84052.5 62269.2 85557.3 43756.3 71031.6 11388.6 72385.7 51600.9 82329.9 64413.1 17962.2 3962.32 55020.5 55660.1 93684 43494.9 45533.4 30142.5 78620.4 56372 36379.3 103280 15730.5 31208.3 24456.1 52244.4 84026.3 39403.2 73441.2 44575.9 58094.1 20256.6 81274 27033.7 69281 56419.3 87338.9 27801.6 57982.5 88778.9 18660.1 73753.2 49065.8 68875.3 56222.6 79829.1 69404.1 30359.2 61041.4 58462.5 5948.11 35584.4 61674.7 78196.5 86101 12073.9 75200.1 71197.3 45245.2 46011.4 52830.7 27029.6 60579.4 14350.3 41648.2 48736.1 47164.1 64974.1 41380.7 39606.3 72904.6 31537.9 14339.1 46484.4 57180.9 38227.9 56604.3 29158.9 23471.9 62871.6 88577.7 89746.5 77564 82979.6 18106.9 62105.2 70297.2 59721.8 46674.4 80035.3 81665.2 30014.7 23537.2 18598.1 10600.5 71490.7 62794 30050.1 17334.9 63106.4 33105 
37504.7 62654.7 3689.17 16387.8 56341.3 57168.6 28924.9 5651.55 42737.9 50184.6 64309.9 53334.6 6767.57 42196.9 41231.7 36293.3 14752.6 45440.3 70108.6 51815.2 41601.6 17821.3 53681.5 63446.7 22938.6 7891.77 39241.3 51078.9 43894.5 38233.5 73296.2 22737.2 14871.8 33755.7 15555.4 48243.2 4294.18 45312.5 9900.51 34085.2 23305.4 47840.3 20602.2 57463.8 21317.8 64384.5 17618.2 56094.2 51473.6 19643.1 36331 38296.2 49477.5 24018.5 49793.3 31903.9 40809.9 73355.7 38856.8 34714.4 8631.34 26888.3 40870.8 48465.3 30555 37615.2 57325.2 8462.86 25930.7 62361 28723.7 69272.6 23307.1 17340.1 46825 23510.4 65869.3 27464.3 15807.9 47801.4 41369.7 23430.7 9124.14 46440.7 37571.3 19840.4 14462.7 22475.8 26428.2 53105.9 53535.1 56002.2 45524.7 43166.8 69282.6 36719.6 72814.3 51509.7 44845.7 44215.9 31592.6 46340.6 26006.9 38025.5 34007.2 38819.1 7611.83 20812.7 25923.9 32127.4 
40803.2 59296.3 2906.89 11734.6 50367.1 51760.7 35163.8 9838.7 37349.8 50325.4 60960.5 54167.9 2983.29 44654.2 44009.2 30754.8 14591.1 40440.1 67169.3 57083.5 45865.6 16635.5 50085.5 56925.4 18236.2 6363.96 45782.3 44500 39038.6 36434.3 66780.3 26369.7 21458.1 34056.6 10336.8 42619.8 9588.53 38732.4 13160.5 27920.2 25156.3 48264.8 20779.1 52246.4 15199 57942.9 24140 52410.9 46891.5 23318.9 33776.3 34064.9 43490.2 17449.6 43232.5 29264.3 47340.2 71419 33121.7 38289.6 7472.62 27472.2 36332.9 45032.1 36045.1 33638.1 51841.7 3687.82 20948 60316.6 35261.5 66848.3 27828 22926.4 43602.3 17988.9 62290.7 33596 21681.6 41331 40730.9 27577.2 9183.14 41746.9 35355.6 19165.1 15044.3 23505.3 25640 47382.9 48124.1 49716.1 41182.5 49047.4 66608.3 37470.1 71025.2 49181 44355.4 39867.4 38171.8 47513.1 27895.9 40804.4 31360 42761.9 12870.1 25899.2 24177.9 30583.2 
91060.7 60640.9 65703.7 57465.9 30780 35362.4 96665.3 70998.9 38890.9 85475.1 61430.4 91886.9 63487.4 92786.3 91280 43209.4 67858.5 45371 68412.4 113563 99125.8 65861.4 55383.1 12949.5 52583.7 64994.5 108268 18300.3 43449.5 64834.3 13420.1 81467.8 84241.2 74305.9 56740.3 37932.6 71896.7 24065.1 72800.6 37871.5 75593.7 85695.3 68872.3 38032.6 49968 11706.8 86702.1 55177.3 49604 79407.9 63027.1 49452.7 28943.6 45551.7 20867.7 61901.3 109766 79989.3 37720 90206.2 64762.1 74597.4 49964.9 59588.3 95056.4 54295.2 34246.3 61946.8 49853.5 72654.4 97789.7 72985.5 85025.9 84166.3 57105.6 49345.4 59718.8 95466.1 83493 22914.2 72713.8 83792.9 67076.8 44535 62253.1 67679.9 68307.7 72344.8 69045.6 35546.2 39946.2 20248.5 51470.9 108679 70591.9 80606.2 81003 65405.8 78465.1 51384.2 100879 86042.9 77205.2 88927.2 62123.3 97118.9 74265.3 84899.9 65135.2 64801.5 
24659.5 58026.2 15219.1 28670 67152.7 57986.4 20618.9 7513.32 44119.2 61911.2 59615.2 64451 18886.2 51741 28572.7 47892.9 27393.6 57597 64422.4 40031.2 28836.8 30628.3 49882.4 72062 24646.5 20734.8 33049.2 58175.1 43673.6 31683.6 81883.5 9885.85 14023.6 23994.2 27460.9 59703.6 15376.9 52573.9 21156.8 38776.9 12234.8 59378.4 13050.7 57676.7 32110.4 69593.5 13705.8 52396.3 63936.5 6824.95 49222.9 36871.8 52648 32961.2 58124.9 44802.8 34375.9 65741.7 41598.6 21822.9 11844.4 38740.8 53344.3 61330.6 19365.9 50332.2 58384.3 20397.3 27780 55171.9 23181.5 62611.5 10660.7 22887.8 42537.6 27151.6 61630 29039.6 20717.1 53614.4 32597.2 10568.3 21951.3 45642.2 31868 32487.1 9025.52 12879.8 38989.5 64402.3 65272.5 60380.5 58109.3 32829.3 63094.6 48190 64958.5 45200.4 57038.7 56795.2 26846.6 34927.6 14603.1 25393.9 46905.2 46123.9 5554.28 9000 38749.5 25678 
11269.9 51957.7 49722.6 62511.5 96292.9 66547.6 36210.8 42500 57502.2 97082.4 52937.8 99164 53250.4 85290.4 6905.07 79582.5 62818.2 90081.4 53528 26315.4 14222.5 65957.3 48696.3 96153.3 46643.9 55692.5 45636.5 80383.2 53706.1 31908.1 105277 25637.7 45127.6 21931.7 60900.1 90571.7 50841 75823.8 56544.2 60032.1 25809.5 94443.4 31567.1 64841 63722.2 86416.7 42138.5 50682.2 97052.8 28647.2 84314.5 46932 67665.7 62011.9 82803.5 79832.6 45708.9 48100 58490.7 14494.1 43600.1 74092.4 86697 95875.3 27720 84401.5 67438 54477.2 48373.6 41537.7 42711.4 48903.6 26724 55633.5 42844.5 50692.5 55842.8 56676.8 53487.9 73889.2 24698.6 25725.7 57260.3 53670.6 34355.9 67917.1 36116.8 28082.9 74447.4 94722.8 96555.2 76604.2 91666.8 32006.2 50857.5 83297.3 46608.7 38193.7 92450.7 90360.3 45766.6 12034.1 23131.1 10111.9 81942.1 77690.2 41022.1 30413.8 74051.9 31354.7 
32314.9 62004.7 8820.43 22023.9 61721.4 58857.5 23760.5 3001.67 44545.7 54334.7 63637.8 57044.6 12298.4 44853.7 36262.7 41836 19734.5 51085.1 69005.3 46165.4 36051.4 23026.3 53351 68170.7 24490.2 13514.8 34767.9 55226.8 45036 36512.1 78030.3 17558.2 11377.2 30470 21109.2 53770.8 7692.2 49492.3 13538.5 37159.8 19228.4 51846.1 17980.5 58900.1 26580.1 67877 13238.2 55825.2 57134.4 14513.4 41700.5 38849.6 52085.4 28645.8 54380.1 37319.3 36279.5 71345.4 41188.6 29424.1 9518.93 31109.6 46531.8 54001.7 24927.5 43246.8 59115.9 13958.9 27642.2 60518.4 24286.6 67708.3 17755.3 17263 46220.9 25927.8 65410.7 25712.3 15284.6 51447.1 38639.4 18006.9 14401.4 47360.8 36225 24820.4 12180.3 19050.7 31305 58601.8 59122.2 59134.6 51178.6 37692.7 67941.8 40658.8 70683.9 50023.4 49370.5 49870.6 27464.2 42251.2 21805.7 33081.9 39412.7 40142.4 2137.76 15158.5 31146.4 30355.6 
10344.6 63413.7 37802.1 51264.5 89445.2 71555.6 16414.6 30096 59521.4 80525.9 64725.7 81880.7 41458.5 67208.1 15079.1 70496.3 48698.8 80236.5 67221.5 18054.4 7212.49 52177.5 57617.1 92959.8 43072.6 43008.5 26328.1 78165 57271.3 38091.1 102641 14403.1 27615.9 26219.5 50098.3 82253.9 36549.3 72856.6 41500.5 57772.7 20115.9 77715.5 26752.6 70496.1 54624 87536.3 24093.4 59995.4 86517.6 17017.6 70921.4 49936.5 69272.6 54860.7 79043.3 66627.7 26639.1 64347.6 58643.5 8105.55 33901.2 58369.3 75916.1 83441.6 7981.23 72739.6 72226.4 43008 45756.4 55806.8 22926 63593.2 11987.1 37968 50527.7 46565.8 67364.7 37336.3 35968 72695.5 33915.8 12482.4 43759.8 58281.8 39749.8 53641.1 28017.9 23380.5 59800.3 86893.3 87878.1 77830.2 80627.6 15502.9 65011.2 66804.9 63073.4 49088.7 76678.4 79316.3 25926.8 27011.8 18952.8 13753.9 68698.8 58823.9 27518.2 14400.7 60213.8 34271 
66453.4 61609.3 31972.5 21125.6 21784.6 42520.6 64415.2 38844.9 32229.8 52013.3 63094.6 58033.2 28945.6 56485.1 68447.5 9276.31 31109.6 18697.9 70588.2 85544.8 72994.9 28916.6 52684.1 28547.7 28600.9 29563 74637.1 20263.3 37161.8 49604.5 38246 53486.9 50067.6 53917.9 20858.6 16307.7 37060.1 15550.2 36764.2 20185.4 49751.1 51545.1 43341.7 44417.3 14328.3 36193.5 53128.6 54130.3 26208.8 50729.5 28823.1 37663.4 30672.6 12946.8 16120.8 26462.2 76236.5 78955.2 26857 64566.4 33905.3 37829.8 19169 31286.1 64940.7 21300.9 41957.7 27256.7 27808.8 68519.5 64161.4 72689.1 55929.7 48148.6 49374.2 24552.2 63069.8 59506.3 47779.7 21667.5 56822.5 55259.8 31144.8 40080 47320.7 30692.2 40025 46966.5 32400.6 20041.2 22408 31624.4 23401.9 78183.5 71336.2 44718 79217.7 57766.6 44752.8 22489.1 66785.6 67902.3 52147.6 65457.8 27259.5 60181.8 42026.8 54610.8 28504.4 46105.3 
69647.5 89745.6 32337.3 24187.8 47594.6 76612.4 53496.4 38497.4 63454.7 17899.7 91393.3 22480.4 29552.8 19647.1 73732.8 30008.2 18250.8 31067.2 98142 79383.2 72320.4 15893.7 80340.3 62526.9 48438.1 26332.7 57849.9 57539.7 66876.2 68760.2 70996.5 54983.4 38115.9 66280 26217.9 37968.4 29794.1 52780.4 24103.3 51129.7 56194.8 16144.3 52956.2 77919.4 29917.2 73497.3 41938.6 82443 32458 51977.9 11723.9 63778.1 65680.8 36249.1 52750.2 11363.5 59471.8 103434 58123.3 66640.8 39716.6 7057.62 25144.6 23651.6 58800.3 20081.1 76318.9 29074.6 50226 92315.2 49514.6 98455.3 54498.9 29007.1 74607.3 46325.9 92284.9 37093.7 30463.7 58475.5 73236.2 55128.7 24020.4 69880.5 67483.4 13360 46913.8 55226.2 6952.7 42479.3 40041.2 68448.5 26705.2 68426 97935.5 7424.28 103147 81053.1 11962 25900.2 50104.9 79207.7 58895.2 70561 11580.2 26295.4 39616.8 51201.6 9775.48 63031.7 
40370.8 75021.9 17098.8 25681.1 65909.8 70934.1 22259.6 15875.1 56512.7 46069.2 76655.1 47632.1 18660.1 33785.5 44990.8 45254.8 17750.5 52707.7 81984.5 48030.5 41640.5 21265.9 66344.7 75155.6 36599.7 17191.9 29000 63862.7 57480.2 49401.6 84911.1 26766 6859.3 42475.1 25824.2 56982.2 10332.5 58104.2 10339.2 47776.6 30700.2 43271.4 30715.6 71168.9 32500 77746.3 10601.9 68812.2 57515 24269.5 38896 51578.7 63255.8 36546.5 61912 35116.1 30660.2 84010.1 52669.3 37173.2 21751.8 24324.9 47292.5 52038.9 27558.8 43028.6 71108.5 20148 39650.5 73288.8 19188.8 80573 24914.7 4404.54 59234.6 37322.6 78421.5 13711.7 2282.54 61112.1 51002.5 26050 15602.9 59934.8 49201.6 21667.5 25138.2 31241.6 26800.2 61994.8 61564 69602.1 51265 37304.8 80872.2 32353.8 83283.1 62941.3 42386.1 50035.7 20901 52948 32958.8 42019.3 36996.9 27638.4 14278 21232.3 28281.6 43258.9 
40021.1 15435 55024.5 62623.1 81929.5 36240.6 62617.1 51561.7 34300.1 104175 16234.8 108261 57095.4 98174.2 36491.1 71843 68704.7 82314.8 17300 62521.8 48082 70448.9 15717.8 75264.7 38468.8 60479.5 75015.3 59752.3 28904.3 17772.2 82654.1 43609.7 62659.2 25616.4 60566.2 79705.7 60192.8 57263.7 65850.8 43917.8 37200.1 102261 36112 33818.9 59346.1 59549.4 61652 16620.8 89873 44659.8 84877.9 26196.4 42667.7 54407.7 64528 80615.7 75689 17365.8 38408.9 41823.4 47632.4 81586.1 81301 92891.3 55380.9 81174.2 37331.1 57318.5 37566.6 6488.45 68062.5 14103.9 47705.5 71182.1 14840.8 41553.9 19185.9 77521.7 69090.7 52542 16717.1 45796.2 63217.9 26935.7 18797.1 73095.3 41944 35825.8 79323.8 82403.7 85677.2 50743.7 86164.3 65204.9 15146.3 91579.3 16907.1 6082.76 97823 85030 71831.1 24909.8 35767.7 36526.8 82500.1 94204.3 52562.1 50786.2 77160.1 23866.3 
54963.7 16155.5 50812.8 52908.3 60627.8 11053.5 70795.6 50982.8 14046.4 94201.9 17424.4 99340.3 51299.2 92575.6 53275.5 55282.6 61859 64693.5 25017 78936.1 63684.2 62347.2 9588.01 51324.9 30519.7 54520.2 83765.7 36680.5 10017 25094.4 58000.9 51519.8 64900.7 36948.6 50970.8 60463.5 57459.6 35578.8 61885.8 26665.5 44266.6 92905.1 39383.8 8840.81 47120.3 34354.8 65412.9 9502.11 72029.4 50996.7 72265.7 15119.9 18794.9 40949.7 42327.5 68605 84855.8 35239.3 19548.9 55439 44930.7 73964.1 65227.1 77340 65679.5 66487.7 12119.8 50754 27821 26903.2 74674.4 28343.6 55914 70548.5 13395.9 31227.1 16959.4 79668.4 68838.7 29712.3 31540.8 54109.2 57473 7066.12 23150.2 65047.1 42914.1 41413.2 70208.4 62154.7 66009.8 25930.7 69597.5 78108.9 26391.1 83423.3 35994 20242.5 87192.5 68662.8 78440.9 44605.2 44423.5 51915.8 70132 91493 53334.9 57702.7 67128.8 28658.7 
29638 47034 15044.6 25272.3 58579.3 44803.8 33669.3 12175.8 30875.6 64899.9 48676.6 68561.6 17578.7 58083.1 31810.1 41254.9 29050.5 51778.9 54266.5 49928.9 36442.8 31269.3 38295.3 61087.2 11681.2 20829.1 46265.4 46388.1 30586.6 22323.3 70767.9 17506.9 25785.7 19616.3 23418.4 52347.3 20194.3 41007.9 25761.4 26268.8 12935.6 62773.9 6802.94 44579.8 25438.6 56826.5 26454.7 40763.8 58834 15305.6 47980.5 24025.2 39510.1 23909.8 47180.7 43483.9 47565.7 57459.6 28470.3 27825.9 7574.3 41862.8 48608.3 58466.1 31000 46724.8 45178.4 18203.6 14717.7 46439 36412.4 53334.4 20923 32200.8 31216.2 14782.8 50386.7 40623.4 30297.9 41245.8 26107.9 19728.4 23382.5 32700.6 21636.3 33771.7 4338.2 10259.1 40274.3 56634 58286.4 47438.4 53621 44607.2 53373.1 51852.1 56954.1 35571.9 58990.9 52327.6 40047.2 33424.8 15376.9 28744.6 45546.7 54600.1 14241.1 21061.8 38748.9 16264.1 
68341.8 50438.6 41149.1 33941.1 26365.5 28220 72132.4 46403.7 21744.2 68041.5 51742.4 74069.3 39071.7 72003.5 69204.1 24870.9 44553.3 32107.6 59336.5 89982.9 76001.6 43056.2 42443.6 21470.9 28980.3 40804.4 83659.5 6360.03 27177.4 45258.8 30844.9 57614.8 59661.1 52809.6 32928 26725.5 47464.1 1303.84 48782.2 14671.1 52222 67578.8 45441.9 30481 26290.9 20815.4 62092.2 43326.7 38928.3 55367.6 44845.7 30589.5 16337.1 21220 8628.44 42460.6 85160.4 69107 17755.3 67133.4 40223.6 53043.6 34254.6 46072.7 70846.7 37078.6 27471.1 37583.2 26629.3 59581 73179 62386.6 60953.3 60037.7 41127.4 25371.2 51146.2 71246.7 59232.5 5800.86 53143.3 59834.8 43075.9 29578.7 42693.3 45204 44194.2 49040.8 47829 27911.3 31926.9 15617 37758.4 84460.9 60611.6 60503 69662.6 49925.6 60782.4 37091.9 76275.1 65811 54102.5 66577 43294.9 74832.3 49674.3 60591.8 43997.4 43659.2 
85878.5 71752.7 52087.7 40436.1 5658.62 48208.8 84542.6 59026.3 43325.4 60689.8 72993.4 67171.6 48952.2 69900.6 87500 21556.4 49426.3 20319.9 80564.1 105608 92757.8 46615.4 63978.9 13023.1 46865.1 49254.4 94503.8 19291.7 48758.3 65863.5 20690.3 73392.2 69943.2 72050.3 40535 12803.5 56869 20280.5 55904.4 34631.8 69221.5 61200.7 62620.2 50724.1 34326.8 31326 73121.5 64775.6 24007.7 70709.6 39207.4 51803.5 36998.6 32881.1 13269.9 39024.4 96120.8 90608.7 39125.1 84177 54000.9 53068.4 25586.3 34146.3 85104.9 30405.6 47290.8 47251.9 45310 81162.6 84080 83835.1 75991.7 67098.1 62647.7 42818.9 72195.6 78356.4 66983.1 25909.3 73582.1 75253.7 50498 51145.5 63365.9 47767.8 59824.8 66284.2 47410.2 9953.89 14400.3 32671.2 26260.6 98364.9 81978.8 57459.3 91198.5 71435.6 53902.3 26348.6 86566.6 85665.9 71483.7 84622.1 38774.3 75769.1 62204.3 74763.2 43645 63446.1 
50589.4 46285.4 23820.2 21115.2 38577.8 32445 53639.5 28132 18804.3 61860 47876.6 67064.2 22571.9 61274.5 51977.9 25330 31053.7 35898.9 55088 71558.9 57891.1 30835.9 36968.2 39461 11289.4 25103.2 65419.3 24968.8 22408.9 31771.8 49140.6 39128.1 41900.8 36563.6 19353.6 34142.3 30580.5 19445.6 33201.4 7125.31 34112.3 60603.8 27374.8 33484.6 14787.2 37125.9 44022.4 38787.2 43449.5 36796.7 40100.5 20838.7 22837 8631.34 25576.6 36311 66882.9 62371.2 13577.2 49117.2 21763.5 42269.3 34817.4 46584.3 52222 35089.2 32308 21405.8 10012.5 51617.8 55009.1 56466.1 42362.8 43809.7 32570.7 7261.54 48373.5 54599.6 42661.7 20663 39002.1 41290.3 27846 25446.6 29514.9 33450.4 25616.4 31033.7 38117.7 37648 40240.3 28712.7 39647.1 65834.5 55422.1 51395.1 62476 40577.1 54848.2 38525.3 58249.5 50376.6 36201.2 49152.9 37902 61748.3 31365.1 41965.9 34885.2 28363.7 
81201.5 89145.4 41800.5 28988.4 30237.2 71175.8 69634.8 49340.6 60263.8 26509.2 90700.9 33003.8 38203.3 37913.2 84564.4 19384.8 30486.9 13904.3 98031.9 94742.2 85503.8 26900.7 79924.3 47165.8 50938.9 36061.2 75894.7 46605.1 64815.1 72908.8 54418 66530.1 53701.8 73664.2 30746.1 21423.8 42398.7 43238.1 38091.1 47697.1 65706.1 27197.4 60815.3 73045.9 29953.6 62189.5 57537.9 81624.3 12747.5 63431.5 8904.49 63887.5 59320.6 34772.7 40631.5 12492 77551 105368 54764.4 78533.7 47902.5 25690.7 9800.51 4554.12 73509.9 7975.59 70613.4 36934.7 51567.5 94509.5 66678 99523.4 67205.4 46376.8 75581.5 47598.8 90956 55916 47325.5 49812.8 78947.6 67350.5 35129.5 67826.6 71053.9 25962.5 55483.3 63865.9 21234.9 24928.9 21537.9 59510.2 8005.62 84693.4 98459.4 25739.1 105414 83327.4 19911.1 7863.84 67889.9 87564.8 68437.8 81355.3 10584.9 46074.4 51505.8 64489.5 19300.3 68053.7 
30512.5 76623 29692.1 41407.4 81912.9 78182 5700.88 23982.7 64298.2 61494.1 78142.5 61995.6 32606.9 46640 35544.3 61456.4 34883.4 69588.9 82174.5 31526.8 28537.7 38461 69067 89456.6 44623 32420.5 13325.5 76669.8 63841.2 49936.5 99310.9 21882.6 11741.4 39864.8 41053.4 73361.6 24763.1 70936.7 27247.2 58240.3 28704.2 58536.8 32405.6 77839.3 47242.4 89078 8422 71581.9 74696.7 21272 56259.5 56949.5 72637.5 49960.8 75740.2 52477.9 14838.5 81650.8 61603.2 27376.6 30417.9 41216.1 64349.7 69408.1 13648.4 60239.9 78584 34300.6 47789.6 71848.3 2983.29 79579.9 17813.8 19276.2 61657.2 46740.2 80388.7 15794.3 17853.9 72766.6 48768.2 19703 31712.8 65740.8 50637.6 39016 29222.3 30918.1 44108.3 78330.1 78247.9 80110.4 68470.5 20168.3 80470.2 48203.7 80609.5 62998.4 58692.8 67222.8 6706.71 46179 29760.5 33250.1 54365.6 37540.5 20751.1 14751.3 45647.8 44380.6 
61650.7 76405.4 22375.9 11150.3 39337.6 62890.7 50174.9 29716.8 49736.9 31053.8 78042.6 36111.1 18926.4 31864.9 65205.1 19293.8 10885.3 24548.9 84924.3 74994.7 65714.1 7291.78 66994.4 51992 35468.4 16424.7 57413 45004 53244.3 56577.8 61120.9 46910.7 34246.2 55532.5 13206.1 29829.2 22575.4 39920.5 18554 37394.8 46626.7 29666.5 42326.6 64184.9 16189.5 60806.7 38031.2 69037.2 28987.2 43811.4 12233.2 50431 52048.5 22514.4 40816.7 7741.45 59077.2 90731.7 44392.1 58904.2 29058 13009.6 18883.1 24382.4 53726.9 14501.4 62608.4 17901.1 36993.1 79641.7 47710 85503.8 47422 28111.4 61515.9 33022.6 78833.5 38750.5 28651.4 45276.9 61730.1 47623.6 15306.2 56260.9 55082.6 7286.29 36624 45088 7694.15 34800.1 33663 55187.1 22737.9 65180.5 84852.9 20752.3 90540.4 68342.8 24258.8 21508.1 49317.3 69095 49372.6 61991 9850.89 35518.6 31740.4 44665.2 3992.49 51135.3 
5800.86 50012 34838.2 47701.7 82639.5 59032.4 26577.1 27637.8 47823.2 82608.7 51333.5 84957.7 38375.1 71604.8 8009.99 65213.6 47996.4 75590 54007.1 29267.4 14120.9 51098.8 44287.8 83953.9 33713.6 40807.5 38444.4 68545.6 45018.4 24896 93384.5 11136 31700.2 12969.2 46131.3 76447.4 36112.2 63589.7 41900.5 47959.3 11237.9 80035.2 17604.5 57800 49254 76445.6 29228.2 46643.9 82449.7 13986.4 69428.3 37746.1 57843.3 48025.4 70265.9 64946.5 39027.4 51856.8 47684.4 5571.36 28839 59482.5 72025.9 81029.9 18772.3 69608.7 59768 39621.3 35918.9 42796.5 32607.1 50604.7 13366 42018.7 37285.5 37614.5 53960.9 44769.9 39827.6 62518 20529.5 11884.9 42405 45738.9 26724 53094.7 21470.4 13951.7 59647.8 80754.5 82358.8 66627.6 76969.1 28906.7 51892.3 68856.1 50692.5 35694.8 77785.9 75658.8 36187.6 15822.1 8759.57 4801.04 67055.9 64766.7 26292.4 17126.6 59183.8 21690.6 
26475.6 57788 13201.9 26639.1 65107.4 56894 22243.4 5522.68 42898.1 60466.9 59393.3 63153.3 16868.9 50743.5 30261 45831.4 25653.1 55545.5 64393.3 42086.2 30850.1 28825.7 49471 70145.6 23214.2 18804.3 34465.1 56368.5 42669.5 31680.9 79975.3 11710.7 14165.1 24678.9 25412 57642.8 13789.9 50743.5 19669.8 37143 13182.6 57977.7 12935.6 56667.5 30052.8 67989.7 14401.4 51977.3 61903.9 8614.52 47355.9 36002.2 51237.7 30969.8 56217.2 42919.7 35833.6 66092.8 40194.7 23700.8 9900.51 37233.6 51314.9 59386.3 21360 48339 57260.3 18363.6 26373.5 55412.4 24409.2 62764.7 12713 22321.3 42177 25537.8 61333.3 29216.6 20194.3 51918.9 33093.4 12560.3 20131.8 44732.3 31696.7 30751.9 8109.87 13341.7 37290.3 62343.9 63211.2 58851.1 56091.5 34771.4 63157.3 46789.8 65358.4 45230.6 55466.9 54777.1 27995.2 36143.7 15709.9 27064.7 45025 45509.6 4081.67 11011.4 36939.5 25592.4 
21359.1 74396.2 41399.8 54472.8 94246.1 81317.8 11100.5 34121.1 68656.4 78160.1 75733.8 78645.3 44864.4 63173.2 25824 74410.8 49768.8 83435.3 78343.2 14903 15332.3 53370.1 68326.6 99528.1 50841.4 45629.5 16220 85397.1 66887.5 48696.3 109337 22291 26632.7 36967.6 53673.3 86353 38309.4 79875.2 42143.2 65472.5 29191.3 75208.8 35277.2 80431.1 59077.2 95913.8 22769.5 70741 89133.8 23947 71770 59576.9 78086.2 60410.9 85582.8 67752.9 16189.5 75410.9 67203.9 19237.5 39331.5 57463.8 78592.4 84759 8221.92 74876 81923.7 46537.8 53766.3 66943.1 16524.5 74728.6 18334.9 35714 61129.8 53930.8 78337.9 31828.6 34084.6 80446.4 44940.2 19774 45663.3 68142 50183 54328 34968.8 32339.6 59900.1 91187.8 91654.2 86377.1 83018.1 5403.7 76145.2 64807.7 74113.2 60096.3 75219.2 81732.4 18291.5 37958.1 28681.9 24824.4 69731.6 53667.2 31009.8 18531.1 61022 44424.3 
21876.2 46640.1 20463.6 32261.6 66341 48524.2 29498.5 14852.9 35426.5 70224.4 48217.1 73415.6 23629.9 61774.5 24052 48977.6 34489.6 59445.5 52963.9 42878.9 28930.6 37140.4 38686.6 68365.9 18212.4 26557.3 42448.2 53343.4 34041.2 20225 77960.5 10993.2 25477.8 13674.1 30528.7 60128.7 23900.8 48124.5 29842.4 32889.7 5189.41 67915.4 2024.85 47900.9 33085.6 62800.1 24982.6 41204.5 66426.7 9752.95 54678.4 26873.2 44812.6 31695.1 54527.1 50166.2 43578.4 54527.9 33976.8 20183.7 13439.1 46947.3 56112.8 65642.8 25268.6 54007.1 49047.4 24593.7 20865.5 43837 33405.4 51210.4 15088.1 33868.1 31296.8 21843.3 50287.2 40496.9 31756.9 47803.8 21660.1 13511.8 28720 35641.7 20470.7 39458 5882.18 2617.25 46062.6 64422.4 66057.6 53176.9 61102.9 38621.5 51651.2 56805.8 53811.2 33746.4 64695.7 59801.3 37200.5 26630.1 7592.76 20966.9 52258.6 57002.2 15305.2 16395.7 44967.8 14244.3 
13155.2 62300.3 31342.8 44797.5 83320.3 68187.8 13200.4 23654.2 55517.7 74346.3 63709.5 75897.3 34989.4 61509.7 18172.8 64161.8 42162.8 73807.6 66904.4 23855.6 13462.9 45634.4 55745.9 87413.6 38028.4 36479.3 25235.3 72902.7 53746.2 36090.2 97157.7 9208.69 21536.2 24703.2 43673 75968.2 30004.3 67483 35005.1 52727.4 16046.2 71572.4 22175.9 67335.1 48360 82955 18225.8 58199.8 80031.6 11253.9 64379.2 46442.4 65001.2 48878.7 73467.9 60080.6 25940.9 65215 54166.5 9976.47 27784.9 51995.4 69427.9 76893 5703.51 66211.8 68785.2 36557.9 40871.8 55952.9 19366.2 63757.4 5768.88 32012.8 48451.6 41303.8 66201.9 32573.1 29946.8 67704.7 33206.8 6801.47 37210.9 55038.2 37400.8 47117.9 22434.1 19188 53309.4 80651.5 81540.7 73361.6 74119.9 18444.8 64922.3 60589.2 64068.2 48150.3 70343.4 72809.7 22858.9 28900.7 15695.2 15840.5 62152.8 53583 21003.8 7851.75 53678.4 31487.9 
45282.3 84497.6 27254.7 34484.3 73761 81122.3 22242.8 25714.8 66706.1 45407 86113.7 45558 28549.8 30098.7 50203.6 53142.5 25060.1 59482.9 91169.3 47817.4 44644.8 28137 76001.6 84153 46761.6 26659.5 24005.2 73503.3 67594.2 58445.3 93808.8 33396.6 12863.1 50482.9 34958.5 64495.9 20407.1 67770.3 18878.8 57914.2 38586.1 42400.5 39707.9 81330.2 41731 87677 14637.3 78489.3 63446.7 31460.8 43475.2 61568.9 73434.4 46234.6 71207.4 40349.6 25614.4 92496.3 62871.6 42040.9 31841.6 27071.2 53747.7 56609.5 29729.4 49076.8 81303.9 29934.1 49829 81994.8 16750.5 89443.8 30490.2 7473.29 68794.3 47526.9 87985.6 3911.52 8318.65 71038.7 59270.4 32032.6 24581.7 70005.8 58463.4 27658.8 34534.9 39682.4 31154.1 69510.1 68589.4 79675.6 57193.4 36035.5 89902.9 32555.8 91666.8 71988.1 43255.2 56050.9 16490.6 59544.4 40512.3 47514.7 41963.1 21321.6 23640 26732 33644 52369.5 
43875.5 45550.5 18800.3 20012.5 44730.3 35539.4 47077.5 21957.2 21162.5 61901.3 47196 66658.8 18435.3 59301.6 45452.5 29532.7 28587.1 40287 54023 64671.6 51060.5 29160.6 36142.5 46344.1 5458.94 21470.4 59079.8 31777.5 23333.5 27404 56029 32239.7 36073.4 30600.8 17991.4 39492.4 25700.2 26310.5 29230.8 12423.4 27313 60339.5 20616.7 36108.9 15802.8 43255.8 37909.6 38247.9 47731 29920.7 41439.1 19578 27492.5 11360 32445.2 37280 60508.6 60134.5 16900 42320.8 15415.6 40788.7 38327.5 49546.4 45401 37738.6 35603.4 17664.7 6107.37 49124.8 48757.1 54692.3 35497 39100.1 30652.9 2126.03 48106.7 49463.6 37733.9 27083 34040.1 34407.3 24396.1 26209.2 25434.2 31875.1 18741.7 24283.7 37356.8 43360.1 45574.2 34375.7 43317 59021.1 53971.3 50416.8 60054.1 37853 55160.9 42108.6 52106.1 44614.9 29473 42562 39094.4 58587.5 25107.8 35187.1 34598.4 23135.5 
86697.7 56315.2 62237.1 54595 31257.8 31001 92836.7 67289.3 34345.6 84408.5 57142.4 90757.5 60165.5 90900.2 86847.2 41531.3 65101.2 44746.5 64201.9 109325 94813.1 63277.2 50894.9 14242.5 48451.7 61827.6 104586 14991.3 38881.6 60293.4 17205.2 77327.4 80724.8 69845.5 53749.2 37477.5 68562.2 20718.3 69737 33765.8 71353 84469.6 64655.7 33685.6 47010.6 7629.55 83082.7 50734.7 49562.9 75327.2 61647.8 44916.9 24377.2 42275.3 18702.4 60220 106065 75690.5 33296.2 85894.1 60972.2 72433.8 48951.9 59155.7 91022 53035.2 29888.6 58664.6 45661 68209.2 94137 68684.2 80948.9 81049.7 52543 45320.7 55500.8 92297.5 80292.7 18787.8 68165.2 79679.9 64015.8 39969.6 57714.9 65210.2 64270.8 68097.4 66954.5 35659.1 40153 15686.9 50881.1 104637 66324.4 78864.9 76676.5 60861.2 77305.7 50678.8 97289.8 81505 72915.1 84523.7 60588 94783.4 70542 80921.2 63045.7 60332.7 
21220.7 38169.8 29035.3 39539.9 69797.6 43740.3 36502.2 24184.7 32268.4 79014.2 39687.3 82442.8 31842.1 71143.9 21330 54200 43149 64909.3 43960.2 44746.5 29673.1 45532 30919.6 69415.8 20012.5 35005.1 49410.1 53734.3 29552.8 11485.6 78640 16900.3 34704 5503.64 37636.8 64617.7 33151.8 49059.4 39038.7 33274.6 9762.17 76801.6 8579.63 42664.9 38906.2 60954.1 33849.7 33409.6 72180.1 17200.3 62296.9 22244.1 42308.6 36144.8 56006.5 57808.1 50357.2 45070.8 32316.7 20915.3 21620.8 55830.6 62219.8 72504.1 30661.5 60686.9 44429.9 32542 21582.4 34453.6 41229.2 41920 21302.1 43337.7 23547.8 24090.2 41952.9 49621.5 41217.6 47429.2 12234.8 19409.3 37407.6 30455.5 12440.3 47981.7 14712.2 7879.09 54529.7 68533.5 70681.3 51123.9 67254.9 42978.7 42489.1 65769.1 44337.3 24703.2 73241.7 65983.1 45049.4 19606.4 9338.09 18913 59861.9 66483.1 24785.9 23753.9 53092.5 6484.6 
86345.4 112528 53101 47178.1 66115.1 99909 65361.2 57810.5 86725.3 9803.06 114185 4031.13 50983.6 13154.8 90935.3 51676.8 39396.6 49604.9 120752 90884.8 87152.4 38059.6 103151 82740.9 71029.1 47588.3 65213 79810.3 90042.2 90331.4 90280 72465.5 52589 86307 49154.5 57100.1 48744.7 75384.7 42800.1 74431 75250.3 8700.57 73234.6 101221 53208.5 95785.6 55892.5 105320 47955.2 69738.4 31416.7 86640 88908.1 59547.1 74542.3 33380.4 66601.2 125371 81413.6 83147.2 60565.1 26558 44459.5 37146.5 72460.3 40053.6 99607.5 50882.3 73040.3 114269 59808.4 120728 70884.5 42080 97143.9 69227.8 115201 44703.5 44178 81337.3 93987.4 71963.4 44841.5 93029.5 89307.6 35342.5 67095.5 74921.6 29850.3 60806.7 57336.2 91330.3 43883.1 78948.7 120375 16700.3 124963 103115 16002.8 43622.5 58906.4 98203.3 77793.9 87924.1 32649.7 23892.5 58005.6 67206.1 33065.1 84373.6 
47760.2 87879.7 30594.3 37325.1 76140 84534.1 23807.8 29149.6 70114 45096 89493 44759.1 31771.7 28963.8 52726.6 55593.2 27581.2 61534.5 94502.6 48818.1 46632.3 30482.1 79409.9 86939.1 50183.9 29752.3 23706.5 76559.1 71026.3 61769.2 96547.2 36345.3 16101.2 53628.8 37901.6 66780.3 23721.7 70841.4 21828.9 61224.8 41743.3 42054.4 43044.3 84753.6 44679.4 90860.1 17523.7 81899.7 65199.2 34530.1 44918.8 65005.2 76775.6 49340.1 74123.7 42034.5 25241.4 95693.8 66247.2 44531.4 35274.1 28229.4 55720.2 57945.2 31693.1 50944.9 84710 33114.6 53245.5 85242.3 17830.6 92719.8 33253.3 10526.2 72191.6 50911.9 91379.9 2601.92 11634.9 74226.2 62452 34863.2 27553 73441.3 61822 29764.4 37930.1 42932.5 32705.5 71781.1 70693.8 82939.3 58974.1 36840.9 93208.8 32743.4 94843.2 75304.2 43488.2 57866.1 16824.1 62363.5 43600 50120.9 43546 19386.6 27048.5 29531.2 35457.2 55709 
75775.1 107211 46430.3 43900.1 70917.4 97429.8 53284.6 49684.2 83534.5 20380.6 108875 17140.6 45111.6 4005 80554.6 53601.7 34247.6 54238 114990 78323 75726.2 34154.1 97996.9 86166.9 65954.2 41765.3 52061.7 80725.5 86162.9 83350.5 94559 62611.5 41976.3 77875.9 45632.6 61380.5 40907.9 75724.2 35320.8 71926.2 66321 17658.1 65312.9 98413.5 50981.3 96591.6 44893 100308 54400.8 60123.6 34780.5 81829.7 87220.2 57246.2 76200.6 35006.9 53396 118460 78529 72536.4 53600.4 23024.3 48464.8 44187.4 60838.6 43499.4 97276.9 45447.6 68379.1 107479 47405.2 114360 60483.7 31597.8 91484.2 64870.6 110197 32112.5 33793.6 81048.9 86070.3 61766.2 38823.3 89035.9 82660.9 31580.1 59278.1 66475.4 28129.9 65710.4 62899 90912.8 49270.3 66267.7 114295 16414.9 117891 96600.5 23203.4 48672.9 46146.8 88804.6 68693.1 77678.3 35099.4 10523.3 49227.6 56720.8 31990.2 77234 
63473.9 40679.5 41933.8 37734.5 36091.7 18813.8 70682.4 45798.8 12677.5 75266.1 41963.4 81047.5 40634.1 77404.2 63706.4 33093.4 48220 41336.3 49554.1 86159.2 71590.6 47390.4 32882.4 28656.8 25627.5 43004.8 82868.9 12856.1 18017.8 37884.7 36990.8 54351.5 59835.1 46790 36293.3 36369.5 48701.6 11049.4 51134 11423.2 48203.8 74517.8 41553.1 20911.7 30331.8 19535.9 61751.8 33646.5 48381.2 52497.6 52245.7 22610.8 6862.22 24229.3 17888.5 49339.3 84276 59482.2 10187.2 62672.6 39256.2 58246.5 42868.8 54902.3 68267.3 45116 18179.4 39393.5 22681.5 50193.2 72586.5 52707.7 58112.4 61900.3 32189.6 22942.8 41338.6 72721.4 60779.1 5656.85 45831.4 56760.3 45635.5 20148.7 35284.7 49813.4 41615.9 44941.9 53433.3 37715.4 41694.1 10599.1 46741.1 81838.5 50879.2 66536.8 60089.4 40964.6 68023.3 45967.4 75949.7 58952.5 49709.7 61332.9 50450.8 78993.2 48949.5 58352.9 49782.1 37322.6 
69644.3 66547 33572.6 21451.6 19334.2 47265.2 65938.5 40834.4 37168.3 48130 68033.6 54284.9 30267.6 53811.2 71880.6 4742.36 30549.8 13800.4 75524.9 87942.3 75860 27916.5 57608.8 29251.5 32700.6 30335.6 75590.5 23526.2 42097.5 54068.2 38583.4 56248.1 51062.7 57845.5 21660.1 12280.9 37979.6 19458.9 36900.5 25091.2 52983.1 47855 46760 49214.8 15847.4 39492.9 54328.4 59065.8 21337.8 53389.5 24972.2 42479.3 35361.7 16292.9 18427.2 23135.5 77216.1 83840.1 31795.9 67609.6 36440.8 35658.5 14368.4 26447.3 67055.9 16949.6 46671.7 28565.9 32169.7 73361.8 65207.7 77599.6 58409 48124.1 54213.7 28717.4 68007.4 59412.1 47980.2 25899 61144.4 57875.1 31498.6 45018.8 51836.8 29330.7 43007 50331.4 30067.3 16608.7 18309.6 35732.6 18480.5 80073.1 76261.7 41743.3 84086 62551.9 40893.6 17593.2 67620.7 71900.5 55467.9 68833.5 23651.6 58306.5 43909.6 56821.3 26163 50335.9 
58749 8823.83 69134.4 74256.4 85041.7 32499.2 80788.6 67039.5 38153.4 116165 7267.05 120855 70552.5 112333 55195.1 79270.7 81920 88970.6 1780.45 81114.5 66797.8 83073.8 18183.8 74660.1 50103.2 73945.5 93374.1 60798 33227.7 33678.6 80290 61443.7 79354.4 43617.7 72218.6 84934.4 75053.9 60043.1 80317.9 50367.2 54643.3 114579 52353.6 29811.7 69484.5 55602.2 78781 16340.4 96371.1 62138.6 95145.6 34719.6 42929.8 63680 66662.7 91211.9 94111.6 13697.1 43493.7 60500.7 62142.2 94611.5 89168.2 101218 73823.2 90040.3 33563.8 70421.4 48210.5 13661.6 85979.1 7638.06 65686.9 87049 24077.6 52139.1 7766.6 94389.8 85062 54014.1 34965.7 63764 76844 30273.6 33601.3 85789.8 57651.7 52795.9 91551.1 86653.9 90508.3 48819.1 93684.8 83921.5 4891.83 104442 15164.8 20300.2 109393 92698.4 89782.2 43435 53559.4 55256.6 92896.9 109554 68557.2 68539.2 88862.3 39689 
9108.79 56670.3 48505.1 61643.2 96925 70012.7 31769.5 41014.8 60184.5 94532.3 57717 96307.1 52118.8 82041 7161.01 79486.2 61036.5 89811.2 58629.8 20986.2 9044.34 64310.6 52876.6 97780 47731.9 54313.3 40549.4 82185.3 56721.2 35172.9 107084 23825.4 41986.9 24233 60152 90757 48894.7 77401.9 54400.8 61659.5 25539.2 91817.4 31876 68440 63505.9 89086.3 38756.8 54962.6 96599.2 26922.5 82891.8 49720.9 70339.5 62336.2 84215.6 78453.6 40545.5 53509.3 60720 11882.8 42928.4 71805.6 86125.5 94813.5 23364.9 83543.8 70859.4 53458.5 49747.1 46674.4 38278.2 54133.5 24037.7 52496.2 46685.4 51701.5 60589.3 52672 50400.8 75912.2 28504.4 23378.8 55636.9 56933.7 37487.7 66115.4 35696.8 28241.3 72551.4 95067.8 96660.3 79246.7 91036.1 26593.2 56018.3 80742.8 52034.7 42676.9 90202.3 89722.8 41154.6 16807.7 23064.5 9808.67 80559.7 74012.2 39175.1 27528.2 72432.6 33754.4 
15405.5 39492 43845.6 55406.6 85891.9 53347.5 40089.9 37655.4 44765.2 93334.8 40602.1 96213.8 47026.9 83645.7 11597.4 70600.1 57792.5 81306.1 42114.2 37738.6 23195.3 60523.1 35598.5 84347 36193.5 49946.1 51649.3 68437.4 40731.3 18901.1 93228.3 23547.6 44409.9 10904.1 53579.8 80961.3 46658.9 64187.9 52618.3 48477.7 19960.2 90929.1 23551.2 51618.8 55237.8 73596.5 42295.3 37657.5 88561.5 25814.7 78002.6 34170.9 54891.6 52534.4 71341.4 73492.7 52115.6 38700.5 46197.2 17682.2 36800.1 70036.1 78545.1 88628.8 32081.5 76862.5 54248.4 47952.6 37401.2 30400 46164.9 38122.2 26620.5 54406.3 29620.4 40263.8 43433.6 58065.5 52204.4 61722 11476.9 24942.5 52032.7 40555.8 21424.5 62802.6 29282.8 20846.3 69414.1 84803.6 87035.6 63827.4 83577.1 40565.3 39712.6 79759.3 37447.7 25387 87988.5 82298.2 49730.9 3255.76 17373.8 11921.8 75575.7 77482.4 37165.2 30283 68368.6 19354.1 
68632.4 72802.5 30105.5 16694 25446.6 55420 61364.6 37792.2 44014.8 38626.4 74360 44684.3 26476.6 44154.8 71469.4 5474.49 23407.9 12371.3 81687.5 84881.7 73973.5 20242.8 63580.9 38309.9 35220 25492.2 69889.1 33224.4 48492.7 57221.8 47245.1 54428.8 45791.9 59066.1 17788.2 16132 32982 28873 30588.4 31401.4 52376.8 38217.3 46800.4 57160.8 14667 49206.2 49354.3 65281.6 18906.1 51402.9 15431.5 47594.2 43738.4 18646.2 28178.4 13373.5 71543.7 89115.7 38504 66259.2 34776 26391.1 8646.96 19856.5 63631.8 8438.6 54928 24887.1 35561.4 78310.8 59781.8 83213.9 55908.6 41241.8 59316.5 31662.8 74637.9 52251.9 41448.3 35060.2 63636.6 55688.5 25821.3 51510.5 55246.1 21083.9 42081.1 50132.3 20736.9 21152.1 20719.6 45015.6 13682.5 76038.1 82126.1 32010 89195.1 67181.5 31367.7 12416.9 61804.4 73138.4 55031.4 68310 13946.3 49124 40531.6 53773.6 16896.2 52692.7 
49481.3 7592.76 53417.7 57967.2 70506.3 21535.3 68504.7 52004.8 22676.2 99854.1 9245.54 104596 54611.4 96408 46981 63286.3 65851.3 73210 16261 73176 58091.7 66885.3 1860.11 62000 33945 57982.8 81402.2 47055.8 17424.4 20624.3 68810 48902.6 65048.1 32206.4 55936.1 69580.5 59590.6 45436.8 64641.3 34383.7 41727 98295.9 38227.9 19033.9 53148.9 45111.9 64918.7 1843.91 80680.9 49032.3 78823.5 18393.5 29320.6 47373.9 52431.4 74876.6 82324.3 24959.6 27749.8 50526.1 46677 78460.3 73131.3 85127.5 62392.7 73840.5 22642 54388.4 31933.1 16090.1 73114.8 18310.9 53300.1 72027.2 8709.76 35834.3 10570.2 80089.3 70126.2 39953.1 24956.2 51400.4 60907.6 14673.1 19649.9 69604.6 42952.6 39365 75287.5 71660.6 75320.2 36740.8 77733.5 73881.3 16815.5 88241.8 25547.6 10870.6 93064 76712.5 76934.3 36890.2 41217.5 46170.3 76567.9 94104.6 53839.9 55686.4 72554.6 25902.3 
92458.9 66601.2 63941.4 54343.8 23122.5 41327.2 95760.2 69889.1 42314.3 79028.1 67524 85497 61364.9 87496.6 93132.4 38068 64363.4 38667.9 74735.6 114203 100202 62027.2 60549.9 5408.33 53194.5 62464.8 106843 18113.5 47326.3 67877 7021.4 81816.4 82456.4 76459.7 53900.8 31144.8 69718.1 23302.6 69944.3 38700.5 76435.9 79456.7 69656.6 44029.1 47166.9 18696.8 85198.2 60632.1 42205.2 79524.2 57142.4 52576.1 33045.6 43616.5 17835.4 56486.9 108393 86000.5 40089.9 91320.3 63970.1 69885.1 43704.1 52522.4 94896.4 48326.5 40235.9 59741.5 50766.6 78023.7 96322.9 79002.3 85089.7 81348.2 61394.2 49590.8 66040.1 92707.4 80882.4 24554 75823.6 84011 64270.2 48855.4 65277 63599.1 68344 73244.6 64249.7 28160.4 32404 25228.6 44652.5 108486 76731.5 75145.7 86908.3 69974.3 72171 44707.3 99211.4 88918.1 78281.4 90589.7 56479.6 92589.7 73168.4 84587 60372.5 67095.5 
35761 71786.5 16469.4 27097.8 67610.4 69029 18727.5 13218.5 54682.4 50578.5 73403.9 52226.9 18832.2 38366.3 40386.4 47079.2 20576.9 55141.7 78509.2 44096.7 37146.5 24177.9 63297.8 75877.3 34632.5 18176.1 27083 63862.4 55252.1 45810.6 85698.1 22240.7 2785.68 38345 26893.9 58957.1 10575.9 58093.1 12907.7 46761.6 26490.9 47804.8 27064.7 69103.5 33312.2 77198.3 6621.93 65788.2 60329.9 19831.3 42395.4 49044.2 61966.2 36677.2 62370.5 38429.8 28708.9 80125.7 51167.4 32564.1 19620.7 28511.2 49936.5 55429.4 23300.2 45907.8 69269.4 20472.7 37764.1 69509.1 16747.5 76890.2 20305.9 8780.09 56082.2 35824.7 75272.8 15504.8 6580.27 60627.4 46991.5 21458.1 17280 57576.1 45773.9 24972.2 21822 27266.3 30548.3 63937.9 63802.2 68726.3 54124.4 33773.7 77289.4 36830.7 79351.4 59361.4 46727 52865.5 19155.2 48478 28652.6 37423.7 40384.2 31891.2 10938.5 16623.5 31662.3 39710.2 
42616.1 84202.1 28983.1 37450.9 77216.6 82132.2 18552.1 26303 67780.4 49632.7 85796.1 49623.1 30723.4 33989 47601.7 56555.2 28521.7 63247.5 90570.5 43785.2 41357.5 31751.1 75936.6 87076.1 47734 29203.6 19701 75932.7 68332.3 57844.4 96795.6 31645.7 12316.7 49211.8 37744.7 68056.7 22357.3 70174.4 21827.7 59600.1 37387.3 46615.4 39232.6 82201 44470.7 89758 12929.4 78442.1 67404.7 30032.3 47604.7 62044.3 74941.6 48616.5 73926 44376.2 21317.1 91337.7 64205 39397.5 32722 31316.6 57578.2 60766.4 26419.7 52983.9 82370.2 32218.2 50861.5 81025.1 12709.8 88581 28348 10683.2 68639.1 48845.6 87779.8 3114.48 10770.3 73131.8 58096 30022.2 27405.5 70625 58053.9 31472.1 34480.4 38810.4 35263.9 73077 72301.7 81504.1 61141.9 31906.1 89170.9 36859.2 90439.2 71324.9 47565.6 59980.2 12192.6 57454.2 39095.9 45049.4 46035.9 24646.5 23821.2 24681.2 37619.1 51865.2 
22348.6 67599.2 26100.8 39131.8 78994.9 70311.1 7621.68 19003.2 56763.1 65526.9 69101.8 66840.1 29534 52261.6 27311.7 59077.7 34831.3 68112 73019.7 29445 22252.4 38407.6 60226.9 84872.7 37656.3 30308.1 20474.9 71226.5 55862.8 40926.5 94717.7 12712.2 12628.9 30672.6 38339.1 71024.3 23084.6 65593 27324.7 51895.5 19682.5 62699.7 23971.9 69801.5 43837.5 82696.2 9052.07 62735.2 73888.1 12403.6 57014 48794.5 65574.7 45491.2 70971.1 52873.4 21658.5 72462.1 54534.5 19116.7 24686.8 43629.3 63324.6 69851.6 8249.24 59705.9 70779.9 31212.8 40754.1 62647 11825.8 70382.2 8616.26 22926.4 52818.6 40268.1 71395 23410.5 20934.4 66736 39569.3 10500.5 30452.8 57584 41743.3 39573 21731.3 22102 45459.1 75871.6 76312.6 73433.6 67806.8 20413 71288.8 51836.8 71431.8 53874.4 61836.2 66514.1 15634.9 37340.2 20597.6 24749.1 54894.2 44254.9 15805.1 5703.51 46245.5 35514.1 
81094.1 50235.9 58369.9 51789 33669 24912.8 88242.2 62970.8 28324 84136.6 51102.4 90369.2 56560.2 89415.2 81089.6 40774.7 62402.1 45438.3 58241.6 103958 89308.3 60866.6 44675.3 18389.7 43407.4 58475.5 100228 12689 32736.1 54264 23100.9 72184.5 76700 64034.4 50751.3 38538.9 64891.4 17828.1 66513.5 28884.9 66021.2 83971.7 59385.6 27608.9 44137.6 3443.84 78874.2 44547.7 50965.2 70302.6 61073.7 38916.6 18260.3 38908.2 18129.8 59216.6 101672 69628.7 27655.2 80398.1 56533.5 70618.1 49040.8 59930.4 86058.4 52720 23807.6 55136.6 40503.1 62016.5 89846.8 62623.1 75921.3 77691.8 46324.9 40513.2 49540.4 88820.3 76800.1 14194.7 62105.8 74585.9 60827.4 33759.7 51696.2 62966.8 59357 62757.5 65283.5 37503.3 42021.5 9470.48 51532.1 99644.8 60300.1 77647 70586.8 54626.5 76938.4 51173.5 93101.3 75477.7 67479.3 78833.5 59796.1 92609.4 66187.6 76077.1 61405.6 54509.2 
63337.8 18341.5 58193.2 59047.4 61502 7947.96 79244.7 58887.9 19231.5 99570.7 18978.9 104959 58378.8 99085.5 61496.4 58972.9 68493.5 67643.9 25900.2 87301.1 72057 68678.1 15844.9 49970.4 37932.8 61493.4 92208.5 36858.2 16967.3 33468.8 55447.7 60016.2 72953.8 45367.1 57195.9 62658.2 64956 37090.4 69100.7 31568.3 52768.4 98464.9 47790.9 5470.83 52714.8 30816.2 73606.8 14484.5 74721.4 59447.9 77100.6 23203.4 19608.7 46392.3 43067 73706.6 93313.5 37524.7 24509.8 63884.7 52678.1 80215.3 68877.4 80983 74191.7 70680.3 8918.52 57692.5 35034.3 31197 83030.4 30537.4 64405.1 78189.5 21403.3 38092.8 17200.3 87596.4 76551.5 30587.1 39583.5 62607.3 64427.4 14527.9 31605.7 71339.8 51114.1 49893.5 76135.7 63704.6 67831.3 24158 72939.6 86617.8 28086.3 89414.1 38608.3 26967.6 92443.8 72112.5 86782.8 52369.2 52940 60241 75087.5 98600.2 61359.4 66145.1 72858.6 37173.2 
39959.2 24821.2 63002 72011.8 93725.1 47976.3 64904.9 58435.9 46321.2 112850 24980.4 116528 65497.6 105393 35480.3 82788 77028.4 93389.9 22303.4 59800.8 46796.7 79128.4 27528.2 87354.6 48507.7 68795.5 76464 71811.5 40948.9 26610.1 94730.4 47383.1 67780 30272.9 69984.4 91143 67409.3 69210.4 73282.2 55465.5 42104.6 110753 42836.1 45470.5 69501.2 71468.7 66148.5 28058.9 100941 49114.7 94631.9 37769 54758.4 64989.6 76501 90262.1 76889.3 14612.3 50262.2 42469.4 55521.2 89840.1 92022.8 103365 56928.8 91547.8 49081.2 65954.2 48067.7 11447.7 70896.1 16726.3 50954.5 77151.4 26803 51945 27828.9 82097.3 74982.5 64600.4 22032 49156.3 71360 39026.7 28393.3 81688.3 48955.6 41597.4 88114.8 94017.1 97163.4 62781.9 96957.9 64677.1 19242.1 99822.9 13103.4 18006.9 106794 95785.4 74509.4 23307.7 40062.2 36569.9 92219.4 100386 58848.3 54450.8 86281.7 32022.6 
42201.9 14149.6 57241.7 64641.8 83099.6 36277.4 64961.9 53869.7 35275.1 106271 14756.7 110407 59263.8 100428 38577.8 73462.9 70869.2 83876.2 15126.8 64515.2 50184.6 72567.2 15839.8 75978.2 40410.1 62653.7 77334.9 60600.7 29848.5 20025 83175.3 45980.2 65027.5 27986.6 62582.5 81107.4 62469.5 58306.3 68105.9 45310 39577 104382 38448 33780 61213.2 59780.9 64028.1 16387.8 91431.6 47036.7 86805.2 27644.2 43294.6 56170.2 65528.4 82567.9 77997.8 15134.7 39588.5 44060.1 49868.8 83748.3 82986.9 94641.9 57690.6 82960.8 37381.5 59457.7 39395.4 4134.01 70424.8 11734.1 50068.2 73522 16043.1 43399.8 17724.8 79895.5 71434.5 53400.1 19080.1 48160.1 65408.3 27704.5 20938 75222.6 44255.7 38193.7 81419 83703.3 87048.3 51170.8 87823.1 67400.1 12856.1 93736.5 14775.7 7605.92 99879.6 86702.1 74190.9 26848.6 38141.3 38703.2 84436.3 96526.3 54899.4 53158 79207.6 26145.2 
