110 110 22
777 335 649 27 763 426 211 429 862 135 22 167 11 373 784 324 413 980 862 281 84 505 313 895 814 364 87 178 403 399 676 12 94 570 467 902 652 280 865 619 31 771 709 856 586 683 528 829 270 715 796 245 921 488 841 500 124 856 227 936 437 407 858 237 818 11 776 763 606 818 369 996 470 499 644 139 669 464 355 611 299 568 311 801 878 736 522 416 924 624 452 550 973 930 660 981 959 668 926 340 376 107 179 412 659 210 206 372 819 904 
939 811 940 667 705 228 127 150 984 658 920 224 422 269 396 81 630 84 292 972 672 850 
17 7 16 2 1 20 6 1 20 0 17 3 21 9 18 3 16 18 10 14 21 18 0 6 15 9 5 15 11 11 8 0 14 20 1 0 14 2 13 20 0 14 17 14 7 18 3 2 7 6 16 9 4 21 20 19 1 14 8 14 20 14 13 11 6 20 8 6 16 4 12 19 11 9 3 2 19 18 17 5 7 13 13 7 13 8 11 20 5 17 1 1 6 9 14 11 12 9 4 13 20 11 7 16 4 19 15 11 1 2 
664003 779064 270002 144554 345824 627539 556386 345419 502467 304416 795196 361024 234137 343071 697929 153883 163719 192463 865934 803306 707537 127906 685252 482066 378336 212763 629085 426433 541713 594794 570485 517279 397212 593334 163515 249562 278431 379318 240337 376431 509975 295718 463060 642487 172351 586051 434925 704483 234804 486297 85755.5 520634 514745 231407 379047 45453.3 645728 930089 447800 637314 332340 165705 134618 193259 590374 89944.4 623777 221815 389667 819847 532170 875242 524559 335601 634648 349448 801160 440692 341422 437535 650696 525681 205000 572114 578135 126507 408285 492540 109110 298503 284290 537443 172308 706256 867115 223188 929124 706983 232710 160016 548151 731057 537360 665818 62201.3 392902 367524 498134 72006.9 542952 
882261 799766 516736 387764 52811 574282 837054 591277 508240 517604 813093 582626 482084 626556 903930 186936 461746 124085 889054 1.06349e+06 944412 429424 717220 231976 506333 477696 926106 288062 561843 712085 292554 748193 683617 759743 394122 67424 553921 283790 533401 404975 715520 525884 652664 598326 342301 418714 718307 727641 138917 719403 318511 581949 457949 347554 223544 326957 942613 983921 460663 862041 549859 473321 183840 245345 853244 234830 565785 465292 496734 884898 824294 917798 768932 639963 695639 465692 807547 749242 642241 347177 786206 764084 484149 588106 688320 435326 616013 688608 418115 20223.7 40447.5 425029 174428 981327 900973 502173 988533 782387 453110 178997 845378 899355 740149 873676 319631 696130 621151 751773 383575 680237 
674273 534630 380217 298931 240104 322386 696078 437477 242043 633610 548336 693878 356881 674538 686225 202425 404460 278959 624239 884338 748059 387866 451054 225858 279589 371769 808210 97514.1 295670 460196 323427 559916 565785 526579 290243 230098 440967 43104.5 450309 147959 510186 628981 442666 343740 222892 252127 591872 461866 349201 535840 401659 320156 202726 177553 86608.3 377881 823527 717720 195318 660170 378114 485545 297405 416515 688120 324423 315572 341330 260000 619165 703082 651749 591055 563706 431057 240786 544266 676533 556720 103832 537756 581037 393071 321960 435118 408593 424199 479170 432852 247935 285330 202872 333997 823780 635308 558839 722357 518483 561015 326810 732888 660519 530649 658746 386136 705025 470279 584781 394351 438092 
327867 440556 169257 250186 556343 405098 381077 157686 264885 659037 457131 698997 187395 602200 344746 392216 303449 499004 516443 538658 400232 321442 350721 572752 73409.8 221326 506913 423382 264068 207425 668853 215724 298027 205548 230313 498977 229026 370601 280794 220320 162410 639295 95257.5 403656 238533 524535 306889 374931 571386 195602 477846 200960 350721 213265 434332 433457 519977 556515 240337 312477 99925 432251 471658 575641 353171 457193 408579 189760 103078 445480 407946 511251 251811 355360 282363 107615 472563 444599 337369 370086 257387 238950 249159 286393 195880 347651 87726.8 131928 410838 539956 559189 430286 522012 489009 509605 532167 552685 334260 597144 509313 444063 346468 183840 315349 453542 574231 182025 254672 391707 150950 
209029 335010 380728 484199 767777 443696 417337 329959 352026 880493 348415 914346 408795 799138 188680 622557 521878 730075 378868 447493 295655 545715 279866 747797 274002 440478 542407 588539 313168 95524.9 836231 227528 424634 48373.5 464855 722277 420268 546762 479488 390242 167275 858242 175317 428042 473510 640800 411180 302769 803794 240187 712026 246100 453485 440768 618684 667261 549758 372979 365825 219672 306635 648494 706154 811601 346976 693098 452227 415578 282816 272591 471561 350000 268002 516377 212878 314129 374457 570728 494773 521124 41976.2 248944 464424 313428 119670 570243 236681 160552 635706 759069 783230 542885 756487 454251 359901 747746 363941 192094 822835 743942 509221 123329 149883 176615 687676 748647 333084 299393 621044 99639.3 
810038 663727 482996 373591 104785 431116 806945 549764 378319 615325 676327 679464 453345 693957 824874 199685 469163 215713 752130 1.0115e+06 880471 443606 585211 128787 417852 459419 910355 142888 432640 604452 221416 688151 664678 668468 372200 143265 534597 147959 529823 292181 644003 617729 577409 455817 307293 277651 695076 593507 266340 662046 392046 463087 317194 285491 79705.7 383885 926329 851674 336180 793918 496806 518089 260231 359785 808735 304237 422246 436495 401061 756746 805546 784136 715687 643138 571402 377709 668913 756485 640413 205993 681930 707532 474292 456710 579367 457771 552073 614083 461637 132944 177722 279401 277042 942484 765847 570699 857421 659276 545311 275313 831868 803779 666011 796505 384376 745312 582000 705071 422991 581416 
633001 1.00066e+06 398363 417346 756965 935951 394554 409683 792518 333924 1.01713e+06 314668 396548 154738 682268 562894 311130 596178 1.07254e+06 638941 623472 325850 911846 890300 601365 367143 373044 810571 810359 747819 981298 511953 303534 677703 430001 660252 332773 756034 288735 688077 559103 303798 561378 941952 493685 963769 325960 936108 615306 490650 407181 757682 845073 551000 774855 392826 386167 1.09442e+06 747439 600601 461268 246966 536157 524768 474085 485255 936096 405088 629414 987178 332952 1.05972e+06 484661 210623 842342 599393 1.03351e+06 180701 231588 800600 763888 499610 338740 837085 744883 306728 504588 566359 303191 707939 687652 895000 556920 517816 1.0622e+06 240169 1.08707e+06 883016 339488 548151 316893 774398 580181 655332 401479 43289.7 396873 446951 340389 686286 
155563 642225 305655 439659 829444 694338 108632 229578 565329 724694 656515 738968 341760 593776 205798 635437 408167 730229 689854 242918 152398 443301 574924 875306 385800 354683 231465 732274 549626 378640 973107 101951 195727 266678 429331 754072 287388 677432 335252 532241 173488 696690 231225 686584 478649 836519 161307 599617 791169 116829 630570 476932 658752 486963 735789 588063 239301 674835 549659 123907 275510 503017 685147 756897 41629.3 651701 700024 357841 415023 581268 169614 659255 60745.4 299827 501599 417049 681073 302055 279530 682015 352853 76157.7 360285 563569 390717 457121 227466 203686 518078 801431 809030 741273 731471 176604 670466 587392 663533 501367 686039 718410 204824 312987 173159 182609 608639 513124 201201 68942 523206 330607 
130614 663392 390621 524938 911497 743398 149215 314035 621795 803911 676491 815163 426919 665980 176173 719561 493660 815354 701121 160378 82006.1 528923 605345 950842 454042 440477 238839 804279 600221 409941 1.04801e+06 165560 275530 291343 514164 837786 373186 750654 420145 601176 226685 775379 292063 733098 561794 900564 238730 629158 876804 189402 716063 526866 718722 566887 811483 673731 240950 671126 611805 110005 356104 585623 770767 842711 69921.4 737576 749993 442821 481506 586652 213806 664449 135831 376940 534335 488109 702906 362012 357733 750696 368392 144014 446171 610778 426305 542310 300794 259237 602605 884719 893309 803802 817245 125766 678852 667372 658204 520128 767756 804175 241249 296892 216601 165221 694257 578871 286527 154029 608589 371022 
196010 348105 436936 545388 832434 488615 433074 380802 408075 935641 359477 967298 466669 846991 161830 687285 577834 794769 377160 424058 277051 603165 308730 809249 339013 497437 552496 649696 365624 148607 896429 256020 461966 97575.6 526366 787307 471495 609277 531129 453542 208197 912586 230835 470737 537294 695040 444072 329193 868332 274767 772882 302476 508702 505570 681587 727957 558055 350477 425846 215455 364003 702910 770191 874575 355833 756229 497821 474453 347667 261765 491749 339607 291386 558616 250060 379160 387594 603302 536706 581310 70604.5 273386 520159 362218 174471 627034 291186 209695 692882 824044 848260 597850 820543 448010 354141 801424 339034 206584 879683 807941 528319 63820.1 185311 161028 748535 790698 379971 326382 679857 164222 
319232 730537 222266 337249 742340 725536 119641 171712 584132 560036 746282 571238 250138 424539 368049 537729 274046 619630 792152 376630 320025 310015 650035 819825 384584 247413 207087 694719 584173 465408 918286 201229 40816.7 376606 333901 656804 170836 637182 197385 515349 258629 531338 281233 724017 396343 822694 14317.8 675187 671720 184765 490927 518009 663160 425516 683323 451895 222913 797895 553484 286782 237548 346764 567768 621743 174597 527459 728830 266993 416357 695208 102069 771077 170426 132834 576459 402096 766959 146185 114280 658278 465551 186196 240470 605212 468846 317177 239052 274170 371077 706474 705868 734983 609647 270326 777504 424085 788835 599573 526214 597068 131126 461296 275363 340771 471222 345892 141156 132966 383943 406492 
298613 448688 169012 264367 584390 428267 354052 143569 290126 665791 465130 703457 192276 600750 317057 416310 307847 522463 521444 508178 370061 328722 361137 603100 103479 225411 480926 453856 285477 203691 699280 185397 279308 185335 245204 525038 222733 401059 277683 250571 132484 645000 66128.7 425494 260094 553868 285212 385811 594001 165895 492130 219057 378428 239493 464570 447343 493661 554956 268337 282554 95015.8 436371 492914 594085 323668 476105 432241 197231 132310 444496 383407 512821 222036 343759 290462 138058 482109 427931 324785 400281 245253 208830 251748 306105 195801 354189 61392.2 102694 418699 566824 584932 459109 543194 459296 512837 536355 550195 335203 605739 530363 420044 325228 154693 287179 467779 567234 164073 226294 402061 143837 
671745 493974 403708 334940 274563 274554 711916 455057 205913 682087 507150 741933 383694 718577 680101 251938 441200 327428 583106 888795 748600 427117 413368 226744 278469 401787 827827 73593.5 260231 440219 320062 565301 588544 515932 324197 275409 467467 25079.9 481922 134718 510886 676912 443091 296665 258414 211946 612396 422522 396548 543065 450250 293641 155206 205937 98508.9 425329 842760 680089 165366 659856 392822 528467 347023 465929 698176 373852 267367 369038 254608 584363 723132 613066 598990 594085 399406 242769 501597 705861 585671 54626 519065 587640 424985 284565 414566 449040 431393 479004 476873 288765 328353 154383 383172 834358 595538 604492 685511 487370 609473 376175 754361 645789 529510 653924 434226 745067 487714 595800 438782 424323 
884634 591711 628859 546927 291488 338479 938691 681910 365825 832025 600187 895927 606726 902404 887478 407020 651049 432487 671107 1.10883e+06 964909 631383 536035 116846 498691 621895 1.05456e+06 154829 412626 624942 142506 787493 814236 718104 539515 358712 690818 212474 700061 351552 729208 833639 661890 365396 471816 106099 838874 535004 477462 766689 606321 471059 267591 427376 181868 594068 1.06955e+06 785573 352026 875723 619633 719712 476929 575613 923018 519362 327391 591338 471653 709662 949764 715510 822849 813674 550557 465967 584086 926630 806867 202277 703960 810640 642819 424694 599060 649804 655573 696762 664364 337415 381958 182631 493697 1.05925e+06 692087 781006 795274 634478 761554 492349 980632 836875 745598 863656 596755 944553 714583 821322 625250 623206 
159790 409099 315696 430475 747985 485732 337431 257163 375089 812883 423383 843759 346919 723409 159531 586819 455935 693289 458717 397291 245524 482437 344420 747530 250793 376591 464247 590989 345722 148071 840031 145152 342934 34785.1 412335 693537 347829 543865 407491 386120 85912.7 789487 111830 473635 431094 662695 328586 368686 765006 157544 656339 273212 475909 407953 612944 611242 472424 455712 376853 159706 244469 579970 663772 763116 271149 645728 493061 355928 268263 354903 390000 431984 186561 436767 272465 291371 448004 488201 414982 528110 124064 167371 398246 352785 164137 505665 169729 86353.9 571710 733788 753883 564335 714012 387342 440941 678140 446534 268570 758009 701142 427850 156205 67119.3 135473 632066 669114 256330 216947 560416 112330 
459353 104661 591026 658238 823156 338585 682879 561495 343284 1.07637e+06 109202 1.1194e+06 609381 1.02388e+06 424078 736156 725074 838800 114110 684082 540017 740438 139058 744151 414643 643414 807666 592976 289088 222434 812997 491240 677481 311670 637624 807788 645756 573485 701046 450760 425353 1.05833e+06 409353 312771 619879 575303 669078 139058 914178 500276 876906 276877 417019 567001 644736 835278 814666 139086 389782 477085 518256 853607 832726 950647 611616 834878 349738 610302 401673 36055.5 736340 89587.9 532869 759714 159214 441897 138809 826968 739152 521387 223607 513697 671506 264940 227607 767250 465798 409547 828070 831662 866480 492311 880389 711119 94641.4 953206 140118 88238.3 1.01125e+06 869501 774183 307610 412496 424425 853494 988389 573551 562766 804494 284004 
194504 730286 428029 560289 954971 808327 137058 353647 684553 807701 743303 813615 463327 659589 236713 758538 517571 850606 767001 125447 127534 553480 672382 1.00286e+06 511251 472787 190263 859289 664639 476831 1.10063e+06 223002 288383 358370 551417 877707 400979 804692 441780 658167 288877 778337 352240 798542 603511 960485 249808 696221 908958 242769 738600 591331 780314 614007 863343 697827 188915 734064 672367 176479 402604 598273 803260 867805 91416.6 767178 814721 479860 539752 651786 193848 729389 186724 382047 601247 543590 769819 346914 365088 807961 435230 198977 474659 675966 492898 564057 354318 321048 621003 925637 931567 864378 848199 58694.1 744325 673502 720747 586973 777001 835268 212474 358755 281055 229491 717831 565417 323472 194487 630962 436922 
693663 298117 572031 553954 514339 52801.5 821243 594021 178885 939673 305380 997016 566559 954682 682356 516954 655617 593526 375005 932174 780217 651464 256720 387398 378926 594455 949067 267925 190515 399731 438771 637323 737271 513585 537565 536889 641028 282158 674413 274367 567173 931709 508781 75643.9 483266 192128 749665 249650 660656 626259 709736 263865 121462 420202 332470 680212 961526 490976 215114 694241 528663 763301 613502 732755 780867 637907 43139.3 556723 347311 422800 851469 421001 679692 775041 293471 368067 288028 877104 761053 214979 470952 663121 622656 182628 376873 676826 529698 535863 717340 541421 584472 132823 649945 911382 396788 849368 501483 365308 867314 643009 887705 604070 574224 665523 691647 962728 622396 691284 681776 422623 
445325 114232 496190 550136 703960 243502 636227 477699 224511 969444 130545 1.01506e+06 510327 928080 421100 617629 624290 719561 190536 682710 531595 636592 44944.4 630906 307148 544281 765006 477000 170179 157003 704006 440223 605486 272259 529623 687884 556059 454981 608135 331122 368782 952794 336174 220810 506676 473770 602961 66407.8 794847 442295 764094 159531 304381 451536 526841 723439 774078 256889 269943 455505 426825 751588 714829 833514 574394 718679 254118 509231 290259 154353 683100 196919 484103 678081 45607 330194 149683 756040 658663 405020 200552 465053 573223 148014 148788 663700 385519 345939 722289 711844 746561 384912 762052 688994 188430 850259 259480 69462.2 902711 751349 721308 322870 363012 412378 741054 901271 494684 508575 696544 211436 
558757 765600 179360 121511 474178 656489 423757 242860 517929 321179 782200 360168 152411 280957 597762 270150 38897.3 329079 847354 676209 592003 24186.8 672060 592112 350407 119570 491415 508207 546101 546210 685689 411170 264458 518787 138514 380132 159615 454129 109330 401643 419029 300486 385549 666432 195028 662550 302881 694136 372285 380592 187683 507568 555673 256164 472807 147679 508057 895007 467508 529641 253308 94810.3 272369 317616 464999 227431 655012 149335 371652 783843 395790 847379 410537 197608 611249 334594 793102 304174 203745 501225 588885 414933 96384.6 575355 534577 13152.9 325161 408496 77884.5 430113 420021 597773 309627 574359 843576 193794 891507 671789 263463 297607 410573 648637 446198 565810 167171 294015 256977 380005 80050 488016 
265030 284074 476496 574729 832061 446972 500292 427468 384130 976194 294457 1.01101e+06 503370 896748 228845 700846 617486 808260 308469 489612 344781 640279 255196 794001 351256 535628 620987 634505 336506 136033 877243 318121 520096 144589 554923 794392 517653 598820 576754 447881 263030 954364 272239 426814 557826 664489 504774 273300 882987 333952 802462 282151 481586 519394 672086 758032 626795 283134 410154 284693 401966 744731 788440 897402 424238 778723 456860 509259 353736 192510 557857 270352 355788 613372 206400 389344 323190 664425 591684 564004 67230.9 337285 560257 327825 160527 665244 333635 258095 730329 828073 855348 569317 838547 517078 285028 844219 272465 146813 917491 826293 594811 115551 243239 230020 778154 845717 430633 389536 714251 175960 
231206 351160 311893 410819 697924 413905 395127 267660 304764 811281 366306 847001 338195 736827 226374 548821 452637 656282 409207 469158 317309 475079 279517 686283 201559 370600 524015 528187 274016 84380.1 777059 199123 376671 56435.8 391297 649890 356393 483473 414712 325712 128133 789747 111521 402046 399185 593299 368766 304322 729812 202596 638700 201792 406037 367196 554196 594052 533304 422481 309840 231458 237171 580312 631881 737342 335310 618813 421201 344061 213026 315425 442815 389539 243019 461511 206073 242095 389062 526157 440478 463220 98737 224000 395607 280945 95352 500120 171840 108849 565127 687573 710766 494887 682221 456422 394791 680018 415601 216622 752283 669660 481012 191638 122409 205139 614359 692433 275510 268039 549178 40607.9 
412689 484608 143224 175237 469470 399010 427954 174385 254772 593570 501203 638437 142941 557324 432695 302106 250392 409011 566973 612288 480418 260192 391063 498959 69527 174929 546531 357795 272281 281780 596665 288170 314968 295169 154625 409381 212151 301877 250060 169517 245687 576327 181463 403600 150443 477213 333880 413265 481702 263030 398650 227068 320765 123762 359457 355373 561000 620801 214189 394686 109590 375800 382970 489691 415072 371012 400052 137383 92195.4 509840 442883 569590 317921 346144 331171 61204.6 512270 448969 332074 314212 340930 308402 204463 299977 265187 287360 151990 217624 345793 451119 469401 389283 433315 550967 564316 473874 618802 396869 528153 420743 476001 436194 269429 402604 374626 545249 206247 312014 321386 231821 
414664 127063 504608 569134 744478 291707 619013 478853 267067 987484 141089 1.03096e+06 521829 937625 386747 649463 637227 753047 184391 649250 499673 651952 89375.6 676528 325484 555887 746481 521384 213000 143590 750936 423986 600304 249008 548523 724547 561129 497031 615419 366620 354581 969660 330353 268740 530864 521929 594718 105423 828558 429326 787787 190436 350828 478553 569506 746097 754722 227982 309291 427520 432726 765561 745367 862713 553014 746536 302364 522276 312580 118966 668940 176185 467132 678435 73756.4 352800 166364 750640 658317 449285 168870 447913 584234 193256 143590 678836 384158 335037 739295 750351 783878 432487 793395 662348 174453 865002 227864 21931.7 922176 782338 707088 282554 345442 380789 764346 905186 492967 494191 715439 203708 
841628 495707 632880 572051 386699 245489 925534 675707 307885 898546 502715 960927 616294 950884 838580 465010 678317 510137 571013 1.07361e+06 925262 663821 449680 223002 474371 636624 1.0472e+06 183992 346071 564200 249826 759592 814730 667432 561036 440178 699035 234009 717398 332388 695684 896975 630448 271413 495529 25179.4 835154 445199 563760 742232 667994 412933 206495 441589 238120 649384 1.06135e+06 688209 310408 836517 610629 762514 547156 655058 900069 584332 234350 602491 444245 619436 944070 618324 798221 828383 474982 448112 484340 938928 818819 191366 641131 784129 660803 351574 539045 685211 634386 663061 709429 427423 472640 118562 571234 1.03536e+06 593742 833514 698949 554246 826598 567923 977323 775495 708685 817459 655229 981555 707503 801761 670720 572368 
389514 626355 23537.2 146932 546601 564640 305944 70178.3 420298 492443 642947 525556 50803.5 418169 425967 345944 135768 437499 702157 535023 431912 164976 535829 619003 224199 63126.9 407933 496856 433813 385996 717447 242052 163371 346092 138571 465450 46270.9 439164 95210.3 330280 244444 469591 213560 568327 196703 631573 192003 559722 498080 211059 348759 379791 485186 225362 482869 304278 423710 737361 380047 362006 87618.5 259825 392042 469093 322490 359918 565905 67801.2 253340 627039 302830 695209 249072 180136 468257 227141 657877 284580 166301 465491 420288 249802 78447.4 459862 378276 186261 152322 234361 252353 514102 518353 548835 438749 448642 694629 358893 732323 517645 437645 425650 330905 474091 271671 393859 325346 388892 92417.5 224722 245618 325380 
546883 109444 541915 571679 658736 149907 721734 537343 190882 987179 121758 1.03742e+06 549455 965064 525481 603464 657864 698556 197649 785738 633790 664624 62968.2 563089 340560 582348 851409 418516 145671 250410 627277 526674 673466 369446 551931 656964 606845 408315 653652 315869 454041 973420 411147 124040 516637 386948 675850 50566.8 772146 524462 770112 182168 239460 455871 475550 732675 861538 301803 245410 554669 479401 780908 702815 823807 665656 714244 161075 545154 315824 224116 764003 232349 570853 735593 126178 352087 117661 822700 717681 349268 305064 552269 611882 115261 235153 691755 452000 427566 745174 674093 712576 307080 746995 785586 212002 876704 310079 174040 917652 737482 802002 430116 452448 514856 748420 949836 558839 591616 715403 295083 
255853 789543 555673 688707 1.08047e+06 898338 260768 480309 783617 929453 800853 931754 591338 774848 279804 886019 646873 979235 813354 18000 168671 682807 743589 1.12134e+06 623138 601722 269067 974031 757786 554585 1.2184e+06 335716 416625 436085 679300 1.00489e+06 530322 920783 570947 770112 392725 899681 459654 885814 729708 1.06633e+06 377985 765935 1.03814e+06 360000 867613 684781 882418 736952 982022 827051 260284 762053 777371 253255 525761 724994 932367 997065 219313 896541 905685 607711 649835 694124 308934 769068 305930 506949 676639 657970 829038 459365 491066 919243 499123 314612 604003 765405 574314 693098 471343 425339 749362 1.05242e+06 1.05939e+06 968864 977487 116902 787633 797076 747000 647403 901801 964541 318101 394588 378747 287467 846990 675314 450978 319828 760028 524818 
754630 965932 389139 310345 511476 831464 579221 447772 701402 111018 982398 156984 362527 162788 796827 351400 247988 344384 1.04999e+06 839193 776861 226632 871865 669813 552974 329803 610470 631317 736430 755499 750297 609199 430680 728179 330692 417336 358979 585969 300433 577382 625050 92957 595124 845116 365919 791157 468028 892812 343903 579656 152210 706220 720694 428921 580359 165952 626231 1.10271e+06 647751 723970 463435 124595 288257 243378 637734 240408 828242 358402 570777 991521 534379 1.05311e+06 601575 333038 814666 531703 991159 399326 350116 644932 799123 609053 305498 766543 743006 200644 534319 616709 137975 458940 429401 744852 292910 726240 1.04795e+06 48877.4 1.09975e+06 878954 62032.2 287425 536035 855662 651805 765376 160702 253144 456745 567367 165206 697866 
429284 583378 59363.3 99141.3 474676 496488 381932 126779 353010 502412 600011 543843 43185.6 456724 459245 280794 150801 379817 664055 598374 483100 165097 490368 538644 168941 73736 488415 415018 373202 364227 637194 287167 244900 350477 82024.4 398741 123227 357325 151199 253505 269030 483249 219659 502524 123167 550960 272002 513039 446061 257154 325480 327617 410099 143951 401756 280508 504004 711486 308561 405268 91087.9 278368 341123 432946 388960 317101 496815 36235.3 193424 600293 383208 663483 304357 254772 427926 160440 612046 363373 243578 384666 412335 300741 103247 401125 351461 191732 166193 249690 254008 445876 454612 470032 390314 519871 659822 377690 708283 488035 440160 377195 412180 487660 296137 427379 301144 444640 158003 286765 235053 307717 
686236 333054 535956 509513 462776 80156.1 798234 563257 155631 889524 342094 947444 528015 908847 678735 464866 612647 540542 414480 922658 771804 606805 279260 342041 349494 554610 924653 215928 181838 399169 400151 619395 706329 508084 493855 483910 604847 229142 635284 232551 551110 882148 489719 107168 437293 160162 720902 276557 607622 606064 659001 253314 75538.1 374856 280130 630341 937649 527046 180679 684352 497395 717268 561008 680027 762552 586121 69354.2 517279 317723 451328 825126 457018 660680 738610 304016 334045 327666 842998 725524 161966 474157 644888 582241 182609 374833 631709 505059 519076 670168 488938 531805 83934.5 597101 895177 434166 801676 536451 382770 817059 590255 860661 608455 560528 659801 641306 920391 592765 669633 634054 414494 
929465 1.17197e+06 586847 516405 662773 1.0342e+06 723476 638122 906380 103078 1.18846e+06 51614 563264 202485 974737 536956 447234 502096 1.25575e+06 979349 939752 429979 1.07793e+06 834656 758446 529689 723156 818780 942257 957423 904602 789015 593030 922467 536691 577260 547491 777856 487811 781543 813971 113230 790641 1.04871e+06 571172 977655 626809 1.09894e+06 475067 761158 335004 912308 921358 633745 762953 362271 737024 1.30637e+06 852362 897660 661659 318597 455798 367005 793477 416480 1.03054e+06 560742 776754 1.19519e+06 668522 1.25794e+06 774772 488256 1.02017e+06 737786 1.19731e+06 517823 508882 839772 997215 784975 503358 972424 945990 403210 729285 809154 343332 610005 572071 939439 442195 860189 1.25328e+06 218653 1.30292e+06 1.08297e+06 175693 441693 659919 1.04426e+06 839839 944299 351319 309584 642025 738326 371259 898709 
492062 289928 367614 380217 500373 178718 603470 380159 42801.9 793565 305413 844553 368816 778052 488567 415554 471259 515276 379148 726419 576550 475017 198829 445539 166364 400056 731205 286356 48826.2 220484 529029 421769 522861 317493 360943 481965 435726 255125 476098 126590 353261 780283 292318 179338 322816 331042 533353 214721 590249 409273 576292 66850.6 143628 261874 328390 538677 743680 461863 65192 488363 316040 591068 514102 634301 565100 522464 182014 362084 136195 359956 633896 398600 463406 568842 170696 166027 308765 666147 553174 215407 299767 447353 429441 79025.3 194538 501941 311955 321237 553137 506317 540651 232659 560022 697362 385317 685328 465189 258213 723799 549825 670334 432245 363055 467398 554487 771052 407182 473770 522427 222320 
452374 154457 456606 501352 646421 205117 623221 445394 167431 920403 171026 967512 467848 885736 434066 561293 579974 662616 239207 691937 539541 590263 61057.4 576453 260860 501496 752868 421233 113159 153942 651777 428065 578744 273183 481000 630277 519186 397819 568859 273923 355443 904615 313772 185981 454472 426758 579615 84581.3 737811 426142 711632 106217 251436 397800 469959 671678 762948 313847 212219 458568 390333 706003 658920 778091 567183 663982 214895 465420 240919 212050 666061 252050 472246 645112 35609 280143 183087 728676 626505 349143 216206 453654 530793 93380.9 137033 617454 357129 329184 674437 654121 688881 334887 705799 688059 241102 803844 316901 117886 852772 695236 704120 347311 353952 421279 688869 864029 465192 493260 647374 196471 
912693 1.15278e+06 568206 497205 647309 1.01523e+06 708837 620007 887244 84758.5 1.16926e+06 33541 544416 190003 957749 518958 428422 485791 1.23658e+06 965390 923926 410932 1.05873e+06 818426 739295 510883 711000 800871 923066 938557 889248 771767 576800 904186 517496 561006 529419 759614 469737 762457 796058 94021.3 772231 1.02968e+06 552007 959882 610902 1.07974e+06 460435 743765 316716 893107 902526 614609 745360 343460 725056 1.28738e+06 833249 880956 643012 299868 438731 352142 778062 398799 1.0116e+06 541791 757563 1.17619e+06 654543 1.23885e+06 758009 472230 1.00102e+06 718585 1.1781e+06 504510 492687 821342 978653 768016 484663 953229 927041 384194 710894 790977 324164 594445 557008 921052 426203 846586 1.23415e+06 200000 1.28397e+06 1.06394e+06 157305 425387 646710 1.02646e+06 822005 927216 332737 298940 624264 721692 352051 879920 
485092 623914 98412.4 41593.3 432412 516501 420030 174631 376092 453785 640470 498454 63513.8 423405 516047 232177 117720 327029 706883 646694 536296 121202 530094 511744 209476 68425.1 518299 400661 402940 415849 609643 341315 272567 407413 25709.9 351518 142274 343494 146997 264201 326221 436299 277115 525259 85211.5 545690 304174 551806 391256 310846 268812 365034 420747 129248 378842 224018 534375 759771 327061 460331 148054 237453 285727 375453 435143 260000 515632 46647.6 229020 648649 413793 709448 355550 259988 471190 191437 650665 372877 253332 380001 467184 353375 90027.8 432120 401520 148385 223573 307236 205769 399952 405306 471611 334401 562755 704348 334426 757291 535840 389240 321255 439551 545055 353409 484103 244461 424323 203106 335006 182628 361061 
382001 275812 333242 385778 588069 267346 516722 323062 154564 804838 292453 849831 345579 763574 376276 471526 459004 577201 355951 618807 467611 471208 184253 551820 142144 379427 646261 392135 124169 111126 638412 326241 459071 205105 365199 555788 395627 354035 445490 203158 254568 787779 201950 258681 346831 443776 462572 208147 652739 318889 603560 51039.2 256205 296142 427142 561851 657494 412176 167869 380526 266865 586168 565265 680970 469289 563937 273739 344013 128472 302209 554518 358603 369682 522162 119854 168656 306349 608133 503841 323311 190373 352200 408541 135665 85375.6 498302 237929 224448 557245 586652 616346 345468 614121 597709 352864 684856 411491 189789 738773 602656 592157 320690 259956 356046 580098 740476 344269 385689 532226 110454 
768376 991817 409646 336400 538911 860006 585144 465550 729226 91389.3 1.00832e+06 130096 384423 140616 811460 380911 268881 371872 1.0754e+06 845072 787650 249898 897805 698522 578070 351216 610129 660928 763629 778250 778338 624039 440130 747754 356587 445286 375826 615556 316590 605598 642686 68410.5 615028 873430 393761 820769 476790 918970 368456 594920 181011 732247 749646 456946 609880 195563 625615 1.12646e+06 675763 737360 484282 141905 316425 265669 646483 269119 856881 381168 596561 1.01527e+06 537894 1.07765e+06 614564 339848 839789 557743 1.01747e+06 398510 358022 674414 820182 622801 325886 793673 766319 223332 553940 635519 163028 486215 455748 774328 319188 730537 1.0729e+06 48166.4 1.12322e+06 902906 64007.8 314226 537448 873449 669194 780242 190163 238170 472848 579662 192510 720069 
601007 903370 294810 287920 622524 817108 398814 326711 675563 272222 919997 280492 284201 143402 647124 426954 183636 463862 980224 657986 610440 193023 811815 754290 493092 251623 420954 676938 698385 662959 845367 463418 263577 609886 302524 525978 238533 623160 183052 564845 495718 242596 483017 825126 363270 831655 297405 835235 488427 436940 280243 651738 720755 422896 639704 260714 436606 1.01405e+06 627682 569000 365716 113719 403886 405242 465099 353344 816417 289337 518693 904246 349052 973228 446448 158751 745681 485275 933921 209554 179424 670060 690844 457526 222092 726452 656209 172052 422456 495704 168716 574228 555846 766045 428229 542008 972844 142972 1.0084e+06 795611 250344 418628 347794 723100 520202 617220 271450 125036 323679 409591 205000 601788 
777371 966207 403071 312508 479843 822247 610516 465842 695628 109836 982558 167371 374066 200831 818352 329735 262772 313077 1.05147e+06 870164 803059 237118 872104 642007 556249 342568 646307 611433 732924 763692 720124 630835 459132 742428 333110 387164 378984 568293 321927 570232 642673 102489 609147 836985 361386 771065 497016 892391 307584 600808 126921 706502 709322 423207 558213 150270 662216 1.10824e+06 641311 747211 476303 148570 259069 204949 666300 213600 818519 368208 572123 997173 567706 1.05684e+06 625569 364408 817223 532456 990153 435791 380426 629096 810586 632096 320390 763223 750017 212953 549037 632504 147139 426977 395608 728944 259124 758665 1.05063e+06 88814.4 1.1059e+06 884285 40607.9 254657 570854 872588 669732 786644 140407 293457 477210 592277 166193 707313 
872402 797077 505270 375810 61814.2 573838 825117 580039 504747 506320 810561 571350 470473 613978 894519 175114 449040 111234 886513 1.05237e+06 933998 416621 713785 240019 498222 465692 913672 289085 558127 705343 303200 737713 671400 751409 382447 55569.8 541842 282193 520877 399531 705777 514245 643257 597602 331421 423019 706205 724605 129522 708803 305812 576712 456829 338195 224201 313970 930188 980341 456465 851937 539271 460301 170906 234853 841886 221894 565510 453719 489262 880651 811986 914532 758064 627214 690959 457665 805477 736382 629594 346448 779031 753396 471858 584720 681751 422394 605932 679100 405080 15264.3 31780.5 426380 162496 969654 898021 489547 984738 777452 441403 166715 832914 891256 730551 864156 306741 683205 609765 740594 370540 672669 
467390 727596 119038 151608 548566 650540 327136 161037 507159 396596 744221 425593 111324 314721 508523 341855 66189.1 415120 804597 578545 496403 102044 636177 648235 318849 82152.3 402001 544920 526340 489470 744829 320919 167720 445502 157487 458345 70661.2 488083 12041.6 404278 337676 372086 314535 656664 225211 691035 205866 659701 464353 291084 285351 477038 561431 274591 519463 244788 418600 840836 462177 437379 191031 164210 361365 414849 367418 319758 650730 119821 345637 730514 302870 798479 316413 118849 569899 314326 758294 232332 117593 525283 522274 322262 55443.7 553716 481640 110820 253160 332026 171026 508520 503661 616032 402061 477514 797577 260354 835754 620967 347248 389597 321014 568417 364045 476920 264609 291247 167967 284450 177685 428789 
710623 846083 319102 204012 374098 693578 582280 391394 569577 238839 862242 297310 284965 297579 746967 203089 194034 209468 932768 835456 748601 159201 752213 524684 443208 258985 643112 483249 608981 657864 608357 562968 423275 650800 224058 277770 315514 438882 268509 443402 561898 232215 518960 708917 239207 643072 461806 771570 230625 532024 28442.9 587388 579825 298670 432021 21931.7 659674 995661 514840 682660 386374 145097 149857 159700 624064 99020.2 689604 274804 455637 885186 551335 941448 566107 347955 700909 415462 868356 444110 357693 499201 711456 569056 245051 639382 641938 146113 462041 546682 96798.8 323155 300177 599083 170074 732961 933645 173401 994413 772231 166580 160655 563093 786721 589356 714835 13928.4 362708 410060 537077 79246.5 604675 
168077 700009 501343 635901 1.01786e+06 811853 244092 424401 700298 911285 711366 919785 537820 767450 190245 828812 605913 925929 724657 72450 81271.2 641207 654391 1.04908e+06 547551 552277 294730 898846 672509 466538 1.14523e+06 265940 385187 348679 624552 946385 485471 846891 532169 693635 315227 882336 382969 798710 670078 985268 347520 676617 988195 293375 828304 599862 800040 671530 910343 786020 290629 676189 696724 169331 462640 696072 882154 954994 178025 849520 819429 553480 572812 605717 303626 681144 243680 484134 587939 584003 739514 456483 465808 841716 409762 248294 558395 679073 486837 654439 401822 347416 714356 992714 1.00263e+06 887347 928924 139818 699252 775635 661473 557843 877314 915835 322913 306008 298453 198635 806536 675030 397834 265580 720795 439114 
527444 757200 158221 132095 505633 660074 387105 215037 519248 342864 773838 377048 136883 282936 567563 300108 26172.5 363793 837213 640158 558229 49040.8 664299 617797 342831 102825 455198 526917 544142 529918 712529 380296 227882 495665 145417 412606 128098 471641 74060.8 407344 392231 320131 362944 668613 208471 678747 266363 686985 408534 350031 223886 501355 563298 266271 494920 184383 471841 880355 470629 497835 233034 110386 307800 354232 429409 263623 659215 137844 366356 769396 359113 834796 377625 162373 601210 331127 785994 271061 167523 515350 568691 382828 75006.7 572787 519762 49648.8 301838 383741 109225 462741 454183 610118 345915 537736 832145 210000 876208 658158 289456 333793 374286 622712 419115 535762 203730 281711 226294 346208 116482 470549 
128693 623003 317246 451807 836720 683360 133720 240333 557068 747359 637038 762779 353726 618754 178933 645317 425622 741871 668566 235128 130648 460332 557918 877192 382884 368709 253034 731859 539015 361334 974590 94403.4 219173 247000 440514 763338 304030 677740 354051 529915 162049 719603 223877 674692 487226 831895 185930 582417 804175 115521 647781 465929 652113 492164 737749 604788 259856 650959 543891 97082.4 281311 523924 698140 772894 57035.1 666033 689385 369389 411206 558735 195819 636796 61057.4 323892 485077 415817 662061 328799 303264 679671 331646 70724.8 376076 551746 374681 475178 227299 193644 537093 810132 819112 735870 745085 182529 648600 609801 639414 481337 707392 731982 230489 287021 157892 156013 625512 539231 213925 82492.4 540778 315793 
245703 771840 414889 542971 943936 833694 97123.6 344703 704589 762289 785464 764850 448475 608608 291254 743377 489818 831004 813191 169012 187449 525869 709087 1.00269e+06 522015 453601 128226 864121 689029 512517 1.10105e+06 241404 256462 396461 536191 862944 378811 808287 413168 667271 312436 732498 370520 825671 592609 973432 218289 733443 885992 254592 707684 616248 797300 609443 863482 668530 127769 786043 687783 223027 400285 560332 781130 838452 97862.1 742463 839438 465399 551944 700029 141905 777993 199489 341236 636553 551264 811141 293621 326333 816677 478001 215615 451736 702661 526393 533856 362228 343048 587439 911777 914760 878934 824342 53600.4 791673 630286 773249 629203 735440 811609 154729 412132 309726 280071 687943 511150 312679 195205 600670 467642 
622509 509409 332746 261926 281114 315493 645690 387460 214709 622101 523883 680307 311411 649554 635108 202951 368224 293832 599304 832154 695955 355023 422158 277995 228090 328726 759224 141322 266030 415159 375366 507737 518124 476942 250894 256144 395385 83648.1 408677 104235 458132 615040 390674 333997 185456 285035 543162 435184 367535 483756 391721 281007 198033 132853 138809 363088 774390 687338 162856 608153 327141 458629 302035 423190 636410 321442 310221 296468 209678 585713 654232 623020 539048 521058 395380 188915 522398 633091 512946 122262 491675 528921 351693 294294 390565 377530 372075 427215 408319 281619 314865 220477 343740 772193 608208 537812 690959 481674 549626 334951 684690 612222 478774 607376 373872 673012 420249 533189 370872 389936 
195438 347570 380848 487032 776486 457433 407074 327844 364671 880339 360799 913329 409727 796328 174794 628815 521969 736257 389844 433706 281952 546502 293493 758781 281301 440985 531462 599684 326382 109124 847659 219021 418628 43139.3 467898 729702 418402 557310 477822 400405 161400 857756 174771 441865 478449 653618 404109 316291 809694 233077 714682 258805 466212 447219 628990 669813 538581 380718 377493 206652 307236 647983 711372 815773 335626 697402 465929 417030 291342 282002 462088 359701 258677 511754 226738 321686 387072 563760 490046 532643 53037.7 239742 464389 326989 132966 570729 235850 157290 636391 767020 790608 555616 761726 441440 370297 746971 371214 204414 823409 749115 499605 113265 142394 162856 690331 744110 329621 290849 622531 109202 
852772 995850 467039 357771 429337 830800 699683 535793 713852 140246 1.01184e+06 204788 434534 287976 891476 317036 332415 269492 1.08332e+06 958330 884096 301317 902327 601614 596699 406079 740802 594950 755972 811815 671241 705165 545125 802679 377922 344420 453471 558664 399782 587187 709937 154146 670141 848045 390406 751872 583513 920978 243091 674541 133004 738390 713797 447219 536288 175277 756844 1.14867e+06 658730 823593 536956 235325 227178 134629 751450 195167 825868 425735 608210 1.03841e+06 659549 1.0936e+06 703825 454739 853001 567988 1.01675e+06 531075 469384 623286 864938 708759 388125 786365 795829 281460 612001 696543 217018 376532 339053 721535 209022 849012 1.08512e+06 185076 1.14768e+06 925519 88600.2 209258 664383 937122 737328 859461 156426 387221 550986 672191 221289 758475 
903064 1.10892e+06 540668 455343 574130 960089 715118 599114 836226 44407.2 1.12525e+06 74813.1 513483 219228 946167 455000 399516 414614 1.19433e+06 974442 921384 376920 1.01483e+06 746861 699077 481062 730756 735860 874621 905272 815839 758721 573454 879811 475935 489624 509864 696854 450871 710229 776379 74000 746726 975723 503289 893976 609594 1.03499e+06 386021 729538 256135 849271 845355 564429 678700 288425 745634 1.2508e+06 781601 872009 614824 275363 370207 278065 778989 333348 955906 508693 715011 1.13969e+06 665091 1.19968e+06 749166 471641 960119 675317 1.13258e+06 520179 490567 759996 950289 757499 457089 904971 892068 351501 685958 768329 287141 521460 483175 859221 354267 858114 1.19352e+06 181912 1.2483e+06 1.02686e+06 102533 354291 661551 1.00707e+06 803040 914930 274885 331109 607224 714112 308934 848250 
651255 964268 355688 344106 658317 876006 436589 385918 735012 245618 980894 241100 344896 89000 698355 469315 241820 495529 1.04102e+06 692741 655463 247477 872711 797747 553802 312123 442634 727749 758600 723136 886680 516981 312656 667802 359680 561555 298639 675047 243822 622807 552522 215035 542177 884466 418320 884005 343903 896119 512039 491498 304436 712492 778067 479141 687786 292945 457421 1.07405e+06 686562 618996 426339 150881 435652 420709 507909 384662 875105 349693 579193 964420 381903 1.03371e+06 497398 207762 806559 545433 994816 233002 229478 724051 749695 509522 282577 786802 716688 224270 481932 553766 207369 608395 586421 820990 454327 574181 1.0335e+06 137201 1.06822e+06 856084 240160 445926 375108 778235 576459 669069 300097 76896 381320 460017 246000 661867 
117745 530386 505507 634013 973753 677449 362780 432770 587031 976855 540048 997005 540947 857309 77103.8 805821 635591 910618 545060 255000 139431 667236 498528 973143 477546 564985 454357 815530 549102 331119 1.06449e+06 263245 455742 231078 618066 916066 515442 769796 572142 611882 267421 950297 325848 660337 647019 876185 425229 518278 980109 293586 851254 481340 688670 630547 839491 806495 454648 489083 596782 149563 445055 747429 876371 967465 278045 853005 686366 553399 495084 425075 427870 498302 272415 560892 440284 517983 569158 569004 539541 750696 258907 263105 580259 548731 355601 686568 370488 290765 751727 957758 975820 778052 925999 315691 518139 838959 474000 393183 931142 912921 457787 131488 240832 109225 827590 780164 417337 308974 748263 325424 
715220 607557 388902 286217 175482 394509 712060 454280 314072 578623 621392 640614 360472 635020 731274 144554 386704 207966 697253 915256 784771 364560 523054 210950 325186 368917 817442 137568 367180 520650 308709 592035 572106 577724 282462 156668 442904 103586 442414 210343 548811 576515 482594 416400 215780 296864 601551 534453 276588 565824 347554 386745 275045 189497 87206.7 329560 833276 789416 265339 698548 400642 450868 232332 348639 712632 265108 387332 343817 310664 689543 712402 723940 619427 556392 500106 284623 617603 669992 552204 170660 596541 611310 385892 394119 496258 381811 456019 519249 395728 176590 212445 265158 265047 846596 707910 515190 793680 586905 506448 258884 739641 714863 571234 702488 334791 675743 486656 608947 356619 493207 
435997 394819 242124 261283 469384 300426 501059 261559 156115 679601 411209 727770 242720 654279 445028 337930 347040 444397 480313 656293 513656 353193 300707 461910 48754.5 274192 625272 307617 172754 231355 555817 335841 404776 284623 241205 427731 310653 258126 349984 101828 276805 664387 209347 304056 214201 403045 419105 321386 519763 316891 471615 135074 231795 161450 326588 430972 638799 545264 121565 424672 195870 469473 430712 546247 474597 429377 302041 236315 19105 436115 524309 489009 373048 444303 248429 40706.3 419795 544298 429337 250320 304026 359685 303645 201040 208952 380338 208634 244493 434847 462131 488692 309118 479763 610306 480780 565680 545264 324238 611667 468188 559371 420476 294253 418369 448540 645006 290904 375960 406677 198842 
754245 693705 396182 273651 132880 485518 719714 468740 399084 501280 707941 564745 363022 575243 775403 82637.8 360839 116932 783575 939532 817637 332555 607079 246951 378356 362994 815331 222036 450923 587167 335839 621737 570323 631470 276586 72180.3 439528 194558 426747 286009 587364 502046 524155 507119 218893 377154 603292 619794 185801 593394 274658 463013 365941 219094 161555 265181 831635 872216 347807 734494 424044 400556 147679 259388 730935 187673 478453 346013 370001 769917 711756 807967 643991 538001 578976 337854 705354 650308 537410 261725 660048 638377 373620 478942 563962 344362 488532 560179 343983 108467 132740 354607 175285 861196 792992 452064 875676 664309 430238 170176 735413 771368 611805 745236 266030 627893 499545 628485 305644 553203 
574544 735942 182165 80430.1 417412 612052 463003 255196 476760 339485 752423 386069 148192 326719 610261 212219 72201.1 277606 819954 709366 615287 39204.6 641898 533240 323210 122332 539508 451438 508806 530295 626881 427117 304138 515800 100658 324460 184610 398152 147733 356350 424986 322964 383273 623527 144921 607030 341563 663000 326916 396126 163991 476299 507410 208082 414599 119269 556129 874506 424577 547045 250194 135163 223466 285408 496478 182923 609909 138842 340736 763406 440768 823715 432339 249618 584778 301783 761506 359271 252875 447451 579614 434259 111463 538659 516268 53600.4 325564 410201 93230.9 374621 367069 545133 264917 612609 818138 225375 872088 650558 274432 252286 458484 650563 452443 578122 140357 349824 275465 405031 67955.9 474723 
609663 929534 321111 321399 656101 848476 396590 347369 706385 279946 946138 280166 312968 130587 656788 461382 216335 496489 1.00522e+06 653758 614220 227220 838573 788881 521464 281128 408001 711452 728003 685613 879784 475682 271065 627951 335529 559466 261543 657542 208856 597097 512142 249580 503391 856020 397062 865924 302399 862228 518978 450409 310498 679789 753353 456195 674403 293102 423178 1.03609e+06 659146 577403 390191 146373 436464 433029 466941 385737 847982 319100 547753 926803 343144 996760 455834 166208 771508 515151 960685 196825 187963 704003 710498 468027 251746 755765 679836 206642 443549 514071 202158 607474 588303 799681 459401 535897 997092 159931 1.03e+06 819157 266648 450111 338148 737200 535840 627539 302952 91547.8 341533 418438 239002 624200 
611736 146185 741242 797023 909321 382099 841477 716713 440386 1.21632e+06 131229 1.26234e+06 756836 1.174e+06 573008 851101 871296 948498 57384.7 827874 689059 883906 238481 803762 554423 790856 965379 666480 390717 379332 858242 650542 835897 470814 776559 908411 798815 659446 852578 561969 584709 1.19995e+06 566789 355373 750985 610689 828184 221326 1.02259e+06 659651 1.00797e+06 402796 487985 693607 725427 968228 971959 106963 493585 631577 670126 998818 949961 1.07031e+06 768902 958063 392588 756194 536698 154467 895511 77006.5 691975 916077 292857 576313 136015 985708 895818 598936 382267 672831 819605 361354 381425 911009 621772 568423 969489 925616 964176 545338 995340 863709 64846 1.09757e+06 124197 243824 1.14911e+06 985397 933295 452442 571840 576730 985318 1.14308e+06 730305 722120 943319 440511 
406785 428095 195533 229212 483160 348174 455725 213410 204002 648436 444668 694262 198882 614244 420415 333530 307327 441076 511097 620123 480983 316623 334401 491799 16492.4 231400 578849 341920 217083 236546 587603 296985 356585 268844 208655 432612 263610 289254 304972 139807 242990 631779 175285 351063 193745 446652 371357 356452 515485 275937 448379 170135 279120 151753 353832 406054 592588 568032 169319 392771 147648 432453 421046 532437 432834 414121 350000 194093 36138.6 457459 477264 515233 332133 396921 275775 26832.8 455439 496170 381635 289546 302220 319866 260946 244131 217463 343817 165424 211684 401319 470712 493491 354318 471024 568958 509166 530212 566683 344501 582151 458878 512024 408589 263093 392128 424675 600841 243023 332543 375666 193145 
256457 641826 182321 313665 711157 644938 147801 111732 505720 603564 657530 622823 217002 486033 301902 512455 278126 604013 703301 369054 278404 313193 562014 771374 309302 226491 267615 637154 501969 376524 869904 120615 88413.8 289664 305118 631839 157334 580407 206039 447672 170950 576567 193041 642004 359562 756245 74632.4 587185 663139 99020.2 500504 433970 589535 376894 632643 457948 281469 710617 479109 224876 171406 377131 557254 626856 156016 522551 648820 233692 340896 607082 167108 682663 101843 189995 488270 331910 678393 233000 168074 594640 378134 112294 230489 521693 380171 327344 155425 185327 389082 680172 685143 665361 602876 282908 688809 465653 701913 510730 560985 589869 203394 383438 189489 272000 478528 419144 79397.7 66910.4 393224 317737 
871699 1.12021e+06 531008 465214 639345 988547 667066 581083 858406 73164.2 1.13674e+06 13038.4 508272 149272 916963 500120 392168 475127 1.20328e+06 923697 882350 376447 1.02627e+06 807200 705823 474523 670048 781962 892852 902372 881227 731280 535407 865661 485276 550263 490408 738827 430751 734534 756652 68154.2 734115 1.00227e+06 522920 941526 569351 1.04762e+06 456098 703472 297123 860830 877306 586018 728198 319640 684211 1.25197e+06 804851 839903 605807 263351 424982 347760 736359 382228 985256 506338 724988 1.14083e+06 612856 1.20438e+06 717006 430725 967402 686401 1.14623e+06 463039 451270 799270 941034 727200 447756 922879 891403 349451 672730 752183 291625 586276 550760 899169 417097 804985 1.20022e+06 163417 1.24826e+06 1.02887e+06 139807 415019 605258 986822 782440 886531 310923 259422 584577 680580 321753 843318 
211993 328299 419612 524031 803874 459759 438043 367049 377690 919239 340472 952454 448108 835455 182833 661375 560761 768925 363352 445253 295919 584976 283537 779092 312194 479588 560312 619505 335491 118207 866100 254065 456213 82219.2 504700 760042 457604 579401 517015 424011 199482 896759 213701 442330 513061 664820 440642 304810 842819 269863 751846 272068 478377 479508 651830 707068 566683 346325 395545 228009 345770 686985 745558 851345 363676 732817 468838 455101 319626 251432 494759 329509 292159 550263 222407 352013 367916 600288 528504 551001 41012.2 273534 503224 332555 144059 609355 274885 196431 674924 796217 821030 567556 795878 462623 342007 786043 336091 185300 862005 783363 531919 94031.9 179179 177553 727496 782622 368648 325576 660597 136132 
71000 610129 400889 535217 909293 704778 205183 323878 589607 840525 622692 855573 437563 710316 113886 723857 516009 823299 644131 179622 39623.2 550205 556601 936840 434949 455334 301425 786204 563720 363793 1.0328e+06 157305 312083 244561 522444 840263 394032 734412 445759 580941 202566 812740 270337 692810 564193 873389 278016 579825 887789 186601 737532 490658 688753 562226 798291 694041 303592 610414 584625 59481.1 355844 616747 781965 861010 120739 752001 711973 452452 460114 528307 270296 605794 143503 416482 487361 471641 649741 413807 396063 729046 315379 143391 464844 571809 382279 566043 291589 234719 628716 885777 897465 775640 829796 181069 621052 702972 597218 466744 800353 816652 300147 235372 185981 106005 714907 627940 300501 173349 631064 331050 
375047 626547 36891.7 163878 563413 571686 289249 56515.5 427379 501846 643099 533346 67675.7 421969 412317 362933 147526 454403 701086 518152 416016 178213 536815 634467 229386 78917.7 392413 510789 438945 382335 732962 227372 148718 337557 155554 482432 42941.8 453125 99005.1 340852 233054 478403 206022 574638 213178 643845 176182 560942 514736 196431 363310 382962 494775 240185 497933 319039 408099 733557 388568 347144 86313.4 268883 408708 484653 305550 376152 573252 84628.6 259307 623610 287237 692726 233071 173401 468250 235104 658693 274643 158079 478014 413697 234307 91241.4 464407 375713 198404 144627 224758 264282 531059 535351 560022 455247 431668 692826 367196 728143 515097 448457 442159 315926 463406 260069 380255 340072 388191 76118.3 208127 259239 321274 
408032 592963 29068.9 117346 503671 517607 351638 98387 373498 503254 609605 541679 29832.9 446542 440092 307548 145911 404401 671693 570835 458656 166355 500855 569254 182362 63639.6 457823 445000 390386 364343 667803 263697 214581 340566 103368 426198 95885.3 387324 131605 279202 251563 482648 207791 522464 151990 579429 241400 524109 468915 233189 337763 340649 434902 174496 432325 292643 473402 714190 331217 382896 74726.2 274722 363329 450321 360451 336381 518417 36878.2 209480 603166 352615 668483 278280 229264 436023 179889 622907 335960 216816 413310 407309 275772 91831.4 417469 353556 191651 150443 235053 256400 473829 481241 497161 411825 490474 666083 374701 710252 491810 443554 398674 381718 475131 278959 408044 313600 427619 128701 258992 241779 305832 
910607 606409 657037 574659 307800 353624 966653 709989 388909 854751 614304 918869 634874 927863 912800 432094 678585 453710 684124 1.13563e+06 991258 658614 553831 129495 525837 649945 1.08268e+06 183003 434495 648343 134201 814678 842412 743059 567403 379326 718967 240651 728006 378715 755937 856953 688723 380326 499680 117068 867021 551773 496040 794079 630271 494527 289436 455517 208677 619013 1.09766e+06 799893 377200 902062 647621 745974 499649 595883 950564 542952 342463 619468 498535 726544 977897 729855 850259 841663 571056 493454 597188 954661 834930 229142 727138 837929 670768 445350 622531 676799 683077 723448 690456 355462 399462 202485 514709 1.08679e+06 705919 806062 810030 654058 784651 513842 1.00879e+06 860429 772052 889272 621233 971189 742653 848999 651352 648015 
246595 580262 152191 286700 671527 579864 206189 75133.2 441192 619112 596152 644510 188862 517410 285727 478929 273936 575970 644224 400312 288368 306283 498824 720620 246465 207348 330492 581751 436736 316836 818835 98858.5 140236 239942 274609 597036 153769 525739 211568 387769 122348 593784 130507 576767 321104 695935 137058 523963 639365 68249.5 492229 368718 526480 329612 581249 448028 343759 657417 415986 218229 118444 387408 533443 613306 193659 503322 583843 203973 277800 551719 231815 626115 106607 228878 425376 271516 616300 290396 207171 536144 325972 105683 219513 456422 318680 324871 90255.2 128798 389895 644023 652725 603805 581093 328293 630946 481900 649585 452004 570387 567952 268466 349276 146031 253939 469052 461239 55542.8 90000 387495 256780 
112699 519577 497226 625115 962929 665476 362108 425000 575022 970824 529378 991640 532504 852904 69050.7 795825 628182 900814 535280 263154 142225 659573 486963 961533 466439 556925 456365 803832 537061 319081 1.05277e+06 256377 451276 219317 609001 905717 508410 758238 565442 600321 258095 944434 315671 648410 637222 864167 421385 506822 970528 286472 843145 469320 676657 620119 828035 798326 457089 481000 584907 144941 436001 740924 866970 958753 277200 844015 674380 544772 483736 415377 427114 489036 267240 556335 428445 506925 558428 566768 534879 738892 246986 257257 572603 536706 343559 679171 361168 280829 744474 947228 965552 766042 916668 320062 508575 832973 466087 381937 924507 903603 457666 120341 231311 101119 819421 776902 410221 304138 740519 313547 
323149 620047 88204.3 220239 617214 588575 237605 30016.7 445457 543347 636378 570446 122984 448537 362627 418360 197345 510851 690053 461654 360514 230263 533510 681707 244902 135148 347679 552268 450360 365121 780303 175582 113772 304700 211092 537708 76922 494923 135385 371598 192284 518461 179805 589001 265801 678770 132382 558252 571344 145134 417005 388496 520854 286458 543801 373193 362795 713454 411886 294241 95189.3 311096 465318 540017 249275 432468 591159 139589 276422 605184 242866 677083 177553 172630 462209 259278 654107 257123 152846 514471 386394 180069 144014 473608 362250 248204 121803 190507 313050 586018 591222 591346 511786 376927 679418 406588 706839 500234 493705 498706 274642 422512 218057 330819 394127 401424 21377.6 151585 311464 303556 
103446 634137 378021 512645 894452 715556 164146 300960 595214 805259 647257 818807 414585 672081 150791 704963 486988 802365 672215 180544 72124.9 521775 576171 929598 430726 430085 263281 781650 572713 380911 1.02641e+06 144031 276159 262195 500983 822539 365493 728566 415005 577727 201159 777155 267526 704961 546240 875363 240934 599954 865176 170176 709214 499365 692726 548607 790433 666277 266391 643476 586435 81055.5 339012 583693 759161 834416 79812.3 727396 722264 430080 457564 558068 229260 635932 119871 379680 505277 465658 673647 373363 359680 726955 339158 124824 437598 582818 397498 536411 280179 233805 598003 868933 878781 778302 806276 155029 650112 668049 630734 490887 766784 793163 259268 270118 189528 137539 686988 588239 275182 144007 602138 342710 
664534 616093 319725 211256 217846 425206 644152 388449 322298 520133 630946 580332 289456 564851 684475 92763.1 311096 186979 705882 855448 729949 289166 526841 285477 286009 295630 746371 202633 371618 496045 382460 534869 500676 539179 208586 163077 370601 155502 367642 201854 497511 515451 433417 444173 143283 361935 531286 541303 262088 507295 288231 376634 306726 129468 161208 264622 762365 789552 268570 645664 339053 378298 191690 312861 649407 213009 419577 272567 278088 685195 641614 726891 559297 481486 493742 245522 630698 595063 477797 216675 568225 552598 311448 400800 473207 306922 400250 469665 324006 200412 224080 316244 234019 781835 713362 447180 792177 577666 447528 224891 667856 679023 521476 654578 272595 601818 420268 546108 285044 461053 
696475 897456 323373 241878 475946 766124 534964 384974 634547 178997 913933 224804 295528 196471 737328 300082 182508 310672 981420 793832 723204 158937 803403 625269 484381 263327 578499 575397 668762 687602 709965 549834 381159 662800 262179 379684 297941 527804 241033 511297 561948 161443 529562 779194 299172 734973 419386 824430 324580 519779 117239 637781 656808 362491 527502 113635 594718 1.03434e+06 581233 666408 397166 70576.2 251446 236516 588003 200811 763189 290746 502260 923152 495146 984553 544989 290071 746073 463259 922849 370937 304637 584755 732362 551287 240204 698805 674834 133600 469138 552262 69527 424793 400412 684485 267052 684260 979355 74242.8 1.03147e+06 810531 119620 259002 501049 792077 588952 705610 115802 262954 396168 512016 97754.8 630317 
403708 750219 170988 256811 659098 709341 222596 158751 565127 460692 766551 476321 186601 337855 449908 452548 177505 527077 819845 480305 416405 212659 663447 751556 365997 171919 290000 638627 574802 494016 849111 267660 68593 424751 258242 569822 103325 581042 103392 477766 307002 432714 307156 711689 325000 777463 106019 688122 575150 242695 388960 515787 632558 365465 619120 351161 306602 840101 526693 371732 217518 243249 472925 520389 275588 430286 711085 201480 396505 732888 191888 805730 249147 44045.4 592346 373226 784215 137117 22825.4 611121 510025 260500 156029 599348 492016 216675 251382 312416 268002 619948 615640 696021 512650 373048 808722 323538 832831 629413 423861 500357 209010 529480 329588 420193 369969 276384 142780 212323 282816 432589 
400211 154350 550245 626231 819295 362406 626171 515617 343001 1.04175e+06 162348 1.08261e+06 570954 981742 364911 718430 687047 823148 173000 625218 480820 704489 157178 752647 384688 604795 750153 597523 289043 177722 826541 436097 626592 256164 605662 797057 601928 572637 658508 439178 372001 1.02261e+06 361120 338189 593461 595494 616520 166208 898730 446598 848779 261964 426677 544077 645280 806157 756890 173658 384089 418234 476324 815861 813010 928913 553809 811742 373311 573185 375666 64884.5 680625 141039 477055 711821 148408 415539 191859 775217 690907 525420 167171 457962 632179 269357 187971 730953 419440 358258 793238 824037 856772 507437 861643 652049 151463 915793 169071 60827.6 978230 850300 718311 249098 357677 365268 825001 942043 525621 507862 771601 238663 
549637 161555 508128 529083 606278 110535 707956 509828 140464 942019 174244 993403 512992 925756 532755 552826 618590 646935 250170 789361 636842 623472 95880.1 513249 305197 545202 837657 366805 100170 250944 580009 515198 649007 369486 509708 604635 574596 355788 618858 266655 442666 929051 393838 88408.1 471203 343548 654129 95021.1 720294 509967 722657 151199 187949 409497 423275 686050 848558 352393 195489 554390 449307 739641 652271 773400 656795 664877 121198 507540 278210 269032 746744 283436 559140 705485 133959 312271 169594 796684 688387 297123 315408 541092 574730 70661.2 231502 650471 429141 414132 702084 621547 660098 259307 695975 781089 263911 834233 359940 202425 871925 686628 784409 446052 444235 519158 701320 914930 533349 577027 671288 286587 
296380 470340 150446 252723 585793 448038 336693 121758 308756 648999 486766 685616 175787 580831 318101 412549 290505 517789 542665 499289 364428 312693 382953 610872 116812 208291 462654 463881 305866 223233 707679 175069 257857 196163 234184 523473 201943 410079 257614 262688 129356 627739 68029.4 445798 254386 568265 264547 407638 588340 153056 479805 240252 395101 239098 471807 434839 475657 574596 284703 278259 75743 418628 486083 584661 310000 467248 451784 182036 147177 464390 364124 533344 209230 322008 312162 147828 503867 406234 302979 412458 261079 197284 233825 327006 216363 337717 43382 102591 402743 566340 582864 474384 536210 446072 533731 518521 569541 355719 589909 523276 400472 334248 153769 287446 455467 546001 142411 210618 387489 162641 
683418 504386 411491 339411 263655 282200 721324 464037 217442 680415 517424 740693 390717 720035 692041 248709 445533 321076 593365 899829 760016 430562 424436 214709 289803 408044 836595 63600.3 271774 452588 308449 576148 596611 528096 329280 267255 474641 13038.4 487822 146711 522220 675788 454419 304810 262909 208154 620922 433267 389283 553676 448457 305895 163371 212200 86284.4 424606 851604 691070 177553 671334 402236 530436 342546 460727 708467 370786 274711 375832 266293 595810 731790 623866 609533 600377 411274 253712 511462 712467 592325 58008.6 531433 598348 430759 295787 426933 452040 441942 490408 478290 279113 319269 156170 377584 844609 606116 605030 696626 499256 607824 370919 762751 658110 541025 665770 432949 748323 496743 605918 439974 436592 
858785 717527 520877 404361 56586.2 482088 845426 590263 433254 606898 729934 671716 489522 699006 875000 215564 494263 203199 805641 1.05608e+06 927578 466154 639789 130231 468651 492544 945038 192917 487583 658635 206903 733922 699432 720503 405350 128035 568690 202805 559044 346318 692215 612007 626202 507241 343268 313260 731215 647756 240077 707096 392074 518035 369986 328811 132699 390244 961208 906087 391251 841770 540009 530684 255863 341463 851049 304056 472908 472519 453100 811626 840800 838351 759917 670981 626477 428189 721956 783564 669831 259093 735821 752537 504980 511455 633659 477678 598248 662842 474102 99538.9 144003 326712 262606 983649 819788 574593 911985 714356 539023 263486 865666 856659 714837 846221 387743 757691 622043 747632 436450 634461 
505894 462854 238202 211152 385778 324450 536395 281320 188043 618600 478766 670642 225719 612745 519779 253300 310537 358989 550880 715589 578911 308359 369682 394610 112894 251032 654193 249688 224089 317718 491406 391281 419008 365636 193536 341423 305805 194456 332014 71253.1 341123 606038 273748 334846 147872 371259 440224 387872 434495 367967 401005 208387 228370 86313.4 255766 363110 668829 623712 135772 491172 217635 422693 348174 465843 522220 350892 323080 214058 100125 516178 550091 564661 423628 438097 325707 72615.4 483735 545996 426617 206630 390021 412903 278460 254466 295149 334504 256164 310337 381177 376480 402403 287127 396471 658345 554221 513951 624760 405771 548482 385253 582495 503766 362012 491529 379020 617483 313651 419659 348852 283637 
812015 891454 418005 289884 302372 711758 696348 493406 602638 265092 907009 330038 382033 379132 845644 193848 304869 139043 980319 947422 855038 269007 799243 471658 509389 360612 758947 466051 648151 729088 544180 665301 537018 736642 307461 214238 423987 432381 380911 476971 657061 271974 608153 730459 299536 621895 575379 816243 127475 634315 89044.9 638875 593206 347727 406315 124920 775510 1.05368e+06 547644 785337 479025 256907 98005.1 45541.2 735099 79755.9 706134 369347 515675 945095 666780 995234 672054 463768 755815 475988 909560 559160 473255 498128 789476 673505 351295 678266 710539 259625 554833 638659 212349 249289 215379 595102 80056.2 846934 984594 257391 1.05414e+06 833274 199111 78638.4 678899 875648 684378 813553 105849 460744 515058 644895 193003 680537 
305125 766230 296921 414074 819129 781820 57008.8 239827 642982 614941 781425 619956 326069 466400 355443 614564 348834 695889 821745 315268 285377 384610 690670 894566 446230 324205 133255 766698 638412 499365 993109 218826 117414 398648 410534 733616 247631 709367 272472 582403 287042 585368 324056 778393 472424 890780 84220 715819 746967 212720 562595 569495 726375 499608 757402 524779 148385 816508 616032 273766 304179 412161 643497 694081 136484 602399 785840 343006 477896 718483 29832.9 795799 178138 192762 616572 467402 803887 157943 178539 727666 487682 197030 317128 657408 506376 390160 292223 309181 441083 783301 782479 801104 684705 201683 804702 482037 806095 629984 586928 672228 67067.1 461790 297605 332501 543656 375405 207511 147513 456478 443806 
616507 764054 223759 111503 393376 628907 501749 297168 497369 310538 780426 361111 189264 318649 652051 192938 108853 245489 849243 749947 657141 72917.8 669944 519920 354684 164247 574130 450040 532443 565778 611209 469107 342462 555325 132061 298292 225754 399205 185540 373948 466267 296665 423266 641849 161895 608067 380312 690372 289872 438114 122332 504310 520485 225144 408167 77414.5 590772 907317 443921 589042 290580 130096 188831 243824 537269 145014 626084 179011 369931 796417 477100 855038 474220 281114 615159 330226 788335 387505 286514 452769 617301 476236 153062 562609 550826 72862.9 366240 450880 76941.5 348001 336630 551871 227379 651805 848529 207523 905404 683428 242588 215081 493173 690950 493726 619910 98508.9 355186 317404 446652 39924.9 511353 
58008.6 500120 348382 477017 826395 590324 265771 276378 478232 826087 513335 849577 383751 716048 80099.9 652136 479964 755900 540071 292674 141209 510988 442878 839539 337136 408075 384444 685456 450184 248960 933845 111360 317002 129692 461313 764474 361122 635897 419005 479593 112379 800352 176045 578000 492540 764456 292282 466439 824497 139864 694283 377461 578433 480254 702659 649465 390274 518568 476844 55713.6 288390 594825 720259 810299 187723 696087 597680 396213 359189 427965 326071 506047 133660 420187 372855 376145 539609 447699 398276 625180 205295 118849 424050 457389 267240 530947 214704 139517 596478 807545 823588 666276 769691 289067 518923 688561 506925 356948 777859 756588 361876 158221 87595.7 48010.4 670559 647667 262924 171266 591838 216906 
264756 577880 132019 266391 651074 568940 222434 55226.8 428981 604669 593933 631533 168689 507435 302610 458314 256531 555455 643933 420862 308501 288257 494710 701456 232142 188043 344651 563685 426695 316809 799753 117107 141651 246789 254120 576428 137899 507435 196698 371430 131826 579777 129356 566675 300528 679897 144014 519773 619039 86145.2 473559 360022 512377 309698 562172 429197 358336 660928 401947 237008 99005.1 372336 513149 593863 213600 483390 572603 183636 263735 554124 244092 627647 127130 223213 421770 255378 613333 292166 201943 519189 330934 125603 201318 447323 316967 307519 81098.7 133417 372903 623439 632112 588511 560915 347714 631573 467898 653584 452306 554669 547771 279952 361437 157099 270647 450250 455096 40816.7 110114 369395 255924 
213591 743962 413998 544728 942461 813178 111005 341211 686564 781601 757338 786453 448644 631732 258240 744108 497688 834353 783432 149030 153323 533701 683266 995281 508414 456295 162200 853971 668875 486963 1.09337e+06 222910 266327 369676 536733 863530 383094 798752 421432 654725 291913 752088 352772 804311 590772 959138 227695 707410 891338 239470 717700 595769 780862 604109 855828 677529 161895 754109 672039 192375 393315 574638 785924 847590 82219.2 748760 819237 465378 537663 669431 165245 747286 183349 357140 611298 539308 783379 318286 340846 804464 449402 197740 456633 681420 501830 543280 349688 323396 599001 911878 916542 863771 830181 54037 761452 648077 741132 600963 752192 817324 182915 379581 286819 248244 697316 536672 310098 185311 610220 444243 
218762 466401 204636 322616 663410 485242 294985 148529 354265 702244 482171 734156 236299 617745 240520 489776 344896 594455 529639 428789 289306 371404 386866 683659 182124 265573 424482 533434 340412 202250 779605 109932 254778 136741 305287 601287 239008 481245 298424 328897 51894.1 679154 20248.5 479009 330856 628001 249826 412045 664267 97529.5 546784 268732 448126 316951 545271 501662 435784 545279 339768 201837 134391 469473 561128 656428 252686 540071 490474 245937 208655 438370 334054 512104 150881 338681 312968 218433 502872 404969 317569 478038 216601 135118 287200 356417 204707 394580 58821.8 26172.5 460626 644224 660576 531769 611029 386215 516512 568058 538112 337464 646957 598013 372005 266301 75927.6 209669 522586 570022 153052 163957 449678 142443 
131552 623003 313428 447975 833203 681878 132004 236542 555177 743463 637095 758973 349894 615097 181728 641618 421628 738076 669044 238556 134629 456344 557459 874136 380284 364793 252353 729027 537462 360902 971577 92086.9 215362 247032 436730 759682 300043 674830 350051 527274 160462 715724 221759 673351 483600 829550 182258 581998 800316 112539 643792 464424 650012 488787 734679 600806 259409 652150 541665 99764.7 277849 519954 694279 768930 57035.1 662118 687852 365579 408718 559529 193662 637574 57688.8 320128 484516 413038 662019 325731 299468 677047 332068 68014.7 372109 550382 374008 471179 224341 191880 533094 806515 815407 733616 741199 184448 649223 605892 640682 481503 703434 728097 228589 289007 156952 158405 621528 535830 210038 78517.5 536784 314879 
452823 844976 272547 344843 737610 811223 222428 257148 667061 454070 861137 455580 285498 300987 502036 531425 250601 594829 911693 478174 446448 281370 760016 841530 467616 266595 240052 735033 675942 584453 938088 333966 128631 504829 349585 644959 204071 677703 188788 579142 385861 424005 397079 813302 417310 876770 146373 784893 634467 314608 434752 615689 734344 462346 712074 403496 256144 924963 628716 420409 318416 270712 537477 566095 297294 490768 813039 299341 498290 819948 167505 894438 304902 74732.9 687943 475269 879856 39115.2 83186.5 710387 592704 320326 245817 700058 584634 276588 345349 396824 311541 695101 685894 796756 571934 360355 899029 325558 916668 719881 432552 560509 164906 595444 405123 475147 419631 213216 236400 267320 336440 523695 
438755 455505 188003 200125 447303 355394 470775 219572 211625 619013 471960 666588 184353 593016 454525 295327 285871 402870 540230 646716 510605 291606 361425 463441 54589.4 214704 590798 317775 233335 274040 560290 322397 360734 306008 179914 394924 257002 263105 292308 124234 273130 603395 206167 361089 158028 432558 379096 382479 477310 299207 414391 195780 274925 113600 324452 372800 605086 601345 169000 423208 154156 407887 383275 495464 454010 377386 356034 176647 61073.7 491248 487571 546923 354970 391001 306529 21260.3 481067 494636 377339 270830 340401 344073 243961 262092 254342 318751 187417 242837 373568 433601 455742 343757 433170 590211 539713 504168 600541 378530 551609 421086 521061 446149 294730 425620 390944 585875 251078 351871 345984 231355 
866977 563152 622371 545950 312578 310010 928367 672893 343456 844085 571424 907575 601655 909002 868472 415313 651012 447465 642019 1.09325e+06 948131 632772 508949 142425 484517 618276 1.04586e+06 149913 388816 602934 172052 773274 807248 698455 537492 374775 685622 207183 697370 337658 713530 844696 646557 336856 470106 76295.5 830827 507347 495629 753272 616478 449169 243772 422753 187024 602200 1.06065e+06 756905 332962 858941 609722 724338 489519 591557 910220 530352 298886 586646 456610 682092 941370 686842 809489 810497 525430 453207 555008 922975 802927 187878 681652 796799 640158 399696 577149 652102 642708 680974 669545 356591 401530 156869 508811 1.04637e+06 663244 788649 766765 608612 773057 506788 972898 815050 729151 845237 605880 947834 705420 809212 630457 603327 
212207 381698 290353 395399 697976 437403 365022 241847 322684 790142 396873 824428 318421 711439 213300 542000 431490 649093 439602 447465 296731 455320 309196 694158 200125 350051 494101 537343 295528 114856 786400 169003 347040 55036.4 376368 646177 331518 490594 390387 332746 97621.7 768016 85796.3 426649 389062 609541 338497 334096 721801 172003 622969 222441 423086 361448 560065 578081 503572 450708 323167 209153 216208 558306 622198 725041 306615 606869 444299 325420 215824 344536 412292 419200 213021 433377 235478 240902 419529 496215 412176 474292 122348 194093 374076 304555 124403 479817 147122 78790.9 545297 685335 706813 511239 672549 429787 424891 657691 443373 247032 732417 659831 450494 196064 93380.9 189130 598619 664831 247859 237539 530925 64846 
863454 1.12528e+06 531010 471781 661151 999090 653612 578105 867253 98030.6 1.14185e+06 40311.3 509836 131548 909353 516768 393966 496049 1.20752e+06 908848 871524 380596 1.03151e+06 827409 710291 475883 652130 798103 900422 903314 902800 724655 525890 863070 491545 571001 487447 753847 428001 744310 752503 87005.7 732346 1.01221e+06 532085 957856 558925 1.0532e+06 479552 697384 314167 866400 889081 595471 745423 333804 666012 1.25371e+06 814136 831472 605651 265580 444595 371465 724603 400536 996075 508823 730403 1.14269e+06 598084 1.20728e+06 708845 420800 971439 692278 1.15201e+06 447035 441780 813373 939874 719634 448415 930295 893076 353425 670955 749216 298503 608067 573362 913303 438831 789487 1.20375e+06 167003 1.24963e+06 1.03115e+06 160028 436225 589064 982033 777939 879241 326497 238925 580056 672061 330651 843736 
477602 878797 305943 373251 761400 845341 238078 291496 701140 450960 894930 447591 317717 289638 527266 555932 275812 615345 945026 488181 466323 304821 794099 869391 501839 297523 237065 765591 710263 617692 965472 363453 161012 536288 379016 667803 237217 708414 218289 612248 417433 420544 430443 847536 446794 908601 175237 818997 651992 345301 449188 650052 767756 493401 741237 420345 252414 956938 662472 445314 352741 282294 557202 579452 316931 509449 847100 331146 532455 852423 178306 927198 332533 105262 721916 509119 913799 26019.2 116349 742262 624520 348632 275530 734413 618220 297644 379301 429325 327055 717811 706938 829393 589741 368409 932088 327434 948432 753042 434882 578661 168241 623635 436000 501209 435460 193866 270485 295312 354572 557090 
757751 1.07211e+06 464303 439001 709174 974298 532846 496842 835345 203806 1.08875e+06 171406 451116 40050 805546 536017 342476 542380 1.1499e+06 783230 757262 341541 979969 861669 659542 417653 520617 807255 861629 833505 945590 626115 419763 778759 456326 613805 409079 757242 353208 719262 663210 176581 653129 984135 509813 965916 448930 1.00308e+06 544008 601236 347805 818297 872202 572462 762006 350069 533960 1.1846e+06 785290 725364 536004 230243 484648 441874 608386 434994 972769 454476 683791 1.07479e+06 474052 1.1436e+06 604837 315978 914842 648706 1.10197e+06 321125 337936 810489 860703 617662 388233 890359 826609 315801 592781 664754 281299 657104 628990 909128 492703 662677 1.14295e+06 164149 1.17891e+06 966005 232034 486729 461468 888046 686931 776783 350994 105233 492276 567208 319902 772340 
634739 406795 419338 377345 360917 188138 706824 457988 126775 752661 419634 810475 406341 774042 637064 330934 482200 413363 495541 861592 715906 473904 328824 286568 256275 430048 828689 128561 180178 378847 369908 543515 598351 467900 362933 363695 487016 110494 511340 114232 482038 745178 415531 209117 303318 195359 617518 336465 483812 524976 522457 226108 68622.2 242293 178885 493393 842760 594822 101872 626726 392562 582465 428688 549023 682673 451160 181794 393935 226815 501932 725865 527077 581124 619003 321896 229428 413386 727214 607791 56568.5 458314 567603 456355 201487 352847 498134 416159 449419 534333 377154 416941 105991 467411 818385 508792 665368 600894 409646 680233 459674 759497 589525 497097 613329 504508 789932 489495 583529 497821 373226 
696443 665470 335726 214516 193342 472652 659385 408344 371683 481300 680336 542849 302676 538112 718806 47423.6 305498 138004 755249 879423 758600 279165 576088 292515 327006 303356 755905 235262 420975 540682 385834 562481 510627 578455 216601 122809 379796 194589 369005 250912 529831 478550 467600 492148 158474 394929 543284 590658 213378 533895 249722 424793 353617 162929 184272 231355 772161 838401 317959 676096 364408 356585 143684 264473 670559 169496 466717 285659 321697 733618 652077 775996 584090 481241 542137 287174 680074 594121 479802 258990 611444 578751 314986 450188 518368 293307 430070 503314 300673 166087 183096 357326 184805 800731 762617 417433 840860 625519 408936 175932 676207 719005 554679 688335 236516 583065 439096 568213 261630 503359 
587490 88238.3 691344 742564 850417 324992 807886 670395 381534 1.16165e+06 72670.5 1.20855e+06 705525 1.12333e+06 551951 792707 819200 889706 17804.5 811145 667978 830738 181838 746601 501032 739455 933741 607980 332277 336786 802900 614437 793544 436177 722186 849344 750539 600431 803179 503672 546433 1.14579e+06 523536 298117 694845 556022 787810 163404 963711 621386 951456 347196 429298 636800 666627 912119 941116 136971 434937 605007 621422 946115 891682 1.01218e+06 738232 900403 335638 704214 482105 136616 859791 76380.6 656869 870490 240776 521391 77666 943898 850620 540141 349657 637640 768440 302736 336013 857898 576517 527959 915511 866539 905083 488191 936848 839215 48918.3 1.04442e+06 151648 203002 1.09393e+06 926984 897822 434350 535594 552566 928969 1.09554e+06 685572 685392 888623 396890 
91087.9 566703 485051 616432 969250 700127 317695 410148 601845 945323 577170 963071 521188 820410 71610.1 794862 610365 898112 586298 209862 90443.4 643106 528766 977800 477319 543133 405494 821853 567212 351729 1.07084e+06 238254 419869 242330 601520 907570 488947 774019 544008 616595 255392 918174 318760 684400 635059 890863 387568 549626 965992 269225 828918 497209 703395 623362 842156 784536 405455 535093 607200 118828 429284 718056 861255 948135 233649 835438 708594 534585 497471 466744 382782 541335 240377 524962 466854 517015 605893 526720 504008 759122 285044 233788 556369 569337 374877 661154 356968 282413 725514 950678 966603 792467 910361 265932 560183 807428 520347 426769 902023 897228 411546 168077 230645 98086.7 805597 740122 391751 275282 724326 337544 
154055 394920 438456 554066 858919 533475 400899 376554 447652 933348 406021 962138 470269 836457 115974 706001 577925 813061 421142 377386 231953 605231 355985 843470 361935 499461 516493 684374 407313 189011 932283 235476 444099 109041 535798 809613 466589 641879 526183 484777 199602 909291 235512 516188 552378 735965 422953 376575 885615 258147 780026 341709 548916 525344 713414 734927 521156 387005 461972 176822 368001 700361 785451 886288 320815 768625 542484 479526 374012 304000 461649 381222 266205 544063 296204 402638 434336 580655 522044 617220 114769 249425 520327 405558 214245 628026 292828 208463 694141 848036 870356 638274 835771 405653 397126 797593 374477 253870 879885 822982 497309 32557.6 173738 119218 755757 774824 371652 302830 683686 193541 
686324 728025 301055 166940 254466 554200 613646 377922 440148 386264 743600 446843 264766 441548 714694 54744.9 234079 123713 816875 848817 739735 202428 635809 383099 352200 254922 698891 332244 484927 572218 472451 544288 457919 590661 177882 161320 329820 288730 305884 314014 523768 382173 468004 571608 146670 492062 493543 652816 189061 514029 154315 475942 437384 186462 281784 133735 715437 891157 385040 662592 347760 263911 86469.6 198565 636318 84386 549280 248871 355614 783108 597818 832139 559086 412418 593165 316628 746379 522519 414483 350602 636366 556885 258213 515105 552461 210839 420811 501323 207369 211521 207196 450156 136825 760381 821261 320100 891951 671815 313677 124169 618044 731384 550314 683100 139463 491240 405316 537736 168962 526927 
494813 75927.6 534177 579672 705063 215353 685047 520048 226762 998541 92455.4 1.04596e+06 546114 964080 469810 632863 658513 732100 162610 731760 580917 668853 18601.1 620000 339450 579828 814022 470558 174244 206243 688100 489026 650481 322064 559361 695805 595906 454368 646413 343837 417270 982959 382279 190339 531489 451119 649187 18439.1 806809 490323 788235 183935 293206 473739 524314 748766 823243 249596 277498 505261 466770 784603 731313 851275 623927 738405 226420 543884 319331 160901 731148 183109 533001 720272 87097.6 358343 105702 800893 701262 399531 249562 514004 609076 146731 196499 696046 429526 393650 752875 716606 753202 367408 777335 738813 168155 882418 255476 108706 930640 767125 769343 368902 412175 461703 765679 941046 538399 556864 725546 259023 
924589 666012 639414 543438 231225 413272 957602 698891 423143 790281 675240 854970 613649 874966 931324 380680 643634 386679 747356 1.14203e+06 1.00202e+06 620272 605499 54083.3 531945 624648 1.06843e+06 181135 473263 678770 70214 818164 824564 764597 539008 311448 697181 233026 699443 387005 764359 794567 696566 440291 471669 186968 851982 606321 422052 795242 571424 525761 330456 436165 178354 564869 1.08393e+06 860005 400899 913203 639701 698851 437041 525224 948964 483265 402359 597415 507666 780237 963229 790023 850897 813482 613942 495908 660401 927074 808824 245540 758236 840110 642702 488554 652770 635991 683440 732446 642497 281604 324040 252286 446525 1.08486e+06 767315 751457 869083 699743 721710 447073 992114 889181 782814 905897 564796 925897 731684 845870 603725 670955 
357610 717865 164694 270978 676104 690290 187275 132185 546824 505785 734039 522269 188322 383663 403864 470792 205769 551417 785092 440967 371465 241779 632978 758773 346325 181761 270830 638624 552521 458106 856981 222407 27856.8 383450 268939 589571 105759 580931 129077 467616 264909 478048 270647 691035 333122 771983 66219.3 657882 603299 198313 423954 490442 619662 366772 623705 384298 287089 801257 511674 325641 196207 285112 499365 554294 233002 459078 692694 204727 377641 695091 167475 768902 203059 87800.9 560822 358247 752728 155048 65802.7 606274 469915 214581 172800 575761 457739 249722 218220 272663 305483 639379 638022 687263 541244 337737 772894 368307 793514 593614 467270 528655 191552 484780 286526 374237 403842 318912 109385 166235 316623 397102 
426161 842021 289831 374509 772166 821322 185521 263030 677804 496327 857961 496231 307234 339890 476017 565552 285217 632475 905705 437852 413575 317511 759366 870761 477340 292036 197010 759327 683323 578444 967956 316457 123167 492118 377447 680567 223573 701744 218277 596001 373873 466154 392326 822010 444707 897580 129294 784421 674047 300323 476047 620443 749416 486165 739260 443762 213171 913377 642050 393975 327220 313166 575782 607664 264197 529839 823702 322182 508615 810251 127098 885810 283480 106832 686391 488456 877798 31144.8 107703 731318 580960 300222 274055 706250 580539 314721 344804 388104 352639 730770 723017 815041 611419 319061 891709 368592 904392 713249 475656 599802 121926 574542 390959 450494 460359 246465 238212 246812 376191 518652 
223486 675992 261008 391318 789949 703111 76216.8 190032 567631 655269 691018 668401 295340 522616 273117 590777 348313 681120 730197 294450 222524 384076 602269 848727 376563 303081 204749 712265 558628 409265 947177 127122 126289 306726 383391 710243 230846 655930 273247 518955 196825 626997 239719 698015 438375 826962 90520.7 627352 738881 124036 570140 487945 655747 454912 709711 528734 216585 724621 545345 191167 246868 436293 633246 698516 82492.4 597059 707799 312128 407541 626470 118258 703822 86162.6 229264 528186 402681 713950 234105 209344 667360 395693 105005 304528 575840 417433 395730 217313 221020 454591 758716 763126 734336 678068 204130 712888 518368 714318 538744 618362 665141 156349 373402 205976 247491 548942 442549 158051 57035.1 462455 355141 
810941 502359 583699 517890 336690 249128 882422 629708 283240 841366 511024 903692 565602 894152 810896 407747 624021 454383 582416 1.03958e+06 893083 608666 446753 183897 434074 584755 1.00228e+06 126890 327361 542640 231009 721845 767000 640344 507513 385389 648914 178281 665135 288849 660212 839717 593856 276089 441376 34438.4 788742 445477 509652 703026 610737 389166 182603 389082 181298 592166 1.01672e+06 696287 276552 803981 565335 706181 490408 599304 860584 527200 238076 551366 405031 620165 898468 626231 759213 776918 463249 405132 495404 888203 768001 141947 621058 745859 608274 337597 516962 629668 593570 627575 652835 375033 420215 94704.8 515321 996448 603001 776470 705868 546265 769384 511735 931013 754777 674793 788335 597961 926094 661876 760771 614056 545092 
633378 183415 581932 590474 615020 79479.6 792447 588879 192315 995707 189789 1.04959e+06 583788 990855 614964 589729 684935 676439 259002 873011 720570 686781 158449 499704 379328 614934 922085 368582 169673 334688 554477 600162 729538 453671 571959 626582 649560 370904 691007 315683 527684 984649 477909 54708.3 527148 308162 736068 144845 747214 594479 771006 232034 196087 463923 430670 737066 933135 375247 245098 638847 526781 802153 688774 809830 741917 706803 89185.2 576925 350343 311970 830304 305374 644051 781895 214033 380928 172003 875964 765515 305871 395835 626073 644274 145279 316057 713398 511141 498935 761357 637046 678313 241580 729396 866178 280863 894141 386083 269676 924438 721125 867828 523692 529400 602410 750875 986002 613594 661451 728586 371732 
399592 248212 630020 720118 937251 479763 649049 584359 463212 1.1285e+06 249804 1.16528e+06 654976 1.05393e+06 354803 827880 770284 933899 223034 598008 467967 791284 275282 873546 485077 687955 764640 718115 409489 266101 947304 473831 677800 302729 699844 911430 674093 692104 732822 554655 421046 1.10753e+06 428361 454705 695012 714687 661485 280589 1.00941e+06 491147 946319 377690 547584 649896 765010 902621 768893 146123 502622 424694 555212 898401 920228 1.03365e+06 569288 915478 490812 659542 480677 114477 708961 167263 509545 771514 268030 519450 278289 820973 749825 646004 220320 491563 713600 390267 283933 816883 489556 415974 881148 940171 971634 627819 969579 646771 192421 998229 131034 180069 1.06794e+06 957854 745094 233077 400622 365699 922194 1.00386e+06 588483 544508 862817 320226 
422019 141496 572417 646418 830996 362774 649619 538697 352751 1.06271e+06 147567 1.10407e+06 592638 1.00428e+06 385778 734629 708692 838762 151268 645152 501846 725672 158398 759782 404101 626537 773349 606007 298485 200250 831753 459802 650275 279866 625825 811074 624695 583063 681059 453100 395770 1.04382e+06 384480 337800 612132 597809 640281 163878 914316 470367 868052 276442 432946 561702 655284 825679 779978 151347 395885 440601 498688 837483 829869 946419 576906 829608 373815 594577 393954 41340.1 704248 117341 500682 735220 160431 433998 177248 798955 714345 534001 190801 481601 654083 277045 209380 752226 442557 381937 814190 837033 870483 511708 878231 674001 128561 937365 147757 76059.2 998796 867021 741909 268486 381413 387032 844363 965263 548994 531580 792076 261452 
