15 15 17
777 335 649 27 763 426 211 429 862 135 22 167 11 373 784 
53.7 19.8 32.4 31.5 37 41.3 52.6 9.1 98 95.6 87.3 86.2 17 99.6 28.1 30.5 92.5 
4 1 2 14 3 14 15 7 4 14 15 0 14 16 3 
552844 744710 166784 97529.5 456616 632785 428981 234610 494632 337605 761288 379012 136953 304424 590529 
488895 94111.6 517464 561528 687922 205234 674036 504706 209038 980292 110535 1.02788e+06 528903 946792 465537 
897396 671509 597716 496729 179204 421684 918569 659826 412869 736210 681812 800891 570544 821736 906709 
394819 415202 203039 243742 497855 344036 452306 215128 200562 662695 431808 707921 208907 625664 407182 
452283 655122 61032.8 90000 494928 568961 359484 133004 425959 440710 671765 478232 34058.8 384253 487997 
366191 873060 429200 541690 946620 907628 129757 372980 771052 687669 887525 681165 457095 521001 414059 
743455 527956 474068 396440 247008 289171 784918 527523 255327 716175 539738 778042 452355 767441 750479 
505202 244561 412393 428921 534068 144845 634476 420344 54332.3 842327 259625 893378 415222 826160 496904 
298744 266865 372651 454493 696093 348455 479338 339202 259494 866460 282113 906021 394167 804056 283064 
991805 733197 696233 593570 242002 480037 1.01714e+06 758383 493356 809030 742006 874046 668833 905903 999501 
147763 549659 247655 380707 752386 592423 196023 172000 463764 715268 564526 738241 284102 605290 187641 
338599 719423 185569 296987 702157 701510 159424 143265 558813 529122 735435 543611 211634 401628 385894 
180602 376005 339438 448791 751330 463459 371712 285000 359547 838475 390063 870883 369103 753236 171172 
510554 635284 123693 20615.5 409020 517985 443630 200192 379747 439820 651768 486680 88119.2 419363 541156 
818563 763552 449722 320351 96772.9 549431 769651 524585 469308 478940 777566 543721 414904 574374 841477 
