20 20 19
777 335 649 27 763 426 211 429 862 135 22 167 11 373 784 324 413 980 862 281 
305 925 84 327 336 505 846 729 313 857 124 895 582 545 814 367 434 364 43 
3 10 8 12 18 18 5 1 12 3 0 14 10 2 11 2 10 15 13 4 
3.06105 8.28136 4.35037 5.572 9.61566 8.80764 1.11396 3.70192 7.48538 7.41874 8.42021 7.39569 4.66412 5.80746 3.51962 7.58024 4.93789 8.4072 8.71428 2.05507 
2.2722 7.37017 3.61773 4.90433 8.90834 7.88041 0.52345 2.91446 6.56795 7.23095 7.5113 7.28945 3.95536 5.75306 2.76062 6.90638 4.39878 7.79046 7.8263 2.08154 
2.3585 5.31327 1.59906 2.8956 6.579 5.34649 2.46142 0.91 3.97847 6.47654 5.47245 6.76572 1.95256 5.55342 2.68604 4.72403 2.94457 5.73349 5.95897 4.1631 
0.487032 5.34394 4.40192 5.70424 9.20223 6.56805 2.99908 3.66314 5.55241 9.07965 5.45711 9.27928 4.76038 7.88453 0.255539 7.4686 5.68243 8.50535 5.60116 2.37775 
5.95124 4.87592 3.15398 2.55071 3.09317 3.03453 6.24051 3.66695 1.93598 6.29611 5.02359 6.86531 2.96366 6.49059 6.07146 2.19593 3.61006 3.15006 5.7743 8.06486 
7.57127 10.6625 4.58947 4.31019 6.98264 9.66433 5.34509 4.92968 8.27838 1.93912 10.829 1.636 4.4504 0.301496 8.04692 5.25746 3.35477 5.31433 11.4444 7.86043 
4.51586 8.59393 2.95758 3.71831 7.65256 8.32001 2.1188 2.75427 6.88059 4.7289 8.75439 4.71377 3.10306 3.14331 5.01327 5.59044 2.78212 6.22357 9.24446 4.63276 
4.89155 4.97902 1.92925 1.65484 3.93732 3.71446 4.99608 2.41853 2.32723 5.78358 5.14106 6.28784 1.78362 5.664 5.07372 2.38296 2.62909 3.45811 5.84566 6.89814 
2.97121 4.87409 1.35801 2.43387 5.86083 4.63036 3.24423 1.04676 3.22902 6.3521 5.0383 6.71048 1.62791 5.64809 3.2131 4.09034 2.76523 5.13401 5.59558 4.942 
7.70144 4.76177 5.44868 4.831 3.33928 2.24288 8.41701 5.89624 2.44477 8.18133 4.85751 8.79682 5.27638 8.64491 7.70561 3.83909 5.89388 4.38694 5.58616 9.98431 
2.98766 2.6559 3.74769 4.56724 6.98035 3.48901 4.80416 3.41141 2.60722 8.68655 2.80794 9.08188 3.96334 8.0612 2.82719 5.69727 5.12411 6.76832 3.25738 5.38446 
6.08777 8.12572 2.31672 1.60178 4.68646 6.94141 4.62779 2.94457 5.58158 2.69462 8.2913 3.1044 2.0413 2.4473 6.48514 2.71649 0.91 3.13912 8.9529 7.18471 
5.20704 1.15395 5.17929 5.51421 6.53854 1.61003 6.94592 5.11755 1.7936 9.68219 1.29865 10.1767 5.26377 9.4283 5.00036 5.90479 6.35815 6.87405 2.05273 7.59785 
5.04591 4.60679 2.38732 2.1281 3.87559 3.22876 5.3612 2.81301 1.86196 6.20601 4.76596 6.72579 2.26566 6.1437 5.1831 2.55515 3.11955 3.61179 5.48688 7.14659 
8.45733 11.1285 5.16382 4.6057 6.61547 9.89926 6.34856 5.622 8.57071 1.04709 11.2944 0.550727 4.95949 1.12539 8.91798 5.12442 3.80349 4.95682 11.9464 8.89922 
5.60865 3.43628 3.85157 3.69677 4.29703 1.65849 6.51019 4.12074 0.502195 7.6896 3.57778 8.23476 3.78826 7.71327 5.60664 3.67212 4.69315 4.6057 4.33462 7.91471 
3.28568 2.45748 5.41806 6.34168 8.68208 4.43687 5.69956 4.95864 4.03656 10.4067 2.53032 10.7702 5.67183 9.6545 2.88111 7.49016 6.82265 8.55795 2.52834 5.43399 
6.12413 3.01823 4.70027 4.55467 4.68402 0.821523 7.24553 4.92995 0.810247 8.49817 3.13614 9.05532 4.64812 8.56983 6.0606 4.37221 5.55707 5.23198 3.89071 8.48291 
2.1783 3.71248 5.13546 6.25167 9.1195 5.44266 4.73114 4.53793 4.77117 10.1033 3.7976 10.4 5.44362 9.15222 1.71292 7.68564 6.53809 8.76057 3.81266 4.17153 
7.31361 6.19112 4.03408 2.98485 1.60153 4.02604 7.26918 4.69392 3.26377 5.80262 6.32776 6.42748 3.74525 6.41078 7.47425 1.47503 3.97775 2.02566 7.08692 9.31074 
