25 25 19
777 335 649 27 763 426 211 429 862 135 22 167 11 373 784 324 413 980 862 281 84 505 313 895 814 
367 434 364 43 750 87 808 276 178 788 584 403 651 754 399 932 60 676 368 
18 5 1 12 3 0 14 10 2 11 2 10 15 13 4 16 15 17 13 5 17 5 17 10 14 
7571.27 10662.5 4589.47 4310.19 6982.64 9664.33 5345.09 4929.68 8278.38 1939.12 10829 1636 4450.4 301.496 8046.92 5257.46 3354.77 5314.33 11444.4 7860.43 7579.25 3336.54 9739.43 8511.34 6531.93 
4515.86 8593.93 2957.58 3718.31 7652.56 8320.01 2118.8 2754.27 6880.59 4728.9 8754.39 4713.77 3103.06 3143.31 5013.27 5590.44 2782.12 6223.57 9244.46 4632.76 4399.06 3090.28 7756.31 8685.59 4880.37 
4891.55 4979.02 1929.25 1654.84 3937.32 3714.46 4996.08 2418.53 2327.23 5783.58 5141.06 6287.84 1783.62 5664 5073.72 2382.96 2629.09 3458.11 5845.66 6898.14 5579.48 2620.17 4039.81 4224.56 1116.47 
2971.21 4874.09 1358.01 2433.87 5860.83 4630.36 3244.23 1046.76 3229.02 6352.1 5038.3 6710.48 1627.91 5648.09 3213.1 4090.34 2765.23 5134.01 5595.58 4942 3622.43 2997.08 4000.31 6161.4 1279.1 
7701.44 4761.77 5448.68 4831 3339.28 2242.88 8417.01 5896.24 2444.77 8181.33 4857.51 8796.82 5276.38 8644.91 7705.61 3839.09 5893.88 4386.94 5586.16 9984.31 8520.99 5753.14 4157.88 1981.77 3929.17 
2987.66 2655.9 3747.69 4567.24 6980.35 3489.01 4804.16 3411.41 2607.22 8686.55 2807.94 9081.88 3963.34 8061.2 2827.19 5697.27 5124.11 6768.32 3257.38 5384.46 3859.66 5310.6 1958.7 6644.16 2223.08 
6087.77 8125.72 2316.72 1601.78 4686.46 6941.41 4627.79 2944.57 5581.58 2694.62 8291.3 3104.4 2041.3 2447.3 6485.14 2716.49 910 3139.12 8952.9 7184.71 6394.89 686.222 7187.52 5993.1 3978.5 
5207.04 1153.95 5179.29 5514.21 6538.54 1610.03 6945.92 5117.55 1793.6 9682.19 1298.65 10176.7 5263.77 9428.3 5000.36 5904.79 6358.15 6874.05 2052.73 7597.85 6076.97 6434.7 442.832 5650.57 3175.3 
5045.91 4606.79 2387.32 2128.1 3875.59 3228.76 5361.2 2813.01 1861.96 6206.01 4765.96 6725.79 2265.66 6143.7 5183.1 2555.15 3119.55 3611.79 5486.88 7146.59 5777.72 3099.68 3674.91 3956.01 1113.28 
8457.33 11128.5 5163.82 4605.7 6615.47 9899.26 6348.56 5622 8570.71 1047.09 11294.4 550.727 4959.49 1125.39 8917.98 5124.42 3803.49 4956.82 11946.4 8899.22 8531.94 3682.08 10192 8260.3 6977 
5608.65 3436.28 3851.57 3696.77 4297.03 1658.49 6510.19 4120.74 502.195 7689.6 3577.78 8234.76 3788.26 7713.27 5606.64 3672.12 4693.15 4605.7 4334.62 7914.71 6436.55 4670.77 2590.93 3672.12 1995.42 
3285.68 2457.48 5418.06 6341.68 8682.08 4436.87 5699.56 4958.64 4036.56 10406.7 2530.32 10770.2 5671.83 9654.5 2881.11 7490.16 6822.65 8557.95 2528.34 5433.99 4040.05 7037.08 2407.76 8165.25 4025.58 
6124.13 3018.23 4700.27 4554.67 4684.02 821.523 7245.53 4929.95 810.247 8498.17 3136.14 9055.32 4648.12 8569.83 6060.6 4372.21 5557.07 5231.98 3890.71 8482.91 6977 5529.58 2322.15 3730.01 2781.73 
2178.3 3712.48 5135.46 6251.67 9119.5 5442.66 4731.14 4537.93 4771.17 10103.3 3797.6 10400 5443.62 9152.22 1712.92 7685.64 6538.09 8760.57 3812.66 4171.53 2838.33 6802.37 3511.35 8835.85 4200.19 
7313.61 6191.12 4034.08 2984.85 1601.53 4026.04 7269.18 4693.92 3263.77 5802.62 6327.76 6427.48 3745.25 6410.78 7474.25 1475.03 3977.75 2025.66 7086.92 9310.74 8008.25 3747.33 5354.15 1982.45 3412.87 
1457.74 3947.82 4047.28 5201.25 8280.02 5176.53 3807.37 3435.35 4252.02 9002.45 4068.93 9295.72 4364.06 8052.08 1172.73 6730.6 5443.99 7800.03 4280.05 3791.95 2294.45 5715.12 3482.64 8162.41 3304.42 
5878.82 3024.83 4431.37 4316.77 4652.49 1038.17 6970.93 4654.21 542.033 8297.78 3152.79 8847.58 4385.26 8333.34 5826.83 4222.43 5309.28 5114.23 3911.89 8230.01 6728 5290.49 2266.38 3800.33 2505.45 
5301.82 7724.31 1698 1511.19 5214.22 6781.74 3808.25 2218.22 5370.18 3349.78 7890.74 3665.31 1512.38 2670.3 5713.16 3165.26 450.444 3771.8 8518.34 6359.12 5580.99 653.682 6797.77 6356.93 3587.1 
6390.15 4951.86 3624.16 2948.22 2821.1 2907.25 6720.6 4146.54 2014.67 6519.15 5091.56 7106.97 3422.57 6820.92 6493.67 2277.02 4011.23 3126.05 5849.53 8528.55 7143.7 3880.21 4104.66 2584.96 2443.64 
4440.02 1380.62 4705.96 5205.25 6724.08 2244.75 6241.35 4555.44 1935.07 9398.22 1546.93 9860.83 4834.23 9014.17 4231.32 5854.11 5966.32 6872.58 2193.17 6829.39 5309.28 6080.54 503.587 6020.98 2783.52 
1436.8 6720.93 3810.47 5150.07 9040.98 7465.9 1320.19 3049.1 6230.77 7884.95 6854.14 7991.86 4171.38 6495.37 1905.39 7107.52 4811.2 8055.97 7115.12 1677.05 992.018 5165.5 6122.83 9464.82 4518.52 
6316.68 2380.76 5386.97 5359.56 5471.54 158.114 7705.6 5531.3 1412.3 9353.87 2471.3 9904.37 5372.01 9375.06 6184.63 5243.14 6336.1 6093.61 3199.2 8709.09 7185.79 6330.85 1894.76 4357.26 3391.47 
1609.63 4279.84 2904.96 4075.45 7333.68 4919.55 3172.38 2306.71 3757.55 7867.87 4426.34 8172.67 3223.18 6965.21 1688.61 5681.17 4303.08 6740.72 4805.26 3936.34 2437.42 4572.8 3597.07 7387.56 2383.21 
7050.25 4491.38 4766.43 4201.71 3278.44 2081.47 7723.71 5204.02 1894.23 7717.6 4604.87 8318.95 4603.69 8081.1 7072.21 3398.82 5263.8 4078.06 5354.94 9314.27 7860.8 5141.91 3790.33 2265.66 3242.01 
8599.96 8650.47 4719.75 3373.8 1916.38 6614.47 7748.47 5491.02 5705.61 3784.42 8796.96 4433.84 4353.54 4977.84 8885.19 1681.22 3835.64 626.498 9549.12 10170.3 9120.89 3480.42 7763.64 3681.7 5175.37 
