25 25 19
777 335 649 27 763 426 211 429 862 135 22 167 11 373 784 324 413 980 862 281 84 505 313 895 814 
36700 43400 36400 4300 75000 8700 80800 27600 17800 78800 58400 40300 65100 75400 39900 93200 6000 67600 36800 
18 5 1 12 3 0 14 10 2 11 2 10 15 13 4 16 15 17 13 5 17 5 17 10 14 
75.7127 106.625 45.8947 43.1019 69.8264 96.6433 53.4509 49.2968 82.7838 19.3912 108.29 16.36 44.504 3.01496 80.4692 52.5746 33.5477 53.1433 114.444 78.6043 75.7925 33.3654 97.3943 85.1134 65.3193 
45.1586 85.9393 29.5758 37.1831 76.5256 83.2001 21.188 27.5427 68.8059 47.289 87.5439 47.1377 31.0306 31.4331 50.1327 55.9044 27.8212 62.2357 92.4446 46.3276 43.9906 30.9028 77.5631 86.8559 48.8037 
48.9155 49.7902 19.2925 16.5484 39.3732 37.1446 49.9608 24.1853 23.2723 57.8358 51.4106 62.8784 17.8362 56.64 50.7372 23.8296 26.2909 34.5811 58.4566 68.9814 55.7948 26.2017 40.3981 42.2456 11.1647 
29.7121 48.7409 13.5801 24.3387 58.6083 46.3036 32.4423 10.4676 32.2902 63.521 50.383 67.1048 16.2791 56.4809 32.131 40.9034 27.6523 51.3401 55.9558 49.42 36.2243 29.9708 40.0031 61.614 12.791 
77.0144 47.6177 54.4868 48.31 33.3928 22.4288 84.1701 58.9624 24.4477 81.8133 48.5751 87.9682 52.7638 86.4491 77.0561 38.3909 58.9388 43.8694 55.8616 99.8431 85.2099 57.5314 41.5788 19.8177 39.2917 
29.8766 26.559 37.4769 45.6724 69.8035 34.8901 48.0416 34.1141 26.0722 86.8655 28.0794 90.8188 39.6334 80.612 28.2719 56.9727 51.2411 67.6832 32.5738 53.8446 38.5966 53.106 19.587 66.4416 22.2308 
60.8777 81.2572 23.1672 16.0178 46.8646 69.4141 46.2779 29.4457 55.8158 26.9462 82.913 31.044 20.413 24.473 64.8514 27.1649 9.1 31.3912 89.529 71.8471 63.9489 6.86222 71.8752 59.931 39.785 
52.0704 11.5395 51.7929 55.1421 65.3854 16.1003 69.4592 51.1755 17.936 96.8219 12.9865 101.767 52.6377 94.283 50.0036 59.0479 63.5815 68.7405 20.5273 75.9785 60.7697 64.347 4.42832 56.5057 31.753 
50.4591 46.0679 23.8732 21.281 38.7559 32.2876 53.612 28.1301 18.6196 62.0601 47.6596 67.2579 22.6566 61.437 51.831 25.5515 31.1955 36.1179 54.8688 71.4659 57.7772 30.9968 36.7491 39.5601 11.1328 
84.5733 111.285 51.6382 46.057 66.1547 98.9926 63.4856 56.22 85.7071 10.4709 112.944 5.50727 49.5949 11.2539 89.1798 51.2442 38.0349 49.5682 119.464 88.9922 85.3194 36.8208 101.92 82.603 69.77 
56.0865 34.3628 38.5157 36.9677 42.9703 16.5849 65.1019 41.2074 5.02195 76.896 35.7778 82.3476 37.8826 77.1327 56.0664 36.7212 46.9315 46.057 43.3462 79.1471 64.3655 46.7077 25.9093 36.7212 19.9542 
32.8568 24.5748 54.1806 63.4168 86.8208 44.3687 56.9956 49.5864 40.3656 104.067 25.3032 107.702 56.7183 96.545 28.8111 74.9016 68.2265 85.5795 25.2834 54.3399 40.4005 70.3708 24.0776 81.6525 40.2558 
61.2413 30.1823 47.0027 45.5467 46.8402 8.21523 72.4553 49.2995 8.10247 84.9817 31.3614 90.5532 46.4812 85.6983 60.606 43.7221 55.5707 52.3198 38.9071 84.8291 69.77 55.2958 23.2215 37.3001 27.8173 
21.783 37.1248 51.3546 62.5167 91.195 54.4266 47.3114 45.3793 47.7117 101.033 37.976 104 54.4362 91.5222 17.1292 76.8564 65.3809 87.6057 38.1266 41.7153 28.3833 68.0237 35.1135 88.3585 42.0019 
73.1361 61.9112 40.3408 29.8485 16.0153 40.2604 72.6918 46.9392 32.6377 58.0262 63.2776 64.2748 37.4525 64.1078 74.7425 14.7503 39.7775 20.2566 70.8692 93.1074 80.0825 37.4733 53.5415 19.8245 34.1287 
14.5774 39.4782 40.4728 52.0125 82.8002 51.7653 38.0737 34.3535 42.5202 90.0245 40.6893 92.9572 43.6406 80.5208 11.7273 67.306 54.4399 78.0003 42.8005 37.9195 22.9445 57.1512 34.8264 81.6241 33.0442 
58.7882 30.2483 44.3137 43.1677 46.5249 10.3817 69.7093 46.5421 5.42033 82.9778 31.5279 88.4758 43.8526 83.3334 58.2683 42.2243 53.0928 51.1423 39.1189 82.3001 67.28 52.9049 22.6638 38.0033 25.0545 
53.0182 77.2431 16.98 15.1119 52.1422 67.8174 38.0825 22.1822 53.7018 33.4978 78.9074 36.6531 15.1238 26.703 57.1316 31.6526 4.50444 37.718 85.1834 63.5912 55.8099 6.53682 67.9777 63.5693 35.871 
63.9015 49.5186 36.2416 29.4822 28.211 29.0725 67.206 41.4654 20.1467 65.1915 50.9156 71.0697 34.2257 68.2092 64.9367 22.7702 40.1123 31.2605 58.4953 85.2855 71.437 38.8021 41.0466 25.8496 24.4364 
44.4002 13.8062 47.0596 52.0525 67.2408 22.4475 62.4135 45.5544 19.3507 93.9822 15.4693 98.6083 48.3423 90.1417 42.3132 58.5411 59.6632 68.7258 21.9317 68.2939 53.0928 60.8054 5.03587 60.2098 27.8352 
14.368 67.2093 38.1047 51.5007 90.4098 74.659 13.2019 30.491 62.3077 78.8495 68.5414 79.9186 41.7138 64.9537 19.0539 71.0752 48.112 80.5597 71.1512 16.7705 9.92018 51.655 61.2283 94.6482 45.1852 
63.1668 23.8076 53.8697 53.5956 54.7154 1.58114 77.056 55.313 14.123 93.5387 24.713 99.0437 53.7201 93.7506 61.8463 52.4314 63.361 60.9361 31.992 87.0909 71.8579 63.3085 18.9476 43.5726 33.9147 
16.0963 42.7984 29.0496 40.7545 73.3368 49.1955 31.7238 23.0671 37.5755 78.6787 44.2634 81.7267 32.2318 69.6521 16.8861 56.8117 43.0308 67.4072 48.0526 39.3634 24.3742 45.728 35.9707 73.8756 23.8321 
70.5025 44.9138 47.6643 42.0171 32.7844 20.8147 77.2371 52.0402 18.9423 77.176 46.0487 83.1895 46.0369 80.811 70.7221 33.9882 52.638 40.7806 53.5494 93.1427 78.608 51.4191 37.9033 22.6566 32.4201 
85.9996 86.5047 47.1975 33.738 19.1638 66.1447 77.4847 54.9102 57.0561 37.8442 87.9696 44.3384 43.5354 49.7784 88.8519 16.8122 38.3564 6.26498 95.4912 101.703 91.2089 34.8042 77.6364 36.817 51.7537 
