25 25 19
777 335 649 27 763 426 211 429 862 135 22 167 11 373 784 324 413 980 862 281 84 505 313 895 814 
3670 4340 3640 430 7500 870 8080 2760 1780 7880 5840 4030 6510 7540 3990 9320 600 6760 3680 
18 5 1 12 3 0 14 10 2 11 2 10 15 13 4 16 15 17 13 5 17 5 17 10 14 
757.127 1066.25 458.947 431.019 698.264 966.433 534.509 492.968 827.838 193.912 1082.9 163.6 445.04 30.1496 804.692 525.746 335.477 531.433 1144.44 786.043 757.925 333.654 973.943 851.134 653.193 
451.586 859.393 295.758 371.831 765.256 832.001 211.88 275.427 688.059 472.89 875.439 471.377 310.306 314.331 501.327 559.044 278.212 622.357 924.446 463.276 439.906 309.028 775.631 868.559 488.037 
489.155 497.902 192.925 165.484 393.732 371.446 499.608 241.853 232.723 578.358 514.106 628.784 178.362 566.4 507.372 238.296 262.909 345.811 584.566 689.814 557.948 262.017 403.981 422.456 111.647 
297.121 487.409 135.801 243.387 586.083 463.036 324.423 104.676 322.902 635.21 503.83 671.048 162.791 564.809 321.31 409.034 276.523 513.401 559.558 494.2 362.243 299.708 400.031 616.14 127.91 
770.144 476.177 544.868 483.1 333.928 224.288 841.701 589.624 244.477 818.133 485.751 879.682 527.638 864.491 770.561 383.909 589.388 438.694 558.616 998.431 852.099 575.314 415.788 198.177 392.917 
298.766 265.59 374.769 456.724 698.035 348.901 480.416 341.141 260.722 868.655 280.794 908.188 396.334 806.12 282.719 569.727 512.411 676.832 325.738 538.446 385.966 531.06 195.87 664.416 222.308 
608.777 812.572 231.672 160.178 468.646 694.141 462.779 294.457 558.158 269.462 829.13 310.44 204.13 244.73 648.514 271.649 91 313.912 895.29 718.471 639.489 68.6222 718.752 599.31 397.85 
520.704 115.395 517.929 551.421 653.854 161.003 694.592 511.755 179.36 968.219 129.865 1017.67 526.377 942.83 500.036 590.479 635.815 687.405 205.273 759.785 607.697 643.47 44.2832 565.057 317.53 
504.591 460.679 238.732 212.81 387.559 322.876 536.12 281.301 186.196 620.601 476.596 672.579 226.566 614.37 518.31 255.515 311.955 361.179 548.688 714.659 577.772 309.968 367.491 395.601 111.328 
845.733 1112.85 516.382 460.57 661.547 989.926 634.856 562.2 857.071 104.709 1129.44 55.0727 495.949 112.539 891.798 512.442 380.349 495.682 1194.64 889.922 853.194 368.208 1019.2 826.03 697.7 
560.865 343.628 385.157 369.677 429.703 165.849 651.019 412.074 50.2195 768.96 357.778 823.476 378.826 771.327 560.664 367.212 469.315 460.57 433.462 791.471 643.655 467.077 259.093 367.212 199.542 
328.568 245.748 541.806 634.168 868.208 443.687 569.956 495.864 403.656 1040.67 253.032 1077.02 567.183 965.45 288.111 749.016 682.265 855.795 252.834 543.399 404.005 703.708 240.776 816.525 402.558 
612.413 301.823 470.027 455.467 468.402 82.1523 724.553 492.995 81.0247 849.817 313.614 905.532 464.812 856.983 606.06 437.221 555.707 523.198 389.071 848.291 697.7 552.958 232.215 373.001 278.173 
217.83 371.248 513.546 625.167 911.95 544.266 473.114 453.793 477.117 1010.33 379.76 1040 544.362 915.222 171.292 768.564 653.809 876.057 381.266 417.153 283.833 680.237 351.135 883.585 420.019 
731.361 619.112 403.408 298.485 160.153 402.604 726.918 469.392 326.377 580.262 632.776 642.748 374.525 641.078 747.425 147.503 397.775 202.566 708.692 931.074 800.825 374.733 535.415 198.245 341.287 
145.774 394.782 404.728 520.125 828.002 517.653 380.737 343.535 425.202 900.245 406.893 929.572 436.406 805.208 117.273 673.06 544.399 780.003 428.005 379.195 229.445 571.512 348.264 816.241 330.442 
587.882 302.483 443.137 431.677 465.249 103.817 697.093 465.421 54.2033 829.778 315.279 884.758 438.526 833.334 582.683 422.243 530.928 511.423 391.189 823.001 672.8 529.049 226.638 380.033 250.545 
530.182 772.431 169.8 151.119 521.422 678.174 380.825 221.822 537.018 334.978 789.074 366.531 151.238 267.03 571.316 316.526 45.0444 377.18 851.834 635.912 558.099 65.3682 679.777 635.693 358.71 
639.015 495.186 362.416 294.822 282.11 290.725 672.06 414.654 201.467 651.915 509.156 710.697 342.257 682.092 649.367 227.702 401.123 312.605 584.953 852.855 714.37 388.021 410.466 258.496 244.364 
444.002 138.062 470.596 520.525 672.408 224.475 624.135 455.544 193.507 939.822 154.693 986.083 483.423 901.417 423.132 585.411 596.632 687.258 219.317 682.939 530.928 608.054 50.3587 602.098 278.352 
143.68 672.093 381.047 515.007 904.098 746.59 132.019 304.91 623.077 788.495 685.414 799.186 417.138 649.537 190.539 710.752 481.12 805.597 711.512 167.705 99.2018 516.55 612.283 946.482 451.852 
631.668 238.076 538.697 535.956 547.154 15.8114 770.56 553.13 141.23 935.387 247.13 990.437 537.201 937.506 618.463 524.314 633.61 609.361 319.92 870.909 718.579 633.085 189.476 435.726 339.147 
160.963 427.984 290.496 407.545 733.368 491.955 317.238 230.671 375.755 786.787 442.634 817.267 322.318 696.521 168.861 568.117 430.308 674.072 480.526 393.634 243.742 457.28 359.707 738.756 238.321 
705.025 449.138 476.643 420.171 327.844 208.147 772.371 520.402 189.423 771.76 460.487 831.895 460.369 808.11 707.221 339.882 526.38 407.806 535.494 931.427 786.08 514.191 379.033 226.566 324.201 
859.996 865.047 471.975 337.38 191.638 661.447 774.847 549.102 570.561 378.442 879.696 443.384 435.354 497.784 888.519 168.122 383.564 62.6498 954.912 1017.03 912.089 348.042 776.364 368.17 517.537 
