30 30 10
777 335 649 27 763 426 211 429 862 135 22 167 11 373 784 324 413 980 862 281 84 505 313 895 814 364 87 178 403 399 
9.32 0.6 6.76 3.68 7.39 0.12 2.26 5.86 0.94 5.39 
5 8 7 2 1 1 4 9 7 5 7 3 6 4 2 9 8 9 8 1 9 8 3 4 7 1 9 1 5 1 
48.9155 49.7902 19.2925 16.5484 39.3732 37.1446 49.9608 24.1853 23.2723 57.8358 51.4106 62.8784 17.8362 56.64 50.7372 23.8296 26.2909 34.5811 58.4566 68.9814 55.7948 26.2017 40.3981 42.2456 11.1647 20.3 61.4479 28.5671 26.462 33.0092 
29.7121 48.7409 13.5801 24.3387 58.6083 46.3036 32.4423 10.4676 32.2902 63.521 50.383 67.1048 16.2791 56.4809 32.131 40.9034 27.6523 51.3401 55.9558 49.42 36.2243 29.9708 40.0031 61.614 12.791 19.4651 44.9419 47.1069 32.145 23.9301 
77.0144 47.6177 54.4868 48.31 33.3928 22.4288 84.1701 58.9624 24.4477 81.8133 48.5751 87.9682 52.7638 86.4491 77.0561 38.3909 58.9388 43.8694 55.8616 99.8431 85.2099 57.5314 41.5788 19.8177 39.2917 54.7644 96.1962 10.2552 29.0319 50.3954 
29.8766 26.559 37.4769 45.6724 69.8035 34.8901 48.0416 34.1141 26.0722 86.8655 28.0794 90.8188 39.6334 80.612 28.2719 56.9727 51.2411 67.6832 32.5738 53.8446 38.5966 53.106 19.587 66.4416 22.2308 43.001 60.903 50.4714 21.9272 0.223607 
60.8777 81.2572 23.1672 16.0178 46.8646 69.4141 46.2779 29.4457 55.8158 26.9462 82.913 31.044 20.413 24.473 64.8514 27.1649 9.1 31.3912 89.529 71.8471 63.9489 6.86222 71.8752 59.931 39.785 17.1677 52.1023 52.8095 58.8955 59.7214 
52.0704 11.5395 51.7929 55.1421 65.3854 16.1003 69.4592 51.1755 17.936 96.8219 12.9865 101.767 52.6377 94.283 50.0036 59.0479 63.5815 68.7405 20.5273 75.9785 60.7697 64.347 4.42832 56.5057 31.753 55.949 82.426 41.6915 13.0208 22.3654 
50.4591 46.0679 23.8732 21.281 38.7559 32.2876 53.612 28.1301 18.6196 62.0601 47.6596 67.2579 22.6566 61.437 51.831 25.5515 31.1955 36.1179 54.8688 71.4659 57.7772 30.9968 36.7491 39.5601 11.1328 25.2071 65.4122 25.0234 22.2029 31.5626 
84.5733 111.285 51.6382 46.057 66.1547 98.9926 63.4856 56.22 85.7071 10.4709 112.944 5.50727 49.5949 11.2539 89.1798 51.2442 38.0349 49.5682 119.464 88.9922 85.3194 36.8208 101.92 82.603 69.77 46.1936 63.3114 79.3102 88.9459 88.8915 
56.0865 34.3628 38.5157 36.9677 42.9703 16.5849 65.1019 41.2074 5.02195 76.896 35.7778 82.3476 37.8826 77.1327 56.0664 36.7212 46.9315 46.057 43.3462 79.1471 64.3655 46.7077 25.9093 36.7212 19.9542 40.6725 77.6109 20.8312 10.4393 29.821 
32.8568 24.5748 54.1806 63.4168 86.8208 44.3687 56.9956 49.5864 40.3656 104.067 25.3032 107.702 56.7183 96.545 28.8111 74.9016 68.2265 85.5795 25.2834 54.3399 40.4005 70.3708 24.0776 81.6525 40.2558 60.0011 68.9119 65.8485 35.198 18.2464 
61.2413 30.1823 47.0027 45.5467 46.8402 8.21523 72.4553 49.2995 8.10247 84.9817 31.3614 90.5532 46.4812 85.6983 60.606 43.7221 55.5707 52.3198 38.9071 84.8291 69.77 55.2958 23.2215 37.3001 27.8173 49.3042 85.1456 22.6153 11.0422 32.8746 
21.783 37.1248 51.3546 62.5167 91.195 54.4266 47.3114 45.3793 47.7117 101.033 37.976 104 54.4362 91.5222 17.1292 76.8564 65.3809 87.6057 38.1266 41.7153 28.3833 68.0237 35.1135 88.3585 42.0019 57.4388 58.4015 72.3882 43.1237 22.0785 
73.1361 61.9112 40.3408 29.8485 16.0153 40.2604 72.6918 46.9392 32.6377 58.0262 63.2776 64.2748 37.4525 64.1078 74.7425 14.7503 39.7775 20.2566 70.8692 93.1074 80.0825 37.4733 53.5415 19.8245 34.1287 38.2205 83.1601 13.7383 37.9803 53.5956 
14.5774 39.4782 40.4728 52.0125 82.8002 51.7653 38.0737 34.3535 42.5202 90.0245 40.6893 92.9572 43.6406 80.5208 11.7273 67.306 54.4399 78.0003 42.8005 37.9195 22.9445 57.1512 34.8264 81.6241 33.0442 46.5715 49.9866 65.759 38.7258 16.9759 
58.7882 30.2483 44.3137 43.1677 46.5249 10.3817 69.7093 46.5421 5.42033 82.9778 31.5279 88.4758 43.8526 83.3334 58.2683 42.2243 53.0928 51.1423 39.1189 82.3001 67.28 52.9049 22.6638 38.0033 25.0545 46.7124 82.3896 22.7969 9.07855 30.7709 
53.0182 77.2431 16.98 15.1119 52.1422 67.8174 38.0825 22.1822 53.7018 33.4978 78.9074 36.6531 15.1238 26.703 57.1316 31.6526 4.50444 37.718 85.1834 63.5912 55.8099 6.53682 67.9777 63.5693 35.871 11.7324 44.4357 54.5809 56.1231 54.2362 
63.9015 49.5186 36.2416 29.4822 28.211 29.0725 67.206 41.4654 20.1467 65.1915 50.9156 71.0697 34.2257 68.2092 64.9367 22.7702 40.1123 31.2605 58.4953 85.2855 71.437 38.8021 41.0466 25.8496 24.4364 36.0472 78.72 11.2894 25.4686 41.8918 
44.4002 13.8062 47.0596 52.0525 67.2408 22.4475 62.4135 45.5544 19.3507 93.9822 15.4693 98.6083 48.3423 90.1417 42.3132 58.5411 59.6632 68.7258 21.9317 68.2939 53.0928 60.8054 5.03587 60.2098 27.8352 51.7264 75.3484 44.7161 13.923 14.8277 
14.368 67.2093 38.1047 51.5007 90.4098 74.659 13.2019 30.491 62.3077 78.8495 68.5414 79.9186 41.7138 64.9537 19.0539 71.0752 48.112 80.5597 71.1512 16.7705 9.92018 51.655 61.2283 94.6482 45.1852 42.9684 22.3652 80.1167 60.2904 41.6293 
63.1668 23.8076 53.8697 53.5956 54.7154 1.58114 77.056 55.313 14.123 93.5387 24.713 99.0437 53.7201 93.7506 61.8463 52.4314 63.361 60.9361 31.992 87.0909 71.8579 63.3085 18.9476 43.5726 33.9147 56.706 89.9394 30.1015 13.6125 33.5412 
16.0963 42.7984 29.0496 40.7545 73.3368 49.1955 31.7238 23.0671 37.5755 78.6787 44.2634 81.7267 32.2318 69.6521 16.8861 56.8117 43.0308 67.4072 48.0526 39.3634 24.3742 45.728 35.9707 73.8756 23.8321 35.1484 44.522 58.3561 34.9857 16.3306 
70.5025 44.9138 47.6643 42.0171 32.7844 20.8147 77.2371 52.0402 18.9423 77.176 46.0487 83.1895 46.0369 80.811 70.7221 33.9882 52.638 40.7806 53.5494 93.1427 78.608 51.4191 37.9033 22.6566 32.4201 48.1386 89.2639 8.10247 23.9927 44.6448 
85.9996 86.5047 47.1975 33.738 19.1638 66.1447 77.4847 54.9102 57.0561 37.8442 87.9696 44.3384 43.5354 49.7784 88.8519 16.8122 38.3564 6.26498 95.4912 101.703 91.2089 34.8042 77.6364 36.817 51.7537 42.1532 84.9415 39.1699 62.0841 73.5664 
26.0509 80.0201 49.6717 62.6828 102.537 88.4918 18.4358 42.4199 76.1853 84.7001 81.2754 84.7574 53.1154 68.9891 29.7042 82.6574 57.6556 91.5933 83.301 9.40213 18.1334 61.2612 74.5325 107.768 58.8154 53.8005 18.2913 93.5361 74.1482 55.0753 
49.4144 7.73369 53.2824 57.8261 70.3855 21.473 68.4036 51.8768 22.5488 99.7128 9.38616 104.455 54.4737 96.27 46.9256 63.1495 65.7123 73.0756 16.4012 73.1167 58.028 66.745 1.72047 61.9001 33.8053 57.8448 81.303 46.946 17.2931 20.5295 
54.3854 81.0264 20.3494 19.4023 55.4982 72.0573 37.5055 24.6343 57.9008 31.5626 82.6906 34.0847 18.9307 22.9611 58.6986 35.2121 8.81419 40.5558 88.8541 63.3569 56.5406 10.412 71.8093 67.4523 39.8026 15.608 42.671 58.7777 60.2231 57.541 
71.5489 36.161 55.3263 51.9736 44.6817 10.8462 82.226 58.3823 18.2538 89.1176 37.0066 95.0081 54.353 91.6758 70.8798 46.2555 62.4087 53.3274 44.1453 95.1237 80.0756 61.652 31.0337 31.797 37.1598 56.9004 94.7931 20.1792 21.2151 43.001 
66.0212 74.0074 26.8881 13.4952 30.4253 58.0056 57.2965 34.5951 45.8507 35.287 75.6003 41.1001 23.2207 39.5001 69.1185 10.4403 18.7211 16.3371 82.788 81.3089 70.9389 15.4156 64.6747 43.2685 34.8589 21.7568 65.4003 37.4092 49.9937 56.7866 
41.2698 59.9854 2.76586 11.2872 50.2309 52.318 35.195 10.0846 37.9158 49.6291 61.6497 53.4627 2.28035 43.9602 44.522 30.5084 13.8852 40.1061 67.8677 57.3283 46.2391 15.9512 50.7687 57.0088 18.8854 5.65685 45.6806 44.7219 39.6561 37.1397 
68.3159 40.2061 48.1864 43.8244 37.5659 16.0153 76.6079 51.9311 15.4923 80.4866 41.3146 86.3873 46.8984 83.2714 68.2309 37.663 54.3575 45.0156 48.7943 91.3534 76.5969 53.4268 33.4215 27.1002 31.4127 49.2546 88.896 12.9077 20.1547 41.4403 
