30 30 10
777 335 649 27 763 426 211 429 862 135 22 167 11 373 784 324 413 980 862 281 84 505 313 895 814 364 87 178 403 399 
9.32 0.6 6.76 3.68 7.39 0.12 2.26 5.86 0.94 5.39 
5 8 7 2 1 1 4 9 7 5 7 3 6 4 2 9 8 9 8 1 9 8 3 4 7 1 9 1 5 1 
489155 497902 192925 165484 393732 371446 499608 241853 232723 578358 514106 628784 178362 566400 507372 238296 262909 345811 584566 689814 557948 262017 403981 422456 111647 203000 614479 285671 264620 330092 
297121 487409 135801 243387 586083 463036 324423 104676 322902 635210 503830 671048 162791 564809 321310 409034 276523 513401 559558 494200 362243 299708 400031 616140 127910 194651 449419 471069 321450 239301 
770144 476177 544868 483100 333928 224288 841701 589624 244477 818133 485751 879682 527638 864491 770561 383909 589388 438694 558616 998431 852099 575314 415788 198177 392917 547644 961962 102552 290319 503954 
298766 265590 374769 456724 698035 348901 480416 341141 260722 868655 280794 908188 396334 806120 282719 569727 512411 676832 325738 538446 385966 531060 195870 664416 222308 430010 609030 504714 219272 2236.07 
608777 812572 231672 160178 468646 694141 462779 294457 558158 269462 829130 310440 204130 244730 648514 271649 91000 313912 895290 718471 639489 68622.2 718752 599310 397850 171677 521023 528095 588955 597214 
520704 115395 517929 551421 653854 161003 694592 511755 179360 968219 129865 1.01767e+06 526377 942830 500036 590479 635815 687405 205273 759785 607697 643470 44283.2 565057 317530 559490 824260 416915 130208 223654 
504591 460679 238732 212810 387559 322876 536120 281301 186196 620601 476596 672579 226566 614370 518310 255515 311955 361179 548688 714659 577772 309968 367491 395601 111328 252071 654122 250234 222029 315626 
845733 1.11285e+06 516382 460570 661547 989926 634856 562200 857071 104709 1.12944e+06 55072.7 495949 112539 891798 512442 380349 495682 1.19464e+06 889922 853194 368208 1.0192e+06 826030 697700 461936 633114 793102 889459 888915 
560865 343628 385157 369677 429703 165849 651019 412074 50219.5 768960 357778 823476 378826 771327 560664 367212 469315 460570 433462 791471 643655 467077 259093 367212 199542 406725 776109 208312 104393 298210 
328568 245748 541806 634168 868208 443687 569956 495864 403656 1.04067e+06 253032 1.07702e+06 567183 965450 288111 749016 682265 855795 252834 543399 404005 703708 240776 816525 402558 600011 689119 658485 351980 182464 
612413 301823 470027 455467 468402 82152.3 724553 492995 81024.7 849817 313614 905532 464812 856983 606060 437221 555707 523198 389071 848291 697700 552958 232215 373001 278173 493042 851456 226153 110422 328746 
217830 371248 513546 625167 911950 544266 473114 453793 477117 1.01033e+06 379760 1.04e+06 544362 915222 171292 768564 653809 876057 381266 417153 283833 680237 351135 883585 420019 574388 584015 723882 431237 220785 
731361 619112 403408 298485 160153 402604 726918 469392 326377 580262 632776 642748 374525 641078 747425 147503 397775 202566 708692 931074 800825 374733 535415 198245 341287 382205 831601 137383 379803 535956 
145774 394782 404728 520125 828002 517653 380737 343535 425202 900245 406893 929572 436406 805208 117273 673060 544399 780003 428005 379195 229445 571512 348264 816241 330442 465715 499866 657590 387258 169759 
587882 302483 443137 431677 465249 103817 697093 465421 54203.3 829778 315279 884758 438526 833334 582683 422243 530928 511423 391189 823001 672800 529049 226638 380033 250545 467124 823896 227969 90785.5 307709 
530182 772431 169800 151119 521422 678174 380825 221822 537018 334978 789074 366531 151238 267030 571316 316526 45044.4 377180 851834 635912 558099 65368.2 679777 635693 358710 117324 444357 545809 561231 542362 
639015 495186 362416 294822 282110 290725 672060 414654 201467 651915 509156 710697 342257 682092 649367 227702 401123 312605 584953 852855 714370 388021 410466 258496 244364 360472 787200 112894 254686 418918 
444002 138062 470596 520525 672408 224475 624135 455544 193507 939822 154693 986083 483423 901417 423132 585411 596632 687258 219317 682939 530928 608054 50358.7 602098 278352 517264 753484 447161 139230 148277 
143680 672093 381047 515007 904098 746590 132019 304910 623077 788495 685414 799186 417138 649537 190539 710752 481120 805597 711512 167705 99201.8 516550 612283 946482 451852 429684 223652 801167 602904 416293 
631668 238076 538697 535956 547154 15811.4 770560 553130 141230 935387 247130 990437 537201 937506 618463 524314 633610 609361 319920 870909 718579 633085 189476 435726 339147 567060 899394 301015 136125 335412 
160963 427984 290496 407545 733368 491955 317238 230671 375755 786787 442634 817267 322318 696521 168861 568117 430308 674072 480526 393634 243742 457280 359707 738756 238321 351484 445220 583561 349857 163306 
705025 449138 476643 420171 327844 208147 772371 520402 189423 771760 460487 831895 460369 808110 707221 339882 526380 407806 535494 931427 786080 514191 379033 226566 324201 481386 892639 81024.7 239927 446448 
859996 865047 471975 337380 191638 661447 774847 549102 570561 378442 879696 443384 435354 497784 888519 168122 383564 62649.8 954912 1.01703e+06 912089 348042 776364 368170 517537 421532 849415 391699 620841 735664 
260509 800201 496717 626828 1.02537e+06 884918 184358 424199 761853 847001 812754 847574 531154 689891 297042 826574 576556 915933 833010 94021.3 181334 612612 745325 1.07768e+06 588154 538005 182913 935361 741482 550753 
494144 77336.9 532824 578261 703855 214730 684036 518768 225488 997128 93861.6 1.04455e+06 544737 962700 469256 631495 657123 730756 164012 731167 580280 667450 17204.7 619001 338053 578448 813030 469460 172931 205295 
543854 810264 203494 194023 554982 720573 375055 246343 579008 315626 826906 340847 189307 229611 586986 352121 88141.9 405558 888541 633569 565406 104120 718093 674523 398026 156080 426710 587777 602231 575410 
715489 361610 553263 519736 446817 108462 822260 583823 182538 891176 370066 950081 543530 916758 708798 462555 624087 533274 441453 951237 800756 616520 310337 317970 371598 569004 947931 201792 212151 430010 
660212 740074 268881 134952 304253 580056 572965 345951 458507 352870 756003 411001 232207 395001 691185 104403 187211 163371 827880 813089 709389 154156 646747 432685 348589 217568 654003 374092 499937 567866 
412698 599854 27658.6 112872 502309 523180 351950 100846 379158 496291 616497 534627 22803.5 439602 445220 305084 138852 401061 678677 573283 462391 159512 507687 570088 188854 56568.5 456806 447219 396561 371397 
683159 402061 481864 438244 375659 160153 766079 519311 154923 804866 413146 863873 468984 832714 682309 376630 543575 450156 487943 913534 765969 534268 334215 271002 314127 492546 888960 129077 201547 414403 
