30 30 10
777 335 649 27 763 426 211 429 862 135 22 167 11 373 784 324 413 980 862 281 84 505 313 895 814 364 87 178 403 399 
93.2 6 67.6 36.8 73.9 1.2 22.6 58.6 9.4 53.9 
5 8 7 2 1 1 4 9 7 5 7 3 6 4 2 9 8 9 8 1 9 8 3 4 7 1 9 1 5 1 
48915.5 49790.2 19292.5 16548.4 39373.2 37144.6 49960.8 24185.3 23272.3 57835.8 51410.6 62878.4 17836.2 56640 50737.2 23829.6 26290.9 34581.1 58456.6 68981.4 55794.8 26201.7 40398.1 42245.6 11164.7 20300 61447.9 28567.1 26462 33009.2 
29712.1 48740.9 13580.1 24338.7 58608.3 46303.6 32442.3 10467.6 32290.2 63521 50383 67104.8 16279.1 56480.9 32131 40903.4 27652.3 51340.1 55955.8 49420 36224.3 29970.8 40003.1 61614 12791 19465.1 44941.9 47106.9 32145 23930.1 
77014.4 47617.7 54486.8 48310 33392.8 22428.8 84170.1 58962.4 24447.7 81813.3 48575.1 87968.2 52763.8 86449.1 77056.1 38390.9 58938.8 43869.4 55861.6 99843.1 85209.9 57531.4 41578.8 19817.7 39291.7 54764.4 96196.2 10255.2 29031.9 50395.4 
29876.6 26559 37476.9 45672.4 69803.5 34890.1 48041.6 34114.1 26072.2 86865.5 28079.4 90818.8 39633.4 80612 28271.9 56972.7 51241.1 67683.2 32573.8 53844.6 38596.6 53106 19587 66441.6 22230.8 43001 60903 50471.4 21927.2 223.607 
60877.7 81257.2 23167.2 16017.8 46864.6 69414.1 46277.9 29445.7 55815.8 26946.2 82913 31044 20413 24473 64851.4 27164.9 9100 31391.2 89529 71847.1 63948.9 6862.22 71875.2 59931 39785 17167.7 52102.3 52809.5 58895.5 59721.4 
52070.4 11539.5 51792.9 55142.1 65385.4 16100.3 69459.2 51175.5 17936 96821.9 12986.5 101767 52637.7 94283 50003.6 59047.9 63581.5 68740.5 20527.3 75978.5 60769.7 64347 4428.32 56505.7 31753 55949 82426 41691.5 13020.8 22365.4 
50459.1 46067.9 23873.2 21281 38755.9 32287.6 53612 28130.1 18619.6 62060.1 47659.6 67257.9 22656.6 61437 51831 25551.5 31195.5 36117.9 54868.8 71465.9 57777.2 30996.8 36749.1 39560.1 11132.8 25207.1 65412.2 25023.4 22202.9 31562.6 
84573.3 111285 51638.2 46057 66154.7 98992.6 63485.6 56220 85707.1 10470.9 112944 5507.27 49594.9 11253.9 89179.8 51244.2 38034.9 49568.2 119464 88992.2 85319.4 36820.8 101920 82603 69770 46193.6 63311.4 79310.2 88945.9 88891.5 
56086.5 34362.8 38515.7 36967.7 42970.3 16584.9 65101.9 41207.4 5021.95 76896 35777.8 82347.6 37882.6 77132.7 56066.4 36721.2 46931.5 46057 43346.2 79147.1 64365.5 46707.7 25909.3 36721.2 19954.2 40672.5 77610.9 20831.2 10439.3 29821 
32856.8 24574.8 54180.6 63416.8 86820.8 44368.7 56995.6 49586.4 40365.6 104067 25303.2 107702 56718.3 96545 28811.1 74901.6 68226.5 85579.5 25283.4 54339.9 40400.5 70370.8 24077.6 81652.5 40255.8 60001.1 68911.9 65848.5 35198 18246.4 
61241.3 30182.3 47002.7 45546.7 46840.2 8215.23 72455.3 49299.5 8102.47 84981.7 31361.4 90553.2 46481.2 85698.3 60606 43722.1 55570.7 52319.8 38907.1 84829.1 69770 55295.8 23221.5 37300.1 27817.3 49304.2 85145.6 22615.3 11042.2 32874.6 
21783 37124.8 51354.6 62516.7 91195 54426.6 47311.4 45379.3 47711.7 101033 37976 104000 54436.2 91522.2 17129.2 76856.4 65380.9 87605.7 38126.6 41715.3 28383.3 68023.7 35113.5 88358.5 42001.9 57438.8 58401.5 72388.2 43123.7 22078.5 
73136.1 61911.2 40340.8 29848.5 16015.3 40260.4 72691.8 46939.2 32637.7 58026.2 63277.6 64274.8 37452.5 64107.8 74742.5 14750.3 39777.5 20256.6 70869.2 93107.4 80082.5 37473.3 53541.5 19824.5 34128.7 38220.5 83160.1 13738.3 37980.3 53595.6 
14577.4 39478.2 40472.8 52012.5 82800.2 51765.3 38073.7 34353.5 42520.2 90024.5 40689.3 92957.2 43640.6 80520.8 11727.3 67306 54439.9 78000.3 42800.5 37919.5 22944.5 57151.2 34826.4 81624.1 33044.2 46571.5 49986.6 65759 38725.8 16975.9 
58788.2 30248.3 44313.7 43167.7 46524.9 10381.7 69709.3 46542.1 5420.33 82977.8 31527.9 88475.8 43852.6 83333.4 58268.3 42224.3 53092.8 51142.3 39118.9 82300.1 67280 52904.9 22663.8 38003.3 25054.5 46712.4 82389.6 22796.9 9078.55 30770.9 
53018.2 77243.1 16980 15111.9 52142.2 67817.4 38082.5 22182.2 53701.8 33497.8 78907.4 36653.1 15123.8 26703 57131.6 31652.6 4504.44 37718 85183.4 63591.2 55809.9 6536.82 67977.7 63569.3 35871 11732.4 44435.7 54580.9 56123.1 54236.2 
63901.5 49518.6 36241.6 29482.2 28211 29072.5 67206 41465.4 20146.7 65191.5 50915.6 71069.7 34225.7 68209.2 64936.7 22770.2 40112.3 31260.5 58495.3 85285.5 71437 38802.1 41046.6 25849.6 24436.4 36047.2 78720 11289.4 25468.6 41891.8 
44400.2 13806.2 47059.6 52052.5 67240.8 22447.5 62413.5 45554.4 19350.7 93982.2 15469.3 98608.3 48342.3 90141.7 42313.2 58541.1 59663.2 68725.8 21931.7 68293.9 53092.8 60805.4 5035.87 60209.8 27835.2 51726.4 75348.4 44716.1 13923 14827.7 
14368 67209.3 38104.7 51500.7 90409.8 74659 13201.9 30491 62307.7 78849.5 68541.4 79918.6 41713.8 64953.7 19053.9 71075.2 48112 80559.7 71151.2 16770.5 9920.18 51655 61228.3 94648.2 45185.2 42968.4 22365.2 80116.7 60290.4 41629.3 
63166.8 23807.6 53869.7 53595.6 54715.4 1581.14 77056 55313 14123 93538.7 24713 99043.7 53720.1 93750.6 61846.3 52431.4 63361 60936.1 31992 87090.9 71857.9 63308.5 18947.6 43572.6 33914.7 56706 89939.4 30101.5 13612.5 33541.2 
16096.3 42798.4 29049.6 40754.5 73336.8 49195.5 31723.8 23067.1 37575.5 78678.7 44263.4 81726.7 32231.8 69652.1 16886.1 56811.7 43030.8 67407.2 48052.6 39363.4 24374.2 45728 35970.7 73875.6 23832.1 35148.4 44522 58356.1 34985.7 16330.6 
70502.5 44913.8 47664.3 42017.1 32784.4 20814.7 77237.1 52040.2 18942.3 77176 46048.7 83189.5 46036.9 80811 70722.1 33988.2 52638 40780.6 53549.4 93142.7 78608 51419.1 37903.3 22656.6 32420.1 48138.6 89263.9 8102.47 23992.7 44644.8 
85999.6 86504.7 47197.5 33738 19163.8 66144.7 77484.7 54910.2 57056.1 37844.2 87969.6 44338.4 43535.4 49778.4 88851.9 16812.2 38356.4 6264.98 95491.2 101703 91208.9 34804.2 77636.4 36817 51753.7 42153.2 84941.5 39169.9 62084.1 73566.4 
26050.9 80020.1 49671.7 62682.8 102537 88491.8 18435.8 42419.9 76185.3 84700.1 81275.4 84757.4 53115.4 68989.1 29704.2 82657.4 57655.6 91593.3 83301 9402.13 18133.4 61261.2 74532.5 107768 58815.4 53800.5 18291.3 93536.1 74148.2 55075.3 
49414.4 7733.69 53282.4 57826.1 70385.5 21473 68403.6 51876.8 22548.8 99712.8 9386.16 104455 54473.7 96270 46925.6 63149.5 65712.3 73075.6 16401.2 73116.7 58028 66745 1720.47 61900.1 33805.3 57844.8 81303 46946 17293.1 20529.5 
54385.4 81026.4 20349.4 19402.3 55498.2 72057.3 37505.5 24634.3 57900.8 31562.6 82690.6 34084.7 18930.7 22961.1 58698.6 35212.1 8814.19 40555.8 88854.1 63356.9 56540.6 10412 71809.3 67452.3 39802.6 15608 42671 58777.7 60223.1 57541 
71548.9 36161 55326.3 51973.6 44681.7 10846.2 82226 58382.3 18253.8 89117.6 37006.6 95008.1 54353 91675.8 70879.8 46255.5 62408.7 53327.4 44145.3 95123.7 80075.6 61652 31033.7 31797 37159.8 56900.4 94793.1 20179.2 21215.1 43001 
66021.2 74007.4 26888.1 13495.2 30425.3 58005.6 57296.5 34595.1 45850.7 35287 75600.3 41100.1 23220.7 39500.1 69118.5 10440.3 18721.1 16337.1 82788 81308.9 70938.9 15415.6 64674.7 43268.5 34858.9 21756.8 65400.3 37409.2 49993.7 56786.6 
41269.8 59985.4 2765.86 11287.2 50230.9 52318 35195 10084.6 37915.8 49629.1 61649.7 53462.7 2280.35 43960.2 44522 30508.4 13885.2 40106.1 67867.7 57328.3 46239.1 15951.2 50768.7 57008.8 18885.4 5656.85 45680.6 44721.9 39656.1 37139.7 
68315.9 40206.1 48186.4 43824.4 37565.9 16015.3 76607.9 51931.1 15492.3 80486.6 41314.6 86387.3 46898.4 83271.4 68230.9 37663 54357.5 45015.6 48794.3 91353.4 76596.9 53426.8 33421.5 27100.2 31412.7 49254.6 88896 12907.7 20154.7 41440.3 
