35 35 21
777 335 649 27 763 426 211 429 862 135 22 167 11 373 784 324 413 980 862 281 84 505 313 895 814 364 87 178 403 399 676 12 94 570 467 
601 97 902 317 492 652 756 301 280 286 441 865 689 444 619 440 729 31 117 97 771 
3 19 5 14 11 3 3 3 10 11 20 14 2 17 5 10 0 1 16 13 12 16 15 5 18 13 20 16 0 12 14 8 10 6 8 
341.457 254.275 361.4 430.029 650.173 302.592 503.724 338.25 208.543 846.681 270.49 888.982 378.857 794.411 329.569 529.306 494.491 635.708 325.357 580.856 428.434 510.13 172.166 612.657 188.534 412.903 633.329 452.966 168.505 51 698.033 308.462 465.543 160.91 409.441 
186.43 353.657 406.518 515.123 806.435 478.265 412.826 350.887 390.514 905.349 366.005 937.257 436.206 817.774 159.013 658.684 547.449 766.098 389.371 420.962 270.934 572.713 306.545 787.353 311.362 466.995 534.614 628.077 350.464 132.136 875.695 230.846 434.949 67.1193 496.158 
301.496 598.91 99.6243 234.094 625.538 574.843 235.077 24.2074 432.64 567.68 615.168 595.243 136.015 473.466 339.872 429.418 219.317 524.361 667.816 448.987 342.381 251.348 513.321 683.71 232.641 152.643 350.708 550.568 435.005 342.094 782.251 153.734 127 279.78 223.215 
217.113 618.855 207.077 340.978 732.688 636.277 144.101 131.529 499.985 642.608 634.263 662.193 243.101 525.178 262.528 537.202 313.129 631.557 677.2 341.27 242.002 347.635 541.956 784.909 308.577 256.363 271.4 646.261 492.062 352.23 883.179 83.5464 125.734 258.521 330.77 
431.561 393.581 240.707 262.231 473.621 302.238 497.562 258.954 158.013 680.825 410.001 728.723 241.961 654.313 440.556 341.276 347.052 447.854 478.8 652.028 509.284 353.657 299.475 466.374 45.31 273.651 621.969 312.026 173.297 227.607 560.257 331.748 402.204 280.203 242.074 
353.624 186.507 482.996 561.079 771.145 348.076 567.67 448.486 303.152 975.461 198.842 1015.81 504.034 914.385 323.761 660.444 620.137 766.211 228.281 586.287 437.659 638.024 151.644 715.996 321.179 537.82 693.514 558.198 251.319 110.39 794.582 374.961 561.324 195.972 540.56 
715.508 1037.47 428.921 412.393 703.393 946.335 490.474 458.268 806.083 228.09 1054.1 204.749 417.698 47.0106 763.417 522.98 312.436 537.671 1114.26 741.537 714.717 314.992 945.838 850.623 626.573 384.708 480.6 789.023 830.637 796.04 936.84 584.604 377.763 738.935 428.823 
367.241 221.208 391.68 454.948 656.247 279.551 536.411 370.815 199.251 873 237.508 916.415 407.806 824.471 352.115 544.546 522.947 650 294.054 606.964 454.433 537.403 138.708 609.493 211.603 441.862 665.92 450.245 153.496 69.0652 692.243 340.846 498.964 186.979 434.333 
250.711 766.006 385.467 512.191 914.248 818.086 64.2573 316.863 686.619 729.464 780.023 732.673 418.493 577.008 298.518 712.845 457.2 799.471 810.665 201.099 202.428 493.238 700.213 976.139 500.49 422.573 115.551 839.453 673.25 503.754 1074.61 226.296 223.672 390.001 505.914 
682.72 623.308 338.87 229.124 199.449 426.484 663.323 407.657 328.818 526.031 637.942 587.006 308.457 576.222 702.2 93.6483 327.771 179.388 713.182 874.474 748.578 304.897 535.014 267.884 302.152 314.201 765.278 192.512 379.237 510.069 364.446 553.657 519.562 555.645 227.035 
76.4788 481.331 433.896 559.804 894.519 608.922 334.763 363.6 512.291 914.822 492.59 938.271 468.603 803.831 30.0666 728.097 567.536 833.382 507.276 290.837 146.055 597.997 439.191 894.452 398.167 494.191 442.386 737.207 476.59 260.555 986.246 200.032 403.547 153.688 543.266 
398.02 616.702 8.06226 132.816 529.87 549.466 323.037 79.7621 405.183 492.724 633.321 527.828 34.9285 425.029 433.042 330.248 134.239 423.341 693.653 549.313 443.221 160.649 525.519 600.816 210.851 55.3173 426.075 478.524 420.115 380.447 699.28 251.241 181.695 346.192 122.984 
161.4 688.675 383.099 516.42 908.277 760.135 119 307.695 635.324 781.09 702.084 790.496 418.868 639.641 208.166 713.393 478.968 807.034 728.703 165.496 113.952 514.612 628.067 953.798 461.446 430.081 206.17 809.707 616.157 431.854 1051.46 173.217 255.008 314.384 506.759 
430.228 779.187 193.166 266.511 664.447 734.091 236.932 187.387 589.764 438.622 795.55 451.648 204.783 310.229 477.017 457.755 178.281 527.418 849.293 496.533 439.51 211.783 691.99 763.067 391.594 186.097 291.548 654.523 600.9 523.717 860.07 296.22 92.1141 454.688 270.12 
851.942 685.829 527.549 417.484 98.4937 446.43 851.474 594.193 406.399 643.529 697.789 708.139 497.86 729.595 865.837 238.757 511.974 240.277 773.217 1055.09 923.191 485.709 610.532 93 458.656 503.695 954.839 158.24 460.626 640.054 179.778 731.465 709.146 707.719 416.432 
604.745 95.6713 702.636 751.26 850.54 321.834 823.787 683.141 385.099 1170.05 79.2465 1217.54 716.126 1134.09 569.495 797.16 829.325 893.166 35.3553 828.908 685.482 840.238 189.763 743.454 510.633 749.989 949.933 606.993 337.024 351.141 797.898 629.96 807.478 452.134 730.953 
667.791 707.2 285.044 152.069 260.432 535.905 600.701 361.565 420.107 401.278 722.82 460.926 249.088 449.004 695.531 54.3783 226.771 140.431 795.953 833.308 722.357 196.919 614.841 380.217 330.764 241.299 688.646 320.765 464.39 550.753 471.561 526.567 446.213 570.025 161.4 
478.619 153.574 648.741 722.025 893.135 401.628 715.52 614.2 413.237 1138.8 151.182 1180.38 668.996 1080.43 438.33 805.188 785.043 908.248 115.663 691.608 554.109 801.888 207.408 812.002 479.176 702.9 836.93 661.968 359.089 276.384 879.036 529.046 723.318 349.687 701.419 
479.401 509.148 173.925 150.083 402.747 388.888 482.744 224.475 249.018 565.76 525.461 615.202 159.138 549.859 499.223 239.41 245.326 346.902 595.081 676.492 546.498 245.717 415.077 437.727 112.361 184.024 596.685 303.266 278.887 332.399 535.994 353.119 357.528 358.201 131.034 
491.024 747.393 139.807 152.778 541.599 664.447 344.746 185.065 521.707 372.43 764.029 401.663 127.769 293.212 532.41 335.149 54.4885 403.555 825.177 598.286 518.868 88.0057 655.534 647.158 336.59 95.8801 414.093 548.862 542.677 511.649 743.006 344.78 185.586 469.297 161.623 
263.492 796.656 451.864 579.669 980.899 865.534 132.231 381.694 737.906 791.003 809.938 791.511 485.374 633.942 306.139 780.164 525.148 867.36 835.135 146.441 195.819 561.177 736.387 1039.45 557.216 490.196 133.222 900.385 721.086 540.107 1137.77 274.171 291.563 422.721 573.035 
739.268 1046.01 438.719 411.447 684.547 946.794 519.086 473.097 807.996 194.258 1062.65 170.485 424.802 15.2643 786.631 509.495 315.412 518.001 1124.2 771.986 741.296 314.014 953.705 835.675 632.987 391.22 513.191 779.976 834.56 808.81 920.184 605.743 400.762 755.952 428.843 
415.601 124.535 521.464 588.49 765.957 308.177 626.39 493.585 288.21 1006.43 136.938 1049.39 539.485 954.422 385.467 670.773 655.124 774.479 172.029 647.93 499.593 670.433 103.586 696.945 345.036 573.526 753.076 542.208 234.053 155.756 770.639 432.28 612.628 255.039 567.874 
907.317 1098.87 538.897 447.756 549.102 944.95 725.58 599.801 823.214 59.4643 1115.11 102.903 510.416 240.26 949.604 436.125 398.077 391.266 1184.91 985.37 928.246 373.472 1004.85 722.887 691.286 478.649 745.735 715.856 862.76 900.063 790.52 761.977 580.96 878.335 468.37 
182.8 386.374 317.97 427.855 734.854 461.85 359.234 263.822 352.881 817.017 400.844 849.523 347.701 732.378 179.201 578.055 458.947 685.007 437.879 421.048 269.03 484.153 320.465 729.855 237.002 378.428 486.695 572.574 322.405 123.968 821.623 165.197 357.644 21.4709 409.181 
136.854 472.952 276.93 401.603 746.073 531.994 272.342 209.859 411.351 766.039 487.562 793.638 311.045 667.8 157.544 572.766 413.319 677.106 524.661 358.912 212.81 442.476 404.432 761.391 258.544 337.664 400.211 608.6 388.672 208.195 856.347 78.7464 280.032 101.193 385.105 
320.039 420.83 190 270.601 567.726 393.573 388.402 174.416 255.562 680.254 437.375 720.256 208.626 623.013 334.153 408.001 324.692 515.14 495.997 536.213 395.032 342.667 331.652 578.001 75.213 242.539 515.52 426.38 250.966 186.207 673.314 215.845 312.64 189.003 250.599 
525.419 27.313 612.046 664.248 788.592 278.869 736.579 591.859 312.775 1083.5 29.6816 1129.92 626.231 1044.01 493.447 720.478 740.017 819.398 75.6902 755.275 608.482 751.833 106.231 695.59 422.153 660.17 863.681 550.436 261.174 260.969 758.517 541.791 716.595 365.724 643.817 
600.262 480.942 326.087 267.092 310.006 293.061 633.202 376.303 186.432 640.647 495.55 697.782 307.561 660.996 611.383 228.127 373.001 321.758 570.824 813.298 675.148 362.505 393.146 297.634 205.456 327.515 749.123 151.819 237.118 386.774 393.722 489.183 510.424 451.306 254.159 
545.212 203.01 732.105 804.967 964.105 456.089 789.066 696.737 485.161 1222.08 194.371 1263.81 752.447 1163.58 501.941 883.857 868.493 985.853 129.035 747 616.105 885.268 276.279 874.062 561.806 786.349 907.96 728.204 431.723 359.611 936.12 606.177 803.481 428.118 784.355 
550.142 365.941 357.677 339.629 414.403 195.931 629.918 387.342 71.5612 739.465 380.552 793.742 350.28 741.271 552.526 341.204 439.527 436.726 455.827 777.821 631.561 437.049 278.729 364.297 177.612 377.719 753.923 204.6 122.56 298.53 451.465 461.504 529.854 383.72 322.405 
401.52 516.779 104.235 153.395 483.322 437.924 396.602 139.671 293.641 566.845 533.414 609.528 106.104 523.072 425.63 304.647 217.407 409.585 597.522 591.108 464.436 230.517 423.835 524.704 102.859 139.119 512.65 388.398 309.885 301.573 622.965 269.229 277.966 300.028 133.33 
418.961 241.456 371.517 414.656 586.046 226.312 560.601 365.21 127.456 833.866 258.031 880.633 381.534 799.196 409.928 484.004 493.129 587.716 325.272 657.213 505.333 503.257 147.872 536.492 173.925 415.047 690.188 377.244 87 132.575 619.601 369.424 502.359 239.577 394.255 
756.897 771.891 372.518 238.296 201.556 581.414 683.592 449.392 479.176 388.726 786.985 452.448 336.204 471.666 784.51 67.1193 299.1 52.3927 861.485 920.149 811.046 265.505 681.455 352.319 413.237 325.682 766.006 332.533 527.365 632.093 434.246 615.442 526.925 656.881 249.323 
457.71 178.933 437.412 476.942 617.508 190.371 617.645 430.265 139.058 895.529 195.29 943.39 447.01 864.37 442.408 532.768 557.891 633.785 265.548 697.413 544.883 567.071 84.8528 549.605 238.73 480.402 747.402 393.615 85.0235 159.531 626.256 423.821 566.117 277.281 456.711 
