35 35 21
777 335 649 27 763 426 211 429 862 135 22 167 11 373 784 324 413 980 862 281 84 505 313 895 814 364 87 178 403 399 676 12 94 570 467 
6010 970 9020 3170 4920 6520 7560 3010 2800 2860 4410 8650 6890 4440 6190 4400 7290 310 1170 970 7710 
3 19 5 14 11 3 3 3 10 11 20 14 2 17 5 10 0 1 16 13 12 16 15 5 18 13 20 16 0 12 14 8 10 6 8 
3.41457 2.54275 3.614 4.30029 6.50173 3.02592 5.03724 3.3825 2.08543 8.46681 2.7049 8.88982 3.78857 7.94411 3.29569 5.29306 4.94491 6.35708 3.25357 5.80856 4.28434 5.1013 1.72166 6.12657 1.88534 4.12903 6.33329 4.52966 1.68505 0.51 6.98033 3.08462 4.65543 1.6091 4.09441 
1.8643 3.53657 4.06518 5.15123 8.06435 4.78265 4.12826 3.50887 3.90514 9.05349 3.66005 9.37257 4.36206 8.17774 1.59013 6.58684 5.47449 7.66098 3.89371 4.20962 2.70934 5.72713 3.06545 7.87353 3.11362 4.66995 5.34614 6.28077 3.50464 1.32136 8.75695 2.30846 4.34949 0.671193 4.96158 
3.01496 5.9891 0.996243 2.34094 6.25538 5.74843 2.35077 0.242074 4.3264 5.6768 6.15168 5.95243 1.36015 4.73466 3.39872 4.29418 2.19317 5.24361 6.67816 4.48987 3.42381 2.51348 5.13321 6.8371 2.32641 1.52643 3.50708 5.50568 4.35005 3.42094 7.82251 1.53734 1.27 2.7978 2.23215 
2.17113 6.18855 2.07077 3.40978 7.32688 6.36277 1.44101 1.31529 4.99985 6.42608 6.34263 6.62193 2.43101 5.25178 2.62528 5.37202 3.13129 6.31557 6.772 3.4127 2.42002 3.47635 5.41956 7.84909 3.08577 2.56363 2.714 6.46261 4.92062 3.5223 8.83179 0.835464 1.25734 2.58521 3.3077 
4.31561 3.93581 2.40707 2.62231 4.73621 3.02238 4.97562 2.58954 1.58013 6.80825 4.10001 7.28723 2.41961 6.54313 4.40556 3.41276 3.47052 4.47854 4.788 6.52028 5.09284 3.53657 2.99475 4.66374 0.4531 2.73651 6.21969 3.12026 1.73297 2.27607 5.60257 3.31748 4.02204 2.80203 2.42074 
3.53624 1.86507 4.82996 5.61079 7.71145 3.48076 5.6767 4.48486 3.03152 9.75461 1.98842 10.1581 5.04034 9.14385 3.23761 6.60444 6.20137 7.66211 2.28281 5.86287 4.37659 6.38024 1.51644 7.15996 3.21179 5.3782 6.93514 5.58198 2.51319 1.1039 7.94582 3.74961 5.61324 1.95972 5.4056 
7.15508 10.3747 4.28921 4.12393 7.03393 9.46335 4.90474 4.58268 8.06083 2.2809 10.541 2.04749 4.17698 0.470106 7.63417 5.2298 3.12436 5.37671 11.1426 7.41537 7.14717 3.14992 9.45838 8.50623 6.26573 3.84708 4.806 7.89023 8.30637 7.9604 9.3684 5.84604 3.77763 7.38935 4.28823 
3.67241 2.21208 3.9168 4.54948 6.56247 2.79551 5.36411 3.70815 1.99251 8.73 2.37508 9.16415 4.07806 8.24471 3.52115 5.44546 5.22947 6.5 2.94054 6.06964 4.54433 5.37403 1.38708 6.09493 2.11603 4.41862 6.6592 4.50245 1.53496 0.690652 6.92243 3.40846 4.98964 1.86979 4.34333 
2.50711 7.66006 3.85467 5.12191 9.14248 8.18086 0.642573 3.16863 6.86619 7.29464 7.80023 7.32673 4.18493 5.77008 2.98518 7.12845 4.572 7.99471 8.10665 2.01099 2.02428 4.93238 7.00213 9.76139 5.0049 4.22573 1.15551 8.39453 6.7325 5.03754 10.7461 2.26296 2.23672 3.90001 5.05914 
6.8272 6.23308 3.3887 2.29124 1.99449 4.26484 6.63323 4.07657 3.28818 5.26031 6.37942 5.87006 3.08457 5.76222 7.022 0.936483 3.27771 1.79388 7.13182 8.74474 7.48578 3.04897 5.35014 2.67884 3.02152 3.14201 7.65278 1.92512 3.79237 5.10069 3.64446 5.53657 5.19562 5.55645 2.27035 
0.764788 4.81331 4.33896 5.59804 8.94519 6.08922 3.34763 3.636 5.12291 9.14822 4.9259 9.38271 4.68603 8.03831 0.300666 7.28097 5.67536 8.33382 5.07276 2.90837 1.46055 5.97997 4.39191 8.94452 3.98167 4.94191 4.42386 7.37207 4.7659 2.60555 9.86246 2.00032 4.03547 1.53688 5.43266 
3.9802 6.16702 0.0806226 1.32816 5.2987 5.49466 3.23037 0.797621 4.05183 4.92724 6.33321 5.27828 0.349285 4.25029 4.33042 3.30248 1.34239 4.23341 6.93653 5.49313 4.43221 1.60649 5.25519 6.00816 2.10851 0.553173 4.26075 4.78524 4.20115 3.80447 6.9928 2.51241 1.81695 3.46192 1.22984 
1.614 6.88675 3.83099 5.1642 9.08277 7.60135 1.19 3.07695 6.35324 7.8109 7.02084 7.90496 4.18868 6.39641 2.08166 7.13393 4.78968 8.07034 7.28703 1.65496 1.13952 5.14612 6.28067 9.53798 4.61446 4.30081 2.0617 8.09707 6.16157 4.31854 10.5146 1.73217 2.55008 3.14384 5.06759 
4.30228 7.79187 1.93166 2.66511 6.64447 7.34091 2.36932 1.87387 5.89764 4.38622 7.9555 4.51648 2.04783 3.10229 4.77017 4.57755 1.78281 5.27418 8.49293 4.96533 4.3951 2.11783 6.9199 7.63067 3.91594 1.86097 2.91548 6.54523 6.009 5.23717 8.6007 2.9622 0.921141 4.54688 2.7012 
8.51942 6.85829 5.27549 4.17484 0.984937 4.4643 8.51474 5.94193 4.06399 6.43529 6.97789 7.08139 4.9786 7.29595 8.65837 2.38757 5.11974 2.40277 7.73217 10.5509 9.23191 4.85709 6.10532 0.93 4.58656 5.03695 9.54839 1.5824 4.60626 6.40054 1.79778 7.31465 7.09146 7.07719 4.16432 
6.04745 0.956713 7.02636 7.5126 8.5054 3.21834 8.23787 6.83141 3.85099 11.7005 0.792465 12.1754 7.16126 11.3409 5.69495 7.9716 8.29325 8.93166 0.353553 8.28908 6.85482 8.40238 1.89763 7.43454 5.10633 7.49989 9.49933 6.06993 3.37024 3.51141 7.97898 6.2996 8.07478 4.52134 7.30953 
6.67791 7.072 2.85044 1.52069 2.60432 5.35905 6.00701 3.61565 4.20107 4.01278 7.2282 4.60926 2.49088 4.49004 6.95531 0.543783 2.26771 1.40431 7.95953 8.33308 7.22357 1.96919 6.14841 3.80217 3.30764 2.41299 6.88646 3.20765 4.6439 5.50753 4.71561 5.26567 4.46213 5.70025 1.614 
4.78619 1.53574 6.48741 7.22025 8.93135 4.01628 7.1552 6.142 4.13237 11.388 1.51182 11.8038 6.68996 10.8043 4.3833 8.05188 7.85043 9.08248 1.15663 6.91608 5.54109 8.01888 2.07408 8.12002 4.79176 7.029 8.3693 6.61968 3.59089 2.76384 8.79036 5.29046 7.23318 3.49687 7.01419 
4.79401 5.09148 1.73925 1.50083 4.02747 3.88888 4.82744 2.24475 2.49018 5.6576 5.25461 6.15202 1.59138 5.49859 4.99223 2.3941 2.45326 3.46902 5.95081 6.76492 5.46498 2.45717 4.15077 4.37727 1.12361 1.84024 5.96685 3.03266 2.78887 3.32399 5.35994 3.53119 3.57528 3.58201 1.31034 
4.91024 7.47393 1.39807 1.52778 5.41599 6.64447 3.44746 1.85065 5.21707 3.7243 7.64029 4.01663 1.27769 2.93212 5.3241 3.35149 0.544885 4.03555 8.25177 5.98286 5.18868 0.880057 6.55534 6.47158 3.3659 0.958801 4.14093 5.48862 5.42677 5.11649 7.43006 3.4478 1.85586 4.69297 1.61623 
2.63492 7.96656 4.51864 5.79669 9.80899 8.65534 1.32231 3.81694 7.37906 7.91003 8.09938 7.91511 4.85374 6.33942 3.06139 7.80164 5.25148 8.6736 8.35135 1.46441 1.95819 5.61177 7.36387 10.3945 5.57216 4.90196 1.33222 9.00385 7.21086 5.40107 11.3777 2.74171 2.91563 4.22721 5.73035 
7.39268 10.4601 4.38719 4.11447 6.84547 9.46794 5.19086 4.73097 8.07996 1.94258 10.6265 1.70485 4.24802 0.152643 7.86631 5.09495 3.15412 5.18001 11.242 7.71986 7.41296 3.14014 9.53705 8.35675 6.32987 3.9122 5.13191 7.79976 8.3456 8.0881 9.20184 6.05743 4.00762 7.55952 4.28843 
4.15601 1.24535 5.21464 5.8849 7.65957 3.08177 6.2639 4.93585 2.8821 10.0643 1.36938 10.4939 5.39485 9.54422 3.85467 6.70773 6.55124 7.74479 1.72029 6.4793 4.99593 6.70433 1.03586 6.96945 3.45036 5.73526 7.53076 5.42208 2.34053 1.55756 7.70639 4.3228 6.12628 2.55039 5.67874 
9.07317 10.9887 5.38897 4.47756 5.49102 9.4495 7.2558 5.99801 8.23214 0.594643 11.1511 1.02903 5.10416 2.4026 9.49604 4.36125 3.98077 3.91266 11.8491 9.8537 9.28246 3.73472 10.0485 7.22887 6.91286 4.78649 7.45735 7.15856 8.6276 9.00063 7.9052 7.61977 5.8096 8.78335 4.6837 
1.828 3.86374 3.1797 4.27855 7.34854 4.6185 3.59234 2.63822 3.52881 8.17017 4.00844 8.49523 3.47701 7.32378 1.79201 5.78055 4.58947 6.85007 4.37879 4.21048 2.6903 4.84153 3.20465 7.29855 2.37002 3.78428 4.86695 5.72574 3.22405 1.23968 8.21623 1.65197 3.57644 0.214709 4.09181 
1.36854 4.72952 2.7693 4.01603 7.46073 5.31994 2.72342 2.09859 4.11351 7.66039 4.87562 7.93638 3.11045 6.678 1.57544 5.72766 4.13319 6.77106 5.24661 3.58912 2.1281 4.42476 4.04432 7.61391 2.58544 3.37664 4.00211 6.086 3.88672 2.08195 8.56347 0.787464 2.80032 1.01193 3.85105 
3.20039 4.2083 1.9 2.70601 5.67726 3.93573 3.88402 1.74416 2.55562 6.80254 4.37375 7.20256 2.08626 6.23013 3.34153 4.08001 3.24692 5.1514 4.95997 5.36213 3.95032 3.42667 3.31652 5.78001 0.75213 2.42539 5.1552 4.2638 2.50966 1.86207 6.73314 2.15845 3.1264 1.89003 2.50599 
5.25419 0.27313 6.12046 6.64248 7.88592 2.78869 7.36579 5.91859 3.12775 10.835 0.296816 11.2992 6.26231 10.4401 4.93447 7.20478 7.40017 8.19398 0.756902 7.55275 6.08482 7.51833 1.06231 6.9559 4.22153 6.6017 8.63681 5.50436 2.61174 2.60969 7.58517 5.41791 7.16595 3.65724 6.43817 
6.00262 4.80942 3.26087 2.67092 3.10006 2.93061 6.33202 3.76303 1.86432 6.40647 4.9555 6.97782 3.07561 6.60996 6.11383 2.28127 3.73001 3.21758 5.70824 8.13298 6.75148 3.62505 3.93146 2.97634 2.05456 3.27515 7.49123 1.51819 2.37118 3.86774 3.93722 4.89183 5.10424 4.51306 2.54159 
5.45212 2.0301 7.32105 8.04967 9.64105 4.56089 7.89066 6.96737 4.85161 12.2208 1.94371 12.6381 7.52447 11.6358 5.01941 8.83857 8.68493 9.85853 1.29035 7.47 6.16105 8.85268 2.76279 8.74062 5.61806 7.86349 9.0796 7.28204 4.31723 3.59611 9.3612 6.06177 8.03481 4.28118 7.84355 
5.50142 3.65941 3.57677 3.39629 4.14403 1.95931 6.29918 3.87342 0.715612 7.39465 3.80552 7.93742 3.5028 7.41271 5.52526 3.41204 4.39527 4.36726 4.55827 7.77821 6.31561 4.37049 2.78729 3.64297 1.77612 3.77719 7.53923 2.046 1.2256 2.9853 4.51465 4.61504 5.29854 3.8372 3.22405 
4.0152 5.16779 1.04235 1.53395 4.83322 4.37924 3.96602 1.39671 2.93641 5.66845 5.33414 6.09528 1.06104 5.23072 4.2563 3.04647 2.17407 4.09585 5.97522 5.91108 4.64436 2.30517 4.23835 5.24704 1.02859 1.39119 5.1265 3.88398 3.09885 3.01573 6.22965 2.69229 2.77966 3.00028 1.3333 
4.18961 2.41456 3.71517 4.14656 5.86046 2.26312 5.60601 3.6521 1.27456 8.33866 2.58031 8.80633 3.81534 7.99196 4.09928 4.84004 4.93129 5.87716 3.25272 6.57213 5.05333 5.03257 1.47872 5.36492 1.73925 4.15047 6.90188 3.77244 0.87 1.32575 6.19601 3.69424 5.02359 2.39577 3.94255 
7.56897 7.71891 3.72518 2.38296 2.01556 5.81414 6.83592 4.49392 4.79176 3.88726 7.86985 4.52448 3.36204 4.71666 7.8451 0.671193 2.991 0.523927 8.61485 9.20149 8.11046 2.65505 6.81455 3.52319 4.13237 3.25682 7.66006 3.32533 5.27365 6.32093 4.34246 6.15442 5.26925 6.56881 2.49323 
4.5771 1.78933 4.37412 4.76942 6.17508 1.90371 6.17645 4.30265 1.39058 8.95529 1.9529 9.4339 4.4701 8.6437 4.42408 5.32768 5.57891 6.33785 2.65548 6.97413 5.44883 5.67071 0.848528 5.49605 2.3873 4.80402 7.47402 3.93615 0.850235 1.59531 6.26256 4.23821 5.66117 2.77281 4.56711 
