35 35 21
777 335 649 27 763 426 211 429 862 135 22 167 11 373 784 324 413 980 862 281 84 505 313 895 814 364 87 178 403 399 676 12 94 570 467 
60100 9700 90200 31700 49200 65200 75600 30100 28000 28600 44100 86500 68900 44400 61900 44000 72900 3100 11700 9700 77100 
3 19 5 14 11 3 3 3 10 11 20 14 2 17 5 10 0 1 16 13 12 16 15 5 18 13 20 16 0 12 14 8 10 6 8 
341457 254275 361400 430029 650173 302592 503724 338250 208543 846681 270490 888982 378857 794411 329569 529306 494491 635708 325357 580856 428434 510130 172166 612657 188534 412903 633329 452966 168505 51000 698033 308462 465543 160910 409441 
186430 353657 406518 515123 806435 478265 412826 350887 390514 905349 366005 937257 436206 817774 159013 658684 547449 766098 389371 420962 270934 572713 306545 787353 311362 466995 534614 628077 350464 132136 875695 230846 434949 67119.3 496158 
301496 598910 99624.3 234094 625538 574843 235077 24207.4 432640 567680 615168 595243 136015 473466 339872 429418 219317 524361 667816 448987 342381 251348 513321 683710 232641 152643 350708 550568 435005 342094 782251 153734 127000 279780 223215 
217113 618855 207077 340978 732688 636277 144101 131529 499985 642608 634263 662193 243101 525178 262528 537202 313129 631557 677200 341270 242002 347635 541956 784909 308577 256363 271400 646261 492062 352230 883179 83546.4 125734 258521 330770 
431561 393581 240707 262231 473621 302238 497562 258954 158013 680825 410001 728723 241961 654313 440556 341276 347052 447854 478800 652028 509284 353657 299475 466374 45310 273651 621969 312026 173297 227607 560257 331748 402204 280203 242074 
353624 186507 482996 561079 771145 348076 567670 448486 303152 975461 198842 1.01581e+06 504034 914385 323761 660444 620137 766211 228281 586287 437659 638024 151644 715996 321179 537820 693514 558198 251319 110390 794582 374961 561324 195972 540560 
715508 1.03747e+06 428921 412393 703393 946335 490474 458268 806083 228090 1.0541e+06 204749 417698 47010.6 763417 522980 312436 537671 1.11426e+06 741537 714717 314992 945838 850623 626573 384708 480600 789023 830637 796040 936840 584604 377763 738935 428823 
367241 221208 391680 454948 656247 279551 536411 370815 199251 873000 237508 916415 407806 824471 352115 544546 522947 650000 294054 606964 454433 537403 138708 609493 211603 441862 665920 450245 153496 69065.2 692243 340846 498964 186979 434333 
250711 766006 385467 512191 914248 818086 64257.3 316863 686619 729464 780023 732673 418493 577008 298518 712845 457200 799471 810665 201099 202428 493238 700213 976139 500490 422573 115551 839453 673250 503754 1.07461e+06 226296 223672 390001 505914 
682720 623308 338870 229124 199449 426484 663323 407657 328818 526031 637942 587006 308457 576222 702200 93648.3 327771 179388 713182 874474 748578 304897 535014 267884 302152 314201 765278 192512 379237 510069 364446 553657 519562 555645 227035 
76478.8 481331 433896 559804 894519 608922 334763 363600 512291 914822 492590 938271 468603 803831 30066.6 728097 567536 833382 507276 290837 146055 597997 439191 894452 398167 494191 442386 737207 476590 260555 986246 200032 403547 153688 543266 
398020 616702 8062.26 132816 529870 549466 323037 79762.1 405183 492724 633321 527828 34928.5 425029 433042 330248 134239 423341 693653 549313 443221 160649 525519 600816 210851 55317.3 426075 478524 420115 380447 699280 251241 181695 346192 122984 
161400 688675 383099 516420 908277 760135 119000 307695 635324 781090 702084 790496 418868 639641 208166 713393 478968 807034 728703 165496 113952 514612 628067 953798 461446 430081 206170 809707 616157 431854 1.05146e+06 173217 255008 314384 506759 
430228 779187 193166 266511 664447 734091 236932 187387 589764 438622 795550 451648 204783 310229 477017 457755 178281 527418 849293 496533 439510 211783 691990 763067 391594 186097 291548 654523 600900 523717 860070 296220 92114.1 454688 270120 
851942 685829 527549 417484 98493.7 446430 851474 594193 406399 643529 697789 708139 497860 729595 865837 238757 511974 240277 773217 1.05509e+06 923191 485709 610532 93000 458656 503695 954839 158240 460626 640054 179778 731465 709146 707719 416432 
604745 95671.3 702636 751260 850540 321834 823787 683141 385099 1.17005e+06 79246.5 1.21754e+06 716126 1.13409e+06 569495 797160 829325 893166 35355.3 828908 685482 840238 189763 743454 510633 749989 949933 606993 337024 351141 797898 629960 807478 452134 730953 
667791 707200 285044 152069 260432 535905 600701 361565 420107 401278 722820 460926 249088 449004 695531 54378.3 226771 140431 795953 833308 722357 196919 614841 380217 330764 241299 688646 320765 464390 550753 471561 526567 446213 570025 161400 
478619 153574 648741 722025 893135 401628 715520 614200 413237 1.1388e+06 151182 1.18038e+06 668996 1.08043e+06 438330 805188 785043 908248 115663 691608 554109 801888 207408 812002 479176 702900 836930 661968 359089 276384 879036 529046 723318 349687 701419 
479401 509148 173925 150083 402747 388888 482744 224475 249018 565760 525461 615202 159138 549859 499223 239410 245326 346902 595081 676492 546498 245717 415077 437727 112361 184024 596685 303266 278887 332399 535994 353119 357528 358201 131034 
491024 747393 139807 152778 541599 664447 344746 185065 521707 372430 764029 401663 127769 293212 532410 335149 54488.5 403555 825177 598286 518868 88005.7 655534 647158 336590 95880.1 414093 548862 542677 511649 743006 344780 185586 469297 161623 
263492 796656 451864 579669 980899 865534 132231 381694 737906 791003 809938 791511 485374 633942 306139 780164 525148 867360 835135 146441 195819 561177 736387 1.03945e+06 557216 490196 133222 900385 721086 540107 1.13777e+06 274171 291563 422721 573035 
739268 1.04601e+06 438719 411447 684547 946794 519086 473097 807996 194258 1.06265e+06 170485 424802 15264.3 786631 509495 315412 518001 1.1242e+06 771986 741296 314014 953705 835675 632987 391220 513191 779976 834560 808810 920184 605743 400762 755952 428843 
415601 124535 521464 588490 765957 308177 626390 493585 288210 1.00643e+06 136938 1.04939e+06 539485 954422 385467 670773 655124 774479 172029 647930 499593 670433 103586 696945 345036 573526 753076 542208 234053 155756 770639 432280 612628 255039 567874 
907317 1.09887e+06 538897 447756 549102 944950 725580 599801 823214 59464.3 1.11511e+06 102903 510416 240260 949604 436125 398077 391266 1.18491e+06 985370 928246 373472 1.00485e+06 722887 691286 478649 745735 715856 862760 900063 790520 761977 580960 878335 468370 
182800 386374 317970 427855 734854 461850 359234 263822 352881 817017 400844 849523 347701 732378 179201 578055 458947 685007 437879 421048 269030 484153 320465 729855 237002 378428 486695 572574 322405 123968 821623 165197 357644 21470.9 409181 
136854 472952 276930 401603 746073 531994 272342 209859 411351 766039 487562 793638 311045 667800 157544 572766 413319 677106 524661 358912 212810 442476 404432 761391 258544 337664 400211 608600 388672 208195 856347 78746.4 280032 101193 385105 
320039 420830 190000 270601 567726 393573 388402 174416 255562 680254 437375 720256 208626 623013 334153 408001 324692 515140 495997 536213 395032 342667 331652 578001 75213 242539 515520 426380 250966 186207 673314 215845 312640 189003 250599 
525419 27313 612046 664248 788592 278869 736579 591859 312775 1.0835e+06 29681.6 1.12992e+06 626231 1.04401e+06 493447 720478 740017 819398 75690.2 755275 608482 751833 106231 695590 422153 660170 863681 550436 261174 260969 758517 541791 716595 365724 643817 
600262 480942 326087 267092 310006 293061 633202 376303 186432 640647 495550 697782 307561 660996 611383 228127 373001 321758 570824 813298 675148 362505 393146 297634 205456 327515 749123 151819 237118 386774 393722 489183 510424 451306 254159 
545212 203010 732105 804967 964105 456089 789066 696737 485161 1.22208e+06 194371 1.26381e+06 752447 1.16358e+06 501941 883857 868493 985853 129035 747000 616105 885268 276279 874062 561806 786349 907960 728204 431723 359611 936120 606177 803481 428118 784355 
550142 365941 357677 339629 414403 195931 629918 387342 71561.2 739465 380552 793742 350280 741271 552526 341204 439527 436726 455827 777821 631561 437049 278729 364297 177612 377719 753923 204600 122560 298530 451465 461504 529854 383720 322405 
401520 516779 104235 153395 483322 437924 396602 139671 293641 566845 533414 609528 106104 523072 425630 304647 217407 409585 597522 591108 464436 230517 423835 524704 102859 139119 512650 388398 309885 301573 622965 269229 277966 300028 133330 
418961 241456 371517 414656 586046 226312 560601 365210 127456 833866 258031 880633 381534 799196 409928 484004 493129 587716 325272 657213 505333 503257 147872 536492 173925 415047 690188 377244 87000 132575 619601 369424 502359 239577 394255 
756897 771891 372518 238296 201556 581414 683592 449392 479176 388726 786985 452448 336204 471666 784510 67119.3 299100 52392.7 861485 920149 811046 265505 681455 352319 413237 325682 766006 332533 527365 632093 434246 615442 526925 656881 249323 
457710 178933 437412 476942 617508 190371 617645 430265 139058 895529 195290 943390 447010 864370 442408 532768 557891 633785 265548 697413 544883 567071 84852.8 549605 238730 480402 747402 393615 85023.5 159531 626256 423821 566117 277281 456711 
