35 35 21
777 335 649 27 763 426 211 429 862 135 22 167 11 373 784 324 413 980 862 281 84 505 313 895 814 364 87 178 403 399 676 12 94 570 467 
601000 97000 902000 317000 492000 652000 756000 301000 280000 286000 441000 865000 689000 444000 619000 440000 729000 31000 117000 97000 771000 
3 19 5 14 11 3 3 3 10 11 20 14 2 17 5 10 0 1 16 13 12 16 15 5 18 13 20 16 0 12 14 8 10 6 8 
34.1457 25.4275 36.14 43.0029 65.0173 30.2592 50.3724 33.825 20.8543 84.6681 27.049 88.8982 37.8857 79.4411 32.9569 52.9306 49.4491 63.5708 32.5357 58.0856 42.8434 51.013 17.2166 61.2657 18.8534 41.2903 63.3329 45.2966 16.8505 5.1 69.8033 30.8462 46.5543 16.091 40.9441 
18.643 35.3657 40.6518 51.5123 80.6435 47.8265 41.2826 35.0887 39.0514 90.5349 36.6005 93.7257 43.6206 81.7774 15.9013 65.8684 54.7449 76.6098 38.9371 42.0962 27.0934 57.2713 30.6545 78.7353 31.1362 46.6995 53.4614 62.8077 35.0464 13.2136 87.5695 23.0846 43.4949 6.71193 49.6158 
30.1496 59.891 9.96243 23.4094 62.5538 57.4843 23.5077 2.42074 43.264 56.768 61.5168 59.5243 13.6015 47.3466 33.9872 42.9418 21.9317 52.4361 66.7816 44.8987 34.2381 25.1348 51.3321 68.371 23.2641 15.2643 35.0708 55.0568 43.5005 34.2094 78.2251 15.3734 12.7 27.978 22.3215 
21.7113 61.8855 20.7077 34.0978 73.2688 63.6277 14.4101 13.1529 49.9985 64.2608 63.4263 66.2193 24.3101 52.5178 26.2528 53.7202 31.3129 63.1557 67.72 34.127 24.2002 34.7635 54.1956 78.4909 30.8577 25.6363 27.14 64.6261 49.2062 35.223 88.3179 8.35464 12.5734 25.8521 33.077 
43.1561 39.3581 24.0707 26.2231 47.3621 30.2238 49.7562 25.8954 15.8013 68.0825 41.0001 72.8723 24.1961 65.4313 44.0556 34.1276 34.7052 44.7854 47.88 65.2028 50.9284 35.3657 29.9475 46.6374 4.531 27.3651 62.1969 31.2026 17.3297 22.7607 56.0257 33.1748 40.2204 28.0203 24.2074 
35.3624 18.6507 48.2996 56.1079 77.1145 34.8076 56.767 44.8486 30.3152 97.5461 19.8842 101.581 50.4034 91.4385 32.3761 66.0444 62.0137 76.6211 22.8281 58.6287 43.7659 63.8024 15.1644 71.5996 32.1179 53.782 69.3514 55.8198 25.1319 11.039 79.4582 37.4961 56.1324 19.5972 54.056 
71.5508 103.747 42.8921 41.2393 70.3393 94.6335 49.0474 45.8268 80.6083 22.809 105.41 20.4749 41.7698 4.70106 76.3417 52.298 31.2436 53.7671 111.426 74.1537 71.4717 31.4992 94.5838 85.0623 62.6573 38.4708 48.06 78.9023 83.0637 79.604 93.684 58.4604 37.7763 73.8935 42.8823 
36.7241 22.1208 39.168 45.4948 65.6247 27.9551 53.6411 37.0815 19.9251 87.3 23.7508 91.6415 40.7806 82.4471 35.2115 54.4546 52.2947 65 29.4054 60.6964 45.4433 53.7403 13.8708 60.9493 21.1603 44.1862 66.592 45.0245 15.3496 6.90652 69.2243 34.0846 49.8964 18.6979 43.4333 
25.0711 76.6006 38.5467 51.2191 91.4248 81.8086 6.42573 31.6863 68.6619 72.9464 78.0023 73.2673 41.8493 57.7008 29.8518 71.2845 45.72 79.9471 81.0665 20.1099 20.2428 49.3238 70.0213 97.6139 50.049 42.2573 11.5551 83.9453 67.325 50.3754 107.461 22.6296 22.3672 39.0001 50.5914 
68.272 62.3308 33.887 22.9124 19.9449 42.6484 66.3323 40.7657 32.8818 52.6031 63.7942 58.7006 30.8457 57.6222 70.22 9.36483 32.7771 17.9388 71.3182 87.4474 74.8578 30.4897 53.5014 26.7884 30.2152 31.4201 76.5278 19.2512 37.9237 51.0069 36.4446 55.3657 51.9562 55.5645 22.7035 
7.64788 48.1331 43.3896 55.9804 89.4519 60.8922 33.4763 36.36 51.2291 91.4822 49.259 93.8271 46.8603 80.3831 3.00666 72.8097 56.7536 83.3382 50.7276 29.0837 14.6055 59.7997 43.9191 89.4452 39.8167 49.4191 44.2386 73.7207 47.659 26.0555 98.6246 20.0032 40.3547 15.3688 54.3266 
39.802 61.6702 0.806226 13.2816 52.987 54.9466 32.3037 7.97621 40.5183 49.2724 63.3321 52.7828 3.49285 42.5029 43.3042 33.0248 13.4239 42.3341 69.3653 54.9313 44.3221 16.0649 52.5519 60.0816 21.0851 5.53173 42.6075 47.8524 42.0115 38.0447 69.928 25.1241 18.1695 34.6192 12.2984 
16.14 68.8675 38.3099 51.642 90.8277 76.0135 11.9 30.7695 63.5324 78.109 70.2084 79.0496 41.8868 63.9641 20.8166 71.3393 47.8968 80.7034 72.8703 16.5496 11.3952 51.4612 62.8067 95.3798 46.1446 43.0081 20.617 80.9707 61.6157 43.1854 105.146 17.3217 25.5008 31.4384 50.6759 
43.0228 77.9187 19.3166 26.6511 66.4447 73.4091 23.6932 18.7387 58.9764 43.8622 79.555 45.1648 20.4783 31.0229 47.7017 45.7755 17.8281 52.7418 84.9293 49.6533 43.951 21.1783 69.199 76.3067 39.1594 18.6097 29.1548 65.4523 60.09 52.3717 86.007 29.622 9.21141 45.4688 27.012 
85.1942 68.5829 52.7549 41.7484 9.84937 44.643 85.1474 59.4193 40.6399 64.3529 69.7789 70.8139 49.786 72.9595 86.5837 23.8757 51.1974 24.0277 77.3217 105.509 92.3191 48.5709 61.0532 9.3 45.8656 50.3695 95.4839 15.824 46.0626 64.0054 17.9778 73.1465 70.9146 70.7719 41.6432 
60.4745 9.56713 70.2636 75.126 85.054 32.1834 82.3787 68.3141 38.5099 117.005 7.92465 121.754 71.6126 113.409 56.9495 79.716 82.9325 89.3166 3.53553 82.8908 68.5482 84.0238 18.9763 74.3454 51.0633 74.9989 94.9933 60.6993 33.7024 35.1141 79.7898 62.996 80.7478 45.2134 73.0953 
66.7791 70.72 28.5044 15.2069 26.0432 53.5905 60.0701 36.1565 42.0107 40.1278 72.282 46.0926 24.9088 44.9004 69.5531 5.43783 22.6771 14.0431 79.5953 83.3308 72.2357 19.6919 61.4841 38.0217 33.0764 24.1299 68.8646 32.0765 46.439 55.0753 47.1561 52.6567 44.6213 57.0025 16.14 
47.8619 15.3574 64.8741 72.2025 89.3135 40.1628 71.552 61.42 41.3237 113.88 15.1182 118.038 66.8996 108.043 43.833 80.5188 78.5043 90.8248 11.5663 69.1608 55.4109 80.1888 20.7408 81.2002 47.9176 70.29 83.693 66.1968 35.9089 27.6384 87.9036 52.9046 72.3318 34.9687 70.1419 
47.9401 50.9148 17.3925 15.0083 40.2747 38.8888 48.2744 22.4475 24.9018 56.576 52.5461 61.5202 15.9138 54.9859 49.9223 23.941 24.5326 34.6902 59.5081 67.6492 54.6498 24.5717 41.5077 43.7727 11.2361 18.4024 59.6685 30.3266 27.8887 33.2399 53.5994 35.3119 35.7528 35.8201 13.1034 
49.1024 74.7393 13.9807 15.2778 54.1599 66.4447 34.4746 18.5065 52.1707 37.243 76.4029 40.1663 12.7769 29.3212 53.241 33.5149 5.44885 40.3555 82.5177 59.8286 51.8868 8.80057 65.5534 64.7158 33.659 9.58801 41.4093 54.8862 54.2677 51.1649 74.3006 34.478 18.5586 46.9297 16.1623 
26.3492 79.6656 45.1864 57.9669 98.0899 86.5534 13.2231 38.1694 73.7906 79.1003 80.9938 79.1511 48.5374 63.3942 30.6139 78.0164 52.5148 86.736 83.5135 14.6441 19.5819 56.1177 73.6387 103.945 55.7216 49.0196 13.3222 90.0385 72.1086 54.0107 113.777 27.4171 29.1563 42.2721 57.3035 
73.9268 104.601 43.8719 41.1447 68.4547 94.6794 51.9086 47.3097 80.7996 19.4258 106.265 17.0485 42.4802 1.52643 78.6631 50.9495 31.5412 51.8001 112.42 77.1986 74.1296 31.4014 95.3705 83.5675 63.2987 39.122 51.3191 77.9976 83.456 80.881 92.0184 60.5743 40.0762 75.5952 42.8843 
41.5601 12.4535 52.1464 58.849 76.5957 30.8177 62.639 49.3585 28.821 100.643 13.6938 104.939 53.9485 95.4422 38.5467 67.0773 65.5124 77.4479 17.2029 64.793 49.9593 67.0433 10.3586 69.6945 34.5036 57.3526 75.3076 54.2208 23.4053 15.5756 77.0639 43.228 61.2628 25.5039 56.7874 
90.7317 109.887 53.8897 44.7756 54.9102 94.495 72.558 59.9801 82.3214 5.94643 111.511 10.2903 51.0416 24.026 94.9604 43.6125 39.8077 39.1266 118.491 98.537 92.8246 37.3472 100.485 72.2887 69.1286 47.8649 74.5735 71.5856 86.276 90.0063 79.052 76.1977 58.096 87.8335 46.837 
18.28 38.6374 31.797 42.7855 73.4854 46.185 35.9234 26.3822 35.2881 81.7017 40.0844 84.9523 34.7701 73.2378 17.9201 57.8055 45.8947 68.5007 43.7879 42.1048 26.903 48.4153 32.0465 72.9855 23.7002 37.8428 48.6695 57.2574 32.2405 12.3968 82.1623 16.5197 35.7644 2.14709 40.9181 
13.6854 47.2952 27.693 40.1603 74.6073 53.1994 27.2342 20.9859 41.1351 76.6039 48.7562 79.3638 31.1045 66.78 15.7544 57.2766 41.3319 67.7106 52.4661 35.8912 21.281 44.2476 40.4432 76.1391 25.8544 33.7664 40.0211 60.86 38.8672 20.8195 85.6347 7.87464 28.0032 10.1193 38.5105 
32.0039 42.083 19 27.0601 56.7726 39.3573 38.8402 17.4416 25.5562 68.0254 43.7375 72.0256 20.8626 62.3013 33.4153 40.8001 32.4692 51.514 49.5997 53.6213 39.5032 34.2667 33.1652 57.8001 7.5213 24.2539 51.552 42.638 25.0966 18.6207 67.3314 21.5845 31.264 18.9003 25.0599 
52.5419 2.7313 61.2046 66.4248 78.8592 27.8869 73.6579 59.1859 31.2775 108.35 2.96816 112.992 62.6231 104.401 49.3447 72.0478 74.0017 81.9398 7.56902 75.5275 60.8482 75.1833 10.6231 69.559 42.2153 66.017 86.3681 55.0436 26.1174 26.0969 75.8517 54.1791 71.6595 36.5724 64.3817 
60.0262 48.0942 32.6087 26.7092 31.0006 29.3061 63.3202 37.6303 18.6432 64.0647 49.555 69.7782 30.7561 66.0996 61.1383 22.8127 37.3001 32.1758 57.0824 81.3298 67.5148 36.2505 39.3146 29.7634 20.5456 32.7515 74.9123 15.1819 23.7118 38.6774 39.3722 48.9183 51.0424 45.1306 25.4159 
54.5212 20.301 73.2105 80.4967 96.4105 45.6089 78.9066 69.6737 48.5161 122.208 19.4371 126.381 75.2447 116.358 50.1941 88.3857 86.8493 98.5853 12.9035 74.7 61.6105 88.5268 27.6279 87.4062 56.1806 78.6349 90.796 72.8204 43.1723 35.9611 93.612 60.6177 80.3481 42.8118 78.4355 
55.0142 36.5941 35.7677 33.9629 41.4403 19.5931 62.9918 38.7342 7.15612 73.9465 38.0552 79.3742 35.028 74.1271 55.2526 34.1204 43.9527 43.6726 45.5827 77.7821 63.1561 43.7049 27.8729 36.4297 17.7612 37.7719 75.3923 20.46 12.256 29.853 45.1465 46.1504 52.9854 38.372 32.2405 
40.152 51.6779 10.4235 15.3395 48.3322 43.7924 39.6602 13.9671 29.3641 56.6845 53.3414 60.9528 10.6104 52.3072 42.563 30.4647 21.7407 40.9585 59.7522 59.1108 46.4436 23.0517 42.3835 52.4704 10.2859 13.9119 51.265 38.8398 30.9885 30.1573 62.2965 26.9229 27.7966 30.0028 13.333 
41.8961 24.1456 37.1517 41.4656 58.6046 22.6312 56.0601 36.521 12.7456 83.3866 25.8031 88.0633 38.1534 79.9196 40.9928 48.4004 49.3129 58.7716 32.5272 65.7213 50.5333 50.3257 14.7872 53.6492 17.3925 41.5047 69.0188 37.7244 8.7 13.2575 61.9601 36.9424 50.2359 23.9577 39.4255 
75.6897 77.1891 37.2518 23.8296 20.1556 58.1414 68.3592 44.9392 47.9176 38.8726 78.6985 45.2448 33.6204 47.1666 78.451 6.71193 29.91 5.23927 86.1485 92.0149 81.1046 26.5505 68.1455 35.2319 41.3237 32.5682 76.6006 33.2533 52.7365 63.2093 43.4246 61.5442 52.6925 65.6881 24.9323 
45.771 17.8933 43.7412 47.6942 61.7508 19.0371 61.7645 43.0265 13.9058 89.5529 19.529 94.339 44.701 86.437 44.2408 53.2768 55.7891 63.3785 26.5548 69.7413 54.4883 56.7071 8.48528 54.9605 23.873 48.0402 74.7402 39.3615 8.50235 15.9531 62.6256 42.3821 56.6117 27.7281 45.6711 
