40 40 16
777 335 649 27 763 426 211 429 862 135 22 167 11 373 784 324 413 980 862 281 84 505 313 895 814 364 87 178 403 399 676 12 94 570 467 902 652 280 865 619 
44 72.9 3.1 11.7 9.7 77.1 48.1 67.5 70.9 92.7 56.7 85.6 49.7 35.3 58.6 96.5 
10 0 4 3 12 5 10 11 11 4 9 4 11 11 3 7 11 9 13 1 15 9 11 10 8 0 13 15 10 5 1 10 14 3 12 4 2 14 5 2 
73136.1 61911.2 40340.8 29848.5 16015.3 40260.4 72691.8 46939.2 32637.7 58026.2 63277.6 64274.8 37452.5 64107.8 74742.5 14750.3 39777.5 20256.6 70869.2 93107.4 80082.5 37473.3 53541.5 19824.5 34128.7 38220.5 83160.1 13738.3 37980.3 53595.6 29543.5 60796.8 58612.1 59372.7 29543.5 14699.7 45660.2 10978.6 45485.5 22508 
14577.4 39478.2 40472.8 52012.5 82800.2 51765.3 38073.7 34353.5 42520.2 90024.5 40689.3 92957.2 43640.6 80520.8 11727.3 67306 54439.9 78000.3 42800.5 37919.5 22944.5 57151.2 34826.4 81624.1 33044.2 46571.5 49986.6 65759 38725.8 16975.9 90605.6 20742.2 41524.6 7679.19 50188.1 77743.5 43377.6 61390.9 49342.1 45634.4 
58788.2 30248.3 44313.7 43167.7 46524.9 10381.7 69709.3 46542.1 5420.33 82977.8 31527.9 88475.8 43852.6 83333.4 58268.3 42224.3 53092.8 51142.3 39118.9 82300.1 67280 52904.9 22663.8 38003.3 25054.5 46712.4 82389.6 22796.9 9078.55 30770.9 45481.6 51789.7 60868.5 41153.9 41430.7 46563.9 51211.8 21478.6 54652.8 15192.4 
53018.2 77243.1 16980 15111.9 52142.2 67817.4 38082.5 22182.2 53701.8 33497.8 78907.4 36653.1 15123.8 26703 57131.6 31652.6 4504.44 37718 85183.4 63591.2 55809.9 6536.82 67977.7 63569.3 35871 11732.4 44435.7 54580.9 56123.1 54236.2 73014.2 38372.5 22239.6 50466.8 16430.5 42778.7 13260.8 49059.7 7473.29 42583.7 
63901.5 49518.6 36241.6 29482.2 28211 29072.5 67206 41465.4 20146.7 65191.5 50915.6 71069.7 34225.7 68209.2 64936.7 22770.2 40112.3 31260.5 58495.3 85285.5 71437 38802.1 41046.6 25849.6 24436.4 36047.2 78720 11289.4 25468.6 41891.8 35424.4 52878.2 54739.1 48785.3 28355.8 26841.2 42603.8 5658.62 44072.9 10720.1 
44400.2 13806.2 47059.6 52052.5 67240.8 22447.5 62413.5 45554.4 19350.7 93982.2 15469.3 98608.3 48342.3 90141.7 42313.2 58541.1 59663.2 68725.8 21931.7 68293.9 53092.8 60805.4 5035.87 60209.8 27835.2 51726.4 75348.4 44716.1 13923 14827.7 67680.5 42829.9 58623.3 26689.5 50006.9 65566.8 53179.1 42389.1 58277.3 29881.4 
14368 67209.3 38104.7 51500.7 90409.8 74659 13201.9 30491 62307.7 78849.5 68541.4 79918.6 41713.8 64953.7 19053.9 71075.2 48112 80559.7 71151.2 16770.5 9920.18 51655 61228.3 94648.2 45185.2 42968.4 22365.2 80116.7 60290.4 41629.3 104392 16302.8 26069.3 29839.1 50472.3 82929.9 36124.8 74709.2 40707 59894.9 
63166.8 23807.6 53869.7 53595.6 54715.4 1581.14 77056 55313 14123 93538.7 24713 99043.7 53720.1 93750.6 61846.3 52431.4 63361 60936.1 31992 87090.9 71857.9 63308.5 18947.6 43572.6 33914.7 56706 89939.4 30101.5 13612.5 33541.2 49512.2 58280.8 69569.1 45113.6 51816.8 55871.6 60727.7 30288.8 64515.2 25718.7 
16096.3 42798.4 29049.6 40754.5 73336.8 49195.5 31723.8 23067.1 37575.5 78678.7 44263.4 81726.7 32231.8 69652.1 16886.1 56811.7 43030.8 67407.2 48052.6 39363.4 24374.2 45728 35970.7 73875.6 23832.1 35148.4 44522 58356.1 34985.7 16330.6 83231.7 12257.7 31674.6 5968.25 38975.9 67650.4 32128.6 53497 38096.3 37789 
70502.5 44913.8 47664.3 42017.1 32784.4 20814.7 77237.1 52040.2 18942.3 77176 46048.7 83189.5 46036.9 80811 70722.1 33988.2 52638 40780.6 53549.4 93142.7 78608 51419.1 37903.3 22656.6 32420.1 48138.6 89263.9 8102.47 23992.7 44644.8 30394.2 61241.3 65872.7 53780 40796.2 34872.5 54290 9811.22 56241.1 17871.8 
85999.6 86504.7 47197.5 33738 19163.8 66144.7 77484.7 54910.2 57056.1 37844.2 87969.6 44338.4 43535.4 49778.4 88851.9 16812.2 38356.4 6264.98 95491.2 101703 91208.9 34804.2 77636.4 36817 51753.7 42153.2 84941.5 39169.9 62084.1 73566.4 43278.2 71725.1 61626.3 76199.9 35027.4 11903.8 49320.7 36989.9 45983.1 45146.5 
26050.9 80020.1 49671.7 62682.8 102537 88491.8 18435.8 42419.9 76185.3 84700.1 81275.4 84757.4 53115.4 68989.1 29704.2 82657.4 57655.6 91593.3 83301 9402.13 18133.4 61261.2 74532.5 107768 58815.4 53800.5 18291.3 93536.1 74148.2 55075.3 117566 30026.8 34349.4 43172.4 61919 94605.4 46404 88045 49997.3 73493.2 
49414.4 7733.69 53282.4 57826.1 70385.5 21473 68403.6 51876.8 22548.8 99712.8 9386.16 104455 54473.7 96270 46925.6 63149.5 65712.3 73075.6 16401.2 73116.7 58028 66745 1720.47 61900.1 33805.3 57844.8 81303 46946 17293.1 20529.5 68721.5 48801.6 64926.8 32123.7 55795.1 69450.8 59457.7 45317.1 64506.1 34247.6 
54385.4 81026.4 20349.4 19402.3 55498.2 72057.3 37505.5 24634.3 57900.8 31562.6 82690.6 34084.7 18930.7 22961.1 58698.6 35212.1 8814.19 40555.8 88854.1 63356.9 56540.6 10412 71809.3 67452.3 39802.6 15608 42671 58777.7 60223.1 57541 76814.7 39969.6 22100.2 53126.6 20740.8 46010.9 15565.7 53285.7 9621.33 46870.6 
71548.9 36161 55326.3 51973.6 44681.7 10846.2 82226 58382.3 18253.8 89117.6 37006.6 95008.1 54353 91675.8 70879.8 46255.5 62408.7 53327.4 44145.3 95123.7 80075.6 61652 31033.7 31797 37159.8 56900.4 94793.1 20179.2 21215.1 43001 37202.2 64565.7 72650.9 53793.9 50489.6 47376.2 62190.1 22262.3 65006.2 24729.1 
66021.2 74007.4 26888.1 13495.2 30425.3 58005.6 57296.5 34595.1 45850.7 35287 75600.3 41100.1 23220.7 39500.1 69118.5 10440.3 18721.1 16337.1 82788 81308.9 70938.9 15415.6 64674.7 43268.5 34858.9 21756.8 65400.3 37409.2 49993.7 56786.6 52273.2 51563.7 41555.4 57610.2 15003 20989.8 28999.3 32724.6 26109.4 33190.4 
41269.8 59985.4 2765.86 11287.2 50230.9 52318 35195 10084.6 37915.8 49629.1 61649.7 53462.7 2280.35 43960.2 44522 30508.4 13885.2 40106.1 67867.7 57328.3 46239.1 15951.2 50768.7 57008.8 18885.4 5656.85 45680.6 44721.9 39656.1 37139.7 66859.6 26785.4 21285 34708.1 9972.46 42398.7 9178.24 38952.5 12541.9 28359.1 
68315.9 40206.1 48186.4 43824.4 37565.9 16015.3 76607.9 51931.1 15492.3 80486.6 41314.6 86387.3 46898.4 83271.4 68230.9 37663 54357.5 45015.6 48794.3 91353.4 76596.9 53426.8 33421.5 27100.2 31412.7 49254.6 88896 12907.7 20154.7 41440.3 34307.6 59869.5 66023.1 51162.6 42434.1 39351.4 54962.7 13870.8 57384.7 17596 
66717.1 87809.3 29706.9 22357.3 48598.9 75348.9 50519.9 35691 61971.8 20302.7 89462.5 24412.5 27051.2 19509.2 70831.6 30227.3 15591.3 32288.9 96125.2 76394.4 69334.3 13528.1 78416.6 62985.8 46381.6 23769.9 55032.8 57247 65222.8 66389.5 71669.4 52074.7 35117.2 63624.2 24343 38928.1 26916.4 52318 21174.7 49798.1 
63165.6 37766.9 43671.5 40244.9 39057 15558.9 71566.8 47097.9 10816.7 78316.4 39012.4 84052.4 42592.1 80111 63141.9 36312.7 50633.3 44590.7 46590.7 86170.1 71426.7 49954.5 30230 30649.1 26341 45104 83923.1 15232.9 15885.8 36628.5 38525.3 54701.1 61272.2 46101 38724.2 39579 50507.1 14132.6 53215.9 12998.8 
37436.3 91402.5 57508.3 69889.6 110282 99386.6 25056.9 50771.1 86766.6 86825.4 92660.7 86028.5 60721.3 69968.7 41009.9 89976.4 63543.7 98274.8 94659.9 17293.1 29401.5 67105.9 85838.6 116710 68755.4 60891.1 18085.4 102972 84974.4 66323.1 126557 40394.3 40396.7 54449.3 69385.1 101915 53266.5 97373.2 55928 83303.1 
62191.1 41308.8 39980.5 35747.6 35555.7 20247.5 68923.1 43935.5 12614.3 73483.2 42639.5 79230.6 38651.4 75457.3 62550 31552.7 46225.2 40058.6 50235.5 84717.2 70234 45412 33245.3 29148.1 23982.7 41009.9 81055.8 13193.9 18040 37165.2 37771.9 52791 57933.1 45722 34298.7 35337.5 46736 10492.4 49139.5 9575.49 
46789.8 23559.3 39594.2 42422.3 55878.9 17860 60366.4 39766.9 8514.69 84125.9 25154.9 89048.4 40193.2 81688.2 45891.2 47254.7 50966 57328.3 32380.4 70593.1 55417.3 51655.1 14263.6 49795.3 19335.2 43457.7 73291.8 33999.1 3828.84 18006.9 57824.7 41460.9 53767.8 28861.7 40430.9 54083.3 46212.2 31207.9 50706.3 18449.1 
22769.5 31255.4 41170.9 51255.1 78550.4 43863.4 44628.7 36217.8 35647.7 91149.2 32522.8 94591 43911.8 83151.5 20116.2 64569.7 55279.4 75326 35155.2 46306.8 31277.1 57607 26442.6 75872.1 29597.5 47112.3 57014.8 59908.3 31410.2 9706.18 84538.5 25854.4 45707.3 8070.94 49297.9 74301.7 45235.5 55948.3 51146.9 40460.5 
87395 67203.7 56490.7 46083.1 14541.3 42592 88711.9 62866.6 40360.9 69767.2 68307.9 76228.7 53685.1 78254.5 88503.7 28958.8 55818.7 29433.5 75767.3 108320 94782.8 53324 60165.2 3920.46 47915 54501.1 99373.5 14833.7 45698.6 64789.3 13274 75882.9 74848.4 72300.1 45821 21920.3 61927.1 18377.4 61724.6 34131.7 
3401.47 55990.4 42534 55743.1 91608.1 67259.1 26752.6 35000.1 56598.4 88488.2 57168.6 90323 46162.4 76175.7 5203.84 73836.6 54965.9 84078.8 58864.7 21410.7 6449.81 58251.6 51271.1 93112.5 42866.4 48300.4 36628.5 77691.8 53521 32571.9 102539 17800.3 36056.9 20924.6 54290.5 85218.8 42816.9 72747.9 48318.2 57107.7 
83163.3 47594.3 63271.2 57625.4 40479.7 22705.9 92126 67337.4 29703.9 91004.3 48267.3 97204.4 61727.9 95871.8 82743.6 47598 68255.2 52458.5 55045.5 106483 91579.6 66910.8 43188.5 24355.9 46929.4 63854.6 104388 19403.1 33296.2 55129.4 27164.7 75273.4 81335.4 65627 56458.8 45558.1 69947.5 24110 71957.6 32961.9 
70836.3 75506.6 32021.4 18558.6 25253.9 57912.4 62818.2 39731.6 46664 36587.6 77061.1 42748.1 28365.1 43046.5 73762.9 6865.86 24288.7 10770.3 84397.6 86658.5 76012.4 20942.3 66294.2 39147.2 37893 27131.2 70980.1 35056.1 51178.6 59900.1 47809.3 56527.9 47111 61587.7 19829.5 15670.7 34480.4 30938.6 31689.1 34070.8 
16264.1 41653 30194.2 41735.4 73814 48595.6 32897.6 24328.2 37236.1 79900 43104.5 82987.3 33330.5 70971.7 16641.2 57525.6 44210.9 68153.5 46802.8 39801.6 24707.3 46870 34965.4 74031.6 24169.8 36286.1 45653 58437.7 34476.8 15306.2 83332.6 13509.3 33034.1 4614.11 39932.6 68266.3 33395.2 53655.4 39361.1 37905.7 
39463.5 33860 27598.6 31892.5 53298.9 28639.8 49406.5 27695.7 15047.9 73822.1 35520.3 78411.5 28452.9 70194.4 39745.4 40634.1 39577.9 51276.2 42122.8 62410.9 47659.8 40620.8 24520.4 51237.2 7660.94 31790.7 62193.3 35424.9 14412.5 16414.9 60319.5 31365.1 41801.9 23032.6 29840.2 49487.2 34136.9 30994.4 38776.9 15277.8 
25329.8 79252.6 52388.3 65573.5 105101 88925 22048.4 44967.8 77021.1 88714.4 80449 88869.9 55903.5 73146 28416.4 85436.5 60994.4 94580 82100.5 5220.15 16851.4 64596.3 74193.9 109746 60293.4 56778.9 22546 95249.4 74706.2 54967.6 119503 31411.1 37814.4 43044.3 64714.8 97359.8 49510.4 89838.6 53364.6 75006.7 
85335.3 75235.4 49818.6 37403.7 3114.48 52517.9 82141.6 57081.2 46203.1 54620.6 76550.6 61113.8 46481.4 64400.2 87296.8 17572.7 45635.5 14328.3 84145.7 104134 91822.9 42600.5 67077.4 19263.4 47110.3 46379.7 91547.8 23865.7 51591.2 67224.1 26391.9 72266.9 67101.8 72475.4 37794.3 6963.48 54037.4 23564.8 52494.8 36255.2 
69374.5 74740.7 30513.8 17051.1 26480.2 57540.7 61301.3 38225.1 46044.9 36494 76305.3 42569.9 26855.5 42321.2 72327.9 7300.68 22832 12280.1 83608.6 85137.4 74516.1 19516.7 65494.1 39972.2 36746.2 25608.2 69501.8 35295.5 50472.3 58755.3 48764 55043.6 45603.2 60268.5 18346.9 16961.4 32959.7 30996.8 30202.6 33411.7 
8664.87 56010.8 31353.6 44690 81685.4 62907.6 19522.6 23735.6 50735.1 77265.3 57400.3 79273.8 35006.9 65467.1 13259.3 63274 43583.9 73321.9 60494.8 26662.5 13092.4 46883.7 49669.5 84522.4 34439.8 37019.5 31663.9 69569.6 48568.4 30019.3 94152.3 6628.73 25330.8 18422 43326.3 74857.5 31430.6 64328.1 36950 49107.6 
34882.7 34879.4 25985.6 32202.5 56851.6 32549.8 45356 24914.7 19417.8 73903.2 36540.9 78206 27400.7 69152.7 35257.5 43040.9 38874.2 53776 42664.5 57823.6 43063.3 40305.3 25821.3 55544.6 8228 30802.6 58224.4 39815.2 18103.3 13792.8 64721.3 26970 38667.9 18738.5 30143.8 52509.5 32145.9 35223 37200.3 19434 
54945.9 76286 17254 12347.1 48325.7 65722 41301.1 23438.6 51793.6 32734.1 77947.5 36490.7 14698.6 28114.9 58877.8 27869.2 3138.47 33916.5 84412.6 66562 58203.1 2886.17 66948.1 59943.7 34769.7 11360 48081.7 51339.1 54516.2 54113.3 69338.2 40196.6 25372.8 51176.6 13946.3 38951.3 15008.3 45892.6 9885.85 40286.6 
57649 57062.9 23712.4 14863.7 30634.1 41007.8 56002.9 30253.8 28617.5 52206.7 58631.5 57753 20995.5 53758.4 59736.9 14534.4 25477.2 25251.7 65926.7 76729.4 64140 24103.3 47812.7 36080 20547.7 22189.4 66612.7 24838.7 32853.6 42223.8 45923.4 44631.9 42128.4 45592.3 13928.4 24523.1 29343.7 19200.3 29954.1 15955.2 
10469 60423.9 32672.5 46130.7 84121.5 67165.8 15747.1 24959.6 54794.3 76641.6 61805.2 78300.1 36337.3 64025.2 15485.8 65239.6 44001.8 75045.7 64806.9 23340.3 11515.6 47427 54109.7 87676.2 37903.3 38014.7 27463.4 72949.6 52783 34458.1 97372.5 9104.94 23958.5 22849.3 44916.9 76972 31805.7 67609.6 36984.6 52615.6 
47470.9 17441.3 44809.2 48353 61214.8 17397.1 63345.6 44308.6 13237.1 90139.9 19043.4 95000.7 45660.6 87333 45930.8 53297.7 56646 63287 26261.9 71441.3 56188.3 57471.8 8154.14 53991.2 24782.5 48978.1 76320.7 38506.4 7808.97 17649.1 61511.1 43996.9 57987.1 29427.9 46344.1 59841.1 51265.7 36280.2 56002.2 24419.9 
76327.3 48940.1 52633.9 46054.1 30961.3 23985.2 82716.2 57336.2 24462.4 79162.4 49961 85328.5 50796.3 83944.7 76540.5 35739.3 56674 41194.7 57333.1 98931.5 84423.3 55187.1 42520.6 18221.4 38107.2 52703.1 94617.7 7576.94 29315.7 50312 25088 66966.9 70997.5 59583.6 44996.1 34640 59134.6 12206.6 60742.1 23461 
