40 40 16
777 335 649 27 763 426 211 429 862 135 22 167 11 373 784 324 413 980 862 281 84 505 313 895 814 364 87 178 403 399 676 12 94 570 467 902 652 280 865 619 
44000 72900 3100 11700 9700 77100 48100 67500 70900 92700 56700 85600 49700 35300 58600 96500 
10 0 4 3 12 5 10 11 11 4 9 4 11 11 3 7 11 9 13 1 15 9 11 10 8 0 13 15 10 5 1 10 14 3 12 4 2 14 5 2 
7313.61 6191.12 4034.08 2984.85 1601.53 4026.04 7269.18 4693.92 3263.77 5802.62 6327.76 6427.48 3745.25 6410.78 7474.25 1475.03 3977.75 2025.66 7086.92 9310.74 8008.25 3747.33 5354.15 1982.45 3412.87 3822.05 8316.01 1373.83 3798.03 5359.56 2954.35 6079.68 5861.21 5937.27 2954.35 1469.97 4566.02 1097.86 4548.55 2250.8 
1457.74 3947.82 4047.28 5201.25 8280.02 5176.53 3807.37 3435.35 4252.02 9002.45 4068.93 9295.72 4364.06 8052.08 1172.73 6730.6 5443.99 7800.03 4280.05 3791.95 2294.45 5715.12 3482.64 8162.41 3304.42 4657.15 4998.66 6575.9 3872.58 1697.59 9060.56 2074.22 4152.46 767.919 5018.81 7774.35 4337.76 6139.09 4934.21 4563.44 
5878.82 3024.83 4431.37 4316.77 4652.49 1038.17 6970.93 4654.21 542.033 8297.78 3152.79 8847.58 4385.26 8333.34 5826.83 4222.43 5309.28 5114.23 3911.89 8230.01 6728 5290.49 2266.38 3800.33 2505.45 4671.24 8238.96 2279.69 907.855 3077.09 4548.16 5178.97 6086.85 4115.39 4143.07 4656.39 5121.18 2147.86 5465.28 1519.24 
5301.82 7724.31 1698 1511.19 5214.22 6781.74 3808.25 2218.22 5370.18 3349.78 7890.74 3665.31 1512.38 2670.3 5713.16 3165.26 450.444 3771.8 8518.34 6359.12 5580.99 653.682 6797.77 6356.93 3587.1 1173.24 4443.57 5458.09 5612.31 5423.62 7301.42 3837.25 2223.96 5046.68 1643.05 4277.87 1326.08 4905.97 747.329 4258.37 
6390.15 4951.86 3624.16 2948.22 2821.1 2907.25 6720.6 4146.54 2014.67 6519.15 5091.56 7106.97 3422.57 6820.92 6493.67 2277.02 4011.23 3126.05 5849.53 8528.55 7143.7 3880.21 4104.66 2584.96 2443.64 3604.72 7872 1128.94 2546.86 4189.18 3542.44 5287.82 5473.91 4878.53 2835.58 2684.12 4260.38 565.862 4407.29 1072.01 
4440.02 1380.62 4705.96 5205.25 6724.08 2244.75 6241.35 4555.44 1935.07 9398.22 1546.93 9860.83 4834.23 9014.17 4231.32 5854.11 5966.32 6872.58 2193.17 6829.39 5309.28 6080.54 503.587 6020.98 2783.52 5172.64 7534.84 4471.61 1392.3 1482.77 6768.05 4282.99 5862.33 2668.95 5000.69 6556.68 5317.91 4238.91 5827.73 2988.14 
1436.8 6720.93 3810.47 5150.07 9040.98 7465.9 1320.19 3049.1 6230.77 7884.95 6854.14 7991.86 4171.38 6495.37 1905.39 7107.52 4811.2 8055.97 7115.12 1677.05 992.018 5165.5 6122.83 9464.82 4518.52 4296.84 2236.52 8011.67 6029.04 4162.93 10439.2 1630.28 2606.93 2983.91 5047.23 8292.99 3612.48 7470.92 4070.7 5989.49 
6316.68 2380.76 5386.97 5359.56 5471.54 158.114 7705.6 5531.3 1412.3 9353.87 2471.3 9904.37 5372.01 9375.06 6184.63 5243.14 6336.1 6093.61 3199.2 8709.09 7185.79 6330.85 1894.76 4357.26 3391.47 5670.6 8993.94 3010.15 1361.25 3354.12 4951.22 5828.08 6956.91 4511.36 5181.68 5587.16 6072.77 3028.88 6451.52 2571.87 
1609.63 4279.84 2904.96 4075.45 7333.68 4919.55 3172.38 2306.71 3757.55 7867.87 4426.34 8172.67 3223.18 6965.21 1688.61 5681.17 4303.08 6740.72 4805.26 3936.34 2437.42 4572.8 3597.07 7387.56 2383.21 3514.84 4452.2 5835.61 3498.57 1633.06 8323.17 1225.77 3167.46 596.825 3897.59 6765.04 3212.86 5349.7 3809.63 3778.9 
7050.25 4491.38 4766.43 4201.71 3278.44 2081.47 7723.71 5204.02 1894.23 7717.6 4604.87 8318.95 4603.69 8081.1 7072.21 3398.82 5263.8 4078.06 5354.94 9314.27 7860.8 5141.91 3790.33 2265.66 3242.01 4813.86 8926.39 810.247 2399.27 4464.48 3039.42 6124.13 6587.27 5378 4079.62 3487.25 5429 981.122 5624.11 1787.18 
8599.96 8650.47 4719.75 3373.8 1916.38 6614.47 7748.47 5491.02 5705.61 3784.42 8796.96 4433.84 4353.54 4977.84 8885.19 1681.22 3835.64 626.498 9549.12 10170.3 9120.89 3480.42 7763.64 3681.7 5175.37 4215.32 8494.15 3916.99 6208.41 7356.64 4327.82 7172.51 6162.63 7619.99 3502.74 1190.38 4932.07 3698.99 4598.31 4514.65 
2605.09 8002.01 4967.17 6268.28 10253.7 8849.18 1843.58 4241.99 7618.53 8470.01 8127.54 8475.74 5311.54 6898.91 2970.42 8265.74 5765.56 9159.33 8330.1 940.213 1813.34 6126.12 7453.25 10776.8 5881.54 5380.05 1829.13 9353.61 7414.82 5507.53 11756.6 3002.68 3434.94 4317.24 6191.9 9460.54 4640.4 8804.5 4999.73 7349.32 
4941.44 773.369 5328.24 5782.61 7038.55 2147.3 6840.36 5187.68 2254.88 9971.28 938.616 10445.5 5447.37 9627 4692.56 6314.95 6571.23 7307.56 1640.12 7311.67 5802.8 6674.5 172.047 6190.01 3380.53 5784.48 8130.3 4694.6 1729.31 2052.95 6872.15 4880.16 6492.68 3212.37 5579.51 6945.08 5945.77 4531.71 6450.61 3424.76 
5438.54 8102.64 2034.94 1940.23 5549.82 7205.73 3750.55 2463.43 5790.08 3156.26 8269.06 3408.47 1893.07 2296.11 5869.86 3521.21 881.419 4055.58 8885.41 6335.69 5654.06 1041.2 7180.93 6745.23 3980.26 1560.8 4267.1 5877.77 6022.31 5754.1 7681.47 3996.96 2210.02 5312.66 2074.08 4601.09 1556.57 5328.57 962.133 4687.06 
7154.89 3616.1 5532.63 5197.36 4468.17 1084.62 8222.6 5838.23 1825.38 8911.76 3700.66 9500.81 5435.3 9167.58 7087.98 4625.55 6240.87 5332.74 4414.53 9512.37 8007.56 6165.2 3103.37 3179.7 3715.98 5690.04 9479.31 2017.92 2121.51 4300.1 3720.22 6456.57 7265.09 5379.39 5048.96 4737.62 6219.01 2226.23 6500.62 2472.91 
6602.12 7400.74 2688.81 1349.52 3042.53 5800.56 5729.65 3459.51 4585.07 3528.7 7560.03 4110.01 2322.07 3950.01 6911.85 1044.03 1872.11 1633.71 8278.8 8130.89 7093.89 1541.56 6467.47 4326.85 3485.89 2175.68 6540.03 3740.92 4999.37 5678.66 5227.32 5156.37 4155.54 5761.02 1500.3 2098.98 2899.93 3272.46 2610.94 3319.04 
4126.98 5998.54 276.586 1128.72 5023.09 5231.8 3519.5 1008.46 3791.58 4962.91 6164.97 5346.27 228.035 4396.02 4452.2 3050.84 1388.52 4010.61 6786.77 5732.83 4623.91 1595.12 5076.87 5700.88 1888.54 565.685 4568.06 4472.19 3965.61 3713.97 6685.96 2678.54 2128.5 3470.81 997.246 4239.87 917.824 3895.25 1254.19 2835.91 
6831.59 4020.61 4818.64 4382.44 3756.59 1601.53 7660.79 5193.11 1549.23 8048.66 4131.46 8638.73 4689.84 8327.14 6823.09 3766.3 5435.75 4501.56 4879.43 9135.34 7659.69 5342.68 3342.15 2710.02 3141.27 4925.46 8889.6 1290.77 2015.47 4144.03 3430.76 5986.95 6602.31 5116.26 4243.41 3935.14 5496.27 1387.08 5738.47 1759.6 
6671.71 8780.93 2970.69 2235.73 4859.89 7534.89 5051.99 3569.1 6197.18 2030.27 8946.25 2441.25 2705.12 1950.92 7083.16 3022.73 1559.13 3228.89 9612.52 7639.44 6933.43 1352.81 7841.66 6298.58 4638.16 2376.99 5503.28 5724.7 6522.28 6638.95 7166.94 5207.47 3511.72 6362.42 2434.3 3892.81 2691.64 5231.8 2117.47 4979.81 
6316.56 3776.69 4367.15 4024.49 3905.7 1555.89 7156.68 4709.79 1081.67 7831.64 3901.24 8405.24 4259.21 8011.1 6314.19 3631.27 5063.33 4459.07 4659.07 8617.01 7142.67 4995.45 3023 3064.91 2634.1 4510.4 8392.31 1523.29 1588.58 3662.85 3852.53 5470.11 6127.22 4610.1 3872.42 3957.9 5050.71 1413.26 5321.59 1299.88 
3743.63 9140.25 5750.83 6988.96 11028.2 9938.66 2505.69 5077.11 8676.66 8682.54 9266.07 8602.85 6072.13 6996.87 4100.99 8997.64 6354.37 9827.48 9465.99 1729.31 2940.15 6710.59 8583.86 11671 6875.54 6089.11 1808.54 10297.2 8497.44 6632.31 12655.7 4039.43 4039.67 5444.93 6938.51 10191.5 5326.65 9737.32 5592.8 8330.31 
6219.11 4130.88 3998.05 3574.76 3555.57 2024.75 6892.31 4393.55 1261.43 7348.32 4263.95 7923.06 3865.14 7545.73 6255 3155.27 4622.52 4005.86 5023.55 8471.72 7023.4 4541.2 3324.53 2914.81 2398.27 4100.99 8105.58 1319.39 1804 3716.52 3777.19 5279.1 5793.31 4572.2 3429.87 3533.75 4673.6 1049.24 4913.95 957.549 
4678.98 2355.93 3959.42 4242.23 5587.89 1786 6036.64 3976.69 851.469 8412.59 2515.49 8904.84 4019.32 8168.82 4589.12 4725.47 5096.6 5732.83 3238.04 7059.31 5541.73 5165.51 1426.36 4979.53 1933.52 4345.77 7329.18 3399.91 382.884 1800.69 5782.47 4146.09 5376.78 2886.17 4043.09 5408.33 4621.22 3120.79 5070.63 1844.91 
2276.95 3125.54 4117.09 5125.51 7855.04 4386.34 4462.87 3621.78 3564.77 9114.92 3252.28 9459.1 4391.18 8315.15 2011.62 6456.97 5527.94 7532.6 3515.52 4630.68 3127.71 5760.7 2644.26 7587.21 2959.75 4711.23 5701.48 5990.83 3141.02 970.618 8453.85 2585.44 4570.73 807.094 4929.79 7430.17 4523.55 5594.83 5114.69 4046.05 
8739.5 6720.37 5649.07 4608.31 1454.13 4259.2 8871.19 6286.66 4036.09 6976.72 6830.79 7622.87 5368.51 7825.45 8850.37 2895.88 5581.87 2943.35 7576.73 10832 9478.28 5332.4 6016.52 392.046 4791.5 5450.11 9937.35 1483.37 4569.86 6478.93 1327.4 7588.29 7484.84 7230.01 4582.1 2192.03 6192.71 1837.74 6172.46 3413.17 
340.147 5599.04 4253.4 5574.31 9160.81 6725.91 2675.26 3500.01 5659.84 8848.82 5716.86 9032.3 4616.24 7617.57 520.384 7383.66 5496.59 8407.88 5886.47 2141.07 644.981 5825.16 5127.11 9311.25 4286.64 4830.04 3662.85 7769.18 5352.1 3257.19 10253.9 1780.03 3605.69 2092.46 5429.05 8521.88 4281.69 7274.79 4831.82 5710.77 
8316.33 4759.43 6327.12 5762.54 4047.97 2270.59 9212.6 6733.74 2970.39 9100.43 4826.73 9720.44 6172.79 9587.18 8274.36 4759.8 6825.52 5245.85 5504.55 10648.3 9157.96 6691.08 4318.85 2435.59 4692.94 6385.46 10438.8 1940.31 3329.62 5512.94 2716.47 7527.34 8133.54 6562.7 5645.88 4555.81 6994.75 2411 7195.76 3296.19 
7083.63 7550.66 3202.14 1855.86 2525.39 5791.24 6281.82 3973.16 4666.4 3658.76 7706.11 4274.81 2836.51 4304.65 7376.29 686.586 2428.87 1077.03 8439.76 8665.85 7601.24 2094.23 6629.42 3914.72 3789.3 2713.12 7098.01 3505.61 5117.86 5990.01 4780.93 5652.79 4711.1 6158.77 1982.95 1567.07 3448.04 3093.86 3168.91 3407.08 
1626.41 4165.3 3019.42 4173.54 7381.4 4859.56 3289.76 2432.82 3723.61 7990 4310.45 8298.73 3333.05 7097.17 1664.12 5752.56 4421.09 6815.35 4680.28 3980.16 2470.73 4687 3496.54 7403.16 2416.98 3628.61 4565.3 5843.77 3447.68 1530.62 8333.26 1350.93 3303.41 461.411 3993.26 6826.63 3339.52 5365.54 3936.11 3790.57 
3946.35 3386 2759.86 3189.25 5329.89 2863.98 4940.65 2769.57 1504.79 7382.21 3552.03 7841.15 2845.29 7019.44 3974.54 4063.41 3957.79 5127.62 4212.28 6241.09 4765.98 4062.08 2452.04 5123.72 766.094 3179.07 6219.33 3542.49 1441.25 1641.49 6031.95 3136.51 4180.19 2303.26 2984.02 4948.72 3413.69 3099.44 3877.69 1527.78 
2532.98 7925.26 5238.83 6557.35 10510.1 8892.5 2204.84 4496.78 7702.11 8871.44 8044.9 8886.99 5590.35 7314.6 2841.64 8543.65 6099.44 9458 8210.05 522.015 1685.14 6459.63 7419.39 10974.6 6029.34 5677.89 2254.6 9524.94 7470.62 5496.76 11950.3 3141.11 3781.44 4304.43 6471.48 9735.98 4951.04 8983.86 5336.46 7500.67 
8533.53 7523.54 4981.86 3740.37 311.448 5251.79 8214.16 5708.12 4620.31 5462.06 7655.06 6111.38 4648.14 6440.02 8729.68 1757.27 4563.55 1432.83 8414.57 10413.4 9182.29 4260.05 6707.74 1926.34 4711.03 4637.97 9154.78 2386.57 5159.12 6722.41 2639.19 7226.69 6710.18 7247.54 3779.43 696.348 5403.74 2356.48 5249.48 3625.52 
6937.45 7474.07 3051.38 1705.11 2648.02 5754.07 6130.13 3822.51 4604.49 3649.4 7630.53 4256.99 2685.55 4232.12 7232.79 730.068 2283.2 1228.01 8360.86 8513.74 7451.61 1951.67 6549.41 3997.22 3674.62 2560.82 6950.18 3529.55 5047.23 5875.53 4876.4 5504.36 4560.32 6026.85 1834.69 1696.14 3295.97 3099.68 3020.26 3341.17 
866.487 5601.08 3135.36 4469 8168.54 6290.76 1952.26 2373.56 5073.51 7726.53 5740.03 7927.38 3500.69 6546.71 1325.93 6327.4 4358.39 7332.19 6049.48 2666.25 1309.24 4688.37 4966.95 8452.24 3443.98 3701.95 3166.39 6956.96 4856.84 3001.93 9415.23 662.873 2533.08 1842.2 4332.63 7485.75 3143.06 6432.81 3695 4910.76 
3488.27 3487.94 2598.56 3220.25 5685.16 3254.98 4535.6 2491.47 1941.78 7390.32 3654.09 7820.6 2740.07 6915.27 3525.75 4304.09 3887.42 5377.6 4266.45 5782.36 4306.33 4030.53 2582.13 5554.46 822.8 3080.26 5822.44 3981.52 1810.33 1379.28 6472.13 2697 3866.79 1873.85 3014.38 5250.95 3214.59 3522.3 3720.03 1943.4 
5494.59 7628.6 1725.4 1234.71 4832.57 6572.2 4130.11 2343.86 5179.36 3273.41 7794.75 3649.07 1469.86 2811.49 5887.78 2786.92 313.847 3391.65 8441.26 6656.2 5820.31 288.617 6694.81 5994.37 3476.97 1136 4808.17 5133.91 5451.62 5411.33 6933.82 4019.66 2537.28 5117.66 1394.63 3895.13 1500.83 4589.26 988.585 4028.66 
5764.9 5706.29 2371.24 1486.37 3063.41 4100.78 5600.29 3025.38 2861.75 5220.67 5863.15 5775.3 2099.55 5375.84 5973.69 1453.44 2547.72 2525.17 6592.67 7672.94 6414 2410.33 4781.27 3608 2054.77 2218.94 6661.27 2483.87 3285.36 4222.38 4592.34 4463.19 4212.84 4559.23 1392.84 2452.31 2934.37 1920.03 2995.41 1595.52 
1046.9 6042.39 3267.25 4613.07 8412.15 6716.58 1574.71 2495.96 5479.43 7664.16 6180.52 7830.01 3633.73 6402.52 1548.58 6523.96 4400.18 7504.57 6480.69 2334.03 1151.56 4742.7 5410.97 8767.62 3790.33 3801.47 2746.34 7294.96 5278.3 3445.81 9737.25 910.494 2395.85 2284.93 4491.69 7697.2 3180.57 6760.96 3698.46 5261.56 
4747.09 1744.13 4480.92 4835.3 6121.48 1739.71 6334.56 4430.86 1323.71 9013.99 1904.34 9500.07 4566.06 8733.3 4593.08 5329.77 5664.6 6328.7 2626.19 7144.13 5618.83 5747.18 815.414 5399.12 2478.25 4897.81 7632.07 3850.64 780.897 1764.91 6151.11 4399.69 5798.71 2942.79 4634.41 5984.11 5126.57 3628.02 5600.22 2441.99 
7632.73 4894.01 5263.39 4605.41 3096.13 2398.52 8271.62 5733.62 2446.24 7916.24 4996.1 8532.85 5079.63 8394.47 7654.05 3573.93 5667.4 4119.47 5733.31 9893.15 8442.33 5518.71 4252.06 1822.14 3810.72 5270.31 9461.77 757.694 2931.57 5031.2 2508.8 6696.69 7099.75 5958.36 4499.61 3464 5913.46 1220.66 6074.21 2346.1 
