40 40 16
777 335 649 27 763 426 211 429 862 135 22 167 11 373 784 324 413 980 862 281 84 505 313 895 814 364 87 178 403 399 676 12 94 570 467 902 652 280 865 619 
44 72.9 3.1 11.7 9.7 77.1 48.1 67.5 70.9 92.7 56.7 85.6 49.7 35.3 58.6 96.5 
10 0 4 3 12 5 10 11 11 4 9 4 11 11 3 7 11 9 13 1 15 9 11 10 8 0 13 15 10 5 1 10 14 3 12 4 2 14 5 2 
731.361 619.112 403.408 298.485 160.153 402.604 726.918 469.392 326.377 580.262 632.776 642.748 374.525 641.078 747.425 147.503 397.775 202.566 708.692 931.074 800.825 374.733 535.415 198.245 341.287 382.205 831.601 137.383 379.803 535.956 295.435 607.968 586.121 593.727 295.435 146.997 456.602 109.786 454.855 225.08 
145.774 394.782 404.728 520.125 828.002 517.653 380.737 343.535 425.202 900.245 406.893 929.572 436.406 805.208 117.273 673.06 544.399 780.003 428.005 379.195 229.445 571.512 348.264 816.241 330.442 465.715 499.866 657.59 387.258 169.759 906.056 207.422 415.246 76.7919 501.881 777.435 433.776 613.909 493.421 456.344 
587.882 302.483 443.137 431.677 465.249 103.817 697.093 465.421 54.2033 829.778 315.279 884.758 438.526 833.334 582.683 422.243 530.928 511.423 391.189 823.001 672.8 529.049 226.638 380.033 250.545 467.124 823.896 227.969 90.7855 307.709 454.816 517.897 608.685 411.539 414.307 465.639 512.118 214.786 546.528 151.924 
530.182 772.431 169.8 151.119 521.422 678.174 380.825 221.822 537.018 334.978 789.074 366.531 151.238 267.03 571.316 316.526 45.0444 377.18 851.834 635.912 558.099 65.3682 679.777 635.693 358.71 117.324 444.357 545.809 561.231 542.362 730.142 383.725 222.396 504.668 164.305 427.787 132.608 490.597 74.7329 425.837 
639.015 495.186 362.416 294.822 282.11 290.725 672.06 414.654 201.467 651.915 509.156 710.697 342.257 682.092 649.367 227.702 401.123 312.605 584.953 852.855 714.37 388.021 410.466 258.496 244.364 360.472 787.2 112.894 254.686 418.918 354.244 528.782 547.391 487.853 283.558 268.412 426.038 56.5862 440.729 107.201 
444.002 138.062 470.596 520.525 672.408 224.475 624.135 455.544 193.507 939.822 154.693 986.083 483.423 901.417 423.132 585.411 596.632 687.258 219.317 682.939 530.928 608.054 50.3587 602.098 278.352 517.264 753.484 447.161 139.23 148.277 676.805 428.299 586.233 266.895 500.069 655.668 531.791 423.891 582.773 298.814 
143.68 672.093 381.047 515.007 904.098 746.59 132.019 304.91 623.077 788.495 685.414 799.186 417.138 649.537 190.539 710.752 481.12 805.597 711.512 167.705 99.2018 516.55 612.283 946.482 451.852 429.684 223.652 801.167 602.904 416.293 1043.92 163.028 260.693 298.391 504.723 829.299 361.248 747.092 407.07 598.949 
631.668 238.076 538.697 535.956 547.154 15.8114 770.56 553.13 141.23 935.387 247.13 990.437 537.201 937.506 618.463 524.314 633.61 609.361 319.92 870.909 718.579 633.085 189.476 435.726 339.147 567.06 899.394 301.015 136.125 335.412 495.122 582.808 695.691 451.136 518.168 558.716 607.277 302.888 645.152 257.187 
160.963 427.984 290.496 407.545 733.368 491.955 317.238 230.671 375.755 786.787 442.634 817.267 322.318 696.521 168.861 568.117 430.308 674.072 480.526 393.634 243.742 457.28 359.707 738.756 238.321 351.484 445.22 583.561 349.857 163.306 832.317 122.577 316.746 59.6825 389.759 676.504 321.286 534.97 380.963 377.89 
705.025 449.138 476.643 420.171 327.844 208.147 772.371 520.402 189.423 771.76 460.487 831.895 460.369 808.11 707.221 339.882 526.38 407.806 535.494 931.427 786.08 514.191 379.033 226.566 324.201 481.386 892.639 81.0247 239.927 446.448 303.942 612.413 658.727 537.8 407.962 348.725 542.9 98.1122 562.411 178.718 
859.996 865.047 471.975 337.38 191.638 661.447 774.847 549.102 570.561 378.442 879.696 443.384 435.354 497.784 888.519 168.122 383.564 62.6498 954.912 1017.03 912.089 348.042 776.364 368.17 517.537 421.532 849.415 391.699 620.841 735.664 432.782 717.251 616.263 761.999 350.274 119.038 493.207 369.899 459.831 451.465 
260.509 800.201 496.717 626.828 1025.37 884.918 184.358 424.199 761.853 847.001 812.754 847.574 531.154 689.891 297.042 826.574 576.556 915.933 833.01 94.0213 181.334 612.612 745.325 1077.68 588.154 538.005 182.913 935.361 741.482 550.753 1175.66 300.268 343.494 431.724 619.19 946.054 464.04 880.45 499.973 734.932 
494.144 77.3369 532.824 578.261 703.855 214.73 684.036 518.768 225.488 997.128 93.8616 1044.55 544.737 962.7 469.256 631.495 657.123 730.756 164.012 731.167 580.28 667.45 17.2047 619.001 338.053 578.448 813.03 469.46 172.931 205.295 687.215 488.016 649.268 321.237 557.951 694.508 594.577 453.171 645.061 342.476 
543.854 810.264 203.494 194.023 554.982 720.573 375.055 246.343 579.008 315.626 826.906 340.847 189.307 229.611 586.986 352.121 88.1419 405.558 888.541 633.569 565.406 104.12 718.093 674.523 398.026 156.08 426.71 587.777 602.231 575.41 768.147 399.696 221.002 531.266 207.408 460.109 155.657 532.857 96.2133 468.706 
715.489 361.61 553.263 519.736 446.817 108.462 822.26 583.823 182.538 891.176 370.066 950.081 543.53 916.758 708.798 462.555 624.087 533.274 441.453 951.237 800.756 616.52 310.337 317.97 371.598 569.004 947.931 201.792 212.151 430.01 372.022 645.657 726.509 537.939 504.896 473.762 621.901 222.623 650.062 247.291 
660.212 740.074 268.881 134.952 304.253 580.056 572.965 345.951 458.507 352.87 756.003 411.001 232.207 395.001 691.185 104.403 187.211 163.371 827.88 813.089 709.389 154.156 646.747 432.685 348.589 217.568 654.003 374.092 499.937 567.866 522.732 515.637 415.554 576.102 150.03 209.898 289.993 327.246 261.094 331.904 
412.698 599.854 27.6586 112.872 502.309 523.18 351.95 100.846 379.158 496.291 616.497 534.627 22.8035 439.602 445.22 305.084 138.852 401.061 678.677 573.283 462.391 159.512 507.687 570.088 188.854 56.5685 456.806 447.219 396.561 371.397 668.596 267.854 212.85 347.081 99.7246 423.987 91.7824 389.525 125.419 283.591 
683.159 402.061 481.864 438.244 375.659 160.153 766.079 519.311 154.923 804.866 413.146 863.873 468.984 832.714 682.309 376.63 543.575 450.156 487.943 913.534 765.969 534.268 334.215 271.002 314.127 492.546 888.96 129.077 201.547 414.403 343.076 598.695 660.231 511.626 424.341 393.514 549.627 138.708 573.847 175.96 
667.171 878.093 297.069 223.573 485.989 753.489 505.199 356.91 619.718 203.027 894.625 244.125 270.512 195.092 708.316 302.273 155.913 322.889 961.252 763.944 693.343 135.281 784.166 629.858 463.816 237.699 550.328 572.47 652.228 663.895 716.694 520.747 351.172 636.242 243.43 389.281 269.164 523.18 211.747 497.981 
631.656 377.669 436.715 402.449 390.57 155.589 715.668 470.979 108.167 783.164 390.124 840.524 425.921 801.11 631.419 363.127 506.333 445.907 465.907 861.701 714.267 499.545 302.3 306.491 263.41 451.04 839.231 152.329 158.858 366.285 385.253 547.011 612.722 461.01 387.242 395.79 505.071 141.326 532.159 129.988 
374.363 914.025 575.083 698.896 1102.82 993.866 250.569 507.711 867.666 868.254 926.607 860.285 607.213 699.687 410.099 899.764 635.437 982.748 946.599 172.931 294.015 671.059 858.386 1167.1 687.554 608.911 180.854 1029.72 849.744 663.231 1265.57 403.943 403.967 544.493 693.851 1019.15 532.665 973.732 559.28 833.031 
621.911 413.088 399.805 357.476 355.557 202.475 689.231 439.355 126.143 734.832 426.395 792.306 386.514 754.573 625.5 315.527 462.252 400.586 502.355 847.172 702.34 454.12 332.453 291.481 239.827 410.099 810.558 131.939 180.4 371.652 377.719 527.91 579.331 457.22 342.987 353.375 467.36 104.924 491.395 95.7549 
467.898 235.593 395.942 424.223 558.789 178.6 603.664 397.669 85.1469 841.259 251.549 890.484 401.932 816.882 458.912 472.547 509.66 573.283 323.804 705.931 554.173 516.551 142.636 497.953 193.352 434.577 732.918 339.991 38.2884 180.069 578.247 414.609 537.678 288.617 404.309 540.833 462.122 312.079 507.063 184.491 
227.695 312.554 411.709 512.551 785.504 438.634 446.287 362.178 356.477 911.492 325.228 945.91 439.118 831.515 201.162 645.697 552.794 753.26 351.552 463.068 312.771 576.07 264.426 758.721 295.975 471.123 570.148 599.083 314.102 97.0618 845.385 258.544 457.073 80.7094 492.979 743.017 452.355 559.483 511.469 404.605 
873.95 672.037 564.907 460.831 145.413 425.92 887.119 628.666 403.609 697.672 683.079 762.287 536.851 782.545 885.037 289.588 558.187 294.335 757.673 1083.2 947.828 533.24 601.652 39.2046 479.15 545.011 993.735 148.337 456.986 647.893 132.74 758.829 748.484 723.001 458.21 219.203 619.271 183.774 617.246 341.317 
34.0147 559.904 425.34 557.431 916.081 672.591 267.526 350.001 565.984 884.882 571.686 903.23 461.624 761.757 52.0384 738.366 549.659 840.788 588.647 214.107 64.4981 582.516 512.711 931.125 428.664 483.004 366.285 776.918 535.21 325.719 1025.39 178.003 360.569 209.246 542.905 852.188 428.169 727.479 483.182 571.077 
831.633 475.943 632.712 576.254 404.797 227.059 921.26 673.374 297.039 910.043 482.673 972.044 617.279 958.718 827.436 475.98 682.552 524.585 550.455 1064.83 915.796 669.108 431.885 243.559 469.294 638.546 1043.88 194.031 332.962 551.294 271.647 752.734 813.354 656.27 564.588 455.581 699.475 241.1 719.576 329.619 
708.363 755.066 320.214 185.586 252.539 579.124 628.182 397.316 466.64 365.876 770.611 427.481 283.651 430.465 737.629 68.6586 242.887 107.703 843.976 866.585 760.124 209.423 662.942 391.472 378.93 271.312 709.801 350.561 511.786 599.001 478.093 565.279 471.11 615.877 198.295 156.707 344.804 309.386 316.891 340.708 
162.641 416.53 301.942 417.354 738.14 485.956 328.976 243.282 372.361 799 431.045 829.873 333.305 709.717 166.412 575.256 442.109 681.535 468.028 398.016 247.073 468.7 349.654 740.316 241.698 362.861 456.53 584.377 344.768 153.062 833.326 135.093 330.341 46.1411 399.326 682.663 333.952 536.554 393.611 379.057 
394.635 338.6 275.986 318.925 532.989 286.398 494.065 276.957 150.479 738.221 355.203 784.115 284.529 701.944 397.454 406.341 395.779 512.762 421.228 624.109 476.598 406.208 245.204 512.372 76.6094 317.907 621.933 354.249 144.125 164.149 603.195 313.651 418.019 230.326 298.402 494.872 341.369 309.944 387.769 152.778 
253.298 792.526 523.883 655.735 1051.01 889.25 220.484 449.678 770.211 887.144 804.49 888.699 559.035 731.46 284.164 854.365 609.944 945.8 821.005 52.2015 168.514 645.963 741.939 1097.46 602.934 567.789 225.46 952.494 747.062 549.676 1195.03 314.111 378.144 430.443 647.148 973.598 495.104 898.386 533.646 750.067 
853.353 752.354 498.186 374.037 31.1448 525.179 821.416 570.812 462.031 546.206 765.506 611.138 464.814 644.002 872.968 175.727 456.355 143.283 841.457 1041.34 918.229 426.005 670.774 192.634 471.103 463.797 915.478 238.657 515.912 672.241 263.919 722.669 671.018 724.754 377.943 69.6348 540.374 235.648 524.948 362.552 
693.745 747.407 305.138 170.511 264.802 575.407 613.013 382.251 460.449 364.94 763.053 425.699 268.555 423.212 723.279 73.0068 228.32 122.801 836.086 851.374 745.161 195.167 654.941 399.722 367.462 256.082 695.018 352.955 504.723 587.553 487.64 550.436 456.032 602.685 183.469 169.614 329.597 309.968 302.026 334.117 
86.6487 560.108 313.536 446.9 816.854 629.076 195.226 237.356 507.351 772.653 574.003 792.738 350.069 654.671 132.593 632.74 435.839 733.219 604.948 266.625 130.924 468.837 496.695 845.224 344.398 370.195 316.639 695.696 485.684 300.193 941.523 66.2873 253.308 184.22 433.263 748.575 314.306 643.281 369.5 491.076 
348.827 348.794 259.856 322.025 568.516 325.498 453.56 249.147 194.178 739.032 365.409 782.06 274.007 691.527 352.575 430.409 388.742 537.76 426.645 578.236 430.633 403.053 258.213 555.446 82.28 308.026 582.244 398.152 181.033 137.928 647.213 269.7 386.679 187.385 301.438 525.095 321.459 352.23 372.003 194.34 
549.459 762.86 172.54 123.471 483.257 657.22 413.011 234.386 517.936 327.341 779.475 364.907 146.986 281.149 588.778 278.692 31.3847 339.165 844.126 665.62 582.031 28.8617 669.481 599.437 347.697 113.6 480.817 513.391 545.162 541.133 693.382 401.966 253.728 511.766 139.463 389.513 150.083 458.926 98.8585 402.866 
576.49 570.629 237.124 148.637 306.341 410.078 560.029 302.538 286.175 522.067 586.315 577.53 209.955 537.584 597.369 145.344 254.772 252.517 659.267 767.294 641.4 241.033 478.127 360.8 205.477 221.894 666.127 248.387 328.536 422.238 459.234 446.319 421.284 455.923 139.284 245.231 293.437 192.003 299.541 159.552 
104.69 604.239 326.725 461.307 841.215 671.658 157.471 249.596 547.943 766.416 618.052 783.001 363.373 640.252 154.858 652.396 440.018 750.457 648.069 233.403 115.156 474.27 541.097 876.762 379.033 380.147 274.634 729.496 527.83 344.581 973.725 91.0494 239.585 228.493 449.169 769.72 318.057 676.096 369.846 526.156 
474.709 174.413 448.092 483.53 612.148 173.971 633.456 443.086 132.371 901.399 190.434 950.007 456.606 873.33 459.308 532.977 566.46 632.87 262.619 714.413 561.883 574.718 81.5414 539.912 247.825 489.781 763.207 385.064 78.0897 176.491 615.111 439.969 579.871 294.279 463.441 598.411 512.657 362.802 560.022 244.199 
763.273 489.401 526.339 460.541 309.613 239.852 827.162 573.362 244.624 791.624 499.61 853.285 507.963 839.447 765.405 357.393 566.74 411.947 573.331 989.315 844.233 551.871 425.206 182.214 381.072 527.031 946.177 75.7694 293.157 503.12 250.88 669.669 709.975 595.836 449.961 346.4 591.346 122.066 607.421 234.61 
