40 40 16
777 335 649 27 763 426 211 429 862 135 22 167 11 373 784 324 413 980 862 281 84 505 313 895 814 364 87 178 403 399 676 12 94 570 467 902 652 280 865 619 
4400 7290 310 1170 970 7710 4810 6750 7090 9270 5670 8560 4970 3530 5860 9650 
10 0 4 3 12 5 10 11 11 4 9 4 11 11 3 7 11 9 13 1 15 9 11 10 8 0 13 15 10 5 1 10 14 3 12 4 2 14 5 2 
731361 619112 403408 298485 160153 402604 726918 469392 326377 580262 632776 642748 374525 641078 747425 147503 397775 202566 708692 931074 800825 374733 535415 198245 341287 382205 831601 137383 379803 535956 295435 607968 586121 593727 295435 146997 456602 109786 454855 225080 
145774 394782 404728 520125 828002 517653 380737 343535 425202 900245 406893 929572 436406 805208 117273 673060 544399 780003 428005 379195 229445 571512 348264 816241 330442 465715 499866 657590 387258 169759 906056 207422 415246 76791.9 501881 777435 433776 613909 493421 456344 
587882 302483 443137 431677 465249 103817 697093 465421 54203.3 829778 315279 884758 438526 833334 582683 422243 530928 511423 391189 823001 672800 529049 226638 380033 250545 467124 823896 227969 90785.5 307709 454816 517897 608685 411539 414307 465639 512118 214786 546528 151924 
530182 772431 169800 151119 521422 678174 380825 221822 537018 334978 789074 366531 151238 267030 571316 316526 45044.4 377180 851834 635912 558099 65368.2 679777 635693 358710 117324 444357 545809 561231 542362 730142 383725 222396 504668 164305 427787 132608 490597 74732.9 425837 
639015 495186 362416 294822 282110 290725 672060 414654 201467 651915 509156 710697 342257 682092 649367 227702 401123 312605 584953 852855 714370 388021 410466 258496 244364 360472 787200 112894 254686 418918 354244 528782 547391 487853 283558 268412 426038 56586.2 440729 107201 
444002 138062 470596 520525 672408 224475 624135 455544 193507 939822 154693 986083 483423 901417 423132 585411 596632 687258 219317 682939 530928 608054 50358.7 602098 278352 517264 753484 447161 139230 148277 676805 428299 586233 266895 500069 655668 531791 423891 582773 298814 
143680 672093 381047 515007 904098 746590 132019 304910 623077 788495 685414 799186 417138 649537 190539 710752 481120 805597 711512 167705 99201.8 516550 612283 946482 451852 429684 223652 801167 602904 416293 1.04392e+06 163028 260693 298391 504723 829299 361248 747092 407070 598949 
631668 238076 538697 535956 547154 15811.4 770560 553130 141230 935387 247130 990437 537201 937506 618463 524314 633610 609361 319920 870909 718579 633085 189476 435726 339147 567060 899394 301015 136125 335412 495122 582808 695691 451136 518168 558716 607277 302888 645152 257187 
160963 427984 290496 407545 733368 491955 317238 230671 375755 786787 442634 817267 322318 696521 168861 568117 430308 674072 480526 393634 243742 457280 359707 738756 238321 351484 445220 583561 349857 163306 832317 122577 316746 59682.5 389759 676504 321286 534970 380963 377890 
705025 449138 476643 420171 327844 208147 772371 520402 189423 771760 460487 831895 460369 808110 707221 339882 526380 407806 535494 931427 786080 514191 379033 226566 324201 481386 892639 81024.7 239927 446448 303942 612413 658727 537800 407962 348725 542900 98112.2 562411 178718 
859996 865047 471975 337380 191638 661447 774847 549102 570561 378442 879696 443384 435354 497784 888519 168122 383564 62649.8 954912 1.01703e+06 912089 348042 776364 368170 517537 421532 849415 391699 620841 735664 432782 717251 616263 761999 350274 119038 493207 369899 459831 451465 
260509 800201 496717 626828 1.02537e+06 884918 184358 424199 761853 847001 812754 847574 531154 689891 297042 826574 576556 915933 833010 94021.3 181334 612612 745325 1.07768e+06 588154 538005 182913 935361 741482 550753 1.17566e+06 300268 343494 431724 619190 946054 464040 880450 499973 734932 
494144 77336.9 532824 578261 703855 214730 684036 518768 225488 997128 93861.6 1.04455e+06 544737 962700 469256 631495 657123 730756 164012 731167 580280 667450 17204.7 619001 338053 578448 813030 469460 172931 205295 687215 488016 649268 321237 557951 694508 594577 453171 645061 342476 
543854 810264 203494 194023 554982 720573 375055 246343 579008 315626 826906 340847 189307 229611 586986 352121 88141.9 405558 888541 633569 565406 104120 718093 674523 398026 156080 426710 587777 602231 575410 768147 399696 221002 531266 207408 460109 155657 532857 96213.3 468706 
715489 361610 553263 519736 446817 108462 822260 583823 182538 891176 370066 950081 543530 916758 708798 462555 624087 533274 441453 951237 800756 616520 310337 317970 371598 569004 947931 201792 212151 430010 372022 645657 726509 537939 504896 473762 621901 222623 650062 247291 
660212 740074 268881 134952 304253 580056 572965 345951 458507 352870 756003 411001 232207 395001 691185 104403 187211 163371 827880 813089 709389 154156 646747 432685 348589 217568 654003 374092 499937 567866 522732 515637 415554 576102 150030 209898 289993 327246 261094 331904 
412698 599854 27658.6 112872 502309 523180 351950 100846 379158 496291 616497 534627 22803.5 439602 445220 305084 138852 401061 678677 573283 462391 159512 507687 570088 188854 56568.5 456806 447219 396561 371397 668596 267854 212850 347081 99724.6 423987 91782.4 389525 125419 283591 
683159 402061 481864 438244 375659 160153 766079 519311 154923 804866 413146 863873 468984 832714 682309 376630 543575 450156 487943 913534 765969 534268 334215 271002 314127 492546 888960 129077 201547 414403 343076 598695 660231 511626 424341 393514 549627 138708 573847 175960 
667171 878093 297069 223573 485989 753489 505199 356910 619718 203027 894625 244125 270512 195092 708316 302273 155913 322889 961252 763944 693343 135281 784166 629858 463816 237699 550328 572470 652228 663895 716694 520747 351172 636242 243430 389281 269164 523180 211747 497981 
631656 377669 436715 402449 390570 155589 715668 470979 108167 783164 390124 840524 425921 801110 631419 363127 506333 445907 465907 861701 714267 499545 302300 306491 263410 451040 839231 152329 158858 366285 385253 547011 612722 461010 387242 395790 505071 141326 532159 129988 
374363 914025 575083 698896 1.10282e+06 993866 250569 507711 867666 868254 926607 860285 607213 699687 410099 899764 635437 982748 946599 172931 294015 671059 858386 1.1671e+06 687554 608911 180854 1.02972e+06 849744 663231 1.26557e+06 403943 403967 544493 693851 1.01915e+06 532665 973732 559280 833031 
621911 413088 399805 357476 355557 202475 689231 439355 126143 734832 426395 792306 386514 754573 625500 315527 462252 400586 502355 847172 702340 454120 332453 291481 239827 410099 810558 131939 180400 371652 377719 527910 579331 457220 342987 353375 467360 104924 491395 95754.9 
467898 235593 395942 424223 558789 178600 603664 397669 85146.9 841259 251549 890484 401932 816882 458912 472547 509660 573283 323804 705931 554173 516551 142636 497953 193352 434577 732918 339991 38288.4 180069 578247 414609 537678 288617 404309 540833 462122 312079 507063 184491 
227695 312554 411709 512551 785504 438634 446287 362178 356477 911492 325228 945910 439118 831515 201162 645697 552794 753260 351552 463068 312771 576070 264426 758721 295975 471123 570148 599083 314102 97061.8 845385 258544 457073 80709.4 492979 743017 452355 559483 511469 404605 
873950 672037 564907 460831 145413 425920 887119 628666 403609 697672 683079 762287 536851 782545 885037 289588 558187 294335 757673 1.0832e+06 947828 533240 601652 39204.6 479150 545011 993735 148337 456986 647893 132740 758829 748484 723001 458210 219203 619271 183774 617246 341317 
34014.7 559904 425340 557431 916081 672591 267526 350001 565984 884882 571686 903230 461624 761757 52038.4 738366 549659 840788 588647 214107 64498.1 582516 512711 931125 428664 483004 366285 776918 535210 325719 1.02539e+06 178003 360569 209246 542905 852188 428169 727479 483182 571077 
831633 475943 632712 576254 404797 227059 921260 673374 297039 910043 482673 972044 617279 958718 827436 475980 682552 524585 550455 1.06483e+06 915796 669108 431885 243559 469294 638546 1.04388e+06 194031 332962 551294 271647 752734 813354 656270 564588 455581 699475 241100 719576 329619 
708363 755066 320214 185586 252539 579124 628182 397316 466640 365876 770611 427481 283651 430465 737629 68658.6 242887 107703 843976 866585 760124 209423 662942 391472 378930 271312 709801 350561 511786 599001 478093 565279 471110 615877 198295 156707 344804 309386 316891 340708 
162641 416530 301942 417354 738140 485956 328976 243282 372361 799000 431045 829873 333305 709717 166412 575256 442109 681535 468028 398016 247073 468700 349654 740316 241698 362861 456530 584377 344768 153062 833326 135093 330341 46141.1 399326 682663 333952 536554 393611 379057 
394635 338600 275986 318925 532989 286398 494065 276957 150479 738221 355203 784115 284529 701944 397454 406341 395779 512762 421228 624109 476598 406208 245204 512372 76609.4 317907 621933 354249 144125 164149 603195 313651 418019 230326 298402 494872 341369 309944 387769 152778 
253298 792526 523883 655735 1.05101e+06 889250 220484 449678 770211 887144 804490 888699 559035 731460 284164 854365 609944 945800 821005 52201.5 168514 645963 741939 1.09746e+06 602934 567789 225460 952494 747062 549676 1.19503e+06 314111 378144 430443 647148 973598 495104 898386 533646 750067 
853353 752354 498186 374037 31144.8 525179 821416 570812 462031 546206 765506 611138 464814 644002 872968 175727 456355 143283 841457 1.04134e+06 918229 426005 670774 192634 471103 463797 915478 238657 515912 672241 263919 722669 671018 724754 377943 69634.8 540374 235648 524948 362552 
693745 747407 305138 170511 264802 575407 613013 382251 460449 364940 763053 425699 268555 423212 723279 73006.8 228320 122801 836086 851374 745161 195167 654941 399722 367462 256082 695018 352955 504723 587553 487640 550436 456032 602685 183469 169614 329597 309968 302026 334117 
86648.7 560108 313536 446900 816854 629076 195226 237356 507351 772653 574003 792738 350069 654671 132593 632740 435839 733219 604948 266625 130924 468837 496695 845224 344398 370195 316639 695696 485684 300193 941523 66287.3 253308 184220 433263 748575 314306 643281 369500 491076 
348827 348794 259856 322025 568516 325498 453560 249147 194178 739032 365409 782060 274007 691527 352575 430409 388742 537760 426645 578236 430633 403053 258213 555446 82280 308026 582244 398152 181033 137928 647213 269700 386679 187385 301438 525095 321459 352230 372003 194340 
549459 762860 172540 123471 483257 657220 413011 234386 517936 327341 779475 364907 146986 281149 588778 278692 31384.7 339165 844126 665620 582031 28861.7 669481 599437 347697 113600 480817 513391 545162 541133 693382 401966 253728 511766 139463 389513 150083 458926 98858.5 402866 
576490 570629 237124 148637 306341 410078 560029 302538 286175 522067 586315 577530 209955 537584 597369 145344 254772 252517 659267 767294 641400 241033 478127 360800 205477 221894 666127 248387 328536 422238 459234 446319 421284 455923 139284 245231 293437 192003 299541 159552 
104690 604239 326725 461307 841215 671658 157471 249596 547943 766416 618052 783001 363373 640252 154858 652396 440018 750457 648069 233403 115156 474270 541097 876762 379033 380147 274634 729496 527830 344581 973725 91049.4 239585 228493 449169 769720 318057 676096 369846 526156 
474709 174413 448092 483530 612148 173971 633456 443086 132371 901399 190434 950007 456606 873330 459308 532977 566460 632870 262619 714413 561883 574718 81541.4 539912 247825 489781 763207 385064 78089.7 176491 615111 439969 579871 294279 463441 598411 512657 362802 560022 244199 
763273 489401 526339 460541 309613 239852 827162 573362 244624 791624 499610 853285 507963 839447 765405 357393 566740 411947 573331 989315 844233 551871 425206 182214 381072 527031 946177 75769.4 293157 503120 250880 669669 709975 595836 449961 346400 591346 122066 607421 234610 
