45 45 19
777 335 649 27 763 426 211 429 862 135 22 167 11 373 784 324 413 980 862 281 84 505 313 895 814 364 87 178 403 399 676 12 94 570 467 902 652 280 865 619 31 771 709 856 586 
96.5 30.6 68.3 21.9 62.4 52.8 87.1 73.2 82.9 50.3 1.9 27 36.8 70.8 71.5 34 14.9 79.6 72.3 
17 5 17 10 14 6 14 8 14 2 12 1 11 4 8 5 14 8 1 7 7 12 17 18 3 0 1 4 10 3 12 8 4 8 16 16 1 18 4 3 1 5 0 7 17 
1.4368 6.72093 3.81047 5.15007 9.04098 7.4659 1.32019 3.0491 6.23077 7.88495 6.85414 7.99186 4.17138 6.49537 1.90539 7.10752 4.8112 8.05597 7.11512 1.67705 0.992018 5.1655 6.12283 9.46482 4.51852 4.29684 2.23652 8.01167 6.02904 4.16293 10.4392 1.63028 2.60693 2.98391 5.04723 8.29299 3.61248 7.47092 4.0707 5.98949 2.27407 7.59859 2.9144 7.36862 5.53672 
6.31668 2.38076 5.38697 5.35956 5.47154 0.158114 7.7056 5.5313 1.4123 9.35387 2.4713 9.90437 5.37201 9.37506 6.18463 5.24314 6.3361 6.09361 3.1992 8.70909 7.18579 6.33085 1.89476 4.35726 3.39147 5.6706 8.99394 3.01015 1.36125 3.35412 4.95122 5.82808 6.95691 4.51136 5.18168 5.58716 6.07277 3.02888 6.45152 2.57187 5.11505 9.253 4.5607 0.134164 4.69659 
1.60963 4.27984 2.90496 4.07545 7.33368 4.91955 3.17238 2.30671 3.75755 7.86787 4.42634 8.17267 3.22318 6.96521 1.68861 5.68117 4.30308 6.74072 4.80526 3.93634 2.43742 4.5728 3.59707 7.38756 2.38321 3.51484 4.4522 5.83561 3.49857 1.63306 8.32317 1.22577 3.16746 0.596825 3.89759 6.76504 3.21286 5.3497 3.80963 3.7789 0.594054 7.63237 0.892749 4.81176 4.11099 
7.05025 4.49138 4.76643 4.20171 3.27844 2.08147 7.72371 5.20402 1.89423 7.7176 4.60487 8.31895 4.60369 8.0811 7.07221 3.39882 5.2638 4.07806 5.35494 9.31427 7.8608 5.14191 3.79033 2.26566 3.24201 4.81386 8.92639 0.810247 2.39927 4.46448 3.03942 6.12413 6.58727 5.378 4.07962 3.48725 5.429 0.981122 5.62411 1.78718 5.51763 7.66932 4.85 2.3342 3.44013 
8.59996 8.65047 4.71975 3.3738 1.91638 6.61447 7.74847 5.49102 5.70561 3.78442 8.79696 4.43384 4.35354 4.97784 8.88519 1.68122 3.83564 0.626498 9.54912 10.1703 9.12089 3.48042 7.76364 3.6817 5.17537 4.21532 8.49415 3.91699 6.20841 7.35664 4.32782 7.17251 6.16263 7.61999 3.50274 1.19038 4.93207 3.69899 4.59831 4.51465 6.97585 3.88147 6.41282 6.82948 3.19014 
2.60509 8.00201 4.96717 6.26828 10.2537 8.84918 1.84358 4.24199 7.61853 8.47001 8.12754 8.47574 5.31154 6.89891 2.97042 8.26574 5.76556 9.15933 8.3301 0.940213 1.81334 6.12612 7.45325 10.7768 5.88154 5.38005 1.82913 9.35361 7.41482 5.50753 11.7566 3.00268 3.43494 4.31724 6.1919 9.46054 4.6404 8.8045 4.99973 7.34932 3.66171 8.1703 4.29616 8.74767 6.73684 
4.94144 0.773369 5.32824 5.78261 7.03855 2.1473 6.84036 5.18768 2.25488 9.97128 0.938616 10.4455 5.44737 9.627 4.69256 6.31495 6.57123 7.30756 1.64012 7.31167 5.8028 6.6745 0.172047 6.19001 3.38053 5.78448 8.1303 4.6946 1.72931 2.05295 6.87215 4.88016 6.49268 3.21237 5.57951 6.94508 5.94577 4.53171 6.45061 3.42476 4.16236 9.81548 3.81115 1.89781 5.30076 
5.43854 8.10264 2.03494 1.94023 5.54982 7.20573 3.75055 2.46343 5.79008 3.15626 8.26906 3.40847 1.89307 2.29611 5.86986 3.52121 0.881419 4.05558 8.88541 6.33569 5.65406 1.0412 7.18093 6.74523 3.98026 1.5608 4.2671 5.87777 6.02231 5.7541 7.68147 3.99696 2.21002 5.31266 2.07408 4.60109 1.55657 5.32857 0.962133 4.68706 4.2174 2.89696 4.00769 7.28563 2.70267 
7.15489 3.6161 5.53263 5.19736 4.46817 1.08462 8.2226 5.83823 1.82538 8.91176 3.70066 9.50081 5.4353 9.16758 7.08798 4.62555 6.24087 5.33274 4.41453 9.51237 8.00756 6.1652 3.10337 3.1797 3.71598 5.69004 9.47931 2.01792 2.12151 4.3001 3.72022 6.45657 7.26509 5.37939 5.04896 4.73762 6.21901 2.22623 6.50062 2.47291 5.78122 8.84865 5.15824 1.353 4.46052 
6.60212 7.40074 2.68881 1.34952 3.04253 5.80056 5.72965 3.45951 4.58507 3.5287 7.56003 4.11001 2.32207 3.95001 6.91185 1.04403 1.87211 1.63371 8.2788 8.13089 7.09389 1.54156 6.46747 4.32685 3.48589 2.17568 6.54003 3.74092 4.99937 5.67866 5.22732 5.15637 4.15554 5.76102 1.5003 2.09898 2.89993 3.27246 2.61094 3.31904 5.01009 3.45776 4.4916 5.95836 1.38654 
4.12698 5.99854 0.276586 1.12872 5.02309 5.2318 3.5195 1.00846 3.79158 4.96291 6.16497 5.34627 0.228035 4.39602 4.4522 3.05084 1.38852 4.01061 6.78677 5.73283 4.62391 1.59512 5.07687 5.70088 1.88854 0.565685 4.56806 4.47219 3.96561 3.71397 6.68596 2.67854 2.1285 3.47081 0.997246 4.23987 0.917824 3.89525 1.25419 2.83591 2.57126 4.75635 2.14189 5.28251 1.50801 
6.83159 4.02061 4.81864 4.38244 3.75659 1.60153 7.66079 5.19311 1.54923 8.04866 4.13146 8.63873 4.68984 8.32714 6.82309 3.7663 5.43575 4.50156 4.87943 9.13534 7.65969 5.34268 3.34215 2.71002 3.14127 4.92546 8.8896 1.29077 2.01547 4.14403 3.43076 5.98695 6.60231 5.11626 4.24341 3.93514 5.49627 1.38708 5.73847 1.7596 5.35051 7.98677 4.69605 1.85324 3.63435 
6.67171 8.78093 2.97069 2.23573 4.85989 7.53489 5.05199 3.5691 6.19718 2.03027 8.94625 2.44125 2.70512 1.95092 7.08316 3.02273 1.55913 3.22889 9.61252 7.63944 6.93343 1.35281 7.84166 6.29858 4.63816 2.37699 5.50328 5.7247 6.52228 6.63895 7.16694 5.20747 3.51172 6.36242 2.4343 3.89281 2.69164 5.2318 2.11747 4.97981 5.34083 1.82877 5.03126 7.65718 2.85524 
6.31656 3.77669 4.36715 4.02449 3.9057 1.55589 7.15668 4.70979 1.08167 7.83164 3.90124 8.40524 4.25921 8.0111 6.31419 3.63127 5.06333 4.45907 4.65907 8.61701 7.14267 4.99545 3.023 3.06491 2.6341 4.5104 8.39231 1.52329 1.58858 3.66285 3.85253 5.47011 6.12722 4.6101 3.87242 3.9579 5.05071 1.41326 5.32159 1.29988 4.83203 7.75217 4.17825 1.76641 3.29645 
3.74363 9.14025 5.75083 6.98896 11.0282 9.93866 2.50569 5.07711 8.67666 8.68254 9.26607 8.60285 6.07213 6.99687 4.10099 8.99764 6.35437 9.82748 9.46599 1.72931 2.94015 6.71059 8.58386 11.671 6.87554 6.08911 1.80854 10.2972 8.49744 6.63231 12.6557 4.03943 4.03967 5.44493 6.93851 10.1915 5.32665 9.73732 5.5928 8.33031 4.72908 8.37733 5.33769 9.84569 7.52875 
6.21911 4.13088 3.99805 3.57476 3.55557 2.02475 6.89231 4.39355 1.26143 7.34832 4.26395 7.92306 3.86514 7.54573 6.255 3.15527 4.62252 4.00586 5.02355 8.47172 7.0234 4.5412 3.32453 2.91481 2.39827 4.10099 8.10558 1.31939 1.804 3.71652 3.77719 5.2791 5.79331 4.5722 3.42987 3.53375 4.6736 1.04924 4.91395 0.957549 4.67462 7.27001 4.00582 2.22194 2.83623 
4.67898 2.35593 3.95942 4.24223 5.58789 1.786 6.03664 3.97669 0.851469 8.41259 2.51549 8.90484 4.01932 8.16882 4.58912 4.72547 5.0966 5.73283 3.23804 7.05931 5.54173 5.16551 1.42636 4.97953 1.93352 4.34577 7.32918 3.39991 0.382884 1.80069 5.78247 4.14609 5.37678 2.88617 4.04309 5.40833 4.62122 3.12079 5.07063 1.84491 3.43198 8.26784 2.88735 1.70329 3.71962 
2.27695 3.12554 4.11709 5.12551 7.85504 4.38634 4.46287 3.62178 3.56477 9.11492 3.25228 9.4591 4.39118 8.31515 2.01162 6.45697 5.52794 7.5326 3.51552 4.63068 3.12771 5.7607 2.64426 7.58721 2.95975 4.71123 5.70148 5.99083 3.14102 0.970618 8.45385 2.58544 4.57073 0.807094 4.92979 7.43017 4.52355 5.59483 5.11469 4.04605 1.99692 8.89477 2.07002 4.21391 4.99049 
8.7395 6.72037 5.64907 4.60831 1.45413 4.2592 8.87119 6.28666 4.03609 6.97672 6.83079 7.62287 5.36851 7.82545 8.85037 2.89588 5.58187 2.94335 7.57673 10.832 9.47828 5.3324 6.01652 0.392046 4.7915 5.45011 9.93735 1.48337 4.56986 6.47893 1.3274 7.58829 7.48484 7.23001 4.5821 2.19203 6.19271 1.83774 6.17246 3.41317 7.09989 7.01685 6.42478 4.5233 3.92003 
0.340147 5.59904 4.2534 5.57431 9.16081 6.72591 2.67526 3.50001 5.65984 8.84882 5.71686 9.0323 4.61624 7.61757 0.520384 7.38366 5.49659 8.40788 5.88647 2.14107 0.644981 5.82516 5.12711 9.31125 4.28664 4.83004 3.66285 7.76918 5.3521 3.25719 10.2539 1.78003 3.60569 2.09246 5.42905 8.52188 4.28169 7.27479 4.83182 5.71077 2.0096 8.57848 2.66661 6.58684 5.78342 
8.31633 4.75943 6.32712 5.76254 4.04797 2.27059 9.2126 6.73374 2.97039 9.10043 4.82673 9.72044 6.17279 9.58718 8.27436 4.7598 6.82552 5.24585 5.50455 10.6483 9.15796 6.69108 4.31885 2.43559 4.69294 6.38546 10.4388 1.94031 3.32962 5.51294 2.71647 7.52734 8.13354 6.5627 5.64588 4.55581 6.99475 2.411 7.19576 3.29619 6.87867 9.07838 6.23238 2.52606 4.99842 
7.08363 7.55066 3.20214 1.85586 2.52539 5.79124 6.28182 3.97316 4.6664 3.65876 7.70611 4.27481 2.83651 4.30465 7.37629 0.686586 2.42887 1.07703 8.43976 8.66585 7.60124 2.09423 6.62942 3.91472 3.7893 2.71312 7.09801 3.50561 5.11786 5.99001 4.78093 5.65279 4.7111 6.15877 1.98295 1.56707 3.44804 3.09386 3.16891 3.40708 5.46824 3.63325 4.92123 5.96913 1.72131 
1.62641 4.1653 3.01942 4.17354 7.3814 4.85956 3.28976 2.43282 3.72361 7.99 4.31045 8.29873 3.33305 7.09717 1.66412 5.75256 4.42109 6.81535 4.68028 3.98016 2.47073 4.687 3.49654 7.40316 2.41698 3.62861 4.5653 5.84377 3.44768 1.53062 8.33326 1.35093 3.30341 0.461411 3.99326 6.82663 3.33952 5.36554 3.93611 3.79057 0.730068 7.75596 0.98656 4.74562 4.19005 
3.94635 3.386 2.75986 3.18925 5.32989 2.86398 4.94065 2.76957 1.50479 7.38221 3.55203 7.84115 2.84529 7.01944 3.97454 4.06341 3.95779 5.12762 4.21228 6.24109 4.76598 4.06208 2.45204 5.12372 0.766094 3.17907 6.21933 3.54249 1.44125 1.64149 6.03195 3.13651 4.18019 2.30326 2.98402 4.94872 3.41369 3.09944 3.87769 1.52778 2.46854 7.21649 1.83831 2.83933 2.78887 
2.53298 7.92526 5.23883 6.55735 10.5101 8.8925 2.20484 4.49678 7.70211 8.87144 8.0449 8.88699 5.59035 7.3146 2.84164 8.54365 6.09944 9.458 8.21005 0.522015 1.68514 6.45963 7.41939 10.9746 6.02934 5.67789 2.2546 9.52494 7.47062 5.49676 11.9503 3.14111 3.78144 4.30443 6.47148 9.73598 4.95104 8.98386 5.33646 7.50067 3.758 8.57282 4.41367 8.77903 6.99546 
8.53353 7.52354 4.98186 3.74037 0.311448 5.25179 8.21416 5.70812 4.62031 5.46206 7.65506 6.11138 4.64814 6.44002 8.72968 1.75727 4.56355 1.43283 8.41457 10.4134 9.18229 4.26005 6.70774 1.92634 4.71103 4.63797 9.15478 2.38657 5.15912 6.72241 2.63919 7.22669 6.71018 7.24754 3.77943 0.696348 5.40374 2.35648 5.24948 3.62552 6.86331 5.52204 6.22088 5.49353 3.20975 
6.93745 7.47407 3.05138 1.70511 2.64802 5.75407 6.13013 3.82251 4.60449 3.6494 7.63053 4.25699 2.68555 4.23212 7.23279 0.730068 2.2832 1.22801 8.36086 8.51374 7.45161 1.95167 6.54941 3.99722 3.67462 2.56082 6.95018 3.52955 5.04723 5.87553 4.8764 5.50436 4.56032 6.02685 1.83469 1.69614 3.29597 3.09968 3.02026 3.34117 5.32541 3.61122 4.78302 5.9268 1.59452 
0.866487 5.60108 3.13536 4.469 8.16854 6.29076 1.95226 2.37356 5.07351 7.72653 5.74003 7.92738 3.50069 6.54671 1.32593 6.3274 4.35839 7.33219 6.04948 2.66625 1.30924 4.68837 4.96695 8.45224 3.44398 3.70195 3.16639 6.95696 4.85684 3.00193 9.41523 0.662873 2.53308 1.8422 4.33263 7.48575 3.14306 6.43281 3.695 4.91076 1.13358 7.45985 1.80325 6.19155 4.72827 
3.48827 3.48794 2.59856 3.22025 5.68516 3.25498 4.5356 2.49147 1.94178 7.39032 3.65409 7.8206 2.74007 6.91527 3.52575 4.30409 3.88742 5.3776 4.26645 5.78236 4.30633 4.03053 2.58213 5.55446 0.8228 3.08026 5.82244 3.98152 1.81033 1.37928 6.47213 2.697 3.86679 1.87385 3.01438 5.25095 3.21459 3.5223 3.72003 1.9434 2.01718 7.20875 1.40389 3.20751 2.92159 
5.49459 7.6286 1.7254 1.23471 4.83257 6.5722 4.13011 2.34386 5.17936 3.27341 7.79475 3.64907 1.46986 2.81149 5.88778 2.78692 0.313847 3.39165 8.44126 6.6562 5.82031 0.288617 6.69481 5.99437 3.47697 1.136 4.80817 5.13391 5.45162 5.41133 6.93382 4.01966 2.53728 5.11766 1.39463 3.89513 1.50083 4.58926 0.988585 4.02866 4.10946 3.06007 3.78613 6.66753 1.98252 
5.7649 5.70629 2.37124 1.48637 3.06341 4.10078 5.60029 3.02538 2.86175 5.22067 5.86315 5.7753 2.09955 5.37584 5.97369 1.45344 2.54772 2.52517 6.59267 7.67294 6.414 2.41033 4.78127 3.608 2.05477 2.21894 6.66127 2.48387 3.28536 4.22238 4.59234 4.46319 4.21284 4.55923 1.39284 2.45231 2.93437 1.92003 2.99541 1.59552 4.09518 5.12299 3.46113 4.24747 0.721803 
1.0469 6.04239 3.26725 4.61307 8.41215 6.71658 1.57471 2.49596 5.47943 7.66416 6.18052 7.83001 3.63373 6.40252 1.54858 6.52396 4.40018 7.50457 6.48069 2.33403 1.15156 4.7427 5.41097 8.76762 3.79033 3.80147 2.74634 7.29496 5.2783 3.44581 9.73725 0.910494 2.39585 2.28493 4.49169 7.6972 3.18057 6.76096 3.69846 5.26156 1.52322 7.38922 2.17083 6.62197 4.93401 
4.74709 1.74413 4.48092 4.8353 6.12148 1.73971 6.33456 4.43086 1.32371 9.01399 1.90434 9.50007 4.56606 8.7333 4.59308 5.32977 5.6646 6.3287 2.62619 7.14413 5.61883 5.74718 0.815414 5.39912 2.47825 4.89781 7.63207 3.85064 0.780897 1.76491 6.15111 4.39969 5.79871 2.94279 4.63441 5.98411 5.12657 3.62802 5.60022 2.44199 3.67349 8.86539 3.20306 1.57201 4.32759 
7.63273 4.89401 5.26339 4.60541 3.09613 2.39852 8.27162 5.73362 2.44624 7.91624 4.9961 8.53285 5.07963 8.39447 7.65405 3.57393 5.6674 4.11947 5.73331 9.89315 8.44233 5.51871 4.25206 1.82214 3.81072 5.27031 9.46177 0.757694 2.93157 5.0312 2.5088 6.69669 7.09975 5.95836 4.49961 3.464 5.91346 1.22066 6.07421 2.3461 6.09606 7.88914 5.42687 2.66543 3.84012 
5.65662 3.92227 3.53276 3.25498 3.87738 2.12876 6.35106 3.88012 0.975295 7.19651 4.0671 7.74796 3.4321 7.2654 5.69956 3.16413 4.27454 4.10742 4.82121 7.90607 6.4585 4.23019 3.05491 3.42113 1.84166 3.69135 7.57552 1.82779 1.49345 3.21442 4.31129 4.71645 5.294 4.02505 3.09128 3.72336 4.2174 1.44392 4.5001 0.47 4.10903 7.09627 3.44073 2.27178 2.55738 
4.43353 5.11892 1.38654 1.44257 4.39386 4.10903 4.42652 1.84716 2.68002 5.63565 5.28411 6.1001 1.29314 5.34879 4.65099 2.67421 2.27759 3.74021 5.95668 6.37075 5.08615 2.33808 4.17938 4.78023 1 1.5807 5.57374 3.42808 2.91405 3.16484 5.76303 3.14312 3.19776 3.30438 1.23746 3.76384 2.0677 2.85748 2.37217 1.68315 2.76442 5.47219 2.13965 4.17647 1.14756 
6.04901 7.14228 2.12132 0.801561 3.53278 5.71545 5.15414 2.89014 4.42109 3.6342 7.30458 4.16573 1.75514 3.77737 6.3702 1.47299 1.33959 2.20411 8.0055 7.5519 6.52511 1.04101 6.20249 4.6845 3.11006 1.59703 5.98459 3.92046 4.79153 5.27266 5.61729 4.59514 3.58491 5.2754 0.976729 2.6163 2.32166 3.4053 2.0538 3.17448 4.47644 3.51605 3.98339 5.85103 1.07713 
5.95552 1.56259 5.57197 5.73266 6.2357 0.970206 7.58489 5.60389 1.778 9.83108 1.65076 10.3565 5.61001 9.71796 5.76657 5.85226 6.64959 6.75663 2.3816 8.35103 6.82719 6.68588 1.20615 5.17357 3.54158 5.92839 8.88217 3.79179 1.45962 2.97015 5.77055 5.65279 6.99861 4.1616 5.54239 6.29229 6.24079 3.75659 6.67428 3.04095 4.92666 9.71004 4.44627 0.700643 5.12821 
3.74001 3.49185 2.61358 3.12815 5.45011 3.07903 4.72017 2.58118 1.72812 7.31498 3.65826 7.76091 2.72208 6.90192 3.78114 4.11306 3.85203 5.18348 4.29829 6.02438 4.55397 3.97373 2.56759 5.29967 0.692026 3.05949 6.00051 3.72602 1.64779 1.56349 6.21662 2.91302 3.98246 2.1272 2.92205 5.03526 3.25443 3.26841 3.7353 1.69 2.24715 7.14183 1.61474 3.04792 2.77737 
0.70214 4.74979 4.12317 5.37894 8.73066 5.94607 3.23989 3.42462 4.95036 8.94687 4.86763 9.18769 4.46912 7.85493 0.368917 7.06135 5.46452 8.11382 5.0467 2.98216 1.49282 5.7671 4.29111 8.74443 3.77115 4.72705 4.35295 7.17541 4.60566 2.46223 9.66603 1.8071 3.86063 1.35591 5.21311 8.15724 4.28805 6.70835 4.87155 5.13024 1.70423 8.69154 2.25869 5.79525 5.47851 
4.50126 4.88723 1.65747 1.66964 4.32297 3.82832 4.63366 2.07183 2.40142 5.85773 5.0517 6.33455 1.57458 5.61413 4.69086 2.70313 2.54615 3.77763 5.73464 6.50526 5.18531 2.59139 3.94635 4.61069 0.833847 1.86132 5.80149 3.21602 2.64764 3.0331 5.58917 3.26443 3.44819 3.27185 1.4682 3.74489 2.34233 2.65189 2.65377 1.41057 2.83233 5.70202 2.18197 3.89782 1.26625 
9.58188 6.64536 6.89123 5.98385 2.92015 4.11692 10.0381 7.45735 4.4236 8.52406 6.72441 9.17098 6.6485 9.36144 9.62106 4.41118 7.00061 4.48786 7.42195 11.8027 10.3762 6.77747 6.11337 1.16211 5.69453 6.77529 11.1717 2.19659 4.8932 7.01294 0.819878 8.57723 8.74662 7.93254 5.929 3.73551 7.4877 2.75661 7.53704 4.22641 8.01057 8.56675 7.33485 4.3842 5.25224 
5.49015 1.40801 7.00298 7.64933 9.06353 3.9302 7.83181 6.70671 4.29317 11.8373 1.31004 12.2755 7.1826 11.3321 5.09192 8.33471 8.33783 9.33906 0.653911 7.62607 6.25051 8.48539 2.20617 8.12287 5.21199 7.5231 9.05681 6.68231 3.76782 3.31485 8.73002 5.94542 7.84873 4.14638 7.44339 8.98408 7.55149 6.55515 8.10432 5.45162 5.30769 11.6613 5.17847 3.66012 7.23802 
7.74247 6.79651 4.28155 3.11002 1.0824 4.61395 7.52644 4.98478 3.86747 5.45514 6.93312 6.09295 3.96406 6.21514 7.92879 1.27883 4.02336 1.52118 7.69231 9.66431 8.40636 3.75257 5.95778 2.00823 3.89882 3.99112 8.51621 1.86207 4.40028 5.91069 2.90849 6.45786 6.0604 6.43479 3.11931 0.885268 4.75279 1.68107 4.66004 2.82492 6.07253 5.46996 5.42388 4.84257 2.50338 
5.98141 1.24868 7.20884 7.75867 8.88978 3.63189 8.25258 6.97132 4.1924 11.9515 1.10059 12.413 7.36202 11.5353 5.60357 8.29781 8.50527 9.27302 0.360694 8.1678 6.765 8.62951 2.17083 7.84857 5.33401 7.70208 9.4976 6.46574 3.69424 3.60451 8.4043 6.33537 8.17309 4.5407 7.55414 8.87471 7.7881 6.38928 8.32339 5.40638 5.67081 11.7886 5.47883 3.36363 7.29638 
