45 45 19
777 335 649 27 763 426 211 429 862 135 22 167 11 373 784 324 413 980 862 281 84 505 313 895 814 364 87 178 403 399 676 12 94 570 467 902 652 280 865 619 31 771 709 856 586 
96500 30600 68300 21900 62400 52800 87100 73200 82900 50300 1900 27000 36800 70800 71500 34000 14900 79600 72300 
17 5 17 10 14 6 14 8 14 2 12 1 11 4 8 5 14 8 1 7 7 12 17 18 3 0 1 4 10 3 12 8 4 8 16 16 1 18 4 3 1 5 0 7 17 
143.68 672.093 381.047 515.007 904.098 746.59 132.019 304.91 623.077 788.495 685.414 799.186 417.138 649.537 190.539 710.752 481.12 805.597 711.512 167.705 99.2018 516.55 612.283 946.482 451.852 429.684 223.652 801.167 602.904 416.293 1043.92 163.028 260.693 298.391 504.723 829.299 361.248 747.092 407.07 598.949 227.407 759.859 291.44 736.862 553.672 
631.668 238.076 538.697 535.956 547.154 15.8114 770.56 553.13 141.23 935.387 247.13 990.437 537.201 937.506 618.463 524.314 633.61 609.361 319.92 870.909 718.579 633.085 189.476 435.726 339.147 567.06 899.394 301.015 136.125 335.412 495.122 582.808 695.691 451.136 518.168 558.716 607.277 302.888 645.152 257.187 511.505 925.3 456.07 13.4164 469.659 
160.963 427.984 290.496 407.545 733.368 491.955 317.238 230.671 375.755 786.787 442.634 817.267 322.318 696.521 168.861 568.117 430.308 674.072 480.526 393.634 243.742 457.28 359.707 738.756 238.321 351.484 445.22 583.561 349.857 163.306 832.317 122.577 316.746 59.6825 389.759 676.504 321.286 534.97 380.963 377.89 59.4054 763.237 89.2749 481.176 411.099 
705.025 449.138 476.643 420.171 327.844 208.147 772.371 520.402 189.423 771.76 460.487 831.895 460.369 808.11 707.221 339.882 526.38 407.806 535.494 931.427 786.08 514.191 379.033 226.566 324.201 481.386 892.639 81.0247 239.927 446.448 303.942 612.413 658.727 537.8 407.962 348.725 542.9 98.1122 562.411 178.718 551.763 766.932 485 233.42 344.013 
859.996 865.047 471.975 337.38 191.638 661.447 774.847 549.102 570.561 378.442 879.696 443.384 435.354 497.784 888.519 168.122 383.564 62.6498 954.912 1017.03 912.089 348.042 776.364 368.17 517.537 421.532 849.415 391.699 620.841 735.664 432.782 717.251 616.263 761.999 350.274 119.038 493.207 369.899 459.831 451.465 697.585 388.147 641.282 682.948 319.014 
260.509 800.201 496.717 626.828 1025.37 884.918 184.358 424.199 761.853 847.001 812.754 847.574 531.154 689.891 297.042 826.574 576.556 915.933 833.01 94.0213 181.334 612.612 745.325 1077.68 588.154 538.005 182.913 935.361 741.482 550.753 1175.66 300.268 343.494 431.724 619.19 946.054 464.04 880.45 499.973 734.932 366.171 817.03 429.616 874.767 673.684 
494.144 77.3369 532.824 578.261 703.855 214.73 684.036 518.768 225.488 997.128 93.8616 1044.55 544.737 962.7 469.256 631.495 657.123 730.756 164.012 731.167 580.28 667.45 17.2047 619.001 338.053 578.448 813.03 469.46 172.931 205.295 687.215 488.016 649.268 321.237 557.951 694.508 594.577 453.171 645.061 342.476 416.236 981.548 381.115 189.781 530.076 
543.854 810.264 203.494 194.023 554.982 720.573 375.055 246.343 579.008 315.626 826.906 340.847 189.307 229.611 586.986 352.121 88.1419 405.558 888.541 633.569 565.406 104.12 718.093 674.523 398.026 156.08 426.71 587.777 602.231 575.41 768.147 399.696 221.002 531.266 207.408 460.109 155.657 532.857 96.2133 468.706 421.74 289.696 400.769 728.563 270.267 
715.489 361.61 553.263 519.736 446.817 108.462 822.26 583.823 182.538 891.176 370.066 950.081 543.53 916.758 708.798 462.555 624.087 533.274 441.453 951.237 800.756 616.52 310.337 317.97 371.598 569.004 947.931 201.792 212.151 430.01 372.022 645.657 726.509 537.939 504.896 473.762 621.901 222.623 650.062 247.291 578.122 884.865 515.824 135.3 446.052 
660.212 740.074 268.881 134.952 304.253 580.056 572.965 345.951 458.507 352.87 756.003 411.001 232.207 395.001 691.185 104.403 187.211 163.371 827.88 813.089 709.389 154.156 646.747 432.685 348.589 217.568 654.003 374.092 499.937 567.866 522.732 515.637 415.554 576.102 150.03 209.898 289.993 327.246 261.094 331.904 501.009 345.776 449.16 595.836 138.654 
412.698 599.854 27.6586 112.872 502.309 523.18 351.95 100.846 379.158 496.291 616.497 534.627 22.8035 439.602 445.22 305.084 138.852 401.061 678.677 573.283 462.391 159.512 507.687 570.088 188.854 56.5685 456.806 447.219 396.561 371.397 668.596 267.854 212.85 347.081 99.7246 423.987 91.7824 389.525 125.419 283.591 257.126 475.635 214.189 528.251 150.801 
683.159 402.061 481.864 438.244 375.659 160.153 766.079 519.311 154.923 804.866 413.146 863.873 468.984 832.714 682.309 376.63 543.575 450.156 487.943 913.534 765.969 534.268 334.215 271.002 314.127 492.546 888.96 129.077 201.547 414.403 343.076 598.695 660.231 511.626 424.341 393.514 549.627 138.708 573.847 175.96 535.051 798.677 469.605 185.324 363.435 
667.171 878.093 297.069 223.573 485.989 753.489 505.199 356.91 619.718 203.027 894.625 244.125 270.512 195.092 708.316 302.273 155.913 322.889 961.252 763.944 693.343 135.281 784.166 629.858 463.816 237.699 550.328 572.47 652.228 663.895 716.694 520.747 351.172 636.242 243.43 389.281 269.164 523.18 211.747 497.981 534.083 182.877 503.126 765.718 285.524 
631.656 377.669 436.715 402.449 390.57 155.589 715.668 470.979 108.167 783.164 390.124 840.524 425.921 801.11 631.419 363.127 506.333 445.907 465.907 861.701 714.267 499.545 302.3 306.491 263.41 451.04 839.231 152.329 158.858 366.285 385.253 547.011 612.722 461.01 387.242 395.79 505.071 141.326 532.159 129.988 483.203 775.217 417.825 176.641 329.645 
374.363 914.025 575.083 698.896 1102.82 993.866 250.569 507.711 867.666 868.254 926.607 860.285 607.213 699.687 410.099 899.764 635.437 982.748 946.599 172.931 294.015 671.059 858.386 1167.1 687.554 608.911 180.854 1029.72 849.744 663.231 1265.57 403.943 403.967 544.493 693.851 1019.15 532.665 973.732 559.28 833.031 472.908 837.733 533.769 984.569 752.875 
621.911 413.088 399.805 357.476 355.557 202.475 689.231 439.355 126.143 734.832 426.395 792.306 386.514 754.573 625.5 315.527 462.252 400.586 502.355 847.172 702.34 454.12 332.453 291.481 239.827 410.099 810.558 131.939 180.4 371.652 377.719 527.91 579.331 457.22 342.987 353.375 467.36 104.924 491.395 95.7549 467.462 727.001 400.582 222.194 283.623 
467.898 235.593 395.942 424.223 558.789 178.6 603.664 397.669 85.1469 841.259 251.549 890.484 401.932 816.882 458.912 472.547 509.66 573.283 323.804 705.931 554.173 516.551 142.636 497.953 193.352 434.577 732.918 339.991 38.2884 180.069 578.247 414.609 537.678 288.617 404.309 540.833 462.122 312.079 507.063 184.491 343.198 826.784 288.735 170.329 371.962 
227.695 312.554 411.709 512.551 785.504 438.634 446.287 362.178 356.477 911.492 325.228 945.91 439.118 831.515 201.162 645.697 552.794 753.26 351.552 463.068 312.771 576.07 264.426 758.721 295.975 471.123 570.148 599.083 314.102 97.0618 845.385 258.544 457.073 80.7094 492.979 743.017 452.355 559.483 511.469 404.605 199.692 889.477 207.002 421.391 499.049 
873.95 672.037 564.907 460.831 145.413 425.92 887.119 628.666 403.609 697.672 683.079 762.287 536.851 782.545 885.037 289.588 558.187 294.335 757.673 1083.2 947.828 533.24 601.652 39.2046 479.15 545.011 993.735 148.337 456.986 647.893 132.74 758.829 748.484 723.001 458.21 219.203 619.271 183.774 617.246 341.317 709.989 701.685 642.478 452.33 392.003 
34.0147 559.904 425.34 557.431 916.081 672.591 267.526 350.001 565.984 884.882 571.686 903.23 461.624 761.757 52.0384 738.366 549.659 840.788 588.647 214.107 64.4981 582.516 512.711 931.125 428.664 483.004 366.285 776.918 535.21 325.719 1025.39 178.003 360.569 209.246 542.905 852.188 428.169 727.479 483.182 571.077 200.96 857.848 266.661 658.684 578.342 
831.633 475.943 632.712 576.254 404.797 227.059 921.26 673.374 297.039 910.043 482.673 972.044 617.279 958.718 827.436 475.98 682.552 524.585 550.455 1064.83 915.796 669.108 431.885 243.559 469.294 638.546 1043.88 194.031 332.962 551.294 271.647 752.734 813.354 656.27 564.588 455.581 699.475 241.1 719.576 329.619 687.867 907.838 623.238 252.606 499.842 
708.363 755.066 320.214 185.586 252.539 579.124 628.182 397.316 466.64 365.876 770.611 427.481 283.651 430.465 737.629 68.6586 242.887 107.703 843.976 866.585 760.124 209.423 662.942 391.472 378.93 271.312 709.801 350.561 511.786 599.001 478.093 565.279 471.11 615.877 198.295 156.707 344.804 309.386 316.891 340.708 546.824 363.325 492.123 596.913 172.131 
162.641 416.53 301.942 417.354 738.14 485.956 328.976 243.282 372.361 799 431.045 829.873 333.305 709.717 166.412 575.256 442.109 681.535 468.028 398.016 247.073 468.7 349.654 740.316 241.698 362.861 456.53 584.377 344.768 153.062 833.326 135.093 330.341 46.1411 399.326 682.663 333.952 536.554 393.611 379.057 73.0068 775.596 98.656 474.562 419.005 
394.635 338.6 275.986 318.925 532.989 286.398 494.065 276.957 150.479 738.221 355.203 784.115 284.529 701.944 397.454 406.341 395.779 512.762 421.228 624.109 476.598 406.208 245.204 512.372 76.6094 317.907 621.933 354.249 144.125 164.149 603.195 313.651 418.019 230.326 298.402 494.872 341.369 309.944 387.769 152.778 246.854 721.649 183.831 283.933 278.887 
253.298 792.526 523.883 655.735 1051.01 889.25 220.484 449.678 770.211 887.144 804.49 888.699 559.035 731.46 284.164 854.365 609.944 945.8 821.005 52.2015 168.514 645.963 741.939 1097.46 602.934 567.789 225.46 952.494 747.062 549.676 1195.03 314.111 378.144 430.443 647.148 973.598 495.104 898.386 533.646 750.067 375.8 857.282 441.367 877.903 699.546 
853.353 752.354 498.186 374.037 31.1448 525.179 821.416 570.812 462.031 546.206 765.506 611.138 464.814 644.002 872.968 175.727 456.355 143.283 841.457 1041.34 918.229 426.005 670.774 192.634 471.103 463.797 915.478 238.657 515.912 672.241 263.919 722.669 671.018 724.754 377.943 69.6348 540.374 235.648 524.948 362.552 686.331 552.204 622.088 549.353 320.975 
693.745 747.407 305.138 170.511 264.802 575.407 613.013 382.251 460.449 364.94 763.053 425.699 268.555 423.212 723.279 73.0068 228.32 122.801 836.086 851.374 745.161 195.167 654.941 399.722 367.462 256.082 695.018 352.955 504.723 587.553 487.64 550.436 456.032 602.685 183.469 169.614 329.597 309.968 302.026 334.117 532.541 361.122 478.302 592.68 159.452 
86.6487 560.108 313.536 446.9 816.854 629.076 195.226 237.356 507.351 772.653 574.003 792.738 350.069 654.671 132.593 632.74 435.839 733.219 604.948 266.625 130.924 468.837 496.695 845.224 344.398 370.195 316.639 695.696 485.684 300.193 941.523 66.2873 253.308 184.22 433.263 748.575 314.306 643.281 369.5 491.076 113.358 745.985 180.325 619.155 472.827 
348.827 348.794 259.856 322.025 568.516 325.498 453.56 249.147 194.178 739.032 365.409 782.06 274.007 691.527 352.575 430.409 388.742 537.76 426.645 578.236 430.633 403.053 258.213 555.446 82.28 308.026 582.244 398.152 181.033 137.928 647.213 269.7 386.679 187.385 301.438 525.095 321.459 352.23 372.003 194.34 201.718 720.875 140.389 320.751 292.159 
549.459 762.86 172.54 123.471 483.257 657.22 413.011 234.386 517.936 327.341 779.475 364.907 146.986 281.149 588.778 278.692 31.3847 339.165 844.126 665.62 582.031 28.8617 669.481 599.437 347.697 113.6 480.817 513.391 545.162 541.133 693.382 401.966 253.728 511.766 139.463 389.513 150.083 458.926 98.8585 402.866 410.946 306.007 378.613 666.753 198.252 
576.49 570.629 237.124 148.637 306.341 410.078 560.029 302.538 286.175 522.067 586.315 577.53 209.955 537.584 597.369 145.344 254.772 252.517 659.267 767.294 641.4 241.033 478.127 360.8 205.477 221.894 666.127 248.387 328.536 422.238 459.234 446.319 421.284 455.923 139.284 245.231 293.437 192.003 299.541 159.552 409.518 512.299 346.113 424.747 72.1803 
104.69 604.239 326.725 461.307 841.215 671.658 157.471 249.596 547.943 766.416 618.052 783.001 363.373 640.252 154.858 652.396 440.018 750.457 648.069 233.403 115.156 474.27 541.097 876.762 379.033 380.147 274.634 729.496 527.83 344.581 973.725 91.0494 239.585 228.493 449.169 769.72 318.057 676.096 369.846 526.156 152.322 738.922 217.083 662.197 493.401 
474.709 174.413 448.092 483.53 612.148 173.971 633.456 443.086 132.371 901.399 190.434 950.007 456.606 873.33 459.308 532.977 566.46 632.87 262.619 714.413 561.883 574.718 81.5414 539.912 247.825 489.781 763.207 385.064 78.0897 176.491 615.111 439.969 579.871 294.279 463.441 598.411 512.657 362.802 560.022 244.199 367.349 886.539 320.306 157.201 432.759 
763.273 489.401 526.339 460.541 309.613 239.852 827.162 573.362 244.624 791.624 499.61 853.285 507.963 839.447 765.405 357.393 566.74 411.947 573.331 989.315 844.233 551.871 425.206 182.214 381.072 527.031 946.177 75.7694 293.157 503.12 250.88 669.669 709.975 595.836 449.961 346.4 591.346 122.066 607.421 234.61 609.606 788.914 542.687 266.543 384.012 
565.662 392.227 353.276 325.498 387.738 212.876 635.106 388.012 97.5295 719.651 406.71 774.796 343.21 726.54 569.956 316.413 427.454 410.742 482.121 790.607 645.85 423.019 305.491 342.113 184.166 369.135 757.552 182.779 149.345 321.442 431.129 471.645 529.4 402.505 309.128 372.336 421.74 144.392 450.01 47 410.903 709.627 344.073 227.178 255.738 
443.353 511.892 138.654 144.257 439.386 410.903 442.652 184.716 268.002 563.565 528.411 610.01 129.314 534.879 465.099 267.421 227.759 374.021 595.668 637.075 508.615 233.808 417.938 478.023 100 158.07 557.374 342.808 291.405 316.484 576.303 314.312 319.776 330.438 123.746 376.384 206.77 285.748 237.217 168.315 276.442 547.219 213.965 417.647 114.756 
604.901 714.228 212.132 80.1561 353.278 571.545 515.414 289.014 442.109 363.42 730.458 416.573 175.514 377.737 637.02 147.299 133.959 220.411 800.55 755.19 652.511 104.101 620.249 468.45 311.006 159.703 598.459 392.046 479.153 527.266 561.729 459.514 358.491 527.54 97.6729 261.63 232.166 340.53 205.38 317.448 447.644 351.605 398.339 585.103 107.713 
595.552 156.259 557.197 573.266 623.57 97.0206 758.489 560.389 177.8 983.108 165.076 1035.65 561.001 971.796 576.657 585.226 664.959 675.663 238.16 835.103 682.719 668.588 120.615 517.357 354.158 592.839 888.217 379.179 145.962 297.015 577.055 565.279 699.861 416.16 554.239 629.229 624.079 375.659 667.428 304.095 492.666 971.004 444.627 70.0643 512.821 
374.001 349.185 261.358 312.815 545.011 307.903 472.017 258.118 172.812 731.498 365.826 776.091 272.208 690.192 378.114 411.306 385.203 518.348 429.829 602.438 455.397 397.373 256.759 529.967 69.2026 305.949 600.051 372.602 164.779 156.349 621.662 291.302 398.246 212.72 292.205 503.526 325.443 326.841 373.53 169 224.715 714.183 161.474 304.792 277.737 
70.214 474.979 412.317 537.894 873.066 594.607 323.989 342.462 495.036 894.687 486.763 918.769 446.912 785.493 36.8917 706.135 546.452 811.382 504.67 298.216 149.282 576.71 429.111 874.443 377.115 472.705 435.295 717.541 460.566 246.223 966.603 180.71 386.063 135.591 521.311 815.724 428.805 670.835 487.155 513.024 170.423 869.154 225.869 579.525 547.851 
450.126 488.723 165.747 166.964 432.297 382.832 463.366 207.183 240.142 585.773 505.17 633.455 157.458 561.413 469.086 270.313 254.615 377.763 573.464 650.526 518.531 259.139 394.635 461.069 83.3847 186.132 580.149 321.602 264.764 303.31 558.917 326.443 344.819 327.185 146.82 374.489 234.233 265.189 265.377 141.057 283.233 570.202 218.197 389.782 126.625 
958.188 664.536 689.123 598.385 292.015 411.692 1003.81 745.735 442.36 852.406 672.441 917.098 664.85 936.144 962.106 441.118 700.061 448.786 742.195 1180.27 1037.62 677.747 611.337 116.211 569.453 677.529 1117.17 219.659 489.32 701.294 81.9878 857.723 874.662 793.254 592.9 373.551 748.77 275.661 753.704 422.641 801.057 856.675 733.485 438.42 525.224 
549.015 140.801 700.298 764.933 906.353 393.02 783.181 670.671 429.317 1183.73 131.004 1227.55 718.26 1133.21 509.192 833.471 833.783 933.906 65.3911 762.607 625.051 848.539 220.617 812.287 521.199 752.31 905.681 668.231 376.782 331.485 873.002 594.542 784.873 414.638 744.339 898.408 755.149 655.515 810.432 545.162 530.769 1166.13 517.847 366.012 723.802 
774.247 679.651 428.155 311.002 108.24 461.395 752.644 498.478 386.747 545.514 693.312 609.295 396.406 621.514 792.879 127.883 402.336 152.118 769.231 966.431 840.636 375.257 595.778 200.823 389.882 399.112 851.621 186.207 440.028 591.069 290.849 645.786 606.04 643.479 311.931 88.5268 475.279 168.107 466.004 282.492 607.253 546.996 542.388 484.257 250.338 
598.141 124.868 720.884 775.867 888.978 363.189 825.258 697.132 419.24 1195.15 110.059 1241.3 736.202 1153.53 560.357 829.781 850.527 927.302 36.0694 816.78 676.5 862.951 217.083 784.857 533.401 770.208 949.76 646.574 369.424 360.451 840.43 633.537 817.309 454.07 755.414 887.471 778.81 638.928 832.339 540.638 567.081 1178.86 547.883 336.363 729.638 
