50 50 11
777 335 649 27 763 426 211 429 862 135 22 167 11 373 784 324 413 980 862 281 84 505 313 895 814 364 87 178 403 399 676 12 94 570 467 902 652 280 865 619 31 771 709 856 586 683 528 829 270 715 
340 149 796 723 618 245 846 451 921 555 379 
6 0 9 5 0 2 6 1 8 9 8 4 7 9 2 4 1 10 0 7 7 2 4 7 4 6 10 10 1 0 1 8 9 3 0 4 3 3 2 10 0 4 4 0 7 9 0 5 8 2 
760345 584830 461064 368246 184491 351551 780082 521284 302536 660910 597245 723683 435460 722001 771447 228974 470919 274614 672970 970907 834560 450148 507666 139517 365531 447264 890126 65115.3 356808 538001 237588 646480 646226 610011 362491 209117 519139 73437 523310 228650 596638 660129 529054 376152 294812 215604 673677 515233 334368 622267 
693785 824151 301159 183308 365453 672447 571431 374433 547899 259625 840311 317238 266492 310097 729464 187067 180427 203421 910844 822927 733382 144838 730282 511674 421578 241599 636002 465460 587133 636649 597003 546297 412098 630971 203177 268732 300816 420119 256125 421808 543503 252002 499485 687608 217276 625295 450469 749641 231700 515314 
369709 881477 444846 558008 962996 919696 140812 387769 783747 702659 895806 695414 473017 535060 416886 757209 483939 833662 928421 268924 315217 518684 812754 1.04256e+06 590140 468817 16643.3 914997 775188 617081 1.14106e+06 334934 261817 505951 555874 875430 392521 857702 409674 728989 407506 672144 455774 914471 619104 1.03756e+06 232002 837611 880333 338662 
540520 194003 723747 796036 954652 447161 783304 688851 475682 1.21329e+06 185607 1.25517e+06 743910 1.1554e+06 497668 874443 859936 976402 121491 744054 612148 876567 266811 864880 552800 777829 902668 718858 422238 351366 927175 599683 796332 421294 775423 943435 775522 703960 832166 587770 539667 1.1947e+06 533697 420201 758845 682907 784088 258600 1.05164e+06 613153 
534439 347546 357001 346879 435239 189447 621342 382624 55154.3 751117 362377 804555 351746 748362 535601 358169 444775 455070 437371 763776 616604 443938 259332 384298 169815 380296 746379 224611 103315 278627 470619 449588 525656 366104 329014 418808 426001 190444 459727 71589.1 385296 739670 320156 199078 282064 288979 540615 272883 529513 433260 
32450 553946 367600 500145 863496 645354 228862 292015 531159 828147 566873 847555 403972 707975 82073.1 683012 491550 784694 591166 238315 89196.4 524379 498258 884471 381687 425005 339949 732214 504533 304665 979740 120037 306349 185397 485924 797709 370126 681355 425400 526499 150083 801341 217513 633331 522934 815971 276660 521694 851260 151030 
338565 540234 74813.1 189320 555543 494122 319100 65969.7 350629 574227 556785 610082 102694 505751 368164 368285 215523 469506 615028 516400 394975 239270 450644 602457 150120 133843 436946 465834 357526 298613 700772 198595 208952 266430 173012 484435 129252 409238 182800 278385 178180 552577 133330 495259 208396 586612 225162 474849 536717 169544 
630354 860403 268427 211703 510000 746612 464389 323827 609870 233000 877001 267088 244920 191604 672298 318449 128818 350228 942119 723329 654545 116284 766838 646871 445215 211192 509755 580001 639594 639038 736098 484661 311006 605905 230315 413295 234542 528640 175841 491001 501059 209774 473296 757539 280080 737652 349116 788859 375714 455070 
770393 803782 381294 246759 224722 616332 685149 458423 512001 355130 819015 419237 344653 445295 799758 99488.7 295435 60033.3 893212 926305 821570 260450 712775 383012 437539 330784 762497 368213 559433 657281 462044 627025 527000 677127 260094 129248 402852 334550 371139 388013 608950 357806 554044 635708 233137 524696 563945 728649 106042 596494 
857084 924173 463087 334013 296522 736941 741335 538677 633064 274642 939513 339366 427005 405720 890380 220737 350258 144931 1.01344e+06 992831 900509 314441 832707 471666 548840 405967 802337 481226 680054 768870 537894 710513 582074 779418 351172 216933 469524 452001 426175 508587 701445 286196 651699 756616 339676 633742 620484 848991 108462 679537 
174794 680000 336752 469422 863586 735860 84958.8 262231 606942 734588 694058 745322 372200 596108 224660 667255 430499 759924 725425 213153 149412 466168 614343 913480 426513 382498 196756 771763 591177 417824 1.01148e+06 143544 207196 304007 460246 786366 311970 716593 355675 572640 214758 705932 272837 727970 512098 877536 169756 638919 819085 157842 
744361 812200 351518 219112 275136 636878 645899 428224 524485 314326 827818 377327 314951 395464 776032 122090 253571 110941 900935 891164 791614 217830 719806 429421 430488 297325 718800 402603 569281 650423 510789 599013 486881 661381 235077 179011 366227 364071 330103 398399 586123 314384 534634 654811 221045 561193 524444 737001 144917 568177 
651517 264320 543261 533796 526824 11180.3 783827 561288 146003 928154 273002 984124 539957 935412 639648 512291 633285 594515 345138 890311 738204 631229 216157 411176 346370 568987 912177 280016 150416 356867 469017 598080 704310 471250 516563 541805 612119 285601 648003 253665 527394 918882 470239 38013.2 465550 226049 715336 210851 663871 587912 
443497 619371 52201.5 82764.7 478803 530936 373729 129120 387883 469401 636008 509502 17029.4 420523 476303 278772 115109 372543 699717 600471 492062 131826 526460 554049 205154 38078.9 473888 437156 409068 397152 652283 298181 228327 377000 71589.1 398152 99849.9 379563 118017 285002 288257 449539 244444 537499 129418 577486 258817 549190 435404 267434 
417138 395258 231614 260461 485149 313006 483410 246710 169189 679662 411767 726626 234785 649247 426644 348391 342094 455388 479452 637191 494604 350143 301281 480554 31780.5 267081 608148 326602 180945 219317 574669 316901 389965 267442 240085 441163 299553 276800 341084 120880 257701 663699 190245 315336 218360 421578 403277 322800 530529 298203 
457354 133963 613074 685073 858210 374021 688802 579959 378471 1.10212e+06 135370 1.14401e+06 632861 1.04519e+06 419268 768274 748853 871530 120071 676287 535412 765371 175103 780185 442092 666805 811742 628815 324197 241290 848999 500009 691462 320128 664464 841647 665788 608823 722001 484150 436606 1.0835e+06 425819 348049 649038 610925 681206 174771 946992 511077 
322845 793974 324006 438321 843496 811608 65115.3 268777 672815 621020 809072 622945 352206 466987 373109 638264 368908 717505 848416 310850 295801 404358 719170 921703 475988 348765 105209 795075 668144 527148 1.0202e+06 245359 141450 424700 435587 756974 272281 737667 293212 611765 314682 591102 353239 808110 498383 920051 111252 744302 766933 240832 
534899 124016 680137 744339 887521 377107 766672 651077 409871 1.16316e+06 115624 1.20706e+06 697923 1.11309e+06 496004 813241 813396 913869 58796.3 751166 612052 828046 200960 795267 500609 731976 889812 650202 357113 311970 857131 577135 766187 397200 723747 878781 735272 636692 790403 525084 512711 1.1456e+06 498658 350143 703204 612883 757003 190633 988838 587437 
154693 593111 258544 393154 775765 635305 152161 181417 505107 705250 607870 724591 295178 586276 200960 585144 373109 682575 645232 296184 182989 407011 522188 816854 325220 311978 281087 672566 490486 327185 914414 44181.4 185076 221199 381215 702883 251098 618052 304381 471833 116842 678355 171094 628160 426649 775790 158701 547111 745800 56222.8 
443639 792233 203010 270237 665440 744680 246246 200385 600334 427234 808616 439165 212735 296651 490597 458890 178393 526165 862681 506167 451784 210836 704762 766963 402773 192333 295296 660622 612259 537327 863656 310203 105190 468787 274855 573736 134015 603366 114061 508087 350956 398503 350755 747974 342586 803355 138752 729320 569422 285918 
421001 158345 450871 504946 671029 240709 600101 433797 195256 924210 174866 969604 464760 882562 401045 577022 578683 680053 236136 660186 508025 591055 74108 606981 261725 498704 729429 450441 141905 124427 683977 404243 563415 243288 484410 650865 511189 424302 562896 293002 332024 907419 295264 221335 462611 461313 562148 99247.2 755511 404358 
433601 434245 204414 221382 457073 337818 477582 230495 193621 640260 450699 687837 203002 613580 447166 311541 306349 418918 519018 646128 507568 312618 340165 465242 40792.2 234030 599361 316172 213178 256363 561239 322552 372903 294450 201159 408148 273309 263006 310664 116284 269585 624654 201943 342656 178194 424530 389618 361234 493726 300821 
579690 39623.2 639578 681076 773450 247588 783597 625585 308415 1.09887e+06 29681.6 1.14756e+06 650862 1.06864e+06 549343 720856 762481 816216 87023 811638 663718 771770 122119 669069 443244 684451 911711 530487 261457 304685 726333 587882 754973 415098 660957 774164 701573 523860 751830 432653 517151 1.08411e+06 485850 220658 629554 480126 752641 99020.2 889770 591168 
457096 869994 308084 383824 776500 844002 213860 287091 700103 476766 886007 473608 322672 315546 507001 570404 289608 632880 934579 462450 443191 320095 786553 880539 500009 304777 211625 773196 707248 607211 977151 347282 150572 522358 388330 683656 240260 715791 227633 614860 403897 446374 420583 845370 456011 913994 159665 811555 671394 330684 
422181 772865 189594 266835 666148 729747 230361 181221 585452 446179 789208 459527 202527 318291 468956 459436 180812 530374 842637 489745 431727 214805 685919 763079 386871 185011 287689 653209 595995 516841 860252 288210 84154.6 447111 269833 575601 120934 595749 110802 496017 329140 417732 329970 732462 337218 793867 119050 710564 576003 263898 
683143 458635 442109 383256 310672 227482 741598 487911 183325 736697 470894 796465 424953 771236 687554 306250 489495 378593 546561 906565 762843 477151 383308 230185 296805 445382 860654 72111 236542 433872 315163 585642 625082 519648 371214 322816 507843 67178.9 526282 149803 526932 731416 459628 251177 307041 166388 646839 389801 445917 565417 
245937 295083 410600 507501 772001 418760 459308 364194 338237 910012 308099 945609 436835 833787 220640 635708 551374 743226 337018 482212 331509 573663 244902 742187 285813 469320 584230 582495 295114 79479.6 828205 269141 464091 89319.7 487693 731302 453785 543769 512509 389801 207183 888474 208062 401430 491172 624606 451691 266865 817705 280920 
145602 573928 257614 391842 769661 618324 171292 180737 489262 713751 588670 734543 294279 598239 189771 581326 377041 680084 626018 304021 182989 410312 503287 806895 312285 312922 300027 661154 473570 308104 904166 25961.5 198215 202032 379084 698402 255327 607119 310281 459260 98478.4 687224 155193 610817 422096 761895 173954 528186 744398 45486.3 
465988 684300 83761.6 100802 504251 597762 356118 147679 455003 416070 700943 451811 62968.2 355039 503557 298304 57697.5 379680 763451 598645 504216 86977 591849 596735 271465 29546.6 442485 490245 476391 454912 693908 318234 199730 422765 103788 416829 73681.7 433240 57245.1 349693 322876 394150 289638 604644 171493 635674 235468 614867 434716 287367 
511165 215335 438799 458661 559031 132970 651310 443630 80056.2 872590 230152 923472 442821 855102 499917 490080 547951 587241 305188 749987 597850 552856 129120 483291 235763 474858 780586 329006 30413.8 217904 558488 461866 584309 330970 439210 549313 505785 308759 549065 201400 390226 859251 336364 123016 401837 336788 591305 140890 661547 453842 
318779 261696 363688 439345 671626 326075 489037 335288 233754 853823 277503 894723 383275 796343 305485 546260 499316 653105 327832 558424 405908 516519 185003 636908 201162 417195 618324 477205 193507 26000 722732 293138 458215 138235 418847 635837 418306 439393 473441 287367 221002 834641 188215 311970 411127 521720 454533 210010 728344 293825 
571349 771900 190118 123369 465130 658818 436744 254908 521180 311662 788480 352151 161988 278298 610129 262122 50990.2 318248 854172 689348 605000 27202.9 678205 585764 356867 129769 503532 504921 550441 555042 678770 423710 277483 529510 141439 370601 172418 451400 122483 403524 430704 291673 396234 669248 194815 660148 315930 700071 360285 393081 
267060 499730 146014 265000 618066 489612 293401 96213.3 351369 644610 515947 677676 177485 564989 293901 437987 286665 541248 568465 460409 329730 312712 414986 650056 160016 206865 419734 504971 346554 243378 747329 136180 221639 193871 248202 551806 184621 450521 243288 305203 103078 621908 61400.3 486590 278097 611425 225009 439960 609861 111803 
195980 457957 229993 348786 686896 490658 294335 171143 363556 726529 473426 757608 262084 639038 215539 515057 369789 620008 517983 412273 269609 396772 381578 703363 200644 290998 424085 551609 345984 191604 798745 101833 268337 114215 331453 625953 261840 500330 321450 346225 32649.7 703154 36674.2 483037 356439 641564 259946 406709 690047 97000 
636070 828803 256070 173600 453944 703036 490494 320744 569196 248520 845308 293082 226991 241746 675457 261964 116760 295677 912415 746450 667396 90050 734804 590407 415173 195451 546978 526308 601924 618205 679488 488628 332746 595330 193659 357326 236603 475946 183044 447487 496795 230534 462050 715196 235053 684685 371383 756040 325518 458144 
862260 782077 497897 369670 53084.8 558574 818841 572177 489948 514024 795527 579042 463435 617992 883801 168808 445587 114726 871483 1.04424e+06 924658 413734 698978 228569 486121 459656 908944 273929 543401 692142 295007 728485 665956 739522 375586 50209.6 536004 266987 516568 385523 695484 521177 632539 582344 322926 408803 700406 709687 140730 699769 
877262 819923 503718 371910 92892.4 600243 820478 579470 526460 478006 833665 543004 468240 590435 900961 173819 439068 92200.9 909563 1.0519e+06 936667 405622 735367 271649 509318 461187 905563 317591 579351 719809 332866 740293 665114 761447 380158 61008.2 536680 307508 512466 417594 711231 486837 649986 623610 333314 454010 700646 746898 98478.4 710921 
723398 414309 525298 478302 382205 163248 809925 563298 191024 836373 424062 896315 511825 870028 721168 404728 584069 471246 497278 955055 806816 573614 353990 258436 357834 534835 932940 137441 233122 449588 320702 641530 704115 550142 465001 410278 592868 162890 616127 219829 577218 831293 512191 190074 402840 98412.4 722790 354109 535178 624662 
819421 849172 428911 294771 222324 655534 727902 505980 556127 345023 864223 410005 392237 454357 849301 144534 335872 61351.4 938801 971817 869416 300177 758846 392594 487516 376789 801041 397020 604623 707091 464130 675444 569025 727473 308877 135518 447261 368570 412340 433555 658595 351962 604140 675794 283487 549758 606473 774164 62681.7 644802 
252050 788923 465130 594526 994065 865047 150685 393402 739596 814039 801901 815275 499268 658046 292479 794560 543118 883247 825039 121433 179477 579173 730978 1.04887e+06 562403 505475 157813 907939 721012 535284 1.14701e+06 276284 309919 416965 587212 914088 431181 852658 466503 708755 344362 784125 406123 855694 642448 1.01301e+06 271649 754852 938844 293425 
550058 102591 678832 738355 869640 354069 777229 652805 394077 1.1576e+06 92086.9 1.2026e+06 695301 1.1118e+06 512610 800770 810247 900254 31144.8 769788 628765 823772 186531 773742 494977 729353 901574 630515 342235 314840 834001 585875 771176 406247 717814 863385 735568 618852 789821 511895 519879 1.14064e+06 502260 327055 694822 588870 763345 173459 974949 594829 
721366 958301 368209 305177 545279 835733 537075 421247 701942 137928 974867 167108 344890 124664 764829 374001 228790 378725 1.04073e+06 797031 739757 213694 864517 698041 543394 311193 563916 649580 734064 739032 781461 577603 392094 704693 324780 449720 331006 601708 271465 580259 598021 111893 572451 848009 367793 809106 428674 886201 384708 548731 
527595 203630 719156 794003 960026 456799 772094 682643 480463 1.21046e+06 196306 1.25164e+06 740024 1.1501e+06 484162 876269 856114 978853 135565 729000 598228 873375 272209 873011 551262 773866 890647 725728 426691 346508 936582 589924 788054 412312 773401 947103 769896 709559 826918 590596 531008 1.19152e+06 527034 429913 758322 693149 775103 265481 1.0542e+06 604074 
396773 143402 502802 572106 758555 312950 605913 473858 283143 989452 156387 1.03187e+06 521391 935637 367614 658727 637191 763081 192585 630157 481215 653028 111288 694102 329097 555407 732713 538139 229491 135518 769604 411705 592231 234691 551494 736369 557653 512282 612824 378440 343431 971078 322967 290227 536448 542137 585352 127142 838651 418390 
814205 1.00639e+06 442747 353058 501294 860070 641253 504448 734635 72615.4 1.02273e+06 134536 414162 199650 855767 361964 302076 336024 1.09181e+06 901222 837929 277218 912300 667630 596795 382426 671293 643960 772480 804240 742825 668147 492318 782177 373664 411005 416819 602322 359071 608935 681510 73027.4 648908 875187 401015 803210 529794 932486 322095 638320 
806283 839215 415769 281619 225391 647716 715220 492842 546600 343421 854338 408276 379095 448108 836212 134302 323415 60407 928774 958833 856272 287793 748615 393041 475370 363732 788977 392209 594713 695072 466618 662291 556421 714738 295736 135624 434356 362200 399811 423473 645524 349242 591190 667690 270780 546155 593809 764152 74793 631649 
355883 832169 352817 461785 866386 848311 97097.9 301617 708929 617882 847257 615832 379200 457525 405938 660307 386291 736033 886384 322093 322964 421038 757338 949678 511258 373134 81024.7 825826 705127 565350 1.04802e+06 283388 167631 462517 460404 778261 297310 768274 312194 645291 352881 587621 391104 845138 524605 953157 142271 782474 782812 279034 
166676 399472 470608 586615 889400 551609 420595 407967 471631 964739 409542 992948 502594 865938 122188 738017 609824 845151 418766 376808 237255 637358 367784 870959 393041 531629 532538 711587 429441 212144 958893 262840 471546 141032 568356 841072 497756 670090 557280 513491 230766 940503 268034 533279 584734 758834 449080 387114 917829 286810 
144028 471454 270512 394730 738806 527273 273732 204083 405765 760529 486181 788504 304473 663429 164757 565533 407303 669915 524223 365000 219456 436261 401908 754432 251575 331313 402045 601805 383710 206010 849462 78854.3 277238 101769 378160 677213 293394 551132 352854 396081 27459.1 736115 88639.7 517731 406341 687677 261725 426676 739279 90735.9 
35014.3 505811 396294 525009 871532 615202 288647 323883 509848 871450 518021 893714 431724 757852 32140.3 699201 527160 803293 538182 270897 119218 558464 456232 880278 379289 455862 399242 724859 478235 268287 973717 156218 357022 152003 509251 810919 407708 676491 465124 519317 159524 845400 221163 601233 539812 797979 329803 478784 872152 185852 
