50 50 11
777 335 649 27 763 426 211 429 862 135 22 167 11 373 784 324 413 980 862 281 84 505 313 895 814 364 87 178 403 399 676 12 94 570 467 902 652 280 865 619 31 771 709 856 586 683 528 829 270 715 
3400 1490 7960 7230 6180 2450 8460 4510 9210 5550 3790 
6 0 9 5 0 2 6 1 8 9 8 4 7 9 2 4 1 10 0 7 7 2 4 7 4 6 10 10 1 0 1 8 9 3 0 4 3 3 2 10 0 4 4 0 7 9 0 5 8 2 
7603.45 5848.3 4610.64 3682.46 1844.91 3515.51 7800.82 5212.84 3025.36 6609.1 5972.45 7236.83 4354.6 7220.01 7714.47 2289.74 4709.19 2746.14 6729.7 9709.07 8345.6 4501.48 5076.66 1395.17 3655.31 4472.64 8901.26 651.153 3568.08 5380.01 2375.88 6464.8 6462.26 6100.11 3624.91 2091.17 5191.39 734.37 5233.1 2286.5 5966.38 6601.29 5290.54 3761.52 2948.12 2156.04 6736.77 5152.33 3343.68 6222.67 
6937.85 8241.51 3011.59 1833.08 3654.53 6724.47 5714.31 3744.33 5478.99 2596.25 8403.11 3172.38 2664.92 3100.97 7294.64 1870.67 1804.27 2034.21 9108.44 8229.27 7333.82 1448.38 7302.82 5116.74 4215.78 2415.99 6360.02 4654.6 5871.33 6366.49 5970.03 5462.97 4120.98 6309.71 2031.77 2687.32 3008.16 4201.19 2561.25 4218.08 5435.03 2520.02 4994.85 6876.08 2172.76 6252.95 4504.69 7496.41 2317 5153.14 
3697.09 8814.77 4448.46 5580.08 9629.96 9196.96 1408.12 3877.69 7837.47 7026.59 8958.06 6954.14 4730.17 5350.6 4168.86 7572.09 4839.39 8336.62 9284.21 2689.24 3152.17 5186.84 8127.54 10425.6 5901.4 4688.17 166.433 9149.97 7751.88 6170.81 11410.6 3349.34 2618.17 5059.51 5558.74 8754.3 3925.21 8577.02 4096.74 7289.89 4075.06 6721.44 4557.74 9144.71 6191.04 10375.6 2320.02 8376.11 8803.33 3386.62 
5405.2 1940.03 7237.47 7960.36 9546.52 4471.61 7833.04 6888.51 4756.82 12132.9 1856.07 12551.7 7439.1 11554 4976.68 8744.43 8599.36 9764.02 1214.91 7440.54 6121.48 8765.67 2668.11 8648.8 5528 7778.29 9026.68 7188.58 4222.38 3513.66 9271.75 5996.83 7963.32 4212.94 7754.23 9434.35 7755.22 7039.6 8321.66 5877.7 5396.67 11947 5336.97 4202.01 7588.45 6829.07 7840.88 2586 10516.4 6131.53 
5344.39 3475.46 3570.01 3468.79 4352.39 1894.47 6213.42 3826.24 551.543 7511.17 3623.77 8045.55 3517.46 7483.62 5356.01 3581.69 4447.75 4550.7 4373.71 7637.76 6166.04 4439.38 2593.32 3842.98 1698.15 3802.96 7463.79 2246.11 1033.15 2786.27 4706.19 4495.88 5256.56 3661.04 3290.14 4188.08 4260.01 1904.44 4597.27 715.891 3852.96 7396.7 3201.56 1990.78 2820.64 2889.79 5406.15 2728.83 5295.13 4332.6 
324.5 5539.46 3676 5001.45 8634.96 6453.54 2288.62 2920.15 5311.59 8281.47 5668.73 8475.55 4039.72 7079.75 820.731 6830.12 4915.5 7846.94 5911.66 2383.15 891.964 5243.79 4982.58 8844.71 3816.87 4250.05 3399.49 7322.14 5045.33 3046.65 9797.4 1200.37 3063.49 1853.97 4859.24 7977.09 3701.26 6813.55 4254 5264.99 1500.83 8013.41 2175.13 6333.31 5229.34 8159.71 2766.6 5216.94 8512.6 1510.3 
3385.65 5402.34 748.131 1893.2 5555.43 4941.22 3191 659.697 3506.29 5742.27 5567.85 6100.82 1026.94 5057.51 3681.64 3682.85 2155.23 4695.06 6150.28 5164 3949.75 2392.7 4506.44 6024.57 1501.2 1338.43 4369.46 4658.34 3575.26 2986.13 7007.72 1985.95 2089.52 2664.3 1730.12 4844.35 1292.52 4092.38 1828 2783.85 1781.8 5525.77 1333.3 4952.59 2083.96 5866.12 2251.62 4748.49 5367.17 1695.44 
6303.54 8604.03 2684.27 2117.03 5100 7466.12 4643.89 3238.27 6098.7 2330 8770.01 2670.88 2449.2 1916.04 6722.98 3184.49 1288.18 3502.28 9421.19 7233.29 6545.45 1162.84 7668.38 6468.71 4452.15 2111.92 5097.55 5800.01 6395.94 6390.38 7360.98 4846.61 3110.06 6059.05 2303.15 4132.95 2345.42 5286.4 1758.41 4910.01 5010.59 2097.74 4732.96 7575.39 2800.8 7376.52 3491.16 7888.59 3757.14 4550.7 
7703.93 8037.82 3812.94 2467.59 2247.22 6163.32 6851.49 4584.23 5120.01 3551.3 8190.15 4192.37 3446.53 4452.95 7997.58 994.887 2954.35 600.333 8932.12 9263.05 8215.7 2604.5 7127.75 3830.12 4375.39 3307.84 7624.97 3682.13 5594.33 6572.81 4620.44 6270.25 5270 6771.27 2600.94 1292.48 4028.52 3345.5 3711.39 3880.13 6089.5 3578.06 5540.44 6357.08 2331.37 5246.96 5639.45 7286.49 1060.42 5964.94 
8570.84 9241.73 4630.87 3340.13 2965.22 7369.41 7413.35 5386.77 6330.64 2746.42 9395.13 3393.66 4270.05 4057.2 8903.8 2207.37 3502.58 1449.31 10134.4 9928.31 9005.09 3144.41 8327.07 4716.66 5488.4 4059.67 8023.37 4812.26 6800.54 7688.7 5378.94 7105.13 5820.74 7794.18 3511.72 2169.33 4695.24 4520.01 4261.75 5085.87 7014.45 2861.96 6516.99 7566.16 3396.76 6337.42 6204.84 8489.91 1084.62 6795.37 
1747.94 6800 3367.52 4694.22 8635.86 7358.6 849.588 2622.31 6069.42 7345.88 6940.58 7453.22 3722 5961.08 2246.6 6672.55 4304.99 7599.24 7254.25 2131.53 1494.12 4661.68 6143.43 9134.8 4265.13 3824.98 1967.56 7717.63 5911.77 4178.24 10114.8 1435.44 2071.96 3040.07 4602.46 7863.66 3119.7 7165.93 3556.75 5726.4 2147.58 7059.32 2728.37 7279.7 5120.98 8775.36 1697.56 6389.19 8190.85 1578.42 
7443.61 8122 3515.18 2191.12 2751.36 6368.78 6458.99 4282.24 5244.85 3143.26 8278.18 3773.27 3149.51 3954.64 7760.32 1220.9 2535.71 1109.41 9009.35 8911.64 7916.14 2178.3 7198.06 4294.21 4304.88 2973.25 7188 4026.03 5692.81 6504.23 5107.89 5990.13 4868.81 6613.81 2350.77 1790.11 3662.27 3640.71 3301.03 3983.99 5861.23 3143.84 5346.34 6548.11 2210.45 5611.93 5244.44 7370.01 1449.17 5681.77 
6515.17 2643.2 5432.61 5337.96 5268.24 111.803 7838.27 5612.88 1460.03 9281.54 2730.02 9841.24 5399.57 9354.12 6396.48 5122.91 6332.85 5945.15 3451.38 8903.11 7382.04 6312.29 2161.57 4111.76 3463.7 5689.87 9121.77 2800.16 1504.16 3568.67 4690.17 5980.8 7043.1 4712.5 5165.63 5418.05 6121.19 2856.01 6480.03 2536.65 5273.94 9188.82 4702.39 380.132 4655.5 2260.49 7153.36 2108.51 6638.71 5879.12 
4434.97 6193.71 522.015 827.647 4788.03 5309.36 3737.29 1291.2 3878.83 4694.01 6360.08 5095.02 170.294 4205.23 4763.03 2787.72 1151.09 3725.43 6997.17 6004.71 4920.62 1318.26 5264.6 5540.49 2051.54 380.789 4738.88 4371.56 4090.68 3971.52 6522.83 2981.81 2283.27 3770 715.891 3981.52 998.499 3795.63 1180.17 2850.02 2882.57 4495.39 2444.44 5374.99 1294.18 5774.86 2588.17 5491.9 4354.04 2674.34 
4171.38 3952.58 2316.14 2604.61 4851.49 3130.06 4834.1 2467.1 1691.89 6796.62 4117.67 7266.26 2347.85 6492.47 4266.44 3483.91 3420.94 4553.88 4794.52 6371.91 4946.04 3501.43 3012.81 4805.54 317.805 2670.81 6081.48 3266.02 1809.45 2193.17 5746.69 3169.01 3899.65 2674.42 2400.85 4411.63 2995.53 2768 3410.84 1208.8 2577.01 6636.99 1902.45 3153.36 2183.6 4215.78 4032.77 3228 5305.29 2982.03 
4573.54 1339.63 6130.74 6850.73 8582.1 3740.21 6888.02 5799.59 3784.71 11021.2 1353.7 11440.1 6328.61 10451.9 4192.68 7682.74 7488.53 8715.3 1200.71 6762.87 5354.12 7653.71 1751.03 7801.85 4420.92 6668.05 8117.42 6288.15 3241.97 2412.9 8489.99 5000.09 6914.62 3201.28 6644.64 8416.47 6657.88 6088.23 7220.01 4841.5 4366.06 10835 4258.19 3480.49 6490.38 6109.25 6812.06 1747.71 9469.92 5110.77 
3228.45 7939.74 3240.06 4383.21 8434.96 8116.08 651.153 2687.77 6728.15 6210.2 8090.72 6229.45 3522.06 4669.87 3731.09 6382.64 3689.08 7175.05 8484.16 3108.5 2958.01 4043.58 7191.7 9217.03 4759.88 3487.65 1052.09 7950.75 6681.44 5271.48 10202 2453.59 1414.5 4247 4355.87 7569.74 2722.81 7376.67 2932.12 6117.65 3146.82 5911.02 3532.39 8081.1 4983.83 9200.51 1112.52 7443.02 7669.33 2408.32 
5348.99 1240.16 6801.37 7443.39 8875.21 3771.07 7666.72 6510.77 4098.71 11631.6 1156.24 12070.6 6979.23 11130.9 4960.04 8132.41 8133.96 9138.69 587.963 7511.66 6120.52 8280.46 2009.6 7952.67 5006.09 7319.76 8898.12 6502.02 3571.13 3119.7 8571.31 5771.35 7661.87 3972 7237.47 8787.81 7352.72 6366.92 7904.03 5250.84 5127.11 11456 4986.58 3501.43 7032.04 6128.83 7570.03 1906.33 9888.38 5874.37 
1546.93 5931.11 2585.44 3931.54 7757.65 6353.05 1521.61 1814.17 5051.07 7052.5 6078.7 7245.91 2951.78 5862.76 2009.6 5851.44 3731.09 6825.75 6452.32 2961.84 1829.89 4070.11 5221.88 8168.54 3252.2 3119.78 2810.87 6725.66 4904.86 3271.85 9144.14 441.814 1850.76 2211.99 3812.15 7028.83 2510.98 6180.52 3043.81 4718.33 1168.42 6783.55 1710.94 6281.6 4266.49 7757.9 1587.01 5471.11 7458 562.228 
4436.39 7922.33 2030.1 2702.37 6654.4 7446.8 2462.46 2003.85 6003.34 4272.34 8086.16 4391.65 2127.35 2966.51 4905.97 4588.9 1783.93 5261.65 8626.81 5061.67 4517.84 2108.36 7047.62 7669.63 4027.73 1923.33 2952.96 6606.22 6122.59 5373.27 8636.56 3102.03 1051.9 4687.87 2748.55 5737.36 1340.15 6033.66 1140.61 5080.87 3509.56 3985.03 3507.55 7479.74 3425.86 8033.55 1387.52 7293.2 5694.22 2859.18 
4210.01 1583.45 4508.71 5049.46 6710.29 2407.09 6001.01 4337.97 1952.56 9242.1 1748.66 9696.04 4647.6 8825.62 4010.45 5770.22 5786.83 6800.53 2361.36 6601.86 5080.25 5910.55 741.08 6069.81 2617.25 4987.04 7294.29 4504.41 1419.05 1244.27 6839.77 4042.43 5634.15 2432.88 4844.1 6508.65 5111.89 4243.02 5628.96 2930.02 3320.24 9074.19 2952.64 2213.35 4626.11 4613.13 5621.48 992.472 7555.11 4043.58 
4336.01 4342.45 2044.14 2213.82 4570.73 3378.18 4775.82 2304.95 1936.21 6402.6 4506.99 6878.37 2030.02 6135.8 4471.66 3115.41 3063.49 4189.18 5190.18 6461.28 5075.68 3126.18 3401.65 4652.42 407.922 2340.3 5993.61 3161.72 2131.78 2563.63 5612.39 3225.52 3729.03 2944.5 2011.59 4081.48 2733.09 2630.06 3106.64 1162.84 2695.85 6246.54 2019.43 3426.56 1781.94 4245.3 3896.18 3612.34 4937.26 3008.21 
5796.9 396.232 6395.78 6810.76 7734.5 2475.88 7835.97 6255.85 3084.15 10988.7 296.816 11475.6 6508.62 10686.4 5493.43 7208.56 7624.81 8162.16 870.23 8116.38 6637.18 7717.7 1221.19 6690.69 4432.44 6844.51 9117.11 5304.87 2614.57 3046.85 7263.33 5878.82 7549.73 4150.98 6609.57 7741.64 7015.73 5238.6 7518.3 4326.53 5171.51 10841.1 4858.5 2206.58 6295.54 4801.26 7526.41 990.202 8897.7 5911.68 
4570.96 8699.94 3080.84 3838.24 7765 8440.02 2138.6 2870.91 7001.03 4767.66 8860.07 4736.08 3226.72 3155.46 5070.01 5704.04 2896.08 6328.8 9345.79 4624.5 4431.91 3200.95 7865.53 8805.39 5000.09 3047.77 2116.25 7731.96 7072.48 6072.11 9771.51 3472.82 1505.72 5223.58 3883.3 6836.56 2402.6 7157.91 2276.33 6148.6 4038.97 4463.74 4205.83 8453.7 4560.11 9139.94 1596.65 8115.55 6713.94 3306.84 
4221.81 7728.65 1895.94 2668.35 6661.48 7297.47 2303.61 1812.21 5854.52 4461.79 7892.08 4595.27 2025.27 3182.91 4689.56 4594.36 1808.12 5303.74 8426.37 4897.45 4317.27 2148.05 6859.19 7630.79 3868.71 1850.11 2876.89 6532.09 5959.95 5168.41 8602.52 2882.1 841.546 4471.11 2698.33 5756.01 1209.34 5957.49 1108.02 4960.17 3291.4 4177.32 3299.7 7324.62 3372.18 7938.67 1190.5 7105.64 5760.03 2638.98 
6831.43 4586.35 4421.09 3832.56 3106.72 2274.82 7415.98 4879.11 1833.25 7366.97 4708.94 7964.65 4249.53 7712.36 6875.54 3062.5 4894.95 3785.93 5465.61 9065.65 7628.43 4771.51 3833.08 2301.85 2968.05 4453.82 8606.54 721.11 2365.42 4338.72 3151.63 5856.42 6250.82 5196.48 3712.14 3228.16 5078.43 671.789 5262.82 1498.03 5269.32 7314.16 4596.28 2511.77 3070.41 1663.88 6468.39 3898.01 4459.17 5654.17 
2459.37 2950.83 4106 5075.01 7720.01 4187.6 4593.08 3641.94 3382.37 9100.12 3080.99 9456.09 4368.35 8337.87 2206.4 6357.08 5513.74 7432.26 3370.18 4822.12 3315.09 5736.63 2449.02 7421.87 2858.13 4693.2 5842.3 5824.95 2951.14 794.796 8282.05 2691.41 4640.91 893.197 4876.93 7313.02 4537.85 5437.69 5125.09 3898.01 2071.83 8884.74 2080.62 4014.3 4911.72 6246.06 4516.91 2668.65 8177.05 2809.2 
1456.02 5739.28 2576.14 3918.42 7696.61 6183.24 1712.92 1807.37 4892.62 7137.51 5886.7 7345.43 2942.79 5982.39 1897.71 5813.26 3770.41 6800.84 6260.18 3040.21 1829.89 4103.12 5032.87 8068.95 3122.85 3129.22 3000.27 6611.54 4735.7 3081.04 9041.66 259.615 1982.15 2020.32 3790.84 6984.02 2553.27 6071.19 3102.81 4592.6 984.784 6872.24 1551.93 6108.17 4220.96 7618.95 1739.54 5281.86 7443.98 454.863 
4659.88 6843 837.616 1008.02 5042.51 5977.62 3561.18 1476.79 4550.03 4160.7 7009.43 4518.11 629.682 3550.39 5035.57 2983.04 576.975 3796.8 7634.51 5986.45 5042.16 869.77 5918.49 5967.35 2714.65 295.466 4424.85 4902.45 4763.91 4549.12 6939.08 3182.34 1997.3 4227.65 1037.88 4168.29 736.817 4332.4 572.451 3496.93 3228.76 3941.5 2896.38 6046.44 1714.93 6356.74 2354.68 6148.67 4347.16 2873.67 
5111.65 2153.35 4387.99 4586.61 5590.31 1329.7 6513.1 4436.3 800.562 8725.9 2301.52 9234.72 4428.21 8551.02 4999.17 4900.8 5479.51 5872.41 3051.88 7499.87 5978.5 5528.56 1291.2 4832.91 2357.63 4748.58 7805.86 3290.06 304.138 2179.04 5584.88 4618.66 5843.09 3309.7 4392.1 5493.13 5057.85 3087.59 5490.65 2014 3902.26 8592.51 3363.64 1230.16 4018.37 3367.88 5913.05 1408.9 6615.47 4538.42 
3187.79 2616.96 3636.88 4393.45 6716.26 3260.75 4890.37 3352.88 2337.54 8538.23 2775.03 8947.23 3832.75 7963.43 3054.85 5462.6 4993.16 6531.05 3278.32 5584.24 4059.08 5165.19 1850.03 6369.08 2011.62 4171.95 6183.24 4772.05 1935.07 260 7227.32 2931.38 4582.15 1382.35 4188.47 6358.37 4183.06 4393.93 4734.41 2873.67 2210.02 8346.41 1882.15 3119.7 4111.27 5217.2 4545.33 2100.1 7283.44 2938.25 
5713.49 7719 1901.18 1233.69 4651.3 6588.18 4367.44 2549.08 5211.8 3116.62 7884.8 3521.51 1619.88 2782.98 6101.29 2621.22 509.902 3182.48 8541.72 6893.48 6050 272.029 6782.05 5857.64 3568.67 1297.69 5035.32 5049.21 5504.41 5550.42 6787.7 4237.1 2774.83 5295.1 1414.39 3706.01 1724.18 4514 1224.83 4035.24 4307.04 2916.73 3962.34 6692.48 1948.15 6601.48 3159.3 7000.71 3602.85 3930.81 
2670.6 4997.3 1460.14 2650 6180.66 4896.12 2934.01 962.133 3513.69 6446.1 5159.47 6776.76 1774.85 5649.89 2939.01 4379.87 2866.65 5412.48 5684.65 4604.09 3297.3 3127.12 4149.86 6500.56 1600.16 2068.65 4197.34 5049.71 3465.54 2433.78 7473.29 1361.8 2216.39 1938.71 2482.02 5518.06 1846.21 4505.21 2432.88 3052.03 1030.78 6219.08 614.003 4865.9 2780.97 6114.25 2250.09 4399.6 6098.61 1118.03 
1959.8 4579.57 2299.93 3487.86 6868.96 4906.58 2943.35 1711.43 3635.56 7265.29 4734.26 7576.08 2620.84 6390.38 2155.39 5150.57 3697.89 6200.08 5179.83 4122.73 2696.09 3967.72 3815.78 7033.63 2006.44 2909.98 4240.85 5516.09 3459.84 1916.04 7987.45 1018.33 2683.37 1142.15 3314.53 6259.53 2618.4 5003.3 3214.5 3462.25 326.497 7031.54 366.742 4830.37 3564.39 6415.64 2599.46 4067.09 6900.47 970 
6360.7 8288.03 2560.7 1736 4539.44 7030.36 4904.94 3207.44 5691.96 2485.2 8453.08 2930.82 2269.91 2417.46 6754.57 2619.64 1167.6 2956.77 9124.15 7464.5 6673.96 900.5 7348.04 5904.07 4151.73 1954.51 5469.78 5263.08 6019.24 6182.05 6794.88 4886.28 3327.46 5953.3 1936.59 3573.26 2366.03 4759.46 1830.44 4474.87 4967.95 2305.34 4620.5 7151.96 2350.53 6846.85 3713.83 7560.4 3255.18 4581.44 
8622.6 7820.77 4978.97 3696.7 530.848 5585.74 8188.41 5721.77 4899.48 5140.24 7955.27 5790.42 4634.35 6179.92 8838.01 1688.08 4455.87 1147.26 8714.83 10442.4 9246.58 4137.34 6989.78 2285.69 4861.21 4596.56 9089.44 2739.29 5434.01 6921.42 2950.07 7284.85 6659.56 7395.22 3755.86 502.096 5360.04 2669.87 5165.68 3855.23 6954.84 5211.77 6325.39 5823.44 3229.26 4088.03 7004.06 7096.87 1407.3 6997.69 
8772.62 8199.23 5037.18 3719.1 928.924 6002.43 8204.78 5794.7 5264.6 4780.06 8336.65 5430.04 4682.4 5904.35 9009.61 1738.19 4390.68 922.009 9095.63 10519 9366.67 4056.22 7353.67 2716.49 5093.18 4611.87 9055.63 3175.91 5793.51 7198.09 3328.66 7402.93 6651.14 7614.47 3801.58 610.082 5366.8 3075.08 5124.66 4175.94 7112.31 4868.37 6499.86 6236.1 3333.14 4540.1 7006.46 7468.98 984.784 7109.21 
7233.98 4143.09 5252.98 4783.02 3822.05 1632.48 8099.25 5632.98 1910.24 8363.73 4240.62 8963.15 5118.25 8700.28 7211.68 4047.28 5840.69 4712.46 4972.78 9550.55 8068.16 5736.14 3539.9 2584.36 3578.34 5348.35 9329.4 1374.41 2331.22 4495.88 3207.02 6415.3 7041.15 5501.42 4650.01 4102.78 5928.68 1628.9 6161.27 2198.29 5772.18 8312.93 5121.91 1900.74 4028.4 984.124 7227.9 3541.09 5351.78 6246.62 
8194.21 8491.72 4289.11 2947.71 2223.24 6555.34 7279.02 5059.8 5561.27 3450.23 8642.23 4100.05 3922.37 4543.57 8493.01 1445.34 3358.72 613.514 9388.01 9718.17 8694.16 3001.77 7588.46 3925.94 4875.16 3767.89 8010.41 3970.2 6046.23 7070.91 4641.3 6754.44 5690.25 7274.73 3088.77 1355.18 4472.61 3685.7 4123.4 4335.55 6585.95 3519.62 6041.4 6757.94 2834.87 5497.58 6064.73 7741.64 626.817 6448.02 
2520.5 7889.23 4651.3 5945.26 9940.65 8650.47 1506.85 3934.02 7395.96 8140.39 8019.01 8152.75 4992.68 6580.46 2924.79 7945.6 5431.18 8832.47 8250.39 1214.33 1794.77 5791.73 7309.78 10488.7 5624.03 5054.75 1578.13 9079.39 7210.12 5352.84 11470.1 2762.84 3099.19 4169.65 5872.12 9140.88 4311.81 8526.58 4665.03 7087.55 3443.62 7841.25 4061.23 8556.94 6424.48 10130.1 2716.49 7548.52 9388.44 2934.25 
5500.58 1025.91 6788.32 7383.55 8696.4 3540.69 7772.29 6528.05 3940.77 11576 920.869 12026 6953.01 11118 5126.1 8007.7 8102.47 9002.54 311.448 7697.88 6287.65 8237.72 1865.31 7737.42 4949.77 7293.53 9015.74 6305.15 3422.35 3148.4 8340.01 5858.75 7711.76 4062.47 7178.14 8633.85 7355.68 6188.52 7898.21 5118.95 5198.79 11406.4 5022.6 3270.55 6948.22 5888.7 7633.45 1734.59 9749.49 5948.29 
7213.66 9583.01 3682.09 3051.77 5452.79 8357.33 5370.75 4212.47 7019.42 1379.28 9748.67 1671.08 3448.9 1246.64 7648.29 3740.01 2287.9 3787.25 10407.3 7970.31 7397.57 2136.94 8645.17 6980.41 5433.94 3111.93 5639.16 6495.8 7340.64 7390.32 7814.61 5776.03 3920.94 7046.93 3247.8 4497.2 3310.06 6017.08 2714.65 5802.59 5980.21 1118.93 5724.51 8480.09 3677.93 8091.06 4286.74 8862.01 3847.08 5487.31 
5275.95 2036.3 7191.56 7940.03 9600.26 4567.99 7720.94 6826.43 4804.63 12104.6 1963.06 12516.4 7400.24 11501 4841.62 8762.69 8561.14 9788.53 1355.65 7290 5982.28 8733.75 2722.09 8730.11 5512.62 7738.66 8906.47 7257.28 4266.91 3465.08 9365.82 5899.24 7880.54 4123.12 7734.01 9471.03 7698.96 7095.59 8269.18 5905.96 5310.08 11915.2 5270.34 4299.13 7583.22 6931.49 7751.03 2654.81 10542 6040.74 
3967.73 1434.02 5028.02 5721.06 7585.55 3129.5 6059.13 4738.58 2831.43 9894.52 1563.87 10318.7 5213.91 9356.37 3676.14 6587.27 6371.91 7630.81 1925.85 6301.57 4812.15 6530.28 1112.88 6941.02 3290.97 5554.07 7327.13 5381.39 2294.91 1355.18 7696.04 4117.05 5922.31 2346.91 5514.94 7363.69 5576.53 5122.82 6128.24 3784.4 3434.31 9710.78 3229.67 2902.27 5364.48 5421.37 5853.52 1271.42 8386.51 4183.9 
8142.05 10063.9 4427.47 3530.58 5012.94 8600.7 6412.53 5044.48 7346.35 726.154 10227.3 1345.36 4141.62 1996.5 8557.67 3619.64 3020.76 3360.24 10918.1 9012.22 8379.29 2772.18 9123 6676.3 5967.95 3824.26 6712.93 6439.6 7724.8 8042.4 7428.25 6681.47 4923.18 7821.77 3736.64 4110.05 4168.19 6023.22 3590.71 6089.35 6815.1 730.274 6489.08 8751.87 4010.15 8032.1 5297.94 9324.86 3220.95 6383.2 
8062.83 8392.15 4157.69 2816.19 2253.91 6477.16 7152.2 4928.42 5466 3434.21 8543.38 4082.76 3790.95 4481.08 8362.12 1343.02 3234.15 604.07 9287.74 9588.33 8562.72 2877.93 7486.15 3930.41 4753.7 3637.32 7889.77 3922.09 5947.13 6950.72 4666.18 6622.91 5564.21 7147.38 2957.36 1356.24 4343.56 3622 3998.11 4234.73 6455.24 3492.42 5911.9 6676.9 2707.8 5461.55 5938.09 7641.52 747.93 6316.49 
3558.83 8321.69 3528.17 4617.85 8663.86 8483.11 970.979 3016.17 7089.29 6178.82 8472.57 6158.32 3792 4575.25 4059.38 6603.07 3862.91 7360.33 8863.84 3220.93 3229.64 4210.38 7573.38 9496.78 5112.58 3731.34 810.247 8258.26 7051.27 5653.5 10480.2 2833.88 1676.31 4625.17 4604.04 7782.61 2973.1 7682.74 3121.94 6452.91 3528.81 5876.21 3911.04 8451.38 5246.05 9531.57 1422.71 7824.74 7828.12 2790.34 
1666.76 3994.72 4706.08 5866.15 8894 5516.09 4205.95 4079.67 4716.31 9647.39 4095.42 9929.48 5025.94 8659.38 1221.88 7380.17 6098.24 8451.51 4187.66 3768.08 2372.55 6373.58 3677.84 8709.59 3930.41 5316.29 5325.38 7115.87 4294.41 2121.44 9588.93 2628.4 4715.46 1410.32 5683.56 8410.72 4977.56 6700.9 5572.8 5134.91 2307.66 9405.03 2680.34 5332.79 5847.34 7588.34 4490.8 3871.14 9178.29 2868.1 
1440.28 4714.54 2705.12 3947.3 7388.06 5272.73 2737.32 2040.83 4057.65 7605.29 4861.81 7885.04 3044.73 6634.29 1647.57 5655.33 4073.03 6699.15 5242.23 3650 2194.56 4362.61 4019.08 7544.32 2515.75 3313.13 4020.45 6018.05 3837.1 2060.1 8494.62 788.543 2772.38 1017.69 3781.6 6772.13 2933.94 5511.32 3528.54 3960.81 274.591 7361.15 886.397 5177.31 4063.41 6876.77 2617.25 4266.76 7392.79 907.359 
350.143 5058.11 3962.94 5250.09 8715.32 6152.02 2886.47 3238.83 5098.48 8714.5 5180.21 8937.14 4317.24 7578.52 321.403 6992.01 5271.6 8032.93 5381.82 2708.97 1192.18 5584.64 4562.32 8802.78 3792.89 4558.62 3992.42 7248.59 4782.35 2682.87 9737.17 1562.18 3570.22 1520.03 5092.51 8109.19 4077.08 6764.91 4651.24 5193.17 1595.24 8454 2211.63 6012.33 5398.12 7979.79 3298.03 4787.84 8721.52 1858.52 
