50 50 11
777 335 649 27 763 426 211 429 862 135 22 167 11 373 784 324 413 980 862 281 84 505 313 895 814 364 87 178 403 399 676 12 94 570 467 902 652 280 865 619 31 771 709 856 586 683 528 829 270 715 
3.4 1.49 7.96 7.23 6.18 2.45 8.46 4.51 9.21 5.55 3.79 
6 0 9 5 0 2 6 1 8 9 8 4 7 9 2 4 1 10 0 7 7 2 4 7 4 6 10 10 1 0 1 8 9 3 0 4 3 3 2 10 0 4 4 0 7 9 0 5 8 2 
760.345 584.83 461.064 368.246 184.491 351.551 780.082 521.284 302.536 660.91 597.245 723.683 435.46 722.001 771.447 228.974 470.919 274.614 672.97 970.907 834.56 450.148 507.666 139.517 365.531 447.264 890.126 65.1153 356.808 538.001 237.588 646.48 646.226 610.011 362.491 209.117 519.139 73.437 523.31 228.65 596.638 660.129 529.054 376.152 294.812 215.604 673.677 515.233 334.368 622.267 
693.785 824.151 301.159 183.308 365.453 672.447 571.431 374.433 547.899 259.625 840.311 317.238 266.492 310.097 729.464 187.067 180.427 203.421 910.844 822.927 733.382 144.838 730.282 511.674 421.578 241.599 636.002 465.46 587.133 636.649 597.003 546.297 412.098 630.971 203.177 268.732 300.816 420.119 256.125 421.808 543.503 252.002 499.485 687.608 217.276 625.295 450.469 749.641 231.7 515.314 
369.709 881.477 444.846 558.008 962.996 919.696 140.812 387.769 783.747 702.659 895.806 695.414 473.017 535.06 416.886 757.209 483.939 833.662 928.421 268.924 315.217 518.684 812.754 1042.56 590.14 468.817 16.6433 914.997 775.188 617.081 1141.06 334.934 261.817 505.951 555.874 875.43 392.521 857.702 409.674 728.989 407.506 672.144 455.774 914.471 619.104 1037.56 232.002 837.611 880.333 338.662 
540.52 194.003 723.747 796.036 954.652 447.161 783.304 688.851 475.682 1213.29 185.607 1255.17 743.91 1155.4 497.668 874.443 859.936 976.402 121.491 744.054 612.148 876.567 266.811 864.88 552.8 777.829 902.668 718.858 422.238 351.366 927.175 599.683 796.332 421.294 775.423 943.435 775.522 703.96 832.166 587.77 539.667 1194.7 533.697 420.201 758.845 682.907 784.088 258.6 1051.64 613.153 
534.439 347.546 357.001 346.879 435.239 189.447 621.342 382.624 55.1543 751.117 362.377 804.555 351.746 748.362 535.601 358.169 444.775 455.07 437.371 763.776 616.604 443.938 259.332 384.298 169.815 380.296 746.379 224.611 103.315 278.627 470.619 449.588 525.656 366.104 329.014 418.808 426.001 190.444 459.727 71.5891 385.296 739.67 320.156 199.078 282.064 288.979 540.615 272.883 529.513 433.26 
32.45 553.946 367.6 500.145 863.496 645.354 228.862 292.015 531.159 828.147 566.873 847.555 403.972 707.975 82.0731 683.012 491.55 784.694 591.166 238.315 89.1964 524.379 498.258 884.471 381.687 425.005 339.949 732.214 504.533 304.665 979.74 120.037 306.349 185.397 485.924 797.709 370.126 681.355 425.4 526.499 150.083 801.341 217.513 633.331 522.934 815.971 276.66 521.694 851.26 151.03 
338.565 540.234 74.8131 189.32 555.543 494.122 319.1 65.9697 350.629 574.227 556.785 610.082 102.694 505.751 368.164 368.285 215.523 469.506 615.028 516.4 394.975 239.27 450.644 602.457 150.12 133.843 436.946 465.834 357.526 298.613 700.772 198.595 208.952 266.43 173.012 484.435 129.252 409.238 182.8 278.385 178.18 552.577 133.33 495.259 208.396 586.612 225.162 474.849 536.717 169.544 
630.354 860.403 268.427 211.703 510 746.612 464.389 323.827 609.87 233 877.001 267.088 244.92 191.604 672.298 318.449 128.818 350.228 942.119 723.329 654.545 116.284 766.838 646.871 445.215 211.192 509.755 580.001 639.594 639.038 736.098 484.661 311.006 605.905 230.315 413.295 234.542 528.64 175.841 491.001 501.059 209.774 473.296 757.539 280.08 737.652 349.116 788.859 375.714 455.07 
770.393 803.782 381.294 246.759 224.722 616.332 685.149 458.423 512.001 355.13 819.015 419.237 344.653 445.295 799.758 99.4887 295.435 60.0333 893.212 926.305 821.57 260.45 712.775 383.012 437.539 330.784 762.497 368.213 559.433 657.281 462.044 627.025 527 677.127 260.094 129.248 402.852 334.55 371.139 388.013 608.95 357.806 554.044 635.708 233.137 524.696 563.945 728.649 106.042 596.494 
857.084 924.173 463.087 334.013 296.522 736.941 741.335 538.677 633.064 274.642 939.513 339.366 427.005 405.72 890.38 220.737 350.258 144.931 1013.44 992.831 900.509 314.441 832.707 471.666 548.84 405.967 802.337 481.226 680.054 768.87 537.894 710.513 582.074 779.418 351.172 216.933 469.524 452.001 426.175 508.587 701.445 286.196 651.699 756.616 339.676 633.742 620.484 848.991 108.462 679.537 
174.794 680 336.752 469.422 863.586 735.86 84.9588 262.231 606.942 734.588 694.058 745.322 372.2 596.108 224.66 667.255 430.499 759.924 725.425 213.153 149.412 466.168 614.343 913.48 426.513 382.498 196.756 771.763 591.177 417.824 1011.48 143.544 207.196 304.007 460.246 786.366 311.97 716.593 355.675 572.64 214.758 705.932 272.837 727.97 512.098 877.536 169.756 638.919 819.085 157.842 
744.361 812.2 351.518 219.112 275.136 636.878 645.899 428.224 524.485 314.326 827.818 377.327 314.951 395.464 776.032 122.09 253.571 110.941 900.935 891.164 791.614 217.83 719.806 429.421 430.488 297.325 718.8 402.603 569.281 650.423 510.789 599.013 486.881 661.381 235.077 179.011 366.227 364.071 330.103 398.399 586.123 314.384 534.634 654.811 221.045 561.193 524.444 737.001 144.917 568.177 
651.517 264.32 543.261 533.796 526.824 11.1803 783.827 561.288 146.003 928.154 273.002 984.124 539.957 935.412 639.648 512.291 633.285 594.515 345.138 890.311 738.204 631.229 216.157 411.176 346.37 568.987 912.177 280.016 150.416 356.867 469.017 598.08 704.31 471.25 516.563 541.805 612.119 285.601 648.003 253.665 527.394 918.882 470.239 38.0132 465.55 226.049 715.336 210.851 663.871 587.912 
443.497 619.371 52.2015 82.7647 478.803 530.936 373.729 129.12 387.883 469.401 636.008 509.502 17.0294 420.523 476.303 278.772 115.109 372.543 699.717 600.471 492.062 131.826 526.46 554.049 205.154 38.0789 473.888 437.156 409.068 397.152 652.283 298.181 228.327 377 71.5891 398.152 99.8499 379.563 118.017 285.002 288.257 449.539 244.444 537.499 129.418 577.486 258.817 549.19 435.404 267.434 
417.138 395.258 231.614 260.461 485.149 313.006 483.41 246.71 169.189 679.662 411.767 726.626 234.785 649.247 426.644 348.391 342.094 455.388 479.452 637.191 494.604 350.143 301.281 480.554 31.7805 267.081 608.148 326.602 180.945 219.317 574.669 316.901 389.965 267.442 240.085 441.163 299.553 276.8 341.084 120.88 257.701 663.699 190.245 315.336 218.36 421.578 403.277 322.8 530.529 298.203 
457.354 133.963 613.074 685.073 858.21 374.021 688.802 579.959 378.471 1102.12 135.37 1144.01 632.861 1045.19 419.268 768.274 748.853 871.53 120.071 676.287 535.412 765.371 175.103 780.185 442.092 666.805 811.742 628.815 324.197 241.29 848.999 500.009 691.462 320.128 664.464 841.647 665.788 608.823 722.001 484.15 436.606 1083.5 425.819 348.049 649.038 610.925 681.206 174.771 946.992 511.077 
322.845 793.974 324.006 438.321 843.496 811.608 65.1153 268.777 672.815 621.02 809.072 622.945 352.206 466.987 373.109 638.264 368.908 717.505 848.416 310.85 295.801 404.358 719.17 921.703 475.988 348.765 105.209 795.075 668.144 527.148 1020.2 245.359 141.45 424.7 435.587 756.974 272.281 737.667 293.212 611.765 314.682 591.102 353.239 808.11 498.383 920.051 111.252 744.302 766.933 240.832 
534.899 124.016 680.137 744.339 887.521 377.107 766.672 651.077 409.871 1163.16 115.624 1207.06 697.923 1113.09 496.004 813.241 813.396 913.869 58.7963 751.166 612.052 828.046 200.96 795.267 500.609 731.976 889.812 650.202 357.113 311.97 857.131 577.135 766.187 397.2 723.747 878.781 735.272 636.692 790.403 525.084 512.711 1145.6 498.658 350.143 703.204 612.883 757.003 190.633 988.838 587.437 
154.693 593.111 258.544 393.154 775.765 635.305 152.161 181.417 505.107 705.25 607.87 724.591 295.178 586.276 200.96 585.144 373.109 682.575 645.232 296.184 182.989 407.011 522.188 816.854 325.22 311.978 281.087 672.566 490.486 327.185 914.414 44.1814 185.076 221.199 381.215 702.883 251.098 618.052 304.381 471.833 116.842 678.355 171.094 628.16 426.649 775.79 158.701 547.111 745.8 56.2228 
443.639 792.233 203.01 270.237 665.44 744.68 246.246 200.385 600.334 427.234 808.616 439.165 212.735 296.651 490.597 458.89 178.393 526.165 862.681 506.167 451.784 210.836 704.762 766.963 402.773 192.333 295.296 660.622 612.259 537.327 863.656 310.203 105.19 468.787 274.855 573.736 134.015 603.366 114.061 508.087 350.956 398.503 350.755 747.974 342.586 803.355 138.752 729.32 569.422 285.918 
421.001 158.345 450.871 504.946 671.029 240.709 600.101 433.797 195.256 924.21 174.866 969.604 464.76 882.562 401.045 577.022 578.683 680.053 236.136 660.186 508.025 591.055 74.108 606.981 261.725 498.704 729.429 450.441 141.905 124.427 683.977 404.243 563.415 243.288 484.41 650.865 511.189 424.302 562.896 293.002 332.024 907.419 295.264 221.335 462.611 461.313 562.148 99.2472 755.511 404.358 
433.601 434.245 204.414 221.382 457.073 337.818 477.582 230.495 193.621 640.26 450.699 687.837 203.002 613.58 447.166 311.541 306.349 418.918 519.018 646.128 507.568 312.618 340.165 465.242 40.7922 234.03 599.361 316.172 213.178 256.363 561.239 322.552 372.903 294.45 201.159 408.148 273.309 263.006 310.664 116.284 269.585 624.654 201.943 342.656 178.194 424.53 389.618 361.234 493.726 300.821 
579.69 39.6232 639.578 681.076 773.45 247.588 783.597 625.585 308.415 1098.87 29.6816 1147.56 650.862 1068.64 549.343 720.856 762.481 816.216 87.023 811.638 663.718 771.77 122.119 669.069 443.244 684.451 911.711 530.487 261.457 304.685 726.333 587.882 754.973 415.098 660.957 774.164 701.573 523.86 751.83 432.653 517.151 1084.11 485.85 220.658 629.554 480.126 752.641 99.0202 889.77 591.168 
457.096 869.994 308.084 383.824 776.5 844.002 213.86 287.091 700.103 476.766 886.007 473.608 322.672 315.546 507.001 570.404 289.608 632.88 934.579 462.45 443.191 320.095 786.553 880.539 500.009 304.777 211.625 773.196 707.248 607.211 977.151 347.282 150.572 522.358 388.33 683.656 240.26 715.791 227.633 614.86 403.897 446.374 420.583 845.37 456.011 913.994 159.665 811.555 671.394 330.684 
422.181 772.865 189.594 266.835 666.148 729.747 230.361 181.221 585.452 446.179 789.208 459.527 202.527 318.291 468.956 459.436 180.812 530.374 842.637 489.745 431.727 214.805 685.919 763.079 386.871 185.011 287.689 653.209 595.995 516.841 860.252 288.21 84.1546 447.111 269.833 575.601 120.934 595.749 110.802 496.017 329.14 417.732 329.97 732.462 337.218 793.867 119.05 710.564 576.003 263.898 
683.143 458.635 442.109 383.256 310.672 227.482 741.598 487.911 183.325 736.697 470.894 796.465 424.953 771.236 687.554 306.25 489.495 378.593 546.561 906.565 762.843 477.151 383.308 230.185 296.805 445.382 860.654 72.111 236.542 433.872 315.163 585.642 625.082 519.648 371.214 322.816 507.843 67.1789 526.282 149.803 526.932 731.416 459.628 251.177 307.041 166.388 646.839 389.801 445.917 565.417 
245.937 295.083 410.6 507.501 772.001 418.76 459.308 364.194 338.237 910.012 308.099 945.609 436.835 833.787 220.64 635.708 551.374 743.226 337.018 482.212 331.509 573.663 244.902 742.187 285.813 469.32 584.23 582.495 295.114 79.4796 828.205 269.141 464.091 89.3197 487.693 731.302 453.785 543.769 512.509 389.801 207.183 888.474 208.062 401.43 491.172 624.606 451.691 266.865 817.705 280.92 
145.602 573.928 257.614 391.842 769.661 618.324 171.292 180.737 489.262 713.751 588.67 734.543 294.279 598.239 189.771 581.326 377.041 680.084 626.018 304.021 182.989 410.312 503.287 806.895 312.285 312.922 300.027 661.154 473.57 308.104 904.166 25.9615 198.215 202.032 379.084 698.402 255.327 607.119 310.281 459.26 98.4784 687.224 155.193 610.817 422.096 761.895 173.954 528.186 744.398 45.4863 
465.988 684.3 83.7616 100.802 504.251 597.762 356.118 147.679 455.003 416.07 700.943 451.811 62.9682 355.039 503.557 298.304 57.6975 379.68 763.451 598.645 504.216 86.977 591.849 596.735 271.465 29.5466 442.485 490.245 476.391 454.912 693.908 318.234 199.73 422.765 103.788 416.829 73.6817 433.24 57.2451 349.693 322.876 394.15 289.638 604.644 171.493 635.674 235.468 614.867 434.716 287.367 
511.165 215.335 438.799 458.661 559.031 132.97 651.31 443.63 80.0562 872.59 230.152 923.472 442.821 855.102 499.917 490.08 547.951 587.241 305.188 749.987 597.85 552.856 129.12 483.291 235.763 474.858 780.586 329.006 30.4138 217.904 558.488 461.866 584.309 330.97 439.21 549.313 505.785 308.759 549.065 201.4 390.226 859.251 336.364 123.016 401.837 336.788 591.305 140.89 661.547 453.842 
318.779 261.696 363.688 439.345 671.626 326.075 489.037 335.288 233.754 853.823 277.503 894.723 383.275 796.343 305.485 546.26 499.316 653.105 327.832 558.424 405.908 516.519 185.003 636.908 201.162 417.195 618.324 477.205 193.507 26 722.732 293.138 458.215 138.235 418.847 635.837 418.306 439.393 473.441 287.367 221.002 834.641 188.215 311.97 411.127 521.72 454.533 210.01 728.344 293.825 
571.349 771.9 190.118 123.369 465.13 658.818 436.744 254.908 521.18 311.662 788.48 352.151 161.988 278.298 610.129 262.122 50.9902 318.248 854.172 689.348 605 27.2029 678.205 585.764 356.867 129.769 503.532 504.921 550.441 555.042 678.77 423.71 277.483 529.51 141.439 370.601 172.418 451.4 122.483 403.524 430.704 291.673 396.234 669.248 194.815 660.148 315.93 700.071 360.285 393.081 
267.06 499.73 146.014 265 618.066 489.612 293.401 96.2133 351.369 644.61 515.947 677.676 177.485 564.989 293.901 437.987 286.665 541.248 568.465 460.409 329.73 312.712 414.986 650.056 160.016 206.865 419.734 504.971 346.554 243.378 747.329 136.18 221.639 193.871 248.202 551.806 184.621 450.521 243.288 305.203 103.078 621.908 61.4003 486.59 278.097 611.425 225.009 439.96 609.861 111.803 
195.98 457.957 229.993 348.786 686.896 490.658 294.335 171.143 363.556 726.529 473.426 757.608 262.084 639.038 215.539 515.057 369.789 620.008 517.983 412.273 269.609 396.772 381.578 703.363 200.644 290.998 424.085 551.609 345.984 191.604 798.745 101.833 268.337 114.215 331.453 625.953 261.84 500.33 321.45 346.225 32.6497 703.154 36.6742 483.037 356.439 641.564 259.946 406.709 690.047 97 
636.07 828.803 256.07 173.6 453.944 703.036 490.494 320.744 569.196 248.52 845.308 293.082 226.991 241.746 675.457 261.964 116.76 295.677 912.415 746.45 667.396 90.05 734.804 590.407 415.173 195.451 546.978 526.308 601.924 618.205 679.488 488.628 332.746 595.33 193.659 357.326 236.603 475.946 183.044 447.487 496.795 230.534 462.05 715.196 235.053 684.685 371.383 756.04 325.518 458.144 
862.26 782.077 497.897 369.67 53.0848 558.574 818.841 572.177 489.948 514.024 795.527 579.042 463.435 617.992 883.801 168.808 445.587 114.726 871.483 1044.24 924.658 413.734 698.978 228.569 486.121 459.656 908.944 273.929 543.401 692.142 295.007 728.485 665.956 739.522 375.586 50.2096 536.004 266.987 516.568 385.523 695.484 521.177 632.539 582.344 322.926 408.803 700.406 709.687 140.73 699.769 
877.262 819.923 503.718 371.91 92.8924 600.243 820.478 579.47 526.46 478.006 833.665 543.004 468.24 590.435 900.961 173.819 439.068 92.2009 909.563 1051.9 936.667 405.622 735.367 271.649 509.318 461.187 905.563 317.591 579.351 719.809 332.866 740.293 665.114 761.447 380.158 61.0082 536.68 307.508 512.466 417.594 711.231 486.837 649.986 623.61 333.314 454.01 700.646 746.898 98.4784 710.921 
723.398 414.309 525.298 478.302 382.205 163.248 809.925 563.298 191.024 836.373 424.062 896.315 511.825 870.028 721.168 404.728 584.069 471.246 497.278 955.055 806.816 573.614 353.99 258.436 357.834 534.835 932.94 137.441 233.122 449.588 320.702 641.53 704.115 550.142 465.001 410.278 592.868 162.89 616.127 219.829 577.218 831.293 512.191 190.074 402.84 98.4124 722.79 354.109 535.178 624.662 
819.421 849.172 428.911 294.771 222.324 655.534 727.902 505.98 556.127 345.023 864.223 410.005 392.237 454.357 849.301 144.534 335.872 61.3514 938.801 971.817 869.416 300.177 758.846 392.594 487.516 376.789 801.041 397.02 604.623 707.091 464.13 675.444 569.025 727.473 308.877 135.518 447.261 368.57 412.34 433.555 658.595 351.962 604.14 675.794 283.487 549.758 606.473 774.164 62.6817 644.802 
252.05 788.923 465.13 594.526 994.065 865.047 150.685 393.402 739.596 814.039 801.901 815.275 499.268 658.046 292.479 794.56 543.118 883.247 825.039 121.433 179.477 579.173 730.978 1048.87 562.403 505.475 157.813 907.939 721.012 535.284 1147.01 276.284 309.919 416.965 587.212 914.088 431.181 852.658 466.503 708.755 344.362 784.125 406.123 855.694 642.448 1013.01 271.649 754.852 938.844 293.425 
550.058 102.591 678.832 738.355 869.64 354.069 777.229 652.805 394.077 1157.6 92.0869 1202.6 695.301 1111.8 512.61 800.77 810.247 900.254 31.1448 769.788 628.765 823.772 186.531 773.742 494.977 729.353 901.574 630.515 342.235 314.84 834.001 585.875 771.176 406.247 717.814 863.385 735.568 618.852 789.821 511.895 519.879 1140.64 502.26 327.055 694.822 588.87 763.345 173.459 974.949 594.829 
721.366 958.301 368.209 305.177 545.279 835.733 537.075 421.247 701.942 137.928 974.867 167.108 344.89 124.664 764.829 374.001 228.79 378.725 1040.73 797.031 739.757 213.694 864.517 698.041 543.394 311.193 563.916 649.58 734.064 739.032 781.461 577.603 392.094 704.693 324.78 449.72 331.006 601.708 271.465 580.259 598.021 111.893 572.451 848.009 367.793 809.106 428.674 886.201 384.708 548.731 
527.595 203.63 719.156 794.003 960.026 456.799 772.094 682.643 480.463 1210.46 196.306 1251.64 740.024 1150.1 484.162 876.269 856.114 978.853 135.565 729 598.228 873.375 272.209 873.011 551.262 773.866 890.647 725.728 426.691 346.508 936.582 589.924 788.054 412.312 773.401 947.103 769.896 709.559 826.918 590.596 531.008 1191.52 527.034 429.913 758.322 693.149 775.103 265.481 1054.2 604.074 
396.773 143.402 502.802 572.106 758.555 312.95 605.913 473.858 283.143 989.452 156.387 1031.87 521.391 935.637 367.614 658.727 637.191 763.081 192.585 630.157 481.215 653.028 111.288 694.102 329.097 555.407 732.713 538.139 229.491 135.518 769.604 411.705 592.231 234.691 551.494 736.369 557.653 512.282 612.824 378.44 343.431 971.078 322.967 290.227 536.448 542.137 585.352 127.142 838.651 418.39 
814.205 1006.39 442.747 353.058 501.294 860.07 641.253 504.448 734.635 72.6154 1022.73 134.536 414.162 199.65 855.767 361.964 302.076 336.024 1091.81 901.222 837.929 277.218 912.3 667.63 596.795 382.426 671.293 643.96 772.48 804.24 742.825 668.147 492.318 782.177 373.664 411.005 416.819 602.322 359.071 608.935 681.51 73.0274 648.908 875.187 401.015 803.21 529.794 932.486 322.095 638.32 
806.283 839.215 415.769 281.619 225.391 647.716 715.22 492.842 546.6 343.421 854.338 408.276 379.095 448.108 836.212 134.302 323.415 60.407 928.774 958.833 856.272 287.793 748.615 393.041 475.37 363.732 788.977 392.209 594.713 695.072 466.618 662.291 556.421 714.738 295.736 135.624 434.356 362.2 399.811 423.473 645.524 349.242 591.19 667.69 270.78 546.155 593.809 764.152 74.793 631.649 
355.883 832.169 352.817 461.785 866.386 848.311 97.0979 301.617 708.929 617.882 847.257 615.832 379.2 457.525 405.938 660.307 386.291 736.033 886.384 322.093 322.964 421.038 757.338 949.678 511.258 373.134 81.0247 825.826 705.127 565.35 1048.02 283.388 167.631 462.517 460.404 778.261 297.31 768.274 312.194 645.291 352.881 587.621 391.104 845.138 524.605 953.157 142.271 782.474 782.812 279.034 
166.676 399.472 470.608 586.615 889.4 551.609 420.595 407.967 471.631 964.739 409.542 992.948 502.594 865.938 122.188 738.017 609.824 845.151 418.766 376.808 237.255 637.358 367.784 870.959 393.041 531.629 532.538 711.587 429.441 212.144 958.893 262.84 471.546 141.032 568.356 841.072 497.756 670.09 557.28 513.491 230.766 940.503 268.034 533.279 584.734 758.834 449.08 387.114 917.829 286.81 
144.028 471.454 270.512 394.73 738.806 527.273 273.732 204.083 405.765 760.529 486.181 788.504 304.473 663.429 164.757 565.533 407.303 669.915 524.223 365 219.456 436.261 401.908 754.432 251.575 331.313 402.045 601.805 383.71 206.01 849.462 78.8543 277.238 101.769 378.16 677.213 293.394 551.132 352.854 396.081 27.4591 736.115 88.6397 517.731 406.341 687.677 261.725 426.676 739.279 90.7359 
35.0143 505.811 396.294 525.009 871.532 615.202 288.647 323.883 509.848 871.45 518.021 893.714 431.724 757.852 32.1403 699.201 527.16 803.293 538.182 270.897 119.218 558.464 456.232 880.278 379.289 455.862 399.242 724.859 478.235 268.287 973.717 156.218 357.022 152.003 509.251 810.919 407.708 676.491 465.124 519.317 159.524 845.4 221.163 601.233 539.812 797.979 329.803 478.784 872.152 185.852 
