50 50 11
777 335 649 27 763 426 211 429 862 135 22 167 11 373 784 324 413 980 862 281 84 505 313 895 814 364 87 178 403 399 676 12 94 570 467 902 652 280 865 619 31 771 709 856 586 683 528 829 270 715 
3400 1490 7960 7230 6180 2450 8460 4510 9210 5550 3790 
6 0 9 5 0 2 6 1 8 9 8 4 7 9 2 4 1 10 0 7 7 2 4 7 4 6 10 10 1 0 1 8 9 3 0 4 3 3 2 10 0 4 4 0 7 9 0 5 8 2 
7.60345 5.8483 4.61064 3.68246 1.84491 3.51551 7.80082 5.21284 3.02536 6.6091 5.97245 7.23683 4.3546 7.22001 7.71447 2.28974 4.70919 2.74614 6.7297 9.70907 8.3456 4.50148 5.07666 1.39517 3.65531 4.47264 8.90126 0.651153 3.56808 5.38001 2.37588 6.4648 6.46226 6.10011 3.62491 2.09117 5.19139 0.73437 5.2331 2.2865 5.96638 6.60129 5.29054 3.76152 2.94812 2.15604 6.73677 5.15233 3.34368 6.22267 
6.93785 8.24151 3.01159 1.83308 3.65453 6.72447 5.71431 3.74433 5.47899 2.59625 8.40311 3.17238 2.66492 3.10097 7.29464 1.87067 1.80427 2.03421 9.10844 8.22927 7.33382 1.44838 7.30282 5.11674 4.21578 2.41599 6.36002 4.6546 5.87133 6.36649 5.97003 5.46297 4.12098 6.30971 2.03177 2.68732 3.00816 4.20119 2.56125 4.21808 5.43503 2.52002 4.99485 6.87608 2.17276 6.25295 4.50469 7.49641 2.317 5.15314 
3.69709 8.81477 4.44846 5.58008 9.62996 9.19696 1.40812 3.87769 7.83747 7.02659 8.95806 6.95414 4.73017 5.3506 4.16886 7.57209 4.83939 8.33662 9.28421 2.68924 3.15217 5.18684 8.12754 10.4256 5.9014 4.68817 0.166433 9.14997 7.75188 6.17081 11.4106 3.34934 2.61817 5.05951 5.55874 8.7543 3.92521 8.57702 4.09674 7.28989 4.07506 6.72144 4.55774 9.14471 6.19104 10.3756 2.32002 8.37611 8.80333 3.38662 
5.4052 1.94003 7.23747 7.96036 9.54652 4.47161 7.83304 6.88851 4.75682 12.1329 1.85607 12.5517 7.4391 11.554 4.97668 8.74443 8.59936 9.76402 1.21491 7.44054 6.12148 8.76567 2.66811 8.6488 5.528 7.77829 9.02668 7.18858 4.22238 3.51366 9.27175 5.99683 7.96332 4.21294 7.75423 9.43435 7.75522 7.0396 8.32166 5.8777 5.39667 11.947 5.33697 4.20201 7.58845 6.82907 7.84088 2.586 10.5164 6.13153 
5.34439 3.47546 3.57001 3.46879 4.35239 1.89447 6.21342 3.82624 0.551543 7.51117 3.62377 8.04555 3.51746 7.48362 5.35601 3.58169 4.44775 4.5507 4.37371 7.63776 6.16604 4.43938 2.59332 3.84298 1.69815 3.80296 7.46379 2.24611 1.03315 2.78627 4.70619 4.49588 5.25656 3.66104 3.29014 4.18808 4.26001 1.90444 4.59727 0.715891 3.85296 7.3967 3.20156 1.99078 2.82064 2.88979 5.40615 2.72883 5.29513 4.3326 
0.3245 5.53946 3.676 5.00145 8.63496 6.45354 2.28862 2.92015 5.31159 8.28147 5.66873 8.47555 4.03972 7.07975 0.820731 6.83012 4.9155 7.84694 5.91166 2.38315 0.891964 5.24379 4.98258 8.84471 3.81687 4.25005 3.39949 7.32214 5.04533 3.04665 9.7974 1.20037 3.06349 1.85397 4.85924 7.97709 3.70126 6.81355 4.254 5.26499 1.50083 8.01341 2.17513 6.33331 5.22934 8.15971 2.7666 5.21694 8.5126 1.5103 
3.38565 5.40234 0.748131 1.8932 5.55543 4.94122 3.191 0.659697 3.50629 5.74227 5.56785 6.10082 1.02694 5.05751 3.68164 3.68285 2.15523 4.69506 6.15028 5.164 3.94975 2.3927 4.50644 6.02457 1.5012 1.33843 4.36946 4.65834 3.57526 2.98613 7.00772 1.98595 2.08952 2.6643 1.73012 4.84435 1.29252 4.09238 1.828 2.78385 1.7818 5.52577 1.3333 4.95259 2.08396 5.86612 2.25162 4.74849 5.36717 1.69544 
6.30354 8.60403 2.68427 2.11703 5.1 7.46612 4.64389 3.23827 6.0987 2.33 8.77001 2.67088 2.4492 1.91604 6.72298 3.18449 1.28818 3.50228 9.42119 7.23329 6.54545 1.16284 7.66838 6.46871 4.45215 2.11192 5.09755 5.80001 6.39594 6.39038 7.36098 4.84661 3.11006 6.05905 2.30315 4.13295 2.34542 5.2864 1.75841 4.91001 5.01059 2.09774 4.73296 7.57539 2.8008 7.37652 3.49116 7.88859 3.75714 4.5507 
7.70393 8.03782 3.81294 2.46759 2.24722 6.16332 6.85149 4.58423 5.12001 3.5513 8.19015 4.19237 3.44653 4.45295 7.99758 0.994887 2.95435 0.600333 8.93212 9.26305 8.2157 2.6045 7.12775 3.83012 4.37539 3.30784 7.62497 3.68213 5.59433 6.57281 4.62044 6.27025 5.27 6.77127 2.60094 1.29248 4.02852 3.3455 3.71139 3.88013 6.0895 3.57806 5.54044 6.35708 2.33137 5.24696 5.63945 7.28649 1.06042 5.96494 
8.57084 9.24173 4.63087 3.34013 2.96522 7.36941 7.41335 5.38677 6.33064 2.74642 9.39513 3.39366 4.27005 4.0572 8.9038 2.20737 3.50258 1.44931 10.1344 9.92831 9.00509 3.14441 8.32707 4.71666 5.4884 4.05967 8.02337 4.81226 6.80054 7.6887 5.37894 7.10513 5.82074 7.79418 3.51172 2.16933 4.69524 4.52001 4.26175 5.08587 7.01445 2.86196 6.51699 7.56616 3.39676 6.33742 6.20484 8.48991 1.08462 6.79537 
1.74794 6.8 3.36752 4.69422 8.63586 7.3586 0.849588 2.62231 6.06942 7.34588 6.94058 7.45322 3.722 5.96108 2.2466 6.67255 4.30499 7.59924 7.25425 2.13153 1.49412 4.66168 6.14343 9.1348 4.26513 3.82498 1.96756 7.71763 5.91177 4.17824 10.1148 1.43544 2.07196 3.04007 4.60246 7.86366 3.1197 7.16593 3.55675 5.7264 2.14758 7.05932 2.72837 7.2797 5.12098 8.77536 1.69756 6.38919 8.19085 1.57842 
7.44361 8.122 3.51518 2.19112 2.75136 6.36878 6.45899 4.28224 5.24485 3.14326 8.27818 3.77327 3.14951 3.95464 7.76032 1.2209 2.53571 1.10941 9.00935 8.91164 7.91614 2.1783 7.19806 4.29421 4.30488 2.97325 7.188 4.02603 5.69281 6.50423 5.10789 5.99013 4.86881 6.61381 2.35077 1.79011 3.66227 3.64071 3.30103 3.98399 5.86123 3.14384 5.34634 6.54811 2.21045 5.61193 5.24444 7.37001 1.44917 5.68177 
6.51517 2.6432 5.43261 5.33796 5.26824 0.111803 7.83827 5.61288 1.46003 9.28154 2.73002 9.84124 5.39957 9.35412 6.39648 5.12291 6.33285 5.94515 3.45138 8.90311 7.38204 6.31229 2.16157 4.11176 3.4637 5.68987 9.12177 2.80016 1.50416 3.56867 4.69017 5.9808 7.0431 4.7125 5.16563 5.41805 6.12119 2.85601 6.48003 2.53665 5.27394 9.18882 4.70239 0.380132 4.6555 2.26049 7.15336 2.10851 6.63871 5.87912 
4.43497 6.19371 0.522015 0.827647 4.78803 5.30936 3.73729 1.2912 3.87883 4.69401 6.36008 5.09502 0.170294 4.20523 4.76303 2.78772 1.15109 3.72543 6.99717 6.00471 4.92062 1.31826 5.2646 5.54049 2.05154 0.380789 4.73888 4.37156 4.09068 3.97152 6.52283 2.98181 2.28327 3.77 0.715891 3.98152 0.998499 3.79563 1.18017 2.85002 2.88257 4.49539 2.44444 5.37499 1.29418 5.77486 2.58817 5.4919 4.35404 2.67434 
4.17138 3.95258 2.31614 2.60461 4.85149 3.13006 4.8341 2.4671 1.69189 6.79662 4.11767 7.26626 2.34785 6.49247 4.26644 3.48391 3.42094 4.55388 4.79452 6.37191 4.94604 3.50143 3.01281 4.80554 0.317805 2.67081 6.08148 3.26602 1.80945 2.19317 5.74669 3.16901 3.89965 2.67442 2.40085 4.41163 2.99553 2.768 3.41084 1.2088 2.57701 6.63699 1.90245 3.15336 2.1836 4.21578 4.03277 3.228 5.30529 2.98203 
4.57354 1.33963 6.13074 6.85073 8.5821 3.74021 6.88802 5.79959 3.78471 11.0212 1.3537 11.4401 6.32861 10.4519 4.19268 7.68274 7.48853 8.7153 1.20071 6.76287 5.35412 7.65371 1.75103 7.80185 4.42092 6.66805 8.11742 6.28815 3.24197 2.4129 8.48999 5.00009 6.91462 3.20128 6.64464 8.41647 6.65788 6.08823 7.22001 4.8415 4.36606 10.835 4.25819 3.48049 6.49038 6.10925 6.81206 1.74771 9.46992 5.11077 
3.22845 7.93974 3.24006 4.38321 8.43496 8.11608 0.651153 2.68777 6.72815 6.2102 8.09072 6.22945 3.52206 4.66987 3.73109 6.38264 3.68908 7.17505 8.48416 3.1085 2.95801 4.04358 7.1917 9.21703 4.75988 3.48765 1.05209 7.95075 6.68144 5.27148 10.202 2.45359 1.4145 4.247 4.35587 7.56974 2.72281 7.37667 2.93212 6.11765 3.14682 5.91102 3.53239 8.0811 4.98383 9.20051 1.11252 7.44302 7.66933 2.40832 
5.34899 1.24016 6.80137 7.44339 8.87521 3.77107 7.66672 6.51077 4.09871 11.6316 1.15624 12.0706 6.97923 11.1309 4.96004 8.13241 8.13396 9.13869 0.587963 7.51166 6.12052 8.28046 2.0096 7.95267 5.00609 7.31976 8.89812 6.50202 3.57113 3.1197 8.57131 5.77135 7.66187 3.972 7.23747 8.78781 7.35272 6.36692 7.90403 5.25084 5.12711 11.456 4.98658 3.50143 7.03204 6.12883 7.57003 1.90633 9.88838 5.87437 
1.54693 5.93111 2.58544 3.93154 7.75765 6.35305 1.52161 1.81417 5.05107 7.0525 6.0787 7.24591 2.95178 5.86276 2.0096 5.85144 3.73109 6.82575 6.45232 2.96184 1.82989 4.07011 5.22188 8.16854 3.2522 3.11978 2.81087 6.72566 4.90486 3.27185 9.14414 0.441814 1.85076 2.21199 3.81215 7.02883 2.51098 6.18052 3.04381 4.71833 1.16842 6.78355 1.71094 6.2816 4.26649 7.7579 1.58701 5.47111 7.458 0.562228 
4.43639 7.92233 2.0301 2.70237 6.6544 7.4468 2.46246 2.00385 6.00334 4.27234 8.08616 4.39165 2.12735 2.96651 4.90597 4.5889 1.78393 5.26165 8.62681 5.06167 4.51784 2.10836 7.04762 7.66963 4.02773 1.92333 2.95296 6.60622 6.12259 5.37327 8.63656 3.10203 1.0519 4.68787 2.74855 5.73736 1.34015 6.03366 1.14061 5.08087 3.50956 3.98503 3.50755 7.47974 3.42586 8.03355 1.38752 7.2932 5.69422 2.85918 
4.21001 1.58345 4.50871 5.04946 6.71029 2.40709 6.00101 4.33797 1.95256 9.2421 1.74866 9.69604 4.6476 8.82562 4.01045 5.77022 5.78683 6.80053 2.36136 6.60186 5.08025 5.91055 0.74108 6.06981 2.61725 4.98704 7.29429 4.50441 1.41905 1.24427 6.83977 4.04243 5.63415 2.43288 4.8441 6.50865 5.11189 4.24302 5.62896 2.93002 3.32024 9.07419 2.95264 2.21335 4.62611 4.61313 5.62148 0.992472 7.55511 4.04358 
4.33601 4.34245 2.04414 2.21382 4.57073 3.37818 4.77582 2.30495 1.93621 6.4026 4.50699 6.87837 2.03002 6.1358 4.47166 3.11541 3.06349 4.18918 5.19018 6.46128 5.07568 3.12618 3.40165 4.65242 0.407922 2.3403 5.99361 3.16172 2.13178 2.56363 5.61239 3.22552 3.72903 2.9445 2.01159 4.08148 2.73309 2.63006 3.10664 1.16284 2.69585 6.24654 2.01943 3.42656 1.78194 4.2453 3.89618 3.61234 4.93726 3.00821 
5.7969 0.396232 6.39578 6.81076 7.7345 2.47588 7.83597 6.25585 3.08415 10.9887 0.296816 11.4756 6.50862 10.6864 5.49343 7.20856 7.62481 8.16216 0.87023 8.11638 6.63718 7.7177 1.22119 6.69069 4.43244 6.84451 9.11711 5.30487 2.61457 3.04685 7.26333 5.87882 7.54973 4.15098 6.60957 7.74164 7.01573 5.2386 7.5183 4.32653 5.17151 10.8411 4.8585 2.20658 6.29554 4.80126 7.52641 0.990202 8.8977 5.91168 
4.57096 8.69994 3.08084 3.83824 7.765 8.44002 2.1386 2.87091 7.00103 4.76766 8.86007 4.73608 3.22672 3.15546 5.07001 5.70404 2.89608 6.3288 9.34579 4.6245 4.43191 3.20095 7.86553 8.80539 5.00009 3.04777 2.11625 7.73196 7.07248 6.07211 9.77151 3.47282 1.50572 5.22358 3.8833 6.83656 2.4026 7.15791 2.27633 6.1486 4.03897 4.46374 4.20583 8.4537 4.56011 9.13994 1.59665 8.11555 6.71394 3.30684 
4.22181 7.72865 1.89594 2.66835 6.66148 7.29747 2.30361 1.81221 5.85452 4.46179 7.89208 4.59527 2.02527 3.18291 4.68956 4.59436 1.80812 5.30374 8.42637 4.89745 4.31727 2.14805 6.85919 7.63079 3.86871 1.85011 2.87689 6.53209 5.95995 5.16841 8.60252 2.8821 0.841546 4.47111 2.69833 5.75601 1.20934 5.95749 1.10802 4.96017 3.2914 4.17732 3.2997 7.32462 3.37218 7.93867 1.1905 7.10564 5.76003 2.63898 
6.83143 4.58635 4.42109 3.83256 3.10672 2.27482 7.41598 4.87911 1.83325 7.36697 4.70894 7.96465 4.24953 7.71236 6.87554 3.0625 4.89495 3.78593 5.46561 9.06565 7.62843 4.77151 3.83308 2.30185 2.96805 4.45382 8.60654 0.72111 2.36542 4.33872 3.15163 5.85642 6.25082 5.19648 3.71214 3.22816 5.07843 0.671789 5.26282 1.49803 5.26932 7.31416 4.59628 2.51177 3.07041 1.66388 6.46839 3.89801 4.45917 5.65417 
2.45937 2.95083 4.106 5.07501 7.72001 4.1876 4.59308 3.64194 3.38237 9.10012 3.08099 9.45609 4.36835 8.33787 2.2064 6.35708 5.51374 7.43226 3.37018 4.82212 3.31509 5.73663 2.44902 7.42187 2.85813 4.6932 5.8423 5.82495 2.95114 0.794796 8.28205 2.69141 4.64091 0.893197 4.87693 7.31302 4.53785 5.43769 5.12509 3.89801 2.07183 8.88474 2.08062 4.0143 4.91172 6.24606 4.51691 2.66865 8.17705 2.8092 
1.45602 5.73928 2.57614 3.91842 7.69661 6.18324 1.71292 1.80737 4.89262 7.13751 5.8867 7.34543 2.94279 5.98239 1.89771 5.81326 3.77041 6.80084 6.26018 3.04021 1.82989 4.10312 5.03287 8.06895 3.12285 3.12922 3.00027 6.61154 4.7357 3.08104 9.04166 0.259615 1.98215 2.02032 3.79084 6.98402 2.55327 6.07119 3.10281 4.5926 0.984784 6.87224 1.55193 6.10817 4.22096 7.61895 1.73954 5.28186 7.44398 0.454863 
4.65988 6.843 0.837616 1.00802 5.04251 5.97762 3.56118 1.47679 4.55003 4.1607 7.00943 4.51811 0.629682 3.55039 5.03557 2.98304 0.576975 3.7968 7.63451 5.98645 5.04216 0.86977 5.91849 5.96735 2.71465 0.295466 4.42485 4.90245 4.76391 4.54912 6.93908 3.18234 1.9973 4.22765 1.03788 4.16829 0.736817 4.3324 0.572451 3.49693 3.22876 3.9415 2.89638 6.04644 1.71493 6.35674 2.35468 6.14867 4.34716 2.87367 
5.11165 2.15335 4.38799 4.58661 5.59031 1.3297 6.5131 4.4363 0.800562 8.7259 2.30152 9.23472 4.42821 8.55102 4.99917 4.9008 5.47951 5.87241 3.05188 7.49987 5.9785 5.52856 1.2912 4.83291 2.35763 4.74858 7.80586 3.29006 0.304138 2.17904 5.58488 4.61866 5.84309 3.3097 4.3921 5.49313 5.05785 3.08759 5.49065 2.014 3.90226 8.59251 3.36364 1.23016 4.01837 3.36788 5.91305 1.4089 6.61547 4.53842 
3.18779 2.61696 3.63688 4.39345 6.71626 3.26075 4.89037 3.35288 2.33754 8.53823 2.77503 8.94723 3.83275 7.96343 3.05485 5.4626 4.99316 6.53105 3.27832 5.58424 4.05908 5.16519 1.85003 6.36908 2.01162 4.17195 6.18324 4.77205 1.93507 0.26 7.22732 2.93138 4.58215 1.38235 4.18847 6.35837 4.18306 4.39393 4.73441 2.87367 2.21002 8.34641 1.88215 3.1197 4.11127 5.2172 4.54533 2.1001 7.28344 2.93825 
5.71349 7.719 1.90118 1.23369 4.6513 6.58818 4.36744 2.54908 5.2118 3.11662 7.8848 3.52151 1.61988 2.78298 6.10129 2.62122 0.509902 3.18248 8.54172 6.89348 6.05 0.272029 6.78205 5.85764 3.56867 1.29769 5.03532 5.04921 5.50441 5.55042 6.7877 4.2371 2.77483 5.2951 1.41439 3.70601 1.72418 4.514 1.22483 4.03524 4.30704 2.91673 3.96234 6.69248 1.94815 6.60148 3.1593 7.00071 3.60285 3.93081 
2.6706 4.9973 1.46014 2.65 6.18066 4.89612 2.93401 0.962133 3.51369 6.4461 5.15947 6.77676 1.77485 5.64989 2.93901 4.37987 2.86665 5.41248 5.68465 4.60409 3.2973 3.12712 4.14986 6.50056 1.60016 2.06865 4.19734 5.04971 3.46554 2.43378 7.47329 1.3618 2.21639 1.93871 2.48202 5.51806 1.84621 4.50521 2.43288 3.05203 1.03078 6.21908 0.614003 4.8659 2.78097 6.11425 2.25009 4.3996 6.09861 1.11803 
1.9598 4.57957 2.29993 3.48786 6.86896 4.90658 2.94335 1.71143 3.63556 7.26529 4.73426 7.57608 2.62084 6.39038 2.15539 5.15057 3.69789 6.20008 5.17983 4.12273 2.69609 3.96772 3.81578 7.03363 2.00644 2.90998 4.24085 5.51609 3.45984 1.91604 7.98745 1.01833 2.68337 1.14215 3.31453 6.25953 2.6184 5.0033 3.2145 3.46225 0.326497 7.03154 0.366742 4.83037 3.56439 6.41564 2.59946 4.06709 6.90047 0.97 
6.3607 8.28803 2.5607 1.736 4.53944 7.03036 4.90494 3.20744 5.69196 2.4852 8.45308 2.93082 2.26991 2.41746 6.75457 2.61964 1.1676 2.95677 9.12415 7.4645 6.67396 0.9005 7.34804 5.90407 4.15173 1.95451 5.46978 5.26308 6.01924 6.18205 6.79488 4.88628 3.32746 5.9533 1.93659 3.57326 2.36603 4.75946 1.83044 4.47487 4.96795 2.30534 4.6205 7.15196 2.35053 6.84685 3.71383 7.5604 3.25518 4.58144 
8.6226 7.82077 4.97897 3.6967 0.530848 5.58574 8.18841 5.72177 4.89948 5.14024 7.95527 5.79042 4.63435 6.17992 8.83801 1.68808 4.45587 1.14726 8.71483 10.4424 9.24658 4.13734 6.98978 2.28569 4.86121 4.59656 9.08944 2.73929 5.43401 6.92142 2.95007 7.28485 6.65956 7.39522 3.75586 0.502096 5.36004 2.66987 5.16568 3.85523 6.95484 5.21177 6.32539 5.82344 3.22926 4.08803 7.00406 7.09687 1.4073 6.99769 
8.77262 8.19923 5.03718 3.7191 0.928924 6.00243 8.20478 5.7947 5.2646 4.78006 8.33665 5.43004 4.6824 5.90435 9.00961 1.73819 4.39068 0.922009 9.09563 10.519 9.36667 4.05622 7.35367 2.71649 5.09318 4.61187 9.05563 3.17591 5.79351 7.19809 3.32866 7.40293 6.65114 7.61447 3.80158 0.610082 5.3668 3.07508 5.12466 4.17594 7.11231 4.86837 6.49986 6.2361 3.33314 4.5401 7.00646 7.46898 0.984784 7.10921 
7.23398 4.14309 5.25298 4.78302 3.82205 1.63248 8.09925 5.63298 1.91024 8.36373 4.24062 8.96315 5.11825 8.70028 7.21168 4.04728 5.84069 4.71246 4.97278 9.55055 8.06816 5.73614 3.5399 2.58436 3.57834 5.34835 9.3294 1.37441 2.33122 4.49588 3.20702 6.4153 7.04115 5.50142 4.65001 4.10278 5.92868 1.6289 6.16127 2.19829 5.77218 8.31293 5.12191 1.90074 4.0284 0.984124 7.2279 3.54109 5.35178 6.24662 
8.19421 8.49172 4.28911 2.94771 2.22324 6.55534 7.27902 5.0598 5.56127 3.45023 8.64223 4.10005 3.92237 4.54357 8.49301 1.44534 3.35872 0.613514 9.38801 9.71817 8.69416 3.00177 7.58846 3.92594 4.87516 3.76789 8.01041 3.9702 6.04623 7.07091 4.6413 6.75444 5.69025 7.27473 3.08877 1.35518 4.47261 3.6857 4.1234 4.33555 6.58595 3.51962 6.0414 6.75794 2.83487 5.49758 6.06473 7.74164 0.626817 6.44802 
2.5205 7.88923 4.6513 5.94526 9.94065 8.65047 1.50685 3.93402 7.39596 8.14039 8.01901 8.15275 4.99268 6.58046 2.92479 7.9456 5.43118 8.83247 8.25039 1.21433 1.79477 5.79173 7.30978 10.4887 5.62403 5.05475 1.57813 9.07939 7.21012 5.35284 11.4701 2.76284 3.09919 4.16965 5.87212 9.14088 4.31181 8.52658 4.66503 7.08755 3.44362 7.84125 4.06123 8.55694 6.42448 10.1301 2.71649 7.54852 9.38844 2.93425 
5.50058 1.02591 6.78832 7.38355 8.6964 3.54069 7.77229 6.52805 3.94077 11.576 0.920869 12.026 6.95301 11.118 5.1261 8.0077 8.10247 9.00254 0.311448 7.69788 6.28765 8.23772 1.86531 7.73742 4.94977 7.29353 9.01574 6.30515 3.42235 3.1484 8.34001 5.85875 7.71176 4.06247 7.17814 8.63385 7.35568 6.18852 7.89821 5.11895 5.19879 11.4064 5.0226 3.27055 6.94822 5.8887 7.63345 1.73459 9.74949 5.94829 
7.21366 9.58301 3.68209 3.05177 5.45279 8.35733 5.37075 4.21247 7.01942 1.37928 9.74867 1.67108 3.4489 1.24664 7.64829 3.74001 2.2879 3.78725 10.4073 7.97031 7.39757 2.13694 8.64517 6.98041 5.43394 3.11193 5.63916 6.4958 7.34064 7.39032 7.81461 5.77603 3.92094 7.04693 3.2478 4.4972 3.31006 6.01708 2.71465 5.80259 5.98021 1.11893 5.72451 8.48009 3.67793 8.09106 4.28674 8.86201 3.84708 5.48731 
5.27595 2.0363 7.19156 7.94003 9.60026 4.56799 7.72094 6.82643 4.80463 12.1046 1.96306 12.5164 7.40024 11.501 4.84162 8.76269 8.56114 9.78853 1.35565 7.29 5.98228 8.73375 2.72209 8.73011 5.51262 7.73866 8.90647 7.25728 4.26691 3.46508 9.36582 5.89924 7.88054 4.12312 7.73401 9.47103 7.69896 7.09559 8.26918 5.90596 5.31008 11.9152 5.27034 4.29913 7.58322 6.93149 7.75103 2.65481 10.542 6.04074 
3.96773 1.43402 5.02802 5.72106 7.58555 3.1295 6.05913 4.73858 2.83143 9.89452 1.56387 10.3187 5.21391 9.35637 3.67614 6.58727 6.37191 7.63081 1.92585 6.30157 4.81215 6.53028 1.11288 6.94102 3.29097 5.55407 7.32713 5.38139 2.29491 1.35518 7.69604 4.11705 5.92231 2.34691 5.51494 7.36369 5.57653 5.12282 6.12824 3.7844 3.43431 9.71078 3.22967 2.90227 5.36448 5.42137 5.85352 1.27142 8.38651 4.1839 
8.14205 10.0639 4.42747 3.53058 5.01294 8.6007 6.41253 5.04448 7.34635 0.726154 10.2273 1.34536 4.14162 1.9965 8.55767 3.61964 3.02076 3.36024 10.9181 9.01222 8.37929 2.77218 9.123 6.6763 5.96795 3.82426 6.71293 6.4396 7.7248 8.0424 7.42825 6.68147 4.92318 7.82177 3.73664 4.11005 4.16819 6.02322 3.59071 6.08935 6.8151 0.730274 6.48908 8.75187 4.01015 8.0321 5.29794 9.32486 3.22095 6.3832 
8.06283 8.39215 4.15769 2.81619 2.25391 6.47716 7.1522 4.92842 5.466 3.43421 8.54338 4.08276 3.79095 4.48108 8.36212 1.34302 3.23415 0.60407 9.28774 9.58833 8.56272 2.87793 7.48615 3.93041 4.7537 3.63732 7.88977 3.92209 5.94713 6.95072 4.66618 6.62291 5.56421 7.14738 2.95736 1.35624 4.34356 3.622 3.99811 4.23473 6.45524 3.49242 5.9119 6.6769 2.7078 5.46155 5.93809 7.64152 0.74793 6.31649 
3.55883 8.32169 3.52817 4.61785 8.66386 8.48311 0.970979 3.01617 7.08929 6.17882 8.47257 6.15832 3.792 4.57525 4.05938 6.60307 3.86291 7.36033 8.86384 3.22093 3.22964 4.21038 7.57338 9.49678 5.11258 3.73134 0.810247 8.25826 7.05127 5.6535 10.4802 2.83388 1.67631 4.62517 4.60404 7.78261 2.9731 7.68274 3.12194 6.45291 3.52881 5.87621 3.91104 8.45138 5.24605 9.53157 1.42271 7.82474 7.82812 2.79034 
1.66676 3.99472 4.70608 5.86615 8.894 5.51609 4.20595 4.07967 4.71631 9.64739 4.09542 9.92948 5.02594 8.65938 1.22188 7.38017 6.09824 8.45151 4.18766 3.76808 2.37255 6.37358 3.67784 8.70959 3.93041 5.31629 5.32538 7.11587 4.29441 2.12144 9.58893 2.6284 4.71546 1.41032 5.68356 8.41072 4.97756 6.7009 5.5728 5.13491 2.30766 9.40503 2.68034 5.33279 5.84734 7.58834 4.4908 3.87114 9.17829 2.8681 
1.44028 4.71454 2.70512 3.9473 7.38806 5.27273 2.73732 2.04083 4.05765 7.60529 4.86181 7.88504 3.04473 6.63429 1.64757 5.65533 4.07303 6.69915 5.24223 3.65 2.19456 4.36261 4.01908 7.54432 2.51575 3.31313 4.02045 6.01805 3.8371 2.0601 8.49462 0.788543 2.77238 1.01769 3.7816 6.77213 2.93394 5.51132 3.52854 3.96081 0.274591 7.36115 0.886397 5.17731 4.06341 6.87677 2.61725 4.26676 7.39279 0.907359 
0.350143 5.05811 3.96294 5.25009 8.71532 6.15202 2.88647 3.23883 5.09848 8.7145 5.18021 8.93714 4.31724 7.57852 0.321403 6.99201 5.2716 8.03293 5.38182 2.70897 1.19218 5.58464 4.56232 8.80278 3.79289 4.55862 3.99242 7.24859 4.78235 2.68287 9.73717 1.56218 3.57022 1.52003 5.09251 8.10919 4.07708 6.76491 4.65124 5.19317 1.59524 8.454 2.21163 6.01233 5.39812 7.97979 3.29803 4.78784 8.72152 1.85852 
