55 55 19
777 335 649 27 763 426 211 429 862 135 22 167 11 373 784 324 413 980 862 281 84 505 313 895 814 364 87 178 403 399 676 12 94 570 467 902 652 280 865 619 31 771 709 856 586 683 528 829 270 715 796 245 921 488 841 
350 193 500 34 764 124 914 987 856 743 491 227 365 859 936 432 551 437 228 
12 1 11 4 8 5 14 8 1 7 7 12 17 18 3 0 1 4 10 3 12 8 4 8 16 16 1 18 4 3 1 5 0 7 17 11 12 17 9 8 0 10 12 2 17 15 17 4 0 12 2 2 17 17 3 
4.12698 5.99854 0.276586 1.12872 5.02309 5.2318 3.5195 1.00846 3.79158 4.96291 6.16497 5.34627 0.228035 4.39602 4.4522 3.05084 1.38852 4.01061 6.78677 5.73283 4.62391 1.59512 5.07687 5.70088 1.88854 0.565685 4.56806 4.47219 3.96561 3.71397 6.68596 2.67854 2.1285 3.47081 0.997246 4.23987 0.917824 3.89525 1.25419 2.83591 2.57126 4.75635 2.14189 5.28251 1.50801 5.82742 2.40508 5.30905 4.65017 2.37228 3.31834 3.47264 4.39602 1.75866 4.33549 
6.83159 4.02061 4.81864 4.38244 3.75659 1.60153 7.66079 5.19311 1.54923 8.04866 4.13146 8.63873 4.68984 8.32714 6.82309 3.7663 5.43575 4.50156 4.87943 9.13534 7.65969 5.34268 3.34215 2.71002 3.14127 4.92546 8.8896 1.29077 2.01547 4.14403 3.43076 5.98695 6.60231 5.11626 4.24341 3.93514 5.49627 1.38708 5.73847 1.7596 5.35051 7.98677 4.69605 1.85324 3.63435 1.39176 6.78795 3.37251 5.17108 5.81437 5.73446 2.6068 0.572713 3.03422 1.91638 
6.67171 8.78093 2.97069 2.23573 4.85989 7.53489 5.05199 3.5691 6.19718 2.03027 8.94625 2.44125 2.70512 1.95092 7.08316 3.02273 1.55913 3.22889 9.61252 7.63944 6.93343 1.35281 7.84166 6.29858 4.63816 2.37699 5.50328 5.7247 6.52228 6.63895 7.16694 5.20747 3.51172 6.36242 2.4343 3.89281 2.69164 5.2318 2.11747 4.97981 5.34083 1.82877 5.03126 7.65718 2.85524 7.31454 3.89416 8.05584 3.42654 4.90805 1.34183 6.18777 6.46171 3.49085 5.27046 
6.31656 3.77669 4.36715 4.02449 3.9057 1.55589 7.15668 4.70979 1.08167 7.83164 3.90124 8.40524 4.25921 8.0111 6.31419 3.63127 5.06333 4.45907 4.65907 8.61701 7.14267 4.99545 3.023 3.06491 2.6341 4.5104 8.39231 1.52329 1.58858 3.66285 3.85253 5.47011 6.12722 4.6101 3.87242 3.9579 5.05071 1.41326 5.32159 1.29988 4.83203 7.75217 4.17825 1.76641 3.29645 1.91031 6.30252 3.08585 5.16242 5.3 5.53466 2.12426 0.362353 2.67526 2.07162 
3.74363 9.14025 5.75083 6.98896 11.0282 9.93866 2.50569 5.07711 8.67666 8.68254 9.26607 8.60285 6.07213 6.99687 4.10099 8.99764 6.35437 9.82748 9.46599 1.72931 2.94015 6.71059 8.58386 11.671 6.87554 6.08911 1.80854 10.2972 8.49744 6.63231 12.6557 4.03943 4.03967 5.44493 6.93851 10.1915 5.32665 9.73732 5.5928 8.33031 4.72908 8.37733 5.33769 9.84569 7.52875 11.3886 3.68348 8.82052 10.3361 4.19344 8.45625 7.76559 9.61641 7.72876 10.2811 
6.21911 4.13088 3.99805 3.57476 3.55557 2.02475 6.89231 4.39355 1.26143 7.34832 4.26395 7.92306 3.86514 7.54573 6.255 3.15527 4.62252 4.00586 5.02355 8.47172 7.0234 4.5412 3.32453 2.91481 2.39827 4.10099 8.10558 1.31939 1.804 3.71652 3.77719 5.2791 5.79331 4.5722 3.42987 3.53375 4.6736 1.04924 4.91395 0.957549 4.67462 7.27001 4.00582 2.22194 2.83623 2.12897 5.98873 3.41481 4.71968 5.08803 5.05095 2.20465 0.843149 2.2241 1.76409 
4.67898 2.35593 3.95942 4.24223 5.58789 1.786 6.03664 3.97669 0.851469 8.41259 2.51549 8.90484 4.01932 8.16882 4.58912 4.72547 5.0966 5.73283 3.23804 7.05931 5.54173 5.16551 1.42636 4.97953 1.93352 4.34577 7.32918 3.39991 0.382884 1.80069 5.78247 4.14609 5.37678 2.88617 4.04309 5.40833 4.62122 3.12079 5.07063 1.84491 3.43198 8.26784 2.88735 1.70329 3.71962 3.67496 5.44111 1.60702 6.4841 4.06263 6.27873 0.403113 1.82025 3.13081 3.85001 
2.27695 3.12554 4.11709 5.12551 7.85504 4.38634 4.46287 3.62178 3.56477 9.11492 3.25228 9.4591 4.39118 8.31515 2.01162 6.45697 5.52794 7.5326 3.51552 4.63068 3.12771 5.7607 2.64426 7.58721 2.95975 4.71123 5.70148 5.99083 3.14102 0.970618 8.45385 2.58544 4.57073 0.807094 4.92979 7.43017 4.52355 5.59483 5.11469 4.04605 1.99692 8.89477 2.07002 4.21391 4.99049 6.43457 4.43199 2.86163 8.27436 2.72154 7.4043 2.50944 4.57079 4.63812 6.32066 
8.7395 6.72037 5.64907 4.60831 1.45413 4.2592 8.87119 6.28666 4.03609 6.97672 6.83079 7.62287 5.36851 7.82545 8.85037 2.89588 5.58187 2.94335 7.57673 10.832 9.47828 5.3324 6.01652 0.392046 4.7915 5.45011 9.93735 1.48337 4.56986 6.47893 1.3274 7.58829 7.48484 7.23001 4.5821 2.19203 6.19271 1.83774 6.17246 3.41317 7.09989 7.01685 6.42478 4.5233 3.92003 2.30853 7.777 6.06321 3.33326 7.34098 4.78461 4.99124 3.24211 3.63552 1.13649 
0.340147 5.59904 4.2534 5.57431 9.16081 6.72591 2.67526 3.50001 5.65984 8.84882 5.71686 9.0323 4.61624 7.61757 0.520384 7.38366 5.49659 8.40788 5.88647 2.14107 0.644981 5.82516 5.12711 9.31125 4.28664 4.83004 3.66285 7.76918 5.3521 3.25719 10.2539 1.78003 3.60569 2.09246 5.42905 8.52188 4.28169 7.27479 4.83182 5.71077 2.0096 8.57848 2.66661 6.58684 5.78342 8.53544 3.29164 5.35004 9.07943 2.09002 7.68547 4.63376 6.66847 5.69245 7.94195 
8.31633 4.75943 6.32712 5.76254 4.04797 2.27059 9.2126 6.73374 2.97039 9.10043 4.82673 9.72044 6.17279 9.58718 8.27436 4.7598 6.82552 5.24585 5.50455 10.6483 9.15796 6.69108 4.31885 2.43559 4.69294 6.38546 10.4388 1.94031 3.32962 5.51294 2.71647 7.52734 8.13354 6.5627 5.64588 4.55581 6.99475 2.411 7.19576 3.29619 6.87867 9.07838 6.23238 2.52606 4.99842 0.358469 8.32904 4.26719 5.79719 7.36098 6.78941 4.01204 1.96543 4.44416 2.51078 
7.08363 7.55066 3.20214 1.85586 2.52539 5.79124 6.28182 3.97316 4.6664 3.65876 7.70611 4.27481 2.83651 4.30465 7.37629 0.686586 2.42887 1.07703 8.43976 8.66585 7.60124 2.09423 6.62942 3.91472 3.7893 2.71312 7.09801 3.50561 5.11786 5.99001 4.78093 5.65279 4.7111 6.15877 1.98295 1.56707 3.44804 3.09386 3.16891 3.40708 5.46824 3.63325 4.92123 5.96913 1.72131 5.10053 5.07427 6.79854 1.67287 5.34817 1.34373 5.03224 4.61736 2.13638 2.97424 
1.62641 4.1653 3.01942 4.17354 7.3814 4.85956 3.28976 2.43282 3.72361 7.99 4.31045 8.29873 3.33305 7.09717 1.66412 5.75256 4.42109 6.81535 4.68028 3.98016 2.47073 4.687 3.49654 7.40316 2.41698 3.62861 4.5653 5.84377 3.44768 1.53062 8.33326 1.35093 3.30341 0.461411 3.99326 6.82663 3.33952 5.36554 3.93611 3.79057 0.730068 7.75596 0.98656 4.74562 4.19005 6.59024 3.16708 3.74144 7.53011 1.45798 6.4297 2.71831 4.72705 3.9697 6.05112 
3.94635 3.386 2.75986 3.18925 5.32989 2.86398 4.94065 2.76957 1.50479 7.38221 3.55203 7.84115 2.84529 7.01944 3.97454 4.06341 3.95779 5.12762 4.21228 6.24109 4.76598 4.06208 2.45204 5.12372 0.766094 3.17907 6.21933 3.54249 1.44125 1.64149 6.03195 3.13651 4.18019 2.30326 2.98402 4.94872 3.41369 3.09944 3.87769 1.52778 2.46854 7.21649 1.83831 2.83933 2.78887 4.28599 4.26358 2.67755 5.88151 3.00167 5.35628 0.838153 2.45204 2.29002 3.81371 
2.53298 7.92526 5.23883 6.55735 10.5101 8.8925 2.20484 4.49678 7.70211 8.87144 8.0449 8.88699 5.59035 7.3146 2.84164 8.54365 6.09944 9.458 8.21005 0.522015 1.68514 6.45963 7.41939 10.9746 6.02934 5.67789 2.2546 9.52494 7.47062 5.49676 11.9503 3.14111 3.78144 4.30443 6.47148 9.73598 4.95104 8.98386 5.33646 7.50067 3.758 8.57282 4.41367 8.77903 6.99546 10.4985 3.39559 7.64924 10.0335 3.36091 8.29714 6.7376 8.67674 7.09705 9.57967 
8.53353 7.52354 4.98186 3.74037 0.311448 5.25179 8.21416 5.70812 4.62031 5.46206 7.65506 6.11138 4.64814 6.44002 8.72968 1.75727 4.56355 1.43283 8.41457 10.4134 9.18229 4.26005 6.70774 1.92634 4.71103 4.63797 9.15478 2.38657 5.15912 6.72241 2.63919 7.22669 6.71018 7.24754 3.77943 0.696348 5.40374 2.35648 5.24948 3.62552 6.86331 5.52204 6.22088 5.49353 3.20975 3.71203 7.0446 6.80664 1.77553 6.94606 3.35753 5.38713 4.09255 3.18127 1.74187 
6.93745 7.47407 3.05138 1.70511 2.64802 5.75407 6.13013 3.82251 4.60449 3.6494 7.63053 4.25699 2.68555 4.23212 7.23279 0.730068 2.2832 1.22801 8.36086 8.51374 7.45161 1.95167 6.54941 3.99722 3.67462 2.56082 6.95018 3.52955 5.04723 5.87553 4.8764 5.50436 4.56032 6.02685 1.83469 1.69614 3.29597 3.09968 3.02026 3.34117 5.32541 3.61122 4.78302 5.9268 1.59452 5.1272 4.92295 6.72216 1.82222 5.19939 1.32966 4.94289 4.58737 2.03482 3.01597 
0.866487 5.60108 3.13536 4.469 8.16854 6.29076 1.95226 2.37356 5.07351 7.72653 5.74003 7.92738 3.50069 6.54671 1.32593 6.3274 4.35839 7.33219 6.04948 2.66625 1.30924 4.68837 4.96695 8.45224 3.44398 3.70195 3.16639 6.95696 4.85684 3.00193 9.41523 0.662873 2.53308 1.8422 4.33263 7.48575 3.14306 6.43281 3.695 4.91076 1.13358 7.45985 1.80325 6.19155 4.72827 7.87467 2.25601 5.20999 7.9883 0.968762 6.55172 4.12335 6.04723 4.69707 7.0644 
3.48827 3.48794 2.59856 3.22025 5.68516 3.25498 4.5356 2.49147 1.94178 7.39032 3.65409 7.8206 2.74007 6.91527 3.52575 4.30409 3.88742 5.3776 4.26645 5.78236 4.30633 4.03053 2.58213 5.55446 0.8228 3.08026 5.82244 3.98152 1.81033 1.37928 6.47213 2.697 3.86679 1.87385 3.01438 5.25095 3.21459 3.5223 3.72003 1.9434 2.01718 7.20875 1.40389 3.20751 2.92159 4.74523 3.92005 2.82312 6.12595 2.57769 5.45133 1.12071 2.9063 2.49369 4.22664 
5.49459 7.6286 1.7254 1.23471 4.83257 6.5722 4.13011 2.34386 5.17936 3.27341 7.79475 3.64907 1.46986 2.81149 5.88778 2.78692 0.313847 3.39165 8.44126 6.6562 5.82031 0.288617 6.69481 5.99437 3.47697 1.136 4.80817 5.13391 5.45162 5.41133 6.93382 4.01966 2.53728 5.11766 1.39463 3.89513 1.50083 4.58926 0.988585 4.02866 4.10946 3.06007 3.78613 6.66753 1.98252 6.67027 2.92166 6.91741 3.82873 3.71465 1.98285 5.05372 5.5756 2.58519 4.79009 
5.7649 5.70629 2.37124 1.48637 3.06341 4.10078 5.60029 3.02538 2.86175 5.22067 5.86315 5.7753 2.09955 5.37584 5.97369 1.45344 2.54772 2.52517 6.59267 7.67294 6.414 2.41033 4.78127 3.608 2.05477 2.21894 6.66127 2.48387 3.28536 4.22238 4.59234 4.46319 4.21284 4.55923 1.39284 2.45231 2.93437 1.92003 2.99541 1.59552 4.09518 5.12299 3.46113 4.24747 0.721803 3.98453 4.49952 4.95452 3.27515 4.18836 2.97431 3.18291 2.99341 0.411096 2.25743 
1.0469 6.04239 3.26725 4.61307 8.41215 6.71658 1.57471 2.49596 5.47943 7.66416 6.18052 7.83001 3.63373 6.40252 1.54858 6.52396 4.40018 7.50457 6.48069 2.33403 1.15156 4.7427 5.41097 8.76762 3.79033 3.80147 2.74634 7.29496 5.2783 3.44581 9.73725 0.910494 2.39585 2.28493 4.49169 7.6972 3.18057 6.76096 3.69846 5.26156 1.52322 7.38922 2.17083 6.62197 4.93401 8.25671 2.07509 5.65406 8.13969 1.16846 6.61636 4.54542 6.44287 4.95275 7.37518 
4.74709 1.74413 4.48092 4.8353 6.12148 1.73971 6.33456 4.43086 1.32371 9.01399 1.90434 9.50007 4.56606 8.7333 4.59308 5.32977 5.6646 6.3287 2.62619 7.14413 5.61883 5.74718 0.815414 5.39912 2.47825 4.89781 7.63207 3.85064 0.780897 1.76491 6.15111 4.39969 5.79871 2.94279 4.63441 5.98411 5.12657 3.62802 5.60022 2.44199 3.67349 8.86539 3.20306 1.57201 4.32759 3.91051 5.83175 0.997046 7.07791 4.35543 6.88959 0.890674 2.14767 3.74219 4.34578 
7.63273 4.89401 5.26339 4.60541 3.09613 2.39852 8.27162 5.73362 2.44624 7.91624 4.9961 8.53285 5.07963 8.39447 7.65405 3.57393 5.6674 4.11947 5.73331 9.89315 8.44233 5.51871 4.25206 1.82214 3.81072 5.27031 9.46177 0.757694 2.93157 5.0312 2.5088 6.69669 7.09975 5.95836 4.49961 3.464 5.91346 1.22066 6.07421 2.3461 6.09606 7.88914 5.42687 2.66543 3.84012 0.870057 7.32149 4.27057 4.71615 6.50007 5.60161 3.49276 1.49466 3.31368 1.37568 
5.65662 3.92227 3.53276 3.25498 3.87738 2.12876 6.35106 3.88012 0.975295 7.19651 4.0671 7.74796 3.4321 7.2654 5.69956 3.16413 4.27454 4.10742 4.82121 7.90607 6.4585 4.23019 3.05491 3.42113 1.84166 3.69135 7.57552 1.82779 1.49345 3.21442 4.31129 4.71645 5.294 4.02505 3.09128 3.72336 4.2174 1.44392 4.5001 0.47 4.10903 7.09627 3.44073 2.27178 2.55738 2.67367 5.47439 3.18071 4.84679 4.52902 4.93803 1.74485 1.10223 1.92317 2.17807 
4.43353 5.11892 1.38654 1.44257 4.39386 4.10903 4.42652 1.84716 2.68002 5.63565 5.28411 6.1001 1.29314 5.34879 4.65099 2.67421 2.27759 3.74021 5.95668 6.37075 5.08615 2.33808 4.17938 4.78023 1 1.5807 5.57374 3.42808 2.91405 3.16484 5.76303 3.14312 3.19776 3.30438 1.23746 3.76384 2.0677 2.85748 2.37217 1.68315 2.76442 5.47219 2.13965 4.17647 1.14756 4.7067 3.42184 4.3942 4.46405 2.87689 3.64664 2.52606 3.24302 0.921141 3.38723 
6.04901 7.14228 2.12132 0.801561 3.53278 5.71545 5.15414 2.89014 4.42109 3.6342 7.30458 4.16573 1.75514 3.77737 6.3702 1.47299 1.33959 2.20411 8.0055 7.5519 6.52511 1.04101 6.20249 4.6845 3.11006 1.59703 5.98459 3.92046 4.79153 5.27266 5.61729 4.59514 3.58491 5.2754 0.976729 2.6163 2.32166 3.4053 2.0538 3.17448 4.47644 3.51605 3.98339 5.85103 1.07713 5.49524 3.94681 6.39941 2.77016 4.28696 1.53183 4.55132 4.62018 1.69499 3.52165 
5.95552 1.56259 5.57197 5.73266 6.2357 0.970206 7.58489 5.60389 1.778 9.83108 1.65076 10.3565 5.61001 9.71796 5.76657 5.85226 6.64959 6.75663 2.3816 8.35103 6.82719 6.68588 1.20615 5.17357 3.54158 5.92839 8.88217 3.79179 1.45962 2.97015 5.77055 5.65279 6.99861 4.1616 5.54239 6.29229 6.24079 3.75659 6.67428 3.04095 4.92666 9.71004 4.44627 0.700643 5.12821 3.3353 7.0512 1.08784 7.47773 5.60515 7.61052 2.01896 2.01693 4.5025 4.39182 
3.74001 3.49185 2.61358 3.12815 5.45011 3.07903 4.72017 2.58118 1.72812 7.31498 3.65826 7.76091 2.72208 6.90192 3.78114 4.11306 3.85203 5.18348 4.29829 6.02438 4.55397 3.97373 2.56759 5.29967 0.692026 3.05949 6.00051 3.72602 1.64779 1.56349 6.21662 2.91302 3.98246 2.1272 2.92205 5.03526 3.25443 3.26841 3.7353 1.69 2.24715 7.14183 1.61474 3.04792 2.77737 4.50241 4.0571 2.80059 5.93466 2.77849 5.3297 1.00623 2.67367 2.31521 3.97472 
0.70214 4.74979 4.12317 5.37894 8.73066 5.94607 3.23989 3.42462 4.95036 8.94687 4.86763 9.18769 4.46912 7.85493 0.368917 7.06135 5.46452 8.11382 5.0467 2.98216 1.49282 5.7671 4.29111 8.74443 3.77115 4.72705 4.35295 7.17541 4.60566 2.46223 9.66603 1.8071 3.86063 1.35591 5.21311 8.15724 4.28805 6.70835 4.87155 5.13024 1.70423 8.69154 2.25869 5.79525 5.47851 7.84103 3.60436 4.51054 8.81477 2.08655 7.58317 3.90387 5.96607 5.30103 7.3999 
4.50126 4.88723 1.65747 1.66964 4.32297 3.82832 4.63366 2.07183 2.40142 5.85773 5.0517 6.33455 1.57458 5.61413 4.69086 2.70313 2.54615 3.77763 5.73464 6.50526 5.18531 2.59139 3.94635 4.61069 0.833847 1.86132 5.80149 3.21602 2.64764 3.0331 5.58917 3.26443 3.44819 3.27185 1.4682 3.74489 2.34233 2.65189 2.65377 1.41057 2.83233 5.70202 2.18197 3.89782 1.26625 4.45499 3.65919 4.15616 4.51453 3.01204 3.81918 2.28974 2.96488 0.891403 3.21552 
9.58188 6.64536 6.89123 5.98385 2.92015 4.11692 10.0381 7.45735 4.4236 8.52406 6.72441 9.17098 6.6485 9.36144 9.62106 4.41118 7.00061 4.48786 7.42195 11.8027 10.3762 6.77747 6.11337 1.16211 5.69453 6.77529 11.1717 2.19659 4.8932 7.01294 0.819878 8.57723 8.74662 7.93254 5.929 3.73551 7.4877 2.75661 7.53704 4.22641 8.01057 8.56675 7.33485 4.3842 5.25224 1.75183 9.00869 6.09594 4.8316 8.36035 6.33256 5.4742 3.4428 4.86033 2.30413 
5.49015 1.40801 7.00298 7.64933 9.06353 3.9302 7.83181 6.70671 4.29317 11.8373 1.31004 12.2755 7.1826 11.3321 5.09192 8.33471 8.33783 9.33906 0.653911 7.62607 6.25051 8.48539 2.20617 8.12287 5.21199 7.5231 9.05681 6.68231 3.76782 3.31485 8.73002 5.94542 7.84873 4.14638 7.44339 8.98408 7.55149 6.55515 8.10432 5.45162 5.30769 11.6613 5.17847 3.66012 7.23802 6.27976 7.75243 2.0948 10.0882 6.05367 9.81201 3.76927 4.89265 6.68985 7.2428 
7.74247 6.79651 4.28155 3.11002 1.0824 4.61395 7.52644 4.98478 3.86747 5.45514 6.93312 6.09295 3.96406 6.21514 7.92879 1.27883 4.02336 1.52118 7.69231 9.66431 8.40636 3.75257 5.95778 2.00823 3.89882 3.99112 8.51621 1.86207 4.40028 5.91069 2.90849 6.45786 6.0604 6.43479 3.11931 0.885268 4.75279 1.68107 4.66004 2.82492 6.07253 5.46996 5.42388 4.84257 2.50338 3.36859 6.37967 6.06862 2.13038 6.18295 3.20306 4.59341 3.42841 2.40169 1.22642 
5.98141 1.24868 7.20884 7.75867 8.88978 3.63189 8.25258 6.97132 4.1924 11.9515 1.10059 12.413 7.36202 11.5353 5.60357 8.29781 8.50527 9.27302 0.360694 8.1678 6.765 8.62951 2.17083 7.84857 5.33401 7.70208 9.4976 6.46574 3.69424 3.60451 8.4043 6.33537 8.17309 4.5407 7.55414 8.87471 7.7881 6.38928 8.32339 5.40638 5.67081 11.7886 5.47883 3.36363 7.29638 5.93216 8.10104 1.99972 10.0144 6.42067 9.86601 3.81477 4.67898 6.72217 7.05216 
5.8698 0.483322 6.38193 6.77027 7.62992 2.35325 7.87869 6.25873 3.00629 10.9423 0.417253 11.4342 6.48726 10.6622 5.57459 7.13238 7.59701 8.07845 1.00045 8.19909 6.71431 7.6837 1.21264 6.56967 4.40583 6.82191 9.16289 5.19432 2.54876 3.08585 7.13511 5.91977 7.56477 4.20576 6.57001 7.64944 7.00803 5.13802 7.50435 4.25607 5.20862 10.7979 4.87943 2.08471 6.24375 4.67039 7.54852 0.970824 8.81165 5.94564 8.78941 2.82349 3.41252 5.64316 5.78835 
7.52091 6.51627 4.13192 3.00987 1.32834 4.34815 7.37653 4.81798 3.58603 5.58707 6.65331 6.21885 3.82598 6.27214 7.69708 1.31244 3.96244 1.73104 7.41237 9.47439 8.19752 3.70941 5.67631 2.00192 3.65268 3.87475 8.39181 1.64305 4.11869 5.64256 2.94272 6.2562 5.93448 6.186 3.00167 1.14621 4.63039 1.41651 4.57083 2.54867 5.85239 5.58793 5.19802 4.57395 2.36241 3.18849 6.24465 5.78769 2.37626 5.98602 3.30553 4.31519 3.15919 2.20204 1.03247 
6.86476 3.27185 5.40626 5.15598 4.70473 0.74 8.00885 5.67067 1.57582 8.96666 3.36013 9.5448 5.33094 9.15219 6.78405 4.72382 6.18496 5.48293 4.08104 9.23275 7.72219 6.12945 2.74898 3.48891 3.52955 5.59915 9.27548 2.2366 1.81571 3.98207 4.06044 6.21203 7.10211 5.07947 4.99808 4.91717 6.09555 2.36907 6.40488 2.38019 5.52598 8.89181 4.91636 1.01005 4.43633 1.64685 7.2444 2.71627 6.15417 6.08217 6.66247 2.536 0.813941 3.81064 2.87903 
7.97161 9.08204 4.04623 2.83805 3.5137 7.38848 6.67488 4.77821 6.2367 2.18215 9.24048 2.82781 3.69818 3.28824 8.32948 2.24662 2.81114 1.86003 9.96266 9.21811 8.35733 2.46343 8.15081 5.18117 5.15353 3.45058 7.23747 5.03607 6.66888 7.33224 5.9276 6.49604 5.08932 7.32548 3.02952 2.61094 4.02657 4.66451 3.5513 4.97109 6.46777 2.2311 6.01752 7.56372 3.06297 6.61272 5.47537 8.33142 1.77792 6.18634 0.59 6.52283 6.21576 3.60203 4.45892 
3.44071 5.94577 0.509902 1.8554 5.76095 5.50004 2.81517 0.262488 4.06177 5.38177 6.11072 5.69959 0.876641 4.57739 3.79676 3.79812 1.82497 4.7529 6.67803 4.9855 3.89525 2.11747 5.05835 6.37248 2.06022 1.08374 3.92623 5.07326 4.14135 3.4723 7.3584 1.97162 1.5632 3.00962 1.73954 4.98648 0.773369 4.49979 1.35281 3.27983 1.97649 5.14884 1.69452 5.51567 2.24415 6.34521 1.77124 5.30212 5.38199 1.66193 3.94645 3.55225 4.78729 2.42095 4.99139 
5.20247 8.79755 2.82931 3.24785 6.99203 8.24491 2.98171 2.88106 6.80331 3.78338 8.96177 3.79179 2.86211 2.25568 5.6857 4.95892 2.21109 5.48523 9.50781 5.5459 5.19234 2.45522 7.91692 8.15807 4.85412 2.60233 3.11642 7.21084 6.95041 6.25633 9.10412 3.93137 1.84505 5.55989 3.33793 6.04268 2.15195 6.64783 1.79045 5.82001 4.37659 3.48144 4.39063 8.29026 4.00704 8.69186 2.11152 8.16128 5.81629 3.70527 3.76703 6.39832 7.39024 4.52836 6.91909 
5.10529 8.26027 2.19829 2.48395 6.24501 7.56897 3.18077 2.4067 6.13313 3.55439 8.42589 3.69381 2.17348 2.33431 5.56386 4.20195 1.44222 4.768 9.00419 5.7807 5.22422 1.69198 7.35942 7.38999 4.22538 1.8868 3.58776 6.44829 6.31219 5.79379 8.3377 3.72508 1.74451 5.21276 2.58118 5.30212 1.56589 5.88743 1.09444 5.10662 4.06007 3.26933 3.96551 7.62696 3.24575 7.9394 2.09848 7.59908 5.13982 3.46152 3.135 5.796 6.67816 3.78017 6.15081 
5.38781 6.71591 1.46328 0.166433 4.01005 5.48689 4.56228 2.23376 4.1234 4.03091 6.88044 4.50729 1.09659 3.88666 5.71071 1.95256 0.994636 2.81149 7.56017 6.91714 5.86837 0.858429 5.77509 4.98198 2.6021 0.970618 5.45678 4.02492 4.43928 4.71123 5.94427 3.93468 3.0206 4.64691 0.372022 3.14201 1.72514 3.47196 1.56605 2.93164 3.82027 3.87332 3.34201 5.5963 0.851469 5.54593 3.36786 5.98445 3.41353 3.62679 2.11625 4.11851 4.46055 1.46322 3.71892 
9.19405 8.24738 5.54813 4.25738 0.588303 5.94348 8.75042 6.29321 5.35322 5.39129 8.37705 6.03988 5.20159 6.55049 9.40608 2.24956 4.98655 1.56247 9.13622 11.0149 9.82024 4.65997 7.43888 2.28974 5.41503 5.15644 9.63606 3.05761 5.89293 7.45043 2.77723 7.85863 7.214 7.95108 4.32187 1.05394 5.91822 3.0769 5.70748 4.36033 7.5257 5.49097 6.89377 6.19022 3.80237 4.26433 7.56191 7.53441 1.5632 7.57154 3.48369 6.12354 4.7993 3.84338 2.4287 
5.70846 8.36915 2.31249 2.11946 5.57215 7.42873 3.95828 2.74935 6.02103 2.88434 8.53558 3.12463 2.15604 2.02467 6.1437 3.57302 1.08669 4.03555 9.15684 6.55222 5.90689 1.17154 7.4449 6.82739 4.23784 1.8197 4.40855 6.01631 6.26616 6.03511 7.75118 4.27286 2.44524 5.59866 2.26874 4.61417 1.84253 5.47537 1.24808 4.8974 4.50188 2.62057 4.29337 7.51475 2.87211 7.55858 2.82144 7.67477 4.36094 3.98648 2.32699 5.82533 6.45273 3.46978 5.65608 
6.11191 8.62986 2.62452 2.23486 5.41128 7.58631 4.36327 3.11448 6.19852 2.48284 8.79619 2.75187 2.42887 1.79109 6.54331 3.46655 1.29004 3.82753 9.43231 6.95932 6.31805 1.2596 7.69925 6.74633 4.48232 2.0883 4.77671 6.02519 6.47158 6.35007 7.64956 4.66999 2.85701 5.95756 2.40651 4.44568 2.20912 5.5 1.61245 5.03724 4.87791 2.22569 4.64221 7.68503 2.9561 7.59016 3.23262 7.92456 4.09552 4.38056 2.02633 6.06447 6.57343 3.5761 5.62755 
5.65107 7.19467 1.71572 0.638905 4.12029 5.95716 4.60679 2.46033 4.60197 3.55692 7.35942 4.02616 1.36624 3.42584 6.00004 2.05801 0.751665 2.76796 8.03592 7.04577 6.07705 0.474342 6.25412 5.23483 3.07044 1.13111 5.40631 4.38316 4.92164 5.15102 6.17836 4.18019 3.02557 5.02558 0.8422 3.20339 1.79627 3.8452 1.47635 3.40026 4.13628 3.39413 3.70401 6.07076 1.29031 5.9319 3.39438 6.46469 3.29188 3.87021 1.74951 4.59793 4.91504 1.91971 4.02881 
5.21982 2.16453 4.46025 4.6322 5.55195 1.22188 6.61346 4.52134 0.782943 8.76037 2.30887 9.27373 4.49361 8.60598 5.1069 4.9023 5.53586 5.86441 3.06341 7.60796 6.08664 5.57883 1.32774 4.76518 2.43074 4.81175 7.90555 3.23187 0.344384 2.2858 5.50718 4.7223 5.93142 3.41784 4.43921 5.47292 5.13277 3.04587 5.55925 2.02299 4.00676 8.63023 3.46439 1.12641 4.05216 3.27361 6.00521 1.42804 6.60497 4.63985 6.57222 0.978621 1.50443 3.43651 3.75055 
5.23689 1.46414 6.84202 7.52475 9.05647 3.99606 7.59627 6.52442 4.26808 11.7062 1.39262 12.1351 7.03143 11.1676 4.83414 8.26904 8.18952 9.28433 0.840238 7.3621 5.99164 8.34589 2.17862 8.16354 5.08842 7.37153 8.815 6.69914 3.73472 3.13423 8.79446 5.72098 7.64391 3.92379 7.31861 8.94859 7.3782 6.54941 7.9368 5.39676 5.09309 11.5253 4.98623 3.7271 7.13474 6.35932 7.53956 2.09614 10.0359 5.83658 9.70668 3.68513 4.91435 6.59849 7.24652 
5.98506 1.28456 5.80983 6.01985 6.57392 1.27769 7.71093 5.80675 2.09124 10.1365 1.35447 10.6561 5.86285 9.99124 5.76945 6.18361 6.91978 7.09346 2.0662 8.37342 6.85412 6.96656 1.12606 5.49307 3.78217 6.18561 9.00832 4.1268 1.73185 3.01811 6.07053 5.76514 7.1858 4.20933 5.82715 6.6319 6.47112 4.09649 6.91948 3.35753 5.03829 10.0111 4.5907 1.00841 5.42996 3.61865 7.22281 0.947945 7.81584 5.73468 7.92669 2.22463 2.35567 4.808 4.72966 
7.74665 9.56831 3.9773 3.04095 4.66978 8.11032 6.11569 4.61736 6.85073 1.20934 9.73153 1.79622 3.68057 2.12132 8.15177 3.17052 2.58105 3.00167 10.4235 8.70933 8.01706 2.31262 8.62744 6.29007 5.47759 3.37001 6.49888 5.98833 7.22806 7.56345 7.07181 6.27809 4.59004 7.36848 3.24711 3.74204 3.75694 5.55932 3.19312 5.59473 6.38238 1.14983 6.03583 8.25955 3.51336 7.58426 4.97081 8.82878 2.95447 5.97629 1.1414 6.97213 6.97782 4.12835 5.45433 
6.42795 1.51611 6.20613 6.3607 6.67261 1.31484 8.15738 6.22685 2.3914 10.4432 1.54146 10.9745 6.24568 10.3509 6.20556 6.41412 7.28358 7.28871 2.16816 8.81385 7.29609 7.31665 1.55193 5.48894 4.1758 6.56403 9.45487 4.20595 2.09504 3.46562 6.00257 6.21303 7.61412 4.65611 6.17171 6.79272 6.87346 4.23595 7.30953 3.64446 5.48614 10.3267 5.03287 1.07378 5.74625 3.52512 7.65755 1.35074 7.99801 6.18026 8.20864 2.64047 2.48783 5.11744 4.83011 
4.90486 7.84297 1.76477 2.05934 5.90699 7.11848 3.18277 2.04355 5.68356 3.69088 8.0089 3.90083 1.72386 2.65279 5.34619 3.84896 1.04809 4.48068 8.59782 5.76534 5.0948 1.34183 6.93638 6.99638 3.78541 1.43503 3.74626 6.01973 5.86805 5.40882 7.95178 3.48174 1.64012 4.88215 2.1456 4.97749 1.164 5.45587 0.64846 4.6552 3.75373 3.42161 3.60636 7.17798 2.81585 7.50025 2.02062 7.17432 4.90153 3.20206 2.96623 5.36113 6.22676 3.33781 5.73791 
8.05105 8.81082 4.11122 2.8211 2.94822 7.01128 6.92243 4.86806 5.92112 2.73359 8.96621 3.38213 3.75012 3.83693 8.38373 1.83221 3.00137 1.30384 9.69981 9.42497 8.48892 2.6417 7.88926 4.63001 4.99892 3.54189 7.56419 4.55817 6.37709 7.1969 5.36411 6.58595 5.32846 7.28179 2.99421 2.05623 4.18524 4.219 3.76431 4.66495 6.49492 2.79458 6.00051 7.19831 2.90147 6.11871 5.7112 8.0587 1.23665 6.27625 0.880909 6.28727 5.8258 3.37765 3.96274 
6.65009 9.70341 3.62221 3.44193 6.4925 8.77763 4.52637 3.95324 7.37461 2.28355 9.86978 2.24511 3.49824 0.757166 7.11827 4.6265 2.43813 4.85556 10.4783 7.09233 6.7047 2.46951 8.78415 7.91046 5.58581 3.16628 4.59831 7.24177 7.62155 7.31391 8.79163 5.29589 3.26497 6.78258 3.60411 5.52552 3.07065 6.7206 2.51008 6.23802 5.63653 1.97773 5.51632 8.86721 4.17481 8.81111 3.58398 9.01648 5.0009 5.03698 2.93232 7.17354 7.78412 4.78968 6.83005 
