55 55 19
777 335 649 27 763 426 211 429 862 135 22 167 11 373 784 324 413 980 862 281 84 505 313 895 814 364 87 178 403 399 676 12 94 570 467 902 652 280 865 619 31 771 709 856 586 683 528 829 270 715 796 245 921 488 841 
35000 19300 50000 3400 76400 12400 91400 98700 85600 74300 49100 22700 36500 85900 93600 43200 55100 43700 22800 
12 1 11 4 8 5 14 8 1 7 7 12 17 18 3 0 1 4 10 3 12 8 4 8 16 16 1 18 4 3 1 5 0 7 17 11 12 17 9 8 0 10 12 2 17 15 17 4 0 12 2 2 17 17 3 
41.2698 59.9854 2.76586 11.2872 50.2309 52.318 35.195 10.0846 37.9158 49.6291 61.6497 53.4627 2.28035 43.9602 44.522 30.5084 13.8852 40.1061 67.8677 57.3283 46.2391 15.9512 50.7687 57.0088 18.8854 5.65685 45.6806 44.7219 39.6561 37.1397 66.8596 26.7854 21.285 34.7081 9.97246 42.3987 9.17824 38.9525 12.5419 28.3591 25.7126 47.5635 21.4189 52.8251 15.0801 58.2742 24.0508 53.0905 46.5017 23.7228 33.1834 34.7264 43.9602 17.5866 43.3549 
68.3159 40.2061 48.1864 43.8244 37.5659 16.0153 76.6079 51.9311 15.4923 80.4866 41.3146 86.3873 46.8984 83.2714 68.2309 37.663 54.3575 45.0156 48.7943 91.3534 76.5969 53.4268 33.4215 27.1002 31.4127 49.2546 88.896 12.9077 20.1547 41.4403 34.3076 59.8695 66.0231 51.1626 42.4341 39.3514 54.9627 13.8708 57.3847 17.596 53.5051 79.8677 46.9605 18.5324 36.3435 13.9176 67.8795 33.7251 51.7108 58.1437 57.3446 26.068 5.72713 30.3422 19.1638 
66.7171 87.8093 29.7069 22.3573 48.5989 75.3489 50.5199 35.691 61.9718 20.3027 89.4625 24.4125 27.0512 19.5092 70.8316 30.2273 15.5913 32.2889 96.1252 76.3944 69.3343 13.5281 78.4166 62.9858 46.3816 23.7699 55.0328 57.247 65.2228 66.3895 71.6694 52.0747 35.1172 63.6242 24.343 38.9281 26.9164 52.318 21.1747 49.7981 53.4083 18.2877 50.3126 76.5718 28.5524 73.1454 38.9416 80.5584 34.2654 49.0805 13.4183 61.8777 64.6171 34.9085 52.7046 
63.1656 37.7669 43.6715 40.2449 39.057 15.5589 71.5668 47.0979 10.8167 78.3164 39.0124 84.0524 42.5921 80.111 63.1419 36.3127 50.6333 44.5907 46.5907 86.1701 71.4267 49.9545 30.23 30.6491 26.341 45.104 83.9231 15.2329 15.8858 36.6285 38.5253 54.7011 61.2722 46.101 38.7242 39.579 50.5071 14.1326 53.2159 12.9988 48.3203 77.5217 41.7825 17.6641 32.9645 19.1031 63.0252 30.8585 51.6242 53 55.3466 21.2426 3.62353 26.7526 20.7162 
37.4363 91.4025 57.5083 69.8896 110.282 99.3866 25.0569 50.7711 86.7666 86.8254 92.6607 86.0285 60.7213 69.9687 41.0099 89.9764 63.5437 98.2748 94.6599 17.2931 29.4015 67.1059 85.8386 116.71 68.7554 60.8911 18.0854 102.972 84.9744 66.3231 126.557 40.3943 40.3967 54.4493 69.3851 101.915 53.2665 97.3732 55.928 83.3031 47.2908 83.7733 53.3769 98.4569 75.2875 113.886 36.8348 88.2052 103.361 41.9344 84.5625 77.6559 96.1641 77.2876 102.811 
62.1911 41.3088 39.9805 35.7476 35.5557 20.2475 68.9231 43.9355 12.6143 73.4832 42.6395 79.2306 38.6514 75.4573 62.55 31.5527 46.2252 40.0586 50.2355 84.7172 70.234 45.412 33.2453 29.1481 23.9827 41.0099 81.0558 13.1939 18.04 37.1652 37.7719 52.791 57.9331 45.722 34.2987 35.3375 46.736 10.4924 49.1395 9.57549 46.7462 72.7001 40.0582 22.2194 28.3623 21.2897 59.8873 34.1481 47.1968 50.8803 50.5095 22.0465 8.43149 22.241 17.6409 
46.7898 23.5593 39.5942 42.4223 55.8789 17.86 60.3664 39.7669 8.51469 84.1259 25.1549 89.0484 40.1932 81.6882 45.8912 47.2547 50.966 57.3283 32.3804 70.5931 55.4173 51.6551 14.2636 49.7953 19.3352 43.4577 73.2918 33.9991 3.82884 18.0069 57.8247 41.4609 53.7678 28.8617 40.4309 54.0833 46.2122 31.2079 50.7063 18.4491 34.3198 82.6784 28.8735 17.0329 37.1962 36.7496 54.4111 16.0702 64.841 40.6263 62.7873 4.03113 18.2025 31.3081 38.5001 
22.7695 31.2554 41.1709 51.2551 78.5504 43.8634 44.6287 36.2178 35.6477 91.1492 32.5228 94.591 43.9118 83.1515 20.1162 64.5697 55.2794 75.326 35.1552 46.3068 31.2771 57.607 26.4426 75.8721 29.5975 47.1123 57.0148 59.9083 31.4102 9.70618 84.5385 25.8544 45.7073 8.07094 49.2979 74.3017 45.2355 55.9483 51.1469 40.4605 19.9692 88.9477 20.7002 42.1391 49.9049 64.3457 44.3199 28.6163 82.7436 27.2154 74.043 25.0944 45.7079 46.3812 63.2066 
87.395 67.2037 56.4907 46.0831 14.5413 42.592 88.7119 62.8666 40.3609 69.7672 68.3079 76.2287 53.6851 78.2545 88.5037 28.9588 55.8187 29.4335 75.7673 108.32 94.7828 53.324 60.1652 3.92046 47.915 54.5011 99.3735 14.8337 45.6986 64.7893 13.274 75.8829 74.8484 72.3001 45.821 21.9203 61.9271 18.3774 61.7246 34.1317 70.9989 70.1685 64.2478 45.233 39.2003 23.0853 77.77 60.6321 33.3326 73.4098 47.8461 49.9124 32.4211 36.3552 11.3649 
3.40147 55.9904 42.534 55.7431 91.6081 67.2591 26.7526 35.0001 56.5984 88.4882 57.1686 90.323 46.1624 76.1757 5.20384 73.8366 54.9659 84.0788 58.8647 21.4107 6.44981 58.2516 51.2711 93.1125 42.8664 48.3004 36.6285 77.6918 53.521 32.5719 102.539 17.8003 36.0569 20.9246 54.2905 85.2188 42.8169 72.7479 48.3182 57.1077 20.096 85.7848 26.6661 65.8684 57.8342 85.3544 32.9164 53.5004 90.7943 20.9002 76.8547 46.3376 66.6847 56.9245 79.4195 
83.1633 47.5943 63.2712 57.6254 40.4797 22.7059 92.126 67.3374 29.7039 91.0043 48.2673 97.2044 61.7279 95.8718 82.7436 47.598 68.2552 52.4585 55.0455 106.483 91.5796 66.9108 43.1885 24.3559 46.9294 63.8546 104.388 19.4031 33.2962 55.1294 27.1647 75.2734 81.3354 65.627 56.4588 45.5581 69.9475 24.11 71.9576 32.9619 68.7867 90.7838 62.3238 25.2606 49.9842 3.58469 83.2904 42.6719 57.9719 73.6098 67.8941 40.1204 19.6543 44.4416 25.1078 
70.8363 75.5066 32.0214 18.5586 25.2539 57.9124 62.8182 39.7316 46.664 36.5876 77.0611 42.7481 28.3651 43.0465 73.7629 6.86586 24.2887 10.7703 84.3976 86.6585 76.0124 20.9423 66.2942 39.1472 37.893 27.1312 70.9801 35.0561 51.1786 59.9001 47.8093 56.5279 47.111 61.5877 19.8295 15.6707 34.4804 30.9386 31.6891 34.0708 54.6824 36.3325 49.2123 59.6913 17.2131 51.0053 50.7427 67.9854 16.7287 53.4817 13.4373 50.3224 46.1736 21.3638 29.7424 
16.2641 41.653 30.1942 41.7354 73.814 48.5956 32.8976 24.3282 37.2361 79.9 43.1045 82.9873 33.3305 70.9717 16.6412 57.5256 44.2109 68.1535 46.8028 39.8016 24.7073 46.87 34.9654 74.0316 24.1698 36.2861 45.653 58.4377 34.4768 15.3062 83.3326 13.5093 33.0341 4.61411 39.9326 68.2663 33.3952 53.6554 39.3611 37.9057 7.30068 77.5596 9.8656 47.4562 41.9005 65.9024 31.6708 37.4144 75.3011 14.5798 64.297 27.1831 47.2705 39.697 60.5112 
39.4635 33.86 27.5986 31.8925 53.2989 28.6398 49.4065 27.6957 15.0479 73.8221 35.5203 78.4115 28.4529 70.1944 39.7454 40.6341 39.5779 51.2762 42.1228 62.4109 47.6598 40.6208 24.5204 51.2372 7.66094 31.7907 62.1933 35.4249 14.4125 16.4149 60.3195 31.3651 41.8019 23.0326 29.8402 49.4872 34.1369 30.9944 38.7769 15.2778 24.6854 72.1649 18.3831 28.3933 27.8887 42.8599 42.6358 26.7755 58.8151 30.0167 53.5628 8.38153 24.5204 22.9002 38.1371 
25.3298 79.2526 52.3883 65.5735 105.101 88.925 22.0484 44.9678 77.0211 88.7144 80.449 88.8699 55.9035 73.146 28.4164 85.4365 60.9944 94.58 82.1005 5.22015 16.8514 64.5963 74.1939 109.746 60.2934 56.7789 22.546 95.2494 74.7062 54.9676 119.503 31.4111 37.8144 43.0443 64.7148 97.3598 49.5104 89.8386 53.3646 75.0067 37.58 85.7282 44.1367 87.7903 69.9546 104.985 33.9559 76.4924 100.335 33.6091 82.9714 67.376 86.7674 70.9705 95.7967 
85.3353 75.2354 49.8186 37.4037 3.11448 52.5179 82.1416 57.0812 46.2031 54.6206 76.5506 61.1138 46.4814 64.4002 87.2968 17.5727 45.6355 14.3283 84.1457 104.134 91.8229 42.6005 67.0774 19.2634 47.1103 46.3797 91.5478 23.8657 51.5912 67.2241 26.3919 72.2669 67.1018 72.4754 37.7943 6.96348 54.0374 23.5648 52.4948 36.2552 68.6331 55.2204 62.2088 54.9353 32.0975 37.1203 70.446 68.0664 17.7553 69.4606 33.5753 53.8713 40.9255 31.8127 17.4187 
69.3745 74.7407 30.5138 17.0511 26.4802 57.5407 61.3013 38.2251 46.0449 36.494 76.3053 42.5699 26.8555 42.3212 72.3279 7.30068 22.832 12.2801 83.6086 85.1374 74.5161 19.5167 65.4941 39.9722 36.7462 25.6082 69.5018 35.2955 50.4723 58.7553 48.764 55.0436 45.6032 60.2685 18.3469 16.9614 32.9597 30.9968 30.2026 33.4117 53.2541 36.1122 47.8302 59.268 15.9452 51.272 49.2295 67.2216 18.2222 51.9939 13.2966 49.4289 45.8737 20.3482 30.1597 
8.66487 56.0108 31.3536 44.69 81.6854 62.9076 19.5226 23.7356 50.7351 77.2653 57.4003 79.2738 35.0069 65.4671 13.2593 63.274 43.5839 73.3219 60.4948 26.6625 13.0924 46.8837 49.6695 84.5224 34.4398 37.0195 31.6639 69.5696 48.5684 30.0193 94.1523 6.62873 25.3308 18.422 43.3263 74.8575 31.4306 64.3281 36.95 49.1076 11.3358 74.5985 18.0325 61.9155 47.2827 78.7467 22.5601 52.0999 79.883 9.68762 65.5172 41.2335 60.4723 46.9707 70.644 
34.8827 34.8794 25.9856 32.2025 56.8516 32.5498 45.356 24.9147 19.4178 73.9032 36.5409 78.206 27.4007 69.1527 35.2575 43.0409 38.8742 53.776 42.6645 57.8236 43.0633 40.3053 25.8213 55.5446 8.228 30.8026 58.2244 39.8152 18.1033 13.7928 64.7213 26.97 38.6679 18.7385 30.1438 52.5095 32.1459 35.223 37.2003 19.434 20.1718 72.0875 14.0389 32.0751 29.2159 47.4523 39.2005 28.2312 61.2595 25.7769 54.5133 11.2071 29.063 24.9369 42.2664 
54.9459 76.286 17.254 12.3471 48.3257 65.722 41.3011 23.4386 51.7936 32.7341 77.9475 36.4907 14.6986 28.1149 58.8778 27.8692 3.13847 33.9165 84.4126 66.562 58.2031 2.88617 66.9481 59.9437 34.7697 11.36 48.0817 51.3391 54.5162 54.1133 69.3382 40.1966 25.3728 51.1766 13.9463 38.9513 15.0083 45.8926 9.88585 40.2866 41.0946 30.6007 37.8613 66.6753 19.8252 66.7027 29.2166 69.1741 38.2873 37.1465 19.8285 50.5372 55.756 25.8519 47.9009 
57.649 57.0629 23.7124 14.8637 30.6341 41.0078 56.0029 30.2538 28.6175 52.2067 58.6315 57.753 20.9955 53.7584 59.7369 14.5344 25.4772 25.2517 65.9267 76.7294 64.14 24.1033 47.8127 36.08 20.5477 22.1894 66.6127 24.8387 32.8536 42.2238 45.9234 44.6319 42.1284 45.5923 13.9284 24.5231 29.3437 19.2003 29.9541 15.9552 40.9518 51.2299 34.6113 42.4747 7.21803 39.8453 44.9952 49.5452 32.7515 41.8836 29.7431 31.8291 29.9341 4.11096 22.5743 
10.469 60.4239 32.6725 46.1307 84.1215 67.1658 15.7471 24.9596 54.7943 76.6416 61.8052 78.3001 36.3373 64.0252 15.4858 65.2396 44.0018 75.0457 64.8069 23.3403 11.5156 47.427 54.1097 87.6762 37.9033 38.0147 27.4634 72.9496 52.783 34.4581 97.3725 9.10494 23.9585 22.8493 44.9169 76.972 31.8057 67.6096 36.9846 52.6156 15.2322 73.8922 21.7083 66.2197 49.3401 82.5671 20.7509 56.5406 81.3969 11.6846 66.1636 45.4542 64.4287 49.5275 73.7518 
47.4709 17.4413 44.8092 48.353 61.2148 17.3971 63.3456 44.3086 13.2371 90.1399 19.0434 95.0007 45.6606 87.333 45.9308 53.2977 56.646 63.287 26.2619 71.4413 56.1883 57.4718 8.15414 53.9912 24.7825 48.9781 76.3207 38.5064 7.80897 17.6491 61.5111 43.9969 57.9871 29.4279 46.3441 59.8411 51.2657 36.2802 56.0022 24.4199 36.7349 88.6539 32.0306 15.7201 43.2759 39.1051 58.3175 9.97046 70.7791 43.5543 68.8959 8.90674 21.4767 37.4219 43.4578 
76.3273 48.9401 52.6339 46.0541 30.9613 23.9852 82.7162 57.3362 24.4624 79.1624 49.961 85.3285 50.7963 83.9447 76.5405 35.7393 56.674 41.1947 57.3331 98.9315 84.4233 55.1871 42.5206 18.2214 38.1072 52.7031 94.6177 7.57694 29.3157 50.312 25.088 66.9669 70.9975 59.5836 44.9961 34.64 59.1346 12.2066 60.7421 23.461 60.9606 78.8914 54.2687 26.6543 38.4012 8.70057 73.2149 42.7057 47.1615 65.0007 56.0161 34.9276 14.9466 33.1368 13.7568 
56.5662 39.2227 35.3276 32.5498 38.7738 21.2876 63.5106 38.8012 9.75295 71.9651 40.671 77.4796 34.321 72.654 56.9956 31.6413 42.7454 41.0742 48.2121 79.0607 64.585 42.3019 30.5491 34.2113 18.4166 36.9135 75.7552 18.2779 14.9345 32.1442 43.1129 47.1645 52.94 40.2505 30.9128 37.2336 42.174 14.4392 45.001 4.7 41.0903 70.9627 34.4073 22.7178 25.5738 26.7367 54.7439 31.8071 48.4679 45.2902 49.3803 17.4485 11.0223 19.2317 21.7807 
44.3353 51.1892 13.8654 14.4257 43.9386 41.0903 44.2652 18.4716 26.8002 56.3565 52.8411 61.001 12.9314 53.4879 46.5099 26.7421 22.7759 37.4021 59.5668 63.7075 50.8615 23.3808 41.7938 47.8023 10 15.807 55.7374 34.2808 29.1405 31.6484 57.6303 31.4312 31.9776 33.0438 12.3746 37.6384 20.677 28.5748 23.7217 16.8315 27.6442 54.7219 21.3965 41.7647 11.4756 47.067 34.2184 43.942 44.6405 28.7689 36.4664 25.2606 32.4302 9.21141 33.8723 
60.4901 71.4228 21.2132 8.01561 35.3278 57.1545 51.5414 28.9014 44.2109 36.342 73.0458 41.6573 17.5514 37.7737 63.702 14.7299 13.3959 22.0411 80.055 75.519 65.2511 10.4101 62.0249 46.845 31.1006 15.9703 59.8459 39.2046 47.9153 52.7266 56.1729 45.9514 35.8491 52.754 9.76729 26.163 23.2166 34.053 20.538 31.7448 44.7644 35.1605 39.8339 58.5103 10.7713 54.9524 39.4681 63.9941 27.7016 42.8696 15.3183 45.5132 46.2018 16.9499 35.2165 
59.5552 15.6259 55.7197 57.3266 62.357 9.70206 75.8489 56.0389 17.78 98.3108 16.5076 103.565 56.1001 97.1796 57.6657 58.5226 66.4959 67.5663 23.816 83.5103 68.2719 66.8588 12.0615 51.7357 35.4158 59.2839 88.8217 37.9179 14.5962 29.7015 57.7055 56.5279 69.9861 41.616 55.4239 62.9229 62.4079 37.5659 66.7428 30.4095 49.2666 97.1004 44.4627 7.00643 51.2821 33.353 70.512 10.8784 74.7773 56.0515 76.1052 20.1896 20.1693 45.025 43.9182 
37.4001 34.9185 26.1358 31.2815 54.5011 30.7903 47.2017 25.8118 17.2812 73.1498 36.5826 77.6091 27.2208 69.0192 37.8114 41.1306 38.5203 51.8348 42.9829 60.2438 45.5397 39.7373 25.6759 52.9967 6.92026 30.5949 60.0051 37.2602 16.4779 15.6349 62.1662 29.1302 39.8246 21.272 29.2205 50.3526 32.5443 32.6841 37.353 16.9 22.4715 71.4183 16.1474 30.4792 27.7737 45.0241 40.571 28.0059 59.3466 27.7849 53.297 10.0623 26.7367 23.1521 39.7472 
7.0214 47.4979 41.2317 53.7894 87.3066 59.4607 32.3989 34.2462 49.5036 89.4687 48.6763 91.8769 44.6912 78.5493 3.68917 70.6135 54.6452 81.1382 50.467 29.8216 14.9282 57.671 42.9111 87.4443 37.7115 47.2705 43.5295 71.7541 46.0566 24.6223 96.6603 18.071 38.6063 13.5591 52.1311 81.5724 42.8805 67.0835 48.7155 51.3024 17.0423 86.9154 22.5869 57.9525 54.7851 78.4103 36.0436 45.1054 88.1477 20.8655 75.8317 39.0387 59.6607 53.0103 73.999 
45.0126 48.8723 16.5747 16.6964 43.2297 38.2832 46.3366 20.7183 24.0142 58.5773 50.517 63.3455 15.7458 56.1413 46.9086 27.0313 25.4615 37.7763 57.3464 65.0526 51.8531 25.9139 39.4635 46.1069 8.33847 18.6132 58.0149 32.1602 26.4764 30.331 55.8917 32.6443 34.4819 32.7185 14.682 37.4489 23.4233 26.5189 26.5377 14.1057 28.3233 57.0202 21.8197 38.9782 12.6625 44.5499 36.5919 41.5616 45.1453 30.1204 38.1918 22.8974 29.6488 8.91403 32.1552 
95.8188 66.4536 68.9123 59.8385 29.2015 41.1692 100.381 74.5735 44.236 85.2406 67.2441 91.7098 66.485 93.6144 96.2106 44.1118 70.0061 44.8786 74.2195 118.027 103.762 67.7747 61.1337 11.6211 56.9453 67.7529 111.717 21.9659 48.932 70.1294 8.19878 85.7723 87.4662 79.3254 59.29 37.3551 74.877 27.5661 75.3704 42.2641 80.1057 85.6675 73.3485 43.842 52.5224 17.5183 90.0869 60.9594 48.316 83.6035 63.3256 54.742 34.428 48.6033 23.0413 
54.9015 14.0801 70.0298 76.4933 90.6353 39.302 78.3181 67.0671 42.9317 118.373 13.1004 122.755 71.826 113.321 50.9192 83.3471 83.3783 93.3906 6.53911 76.2607 62.5051 84.8539 22.0617 81.2287 52.1199 75.231 90.5681 66.8231 37.6782 33.1485 87.3002 59.4542 78.4873 41.4638 74.4339 89.8408 75.5149 65.5515 81.0432 54.5162 53.0769 116.613 51.7847 36.6012 72.3802 62.7976 77.5243 20.948 100.882 60.5367 98.1201 37.6927 48.9265 66.8985 72.428 
77.4247 67.9651 42.8155 31.1002 10.824 46.1395 75.2644 49.8478 38.6747 54.5514 69.3312 60.9295 39.6406 62.1514 79.2879 12.7883 40.2336 15.2118 76.9231 96.6431 84.0636 37.5257 59.5778 20.0823 38.9882 39.9112 85.1621 18.6207 44.0028 59.1069 29.0849 64.5786 60.604 64.3479 31.1931 8.85268 47.5279 16.8107 46.6004 28.2492 60.7253 54.6996 54.2388 48.4257 25.0338 33.6859 63.7967 60.6862 21.3038 61.8295 32.0306 45.9341 34.2841 24.0169 12.2642 
59.8141 12.4868 72.0884 77.5867 88.8978 36.3189 82.5258 69.7132 41.924 119.515 11.0059 124.13 73.6202 115.353 56.0357 82.9781 85.0527 92.7302 3.60694 81.678 67.65 86.2951 21.7083 78.4857 53.3401 77.0208 94.976 64.6574 36.9424 36.0451 84.043 63.3537 81.7309 45.407 75.5414 88.7471 77.881 63.8928 83.2339 54.0638 56.7081 117.886 54.7883 33.6363 72.9638 59.3216 81.0104 19.9972 100.144 64.2067 98.6601 38.1477 46.7898 67.2217 70.5216 
58.698 4.83322 63.8193 67.7027 76.2992 23.5325 78.7869 62.5873 30.0629 109.423 4.17253 114.342 64.8726 106.622 55.7459 71.3238 75.9701 80.7845 10.0045 81.9909 67.1431 76.837 12.1264 65.6967 44.0583 68.2191 91.6289 51.9432 25.4876 30.8585 71.3511 59.1977 75.6477 42.0576 65.7001 76.4944 70.0803 51.3802 75.0435 42.5607 52.0862 107.979 48.7943 20.8471 62.4375 46.7039 75.4852 9.70824 88.1165 59.4564 87.8941 28.2349 34.1252 56.4316 57.8835 
75.2091 65.1627 41.3192 30.0987 13.2834 43.4815 73.7653 48.1798 35.8603 55.8707 66.5331 62.1885 38.2598 62.7214 76.9708 13.1244 39.6244 17.3104 74.1237 94.7439 81.9752 37.0941 56.7631 20.0192 36.5268 38.7475 83.9181 16.4305 41.1869 56.4256 29.4272 62.562 59.3448 61.86 30.0167 11.4621 46.3039 14.1651 45.7083 25.4867 58.5239 55.8793 51.9802 45.7395 23.6241 31.8849 62.4465 57.8769 23.7626 59.8602 33.0553 43.1519 31.5919 22.0204 10.3247 
68.6476 32.7185 54.0626 51.5598 47.0473 7.4 80.0885 56.7067 15.7582 89.6666 33.6013 95.448 53.3094 91.5219 67.8405 47.2382 61.8496 54.8293 40.8104 92.3275 77.2219 61.2945 27.4898 34.8891 35.2955 55.9915 92.7548 22.366 18.1571 39.8207 40.6044 62.1203 71.0211 50.7947 49.9808 49.1717 60.9555 23.6907 64.0488 23.8019 55.2598 88.9181 49.1636 10.1005 44.3633 16.4685 72.444 27.1627 61.5417 60.8217 66.6247 25.36 8.13941 38.1064 28.7903 
79.7161 90.8204 40.4623 28.3805 35.137 73.8848 66.7488 47.7821 62.367 21.8215 92.4048 28.2781 36.9818 32.8824 83.2948 22.4662 28.1114 18.6003 99.6266 92.1811 83.5733 24.6343 81.5081 51.8117 51.5353 34.5058 72.3747 50.3607 66.6888 73.3224 59.276 64.9604 50.8932 73.2548 30.2952 26.1094 40.2657 46.6451 35.513 49.7109 64.6777 22.311 60.1752 75.6372 30.6297 66.1272 54.7537 83.3142 17.7792 61.8634 5.9 65.2283 62.1576 36.0203 44.5892 
34.4071 59.4577 5.09902 18.554 57.6095 55.0004 28.1517 2.62488 40.6177 53.8177 61.1072 56.9959 8.76641 45.7739 37.9676 37.9812 18.2497 47.529 66.7803 49.855 38.9525 21.1747 50.5835 63.7248 20.6022 10.8374 39.2623 50.7326 41.4135 34.723 73.584 19.7162 15.632 30.0962 17.3954 49.8648 7.73369 44.9979 13.5281 32.7983 19.7649 51.4884 16.9452 55.1567 22.4415 63.4521 17.7124 53.0212 53.8199 16.6193 39.4645 35.5225 47.8729 24.2095 49.9139 
52.0247 87.9755 28.2931 32.4785 69.9203 82.4491 29.8171 28.8106 68.0331 37.8338 89.6177 37.9179 28.6211 22.5568 56.857 49.5892 22.1109 54.8523 95.0781 55.459 51.9234 24.5522 79.1692 81.5807 48.5412 26.0233 31.1642 72.1084 69.5041 62.5633 91.0412 39.3137 18.4505 55.5989 33.3793 60.4268 21.5195 66.4783 17.9045 58.2001 43.7659 34.8144 43.9063 82.9026 40.0704 86.9186 21.1152 81.6128 58.1629 37.0527 37.6703 63.9832 73.9024 45.2836 69.1909 
51.0529 82.6027 21.9829 24.8395 62.4501 75.6897 31.8077 24.067 61.3313 35.5439 84.2589 36.9381 21.7348 23.3431 55.6386 42.0195 14.4222 47.68 90.0419 57.807 52.2422 16.9198 73.5942 73.8999 42.2538 18.868 35.8776 64.4829 63.1219 57.9379 83.377 37.2508 17.4451 52.1276 25.8118 53.0212 15.6589 58.8743 10.9444 51.0662 40.6007 32.6933 39.6551 76.2696 32.4575 79.394 20.9848 75.9908 51.3982 34.6152 31.35 57.96 66.7816 37.8017 61.5081 
53.8781 67.1591 14.6328 1.66433 40.1005 54.8689 45.6228 22.3376 41.234 40.3091 68.8044 45.0729 10.9659 38.8666 57.1071 19.5256 9.94636 28.1149 75.6017 69.1714 58.6837 8.58429 57.7509 49.8198 26.021 9.70618 54.5678 40.2492 44.3928 47.1123 59.4427 39.3468 30.206 46.4691 3.72022 31.4201 17.2514 34.7196 15.6605 29.3164 38.2027 38.7332 33.4201 55.963 8.51469 55.4593 33.6786 59.8445 34.1353 36.2679 21.1625 41.1851 44.6055 14.6322 37.1892 
91.9405 82.4738 55.4813 42.5738 5.88303 59.4348 87.5042 62.9321 53.5322 53.9129 83.7705 60.3988 52.0159 65.5049 94.0608 22.4956 49.8655 15.6247 91.3622 110.149 98.2024 46.5997 74.3888 22.8974 54.1503 51.5644 96.3606 30.5761 58.9293 74.5043 27.7723 78.5863 72.14 79.5108 43.2187 10.5394 59.1822 30.769 57.0748 43.6033 75.257 54.9097 68.9377 61.9022 38.0237 42.6433 75.6191 75.3441 15.632 75.7154 34.8369 61.2354 47.993 38.4338 24.287 
57.0846 83.6915 23.1249 21.1946 55.7215 74.2873 39.5828 27.4935 60.2103 28.8434 85.3558 31.2463 21.5604 20.2467 61.437 35.7302 10.8669 40.3555 91.5684 65.5222 59.0689 11.7154 74.449 68.2739 42.3784 18.197 44.0855 60.1631 62.6616 60.3511 77.5118 42.7286 24.4524 55.9866 22.6874 46.1417 18.4253 54.7537 12.4808 48.974 45.0188 26.2057 42.9337 75.1475 28.7211 75.5858 28.2144 76.7477 43.6094 39.8648 23.2699 58.2533 64.5273 34.6978 56.5608 
61.1191 86.2986 26.2452 22.3486 54.1128 75.8631 43.6327 31.1448 61.9852 24.8284 87.9619 27.5187 24.2887 17.9109 65.4331 34.6655 12.9004 38.2753 94.3231 69.5932 63.1805 12.596 76.9925 67.4633 44.8232 20.883 47.7671 60.2519 64.7158 63.5007 76.4956 46.6999 28.5701 59.5756 24.0651 44.4568 22.0912 55 16.1245 50.3724 48.7791 22.2569 46.4221 76.8503 29.561 75.9016 32.3262 79.2456 40.9552 43.8056 20.2633 60.6447 65.7343 35.761 56.2755 
56.5107 71.9467 17.1572 6.38905 41.2029 59.5716 46.0679 24.6033 46.0197 35.5692 73.5942 40.2616 13.6624 34.2584 60.0004 20.5801 7.51665 27.6796 80.3592 70.4577 60.7705 4.74342 62.5412 52.3483 30.7044 11.3111 54.0631 43.8316 49.2164 51.5102 61.7836 41.8019 30.2557 50.2558 8.422 32.0339 17.9627 38.452 14.7635 34.0026 41.3628 33.9413 37.0401 60.7076 12.9031 59.319 33.9438 64.6469 32.9188 38.7021 17.4951 45.9793 49.1504 19.1971 40.2881 
52.1982 21.6453 44.6025 46.322 55.5195 12.2188 66.1346 45.2134 7.82943 87.6037 23.0887 92.7373 44.9361 86.0598 51.069 49.023 55.3586 58.6441 30.6341 76.0796 60.8664 55.7883 13.2774 47.6518 24.3074 48.1175 79.0555 32.3187 3.44384 22.858 55.0718 47.223 59.3142 34.1784 44.3921 54.7292 51.3277 30.4587 55.5925 20.2299 40.0676 86.3023 34.6439 11.2641 40.5216 32.7361 60.0521 14.2804 66.0497 46.3985 65.7222 9.78621 15.0443 34.3651 37.5055 
52.3689 14.6414 68.4202 75.2475 90.5647 39.9606 75.9627 65.2442 42.6808 117.062 13.9262 121.351 70.3143 111.676 48.3414 82.6904 81.8952 92.8433 8.40238 73.621 59.9164 83.4589 21.7862 81.6354 50.8842 73.7153 88.15 66.9914 37.3472 31.3423 87.9446 57.2098 76.4391 39.2379 73.1861 89.4859 73.782 65.4941 79.368 53.9676 50.9309 115.253 49.8623 37.271 71.3474 63.5932 75.3956 20.9614 100.359 58.3658 97.0668 36.8513 49.1435 65.9849 72.4652 
59.8506 12.8456 58.0983 60.1985 65.7392 12.7769 77.1093 58.0675 20.9124 101.365 13.5447 106.561 58.6285 99.9124 57.6945 61.8361 69.1978 70.9346 20.662 83.7342 68.5412 69.6656 11.2606 54.9307 37.8217 61.8561 90.0832 41.268 17.3185 30.1811 60.7053 57.6514 71.858 42.0933 58.2715 66.319 64.7112 40.9649 69.1948 33.5753 50.3829 100.111 45.907 10.0841 54.2996 36.1865 72.2281 9.47945 78.1584 57.3468 79.2669 22.2463 23.5567 48.08 47.2966 
77.4665 95.6831 39.773 30.4095 46.6978 81.1032 61.1569 46.1736 68.5073 12.0934 97.3153 17.9622 36.8057 21.2132 81.5177 31.7052 25.8105 30.0167 104.235 87.0933 80.1706 23.1262 86.2744 62.9007 54.7759 33.7001 64.9888 59.8833 72.2806 75.6345 70.7181 62.7809 45.9004 73.6848 32.4711 37.4204 37.5694 55.5932 31.9312 55.9473 63.8238 11.4983 60.3583 82.5955 35.1336 75.8426 49.7081 88.2878 29.5447 59.7629 11.414 69.7213 69.7782 41.2835 54.5433 
64.2795 15.1611 62.0613 63.607 66.7261 13.1484 81.5738 62.2685 23.914 104.432 15.4146 109.745 62.4568 103.509 62.0556 64.1412 72.8358 72.8871 21.6816 88.1385 72.9609 73.1665 15.5193 54.8894 41.758 65.6403 94.5487 42.0595 20.9504 34.6562 60.0257 62.1303 76.1412 46.5611 61.7171 67.9272 68.7346 42.3595 73.0953 36.4446 54.8614 103.267 50.3287 10.7378 57.4625 35.2512 76.5755 13.5074 79.9801 61.8026 82.0864 26.4047 24.8783 51.1744 48.3011 
49.0486 78.4297 17.6477 20.5934 59.0699 71.1848 31.8277 20.4355 56.8356 36.9088 80.089 39.0083 17.2386 26.5279 53.4619 38.4896 10.4809 44.8068 85.9782 57.6534 50.948 13.4183 69.3638 69.9638 37.8541 14.3503 37.4626 60.1973 58.6805 54.0882 79.5178 34.8174 16.4012 48.8215 21.456 49.7749 11.64 54.5587 6.4846 46.552 37.5373 34.2161 36.0636 71.7798 28.1585 75.0025 20.2062 71.7432 49.0153 32.0206 29.6623 53.6113 62.2676 33.3781 57.3791 
80.5105 88.1082 41.1122 28.211 29.4822 70.1128 69.2243 48.6806 59.2112 27.3359 89.6621 33.8213 37.5012 38.3693 83.8373 18.3221 30.0137 13.0384 96.9981 94.2497 84.8892 26.417 78.8926 46.3001 49.9892 35.4189 75.6419 45.5817 63.7709 71.969 53.6411 65.8595 53.2846 72.8179 29.9421 20.5623 41.8524 42.19 37.6431 46.6495 64.9492 27.9458 60.0051 71.9831 29.0147 61.1871 57.112 80.587 12.3665 62.7625 8.80909 62.8727 58.258 33.7765 39.6274 
66.5009 97.0341 36.2221 34.4193 64.925 87.7763 45.2637 39.5324 73.7461 22.8355 98.6978 22.4511 34.9824 7.57166 71.1827 46.265 24.3813 48.5556 104.783 70.9233 67.047 24.6951 87.8415 79.1046 55.8581 31.6628 45.9831 72.4177 76.2155 73.1391 87.9163 52.9589 32.6497 67.8258 36.0411 55.2552 30.7065 67.206 25.1008 62.3802 56.3653 19.7773 55.1632 88.6721 41.7481 88.1111 35.8398 90.1648 50.009 50.3698 29.3232 71.7354 77.8412 47.8968 68.3005 
