60 60 12
777 335 649 27 763 426 211 429 862 135 22 167 11 373 784 324 413 980 862 281 84 505 313 895 814 364 87 178 403 399 676 12 94 570 467 902 652 280 865 619 31 771 709 856 586 683 528 829 270 715 796 245 921 488 841 500 124 856 227 936 
43.2 55.1 43.7 22.8 27.5 40.7 47.4 12.1 85.8 39.5 2.9 23.7 
3 8 0 4 5 4 0 9 8 11 4 6 2 2 1 4 2 3 4 10 1 5 4 5 6 9 0 11 8 11 1 3 11 9 2 2 10 6 9 6 4 9 6 9 1 7 7 11 11 10 10 1 4 2 2 2 2 2 3 7 
41560.1 12453.5 52146.4 58849 76595.7 30817.7 62639 49358.5 28821 100643 13693.8 104939 53948.5 95442.2 38546.7 67077.3 65512.4 77447.9 17202.9 64793 49959.3 67043.3 10358.6 69694.5 34503.6 57352.6 75307.6 54220.8 23405.3 15575.6 77063.9 43228 61262.8 25503.9 56787.4 74612.7 57693.3 51832.2 63180.5 38819.1 36404.7 98834.1 34321 28452.9 55121.8 54011.9 60589.8 11610.3 85000.1 43900.5 80794.2 21189.6 37080.7 49936.5 59071.2 76607.7 76091.9 20785.1 33080.1 42995.9 
90731.7 109887 53889.7 44775.6 54910.2 94495 72558 59980.1 82321.4 5946.43 111511 10290.3 51041.6 24026 94960.4 43612.5 39807.7 39126.6 118491 98537 92824.6 37347.2 100485 72288.7 69128.6 47864.9 74573.5 71585.6 86276 90006.3 79052 76197.7 58096 87833.5 46837 46600.4 51150.5 67813.6 45315.4 69685.4 77700.3 8984.43 74507.7 96114.1 49221.9 87333.2 61769.3 102461 36008.9 73241.7 24052.7 83955.3 82934.3 55242 65782.2 27563.2 76084.8 124379 76837.5 87657.7 
18280 38637.4 31797 42785.5 73485.4 46185 35923.4 26382.2 35288.1 81701.7 40084.4 84952.3 34770.1 73237.8 17920.1 57805.5 45894.7 68500.7 43787.9 42104.8 26903 48415.3 32046.5 72985.5 23700.2 37842.8 48669.5 57257.4 32240.5 12396.8 82162.3 16519.7 35764.4 2147.09 40918.1 68280.7 35440.1 52645.4 41385.3 36854.3 10064.8 79422 11182.6 44953.9 42420.9 64109 34525.9 34481.9 75744.6 17477.1 65486.6 25020 45399.8 39785 59626.3 60986.1 49514.5 43902.8 35640 18380.7 
13685.4 47295.2 27693 40160.3 74607.3 53199.4 27234.2 20985.9 41135.1 76603.9 48756.2 79363.8 31104.5 66780 15754.4 57276.6 41331.9 67710.6 52466.1 35891.2 21281 44247.6 40443.2 76139.1 25854.4 33766.4 40021.1 60860 38867.2 20819.5 85634.7 7874.64 28003.2 10119.3 38510.5 68448.5 29885.9 55804.4 35823.6 40283.6 3413.21 74150.7 9585.41 52218 41354.1 69378.2 26362.3 42912.1 74641.5 9300.54 62257.9 31531.7 50966 40000 62391.2 57753.7 40900.1 52155.2 40494.9 12369.3 
32003.9 42083 19000 27060.1 56772.6 39357.3 38840.2 17441.6 25556.2 68025.4 43737.5 72025.6 20862.6 62301.3 33415.3 40800.1 32469.2 51514 49599.7 53621.3 39503.2 34266.7 33165.2 57800.1 7521.3 24253.9 51552 42638 25096.6 18620.7 67331.4 21584.5 31264 18900.3 25059.9 51288.4 24867 37489.9 30121.3 22146.1 15726.7 66054.7 8949.86 39095 25630.1 52185.2 31950.7 35604.1 58804.3 19825.2 49804.9 18538.9 34480.3 22763.6 44040.9 45377.6 52818.6 53529.2 23505.3 30649.3 
52541.9 2731.3 61204.6 66424.8 78859.2 27886.9 73657.9 59185.9 31277.5 108350 2968.16 112992 62623.1 104401 49344.7 72047.8 74001.7 81939.8 7569.02 75527.5 60848.2 75183.3 10623.1 69559 42215.3 66017 86368.1 55043.6 26117.4 26096.9 75851.7 54179.1 71659.5 36572.4 64381.7 78208.1 67145 53776.7 72391.5 43139.4 47245.8 106734 44651.8 25205.2 61796 51562.1 71194.2 9211.41 89398.1 54717.1 87501.8 26974.2 37155.5 56082.3 60638.3 83518.9 87167.4 16929.6 36448.6 54055.7 
60026.2 48094.2 32608.7 26709.2 31000.6 29306.1 63320.2 37630.3 18643.2 64064.7 49555 69778.2 30756.1 66099.6 61138.3 22812.7 37300.1 32175.8 57082.4 81329.8 67514.8 36250.5 39314.6 29763.4 20545.6 32751.5 74912.3 15181.9 23711.8 38677.4 39372.2 48918.3 51042.4 45130.6 25415.9 28557.5 39085.8 9616.65 40839.7 7500.67 43715.4 63247.5 36943.9 31036.3 19166.9 28407.4 53384.1 40651.9 39588.5 46617.7 41170.9 25144.8 17801.1 13337.5 16017.8 38107.7 76402.9 65802.7 13382.5 58688.1 
54521.2 20301 73210.5 80496.7 96410.5 45608.9 78906.6 69673.7 48516.1 122208 19437.1 126381 75244.7 116358 50194.1 88385.7 86849.3 98585.3 12903.5 74700 61610.5 88526.8 27627.9 87406.2 56180.6 78634.9 90796 72820.4 43172.3 35961.1 93612 60617.7 80348.1 42811.8 78435.5 95292 78359.2 71340.5 84034.9 59723.4 54664.2 120341 54142.1 42911.7 76801.6 69166.8 79094.1 26797.8 106110 61995.6 102486 42487.6 54960.5 71535.5 78309.2 98300.5 91296.9 948.683 53413.6 56874.7 
55014.2 36594.1 35767.7 33962.9 41440.3 19593.1 62991.8 38734.2 7156.12 73946.5 38055.2 79374.2 35028 74127.1 55252.6 34120.4 43952.7 43672.6 45582.7 77782.1 63156.1 43704.9 27872.9 36429.7 17761.2 37771.9 75392.3 20460 12256 29853 45146.5 46150.4 52985.4 38372 32240.5 39911.5 42656.8 16949.9 45791.9 5993.33 39861 72870.1 33267 20800.2 27240.6 27600.7 54616.1 29159.6 51088.3 44415 51521.8 14934.5 10473.8 20886.6 24290.9 48081 76754 54454.6 2100 54240.7 
40152 51677.9 10423.5 15339.5 48332.2 43792.4 39660.2 13967.1 29364.1 56684.5 53341.4 60952.8 10610.4 52307.2 42563 30464.7 21740.7 40958.5 59752.2 59110.8 46443.6 23051.7 42383.5 52470.4 10285.9 13911.9 51265 38839.8 30988.5 30157.3 62296.5 26922.9 27796.6 30002.8 13333 41704.3 17314.2 33160.2 21208.5 20646.1 23537.2 54839.1 17623 44225.9 14616.8 51271.2 29843.9 44659.8 48017.6 24200.2 38078.9 26163 35922.1 13647.3 38537.9 33650.6 52741 64646.7 25312.6 38108.4 
41896.1 24145.6 37151.7 41465.6 58604.6 22631.2 56060.1 36521 12745.6 83386.6 25803.1 88063.3 38153.4 79919.6 40992.8 48400.4 49312.9 58771.6 32527.2 65721.3 50533.3 50325.7 14787.2 53649.2 17392.5 41504.7 69018.8 37724.4 8700 13257.5 61960.1 36942.4 50235.9 23957.7 39425.5 56087.9 43539.4 34439.8 48366.3 20321.4 29740.5 81784.7 24596.1 21617.8 36968.2 41454.1 50639.5 17047 66325.6 36269.1 62709.6 2607.68 22779.4 31484.1 41782.4 58653.7 70134.2 39162.5 15405.5 41931.5 
75689.7 77189.1 37251.8 23829.6 20155.6 58141.4 68359.2 44939.2 47917.6 38872.6 78698.5 45244.8 33620.4 47166.6 78451 6711.93 29910 5239.27 86148.5 92014.9 81104.6 26550.5 68145.5 35231.9 41323.7 32568.2 76600.6 33253.3 52736.5 63209.3 43424.6 61544.2 52692.5 65688.1 24932.3 10478.5 39994.1 29873.9 37304.8 35620.4 59357 39026.7 53653.7 60105.6 21414.9 48937.6 56304.6 69685.4 12001.7 58526.1 16530.3 52627.5 46219.6 24515.3 27386.5 16413.7 78260.2 94148 42490.9 73348.5 
45771 17893.3 43741.2 47694.2 61750.8 19037.1 61764.5 43026.5 13905.8 89552.9 19529 94339 44701 86437 44240.8 53276.8 55789.1 63378.5 26554.8 69741.3 54488.3 56707.1 8485.28 54960.5 23873 48040.2 74740.2 39361.5 8502.35 15953.1 62625.6 42382.1 56611.7 27728.1 45671.1 60117.3 50128.8 36922.1 54953.1 24501.8 35116.4 88019.6 30505.9 17402.6 42822.5 40473.4 56878.3 10580.2 70893.5 41981.5 68506.6 8105.55 22610.6 37075.7 44154.8 64550.1 75797.7 34279.4 18312 46188.9 
45096 49736.3 15849.3 15825.6 43119.5 39144.9 45922.1 20220 24891 57720.9 51382.2 62472.5 14921.5 55247.2 47081.4 26604.7 24569.3 37334.3 58196 64915.9 51835.3 25021.8 40328.8 46349.2 9033.83 17755.3 57515 32573 27370.8 30980.8 56153 32542.4 33873.3 33101.4 13805.8 37171.2 22673.6 26900.7 25703.1 14835.4 28395.2 56152.8 21964.1 39854 11977.5 45154.5 36045.7 42434.1 44670.6 29968.7 37420.4 23764.9 30427.8 8598.84 32400.6 33212.2 58996.9 64180.4 20280.5 43284.4 
54528.6 59858.8 18278.4 8628.44 34800.1 45802.4 50733.2 25350.5 32596 48000 61473 53235 15230.6 48176.9 57051.9 15984.1 19258.5 26468.3 68551.1 72418.9 60473.5 18100 50477.4 41935.8 20426.7 16075.1 60936.1 31119.4 36249.4 42419 51734.9 40838.3 36376.1 44116.2 7653.76 27459.1 23424.1 25478.8 23714.3 20259.6 37995.4 46761.5 32105.5 47047.2 1019.8 46061.4 39408.8 52404.7 33602.4 37938.1 26518.9 34033.1 35233.1 5366.56 28666.7 22559.5 62530.8 75171.3 27238.2 52362.2 
27721.8 59549.4 12492 25948 64936 58234.4 21587.3 4833.22 44149.4 58869.4 61159 61470.6 16140 48944.9 31653.3 45419.2 24324.9 54962.2 66204.8 42415.7 31693.1 27580.1 51178.9 70445 24313 17801.7 33518.1 56905.6 44082.8 33504.9 80290.5 12955.3 12453.5 26521.1 24836.5 57289.2 12297.2 51241 18095.3 37969.7 14962.6 56352.2 14759.7 58066.9 29793.5 68826.9 12965.3 53681.5 61195.5 9904.04 46206.9 37506.5 52307.2 31092.3 56546 41800.5 34929.2 67950.9 41282.6 24858.2 
73661 50160.2 48230 41184.7 27684.7 26016.3 78822.9 53237.6 23553.6 74219.2 51304 80361.7 46246.5 78911.1 74165.3 30802.9 51789 36669.9 58809.9 95852.6 81572.4 50236.4 43037.7 17738.7 34789.7 48036 90533.2 3047.95 28779.3 48821.5 26064.7 63655.3 66691.3 57405.3 40184.2 30386.3 54623.3 7202.78 56029.3 20086.3 57917.5 73913.8 51164.9 28570.1 33537.6 13717.9 69029.4 43513 42898.1 61553.3 51053.3 33583.6 15306.2 28448 9558.77 48961.2 92014.2 69335.4 20997.4 72661.5 
48259 28140 36793.5 38478.7 51207.1 18216.5 59808 37800.1 5234.5 79945.6 29706.1 84990.9 37034.2 78136.9 47835.8 42494.8 47430.5 52528.9 37030.4 71760.7 56738.9 47894.2 18952.8 45766.5 16560.5 40199.1 72617.7 29851 4494.44 20885.6 54098.1 41488 52031.1 30721 36530 49281.4 43568 26718.7 47721 13647.3 34577 78580 28578.7 18100.3 32897.7 34147.5 52996.7 20620.6 60037.5 40309.3 58343.6 5503.64 15391.2 26870.4 34047.6 54538.2 73848.5 45142.6 7705.84 47941.8 
57632.1 68947.3 18454.5 5100.98 36787 55358.6 49307.7 26163.3 42138 38592.4 70578.3 43710.4 14787.2 38874.7 60800.1 16122.7 12218.8 24334.3 77524.2 72988.3 62504.8 9823.44 59539.9 47349.1 28347.1 13473.7 57996.7 38758.4 45660.2 49868.8 56842 43139.3 33770 49794.1 6806.61 27899.3 20925.1 33415 18813.8 29829.2 41838.7 37258.7 36875.1 56618.1 8595.93 54302.3 37306.6 61550.1 30302.6 40065.6 18157.1 42994.2 44651.5 14937.5 35192.8 13823.2 59645 83608.6 36802.3 55095.6 
23771.6 31010.3 37873.7 47600.1 74685.3 41371.7 43785.2 33305.4 32368.2 87811.2 32400.2 91380.1 40493.1 80259.1 21858.6 60682.2 51948.1 71438.2 35830.9 47670.7 32461.7 54176.5 25152.5 72238 25703.1 43741.6 56430.9 56288 28386.3 6576.47 80994.4 24497.6 43573.6 6627.22 45625.7 70401.1 42240.4 52230.4 48100 36674.9 18002.5 85659.8 17678.2 39804.5 46083.4 61206.6 42464.7 27480.4 78862.4 25459.4 70379.6 21774.5 42494.8 42495.2 59465.1 65930.9 57219.8 36066.2 33932.9 24690.9 
34709.2 20359.3 51704.2 60144.6 81997.6 39071.7 57578.5 47724.7 35186.4 101300 21301.9 105170 54004.9 94580.4 31170.8 70685.9 65596.4 81301 22605.5 57229.7 42759.1 67540.6 18883.1 76462.1 36440.8 57350.2 69882.3 60703.2 29966.6 14702.7 84257.2 38776.9 58247.7 20825.5 58104.7 79158.2 56530.1 57758.5 62298.1 43593.2 32603.8 99283.9 32126.3 36814.4 57438.1 61839.2 57064.6 20297 88848.7 39993 82676.5 26009.4 44247.6 52879.7 65088.9 78334.2 70527.4 21386.2 38721.8 36549.4 
16269.3 59772.4 25276.9 38739.8 77151.1 63690.8 14800 17568.4 50584.6 69740.2 61256.6 71661.2 28936 57821.5 20902.2 58011.5 36603.4 67709.7 65058.8 30016.7 18959.4 40006.1 52604.7 81419.5 32423 30563.5 27735.4 67063 49206.5 33148.9 91187.7 4809.37 17702 22680.8 37571.3 69805.6 24401.8 61589 29695.3 47055.8 12020.4 67047 17216.9 63008.7 42192.2 77519.4 15081.4 55101.5 73998.5 5556.98 58734.1 41992 59824.8 42740.4 67468.5 54382.8 28736.7 64485.4 48882.9 13097.3 
43765.9 39618.4 24186.8 26004.8 46740.2 30054 50190.8 26189.5 15620.5 67825.8 41256.4 72652.1 24216.7 65338 44680.4 33600.1 34615.7 44244.9 48176.9 65773.2 51521.8 35213.2 30207.4 46017.9 4964.88 27354.2 62599.8 30600.7 17345.9 23334.3 55414.8 33712.5 40508.8 28652.7 24000 42573.5 31045.3 25640 34951.5 10026.5 27828.9 66310.3 21079.4 30434.5 21260.8 40196.6 41958.7 32268.4 51782 31805.7 47002.7 13647.3 23117.3 15965.6 32477.7 42943.8 63955.3 54696.3 12103.7 42625.1 
57142.4 43009.1 33084.7 29203.6 35745.3 25079.9 62425.6 37202.3 13591.2 68119.5 44478.9 73682.4 31753 69175.5 57911.8 27706.5 39568.3 37249 51995.5 79110.3 64922.3 38930.8 34207.2 32781.9 18032.5 34147.5 74416.5 17204.7 18607.5 34277.3 42060.9 46896.6 51110.1 41497.2 27662.2 33646.7 39831.8 12461.5 42274 3383.78 41205.9 67159.7 34439.8 26601.1 22020.4 27955.1 53139.9 35556.3 44680.4 44817.9 45465.7 20255.6 14236.9 15741 19616.3 42177.4 75853.8 60702.3 8276.47 56026.6 
13064.8 66993.3 45056.4 58516.1 96687.6 77050.6 20673.7 37356.3 65560 86756.8 68200.1 87808 48708.2 72779.2 16307.7 77776.4 55692.5 87505 69986.1 11370.1 4701.06 59203.5 61949.1 99940 49861.5 50197.7 27658.8 84994.4 62968.2 42819.3 109580 21523.2 33951.1 30919.6 57366.5 89530.9 43601 79757.9 48381.1 64510.5 26673.8 83893.4 33426 75829.4 61900.1 93902.8 30252.4 64236.5 93757.7 24239.6 77932.6 55665.2 75463.4 62067.2 86049.5 73676.7 27527.4 65901.8 65016.5 12519.6 
41434.9 86958 34985.7 44443.8 84475.4 86807.4 15698.4 31126.4 72611 56033 88508.4 55501.4 37119.4 39550.6 46465.7 63804.5 35850.4 70667.2 92802.9 38736 38684.6 39136.8 79100 93916.2 52596.7 35934 12742.4 82317.7 72710.1 60317.6 103682 32689.6 16834.5 50672.5 44598.2 75382.4 28713.9 76548.4 28924.9 65232.6 39231.2 52986.2 42209.2 86687.6 51251 95735.7 15700 81617.7 74866.9 31732 55037.2 66102.7 80286.1 55052.2 80599 51836.8 14277.3 92610.6 69386.6 38345 
55566.6 94282.7 35227.8 39538 76299.7 89434 31488.4 35135.3 75006.7 39470.7 95914 38363.1 35702.2 22308.1 60523.9 56170.9 29080.1 60862.2 101175 56026.1 54414.2 31326.8 85605.4 88409.6 55386.4 33148.9 29808.2 79180.8 76349.7 68514.9 97799.8 43885.4 23249.9 60881.7 40482.1 66727.1 28383.3 73566.4 25024.2 65304.9 48984.2 36412.4 49774.9 89839.1 47151 94040.3 25114.3 88069.6 63685 41923.7 42921.4 70677.1 81000.1 52410.9 76168.2 40703.4 31200.6 102816 70807.5 52334.5 
33602.4 58851.1 5842.09 19263.4 58120.7 54709.1 27828.9 2024.85 40349.6 54664.9 60498.3 57827.5 9503.68 46541.4 37138.3 38583.4 19103.9 48196.5 66125.5 49254.1 38223.2 22022.7 50013 64028.1 20306.2 11661.9 39101.9 50903.5 41041.1 34000 73885.7 18932 15717.8 29261.7 18058 50447.3 8489.99 45180.7 14328.3 32762.2 18910.8 52331 16133.5 54826.4 22963.7 63476.9 17628.4 52458.4 54528.6 15838.2 40289.2 35065.7 47737.8 24539.2 50190.5 35817.6 40598.2 69079.2 36875.1 30931.7 
32390.3 86298.1 57496.6 70414.6 110388 95839.1 25762.4 50303.6 83771.7 90749.1 87487.4 90409.3 60907.6 74456.5 35414.1 90431.2 65049.6 99244.6 89063.2 10163.7 23887.2 68651.7 81250.3 115698 66656.2 61492.8 22475.1 101439 81572.7 61996.9 125495 37810.7 41688.6 50070.7 69698.9 102385 54025.6 95958.8 57380.2 81348.9 44237.7 87720.7 50685.7 94740.3 75224.7 111540 37908.4 83551.2 104725 39803.8 86679.7 74238.1 93440.3 76621.9 101748 82839.7 21225 84311.6 82698.7 31532.8 
49994 14115.6 66096.1 73090.6 89169.6 39258.8 73506.3 62844.1 41206.9 114862 13670.4 119107 68030.9 109331 46013.2 80880.2 79621.4 91101.4 9420.19 71405.7 57602.2 81225.1 20402.5 80635.7 48746.9 71429.1 85711.4 65806.2 35828.1 28961.4 87149.4 54740.3 73983.8 36768.1 71029.1 87880 71410.1 64130 77016 52255.1 48464.6 113030 47436.8 36590.3 69309.8 62962.8 72930.1 19825.2 98630.9 55897.5 95007.5 34972.6 48027.7 64021.6 71168.3 90836.7 86311.4 6586.35 46017.9 52086.2 
55874.6 13464.8 53505.9 55904.7 63467.9 12419.3 72598.9 53415.8 17159.3 97267.2 14625 102381 54094.1 95481.1 53926.8 58386 64756.5 67763.2 22184 79816.8 64586.8 65304.3 8405.36 53727.6 33251.9 57341.5 85574.6 39351.2 13043 26054.8 60120.2 53189.9 67208.6 37980.3 53955.9 63467.9 60096 38461 64623.9 29779.4 45921.3 95953 41327.2 9868.13 50185.5 36105 67595.9 7558.44 75084.1 52818.6 75368.2 17608.2 21444.1 44032 45113.6 71695.5 86626.6 32761.1 22663.2 56519.2 
20707.7 74027 52353.6 65760.6 104459 85030 24648.3 44716.6 73708.2 91715.4 75162.6 92283.5 55969.7 76821.4 23049.5 85283.8 62191.4 94817.1 76466.5 3264.97 11988.3 65757.8 69434.4 108047 58033.2 57221.8 27874.2 93161.5 71030.3 50579.9 117709 29516.9 39592.2 38755.1 64717.4 97111.3 50303.6 87900.5 54696.3 72695.9 34869 88779.5 41612.5 83748.4 69511.7 102097 35756 71664.8 100889 32107.6 84386.3 63745.2 83636.7 69938.5 94140 80233.7 27260.6 71502.5 73214.5 20601 
61733.1 18470.8 76823.8 82887.5 95059.8 42480.7 85364.2 74030.3 47941.3 124812 17069.9 129304 78525 120126 57639 88870.8 90037.9 98707.9 9484.72 82682.8 69183.6 91416.1 27459.1 84649 58548.4 81930.8 97564.9 70840.2 42882.3 40131 90127.5 66542 85558.7 48553.6 80833.5 94819.2 82409.3 70040.3 87887.7 59956.2 60169.4 123113 58811.6 39802.6 78500.8 65373.5 84614.1 25914.1 106144 67630.2 104232 43681.8 52968.3 72861.6 76693.2 100203 98156.5 8664.87 53200.8 63887.5 
48210.4 16133.5 46185 49729.3 62129.7 17074.2 64459.7 45631.8 14143.9 91504.2 17723.4 96375.6 47047.2 88722.2 46547.3 54504.7 58035.2 64443.6 24994.8 72182.6 56930.9 58857.5 6935.42 54577.7 26170.6 50365.9 77435.4 39203.2 8764.13 18341.2 61953.6 45062.8 59270 30200.2 47722.2 60908.5 52630 37140 57381 25603.1 37795.5 90025.4 33207.4 15230.6 44618.5 39261.7 59562.7 8637.13 71923.6 44679.4 70220.4 10295.6 21949.5 38740.8 44272 66332 78489.3 33460.7 19033.9 48701.6 
29076.5 83071.6 52252.9 65143.8 105153 91627.3 20501 45101 79296 85945.6 84316.8 85779.8 55651.1 69901.2 32607.5 85167.4 59794.3 93967.3 86263 10259.1 21000.2 63397.5 77640.8 110628 61832.8 56218.1 18352.1 96481.6 77279.6 58199.7 120438 33090.5 36436.4 46292.2 64438 97122.4 48748.3 90969.6 52125.4 76495.8 39728.3 82929.2 46043.1 90614.8 69995.2 106832 32646.6 79988.2 99454.2 34936.1 81471.1 69946.3 88860.9 71470.9 96683.2 77608.9 17310.4 82126.9 78046.7 27818.9 
62250.9 94645.1 33809.5 33771.7 66798 86542.7 40566 36357.3 72339.8 27577.2 96305.2 27224.4 33005.6 11868 66993.3 47473.5 23294 50731.2 102199 66161.3 62535.3 24303.3 85555 80261.1 53854.3 29820.3 41204.5 72682.3 74508.5 70205.8 89303.1 48975.2 28404.2 64346.7 35205.7 57126 27819.6 67313.1 22584.3 61387.4 52731.1 24523.1 51945.5 87302.8 41320.5 88165.6 31445.3 87922.3 52782.8 46484.4 31940.1 69685.4 77004.2 47261.2 68916.2 30391.6 42693.8 105238 67607.8 59018.8 
59220 47670.7 31978.1 26337.2 31705.7 29233.5 62589.5 36923.8 18253.8 64047 49142.8 69722.7 30179.6 65861.4 60333.9 23085.3 36904.9 32586.7 56656.2 80535.5 66711.5 35923.4 38839.8 30566.8 19739.6 32226.2 74213 15929.8 23255.1 37943.8 40169.6 48127.4 50384.9 44338 25000.8 29108.4 38489.6 10396.6 40327.3 6818.36 42912.1 63192.6 36140 30907.9 18840.9 28958.8 52700 40212.6 40026.2 45834.5 41214.7 24512.2 17851.9 12903.5 16823.8 38084.8 75699.7 65285.6 12925.2 57883.5 
95532.7 68632.1 67136.1 57467.4 25063.9 43311.5 98961.5 73090.6 45016.1 81398.3 69503.5 87882.2 64548.4 90228.6 96154.5 40924.6 67439.6 41031.2 76626.1 117349 103309 65063.2 62847.8 8080.84 56317 65627 110041 21200.2 49943.3 70698.9 4716.99 84973.4 85647 79432.6 57047.8 33514.9 72896.2 26464.3 73079.1 41782.5 79555 81906.1 72777 46008.8 50322.7 20110.2 88395.6 62837.1 44185.2 82693.7 59747.8 55361.5 35557.8 46812.9 21029.7 59227.7 111591 88027.5 42977.3 94421.7 
79936.1 63425.3 48463.3 38172.5 13695.3 39902.5 80703.5 54871.5 35196.2 64283.2 64657.4 70661.4 45661.6 71574.9 81229.6 21982.3 48058.5 24626 72224.4 100543 87173.2 45682.6 55731.5 11500.4 40525.5 46513 91346 11005.9 40626.2 58450.8 21245.5 68128.1 66824.3 65310.4 37853 17535.4 53915.7 12200 53809.3 27333.9 63431.5 64424 56713.4 42401.1 31202.1 24456.1 69742 56483.1 29934.8 65603.7 41708 44023.9 28650.3 28355.1 4964.88 40624.1 92925.2 82330.3 31227.1 78439.8 
69187.6 38202.7 50734.7 46867.5 40425 13381 78498.5 54165.1 15795.3 83828.5 39225.5 89715.7 49595.6 86458.9 68862.5 41023.9 57354 48307.6 46613.5 92474.1 77581.8 56513.4 31964 28955.8 33273.7 52046.5 90916.4 15728 19845.7 41552.4 35486.5 61342.5 68351.8 51748.7 45427.4 42546.6 57558.7 17170.3 60169.9 20056.9 54799.5 83194.1 48374.1 16007.8 39443.8 13160.5 70083.4 32040 54945.9 59747.6 60694.2 26331 5658.62 33363.6 22132.6 57994 92277.5 57563.4 16424.7 68723.6 
30991.9 75498.7 27145 38756.9 79266.9 76333.3 7700 21651.8 62349.1 59402.4 77038.8 60091.3 30008.3 44922.2 36000.1 58800.2 32244.4 66928.3 81268.2 33700.6 29739.7 35826.5 67762.5 86916.6 42555.4 29774.1 15786.7 74241.8 62054.9 48833 96767.8 21169.8 9080.2 39138.9 38419.4 70702.5 22116.5 68499.6 24600.8 55992.3 27699.1 56468.5 30941.4 76058.5 44638.7 86802 5860.03 70280.2 72052.8 20203.2 53695.8 55252.3 70536.5 47443.5 73227.4 49883.9 17340.4 81126.3 59520.2 27793.7 
67763.2 82166.3 28639.8 17415.2 38486 67601.8 55097.4 35843.1 54892.3 25655 83792.2 31171.3 25251.7 29461.3 71407.7 20135.8 16137.2 22419 90772.7 80333.8 71567.2 12632.1 72764.1 52805 41562.1 22613.5 61436.9 47659.2 58666.9 62861.8 61458.6 52996.7 39176 61922 19449.4 28808.7 28263.9 42974.5 23634.9 42351.5 52931.7 24643.5 48708.3 69045.6 21533.7 63628.4 43021.5 74746.8 25371.2 49902.7 6113.1 56234.6 56407.5 27662.6 42837.8 2202.27 63096.8 96840.7 49458.1 64964.8 
70994.1 67242.3 34956.7 22779.8 17949.4 47589.6 67314.6 42223.5 37815.5 48437.3 68715.4 54645.2 31644.3 54548.5 73206.9 5063.6 31761.6 13017.7 76226.6 89330.2 77232.4 29068.9 58361.8 28217.7 33903.7 31683.4 76933.2 23182.1 42811.8 55172.5 37462.1 57623.8 52413.8 59095.3 23020.2 10989.5 39331.4 19387.1 38187.2 25893.6 54326.6 48247.4 48082.9 49590.4 17236.3 39100.4 55690.9 59777.3 20500 54769.1 25349.2 43386.6 35651.9 17593.5 17836.2 23735.6 78560.4 84669.4 32490.2 68970.5 
61081.6 46695.3 34832.3 29217.1 31384.4 27128 65205.6 39629.5 17240.9 66417.2 48120.3 72168.8 33084.1 68606.9 62005.9 24749.1 39800.5 33753.5 55682.1 82717.9 68722.1 38767.5 38097 28677.5 21700.2 35151.1 76927.5 13505.9 22487.6 38699.9 38118.9 50370 53194.5 45738.9 27906.5 29693.3 41378.3 8300.6 43253.9 7589.47 44942 65638.5 38161.9 28951.9 21683.4 26050 55456.3 39314.6 41074.2 48158.2 43457.8 24620.3 15469.3 15815.5 15276.5 40473.4 78403.1 64701.3 12272.3 59855.9 
14447.5 66051.2 35226.4 48621.5 87568.5 72669.3 11738 27617.6 60104.1 76349.7 67421.4 77544.1 38834.6 62727.1 19379.4 68203 45299.1 77680.4 70307.7 19635.2 11720.1 48833.7 59781.4 91947.2 42662 40096 22294.6 77502.1 58250.7 40129.9 101706 13845.2 23479.8 28501.2 47594.3 80062.5 33282.6 72064.2 37926.9 57356.9 20573 73507 26797.8 71769.6 52509 87593.9 19829.5 62211.3 83755.8 15839.8 67537 50933.8 69620.8 53254.1 77997.6 63316.7 22774.1 68007.7 58798.6 11704.7 
33847.9 22351.1 53100.8 61948.7 84556.8 41775.7 57413 48803.5 37894.2 102868 23166.4 106621 55523.7 95742.7 30037.5 72958.3 67081.4 83605.9 23703.6 55862.8 41653 69127.4 21505.8 79176.8 38497 58840.1 69527 63399.8 32693.9 16552.9 86997.5 38965.9 58834.4 21214.4 59920.4 81587.3 57702.7 60401.5 63529 46111.2 33103.8 100800 33172.4 39497.5 59479.2 64586.4 57480.8 22821.9 91145.4 40376.4 84568.7 28600.7 46993 55061.9 67736.6 80197.4 70112 21009 41358.6 35883.3 
43139.3 18006.9 61751.8 69726.9 88927 41620.3 67077.3 57911.8 41102.4 111152 18157.1 115137 63951.5 104732 39056.5 79097.4 75559 89555.9 15973.1 64344.2 50622.2 77399.7 21388.3 81729.6 45658.1 67318.1 79115.4 66400.7 35674.2 24534.9 88828 48646.7 68377 30823.5 67673.7 86876.3 66688.8 64136.3 72431.1 51078.4 42680.4 109192 42323.2 39062.1 66570.6 65243.5 67105.9 21648.1 97113.6 50007.3 92061 33380.8 49025.1 61665 71355 87779.8 79668.4 11321.7 45412 45329.6 
73256.3 60276.4 41407.4 31402.5 16966.4 38234.1 73631 47800.6 31166.2 60385.8 61615.9 66625.1 38643 66300.1 74708.6 17065.8 41504.7 22541.1 69211.7 93597.5 80362.2 39312.6 52046.3 18417.4 34002.6 39582.8 84304.7 11363.5 36554.8 52876.5 28240.6 61211.9 59800.1 59080 30974.3 16726.3 46929.7 8905.05 47003.2 21659.2 56676.8 60241.6 49998.5 40522.2 24267.1 27144.8 62690.7 53063.4 29066.3 58648.9 37345.1 39041.5 26383.7 21284 5900 35672.1 85880 78725 26573.1 71677.1 
25277.1 78848.3 54567.4 67847.3 107109 89404.3 24897.4 47054.5 77816.5 91739.7 79997.8 91961.4 58123.4 76268.5 27868.6 87610.8 63578.4 96893 81360.7 2332.38 16584.9 67173.9 74124.3 111331 61591 59126.1 25730.3 96655.5 75302.3 55127.2 121050 32794.7 40519.1 43248.4 66924.7 99507.3 51957 91308.5 55977.2 76296.9 38616.7 88761.4 45281.6 88182.7 72011.8 106015 36655.3 76377 102754 35171 85634.4 67991.5 87664.4 72804.5 97392.6 81589.3 24870.9 76400.6 77116.7 24869.7 
85241.6 56902.2 59747.8 51773.1 28306.4 31605.7 90644.8 64988.7 33567.8 81231.6 57807 87582.5 57580.6 87801.4 85558.5 38388.1 62236.7 41584.3 64999.8 107633 93253.7 60348.4 51039.3 11819.1 46613.8 59153.1 102265 12348.3 38343.7 59435.8 16443.8 75493.6 78273.9 68644.2 50981.6 34335.1 65987.3 18117.7 67010.8 31900 69672.4 81298.1 62938.2 34307.1 44223.3 9353.61 80709.4 51035.8 46466.5 73413.9 58482.9 44050.5 23875.7 39654.8 15605.1 57084.2 103759 76302.4 32034 84335.6 
50308.6 75823.8 15134.4 15575.6 53926.8 67259.6 35356.6 19759 53021.2 35994 77487.8 38916.6 13775.3 28181.2 54464 33320.9 5283.94 39884.1 83636 60811.3 53022.4 8345.06 66619.7 64786.4 34665.5 10510.9 41999 55219.7 55200.1 52353.4 74328 35700.1 19480.5 48176.9 16597.9 44679.4 10733.1 49617.9 4810.41 42273.4 37433.9 33541.8 35040.7 67985.7 23201.9 70179.5 23341.8 68942 44371.7 32733 25700.2 50537.1 57961.5 28650.5 52273.2 21856.3 43663.4 87481.8 48342.6 47284.8 
83917.4 76413.7 47539.5 34780 6500 54364.7 79678.6 54948.4 47119 50728.5 77776.9 57219.7 44108.2 60561.5 86075.9 14712.2 42546.6 10423.5 85369.6 102144 90161.3 39409.8 68020.7 23049.7 46349.2 43780 88776.4 26181.7 52437 67032.9 30295.2 70545.7 64437.6 71680 35334.4 3178.05 51423 25092.8 49576.7 36480.3 67240.2 51316.5 60949.3 56700.8 30008.3 40188.2 67861.7 69136.5 14266.7 67677.2 29719.5 54203.8 42584.6 30438.5 19670.3 30046.8 90422.1 94660.7 42239.6 81905.4 
62667.1 13375.4 61302.2 63221.9 67475.4 13978.6 80255.6 61305.9 23720 104251 13692.7 109499 61797.8 103012 60382.9 64335.1 72308.6 73244.6 20163.6 86497.4 71337.1 72727 13829.3 55993.7 41015.7 65013 93226.9 42861.6 20396.1 33130.8 61330.6 60770.5 75094.1 45013.1 61309.1 68430 67928.3 42929.8 72384.9 36341.8 53504.5 103036 49100.9 11423.7 57217.7 36606.7 75452.8 11747.8 80397.1 60507.2 82033.7 25478.8 25439.5 50964.5 49030.6 78506.4 94250.1 32029.5 29189.4 63515.2 
55638.6 50056.4 26185.9 20529.2 33241.7 33856.5 57307.1 31491.7 21371.5 59424.6 51604.7 64911.1 24262.1 60351.1 57164 20667.1 31036.3 31022.1 58966.5 76180.4 62769.4 30200.2 40887.3 34920.6 16567.7 26261.2 68698.5 21300.2 25723.5 36991.5 44707.3 43745.3 44676.8 41892.2 19112.8 28899.8 32605.7 15561.8 34359.4 8704.6 39059.1 58395.9 32378.4 35260.2 13193.9 34905.7 47112.3 42535.3 38579.8 41276.9 37002.8 25277.1 23064.5 7025.67 20969 33539.4 70208.4 66777.6 15861.9 54062.6 
25994.6 63471.6 17167.7 30359.2 70031.6 63492.4 15920.1 10044.9 49536.8 59942.1 65049.5 61977.6 20662 48473.7 30450.8 50200.4 27047.4 59407.9 69709.3 37865.2 28506.3 30528.7 55419.3 76001.3 29852 21693.3 27863.2 62576.1 49219.6 37000 85853.9 12067.3 9080.2 28570.1 29473.5 62133.2 14909.1 56900.8 19942.4 43648.1 16673.9 57268.9 18533.5 63222.9 34867.3 74505.8 8158.43 57935.1 65364.9 9687.62 49270.9 42457 57873.1 36559.1 62126.4 44990 29257.6 70614 46833.4 22872.9 
54328.1 8178.63 55766 59222.5 68628 17525.1 72636.4 54974.2 21666.8 100893 9424.44 105846 56663.4 98335.8 51958.2 62892.4 67641.6 72475.4 17018.8 78107.2 62975.6 68422.9 5440.59 59042.5 35788.3 59983.5 85580 44617.1 16953.2 25038 65388.5 53063.7 68389.5 36824.6 57229.5 68386 62161.2 43578.4 66972.2 34064.9 45827.9 99469.4 41872.8 14885.2 53888.9 41247.8 68480.8 3301.51 79853.7 53002.4 79338.5 19912.3 26711 47875.4 50317.1 75545 86550.4 27446.7 27075.6 55263.5 
41023.5 77329.6 19859.5 28214.4 68280.7 73617.4 21276.3 18312 59203 46188.5 78956 47376 21408.6 33004.4 45758.7 47611.4 19834.6 54807.4 84175.8 47242.4 41716.4 23262.2 68728.5 77774.6 39256.2 19856.7 26960.2 66590.4 60100.2 51519 87513.4 27912.2 7169.38 44186.2 28434.5 59266.3 13096.9 60834.6 12690.5 50537.2 32330.3 43319.5 32784.4 73825.3 35141.1 80507.7 10412 71205.7 59413.3 25600.8 40388.7 54122.5 66004.9 39274.7 64582.7 36764.2 28624.5 85938.6 55398.4 37795.5 
35114.2 73714.3 19811.6 30480.3 70982 71817.1 15935.5 15961.5 57526.5 52114.5 75315.4 53380.2 22244.3 38960.6 39898.4 50425.5 23612.9 58360 80204.3 41682.9 35714.4 27193.6 65396.7 79293.9 37473.3 21580.8 23689 67218 57900.8 47465 89116.2 22415.4 1772 39331.4 30304.1 62283.2 13994.6 61449.9 15977.8 49916.8 27434.5 49266.6 28778.5 71813.6 36732.5 80446.3 4414.75 67900.3 63425.5 20349.4 45142.6 51533 65013 40064.9 65774.9 41282.6 25320.7 81354.8 54153.1 31877.9 
16101.2 58220.4 24515.3 37963.8 76042.4 62045.5 16404.9 16807.4 48961.2 69827.9 59711.7 71892.5 28182.4 58261.9 20541.2 57057.6 36260.9 66856.6 63583.1 31185.3 19547.4 39610.2 51000.9 80069 30900.6 29960.8 29355.2 65629.3 47561.3 31576.7 89822 3275.67 18280 21255.1 36731.5 68807.7 24075.1 60179.8 29526.4 45558 10404.3 67170.4 15580.1 61360.1 41177.9 75968.2 15922.6 53500 73229.6 4000 58301.4 40344.1 58228.9 41541.5 66121.1 53918.2 30369.1 63175.1 47300.1 13026.9 
107296 79294.5 77962 67564.3 30893.5 54029.6 110069 84192.9 56711.6 87327.5 80064.3 93825.4 75200.1 97822.7 107961 49647.3 77136 47601.8 86983 128959 115020 74505.9 73995.2 18212.4 68001.8 76028.2 120868 32951.5 61549.7 82471.1 8354.64 96545.4 96361.2 91252.7 67340.6 40385.4 83455 38059.6 83200.5 53537.4 91243.7 88191.7 84463.6 56697.3 60729.7 30338.9 99248.4 73831.8 49122.9 94206.8 66988.1 67114.6 47086.4 57736.1 32105.5 67116.1 122442 98625 54787.8 106145 
