60 60 12
777 335 649 27 763 426 211 429 862 135 22 167 11 373 784 324 413 980 862 281 84 505 313 895 814 364 87 178 403 399 676 12 94 570 467 902 652 280 865 619 31 771 709 856 586 683 528 829 270 715 796 245 921 488 841 500 124 856 227 936 
43.2 55.1 43.7 22.8 27.5 40.7 47.4 12.1 85.8 39.5 2.9 23.7 
3 8 0 4 5 4 0 9 8 11 4 6 2 2 1 4 2 3 4 10 1 5 4 5 6 9 0 11 8 11 1 3 11 9 2 2 10 6 9 6 4 9 6 9 1 7 7 11 11 10 10 1 4 2 2 2 2 2 3 7 
415.601 124.535 521.464 588.49 765.957 308.177 626.39 493.585 288.21 1006.43 136.938 1049.39 539.485 954.422 385.467 670.773 655.124 774.479 172.029 647.93 499.593 670.433 103.586 696.945 345.036 573.526 753.076 542.208 234.053 155.756 770.639 432.28 612.628 255.039 567.874 746.127 576.933 518.322 631.805 388.191 364.047 988.341 343.21 284.529 551.218 540.119 605.898 116.103 850.001 439.005 807.942 211.896 370.807 499.365 590.712 766.077 760.919 207.851 330.801 429.959 
907.317 1098.87 538.897 447.756 549.102 944.95 725.58 599.801 823.214 59.4643 1115.11 102.903 510.416 240.26 949.604 436.125 398.077 391.266 1184.91 985.37 928.246 373.472 1004.85 722.887 691.286 478.649 745.735 715.856 862.76 900.063 790.52 761.977 580.96 878.335 468.37 466.004 511.505 678.136 453.154 696.854 777.003 89.8443 745.077 961.141 492.219 873.332 617.693 1024.61 360.089 732.417 240.527 839.553 829.343 552.42 657.822 275.632 760.848 1243.79 768.375 876.577 
182.8 386.374 317.97 427.855 734.854 461.85 359.234 263.822 352.881 817.017 400.844 849.523 347.701 732.378 179.201 578.055 458.947 685.007 437.879 421.048 269.03 484.153 320.465 729.855 237.002 378.428 486.695 572.574 322.405 123.968 821.623 165.197 357.644 21.4709 409.181 682.807 354.401 526.454 413.853 368.543 100.648 794.22 111.826 449.539 424.209 641.09 345.259 344.819 757.446 174.771 654.866 250.2 453.998 397.85 596.263 609.861 495.145 439.028 356.4 183.807 
136.854 472.952 276.93 401.603 746.073 531.994 272.342 209.859 411.351 766.039 487.562 793.638 311.045 667.8 157.544 572.766 413.319 677.106 524.661 358.912 212.81 442.476 404.432 761.391 258.544 337.664 400.211 608.6 388.672 208.195 856.347 78.7464 280.032 101.193 385.105 684.485 298.859 558.044 358.236 402.836 34.1321 741.507 95.8541 522.18 413.541 693.782 263.623 429.121 746.415 93.0054 622.579 315.317 509.66 400 623.912 577.537 409.001 521.552 404.949 123.693 
320.039 420.83 190 270.601 567.726 393.573 388.402 174.416 255.562 680.254 437.375 720.256 208.626 623.013 334.153 408.001 324.692 515.14 495.997 536.213 395.032 342.667 331.652 578.001 75.213 242.539 515.52 426.38 250.966 186.207 673.314 215.845 312.64 189.003 250.599 512.884 248.67 374.899 301.213 221.461 157.267 660.547 89.4986 390.95 256.301 521.852 319.507 356.041 588.043 198.252 498.049 185.389 344.803 227.636 440.409 453.776 528.186 535.292 235.053 306.493 
525.419 27.313 612.046 664.248 788.592 278.869 736.579 591.859 312.775 1083.5 29.6816 1129.92 626.231 1044.01 493.447 720.478 740.017 819.398 75.6902 755.275 608.482 751.833 106.231 695.59 422.153 660.17 863.681 550.436 261.174 260.969 758.517 541.791 716.595 365.724 643.817 782.081 671.45 537.767 723.915 431.394 472.458 1067.34 446.518 252.052 617.96 515.621 711.942 92.1141 893.981 547.171 875.018 269.742 371.555 560.823 606.383 835.189 871.674 169.296 364.486 540.557 
600.262 480.942 326.087 267.092 310.006 293.061 633.202 376.303 186.432 640.647 495.55 697.782 307.561 660.996 611.383 228.127 373.001 321.758 570.824 813.298 675.148 362.505 393.146 297.634 205.456 327.515 749.123 151.819 237.118 386.774 393.722 489.183 510.424 451.306 254.159 285.575 390.858 96.1665 408.397 75.0067 437.154 632.475 369.439 310.363 191.669 284.074 533.841 406.519 395.885 466.177 411.709 251.448 178.011 133.375 160.178 381.077 764.029 658.027 133.825 586.881 
545.212 203.01 732.105 804.967 964.105 456.089 789.066 696.737 485.161 1222.08 194.371 1263.81 752.447 1163.58 501.941 883.857 868.493 985.853 129.035 747 616.105 885.268 276.279 874.062 561.806 786.349 907.96 728.204 431.723 359.611 936.12 606.177 803.481 428.118 784.355 952.92 783.592 713.405 840.349 597.234 546.642 1203.41 541.421 429.117 768.016 691.668 790.941 267.978 1061.1 619.956 1024.86 424.876 549.605 715.355 783.092 983.005 912.969 9.48683 534.136 568.747 
550.142 365.941 357.677 339.629 414.403 195.931 629.918 387.342 71.5612 739.465 380.552 793.742 350.28 741.271 552.526 341.204 439.527 436.726 455.827 777.821 631.561 437.049 278.729 364.297 177.612 377.719 753.923 204.6 122.56 298.53 451.465 461.504 529.854 383.72 322.405 399.115 426.568 169.499 457.919 59.9333 398.61 728.701 332.67 208.002 272.406 276.007 546.161 291.596 510.883 444.15 515.218 149.345 104.738 208.866 242.909 480.81 767.54 544.546 21 542.407 
401.52 516.779 104.235 153.395 483.322 437.924 396.602 139.671 293.641 566.845 533.414 609.528 106.104 523.072 425.63 304.647 217.407 409.585 597.522 591.108 464.436 230.517 423.835 524.704 102.859 139.119 512.65 388.398 309.885 301.573 622.965 269.229 277.966 300.028 133.33 417.043 173.142 331.602 212.085 206.461 235.372 548.391 176.23 442.259 146.168 512.712 298.439 446.598 480.176 242.002 380.789 261.63 359.221 136.473 385.379 336.506 527.41 646.467 253.126 381.084 
418.961 241.456 371.517 414.656 586.046 226.312 560.601 365.21 127.456 833.866 258.031 880.633 381.534 799.196 409.928 484.004 493.129 587.716 325.272 657.213 505.333 503.257 147.872 536.492 173.925 415.047 690.188 377.244 87 132.575 619.601 369.424 502.359 239.577 394.255 560.879 435.394 344.398 483.663 203.214 297.405 817.847 245.961 216.178 369.682 414.541 506.395 170.47 663.256 362.691 627.096 26.0768 227.794 314.841 417.824 586.537 701.342 391.625 154.055 419.315 
756.897 771.891 372.518 238.296 201.556 581.414 683.592 449.392 479.176 388.726 786.985 452.448 336.204 471.666 784.51 67.1193 299.1 52.3927 861.485 920.149 811.046 265.505 681.455 352.319 413.237 325.682 766.006 332.533 527.365 632.093 434.246 615.442 526.925 656.881 249.323 104.785 399.941 298.739 373.048 356.204 593.57 390.267 536.537 601.056 214.149 489.376 563.046 696.854 120.017 585.261 165.303 526.275 462.196 245.153 273.865 164.137 782.602 941.48 424.909 733.485 
457.71 178.933 437.412 476.942 617.508 190.371 617.645 430.265 139.058 895.529 195.29 943.39 447.01 864.37 442.408 532.768 557.891 633.785 265.548 697.413 544.883 567.071 84.8528 549.605 238.73 480.402 747.402 393.615 85.0235 159.531 626.256 423.821 566.117 277.281 456.711 601.173 501.288 369.221 549.531 245.018 351.164 880.196 305.059 174.026 428.225 404.734 568.783 105.802 708.935 419.815 685.066 81.0555 226.106 370.757 441.548 645.501 757.977 342.794 183.12 461.889 
450.96 497.363 158.493 158.256 431.195 391.449 459.221 202.2 248.91 577.209 513.822 624.725 149.215 552.472 470.814 266.047 245.693 373.343 581.96 649.159 518.353 250.218 403.288 463.492 90.3383 177.553 575.15 325.73 273.708 309.808 561.53 325.424 338.733 331.014 138.058 371.712 226.736 269.007 257.031 148.354 283.952 561.528 219.641 398.54 119.775 451.545 360.457 424.341 446.706 299.687 374.204 237.649 304.278 85.9884 324.006 332.122 589.969 641.804 202.805 432.844 
545.286 598.588 182.784 86.2844 348.001 458.024 507.332 253.505 325.96 480 614.73 532.35 152.306 481.769 570.519 159.841 192.585 264.683 685.511 724.189 604.735 181 504.774 419.358 204.267 160.751 609.361 311.194 362.494 424.19 517.349 408.383 363.761 441.162 76.5376 274.591 234.241 254.788 237.143 202.596 379.954 467.615 321.055 470.472 10.198 460.614 394.088 524.047 336.024 379.381 265.189 340.331 352.331 53.6656 286.667 225.595 625.308 751.713 272.382 523.622 
277.218 595.494 124.92 259.48 649.36 582.344 215.873 48.3322 441.494 588.694 611.59 614.706 161.4 489.449 316.533 454.192 243.249 549.622 662.048 424.157 316.931 275.801 511.789 704.45 243.13 178.017 335.181 569.056 440.828 335.049 802.905 129.553 124.535 265.211 248.365 572.892 122.972 512.41 180.953 379.697 149.626 563.522 147.597 580.669 297.935 688.269 129.653 536.815 611.955 99.0404 462.069 375.065 523.072 310.923 565.46 418.005 349.292 679.509 412.826 248.582 
736.61 501.602 482.3 411.847 276.847 260.163 788.229 532.376 235.536 742.192 513.04 803.617 462.465 789.111 741.653 308.029 517.89 366.699 588.099 958.526 815.724 502.364 430.377 177.387 347.897 480.36 905.332 30.4795 287.793 488.215 260.647 636.553 666.913 574.053 401.842 303.863 546.233 72.0278 560.293 200.863 579.175 739.138 511.649 285.701 335.376 137.179 690.294 435.13 428.981 615.533 510.533 335.836 153.062 284.48 95.5877 489.612 920.142 693.354 209.974 726.615 
482.59 281.4 367.935 384.787 512.071 182.165 598.08 378.001 52.345 799.456 297.061 849.909 370.342 781.369 478.358 424.948 474.305 525.289 370.304 717.607 567.389 478.942 189.528 457.665 165.605 401.991 726.177 298.51 44.9444 208.856 540.981 414.88 520.311 307.21 365.3 492.814 435.68 267.187 477.21 136.473 345.77 785.8 285.787 181.003 328.977 341.475 529.967 206.206 600.375 403.093 583.436 55.0364 153.912 268.704 340.476 545.382 738.485 451.426 77.0584 479.418 
576.321 689.473 184.545 51.0098 367.87 553.586 493.077 261.633 421.38 385.924 705.783 437.104 147.872 388.747 608.001 161.227 122.188 243.343 775.242 729.883 625.048 98.2344 595.399 473.491 283.471 134.737 579.967 387.584 456.602 498.688 568.42 431.393 337.7 497.941 68.0661 278.993 209.251 334.15 188.138 298.292 418.387 372.587 368.751 566.181 85.9593 543.023 373.066 615.501 303.026 400.656 181.571 429.942 446.515 149.375 351.928 138.232 596.45 836.086 368.023 550.956 
237.716 310.103 378.737 476.001 746.853 413.717 437.852 333.054 323.682 878.112 324.002 913.801 404.931 802.591 218.586 606.822 519.481 714.382 358.309 476.707 324.617 541.765 251.525 722.38 257.031 437.416 564.309 562.88 283.863 65.7647 809.944 244.976 435.736 66.2722 456.257 704.011 422.404 522.304 481 366.749 180.025 856.598 176.782 398.045 460.834 612.066 424.647 274.804 788.624 254.594 703.796 217.745 424.948 424.952 594.651 659.309 572.198 360.662 339.329 246.909 
347.092 203.593 517.042 601.446 819.976 390.717 575.785 477.247 351.864 1013 213.019 1051.7 540.049 945.804 311.708 706.859 655.964 813.01 226.055 572.297 427.591 675.406 188.831 764.621 364.408 573.502 698.823 607.032 299.666 147.027 842.572 387.769 582.477 208.255 581.047 791.582 565.301 577.585 622.981 435.932 326.038 992.839 321.263 368.144 574.381 618.392 570.646 202.97 888.487 399.93 826.765 260.094 442.476 528.797 650.889 783.342 705.274 213.862 387.218 365.494 
162.693 597.724 252.769 387.398 771.511 636.908 148 175.684 505.846 697.402 612.566 716.612 289.36 578.215 209.022 580.115 366.034 677.097 650.588 300.167 189.594 400.061 526.047 814.195 324.23 305.635 277.354 670.63 492.065 331.489 911.877 48.0937 177.02 226.808 375.713 698.056 244.018 615.89 296.953 470.558 120.204 670.47 172.169 630.087 421.922 775.194 150.814 551.015 739.985 55.5698 587.341 419.92 598.248 427.404 674.685 543.828 287.367 644.854 488.829 130.973 
437.659 396.184 241.868 260.048 467.402 300.54 501.908 261.895 156.205 678.258 412.564 726.521 242.167 653.38 446.804 336.001 346.157 442.449 481.769 657.732 515.218 352.132 302.074 460.179 49.6488 273.542 625.998 306.007 173.459 233.343 554.148 337.125 405.088 286.527 240 425.735 310.453 256.4 349.515 100.265 278.289 663.103 210.794 304.345 212.608 401.966 419.587 322.684 517.82 318.057 470.027 136.473 231.173 159.656 324.777 429.438 639.553 546.963 121.037 426.251 
571.424 430.091 330.847 292.036 357.453 250.799 624.256 372.023 135.912 681.195 444.789 736.824 317.53 691.755 579.118 277.065 395.683 372.49 519.955 791.103 649.223 389.308 342.072 327.819 180.325 341.475 744.165 172.047 186.075 342.773 420.609 468.966 511.101 414.972 276.622 336.467 398.318 124.615 422.74 33.8378 412.059 671.597 344.398 266.011 220.204 279.551 531.399 355.563 446.804 448.179 454.657 202.556 142.369 157.41 196.163 421.774 758.538 607.023 82.7647 560.266 
130.648 669.933 450.564 585.161 966.876 770.506 206.737 373.563 655.6 867.568 682.001 878.08 487.082 727.792 163.077 777.764 556.925 875.05 699.861 113.701 47.0106 592.035 619.491 999.4 498.615 501.977 276.588 849.944 629.682 428.193 1095.8 215.232 339.511 309.196 573.665 895.309 436.01 797.579 483.811 645.105 266.738 838.934 334.26 758.294 619.001 939.028 302.524 642.365 937.577 242.396 779.326 556.652 754.634 620.672 860.495 736.767 275.274 659.018 650.165 125.196 
414.349 869.58 349.857 444.438 844.754 868.074 156.984 311.264 726.11 560.33 885.084 555.014 371.194 395.506 464.657 638.045 358.504 706.672 928.029 387.36 386.846 391.368 791 939.162 525.967 359.34 127.424 823.177 727.101 603.176 1036.82 326.896 168.345 506.725 445.982 753.824 287.139 765.484 289.249 652.326 392.312 529.862 422.092 866.876 512.51 957.357 157 816.177 748.669 317.32 550.372 661.027 802.861 550.522 805.99 518.368 142.773 926.106 693.866 383.45 
555.666 942.827 352.278 395.38 762.997 894.34 314.884 351.353 750.067 394.707 959.14 383.631 357.022 223.081 605.239 561.709 290.801 608.622 1011.75 560.261 544.142 313.268 856.054 884.096 553.864 331.489 298.082 791.808 763.497 685.149 977.998 438.854 232.499 608.817 404.821 667.271 283.833 735.664 250.242 653.049 489.842 364.124 497.749 898.391 471.51 940.403 251.143 880.696 636.85 419.237 429.214 706.771 810.001 524.109 761.682 407.034 312.006 1028.16 708.075 523.345 
336.024 588.511 58.4209 192.634 581.207 547.091 278.289 20.2485 403.496 546.649 604.983 578.275 95.0368 465.414 371.383 385.834 191.039 481.965 661.255 492.541 382.232 220.227 500.13 640.281 203.062 116.619 391.019 509.035 410.411 340 738.857 189.32 157.178 292.617 180.58 504.473 84.8999 451.807 143.283 327.622 189.108 523.31 161.335 548.264 229.637 634.769 176.284 524.584 545.286 158.382 402.892 350.657 477.378 245.392 501.905 358.176 405.982 690.792 368.751 309.317 
323.903 862.981 574.966 704.146 1103.88 958.391 257.624 503.036 837.717 907.491 874.874 904.093 609.076 744.565 354.141 904.312 650.496 992.446 890.632 101.637 238.872 686.517 812.503 1156.98 666.562 614.928 224.751 1014.39 815.727 619.969 1254.95 378.107 416.886 500.707 696.989 1023.85 540.256 959.588 573.802 813.489 442.377 877.207 506.857 947.403 752.247 1115.4 379.084 835.512 1047.25 398.038 866.797 742.381 934.403 766.219 1017.48 828.397 212.25 843.116 826.987 315.328 
499.94 141.156 660.961 730.906 891.696 392.588 735.063 628.441 412.069 1148.62 136.704 1191.07 680.309 1093.31 460.132 808.802 796.214 911.014 94.2019 714.057 576.022 812.251 204.025 806.357 487.469 714.291 857.114 658.062 358.281 289.614 871.494 547.403 739.838 367.681 710.291 878.8 714.101 641.3 770.16 522.551 484.646 1130.3 474.368 365.903 693.098 629.628 729.301 198.252 986.309 558.975 950.075 349.726 480.277 640.216 711.683 908.367 863.114 65.8635 460.179 520.862 
558.746 134.648 535.059 559.047 634.679 124.193 725.989 534.158 171.593 972.672 146.25 1023.81 540.941 954.811 539.268 583.86 647.565 677.632 221.84 798.168 645.868 653.043 84.0536 537.276 332.519 573.415 855.746 393.512 130.43 260.548 601.202 531.899 672.086 379.803 539.559 634.679 600.96 384.61 646.239 297.794 459.213 959.53 413.272 98.6813 501.855 361.05 675.959 75.5844 750.841 528.186 753.682 176.082 214.441 440.32 451.136 716.955 866.266 327.611 226.632 565.192 
207.077 740.27 523.536 657.606 1044.59 850.3 246.483 447.166 737.082 917.154 751.626 922.835 559.697 768.214 230.495 852.838 621.914 948.171 764.665 32.6497 119.883 657.578 694.344 1080.47 580.332 572.218 278.742 931.615 710.303 505.799 1177.09 295.169 395.922 387.551 647.174 971.113 503.036 879.005 546.963 726.959 348.69 887.795 416.125 837.484 695.117 1020.97 357.56 716.648 1008.89 321.076 843.863 637.452 836.367 699.385 941.4 802.337 272.606 715.025 732.145 206.01 
617.331 184.708 768.238 828.875 950.598 424.807 853.642 740.303 479.413 1248.12 170.699 1293.04 785.25 1201.26 576.39 888.708 900.379 987.079 94.8472 826.828 691.836 914.161 274.591 846.49 585.484 819.308 975.649 708.402 428.823 401.31 901.275 665.42 855.587 485.536 808.335 948.192 824.093 700.403 878.877 599.562 601.694 1231.13 588.116 398.026 785.008 653.735 846.141 259.141 1061.44 676.302 1042.32 436.818 529.683 728.616 766.932 1002.03 981.565 86.6487 532.008 638.875 
482.104 161.335 461.85 497.293 621.297 170.742 644.597 456.318 141.439 915.042 177.234 963.756 470.472 887.222 465.473 545.047 580.352 644.436 249.948 721.826 569.309 588.575 69.3542 545.777 261.706 503.659 774.354 392.032 87.6413 183.412 619.536 450.628 592.7 302.002 477.222 609.085 526.3 371.4 573.81 256.031 377.955 900.254 332.074 152.306 446.185 392.617 595.627 86.3713 719.236 446.794 702.204 102.956 219.495 387.408 442.72 663.32 784.893 334.607 190.339 487.016 
290.765 830.716 522.529 651.438 1051.53 916.273 205.01 451.01 792.96 859.456 843.168 857.798 556.511 699.012 326.075 851.674 597.943 939.673 862.63 102.591 210.002 633.975 776.408 1106.28 618.328 562.181 183.521 964.816 772.796 581.997 1204.38 330.905 364.364 462.922 644.38 971.224 487.483 909.696 521.254 764.958 397.283 829.292 460.431 906.148 699.952 1068.32 326.466 799.882 994.542 349.361 814.711 699.463 888.609 714.709 966.832 776.089 173.104 821.269 780.467 278.189 
622.509 946.451 338.095 337.717 667.98 865.427 405.66 363.573 723.398 275.772 963.052 272.244 330.056 118.68 669.933 474.735 232.94 507.312 1021.99 661.613 625.353 243.033 855.55 802.611 538.543 298.203 412.045 726.823 745.085 702.058 893.031 489.752 284.042 643.467 352.057 571.26 278.196 673.131 225.843 613.874 527.311 245.231 519.455 873.028 413.205 881.656 314.453 879.223 527.828 464.844 319.401 696.854 770.042 472.612 689.162 303.916 426.938 1052.38 676.078 590.188 
592.2 476.707 319.781 263.372 317.057 292.335 625.895 369.238 182.538 640.47 491.428 697.227 301.796 658.614 603.339 230.853 369.049 325.867 566.562 805.355 667.115 359.234 388.398 305.668 197.396 322.262 742.13 159.298 232.551 379.438 401.696 481.274 503.849 443.38 250.008 291.084 384.896 103.966 403.273 68.1836 429.121 631.926 361.4 309.079 188.409 289.588 527 402.126 400.262 458.345 412.147 245.122 178.519 129.035 168.238 380.848 756.997 652.856 129.252 578.835 
955.327 686.321 671.361 574.674 250.639 433.115 989.615 730.906 450.161 813.983 695.035 878.822 645.484 902.286 961.545 409.246 674.396 410.312 766.261 1173.49 1033.09 650.632 628.478 80.8084 563.17 656.27 1100.41 212.002 499.433 706.989 47.1699 849.734 856.47 794.326 570.478 335.149 728.962 264.643 730.791 417.825 795.55 819.061 727.77 460.088 503.227 201.102 883.956 628.371 441.852 826.937 597.478 553.615 355.578 468.129 210.297 592.277 1115.91 880.275 429.773 944.217 
799.361 634.253 484.633 381.725 136.953 399.025 807.035 548.715 351.962 642.832 646.574 706.614 456.616 715.749 812.296 219.823 480.585 246.26 722.244 1005.43 871.732 456.826 557.315 115.004 405.255 465.13 913.46 110.059 406.262 584.508 212.455 681.281 668.243 653.104 378.53 175.354 539.157 122 538.093 273.339 634.315 644.24 567.134 424.011 312.021 244.561 697.42 564.831 299.348 656.037 417.08 440.239 286.503 283.551 49.6488 406.241 929.252 823.303 312.271 784.398 
691.876 382.027 507.347 468.675 404.25 133.81 784.985 541.651 157.953 838.285 392.255 897.157 495.956 864.589 688.625 410.239 573.54 483.076 466.135 924.741 775.818 565.134 319.64 289.558 332.737 520.465 909.164 157.28 198.457 415.524 354.865 613.425 683.518 517.487 454.274 425.466 575.587 171.703 601.699 200.569 547.995 831.941 483.741 160.078 394.438 131.605 700.834 320.4 549.459 597.476 606.942 263.31 56.5862 333.636 221.326 579.94 922.775 575.634 164.247 687.236 
309.919 754.987 271.45 387.569 792.669 763.333 77 216.518 623.491 594.024 770.388 600.913 300.083 449.222 360.001 588.002 322.444 669.283 812.682 337.006 297.397 358.265 677.625 869.166 425.554 297.741 157.867 742.418 620.549 488.33 967.678 211.698 90.802 391.389 384.194 707.025 221.165 684.996 246.008 559.923 276.991 564.685 309.414 760.585 446.387 868.02 58.6003 702.802 720.528 202.032 536.958 552.523 705.365 474.435 732.274 498.839 173.404 811.263 595.202 277.937 
677.632 821.663 286.398 174.152 384.86 676.018 550.974 358.431 548.923 256.55 837.922 311.713 252.517 294.613 714.077 201.358 161.372 224.19 907.727 803.338 715.672 126.321 727.641 528.05 415.621 226.135 614.369 476.592 586.669 628.618 614.586 529.967 391.76 619.22 194.494 288.087 282.639 429.745 236.349 423.515 529.317 246.435 487.083 690.456 215.337 636.284 430.215 747.468 253.712 499.027 61.131 562.346 564.075 276.626 428.378 22.0227 630.968 968.407 494.581 649.648 
709.941 672.423 349.567 227.798 179.494 475.896 673.146 422.235 378.155 484.373 687.154 546.452 316.443 545.485 732.069 50.636 317.616 130.177 762.266 893.302 772.324 290.689 583.618 282.177 339.037 316.834 769.332 231.821 428.118 551.725 374.621 576.238 524.138 590.953 230.202 109.895 393.314 193.871 381.872 258.936 543.266 482.474 480.829 495.904 172.363 391.004 556.909 597.773 205 547.691 253.492 433.866 356.519 175.935 178.362 237.356 785.604 846.694 324.902 689.705 
610.816 466.953 348.323 292.171 313.844 271.28 652.056 396.295 172.409 664.172 481.203 721.688 330.841 686.069 620.059 247.491 398.005 337.535 556.821 827.179 687.221 387.675 380.97 286.775 217.002 351.511 769.275 135.059 224.876 386.999 381.189 503.7 531.945 457.389 279.065 296.933 413.783 83.006 432.539 75.8947 449.42 656.385 381.619 289.519 216.834 260.5 554.563 393.146 410.742 481.582 434.578 246.203 154.693 158.155 152.765 404.734 784.031 647.013 122.723 598.559 
144.475 660.512 352.264 486.215 875.685 726.693 117.38 276.176 601.041 763.497 674.214 775.441 388.346 627.271 193.794 682.03 452.991 776.804 703.077 196.352 117.201 488.337 597.814 919.472 426.62 400.96 222.946 775.021 582.507 401.299 1017.06 138.452 234.798 285.012 475.943 800.625 332.826 720.642 379.269 573.569 205.73 735.07 267.978 717.696 525.09 875.939 198.295 622.113 837.558 158.398 675.37 509.338 696.208 532.541 779.976 633.167 227.741 680.077 587.986 117.047 
338.479 223.511 531.008 619.487 845.568 417.757 574.13 488.035 378.942 1028.68 231.664 1066.21 555.237 957.427 300.375 729.583 670.814 836.059 237.036 558.628 416.53 691.274 215.058 791.768 384.97 588.401 695.27 633.998 326.939 165.529 869.975 389.659 588.344 212.144 599.204 815.873 577.027 604.015 635.29 461.112 331.038 1008 331.724 394.975 594.792 645.864 574.808 228.219 911.454 403.764 845.687 286.007 469.93 550.619 677.366 801.974 701.12 210.09 413.586 358.833 
431.393 180.069 617.518 697.269 889.27 416.203 670.773 579.118 411.024 1111.52 181.571 1151.37 639.515 1047.32 390.565 790.974 755.59 895.559 159.731 643.442 506.222 773.997 213.883 817.296 456.581 673.181 791.154 664.007 356.742 245.349 888.28 486.467 683.77 308.235 676.737 868.763 666.888 641.363 724.311 510.784 426.804 1091.92 423.232 390.621 665.706 652.435 671.059 216.481 971.136 500.073 920.61 333.808 490.251 616.65 713.55 877.798 796.684 113.217 454.12 453.296 
732.563 602.764 414.074 314.025 169.664 382.341 736.31 478.006 311.662 603.858 616.159 666.251 386.43 663.001 747.086 170.658 415.047 225.411 692.117 935.975 803.622 393.126 520.463 184.174 340.026 395.828 843.047 113.635 365.548 528.765 282.406 612.119 598.001 590.8 309.743 167.263 469.297 89.0505 470.032 216.592 566.768 602.416 499.985 405.222 242.671 271.448 626.907 530.634 290.663 586.489 373.451 390.415 263.837 212.84 59 356.721 858.8 787.25 265.731 716.771 
252.771 788.483 545.674 678.473 1071.09 894.043 248.974 470.545 778.165 917.397 799.978 919.614 581.234 762.685 278.686 876.108 635.784 968.93 813.607 23.3238 165.849 671.739 741.243 1113.31 615.91 591.261 257.303 966.555 753.023 551.272 1210.5 327.947 405.191 432.484 669.247 995.073 519.57 913.085 559.772 762.969 386.167 887.614 452.816 881.827 720.118 1060.15 366.553 763.77 1027.54 351.71 856.344 679.915 876.644 728.045 973.926 815.893 248.709 764.006 771.167 248.697 
852.416 569.022 597.478 517.731 283.064 316.057 906.448 649.887 335.678 812.316 578.07 875.825 575.806 878.014 855.585 383.881 622.367 415.843 649.998 1076.33 932.537 603.484 510.393 118.191 466.138 591.531 1022.65 123.483 383.437 594.358 164.438 754.936 782.739 686.442 509.816 343.351 659.873 181.177 670.108 319 696.724 812.981 629.382 343.071 442.233 93.5361 807.094 510.358 464.665 734.139 584.829 440.505 238.757 396.548 156.051 570.842 1037.59 763.024 320.34 843.356 
503.086 758.238 151.344 155.756 539.268 672.596 353.566 197.59 530.212 359.94 774.878 389.166 137.753 281.812 544.64 333.209 52.8394 398.841 836.36 608.113 530.224 83.4506 666.197 647.864 346.655 105.109 419.99 552.197 552.001 523.534 743.28 357.001 194.805 481.769 165.979 446.794 107.331 496.179 48.1041 422.734 374.339 335.418 350.407 679.857 232.019 701.795 233.418 689.42 443.717 327.33 257.002 505.371 579.615 286.505 522.732 218.563 436.634 874.818 483.426 472.848 
839.174 764.137 475.395 347.8 65 543.647 796.786 549.484 471.19 507.285 777.769 572.197 441.082 605.615 860.759 147.122 425.466 104.235 853.696 1021.44 901.613 394.098 680.207 230.497 463.492 437.8 887.764 261.817 524.37 670.329 302.952 705.457 644.376 716.8 353.344 31.7805 514.23 250.928 495.767 364.803 672.402 513.165 609.493 567.008 300.083 401.882 678.617 691.365 142.667 676.772 297.195 542.038 425.846 304.385 196.703 300.468 904.221 946.607 422.396 819.054 
626.671 133.754 613.022 632.219 674.754 139.786 802.556 613.059 237.2 1042.51 136.927 1094.99 617.978 1030.12 603.829 643.351 723.086 732.446 201.636 864.974 713.371 727.27 138.293 559.937 410.157 650.13 932.269 428.616 203.961 331.308 613.306 607.705 750.941 450.131 613.091 684.3 679.283 429.298 723.849 363.418 535.045 1030.36 491.009 114.237 572.177 366.067 754.528 117.478 803.971 605.072 820.337 254.788 254.395 509.645 490.306 785.064 942.501 320.295 291.894 635.152 
556.386 500.564 261.859 205.292 332.417 338.565 573.071 314.917 213.715 594.246 516.047 649.111 242.621 603.511 571.64 206.671 310.363 310.221 589.665 761.804 627.694 302.002 408.873 349.206 165.677 262.612 686.985 213.002 257.235 369.915 447.073 437.453 446.768 418.922 191.128 288.998 326.057 155.618 343.594 87.046 390.591 583.959 323.784 352.602 131.939 349.057 471.123 425.353 385.798 412.769 370.028 252.771 230.645 70.2567 209.69 335.394 702.084 667.776 158.619 540.626 
259.946 634.716 171.677 303.592 700.316 634.924 159.201 100.449 495.368 599.421 650.495 619.776 206.62 484.737 304.508 502.004 270.474 594.079 697.093 378.652 285.063 305.287 554.193 760.013 298.52 216.933 278.632 625.761 492.196 370 858.539 120.673 90.802 285.701 294.735 621.332 149.091 569.008 199.424 436.481 166.739 572.689 185.335 632.229 348.673 745.058 81.5843 579.351 653.649 96.8762 492.709 424.57 578.731 365.591 621.264 449.9 292.576 706.14 468.334 228.729 
543.281 81.7863 557.66 592.225 686.28 175.251 726.364 549.742 216.668 1008.93 94.2444 1058.46 566.634 983.358 519.582 628.924 676.416 724.754 170.188 781.072 629.756 684.229 54.4059 590.425 357.883 599.835 855.8 446.171 169.532 250.38 653.885 530.637 683.895 368.246 572.295 683.86 621.612 435.784 669.722 340.649 458.279 994.694 418.728 148.852 538.889 412.478 684.808 33.0151 798.537 530.024 793.385 199.123 267.11 478.754 503.171 755.45 865.504 274.467 270.756 552.635 
410.235 773.296 198.595 282.144 682.807 736.174 212.763 183.12 592.03 461.885 789.56 473.76 214.086 330.044 457.587 476.114 198.346 548.074 841.758 472.424 417.164 232.622 687.285 777.746 392.562 198.567 269.602 665.904 601.002 515.19 875.134 279.122 71.6938 441.862 284.345 592.663 130.969 608.346 126.905 505.372 323.303 433.195 327.844 738.253 351.411 805.077 104.12 712.057 594.133 256.008 403.887 541.225 660.049 392.747 645.827 367.642 286.245 859.386 553.984 377.955 
351.142 737.143 198.116 304.803 709.82 718.171 159.355 159.615 575.265 521.145 753.154 533.802 222.443 389.606 398.984 504.255 236.129 583.6 802.043 416.829 357.144 271.936 653.967 792.939 374.733 215.808 236.89 672.18 579.008 474.65 891.162 224.154 17.72 393.314 303.041 622.832 139.946 614.499 159.778 499.168 274.345 492.666 287.785 718.136 367.325 804.463 44.1475 679.003 634.255 203.494 451.426 515.33 650.13 400.649 657.749 412.826 253.207 813.548 541.531 318.779 
161.012 582.204 245.153 379.638 760.424 620.455 164.049 168.074 489.612 698.279 597.117 718.925 281.824 582.619 205.412 570.576 362.609 668.566 635.831 311.853 195.474 396.102 510.009 800.69 309.006 299.608 293.552 656.293 475.613 315.767 898.22 32.7567 182.8 212.551 367.315 688.077 240.751 601.798 295.264 455.58 104.043 671.704 155.801 613.601 411.779 759.682 159.226 535 732.296 40 583.014 403.441 582.289 415.415 661.211 539.182 303.691 631.751 473.001 130.269 
1072.96 792.945 779.62 675.643 308.935 540.296 1100.69 841.929 567.116 873.275 800.643 938.254 752.001 978.227 1079.61 496.473 771.36 476.018 869.83 1289.59 1150.2 745.059 739.952 182.124 680.018 760.282 1208.68 329.515 615.497 824.711 83.5464 965.454 963.612 912.527 673.406 403.854 834.55 380.596 832.005 535.374 912.437 881.917 844.636 566.973 607.297 303.389 992.484 738.318 491.229 942.068 669.881 671.146 470.864 577.361 321.055 671.161 1224.42 986.25 547.878 1061.45 
