60 60 12
777 335 649 27 763 426 211 429 862 135 22 167 11 373 784 324 413 980 862 281 84 505 313 895 814 364 87 178 403 399 676 12 94 570 467 902 652 280 865 619 31 771 709 856 586 683 528 829 270 715 796 245 921 488 841 500 124 856 227 936 
432000 551000 437000 228000 275000 407000 474000 121000 858000 395000 29000 237000 
3 8 0 4 5 4 0 9 8 11 4 6 2 2 1 4 2 3 4 10 1 5 4 5 6 9 0 11 8 11 1 3 11 9 2 2 10 6 9 6 4 9 6 9 1 7 7 11 11 10 10 1 4 2 2 2 2 2 3 7 
4156.01 1245.35 5214.64 5884.9 7659.57 3081.77 6263.9 4935.85 2882.1 10064.3 1369.38 10493.9 5394.85 9544.22 3854.67 6707.73 6551.24 7744.79 1720.29 6479.3 4995.93 6704.33 1035.86 6969.45 3450.36 5735.26 7530.76 5422.08 2340.53 1557.56 7706.39 4322.8 6126.28 2550.39 5678.74 7461.27 5769.33 5183.22 6318.05 3881.91 3640.47 9883.41 3432.1 2845.29 5512.18 5401.19 6058.98 1161.03 8500.01 4390.05 8079.42 2118.96 3708.07 4993.65 5907.12 7660.77 7609.19 2078.51 3308.01 4299.59 
9073.17 10988.7 5388.97 4477.56 5491.02 9449.5 7255.8 5998.01 8232.14 594.643 11151.1 1029.03 5104.16 2402.6 9496.04 4361.25 3980.77 3912.66 11849.1 9853.7 9282.46 3734.72 10048.5 7228.87 6912.86 4786.49 7457.35 7158.56 8627.6 9000.63 7905.2 7619.77 5809.6 8783.35 4683.7 4660.04 5115.05 6781.36 4531.54 6968.54 7770.03 898.443 7450.77 9611.41 4922.19 8733.32 6176.93 10246.1 3600.89 7324.17 2405.27 8395.53 8293.43 5524.2 6578.22 2756.32 7608.48 12437.9 7683.75 8765.77 
1828 3863.74 3179.7 4278.55 7348.54 4618.5 3592.34 2638.22 3528.81 8170.17 4008.44 8495.23 3477.01 7323.78 1792.01 5780.55 4589.47 6850.07 4378.79 4210.48 2690.3 4841.53 3204.65 7298.55 2370.02 3784.28 4866.95 5725.74 3224.05 1239.68 8216.23 1651.97 3576.44 214.709 4091.81 6828.07 3544.01 5264.54 4138.53 3685.43 1006.48 7942.2 1118.26 4495.39 4242.09 6410.9 3452.59 3448.19 7574.46 1747.71 6548.66 2502 4539.98 3978.5 5962.63 6098.61 4951.45 4390.28 3564 1838.07 
1368.54 4729.52 2769.3 4016.03 7460.73 5319.94 2723.42 2098.59 4113.51 7660.39 4875.62 7936.38 3110.45 6678 1575.44 5727.66 4133.19 6771.06 5246.61 3589.12 2128.1 4424.76 4044.32 7613.91 2585.44 3376.64 4002.11 6086 3886.72 2081.95 8563.47 787.464 2800.32 1011.93 3851.05 6844.85 2988.59 5580.44 3582.36 4028.36 341.321 7415.07 958.541 5221.8 4135.41 6937.82 2636.23 4291.21 7464.15 930.054 6225.79 3153.17 5096.6 4000 6239.12 5775.37 4090.01 5215.52 4049.49 1236.93 
3200.39 4208.3 1900 2706.01 5677.26 3935.73 3884.02 1744.16 2555.62 6802.54 4373.75 7202.56 2086.26 6230.13 3341.53 4080.01 3246.92 5151.4 4959.97 5362.13 3950.32 3426.67 3316.52 5780.01 752.13 2425.39 5155.2 4263.8 2509.66 1862.07 6733.14 2158.45 3126.4 1890.03 2505.99 5128.84 2486.7 3748.99 3012.13 2214.61 1572.67 6605.47 894.986 3909.5 2563.01 5218.52 3195.07 3560.41 5880.43 1982.52 4980.49 1853.89 3448.03 2276.36 4404.09 4537.76 5281.86 5352.92 2350.53 3064.93 
5254.19 273.13 6120.46 6642.48 7885.92 2788.69 7365.79 5918.59 3127.75 10835 296.816 11299.2 6262.31 10440.1 4934.47 7204.78 7400.17 8193.98 756.902 7552.75 6084.82 7518.33 1062.31 6955.9 4221.53 6601.7 8636.81 5504.36 2611.74 2609.69 7585.17 5417.91 7165.95 3657.24 6438.17 7820.81 6714.5 5377.67 7239.15 4313.94 4724.58 10673.4 4465.18 2520.52 6179.6 5156.21 7119.42 921.141 8939.81 5471.71 8750.18 2697.42 3715.55 5608.23 6063.83 8351.89 8716.74 1692.96 3644.86 5405.57 
6002.62 4809.42 3260.87 2670.92 3100.06 2930.61 6332.02 3763.03 1864.32 6406.47 4955.5 6977.82 3075.61 6609.96 6113.83 2281.27 3730.01 3217.58 5708.24 8132.98 6751.48 3625.05 3931.46 2976.34 2054.56 3275.15 7491.23 1518.19 2371.18 3867.74 3937.22 4891.83 5104.24 4513.06 2541.59 2855.75 3908.58 961.665 4083.97 750.067 4371.54 6324.75 3694.39 3103.63 1916.69 2840.74 5338.41 4065.19 3958.85 4661.77 4117.09 2514.48 1780.11 1333.75 1601.78 3810.77 7640.29 6580.27 1338.25 5868.81 
5452.12 2030.1 7321.05 8049.67 9641.05 4560.89 7890.66 6967.37 4851.61 12220.8 1943.71 12638.1 7524.47 11635.8 5019.41 8838.57 8684.93 9858.53 1290.35 7470 6161.05 8852.68 2762.79 8740.62 5618.06 7863.49 9079.6 7282.04 4317.23 3596.11 9361.2 6061.77 8034.81 4281.18 7843.55 9529.2 7835.92 7134.05 8403.49 5972.34 5466.42 12034.1 5414.21 4291.17 7680.16 6916.68 7909.41 2679.78 10611 6199.56 10248.6 4248.76 5496.05 7153.55 7830.92 9830.05 9129.69 94.8683 5341.36 5687.47 
5501.42 3659.41 3576.77 3396.29 4144.03 1959.31 6299.18 3873.42 715.612 7394.65 3805.52 7937.42 3502.8 7412.71 5525.26 3412.04 4395.27 4367.26 4558.27 7778.21 6315.61 4370.49 2787.29 3642.97 1776.12 3777.19 7539.23 2046 1225.6 2985.3 4514.65 4615.04 5298.54 3837.2 3224.05 3991.15 4265.68 1694.99 4579.19 599.333 3986.1 7287.01 3326.7 2080.02 2724.06 2760.07 5461.61 2915.96 5108.83 4441.5 5152.18 1493.45 1047.38 2088.66 2429.09 4808.1 7675.4 5445.46 210 5424.07 
4015.2 5167.79 1042.35 1533.95 4833.22 4379.24 3966.02 1396.71 2936.41 5668.45 5334.14 6095.28 1061.04 5230.72 4256.3 3046.47 2174.07 4095.85 5975.22 5911.08 4644.36 2305.17 4238.35 5247.04 1028.59 1391.19 5126.5 3883.98 3098.85 3015.73 6229.65 2692.29 2779.66 3000.28 1333.3 4170.43 1731.42 3316.02 2120.85 2064.61 2353.72 5483.91 1762.3 4422.59 1461.68 5127.12 2984.39 4465.98 4801.76 2420.02 3807.89 2616.3 3592.21 1364.73 3853.79 3365.06 5274.1 6464.67 2531.26 3810.84 
4189.61 2414.56 3715.17 4146.56 5860.46 2263.12 5606.01 3652.1 1274.56 8338.66 2580.31 8806.33 3815.34 7991.96 4099.28 4840.04 4931.29 5877.16 3252.72 6572.13 5053.33 5032.57 1478.72 5364.92 1739.25 4150.47 6901.88 3772.44 870 1325.75 6196.01 3694.24 5023.59 2395.77 3942.55 5608.79 4353.94 3443.98 4836.63 2032.14 2974.05 8178.47 2459.61 2161.78 3696.82 4145.41 5063.95 1704.7 6632.56 3626.91 6270.96 260.768 2277.94 3148.41 4178.24 5865.37 7013.42 3916.25 1540.55 4193.15 
7568.97 7718.91 3725.18 2382.96 2015.56 5814.14 6835.92 4493.92 4791.76 3887.26 7869.85 4524.48 3362.04 4716.66 7845.1 671.193 2991 523.927 8614.85 9201.49 8110.46 2655.05 6814.55 3523.19 4132.37 3256.82 7660.06 3325.33 5273.65 6320.93 4342.46 6154.42 5269.25 6568.81 2493.23 1047.85 3999.41 2987.39 3730.48 3562.04 5935.7 3902.67 5365.37 6010.56 2141.49 4893.76 5630.46 6968.54 1200.17 5852.61 1653.03 5262.75 4621.96 2451.53 2738.65 1641.37 7826.02 9414.8 4249.09 7334.85 
4577.1 1789.33 4374.12 4769.42 6175.08 1903.71 6176.45 4302.65 1390.58 8955.29 1952.9 9433.9 4470.1 8643.7 4424.08 5327.68 5578.91 6337.85 2655.48 6974.13 5448.83 5670.71 848.528 5496.05 2387.3 4804.02 7474.02 3936.15 850.235 1595.31 6262.56 4238.21 5661.17 2772.81 4567.11 6011.73 5012.88 3692.21 5495.31 2450.18 3511.64 8801.96 3050.59 1740.26 4282.25 4047.34 5687.83 1058.02 7089.35 4198.15 6850.66 810.555 2261.06 3707.57 4415.48 6455.01 7579.77 3427.94 1831.2 4618.89 
4509.6 4973.63 1584.93 1582.56 4311.95 3914.49 4592.21 2022 2489.1 5772.09 5138.22 6247.25 1492.15 5524.72 4708.14 2660.47 2456.93 3733.43 5819.6 6491.59 5183.53 2502.18 4032.88 4634.92 903.383 1775.53 5751.5 3257.3 2737.08 3098.08 5615.3 3254.24 3387.33 3310.14 1380.58 3717.12 2267.36 2690.07 2570.31 1483.54 2839.52 5615.28 2196.41 3985.4 1197.75 4515.45 3604.57 4243.41 4467.06 2996.87 3742.04 2376.49 3042.78 859.884 3240.06 3321.22 5899.69 6418.04 2028.05 4328.44 
5452.86 5985.88 1827.84 862.844 3480.01 4580.24 5073.32 2535.05 3259.6 4800 6147.3 5323.5 1523.06 4817.69 5705.19 1598.41 1925.85 2646.83 6855.11 7241.89 6047.35 1810 5047.74 4193.58 2042.67 1607.51 6093.61 3111.94 3624.94 4241.9 5173.49 4083.83 3637.61 4411.62 765.376 2745.91 2342.41 2547.88 2371.43 2025.96 3799.54 4676.15 3210.55 4704.72 101.98 4606.14 3940.88 5240.47 3360.24 3793.81 2651.89 3403.31 3523.31 536.656 2866.67 2255.95 6253.08 7517.13 2723.82 5236.22 
2772.18 5954.94 1249.2 2594.8 6493.6 5823.44 2158.73 483.322 4414.94 5886.94 6115.9 6147.06 1614 4894.49 3165.33 4541.92 2432.49 5496.22 6620.48 4241.57 3169.31 2758.01 5117.89 7044.5 2431.3 1780.17 3351.81 5690.56 4408.28 3350.49 8029.05 1295.53 1245.35 2652.11 2483.65 5728.92 1229.72 5124.1 1809.53 3796.97 1496.26 5635.22 1475.97 5806.69 2979.35 6882.69 1296.53 5368.15 6119.55 990.404 4620.69 3750.65 5230.72 3109.23 5654.6 4180.05 3492.92 6795.09 4128.26 2485.82 
7366.1 5016.02 4823 4118.47 2768.47 2601.63 7882.29 5323.76 2355.36 7421.92 5130.4 8036.17 4624.65 7891.11 7416.53 3080.29 5178.9 3666.99 5880.99 9585.26 8157.24 5023.64 4303.77 1773.87 3478.97 4803.6 9053.32 304.795 2877.93 4882.15 2606.47 6365.53 6669.13 5740.53 4018.42 3038.63 5462.33 720.278 5602.93 2008.63 5791.75 7391.38 5116.49 2857.01 3353.76 1371.79 6902.94 4351.3 4289.81 6155.33 5105.33 3358.36 1530.62 2844.8 955.877 4896.12 9201.42 6933.54 2099.74 7266.15 
4825.9 2814 3679.35 3847.87 5120.71 1821.65 5980.8 3780.01 523.45 7994.56 2970.61 8499.09 3703.42 7813.69 4783.58 4249.48 4743.05 5252.89 3703.04 7176.07 5673.89 4789.42 1895.28 4576.65 1656.05 4019.91 7261.77 2985.1 449.444 2088.56 5409.81 4148.8 5203.11 3072.1 3653 4928.14 4356.8 2671.87 4772.1 1364.73 3457.7 7858 2857.87 1810.03 3289.77 3414.75 5299.67 2062.06 6003.75 4030.93 5834.36 550.364 1539.12 2687.04 3404.76 5453.82 7384.85 4514.26 770.584 4794.18 
5763.21 6894.73 1845.45 510.098 3678.7 5535.86 4930.77 2616.33 4213.8 3859.24 7057.83 4371.04 1478.72 3887.47 6080.01 1612.27 1221.88 2433.43 7752.42 7298.83 6250.48 982.344 5953.99 4734.91 2834.71 1347.37 5799.67 3875.84 4566.02 4986.88 5684.2 4313.93 3377 4979.41 680.661 2789.93 2092.51 3341.5 1881.38 2982.92 4183.87 3725.87 3687.51 5661.81 859.593 5430.23 3730.66 6155.01 3030.26 4006.56 1815.71 4299.42 4465.15 1493.75 3519.28 1382.32 5964.5 8360.86 3680.23 5509.56 
2377.16 3101.03 3787.37 4760.01 7468.53 4137.17 4378.52 3330.54 3236.82 8781.12 3240.02 9138.01 4049.31 8025.91 2185.86 6068.22 5194.81 7143.82 3583.09 4767.07 3246.17 5417.65 2515.25 7223.8 2570.31 4374.16 5643.09 5628.8 2838.63 657.647 8099.44 2449.76 4357.36 662.722 4562.57 7040.11 4224.04 5223.04 4810 3667.49 1800.25 8565.98 1767.82 3980.45 4608.34 6120.66 4246.47 2748.04 7886.24 2545.94 7037.96 2177.45 4249.48 4249.52 5946.51 6593.09 5721.98 3606.62 3393.29 2469.09 
3470.92 2035.93 5170.42 6014.46 8199.76 3907.17 5757.85 4772.47 3518.64 10130 2130.19 10517 5400.49 9458.04 3117.08 7068.59 6559.64 8130.1 2260.55 5722.97 4275.91 6754.06 1888.31 7646.21 3644.08 5735.02 6988.23 6070.32 2996.66 1470.27 8425.72 3877.69 5824.77 2082.55 5810.47 7915.82 5653.01 5775.85 6229.81 4359.32 3260.38 9928.39 3212.63 3681.44 5743.81 6183.92 5706.46 2029.7 8884.87 3999.3 8267.65 2600.94 4424.76 5287.97 6508.89 7833.42 7052.74 2138.62 3872.18 3654.94 
1626.93 5977.24 2527.69 3873.98 7715.11 6369.08 1480 1756.84 5058.46 6974.02 6125.66 7166.12 2893.6 5782.15 2090.22 5801.15 3660.34 6770.97 6505.88 3001.67 1895.94 4000.61 5260.47 8141.95 3242.3 3056.35 2773.54 6706.3 4920.65 3314.89 9118.77 480.937 1770.2 2268.08 3757.13 6980.56 2440.18 6158.9 2969.53 4705.58 1202.04 6704.7 1721.69 6300.87 4219.22 7751.94 1508.14 5510.15 7399.85 555.698 5873.41 4199.2 5982.48 4274.04 6746.85 5438.28 2873.67 6448.54 4888.29 1309.73 
4376.59 3961.84 2418.68 2600.48 4674.02 3005.4 5019.08 2618.95 1562.05 6782.58 4125.64 7265.21 2421.67 6533.8 4468.04 3360.01 3461.57 4424.49 4817.69 6577.32 5152.18 3521.32 3020.74 4601.79 496.488 2735.42 6259.98 3060.07 1734.59 2333.43 5541.48 3371.25 4050.88 2865.27 2400 4257.35 3104.53 2564 3495.15 1002.65 2782.89 6631.03 2107.94 3043.45 2126.08 4019.66 4195.87 3226.84 5178.2 3180.57 4700.27 1364.73 2311.73 1596.56 3247.77 4294.38 6395.53 5469.63 1210.37 4262.51 
5714.24 4300.91 3308.47 2920.36 3574.53 2507.99 6242.56 3720.23 1359.12 6811.95 4447.89 7368.24 3175.3 6917.55 5791.18 2770.65 3956.83 3724.9 5199.55 7911.03 6492.23 3893.08 3420.72 3278.19 1803.25 3414.75 7441.65 1720.47 1860.75 3427.73 4206.09 4689.66 5111.01 4149.72 2766.22 3364.67 3983.18 1246.15 4227.4 338.378 4120.59 6715.97 3443.98 2660.11 2202.04 2795.51 5313.99 3555.63 4468.04 4481.79 4546.57 2025.56 1423.69 1574.1 1961.63 4217.74 7585.38 6070.23 827.647 5602.66 
1306.48 6699.33 4505.64 5851.61 9668.76 7705.06 2067.37 3735.63 6556 8675.68 6820.01 8780.8 4870.82 7277.92 1630.77 7777.64 5569.25 8750.5 6998.61 1137.01 470.106 5920.35 6194.91 9994 4986.15 5019.77 2765.88 8499.44 6296.82 4281.93 10958 2152.32 3395.11 3091.96 5736.65 8953.09 4360.1 7975.79 4838.11 6451.05 2667.38 8389.34 3342.6 7582.94 6190.01 9390.28 3025.24 6423.65 9375.77 2423.96 7793.26 5566.52 7546.34 6206.72 8604.95 7367.67 2752.74 6590.18 6501.65 1251.96 
4143.49 8695.8 3498.57 4444.38 8447.54 8680.74 1569.84 3112.64 7261.1 5603.3 8850.84 5550.14 3711.94 3955.06 4646.57 6380.45 3585.04 7066.72 9280.29 3873.6 3868.46 3913.68 7910 9391.62 5259.67 3593.4 1274.24 8231.77 7271.01 6031.76 10368.2 3268.96 1683.45 5067.25 4459.82 7538.24 2871.39 7654.84 2892.49 6523.26 3923.12 5298.62 4220.92 8668.76 5125.1 9573.57 1570 8161.77 7486.69 3173.2 5503.72 6610.27 8028.61 5505.22 8059.9 5183.68 1427.73 9261.06 6938.66 3834.5 
5556.66 9428.27 3522.78 3953.8 7629.97 8943.4 3148.84 3513.53 7500.67 3947.07 9591.4 3836.31 3570.22 2230.81 6052.39 5617.09 2908.01 6086.22 10117.5 5602.61 5441.42 3132.68 8560.54 8840.96 5538.64 3314.89 2980.82 7918.08 7634.97 6851.49 9779.98 4388.54 2324.99 6088.17 4048.21 6672.71 2838.33 7356.64 2502.42 6530.49 4898.42 3641.24 4977.49 8983.91 4715.1 9404.03 2511.43 8806.96 6368.5 4192.37 4292.14 7067.71 8100.01 5241.09 7616.82 4070.34 3120.06 10281.6 7080.75 5233.45 
3360.24 5885.11 584.209 1926.34 5812.07 5470.91 2782.89 202.485 4034.96 5466.49 6049.83 5782.75 950.368 4654.14 3713.83 3858.34 1910.39 4819.65 6612.55 4925.41 3822.32 2202.27 5001.3 6402.81 2030.62 1166.19 3910.19 5090.35 4104.11 3400 7388.57 1893.2 1571.78 2926.17 1805.8 5044.73 848.999 4518.07 1432.83 3276.22 1891.08 5233.1 1613.35 5482.64 2296.37 6347.69 1762.84 5245.84 5452.86 1583.82 4028.92 3506.57 4773.78 2453.92 5019.05 3581.76 4059.82 6907.92 3687.51 3093.17 
3239.03 8629.81 5749.66 7041.46 11038.8 9583.91 2576.24 5030.36 8377.17 9074.91 8748.74 9040.93 6090.76 7445.65 3541.41 9043.12 6504.96 9924.46 8906.32 1016.37 2388.72 6865.17 8125.03 11569.8 6665.62 6149.28 2247.51 10143.9 8157.27 6199.69 12549.5 3781.07 4168.86 5007.07 6969.89 10238.5 5402.56 9595.88 5738.02 8134.89 4423.77 8772.07 5068.57 9474.03 7522.47 11154 3790.84 8355.12 10472.5 3980.38 8667.97 7423.81 9344.03 7662.19 10174.8 8283.97 2122.5 8431.16 8269.87 3153.28 
4999.4 1411.56 6609.61 7309.06 8916.96 3925.88 7350.63 6284.41 4120.69 11486.2 1367.04 11910.7 6803.09 10933.1 4601.32 8088.02 7962.14 9110.14 942.019 7140.57 5760.22 8122.51 2040.25 8063.57 4874.69 7142.91 8571.14 6580.62 3582.81 2896.14 8714.94 5474.03 7398.38 3676.81 7102.91 8788 7141.01 6413 7701.6 5225.51 4846.46 11303 4743.68 3659.03 6930.98 6296.28 7293.01 1982.52 9863.09 5589.75 9500.75 3497.26 4802.77 6402.16 7116.83 9083.67 8631.14 658.635 4601.79 5208.62 
5587.46 1346.48 5350.59 5590.47 6346.79 1241.93 7259.89 5341.58 1715.93 9726.72 1462.5 10238.1 5409.41 9548.11 5392.68 5838.6 6475.65 6776.32 2218.4 7981.68 6458.68 6530.43 840.536 5372.76 3325.19 5734.15 8557.46 3935.12 1304.3 2605.48 6012.02 5318.99 6720.86 3798.03 5395.59 6346.79 6009.6 3846.1 6462.39 2977.94 4592.13 9595.3 4132.72 986.813 5018.55 3610.5 6759.59 755.844 7508.41 5281.86 7536.82 1760.82 2144.41 4403.2 4511.36 7169.55 8662.66 3276.11 2266.32 5651.92 
2070.77 7402.7 5235.36 6576.06 10445.9 8503 2464.83 4471.66 7370.82 9171.54 7516.26 9228.35 5596.97 7682.14 2304.95 8528.38 6219.14 9481.71 7646.65 326.497 1198.83 6575.78 6943.44 10804.7 5803.32 5722.18 2787.42 9316.15 7103.03 5057.99 11770.9 2951.69 3959.22 3875.51 6471.74 9711.13 5030.36 8790.05 5469.63 7269.59 3486.9 8877.95 4161.25 8374.84 6951.17 10209.7 3575.6 7166.48 10088.9 3210.76 8438.63 6374.52 8363.67 6993.85 9414 8023.37 2726.06 7150.25 7321.45 2060.1 
6173.31 1847.08 7682.38 8288.75 9505.98 4248.07 8536.42 7403.03 4794.13 12481.2 1706.99 12930.4 7852.5 12012.6 5763.9 8887.08 9003.79 9870.79 948.472 8268.28 6918.36 9141.61 2745.91 8464.9 5854.84 8193.08 9756.49 7084.02 4288.23 4013.1 9012.75 6654.2 8555.87 4855.36 8083.35 9481.92 8240.93 7004.03 8788.77 5995.62 6016.94 12311.3 5881.16 3980.26 7850.08 6537.35 8461.41 2591.41 10614.4 6763.02 10423.2 4368.18 5296.83 7286.16 7669.32 10020.3 9815.65 866.487 5320.08 6388.75 
4821.04 1613.35 4618.5 4972.93 6212.97 1707.42 6445.97 4563.18 1414.39 9150.42 1772.34 9637.56 4704.72 8872.22 4654.73 5450.47 5803.52 6444.36 2499.48 7218.26 5693.09 5885.75 693.542 5457.77 2617.06 5036.59 7743.54 3920.32 876.413 1834.12 6195.36 4506.28 5927 3020.02 4772.22 6090.85 5263 3714 5738.1 2560.31 3779.55 9002.54 3320.74 1523.06 4461.85 3926.17 5956.27 863.713 7192.36 4467.94 7022.04 1029.56 2194.95 3874.08 4427.2 6633.2 7848.93 3346.07 1903.39 4870.16 
2907.65 8307.16 5225.29 6514.38 10515.3 9162.73 2050.1 4510.1 7929.6 8594.56 8431.68 8577.98 5565.11 6990.12 3260.75 8516.74 5979.43 9396.73 8626.3 1025.91 2100.02 6339.75 7764.08 11062.8 6183.28 5621.81 1835.21 9648.16 7727.96 5819.97 12043.8 3309.05 3643.64 4629.22 6443.8 9712.24 4874.83 9096.96 5212.54 7649.58 3972.83 8292.92 4604.31 9061.48 6999.52 10683.2 3264.66 7998.82 9945.42 3493.61 8147.11 6994.63 8886.09 7147.09 9668.32 7760.89 1731.04 8212.69 7804.67 2781.89 
6225.09 9464.51 3380.95 3377.17 6679.8 8654.27 4056.6 3635.73 7233.98 2757.72 9630.52 2722.44 3300.56 1186.8 6699.33 4747.35 2329.4 5073.12 10219.9 6616.13 6253.53 2430.33 8555.5 8026.11 5385.43 2982.03 4120.45 7268.23 7450.85 7020.58 8930.31 4897.52 2840.42 6434.67 3520.57 5712.6 2781.96 6731.31 2258.43 6138.74 5273.11 2452.31 5194.55 8730.28 4132.05 8816.56 3144.53 8792.23 5278.28 4648.44 3194.01 6968.54 7700.42 4726.12 6891.62 3039.16 4269.38 10523.8 6760.78 5901.88 
5922 4767.07 3197.81 2633.72 3170.57 2923.35 6258.95 3692.38 1825.38 6404.7 4914.28 6972.27 3017.96 6586.14 6033.39 2308.53 3690.49 3258.67 5665.62 8053.55 6671.15 3592.34 3883.98 3056.68 1973.96 3222.62 7421.3 1592.98 2325.51 3794.38 4016.96 4812.74 5038.49 4433.8 2500.08 2910.84 3848.96 1039.66 4032.73 681.836 4291.21 6319.26 3614 3090.79 1884.09 2895.88 5270 4021.26 4002.62 4583.45 4121.47 2451.22 1785.19 1290.35 1682.38 3808.48 7569.97 6528.56 1292.52 5788.35 
9553.27 6863.21 6713.61 5746.74 2506.39 4331.15 9896.15 7309.06 4501.61 8139.83 6950.35 8788.22 6454.84 9022.86 9615.45 4092.46 6743.96 4103.12 7662.61 11734.9 10330.9 6506.32 6284.78 808.084 5631.7 6562.7 11004.1 2120.02 4994.33 7069.89 471.699 8497.34 8564.7 7943.26 5704.78 3351.49 7289.62 2646.43 7307.91 4178.25 7955.5 8190.61 7277.7 4600.88 5032.27 2011.02 8839.56 6283.71 4418.52 8269.37 5974.78 5536.15 3555.78 4681.29 2102.97 5922.77 11159.1 8802.75 4297.73 9442.17 
7993.61 6342.53 4846.33 3817.25 1369.53 3990.25 8070.35 5487.15 3519.62 6428.32 6465.74 7066.14 4566.16 7157.49 8122.96 2198.23 4805.85 2462.6 7222.44 10054.3 8717.32 4568.26 5573.15 1150.04 4052.55 4651.3 9134.6 1100.59 4062.62 5845.08 2124.55 6812.81 6682.43 6531.04 3785.3 1753.54 5391.57 1220 5380.93 2733.39 6343.15 6442.4 5671.34 4240.11 3120.21 2445.61 6974.2 5648.31 2993.48 6560.37 4170.8 4402.39 2865.03 2835.51 496.488 4062.41 9292.52 8233.03 3122.71 7843.98 
6918.76 3820.27 5073.47 4686.75 4042.5 1338.1 7849.85 5416.51 1579.53 8382.85 3922.55 8971.57 4959.56 8645.89 6886.25 4102.39 5735.4 4830.76 4661.35 9247.41 7758.18 5651.34 3196.4 2895.58 3327.37 5204.65 9091.64 1572.8 1984.57 4155.24 3548.65 6134.25 6835.18 5174.87 4542.74 4254.66 5755.87 1717.03 6016.99 2005.69 5479.95 8319.41 4837.41 1600.78 3944.38 1316.05 7008.34 3204 5494.59 5974.76 6069.42 2633.1 565.862 3336.36 2213.26 5799.4 9227.75 5756.34 1642.47 6872.36 
3099.19 7549.87 2714.5 3875.69 7926.69 7633.33 770 2165.18 6234.91 5940.24 7703.88 6009.13 3000.83 4492.22 3600.01 5880.02 3224.44 6692.83 8126.82 3370.06 2973.97 3582.65 6776.25 8691.66 4255.54 2977.41 1578.67 7424.18 6205.49 4883.3 9676.78 2116.98 908.02 3913.89 3841.94 7070.25 2211.65 6849.96 2460.08 5599.23 2769.91 5646.85 3094.14 7605.85 4463.87 8680.2 586.003 7028.02 7205.28 2020.32 5369.58 5525.23 7053.65 4744.35 7322.74 4988.39 1734.04 8112.63 5952.02 2779.37 
6776.32 8216.63 2863.98 1741.52 3848.6 6760.18 5509.74 3584.31 5489.23 2565.5 8379.22 3117.13 2525.17 2946.13 7140.77 2013.58 1613.72 2241.9 9077.27 8033.38 7156.72 1263.21 7276.41 5280.5 4156.21 2261.35 6143.69 4765.92 5866.69 6286.18 6145.86 5299.67 3917.6 6192.2 1944.94 2880.87 2826.39 4297.45 2363.49 4235.15 5293.17 2464.35 4870.83 6904.56 2153.37 6362.84 4302.15 7474.68 2537.12 4990.27 611.31 5623.46 5640.75 2766.26 4283.78 220.227 6309.68 9684.07 4945.81 6496.48 
7099.41 6724.23 3495.67 2277.98 1794.94 4758.96 6731.46 4222.35 3781.55 4843.73 6871.54 5464.52 3164.43 5454.85 7320.69 506.36 3176.16 1301.77 7622.66 8933.02 7723.24 2906.89 5836.18 2821.77 3390.37 3168.34 7693.32 2318.21 4281.18 5517.25 3746.21 5762.38 5241.38 5909.53 2302.02 1098.95 3933.14 1938.71 3818.72 2589.36 5432.66 4824.74 4808.29 4959.04 1723.63 3910.04 5569.09 5977.73 2050 5476.91 2534.92 4338.66 3565.19 1759.35 1783.62 2373.56 7856.04 8466.94 3249.02 6897.05 
6108.16 4669.53 3483.23 2921.71 3138.44 2712.8 6520.56 3962.95 1724.09 6641.72 4812.03 7216.88 3308.41 6860.69 6200.59 2474.91 3980.05 3375.35 5568.21 8271.79 6872.21 3876.75 3809.7 2867.75 2170.02 3515.11 7692.75 1350.59 2248.76 3869.99 3811.89 5037 5319.45 4573.89 2790.65 2969.33 4137.83 830.06 4325.39 758.947 4494.2 6563.85 3816.19 2895.19 2168.34 2605 5545.63 3931.46 4107.42 4815.82 4345.78 2462.03 1546.93 1581.55 1527.65 4047.34 7840.31 6470.13 1227.23 5985.59 
1444.75 6605.12 3522.64 4862.15 8756.85 7266.93 1173.8 2761.76 6010.41 7634.97 6742.14 7754.41 3883.46 6272.71 1937.94 6820.3 4529.91 7768.04 7030.77 1963.52 1172.01 4883.37 5978.14 9194.72 4266.2 4009.6 2229.46 7750.21 5825.07 4012.99 10170.6 1384.52 2347.98 2850.12 4759.43 8006.25 3328.26 7206.42 3792.69 5735.69 2057.3 7350.7 2679.78 7176.96 5250.9 8759.39 1982.95 6221.13 8375.58 1583.98 6753.7 5093.38 6962.08 5325.41 7799.76 6331.67 2277.41 6800.77 5879.86 1170.47 
3384.79 2235.11 5310.08 6194.87 8455.68 4177.57 5741.3 4880.35 3789.42 10286.8 2316.64 10662.1 5552.37 9574.27 3003.75 7295.83 6708.14 8360.59 2370.36 5586.28 4165.3 6912.74 2150.58 7917.68 3849.7 5884.01 6952.7 6339.98 3269.39 1655.29 8699.75 3896.59 5883.44 2121.44 5992.04 8158.73 5770.27 6040.15 6352.9 4611.12 3310.38 10080 3317.24 3949.75 5947.92 6458.64 5748.08 2282.19 9114.54 4037.64 8456.87 2860.07 4699.3 5506.19 6773.66 8019.74 7011.2 2100.9 4135.86 3588.33 
4313.93 1800.69 6175.18 6972.69 8892.7 4162.03 6707.73 5791.18 4110.24 11115.2 1815.71 11513.7 6395.15 10473.2 3905.65 7909.74 7555.9 8955.59 1597.31 6434.42 5062.22 7739.97 2138.83 8172.96 4565.81 6731.81 7911.54 6640.07 3567.42 2453.49 8882.8 4864.67 6837.7 3082.35 6767.37 8687.63 6668.88 6413.63 7243.11 5107.84 4268.04 10919.2 4232.32 3906.21 6657.06 6524.35 6710.59 2164.81 9711.36 5000.73 9206.1 3338.08 4902.51 6166.5 7135.5 8777.98 7966.84 1132.17 4541.2 4532.96 
7325.63 6027.64 4140.74 3140.25 1696.64 3823.41 7363.1 4780.06 3116.62 6038.58 6161.59 6662.51 3864.3 6630.01 7470.86 1706.58 4150.47 2254.11 6921.17 9359.75 8036.22 3931.26 5204.63 1841.74 3400.26 3958.28 8430.47 1136.35 3655.48 5287.65 2824.06 6121.19 5980.01 5908 3097.43 1672.63 4692.97 890.505 4700.32 2165.92 5667.68 6024.16 4999.85 4052.22 2426.71 2714.48 6269.07 5306.34 2906.63 5864.89 3734.51 3904.15 2638.37 2128.4 590 3567.21 8588 7872.5 2657.31 7167.71 
2527.71 7884.83 5456.74 6784.73 10710.9 8940.43 2489.74 4705.45 7781.65 9173.97 7999.78 9196.14 5812.34 7626.85 2786.86 8761.08 6357.84 9689.3 8136.07 233.238 1658.49 6717.39 7412.43 11133.1 6159.1 5912.61 2573.03 9665.55 7530.23 5512.72 12105 3279.47 4051.91 4324.84 6692.47 9950.73 5195.7 9130.85 5597.72 7629.69 3861.67 8876.14 4528.16 8818.27 7201.18 10601.5 3665.53 7637.7 10275.4 3517.1 8563.44 6799.15 8766.44 7280.45 9739.26 8158.93 2487.09 7640.06 7711.67 2486.97 
8524.16 5690.22 5974.78 5177.31 2830.64 3160.57 9064.48 6498.87 3356.78 8123.16 5780.7 8758.25 5758.06 8780.14 8555.85 3838.81 6223.67 4158.43 6499.98 10763.3 9325.37 6034.84 5103.93 1181.91 4661.38 5915.31 10226.5 1234.83 3834.37 5943.58 1644.38 7549.36 7827.39 6864.42 5098.16 3433.51 6598.73 1811.77 6701.08 3190 6967.24 8129.81 6293.82 3430.71 4422.33 935.361 8070.94 5103.58 4646.65 7341.39 5848.29 4405.05 2387.57 3965.48 1560.51 5708.42 10375.9 7630.24 3203.4 8433.56 
5030.86 7582.38 1513.44 1557.56 5392.68 6725.96 3535.66 1975.9 5302.12 3599.4 7748.78 3891.66 1377.53 2818.12 5446.4 3332.09 528.394 3988.41 8363.6 6081.13 5302.24 834.506 6661.97 6478.64 3466.55 1051.09 4199.9 5521.97 5520.01 5235.34 7432.8 3570.01 1948.05 4817.69 1659.79 4467.94 1073.31 4961.79 481.041 4227.34 3743.39 3354.18 3504.07 6798.57 2320.19 7017.95 2334.18 6894.2 4437.17 3273.3 2570.02 5053.71 5796.15 2865.05 5227.32 2185.63 4366.34 8748.18 4834.26 4728.48 
8391.74 7641.37 4753.95 3478 650 5436.47 7967.86 5494.84 4711.9 5072.85 7777.69 5721.97 4410.82 6056.15 8607.59 1471.22 4254.66 1042.35 8536.96 10214.4 9016.13 3940.98 6802.07 2304.97 4634.92 4378 8877.64 2618.17 5243.7 6703.29 3029.52 7054.57 6443.76 7168 3533.44 317.805 5142.3 2509.28 4957.67 3648.03 6724.02 5131.65 6094.93 5670.08 3000.83 4018.82 6786.17 6913.65 1426.67 6767.72 2971.95 5420.38 4258.46 3043.85 1967.03 3004.68 9042.21 9466.07 4223.96 8190.54 
6266.71 1337.54 6130.22 6322.19 6747.54 1397.86 8025.56 6130.59 2372 10425.1 1369.27 10949.9 6179.78 10301.2 6038.29 6433.51 7230.86 7324.46 2016.36 8649.74 7133.71 7272.7 1382.93 5599.37 4101.57 6501.3 9322.69 4286.16 2039.61 3313.08 6133.06 6077.05 7509.41 4501.31 6130.91 6843 6792.83 4292.98 7238.49 3634.18 5350.45 10303.6 4910.09 1142.37 5721.77 3660.67 7545.28 1174.78 8039.71 6050.72 8203.37 2547.88 2543.95 5096.45 4903.06 7850.64 9425.01 3202.95 2918.94 6351.52 
5563.86 5005.64 2618.59 2052.92 3324.17 3385.65 5730.71 3149.17 2137.15 5942.46 5160.47 6491.11 2426.21 6035.11 5716.4 2066.71 3103.63 3102.21 5896.65 7618.04 6276.94 3020.02 4088.73 3492.06 1656.77 2626.12 6869.85 2130.02 2572.35 3699.15 4470.73 4374.53 4467.68 4189.22 1911.28 2889.98 3260.57 1556.18 3435.94 870.46 3905.91 5839.59 3237.84 3526.02 1319.39 3490.57 4711.23 4253.53 3857.98 4127.69 3700.28 2527.71 2306.45 702.567 2096.9 3353.94 7020.84 6677.76 1586.19 5406.26 
2599.46 6347.16 1716.77 3035.92 7003.16 6349.24 1592.01 1004.49 4953.68 5994.21 6504.95 6197.76 2066.2 4847.37 3045.08 5020.04 2704.74 5940.79 6970.93 3786.52 2850.63 3052.87 5541.93 7600.13 2985.2 2169.33 2786.32 6257.61 4921.96 3700 8585.39 1206.73 908.02 2857.01 2947.35 6213.32 1490.91 5690.08 1994.24 4364.81 1667.39 5726.89 1853.35 6322.29 3486.73 7450.58 815.843 5793.51 6536.49 968.762 4927.09 4245.7 5787.31 3655.91 6212.64 4499 2925.76 7061.4 4683.34 2287.29 
5432.81 817.863 5576.6 5922.25 6862.8 1752.51 7263.64 5497.42 2166.68 10089.3 942.444 10584.6 5666.34 9833.58 5195.82 6289.24 6764.16 7247.54 1701.88 7810.72 6297.56 6842.29 544.059 5904.25 3578.83 5998.35 8558 4461.71 1695.32 2503.8 6538.85 5306.37 6838.95 3682.46 5722.95 6838.6 6216.12 4357.84 6697.22 3406.49 4582.79 9946.94 4187.28 1488.52 5388.89 4124.78 6848.08 330.151 7985.37 5300.24 7933.85 1991.23 2671.1 4787.54 5031.71 7554.5 8655.04 2744.67 2707.56 5526.35 
4102.35 7732.96 1985.95 2821.44 6828.07 7361.74 2127.63 1831.2 5920.3 4618.85 7895.6 4737.6 2140.86 3300.44 4575.87 4761.14 1983.46 5480.74 8417.58 4724.24 4171.64 2326.22 6872.85 7777.46 3925.62 1985.67 2696.02 6659.04 6010.02 5151.9 8751.34 2791.22 716.938 4418.62 2843.45 5926.63 1309.69 6083.46 1269.05 5053.72 3233.03 4331.95 3278.44 7382.53 3514.11 8050.77 1041.2 7120.57 5941.33 2560.08 4038.87 5412.25 6600.49 3927.47 6458.27 3676.42 2862.45 8593.86 5539.84 3779.55 
3511.42 7371.43 1981.16 3048.03 7098.2 7181.71 1593.55 1596.15 5752.65 5211.45 7531.54 5338.02 2224.43 3896.06 3989.84 5042.55 2361.29 5836 8020.43 4168.29 3571.44 2719.36 6539.67 7929.39 3747.33 2158.08 2368.9 6721.8 5790.08 4746.5 8911.62 2241.54 177.2 3933.14 3030.41 6228.32 1399.46 6144.99 1597.78 4991.68 2743.45 4926.66 2877.85 7181.36 3673.25 8044.63 441.475 6790.03 6342.55 2034.94 4514.26 5153.3 6501.3 4006.49 6577.49 4128.26 2532.07 8135.48 5415.31 3187.79 
1610.12 5822.04 2451.53 3796.38 7604.24 6204.55 1640.49 1680.74 4896.12 6982.79 5971.17 7189.25 2818.24 5826.19 2054.12 5705.76 3626.09 6685.66 6358.31 3118.53 1954.74 3961.02 5100.09 8006.9 3090.06 2996.08 2935.52 6562.93 4756.13 3157.67 8982.2 327.567 1828 2125.51 3673.15 6880.77 2407.51 6017.98 2952.64 4555.8 1040.43 6717.04 1558.01 6136.01 4117.79 7596.82 1592.26 5350 7322.96 400 5830.14 4034.41 5822.89 4154.15 6612.11 5391.82 3036.91 6317.51 4730.01 1302.69 
10729.6 7929.45 7796.2 6756.43 3089.35 5402.96 11006.9 8419.29 5671.16 8732.75 8006.43 9382.54 7520.01 9782.27 10796.1 4964.73 7713.6 4760.18 8698.3 12895.9 11502 7450.59 7399.52 1821.24 6800.18 7602.82 12086.8 3295.15 6154.97 8247.11 835.464 9654.54 9636.12 9125.27 6734.06 4038.54 8345.5 3805.96 8320.05 5353.74 9124.37 8819.17 8446.36 5669.73 6072.97 3033.89 9924.84 7383.18 4912.29 9420.68 6698.81 6711.46 4708.64 5773.61 3210.55 6711.61 12244.2 9862.5 5478.78 10614.5 
