65 65 11
777 335 649 27 763 426 211 429 862 135 22 167 11 373 784 324 413 980 862 281 84 505 313 895 814 364 87 178 403 399 676 12 94 570 467 902 652 280 865 619 31 771 709 856 586 683 528 829 270 715 796 245 921 488 841 500 124 856 227 936 437 407 858 237 818 
428000 143000 11000 928000 529000 776000 404000 443000 763000 613000 538000 
4 1 10 0 7 7 2 4 7 4 6 10 10 1 0 1 8 9 3 0 4 3 3 2 10 0 4 4 0 7 9 0 5 8 2 1 1 4 5 5 9 3 2 7 10 8 3 1 2 4 8 5 2 7 6 1 0 1 10 6 2 5 7 7 5 
457.354 133.963 613.074 685.073 858.21 374.021 688.802 579.959 378.471 1102.12 135.37 1144.01 632.861 1045.19 419.268 768.274 748.853 871.53 120.071 676.287 535.412 765.371 175.103 780.185 442.092 666.805 811.742 628.815 324.197 241.29 848.999 500.009 691.462 320.128 664.464 841.647 665.788 608.823 722.001 484.15 436.606 1083.5 425.819 348.049 649.038 610.925 681.206 174.771 946.992 511.077 905.552 309.006 453.04 597.369 680.259 863.493 818.068 111.198 424.238 477.127 539.512 877.602 864.318 981.657 615.098 
322.845 793.974 324.006 438.321 843.496 811.608 65.1153 268.777 672.815 621.02 809.072 622.945 352.206 466.987 373.109 638.264 368.908 717.505 848.416 310.85 295.801 404.358 719.17 921.703 475.988 348.765 105.209 795.075 668.144 527.148 1020.2 245.359 141.45 424.7 435.587 756.974 272.281 737.667 293.212 611.765 314.682 591.102 353.239 808.11 498.383 920.051 111.252 744.302 766.933 240.832 579.193 599.103 756.104 527.077 784.918 542.503 120.88 840.95 645.782 292.25 333.444 424.934 664.233 711.034 149.913 
534.899 124.016 680.137 744.339 887.521 377.107 766.672 651.077 409.871 1163.16 115.624 1207.06 697.923 1113.09 496.004 813.241 813.396 913.869 58.7963 751.166 612.052 828.046 200.96 795.267 500.609 731.976 889.812 650.202 357.113 311.97 857.131 577.135 766.187 397.2 723.747 878.781 735.272 636.692 790.403 525.084 512.711 1145.6 498.658 350.143 703.204 612.883 757.003 190.633 988.838 587.437 960.6 356.423 471.378 648.45 705.783 919.6 896.157 70.0643 460.165 555.039 607.603 941.746 910.969 1030.06 693.181 
154.693 593.111 258.544 393.154 775.765 635.305 152.161 181.417 505.107 705.25 607.87 724.591 295.178 586.276 200.96 585.144 373.109 682.575 645.232 296.184 182.989 407.011 522.188 816.854 325.22 311.978 281.087 672.566 490.486 327.185 914.414 44.1814 185.076 221.199 381.215 702.883 251.098 618.052 304.381 471.833 116.842 678.355 171.094 628.16 426.649 775.79 158.701 547.111 745.8 56.2228 594.215 418.122 598.12 431.111 677.366 550.614 290.759 638.464 488.943 123.033 220.291 477.745 639.831 717.521 102.083 
443.639 792.233 203.01 270.237 665.44 744.68 246.246 200.385 600.334 427.234 808.616 439.165 212.735 296.651 490.597 458.89 178.393 526.165 862.681 506.167 451.784 210.836 704.762 766.963 402.773 192.333 295.296 660.622 612.259 537.327 863.656 310.203 105.19 468.787 274.855 573.736 134.015 603.366 114.061 508.087 350.956 398.503 350.755 747.974 342.586 803.355 138.752 729.32 569.422 285.918 375.406 554.963 664.146 388.207 637.342 340.732 311.893 883.951 560.001 411.443 256.363 219.659 469.938 507.41 307.43 
421.001 158.345 450.871 504.946 671.029 240.709 600.101 433.797 195.256 924.21 174.866 969.604 464.76 882.562 401.045 577.022 578.683 680.053 236.136 660.186 508.025 591.055 74.108 606.981 261.725 498.704 729.429 450.441 141.905 124.427 683.977 404.243 563.415 243.288 484.41 650.865 511.189 424.302 562.896 293.002 332.024 907.419 295.264 221.335 462.611 461.313 562.148 99.2472 755.511 404.358 720 117.686 283.817 408.418 497.064 679.049 739.03 298.007 235.79 428.492 381.937 706 673.513 791.546 541.288 
433.601 434.245 204.414 221.382 457.073 337.818 477.582 230.495 193.621 640.26 450.699 687.837 203.002 613.58 447.166 311.541 306.349 418.918 519.018 646.128 507.568 312.618 340.165 465.242 40.7922 234.03 599.361 316.172 213.178 256.363 561.239 322.552 372.903 294.45 201.159 408.148 273.309 263.006 310.664 116.284 269.585 624.654 201.943 342.656 178.194 424.53 389.618 361.234 493.726 300.821 435.013 174.522 261.633 130.771 327.116 393.629 613.365 580.775 153.639 419.453 164.56 428.887 401.138 514.394 457.131 
579.69 39.6232 639.578 681.076 773.45 247.588 783.597 625.585 308.415 1098.87 29.6816 1147.56 650.862 1068.64 549.343 720.856 762.481 816.216 87.023 811.638 663.718 771.77 122.119 669.069 443.244 684.451 911.711 530.487 261.457 304.685 726.333 587.882 754.973 415.098 660.957 774.164 701.573 523.86 751.83 432.653 517.151 1084.11 485.85 220.658 629.554 480.126 752.641 99.0202 889.77 591.168 884.74 285.631 351.979 569.956 589.461 846.443 920.263 204.941 362.693 593.507 572.459 887.805 820.137 941.026 719.034 
457.096 869.994 308.084 383.824 776.5 844.002 213.86 287.091 700.103 476.766 886.007 473.608 322.672 315.546 507.001 570.404 289.608 632.88 934.579 462.45 443.191 320.095 786.553 880.539 500.009 304.777 211.625 773.196 707.248 607.211 977.151 347.282 150.572 522.358 388.33 683.656 240.26 715.791 227.633 614.86 403.897 446.374 420.583 845.37 456.011 913.994 159.665 811.555 671.394 330.684 470.12 645.49 769.4 500.298 750.813 440.028 227.13 943.53 662.965 424.945 350.116 304.311 575.243 600.948 293.956 
422.181 772.865 189.594 266.835 666.148 729.747 230.361 181.221 585.452 446.179 789.208 459.527 202.527 318.291 468.956 459.436 180.812 530.374 842.637 489.745 431.727 214.805 685.919 763.079 386.871 185.011 287.689 653.209 595.995 516.841 860.252 288.21 84.1546 447.111 269.833 575.601 120.934 595.749 110.802 496.017 329.14 417.732 329.97 732.462 337.218 793.867 119.05 710.564 576.003 263.898 385.504 537.584 651.412 380.195 631.926 349.292 304.332 862.838 546.234 390.036 239.084 234.062 475.105 517.386 288.513 
683.143 458.635 442.109 383.256 310.672 227.482 741.598 487.911 183.325 736.697 470.894 796.465 424.953 771.236 687.554 306.25 489.495 378.593 546.561 906.565 762.843 477.151 383.308 230.185 296.805 445.382 860.654 72.111 236.542 433.872 315.163 585.642 625.082 519.648 371.214 322.816 507.843 67.1789 526.282 149.803 526.932 731.416 459.628 251.177 307.041 166.388 646.839 389.801 445.917 565.417 504.873 281.888 111.234 250.922 126.491 479.73 875.189 648.399 155.467 673.678 423.784 580.607 400.536 518.693 722.348 
245.937 295.083 410.6 507.501 772.001 418.76 459.308 364.194 338.237 910.012 308.099 945.609 436.835 833.787 220.64 635.708 551.374 743.226 337.018 482.212 331.509 573.663 244.902 742.187 285.813 469.32 584.23 582.495 295.114 79.4796 828.205 269.141 464.091 89.3197 487.693 731.302 453.785 543.769 512.509 389.801 207.183 888.474 208.062 401.43 491.172 624.606 451.691 266.865 817.705 280.92 735.231 233.026 438.526 453.971 616.574 690.803 591.473 332.483 358.064 258.863 335.9 679.003 722.325 830.62 388.579 
145.602 573.928 257.614 391.842 769.661 618.324 171.292 180.737 489.262 713.751 588.67 734.543 294.279 598.239 189.771 581.326 377.041 680.084 626.018 304.021 182.989 410.312 503.287 806.895 312.285 312.922 300.027 661.154 473.57 308.104 904.166 25.9615 198.215 202.032 379.084 698.402 255.327 607.119 310.281 459.26 98.4784 687.224 155.193 610.817 422.096 761.895 173.954 528.186 744.398 45.4863 597.008 400.979 583.124 423.831 667.507 553.044 309.524 619.776 474.368 115.122 214.35 484.836 638.581 718.883 117.784 
465.988 684.3 83.7616 100.802 504.251 597.762 356.118 147.679 455.003 416.07 700.943 451.811 62.9682 355.039 503.557 298.304 57.6975 379.68 763.451 598.645 504.216 86.977 591.849 596.735 271.465 29.5466 442.485 490.245 476.391 454.912 693.908 318.234 199.73 422.765 103.788 416.829 73.6817 433.24 57.2451 349.693 322.876 394.15 289.638 604.644 171.493 635.674 235.468 614.867 434.716 287.367 273 430.238 506.83 219.258 466.275 229.218 458.912 805.42 408.864 437.715 158.446 184.805 329.48 396.83 385.572 
511.165 215.335 438.799 458.661 559.031 132.97 651.31 443.63 80.0562 872.59 230.152 923.472 442.821 855.102 499.917 490.08 547.951 587.241 305.188 749.987 597.85 552.856 129.12 483.291 235.763 474.858 780.586 329.006 30.4138 217.904 558.488 461.866 584.309 330.97 439.21 549.313 505.785 308.759 549.065 201.4 390.226 859.251 336.364 123.016 401.837 336.788 591.305 140.89 661.547 453.842 654.856 87.9659 158.152 340.736 379.796 617.531 792.122 395.904 132.231 512.388 381.838 669.047 589.196 709.93 604.954 
318.779 261.696 363.688 439.345 671.626 326.075 489.037 335.288 233.754 853.823 277.503 894.723 383.275 796.343 305.485 546.26 499.316 653.105 327.832 558.424 405.908 516.519 185.003 636.908 201.162 417.195 618.324 477.205 193.507 26 722.732 293.138 458.215 138.235 418.847 635.837 418.306 439.393 473.441 287.367 221.002 834.641 188.215 311.97 411.127 521.72 454.533 210.01 728.344 293.825 663.779 128.016 334.763 366.657 512.458 620.556 627.921 360.636 252.676 322.889 290.658 628.103 637.064 749.771 430.633 
571.349 771.9 190.118 123.369 465.13 658.818 436.744 254.908 521.18 311.662 788.48 352.151 161.988 278.298 610.129 262.122 50.9902 318.248 854.172 689.348 605 27.2029 678.205 585.764 356.867 129.769 503.532 504.921 550.441 555.042 678.77 423.71 277.483 529.51 141.439 370.601 172.418 451.4 122.483 403.524 430.704 291.673 396.234 669.248 194.815 660.148 315.93 700.071 360.285 393.081 174.545 513.35 556.635 256.868 468.129 134.737 520.17 903.2 470.197 542.329 263.61 89.1852 261.079 304.6 478.152 
267.06 499.73 146.014 265 618.066 489.612 293.401 96.2133 351.369 644.61 515.947 677.676 177.485 564.989 293.901 437.987 286.665 541.248 568.465 460.409 329.73 312.712 414.986 650.056 160.016 206.865 419.734 504.971 346.554 243.378 747.329 136.18 221.639 193.871 248.202 551.806 184.621 450.521 243.288 305.203 103.078 621.908 61.4003 486.59 278.097 611.425 225.009 439.96 609.861 111.803 488.206 279.115 438.439 270.795 510.69 443.086 432.601 592.639 328.064 246.028 75.9539 412.137 505.89 599.008 267.526 
195.98 457.957 229.993 348.786 686.896 490.658 294.335 171.143 363.556 726.529 473.426 757.608 262.084 639.038 215.539 515.057 369.789 620.008 517.983 412.273 269.609 396.772 381.578 703.363 200.644 290.998 424.085 551.609 345.984 191.604 798.745 101.833 268.337 114.215 331.453 625.953 261.84 500.33 321.45 346.225 32.6497 703.154 36.6742 483.037 356.439 641.564 259.946 406.709 690.047 97 572.805 273.247 459.576 341.088 565.51 527.684 434.623 528.623 352.666 181.11 160.431 493.617 587.069 682.599 245.204 
636.07 828.803 256.07 173.6 453.944 703.036 490.494 320.744 569.196 248.52 845.308 293.082 226.991 241.746 675.457 261.964 116.76 295.677 912.415 746.45 667.396 90.05 734.804 590.407 415.173 195.451 546.978 526.308 601.924 618.205 679.488 488.628 332.746 595.33 193.659 357.326 236.603 475.946 183.044 447.487 496.795 230.534 462.05 715.196 235.053 684.685 371.383 756.04 325.518 458.144 123.471 569.281 596.108 298.613 482.933 94.0691 563.507 964.813 516.537 606.704 329.164 56.6127 235.866 255.362 537.061 
862.26 782.077 497.897 369.67 53.0848 558.574 818.841 572.177 489.948 514.024 795.527 579.042 463.435 617.992 883.801 168.808 445.587 114.726 871.483 1044.24 924.658 413.734 698.978 228.569 486.121 459.656 908.944 273.929 543.401 692.142 295.007 728.485 665.956 739.522 375.586 50.2096 536.004 266.987 516.568 385.523 695.484 521.177 632.539 582.344 322.926 408.803 700.406 709.687 140.73 699.769 309.48 562.612 441.59 327.434 209.01 315.484 925.426 965.585 441.902 842.136 530.232 461.14 173.349 244.24 834.245 
877.262 819.923 503.718 371.91 92.8924 600.243 820.478 579.47 526.46 478.006 833.665 543.004 468.24 590.435 900.961 173.819 439.068 92.2009 909.563 1051.9 936.667 405.622 735.367 271.649 509.318 461.187 905.563 317.591 579.351 719.809 332.866 740.293 665.114 761.447 380.158 61.0082 536.68 307.508 512.466 417.594 711.231 486.837 649.986 623.61 333.314 454.01 700.646 746.898 98.4784 710.921 283.494 594.855 482.432 345.939 252.507 295.21 922.139 1001.5 476.942 855.894 541.709 442.159 151.99 205.119 840.401 
723.398 414.309 525.298 478.302 382.205 163.248 809.925 563.298 191.024 836.373 424.062 896.315 511.825 870.028 721.168 404.728 584.069 471.246 497.278 955.055 806.816 573.614 353.99 258.436 357.834 534.835 932.94 137.441 233.122 449.588 320.702 641.53 704.115 550.142 465.001 410.278 592.868 162.89 616.127 219.829 577.218 831.293 512.191 190.074 402.84 98.4124 722.79 354.109 535.178 624.662 604.468 296.811 89.4036 344 202.549 579.652 946.81 608.185 192.042 718.022 497.668 679.012 497.181 613.609 782.491 
819.421 849.172 428.911 294.771 222.324 655.534 727.902 505.98 556.127 345.023 864.223 410.005 392.237 454.357 849.301 144.534 335.872 61.3514 938.801 971.817 869.416 300.177 758.846 392.594 487.516 376.789 801.041 397.02 604.623 707.091 464.13 675.444 569.025 727.473 308.877 135.518 447.261 368.57 412.34 433.555 658.595 351.962 604.14 675.794 283.487 549.758 606.473 774.164 62.6817 644.802 149.893 603.518 535.989 320.052 335.06 169.729 817.683 1018.81 502.021 794.703 481.348 314.986 50.3587 84.22 758.665 
252.05 788.923 465.13 594.526 994.065 865.047 150.685 393.402 739.596 814.039 801.901 815.275 499.268 658.046 292.479 794.56 543.118 883.247 825.039 121.433 179.477 579.173 730.978 1048.87 562.403 505.475 157.813 907.939 721.012 535.284 1147.01 276.284 309.919 416.965 587.212 914.088 431.181 852.658 466.503 708.755 344.362 784.125 406.123 855.694 642.448 1013.01 271.649 754.852 938.844 293.425 761.252 647.791 834.341 657.1 909.449 722.015 151.98 790.142 725.702 235.032 446.655 613.714 833.816 891.964 136.235 
550.058 102.591 678.832 738.355 869.64 354.069 777.229 652.805 394.077 1157.6 92.0869 1202.6 695.301 1111.8 512.61 800.77 810.247 900.254 31.1448 769.788 628.765 823.772 186.531 773.742 494.977 729.353 901.574 630.515 342.235 314.84 834.001 585.875 771.176 406.247 717.814 863.385 735.568 618.852 789.821 511.895 519.879 1140.64 502.26 327.055 694.822 588.87 763.345 173.459 974.949 594.829 952.194 346.808 451.462 638.834 687.108 911.751 908.351 94.921 445.543 569.077 607.166 938.182 899.005 1018.66 705.269 
721.366 958.301 368.209 305.177 545.279 835.733 537.075 421.247 701.942 137.928 974.867 167.108 344.89 124.664 764.829 374.001 228.79 378.725 1040.73 797.031 739.757 213.694 864.517 698.041 543.394 311.193 563.916 649.58 734.064 739.032 781.461 577.603 392.094 704.693 324.78 449.72 331.006 601.708 271.465 580.259 598.021 111.893 572.451 848.009 367.793 809.106 428.674 886.201 384.708 548.731 183.927 699.4 728.006 431.351 601.699 187.096 579.539 1088.55 649.357 690.22 443.018 100.005 320.632 287.618 598.348 
527.595 203.63 719.156 794.003 960.026 456.799 772.094 682.643 480.463 1210.46 196.306 1251.64 740.024 1150.1 484.162 876.269 856.114 978.853 135.565 729 598.228 873.375 272.209 873.011 551.262 773.866 890.647 725.728 426.691 346.508 936.582 589.924 788.054 412.312 773.401 947.103 769.896 709.559 826.918 590.596 531.008 1191.52 527.034 429.913 758.322 693.149 775.103 265.481 1054.2 604.074 1014.83 416.965 547.571 706.417 779.775 972.733 895.572 17.4929 528.546 551.294 645.069 984.927 972.754 1090.46 694.338 
396.773 143.402 502.802 572.106 758.555 312.95 605.913 473.858 283.143 989.452 156.387 1031.87 521.391 935.637 367.614 658.727 637.191 763.081 192.585 630.157 481.215 653.028 111.288 694.102 329.097 555.407 732.713 538.139 229.491 135.518 769.604 411.705 592.231 234.691 551.494 736.369 557.653 512.282 612.824 378.44 343.431 971.078 322.967 290.227 536.448 542.137 585.352 127.142 838.651 418.39 792.707 201.308 369.287 485.675 585.069 750.552 740.623 223.958 323.394 410.585 430.029 765.813 753.834 870.368 538.372 
814.205 1006.39 442.747 353.058 501.294 860.07 641.253 504.448 734.635 72.6154 1022.73 134.536 414.162 199.65 855.767 361.964 302.076 336.024 1091.81 901.222 837.929 277.218 912.3 667.63 596.795 382.426 671.293 643.96 772.48 804.24 742.825 668.147 492.318 782.177 373.664 411.005 416.819 602.322 359.071 608.935 681.51 73.0274 648.908 875.187 401.015 803.21 529.794 932.486 322.095 638.32 159.424 746.738 746.373 462.473 589.207 187.627 686.948 1148.84 680.165 783.786 516.236 183.967 285.188 215.362 699.449 
806.283 839.215 415.769 281.619 225.391 647.716 715.22 492.842 546.6 343.421 854.338 408.276 379.095 448.108 836.212 134.302 323.415 60.407 928.774 958.833 856.272 287.793 748.615 393.041 475.37 363.732 788.977 392.209 594.713 695.072 466.618 662.291 556.421 714.738 295.736 135.624 434.356 362.2 399.811 423.473 645.524 349.242 591.19 667.69 270.78 546.155 593.809 764.152 74.793 631.649 141.778 592.626 528.289 308.133 330.968 159.176 805.62 1008.02 492.319 781.554 468.236 305.164 37.855 89.8109 745.682 
355.883 832.169 352.817 461.785 866.386 848.311 97.0979 301.617 708.929 617.882 847.257 615.832 379.2 457.525 405.938 660.307 386.291 736.033 886.384 322.093 322.964 421.038 757.338 949.678 511.258 373.134 81.0247 825.826 705.127 565.35 1048.02 283.388 167.631 462.517 460.404 778.261 297.31 768.274 312.194 645.291 352.881 587.621 391.104 845.138 524.605 953.157 142.271 782.474 782.812 279.034 590.529 636.431 791.091 556.103 813.764 555.591 97.6524 877.944 680.924 325.96 366.951 431.654 681.487 722.53 181.4 
166.676 399.472 470.608 586.615 889.4 551.609 420.595 407.967 471.631 964.739 409.542 992.948 502.594 865.938 122.188 738.017 609.824 845.151 418.766 376.808 237.255 637.358 367.784 870.959 393.041 531.629 532.538 711.587 429.441 212.144 958.893 262.84 471.546 141.032 568.356 841.072 497.756 670.09 557.28 513.491 230.766 940.503 268.034 533.279 584.734 758.834 449.08 387.114 917.829 286.81 812.51 365.903 572.399 557.152 741.989 767.407 536.328 375.48 488.289 193.023 400.406 731.79 817.832 918.835 338.671 
144.028 471.454 270.512 394.73 738.806 527.273 273.732 204.083 405.765 760.529 486.181 788.504 304.473 663.429 164.757 565.533 407.303 669.915 524.223 365 219.456 436.261 401.908 754.432 251.575 331.313 402.045 601.805 383.71 206.01 849.462 78.8543 277.238 101.769 378.16 677.213 293.394 551.132 352.854 396.081 27.4591 736.115 88.6397 517.731 406.341 687.677 261.725 426.676 739.279 90.7359 616.015 310.368 503.811 392.72 616.883 570.959 411.078 522.802 398.784 130.419 205.412 527.684 635.662 728.717 213.235 
35.0143 505.811 396.294 525.009 871.532 615.202 288.647 323.883 509.848 871.45 518.021 893.714 431.724 757.852 32.1403 699.201 527.16 803.293 538.182 270.897 119.218 558.464 456.232 880.278 379.289 455.862 399.242 724.859 478.235 268.287 973.717 156.218 357.022 152.003 509.251 810.919 407.708 676.491 465.124 519.317 159.524 845.4 221.163 601.233 539.812 797.979 329.803 478.784 872.152 185.852 742.111 406.677 610.966 526.149 744.31 697.323 403.218 505.98 512.29 59.9416 336.292 640.815 768.044 858.308 205.73 
714.857 840.91 322.248 203.541 360.185 685.207 590.823 395.506 562.601 248.294 857.007 307.748 287.543 311.264 750.558 190.78 200.731 195.563 927.936 843.007 754.227 165.339 747.163 511.258 440.324 262.688 653.536 471.61 602.78 656.15 594.643 567.353 431.602 651.621 223.231 263.883 321.498 427.908 276.053 436.194 564.547 242.87 520.286 700.904 234.44 631.383 470.048 766.243 217.793 536.373 24.3516 582.701 570.828 292.742 419.752 21.095 670.119 992.261 507.726 687.21 388.197 158.142 135.93 150.526 631.197 
665.114 1014.73 408.001 412.82 735.18 939.417 431.936 426.898 796.972 292.159 1031.29 271.459 402.313 111.973 713.886 545.736 307.883 572.114 1088.66 679.353 659.194 318 924.672 874.098 609.926 371.171 415.394 801.25 817.524 766.086 963.382 539.713 331.042 701.128 427.07 638.424 345.254 747.819 296.233 688.523 583.275 262.269 581.124 946.618 488.296 956.471 356.432 948.61 586.963 516.977 380.171 767.672 844.863 547.691 762.685 369.77 428.73 1114.82 750.187 632.665 474.504 227.337 512.299 493.199 509.828 
301.798 608.905 104.695 238.466 632.367 585.888 226.055 32.8024 443.677 564.235 625.135 590.745 140.577 467.08 341.27 435.139 218.673 529.029 677.342 443.695 340.019 251.448 523.622 692.527 243.647 155.029 340.544 560.247 446.01 351.241 791.094 154.208 116.004 286.484 228.353 554.239 98.2344 503.182 156.371 375.311 172.534 539.189 164.514 585.342 280.68 683.44 128.445 548.513 590.377 123.762 438.005 382.259 522.027 297.713 554.044 394.081 355.237 697.986 412.331 272.971 96.933 332.175 484.335 560.511 232.131 
191.45 619.19 236.783 370.946 760.945 648.501 131.034 160.639 514.636 670.075 634.275 688.32 272.971 548.942 238.403 566.499 343.286 661.445 674.259 311.849 212.038 377.895 545.235 809.973 327.391 286.7 260.64 669.341 503.796 352.393 908.058 71.8679 147.492 251.73 360.436 685.169 221.578 613.815 272.413 472.128 139.918 642.893 183.967 642.8 409.898 778.81 121.017 570.317 722.8 67.1863 565.347 432.561 604.706 419.609 670.518 522.304 271.827 671.45 494.619 159.411 208.339 444.042 616.76 690.429 103.711 
634.039 801.424 245.752 146.455 417.824 668.768 503.549 315.52 536.792 273.035 817.847 322.126 213.506 280.209 671.488 223.394 115.156 262.528 886.086 756.229 670.191 81.2219 707.32 551.776 390.155 184.816 567.723 487.453 571.253 598.248 641.363 486.277 344.363 582.344 167.027 321.503 237.034 437.425 189.264 413.697 488.71 258.031 449.444 681.601 201.445 646.016 382.838 728.031 298.027 455.432 107.689 541.639 560.394 264.824 443.822 68.4471 584.337 942.058 483.508 605.601 316.128 95.1262 203.384 237.807 544.83 
271.811 324.099 312.746 400.706 668.225 373.751 427.263 277.627 264.518 808.883 339.796 847.222 335.65 743.178 266.248 526.662 451.505 634.215 388.012 509.574 357.844 471.39 247.13 650.364 176.819 369.043 556.756 491.636 233.431 61.5873 740.142 231.7 396.679 95.268 380.623 624.003 363.27 448.385 419.963 291.254 159.201 788.48 126.649 362.353 381.874 553.336 392.185 272.222 708.534 231.366 627.905 161.199 365.936 344.819 519.879 583.768 566.634 412.288 271.36 271.662 238.304 580.135 612.883 721.443 371.053 
561.036 30 638.412 685.511 792.152 271.312 770.658 620.948 321.885 1104.26 13.4536 1151.84 651.261 1069.27 529.139 733.057 764.105 830.042 64.2884 790.94 644.168 774.706 123.988 691.876 445.202 685.064 898.074 550.805 272.635 293.586 751.033 575.522 747.659 400.32 665.217 789.962 699.031 541.839 750.539 444.06 505.693 1088.8 477.766 244.295 636.497 505.669 743.888 104.235 904.08 580.215 892.774 289.664 371.819 577.997 608.699 853.724 906.22 177.767 375.255 576.003 569.78 890.403 832.061 952.607 704.23 
336.774 263.15 352.605 422.096 646.409 307.093 495.97 329.31 209.404 838.439 279.38 880.555 370.239 785.621 326.055 523.401 485.931 629.982 334.283 575.925 423.608 501.758 180.602 611.278 181.177 404.278 625.62 451.577 171.12 51.5461 697.316 300.927 456.773 156.474 401.52 611.572 409.718 413.687 463.527 261.926 228.265 819.856 188.404 294.354 390.902 498.001 455.264 205.779 705.331 299.015 645.031 103.465 310.736 344.703 486.763 602.19 635.744 374.877 227.095 338.999 280.964 614.509 615.065 728.67 440.872 
779.251 1017.05 429.005 362.464 570.307 889.101 587.725 481.633 757.248 83.0963 1033.59 106.405 405.453 116.043 823.284 412.8 289.386 403.339 1099.99 847.092 795.179 273.123 923.148 730.463 602.536 371.828 605.851 692.558 790.745 799.62 810.015 636.398 447.098 765.355 382.404 476.954 391.234 646.871 331.605 634.255 658.187 53.9351 633.199 902.158 422.03 852.397 482.846 944.595 398.167 607.82 213.002 757.786 779.463 485.412 641.758 227.108 621.003 1148.89 704.086 747.88 503.811 160.705 348.21 294.049 652.007 
277.094 286.667 507.117 606.245 861.594 464.999 519.665 456.847 409.238 1006.89 295.576 1041.25 534.342 925.709 237.002 732.069 648.189 839.443 301.684 493.883 353.035 671.28 268.002 820.498 382.624 566.46 638.063 661.238 360.272 166.148 902.594 341.849 546.059 172.586 586.464 824.972 547.234 626.71 606.486 477.008 289.836 984.891 302.248 443.813 589.415 686.473 529.469 284.1 914.235 359.227 834.005 308.916 505.277 550.718 700.071 789.552 643.204 264.622 437.34 299.282 432.709 775.194 819.913 929.005 441.654 
618.231 719.462 225.887 93.0054 340.476 572.239 529.707 302.853 444.658 360.839 735.621 415.326 189.235 382.099 650.001 135.152 147.139 206.155 806.208 769.437 666.352 116.25 625.601 458.53 319.024 173.925 612.374 386.063 482.888 536.345 551.163 473.092 372.7 538.855 109.659 248.244 246.483 335.529 219.272 319.24 460.352 350.156 410.265 586.369 112.61 544.259 408.943 644.957 262.795 442.309 145.341 460.871 461.411 172.595 344.449 104.69 628.943 870.395 390.288 592.747 282.177 194.093 156.869 241.514 556.368 
395.904 849.779 334.767 432.925 834.819 849.779 139.703 293.833 708.097 564.564 865.268 561.471 357.239 402.892 446.23 628.14 349.794 698.961 908.116 376.666 370.407 383.343 771.379 926.397 508.159 346.716 125.873 808.607 708.495 583.332 1024.26 307.002 151.529 486.815 433.72 744.64 273.386 750.91 278.83 635.814 372.4 534.214 402.523 848.343 499.785 941.505 138.13 796.558 742.566 297.41 546.298 642.112 785.663 536.355 792.523 513.157 142.004 906.277 676.436 364.825 359.78 384.232 643.063 678.083 224.243 
125.208 648.205 489.118 623.491 995.978 767.19 264.756 412.069 659.897 920.644 659.294 932.826 525.792 783.932 139.463 811.85 602.439 911.546 671.34 124.338 48.7647 636.962 604.95 1018.98 516.168 543.203 333.594 866.413 629.73 420.006 1114.16 245.082 391.602 303.872 610.737 927.958 480.651 815.805 531.034 660.6 284.522 892.328 352.037 753.16 652.063 946.829 355.574 626.77 976.079 274.722 824.399 557.743 760.498 648.705 881.09 781.156 331.403 622.181 659.365 134.529 443.668 699.932 870.244 948.608 187.856 
534.986 180.136 482.685 503.2 588.18 114.022 687.026 485.477 116.829 916.457 193.83 967.678 487.247 899.822 520.074 529.432 592.663 624.605 269.704 774.623 622.113 597.537 104.077 501.049 279.686 519.394 816.624 351.518 74.3303 237.154 570.919 495.298 625.218 354.431 483.803 583.768 549.343 337.36 593.255 242.244 422.985 903.368 372.372 96.4002 445.638 339.096 631.001 109.041 698.316 489.094 697.622 127.193 174.046 384.111 406.208 660.775 827.754 367.614 171.479 538.499 424.5 713.711 628.802 749.827 637.534 
608.679 851.049 253.269 208.734 525.951 744.108 439.851 305.188 605.773 252.24 867.674 282.482 232.142 193.132 651.154 330.796 117.004 368.348 931.79 698.937 631.478 111.328 757.81 658.673 436.023 198.116 485.224 586.451 633.704 625.353 749.147 463.59 287.028 588.647 226.241 429.471 215.114 534.004 155.756 488.993 482.104 227.66 456.571 754.221 280.252 743.033 325.014 780.186 396.688 434.278 190.851 593.938 642.246 342.475 546.631 166.193 501.567 975.811 555.252 577.97 328.03 24.7386 308.526 320.67 494.171 
341.211 879.292 532.139 656.458 1060.11 953.74 207.711 464.583 826.453 834.938 892.18 829.154 564.416 669 379.581 857.336 594.401 941.013 914.342 161.208 264.382 630.134 821.57 1123.97 645.143 566.499 148.003 986.732 809.39 625.793 1222.43 362.708 362.215 507.561 651.202 976.771 490.368 930.701 518.059 790.395 432.394 804.504 492.392 944.874 709.965 1096.54 326.198 845.457 992.553 377.327 806.105 736.316 919.905 729.747 984.979 769.343 134.239 876.53 810.586 325.346 522.024 650.173 889.018 937.961 219.713 
701.171 862.727 314.56 211.454 413.31 718.946 560.35 383.444 591.486 213.902 879.036 268.777 282.455 258.954 739.304 239.134 180.801 248.566 948.395 816.1 735.033 148.852 768.651 562.883 454.622 253.569 615.325 517.2 628.758 665.361 647.191 553.445 402.492 651.234 232.034 316.951 302.597 471.259 251.287 466.259 557.391 203.494 518.376 733.328 257.235 677.012 441.131 788.729 266.957 522.708 58.6941 603.166 606.98 319.014 467.547 52.0865 631.801 1007.31 537.239 672.347 385.068 110.114 189.042 187.963 606.282 
707.939 668.342 348.862 227.969 180.278 471.653 672.646 421.246 374.039 488.112 683.059 550.113 315.94 548.365 729.836 54.1295 318.663 134.239 758.19 892.059 770.637 292.058 579.6 280.203 336.095 316.787 769.344 228.064 424.062 548.403 373.048 574.616 524.047 588.215 229.993 112.539 393.215 189.789 382.413 255.002 541.202 486.079 478.578 491.664 171.421 387.342 556.656 593.709 208.971 546.155 257.099 430.081 352.278 173.566 175.034 240.533 785.596 842.769 320.832 687.841 376.733 367.967 145.602 265.377 683.433 
701.852 466.974 460.245 398.848 305.565 230.358 760.664 506.717 197.497 746.175 478.807 806.48 442.579 784.333 705.899 313.955 505.146 381.935 554.2 925.635 781.74 492 393.926 215.379 315.991 462.502 879.529 61 249.93 450.498 298.236 604.822 643.544 537.663 387.284 323.489 525.681 72.0694 543.244 169.009 545.976 741.569 478.712 255 322.448 149.05 665.54 399.4 447.599 584.624 514.208 297.893 118.127 267.479 121.198 490.316 894.097 657.895 172.63 692.564 442.712 594.14 406.51 523.474 741.556 
252.286 786.13 552.598 685.697 1077.24 894.739 258.559 477.177 780.016 927.552 797.458 930.072 588.292 773.301 276.371 882.916 644.186 976.243 810.088 15.1327 165.109 680.109 740.072 1117.9 619.621 598.785 268.477 970.532 754.181 551.014 1214.94 332.256 414.132 432.501 676.237 1001.76 527.492 917.306 568.304 766.587 389.166 897.805 456.111 882.22 726.529 1062.75 375.494 762.43 1035.24 356.602 865.014 681.175 878.823 733.638 978.589 824.394 259.887 759.032 773.791 249.65 522.473 722.696 929.457 994.397 216.335 
117.068 536.537 277.088 409.161 775.126 593.001 209.614 202.299 468.54 747.222 550.989 770.092 313.313 636.529 155.769 592.457 404.1 693.753 586.298 308.561 172.662 436.111 468.71 802.813 302.3 335.215 336.537 653.521 448.894 272.413 899.161 31.9531 238.533 162.099 394.849 707.72 283.854 600.96 340.93 449.138 72.9452 721.268 138.708 584.045 432.412 746.837 215.928 493.389 760.182 61.9839 621.225 375.682 564.989 427.874 664.008 576.73 345.036 577.71 458.017 91.0824 224.35 516.563 654.927 740.173 145.986 
394.645 150.233 529.4 603.464 795.661 344.384 614.664 496.541 320.056 1019.56 160.353 1060.89 549.477 961.456 361.643 694.424 665.523 799.113 181.463 623.339 476.934 682.493 139.789 730.505 361.471 583.384 739.79 574.891 266.271 157.61 805.255 422.83 610.079 243.298 582.879 773.068 582.104 549.364 638.264 415.217 357.123 1000.64 343.001 320.765 569.956 575.897 601.103 151.489 874.694 432.005 825.528 237.977 405.094 520.271 622.116 783.023 746.967 194.456 360.514 411.099 455.782 794.31 789.079 905.098 543.994 
883.779 653.319 589.216 491.041 189.18 403.435 908.944 650.145 395.763 740.806 663.597 805.315 562.748 822.614 892.44 327.819 590.77 337.871 737.277 1097.91 959.747 567.208 587.167 18.2483 489.585 572.986 1018.41 143.736 447.826 646.703 109.124 773.61 774.01 727.633 487.003 262.88 646.026 189.992 647.207 347.052 721.782 744.361 654.011 430.249 419.869 194.733 802.001 590.103 377.595 749.947 520.047 495.323 309.317 386.256 128.888 512.544 1034 846.724 368.09 871.271 592.001 645.843 386.571 478.533 902.456 
512.299 202.388 706.403 782.643 953.935 454.943 756.963 669.128 474.102 1198.58 196.229 1239.38 727.633 1136.95 468.876 867.43 843.736 970.447 139.943 714.006 582.979 861.335 266.721 869.419 540.285 761.426 875.403 721.017 420.115 333.781 934.234 575.128 773.701 397.78 762.053 939.63 756.631 703.739 813.823 582.603 516.558 1179.45 513.355 428.165 747.91 691.759 760.517 261.324 1045.87 589.475 1004.13 408.1 543.33 696.59 774.355 961.85 880.307 30.5941 521.426 536.02 632.193 972.553 963.579 1080.93 679.118 
398.001 370.826 246.678 286.4 512.665 306.193 479.752 253 165.197 705.694 387.413 751.647 253.584 670.436 404.851 378.44 363.93 485.387 453.719 622.448 477.514 373.894 277.253 501.941 44.7772 286.714 606.278 345.905 167.863 189.391 594.786 305.93 395.457 242.297 265.876 470.425 313.115 298.297 357.912 140.545 242.909 689.141 176.816 306 247.33 431.807 406.021 299.541 560.56 289.638 503.672 114.039 253.142 199.249 367.927 461.863 619.175 512.103 143.736 388.33 189.676 489.605 469.601 583.541 447.294 
241.919 345.584 521.047 629.019 905.281 524.605 495.082 463.962 462.949 1019.48 353.747 1050.57 550.84 928.367 196.54 766.776 661.88 874.339 354.109 444.38 310.097 687.329 328.805 871.84 417.153 581.588 607.8 712.215 415.637 210.459 955.804 330.619 538.882 181.747 609.861 864.083 554.596 675.314 614.271 522.556 289.401 996.249 314.992 503.817 618.967 743.592 518.464 344.971 948.401 352.185 856.664 360.207 560.704 584.883 748.392 811.784 611.596 302.121 487.647 268.157 448.175 786.652 851.423 957.156 413.652 
629.586 795.033 240.601 140.121 415.326 662.541 501.243 310.85 530.45 279.415 811.454 328.518 208.082 285.58 666.802 219.641 111.544 261.197 879.714 753.329 666.331 77.0065 700.928 547.892 383.839 179.739 566.719 482.3 564.862 592.157 637.838 481.834 341.949 576.771 160.702 319.169 233.174 432.046 186.344 407.424 483.628 264.433 443.938 675.326 195.133 640.726 380.36 721.633 298.21 450.96 110.887 535.248 554.314 258.536 439.096 70.2282 583.343 935.803 477.193 601.266 310.644 99.2975 202.356 240.127 541.698 
707.543 926.094 343.447 271.221 508.52 799.012 534.842 400.975 666.321 156.416 942.618 196.023 317.8 162.262 749.7 335.024 202.467 342.486 1009.33 794.645 730.3 183.251 832.145 659.628 511.907 284.691 570.601 610.501 699.514 711.551 743.683 562.072 384.749 682.069 291.204 412.585 311.97 562.776 253.332 543.813 578.25 135.093 549.154 811.696 331.4 770.055 422.342 853.499 352.264 532.534 147.828 666.706 690.461 394.89 562.601 148.273 586.573 1059.8 613.353 676.918 417.972 77.4919 283.805 259.187 591.921 
953.429 783.036 616.64 498.046 101.39 538.075 941.153 686.42 509.004 662.599 794.346 727.585 584.898 770.602 968.593 303.872 584.604 267.328 869.188 1152.22 1023.06 555.044 710.71 126.246 561.587 586.905 1039.48 256.127 563.014 744.968 153.052 829.807 794.096 811.85 499.949 198.154 663.272 281.397 651.463 433.537 787.147 671.316 720.781 564.416 438.854 337.618 826.338 716.303 281.007 803.134 462.082 600.108 434.447 424.976 207.964 466.84 1055.72 974.708 471.785 936.912 636.242 611.271 325.73 389.082 947.304 
602.818 269.136 483.343 476.828 501.642 59.2284 726.416 501.519 86.0233 876.097 280.708 931.011 480.426 878.451 593.877 467.398 575.129 554.917 356.046 840.374 688.896 574.06 202.2 404.15 286.505 509.742 854.347 259.044 97.6524 313.313 472.356 542.698 644.615 423.71 459.191 507.001 552.175 253.126 588.467 197.73 472.848 865.888 413.978 70.7248 410.202 242.266 656.062 204.022 626.343 531.413 649.942 170.66 80.0812 346.655 317.515 616.887 866.748 461.299 130.361 602.138 436.606 688.193 566.467 687.554 686.232 
