65 65 11
777 335 649 27 763 426 211 429 862 135 22 167 11 373 784 324 413 980 862 281 84 505 313 895 814 364 87 178 403 399 676 12 94 570 467 902 652 280 865 619 31 771 709 856 586 683 528 829 270 715 796 245 921 488 841 500 124 856 227 936 437 407 858 237 818 
428 143 11 928 529 776 404 443 763 613 538 
4 1 10 0 7 7 2 4 7 4 6 10 10 1 0 1 8 9 3 0 4 3 3 2 10 0 4 4 0 7 9 0 5 8 2 1 1 4 5 5 9 3 2 7 10 8 3 1 2 4 8 5 2 7 6 1 0 1 10 6 2 5 7 7 5 
457354 133963 613074 685073 858210 374021 688802 579959 378471 1.10212e+06 135370 1.14401e+06 632861 1.04519e+06 419268 768274 748853 871530 120071 676287 535412 765371 175103 780185 442092 666805 811742 628815 324197 241290 848999 500009 691462 320128 664464 841647 665788 608823 722001 484150 436606 1.0835e+06 425819 348049 649038 610925 681206 174771 946992 511077 905552 309006 453040 597369 680259 863493 818068 111198 424238 477127 539512 877602 864318 981657 615098 
322845 793974 324006 438321 843496 811608 65115.3 268777 672815 621020 809072 622945 352206 466987 373109 638264 368908 717505 848416 310850 295801 404358 719170 921703 475988 348765 105209 795075 668144 527148 1.0202e+06 245359 141450 424700 435587 756974 272281 737667 293212 611765 314682 591102 353239 808110 498383 920051 111252 744302 766933 240832 579193 599103 756104 527077 784918 542503 120880 840950 645782 292250 333444 424934 664233 711034 149913 
534899 124016 680137 744339 887521 377107 766672 651077 409871 1.16316e+06 115624 1.20706e+06 697923 1.11309e+06 496004 813241 813396 913869 58796.3 751166 612052 828046 200960 795267 500609 731976 889812 650202 357113 311970 857131 577135 766187 397200 723747 878781 735272 636692 790403 525084 512711 1.1456e+06 498658 350143 703204 612883 757003 190633 988838 587437 960600 356423 471378 648450 705783 919600 896157 70064.3 460165 555039 607603 941746 910969 1.03006e+06 693181 
154693 593111 258544 393154 775765 635305 152161 181417 505107 705250 607870 724591 295178 586276 200960 585144 373109 682575 645232 296184 182989 407011 522188 816854 325220 311978 281087 672566 490486 327185 914414 44181.4 185076 221199 381215 702883 251098 618052 304381 471833 116842 678355 171094 628160 426649 775790 158701 547111 745800 56222.8 594215 418122 598120 431111 677366 550614 290759 638464 488943 123033 220291 477745 639831 717521 102083 
443639 792233 203010 270237 665440 744680 246246 200385 600334 427234 808616 439165 212735 296651 490597 458890 178393 526165 862681 506167 451784 210836 704762 766963 402773 192333 295296 660622 612259 537327 863656 310203 105190 468787 274855 573736 134015 603366 114061 508087 350956 398503 350755 747974 342586 803355 138752 729320 569422 285918 375406 554963 664146 388207 637342 340732 311893 883951 560001 411443 256363 219659 469938 507410 307430 
421001 158345 450871 504946 671029 240709 600101 433797 195256 924210 174866 969604 464760 882562 401045 577022 578683 680053 236136 660186 508025 591055 74108 606981 261725 498704 729429 450441 141905 124427 683977 404243 563415 243288 484410 650865 511189 424302 562896 293002 332024 907419 295264 221335 462611 461313 562148 99247.2 755511 404358 720000 117686 283817 408418 497064 679049 739030 298007 235790 428492 381937 706000 673513 791546 541288 
433601 434245 204414 221382 457073 337818 477582 230495 193621 640260 450699 687837 203002 613580 447166 311541 306349 418918 519018 646128 507568 312618 340165 465242 40792.2 234030 599361 316172 213178 256363 561239 322552 372903 294450 201159 408148 273309 263006 310664 116284 269585 624654 201943 342656 178194 424530 389618 361234 493726 300821 435013 174522 261633 130771 327116 393629 613365 580775 153639 419453 164560 428887 401138 514394 457131 
579690 39623.2 639578 681076 773450 247588 783597 625585 308415 1.09887e+06 29681.6 1.14756e+06 650862 1.06864e+06 549343 720856 762481 816216 87023 811638 663718 771770 122119 669069 443244 684451 911711 530487 261457 304685 726333 587882 754973 415098 660957 774164 701573 523860 751830 432653 517151 1.08411e+06 485850 220658 629554 480126 752641 99020.2 889770 591168 884740 285631 351979 569956 589461 846443 920263 204941 362693 593507 572459 887805 820137 941026 719034 
457096 869994 308084 383824 776500 844002 213860 287091 700103 476766 886007 473608 322672 315546 507001 570404 289608 632880 934579 462450 443191 320095 786553 880539 500009 304777 211625 773196 707248 607211 977151 347282 150572 522358 388330 683656 240260 715791 227633 614860 403897 446374 420583 845370 456011 913994 159665 811555 671394 330684 470120 645490 769400 500298 750813 440028 227130 943530 662965 424945 350116 304311 575243 600948 293956 
422181 772865 189594 266835 666148 729747 230361 181221 585452 446179 789208 459527 202527 318291 468956 459436 180812 530374 842637 489745 431727 214805 685919 763079 386871 185011 287689 653209 595995 516841 860252 288210 84154.6 447111 269833 575601 120934 595749 110802 496017 329140 417732 329970 732462 337218 793867 119050 710564 576003 263898 385504 537584 651412 380195 631926 349292 304332 862838 546234 390036 239084 234062 475105 517386 288513 
683143 458635 442109 383256 310672 227482 741598 487911 183325 736697 470894 796465 424953 771236 687554 306250 489495 378593 546561 906565 762843 477151 383308 230185 296805 445382 860654 72111 236542 433872 315163 585642 625082 519648 371214 322816 507843 67178.9 526282 149803 526932 731416 459628 251177 307041 166388 646839 389801 445917 565417 504873 281888 111234 250922 126491 479730 875189 648399 155467 673678 423784 580607 400536 518693 722348 
245937 295083 410600 507501 772001 418760 459308 364194 338237 910012 308099 945609 436835 833787 220640 635708 551374 743226 337018 482212 331509 573663 244902 742187 285813 469320 584230 582495 295114 79479.6 828205 269141 464091 89319.7 487693 731302 453785 543769 512509 389801 207183 888474 208062 401430 491172 624606 451691 266865 817705 280920 735231 233026 438526 453971 616574 690803 591473 332483 358064 258863 335900 679003 722325 830620 388579 
145602 573928 257614 391842 769661 618324 171292 180737 489262 713751 588670 734543 294279 598239 189771 581326 377041 680084 626018 304021 182989 410312 503287 806895 312285 312922 300027 661154 473570 308104 904166 25961.5 198215 202032 379084 698402 255327 607119 310281 459260 98478.4 687224 155193 610817 422096 761895 173954 528186 744398 45486.3 597008 400979 583124 423831 667507 553044 309524 619776 474368 115122 214350 484836 638581 718883 117784 
465988 684300 83761.6 100802 504251 597762 356118 147679 455003 416070 700943 451811 62968.2 355039 503557 298304 57697.5 379680 763451 598645 504216 86977 591849 596735 271465 29546.6 442485 490245 476391 454912 693908 318234 199730 422765 103788 416829 73681.7 433240 57245.1 349693 322876 394150 289638 604644 171493 635674 235468 614867 434716 287367 273000 430238 506830 219258 466275 229218 458912 805420 408864 437715 158446 184805 329480 396830 385572 
511165 215335 438799 458661 559031 132970 651310 443630 80056.2 872590 230152 923472 442821 855102 499917 490080 547951 587241 305188 749987 597850 552856 129120 483291 235763 474858 780586 329006 30413.8 217904 558488 461866 584309 330970 439210 549313 505785 308759 549065 201400 390226 859251 336364 123016 401837 336788 591305 140890 661547 453842 654856 87965.9 158152 340736 379796 617531 792122 395904 132231 512388 381838 669047 589196 709930 604954 
318779 261696 363688 439345 671626 326075 489037 335288 233754 853823 277503 894723 383275 796343 305485 546260 499316 653105 327832 558424 405908 516519 185003 636908 201162 417195 618324 477205 193507 26000 722732 293138 458215 138235 418847 635837 418306 439393 473441 287367 221002 834641 188215 311970 411127 521720 454533 210010 728344 293825 663779 128016 334763 366657 512458 620556 627921 360636 252676 322889 290658 628103 637064 749771 430633 
571349 771900 190118 123369 465130 658818 436744 254908 521180 311662 788480 352151 161988 278298 610129 262122 50990.2 318248 854172 689348 605000 27202.9 678205 585764 356867 129769 503532 504921 550441 555042 678770 423710 277483 529510 141439 370601 172418 451400 122483 403524 430704 291673 396234 669248 194815 660148 315930 700071 360285 393081 174545 513350 556635 256868 468129 134737 520170 903200 470197 542329 263610 89185.2 261079 304600 478152 
267060 499730 146014 265000 618066 489612 293401 96213.3 351369 644610 515947 677676 177485 564989 293901 437987 286665 541248 568465 460409 329730 312712 414986 650056 160016 206865 419734 504971 346554 243378 747329 136180 221639 193871 248202 551806 184621 450521 243288 305203 103078 621908 61400.3 486590 278097 611425 225009 439960 609861 111803 488206 279115 438439 270795 510690 443086 432601 592639 328064 246028 75953.9 412137 505890 599008 267526 
195980 457957 229993 348786 686896 490658 294335 171143 363556 726529 473426 757608 262084 639038 215539 515057 369789 620008 517983 412273 269609 396772 381578 703363 200644 290998 424085 551609 345984 191604 798745 101833 268337 114215 331453 625953 261840 500330 321450 346225 32649.7 703154 36674.2 483037 356439 641564 259946 406709 690047 97000 572805 273247 459576 341088 565510 527684 434623 528623 352666 181110 160431 493617 587069 682599 245204 
636070 828803 256070 173600 453944 703036 490494 320744 569196 248520 845308 293082 226991 241746 675457 261964 116760 295677 912415 746450 667396 90050 734804 590407 415173 195451 546978 526308 601924 618205 679488 488628 332746 595330 193659 357326 236603 475946 183044 447487 496795 230534 462050 715196 235053 684685 371383 756040 325518 458144 123471 569281 596108 298613 482933 94069.1 563507 964813 516537 606704 329164 56612.7 235866 255362 537061 
862260 782077 497897 369670 53084.8 558574 818841 572177 489948 514024 795527 579042 463435 617992 883801 168808 445587 114726 871483 1.04424e+06 924658 413734 698978 228569 486121 459656 908944 273929 543401 692142 295007 728485 665956 739522 375586 50209.6 536004 266987 516568 385523 695484 521177 632539 582344 322926 408803 700406 709687 140730 699769 309480 562612 441590 327434 209010 315484 925426 965585 441902 842136 530232 461140 173349 244240 834245 
877262 819923 503718 371910 92892.4 600243 820478 579470 526460 478006 833665 543004 468240 590435 900961 173819 439068 92200.9 909563 1.0519e+06 936667 405622 735367 271649 509318 461187 905563 317591 579351 719809 332866 740293 665114 761447 380158 61008.2 536680 307508 512466 417594 711231 486837 649986 623610 333314 454010 700646 746898 98478.4 710921 283494 594855 482432 345939 252507 295210 922139 1.0015e+06 476942 855894 541709 442159 151990 205119 840401 
723398 414309 525298 478302 382205 163248 809925 563298 191024 836373 424062 896315 511825 870028 721168 404728 584069 471246 497278 955055 806816 573614 353990 258436 357834 534835 932940 137441 233122 449588 320702 641530 704115 550142 465001 410278 592868 162890 616127 219829 577218 831293 512191 190074 402840 98412.4 722790 354109 535178 624662 604468 296811 89403.6 344000 202549 579652 946810 608185 192042 718022 497668 679012 497181 613609 782491 
819421 849172 428911 294771 222324 655534 727902 505980 556127 345023 864223 410005 392237 454357 849301 144534 335872 61351.4 938801 971817 869416 300177 758846 392594 487516 376789 801041 397020 604623 707091 464130 675444 569025 727473 308877 135518 447261 368570 412340 433555 658595 351962 604140 675794 283487 549758 606473 774164 62681.7 644802 149893 603518 535989 320052 335060 169729 817683 1.01881e+06 502021 794703 481348 314986 50358.7 84220 758665 
252050 788923 465130 594526 994065 865047 150685 393402 739596 814039 801901 815275 499268 658046 292479 794560 543118 883247 825039 121433 179477 579173 730978 1.04887e+06 562403 505475 157813 907939 721012 535284 1.14701e+06 276284 309919 416965 587212 914088 431181 852658 466503 708755 344362 784125 406123 855694 642448 1.01301e+06 271649 754852 938844 293425 761252 647791 834341 657100 909449 722015 151980 790142 725702 235032 446655 613714 833816 891964 136235 
550058 102591 678832 738355 869640 354069 777229 652805 394077 1.1576e+06 92086.9 1.2026e+06 695301 1.1118e+06 512610 800770 810247 900254 31144.8 769788 628765 823772 186531 773742 494977 729353 901574 630515 342235 314840 834001 585875 771176 406247 717814 863385 735568 618852 789821 511895 519879 1.14064e+06 502260 327055 694822 588870 763345 173459 974949 594829 952194 346808 451462 638834 687108 911751 908351 94921 445543 569077 607166 938182 899005 1.01866e+06 705269 
721366 958301 368209 305177 545279 835733 537075 421247 701942 137928 974867 167108 344890 124664 764829 374001 228790 378725 1.04073e+06 797031 739757 213694 864517 698041 543394 311193 563916 649580 734064 739032 781461 577603 392094 704693 324780 449720 331006 601708 271465 580259 598021 111893 572451 848009 367793 809106 428674 886201 384708 548731 183927 699400 728006 431351 601699 187096 579539 1.08855e+06 649357 690220 443018 100005 320632 287618 598348 
527595 203630 719156 794003 960026 456799 772094 682643 480463 1.21046e+06 196306 1.25164e+06 740024 1.1501e+06 484162 876269 856114 978853 135565 729000 598228 873375 272209 873011 551262 773866 890647 725728 426691 346508 936582 589924 788054 412312 773401 947103 769896 709559 826918 590596 531008 1.19152e+06 527034 429913 758322 693149 775103 265481 1.0542e+06 604074 1.01483e+06 416965 547571 706417 779775 972733 895572 17492.9 528546 551294 645069 984927 972754 1.09046e+06 694338 
396773 143402 502802 572106 758555 312950 605913 473858 283143 989452 156387 1.03187e+06 521391 935637 367614 658727 637191 763081 192585 630157 481215 653028 111288 694102 329097 555407 732713 538139 229491 135518 769604 411705 592231 234691 551494 736369 557653 512282 612824 378440 343431 971078 322967 290227 536448 542137 585352 127142 838651 418390 792707 201308 369287 485675 585069 750552 740623 223958 323394 410585 430029 765813 753834 870368 538372 
814205 1.00639e+06 442747 353058 501294 860070 641253 504448 734635 72615.4 1.02273e+06 134536 414162 199650 855767 361964 302076 336024 1.09181e+06 901222 837929 277218 912300 667630 596795 382426 671293 643960 772480 804240 742825 668147 492318 782177 373664 411005 416819 602322 359071 608935 681510 73027.4 648908 875187 401015 803210 529794 932486 322095 638320 159424 746738 746373 462473 589207 187627 686948 1.14884e+06 680165 783786 516236 183967 285188 215362 699449 
806283 839215 415769 281619 225391 647716 715220 492842 546600 343421 854338 408276 379095 448108 836212 134302 323415 60407 928774 958833 856272 287793 748615 393041 475370 363732 788977 392209 594713 695072 466618 662291 556421 714738 295736 135624 434356 362200 399811 423473 645524 349242 591190 667690 270780 546155 593809 764152 74793 631649 141778 592626 528289 308133 330968 159176 805620 1.00802e+06 492319 781554 468236 305164 37855 89810.9 745682 
355883 832169 352817 461785 866386 848311 97097.9 301617 708929 617882 847257 615832 379200 457525 405938 660307 386291 736033 886384 322093 322964 421038 757338 949678 511258 373134 81024.7 825826 705127 565350 1.04802e+06 283388 167631 462517 460404 778261 297310 768274 312194 645291 352881 587621 391104 845138 524605 953157 142271 782474 782812 279034 590529 636431 791091 556103 813764 555591 97652.4 877944 680924 325960 366951 431654 681487 722530 181400 
166676 399472 470608 586615 889400 551609 420595 407967 471631 964739 409542 992948 502594 865938 122188 738017 609824 845151 418766 376808 237255 637358 367784 870959 393041 531629 532538 711587 429441 212144 958893 262840 471546 141032 568356 841072 497756 670090 557280 513491 230766 940503 268034 533279 584734 758834 449080 387114 917829 286810 812510 365903 572399 557152 741989 767407 536328 375480 488289 193023 400406 731790 817832 918835 338671 
144028 471454 270512 394730 738806 527273 273732 204083 405765 760529 486181 788504 304473 663429 164757 565533 407303 669915 524223 365000 219456 436261 401908 754432 251575 331313 402045 601805 383710 206010 849462 78854.3 277238 101769 378160 677213 293394 551132 352854 396081 27459.1 736115 88639.7 517731 406341 687677 261725 426676 739279 90735.9 616015 310368 503811 392720 616883 570959 411078 522802 398784 130419 205412 527684 635662 728717 213235 
35014.3 505811 396294 525009 871532 615202 288647 323883 509848 871450 518021 893714 431724 757852 32140.3 699201 527160 803293 538182 270897 119218 558464 456232 880278 379289 455862 399242 724859 478235 268287 973717 156218 357022 152003 509251 810919 407708 676491 465124 519317 159524 845400 221163 601233 539812 797979 329803 478784 872152 185852 742111 406677 610966 526149 744310 697323 403218 505980 512290 59941.6 336292 640815 768044 858308 205730 
714857 840910 322248 203541 360185 685207 590823 395506 562601 248294 857007 307748 287543 311264 750558 190780 200731 195563 927936 843007 754227 165339 747163 511258 440324 262688 653536 471610 602780 656150 594643 567353 431602 651621 223231 263883 321498 427908 276053 436194 564547 242870 520286 700904 234440 631383 470048 766243 217793 536373 24351.6 582701 570828 292742 419752 21095 670119 992261 507726 687210 388197 158142 135930 150526 631197 
665114 1.01473e+06 408001 412820 735180 939417 431936 426898 796972 292159 1.03129e+06 271459 402313 111973 713886 545736 307883 572114 1.08866e+06 679353 659194 318000 924672 874098 609926 371171 415394 801250 817524 766086 963382 539713 331042 701128 427070 638424 345254 747819 296233 688523 583275 262269 581124 946618 488296 956471 356432 948610 586963 516977 380171 767672 844863 547691 762685 369770 428730 1.11482e+06 750187 632665 474504 227337 512299 493199 509828 
301798 608905 104695 238466 632367 585888 226055 32802.4 443677 564235 625135 590745 140577 467080 341270 435139 218673 529029 677342 443695 340019 251448 523622 692527 243647 155029 340544 560247 446010 351241 791094 154208 116004 286484 228353 554239 98234.4 503182 156371 375311 172534 539189 164514 585342 280680 683440 128445 548513 590377 123762 438005 382259 522027 297713 554044 394081 355237 697986 412331 272971 96933 332175 484335 560511 232131 
191450 619190 236783 370946 760945 648501 131034 160639 514636 670075 634275 688320 272971 548942 238403 566499 343286 661445 674259 311849 212038 377895 545235 809973 327391 286700 260640 669341 503796 352393 908058 71867.9 147492 251730 360436 685169 221578 613815 272413 472128 139918 642893 183967 642800 409898 778810 121017 570317 722800 67186.3 565347 432561 604706 419609 670518 522304 271827 671450 494619 159411 208339 444042 616760 690429 103711 
634039 801424 245752 146455 417824 668768 503549 315520 536792 273035 817847 322126 213506 280209 671488 223394 115156 262528 886086 756229 670191 81221.9 707320 551776 390155 184816 567723 487453 571253 598248 641363 486277 344363 582344 167027 321503 237034 437425 189264 413697 488710 258031 449444 681601 201445 646016 382838 728031 298027 455432 107689 541639 560394 264824 443822 68447.1 584337 942058 483508 605601 316128 95126.2 203384 237807 544830 
271811 324099 312746 400706 668225 373751 427263 277627 264518 808883 339796 847222 335650 743178 266248 526662 451505 634215 388012 509574 357844 471390 247130 650364 176819 369043 556756 491636 233431 61587.3 740142 231700 396679 95268 380623 624003 363270 448385 419963 291254 159201 788480 126649 362353 381874 553336 392185 272222 708534 231366 627905 161199 365936 344819 519879 583768 566634 412288 271360 271662 238304 580135 612883 721443 371053 
561036 30000 638412 685511 792152 271312 770658 620948 321885 1.10426e+06 13453.6 1.15184e+06 651261 1.06927e+06 529139 733057 764105 830042 64288.4 790940 644168 774706 123988 691876 445202 685064 898074 550805 272635 293586 751033 575522 747659 400320 665217 789962 699031 541839 750539 444060 505693 1.0888e+06 477766 244295 636497 505669 743888 104235 904080 580215 892774 289664 371819 577997 608699 853724 906220 177767 375255 576003 569780 890403 832061 952607 704230 
336774 263150 352605 422096 646409 307093 495970 329310 209404 838439 279380 880555 370239 785621 326055 523401 485931 629982 334283 575925 423608 501758 180602 611278 181177 404278 625620 451577 171120 51546.1 697316 300927 456773 156474 401520 611572 409718 413687 463527 261926 228265 819856 188404 294354 390902 498001 455264 205779 705331 299015 645031 103465 310736 344703 486763 602190 635744 374877 227095 338999 280964 614509 615065 728670 440872 
779251 1.01705e+06 429005 362464 570307 889101 587725 481633 757248 83096.3 1.03359e+06 106405 405453 116043 823284 412800 289386 403339 1.09999e+06 847092 795179 273123 923148 730463 602536 371828 605851 692558 790745 799620 810015 636398 447098 765355 382404 476954 391234 646871 331605 634255 658187 53935.1 633199 902158 422030 852397 482846 944595 398167 607820 213002 757786 779463 485412 641758 227108 621003 1.14889e+06 704086 747880 503811 160705 348210 294049 652007 
277094 286667 507117 606245 861594 464999 519665 456847 409238 1.00689e+06 295576 1.04125e+06 534342 925709 237002 732069 648189 839443 301684 493883 353035 671280 268002 820498 382624 566460 638063 661238 360272 166148 902594 341849 546059 172586 586464 824972 547234 626710 606486 477008 289836 984891 302248 443813 589415 686473 529469 284100 914235 359227 834005 308916 505277 550718 700071 789552 643204 264622 437340 299282 432709 775194 819913 929005 441654 
618231 719462 225887 93005.4 340476 572239 529707 302853 444658 360839 735621 415326 189235 382099 650001 135152 147139 206155 806208 769437 666352 116250 625601 458530 319024 173925 612374 386063 482888 536345 551163 473092 372700 538855 109659 248244 246483 335529 219272 319240 460352 350156 410265 586369 112610 544259 408943 644957 262795 442309 145341 460871 461411 172595 344449 104690 628943 870395 390288 592747 282177 194093 156869 241514 556368 
395904 849779 334767 432925 834819 849779 139703 293833 708097 564564 865268 561471 357239 402892 446230 628140 349794 698961 908116 376666 370407 383343 771379 926397 508159 346716 125873 808607 708495 583332 1.02426e+06 307002 151529 486815 433720 744640 273386 750910 278830 635814 372400 534214 402523 848343 499785 941505 138130 796558 742566 297410 546298 642112 785663 536355 792523 513157 142004 906277 676436 364825 359780 384232 643063 678083 224243 
125208 648205 489118 623491 995978 767190 264756 412069 659897 920644 659294 932826 525792 783932 139463 811850 602439 911546 671340 124338 48764.7 636962 604950 1.01898e+06 516168 543203 333594 866413 629730 420006 1.11416e+06 245082 391602 303872 610737 927958 480651 815805 531034 660600 284522 892328 352037 753160 652063 946829 355574 626770 976079 274722 824399 557743 760498 648705 881090 781156 331403 622181 659365 134529 443668 699932 870244 948608 187856 
534986 180136 482685 503200 588180 114022 687026 485477 116829 916457 193830 967678 487247 899822 520074 529432 592663 624605 269704 774623 622113 597537 104077 501049 279686 519394 816624 351518 74330.3 237154 570919 495298 625218 354431 483803 583768 549343 337360 593255 242244 422985 903368 372372 96400.2 445638 339096 631001 109041 698316 489094 697622 127193 174046 384111 406208 660775 827754 367614 171479 538499 424500 713711 628802 749827 637534 
608679 851049 253269 208734 525951 744108 439851 305188 605773 252240 867674 282482 232142 193132 651154 330796 117004 368348 931790 698937 631478 111328 757810 658673 436023 198116 485224 586451 633704 625353 749147 463590 287028 588647 226241 429471 215114 534004 155756 488993 482104 227660 456571 754221 280252 743033 325014 780186 396688 434278 190851 593938 642246 342475 546631 166193 501567 975811 555252 577970 328030 24738.6 308526 320670 494171 
341211 879292 532139 656458 1.06011e+06 953740 207711 464583 826453 834938 892180 829154 564416 669000 379581 857336 594401 941013 914342 161208 264382 630134 821570 1.12397e+06 645143 566499 148003 986732 809390 625793 1.22243e+06 362708 362215 507561 651202 976771 490368 930701 518059 790395 432394 804504 492392 944874 709965 1.09654e+06 326198 845457 992553 377327 806105 736316 919905 729747 984979 769343 134239 876530 810586 325346 522024 650173 889018 937961 219713 
701171 862727 314560 211454 413310 718946 560350 383444 591486 213902 879036 268777 282455 258954 739304 239134 180801 248566 948395 816100 735033 148852 768651 562883 454622 253569 615325 517200 628758 665361 647191 553445 402492 651234 232034 316951 302597 471259 251287 466259 557391 203494 518376 733328 257235 677012 441131 788729 266957 522708 58694.1 603166 606980 319014 467547 52086.5 631801 1.00731e+06 537239 672347 385068 110114 189042 187963 606282 
707939 668342 348862 227969 180278 471653 672646 421246 374039 488112 683059 550113 315940 548365 729836 54129.5 318663 134239 758190 892059 770637 292058 579600 280203 336095 316787 769344 228064 424062 548403 373048 574616 524047 588215 229993 112539 393215 189789 382413 255002 541202 486079 478578 491664 171421 387342 556656 593709 208971 546155 257099 430081 352278 173566 175034 240533 785596 842769 320832 687841 376733 367967 145602 265377 683433 
701852 466974 460245 398848 305565 230358 760664 506717 197497 746175 478807 806480 442579 784333 705899 313955 505146 381935 554200 925635 781740 492000 393926 215379 315991 462502 879529 61000 249930 450498 298236 604822 643544 537663 387284 323489 525681 72069.4 543244 169009 545976 741569 478712 255000 322448 149050 665540 399400 447599 584624 514208 297893 118127 267479 121198 490316 894097 657895 172630 692564 442712 594140 406510 523474 741556 
252286 786130 552598 685697 1.07724e+06 894739 258559 477177 780016 927552 797458 930072 588292 773301 276371 882916 644186 976243 810088 15132.7 165109 680109 740072 1.1179e+06 619621 598785 268477 970532 754181 551014 1.21494e+06 332256 414132 432501 676237 1.00176e+06 527492 917306 568304 766587 389166 897805 456111 882220 726529 1.06275e+06 375494 762430 1.03524e+06 356602 865014 681175 878823 733638 978589 824394 259887 759032 773791 249650 522473 722696 929457 994397 216335 
117068 536537 277088 409161 775126 593001 209614 202299 468540 747222 550989 770092 313313 636529 155769 592457 404100 693753 586298 308561 172662 436111 468710 802813 302300 335215 336537 653521 448894 272413 899161 31953.1 238533 162099 394849 707720 283854 600960 340930 449138 72945.2 721268 138708 584045 432412 746837 215928 493389 760182 61983.9 621225 375682 564989 427874 664008 576730 345036 577710 458017 91082.4 224350 516563 654927 740173 145986 
394645 150233 529400 603464 795661 344384 614664 496541 320056 1.01956e+06 160353 1.06089e+06 549477 961456 361643 694424 665523 799113 181463 623339 476934 682493 139789 730505 361471 583384 739790 574891 266271 157610 805255 422830 610079 243298 582879 773068 582104 549364 638264 415217 357123 1.00064e+06 343001 320765 569956 575897 601103 151489 874694 432005 825528 237977 405094 520271 622116 783023 746967 194456 360514 411099 455782 794310 789079 905098 543994 
883779 653319 589216 491041 189180 403435 908944 650145 395763 740806 663597 805315 562748 822614 892440 327819 590770 337871 737277 1.09791e+06 959747 567208 587167 18248.3 489585 572986 1.01841e+06 143736 447826 646703 109124 773610 774010 727633 487003 262880 646026 189992 647207 347052 721782 744361 654011 430249 419869 194733 802001 590103 377595 749947 520047 495323 309317 386256 128888 512544 1.034e+06 846724 368090 871271 592001 645843 386571 478533 902456 
512299 202388 706403 782643 953935 454943 756963 669128 474102 1.19858e+06 196229 1.23938e+06 727633 1.13695e+06 468876 867430 843736 970447 139943 714006 582979 861335 266721 869419 540285 761426 875403 721017 420115 333781 934234 575128 773701 397780 762053 939630 756631 703739 813823 582603 516558 1.17945e+06 513355 428165 747910 691759 760517 261324 1.04587e+06 589475 1.00413e+06 408100 543330 696590 774355 961850 880307 30594.1 521426 536020 632193 972553 963579 1.08093e+06 679118 
398001 370826 246678 286400 512665 306193 479752 253000 165197 705694 387413 751647 253584 670436 404851 378440 363930 485387 453719 622448 477514 373894 277253 501941 44777.2 286714 606278 345905 167863 189391 594786 305930 395457 242297 265876 470425 313115 298297 357912 140545 242909 689141 176816 306000 247330 431807 406021 299541 560560 289638 503672 114039 253142 199249 367927 461863 619175 512103 143736 388330 189676 489605 469601 583541 447294 
241919 345584 521047 629019 905281 524605 495082 463962 462949 1.01948e+06 353747 1.05057e+06 550840 928367 196540 766776 661880 874339 354109 444380 310097 687329 328805 871840 417153 581588 607800 712215 415637 210459 955804 330619 538882 181747 609861 864083 554596 675314 614271 522556 289401 996249 314992 503817 618967 743592 518464 344971 948401 352185 856664 360207 560704 584883 748392 811784 611596 302121 487647 268157 448175 786652 851423 957156 413652 
629586 795033 240601 140121 415326 662541 501243 310850 530450 279415 811454 328518 208082 285580 666802 219641 111544 261197 879714 753329 666331 77006.5 700928 547892 383839 179739 566719 482300 564862 592157 637838 481834 341949 576771 160702 319169 233174 432046 186344 407424 483628 264433 443938 675326 195133 640726 380360 721633 298210 450960 110887 535248 554314 258536 439096 70228.2 583343 935803 477193 601266 310644 99297.5 202356 240127 541698 
707543 926094 343447 271221 508520 799012 534842 400975 666321 156416 942618 196023 317800 162262 749700 335024 202467 342486 1.00933e+06 794645 730300 183251 832145 659628 511907 284691 570601 610501 699514 711551 743683 562072 384749 682069 291204 412585 311970 562776 253332 543813 578250 135093 549154 811696 331400 770055 422342 853499 352264 532534 147828 666706 690461 394890 562601 148273 586573 1.0598e+06 613353 676918 417972 77491.9 283805 259187 591921 
953429 783036 616640 498046 101390 538075 941153 686420 509004 662599 794346 727585 584898 770602 968593 303872 584604 267328 869188 1.15222e+06 1.02306e+06 555044 710710 126246 561587 586905 1.03948e+06 256127 563014 744968 153052 829807 794096 811850 499949 198154 663272 281397 651463 433537 787147 671316 720781 564416 438854 337618 826338 716303 281007 803134 462082 600108 434447 424976 207964 466840 1.05572e+06 974708 471785 936912 636242 611271 325730 389082 947304 
602818 269136 483343 476828 501642 59228.4 726416 501519 86023.3 876097 280708 931011 480426 878451 593877 467398 575129 554917 356046 840374 688896 574060 202200 404150 286505 509742 854347 259044 97652.4 313313 472356 542698 644615 423710 459191 507001 552175 253126 588467 197730 472848 865888 413978 70724.8 410202 242266 656062 204022 626343 531413 649942 170660 80081.2 346655 317515 616887 866748 461299 130361 602138 436606 688193 566467 687554 686232 
