70 70 10
777 335 649 27 763 426 211 429 862 135 22 167 11 373 784 324 413 980 862 281 84 505 313 895 814 364 87 178 403 399 676 12 94 570 467 902 652 280 865 619 31 771 709 856 586 683 528 829 270 715 796 245 921 488 841 500 124 856 227 936 437 407 858 237 818 11 776 763 606 818 
128 688 369 917 917 996 324 743 470 183 
0 5 5 6 2 7 8 8 6 2 5 0 0 6 8 8 2 6 9 1 1 4 9 6 3 5 4 4 6 6 7 2 6 7 3 5 1 1 5 0 0 9 0 2 5 9 8 0 9 6 4 9 0 2 3 7 1 9 2 1 8 8 6 8 3 4 8 6 9 3 
1.62641 4.1653 3.01942 4.17354 7.3814 4.85956 3.28976 2.43282 3.72361 7.99 4.31045 8.29873 3.33305 7.09717 1.66412 5.75256 4.42109 6.81535 4.68028 3.98016 2.47073 4.687 3.49654 7.40316 2.41698 3.62861 4.5653 5.84377 3.44768 1.53062 8.33326 1.35093 3.30341 0.461411 3.99326 6.82663 3.33952 5.36554 3.93611 3.79057 0.730068 7.75596 0.98656 4.74562 4.19005 6.59024 3.16708 3.74144 7.53011 1.45798 6.4297 2.71831 4.72705 3.9697 6.05112 5.97865 4.65069 4.67386 3.72152 1.59765 2.30933 5.66083 6.5148 7.50243 2.64834 6.32994 4.93042 3.42441 2.60292 3.65657 
3.94635 3.386 2.75986 3.18925 5.32989 2.86398 4.94065 2.76957 1.50479 7.38221 3.55203 7.84115 2.84529 7.01944 3.97454 4.06341 3.95779 5.12762 4.21228 6.24109 4.76598 4.06208 2.45204 5.12372 0.766094 3.17907 6.21933 3.54249 1.44125 1.64149 6.03195 3.13651 4.18019 2.30326 2.98402 4.94872 3.41369 3.09944 3.87769 1.52778 2.46854 7.21649 1.83831 2.83933 2.78887 4.28599 4.26358 2.67755 5.88151 3.00167 5.35628 0.838153 2.45204 2.29002 3.81371 4.94009 6.34331 4.80114 1.40007 3.87559 2.15557 5.21806 4.9886 6.13777 4.56607 4.96452 2.90477 2.81441 0.605392 3.70151 
2.53298 7.92526 5.23883 6.55735 10.5101 8.8925 2.20484 4.49678 7.70211 8.87144 8.0449 8.88699 5.59035 7.3146 2.84164 8.54365 6.09944 9.458 8.21005 0.522015 1.68514 6.45963 7.41939 10.9746 6.02934 5.67789 2.2546 9.52494 7.47062 5.49676 11.9503 3.14111 3.78144 4.30443 6.47148 9.73598 4.95104 8.98386 5.33646 7.50067 3.758 8.57282 4.41367 8.77903 6.99546 10.4985 3.39559 7.64924 10.0335 3.36091 8.29714 6.7376 8.67674 7.09705 9.57967 7.8971 2.17083 7.75702 7.61042 2.45155 4.98255 6.84808 8.97839 9.59771 1.87449 8.60954 8.96184 5.75627 6.3066 7.02781 
8.53353 7.52354 4.98186 3.74037 0.311448 5.25179 8.21416 5.70812 4.62031 5.46206 7.65506 6.11138 4.64814 6.44002 8.72968 1.75727 4.56355 1.43283 8.41457 10.4134 9.18229 4.26005 6.70774 1.92634 4.71103 4.63797 9.15478 2.38657 5.15912 6.72241 2.63919 7.22669 6.71018 7.24754 3.77943 0.696348 5.40374 2.35648 5.24948 3.62552 6.86331 5.52204 6.22088 5.49353 3.20975 3.71203 7.0446 6.80664 1.77553 6.94606 3.35753 5.38713 4.09255 3.18127 1.74187 3.3776 9.31852 9.37577 4.1564 8.34353 5.25481 4.81383 1.98862 2.79079 8.32993 2.486 5.16614 4.47824 4.59426 8.39598 
6.93745 7.47407 3.05138 1.70511 2.64802 5.75407 6.13013 3.82251 4.60449 3.6494 7.63053 4.25699 2.68555 4.23212 7.23279 0.730068 2.2832 1.22801 8.36086 8.51374 7.45161 1.95167 6.54941 3.99722 3.67462 2.56082 6.95018 3.52955 5.04723 5.87553 4.8764 5.50436 4.56032 6.02685 1.83469 1.69614 3.29597 3.09968 3.02026 3.34117 5.32541 3.61122 4.78302 5.9268 1.59452 5.1272 4.92295 6.72216 1.82222 5.19939 1.32966 4.94289 4.58737 2.03482 3.01597 1.1407 7.1161 9.09175 4.05311 6.69362 3.55443 2.48556 0.766551 1.81618 6.3848 0.648999 5.70544 2.53211 3.72132 8.00765 
0.866487 5.60108 3.13536 4.469 8.16854 6.29076 1.95226 2.37356 5.07351 7.72653 5.74003 7.92738 3.50069 6.54671 1.32593 6.3274 4.35839 7.33219 6.04948 2.66625 1.30924 4.68837 4.96695 8.45224 3.44398 3.70195 3.16639 6.95696 4.85684 3.00193 9.41523 0.662873 2.53308 1.8422 4.33263 7.48575 3.14306 6.43281 3.695 4.91076 1.13358 7.45985 1.80325 6.19155 4.72827 7.87467 2.25601 5.20999 7.9883 0.968762 6.55172 4.12335 6.04723 4.69707 7.0644 6.1102 3.23483 5.88192 4.98511 0.559017 2.64458 5.44031 6.93289 7.76032 1.20503 6.65019 6.35574 3.6431 3.70567 4.95202 
3.48827 3.48794 2.59856 3.22025 5.68516 3.25498 4.5356 2.49147 1.94178 7.39032 3.65409 7.8206 2.74007 6.91527 3.52575 4.30409 3.88742 5.3776 4.26645 5.78236 4.30633 4.03053 2.58213 5.55446 0.8228 3.08026 5.82244 3.98152 1.81033 1.37928 6.47213 2.697 3.86679 1.87385 3.01438 5.25095 3.21459 3.5223 3.72003 1.9434 2.01718 7.20875 1.40389 3.20751 2.92159 4.74523 3.92005 2.82312 6.12595 2.57769 5.45133 1.12071 2.9063 2.49369 4.22664 5.02157 5.94216 4.74377 1.8597 3.41592 1.92567 5.16815 5.19394 6.31114 4.13058 5.12767 3.3036 2.7366 0.840238 3.6327 
5.49459 7.6286 1.7254 1.23471 4.83257 6.5722 4.13011 2.34386 5.17936 3.27341 7.79475 3.64907 1.46986 2.81149 5.88778 2.78692 0.313847 3.39165 8.44126 6.6562 5.82031 0.288617 6.69481 5.99437 3.47697 1.136 4.80817 5.13391 5.45162 5.41133 6.93382 4.01966 2.53728 5.11766 1.39463 3.89513 1.50083 4.58926 0.988585 4.02866 4.10946 3.06007 3.78613 6.66753 1.98252 6.67027 2.92166 6.91741 3.82873 3.71465 1.98285 5.05372 5.5756 2.58519 4.79009 1.58433 4.9746 8.90484 4.68017 5.20204 2.46887 0.983107 2.82682 3.28347 4.54528 2.37994 6.55925 1.45 3.69623 7.7936 
5.7649 5.70629 2.37124 1.48637 3.06341 4.10078 5.60029 3.02538 2.86175 5.22067 5.86315 5.7753 2.09955 5.37584 5.97369 1.45344 2.54772 2.52517 6.59267 7.67294 6.414 2.41033 4.78127 3.608 2.05477 2.21894 6.66127 2.48387 3.28536 4.22238 4.59234 4.46319 4.21284 4.55923 1.39284 2.45231 2.93437 1.92003 2.99541 1.59552 4.09518 5.12299 3.46113 4.24747 0.721803 3.98453 4.49952 4.95452 3.27515 4.18836 2.97431 3.18291 2.99341 0.411096 2.25743 2.62932 6.81859 7.33706 2.31141 5.57288 2.51032 3.46157 2.38321 3.55879 5.62226 2.4168 4.06597 1.93662 2.03049 6.26163 
1.0469 6.04239 3.26725 4.61307 8.41215 6.71658 1.57471 2.49596 5.47943 7.66416 6.18052 7.83001 3.63373 6.40252 1.54858 6.52396 4.40018 7.50457 6.48069 2.33403 1.15156 4.7427 5.41097 8.76762 3.79033 3.80147 2.74634 7.29496 5.2783 3.44581 9.73725 0.910494 2.39585 2.28493 4.49169 7.6972 3.18057 6.76096 3.69846 5.26156 1.52322 7.38922 2.17083 6.62197 4.93401 8.25671 2.07509 5.65406 8.13969 1.16846 6.61636 4.54542 6.44287 4.95275 7.37518 6.18231 2.80794 6.28441 5.37015 0.729178 2.85871 5.414 7.08018 7.85504 0.778781 6.77184 6.77975 3.786 4.06433 5.37287 
4.74709 1.74413 4.48092 4.8353 6.12148 1.73971 6.33456 4.43086 1.32371 9.01399 1.90434 9.50007 4.56606 8.7333 4.59308 5.32977 5.6646 6.3287 2.62619 7.14413 5.61883 5.74718 0.815414 5.39912 2.47825 4.89781 7.63207 3.85064 0.780897 1.76491 6.15111 4.39969 5.79871 2.94279 4.63441 5.98411 5.12657 3.62802 5.60022 2.44199 3.67349 8.86539 3.20306 1.57201 4.32759 3.91051 5.83175 0.997046 7.07791 4.35543 6.88959 0.890674 2.14767 3.74219 4.34578 6.49942 7.73885 3.45029 1.79622 4.78853 3.85047 6.90887 6.31292 7.51172 5.81188 6.3832 1.83175 4.52916 2.24662 2.4611 
7.63273 4.89401 5.26339 4.60541 3.09613 2.39852 8.27162 5.73362 2.44624 7.91624 4.9961 8.53285 5.07963 8.39447 7.65405 3.57393 5.6674 4.11947 5.73331 9.89315 8.44233 5.51871 4.25206 1.82214 3.81072 5.27031 9.46177 0.757694 2.93157 5.0312 2.5088 6.69669 7.09975 5.95836 4.49961 3.464 5.91346 1.22066 6.07421 2.3461 6.09606 7.88914 5.42687 2.66543 3.84012 0.870057 7.32149 4.27057 4.71615 6.50007 5.60161 3.49276 1.49466 3.31368 1.37568 5.39748 9.60738 6.82949 2.29828 7.5504 5.09345 6.50692 4.43928 5.56296 8.07213 4.78272 2.29513 4.9368 3.52865 6.00204 
5.65662 3.92227 3.53276 3.25498 3.87738 2.12876 6.35106 3.88012 0.975295 7.19651 4.0671 7.74796 3.4321 7.2654 5.69956 3.16413 4.27454 4.10742 4.82121 7.90607 6.4585 4.23019 3.05491 3.42113 1.84166 3.69135 7.57552 1.82779 1.49345 3.21442 4.31129 4.71645 5.294 4.02505 3.09128 3.72336 4.2174 1.44392 4.5001 0.47 4.10903 7.09627 3.44073 2.27178 2.55738 2.67367 5.47439 3.18071 4.84679 4.52902 4.93803 1.74485 1.10223 1.92317 2.17807 4.60431 7.71495 5.71431 0.475184 5.56656 3.22281 5.35374 4.159 5.37128 6.10575 4.30656 2.09974 3.32002 1.54806 4.7161 
4.43353 5.11892 1.38654 1.44257 4.39386 4.10903 4.42652 1.84716 2.68002 5.63565 5.28411 6.1001 1.29314 5.34879 4.65099 2.67421 2.27759 3.74021 5.95668 6.37075 5.08615 2.33808 4.17938 4.78023 1 1.5807 5.57374 3.42808 2.91405 3.16484 5.76303 3.14312 3.19776 3.30438 1.23746 3.76384 2.0677 2.85748 2.37217 1.68315 2.76442 5.47219 2.13965 4.17647 1.14756 4.7067 3.42184 4.3942 4.46405 2.87689 3.64664 2.52606 3.24302 0.921141 3.38723 3.2182 5.72315 6.528 2.22524 4.24129 1.24483 3.50051 3.47333 4.5412 4.35836 3.3544 4.11013 1.20033 1.16662 5.42075 
6.04901 7.14228 2.12132 0.801561 3.53278 5.71545 5.15414 2.89014 4.42109 3.6342 7.30458 4.16573 1.75514 3.77737 6.3702 1.47299 1.33959 2.20411 8.0055 7.5519 6.52511 1.04101 6.20249 4.6845 3.11006 1.59703 5.98459 3.92046 4.79153 5.27266 5.61729 4.59514 3.58491 5.2754 0.976729 2.6163 2.32166 3.4053 2.0538 3.17448 4.47644 3.51605 3.98339 5.85103 1.07713 5.49524 3.94681 6.39941 2.77016 4.28696 1.53183 4.55132 4.62018 1.69499 3.52165 1.10802 6.15019 8.63151 3.88085 5.7925 2.69475 1.8813 1.71129 2.5387 5.42109 1.39517 5.68465 1.61447 3.23025 7.52768 
5.95552 1.56259 5.57197 5.73266 6.2357 0.970206 7.58489 5.60389 1.778 9.83108 1.65076 10.3565 5.61001 9.71796 5.76657 5.85226 6.64959 6.75663 2.3816 8.35103 6.82719 6.68588 1.20615 5.17357 3.54158 5.92839 8.88217 3.79179 1.45962 2.97015 5.77055 5.65279 6.99861 4.1616 5.54239 6.29229 6.24079 3.75659 6.67428 3.04095 4.92666 9.71004 4.44627 0.700643 5.12821 3.3353 7.0512 1.08784 7.47773 5.60515 7.61052 2.01896 2.01693 4.5025 4.39182 7.2568 8.99016 3.50143 2.32545 6.01469 4.9946 7.84513 6.84658 8.05919 7.0644 7.00037 1.08074 5.5501 3.26377 2.79902 
3.74001 3.49185 2.61358 3.12815 5.45011 3.07903 4.72017 2.58118 1.72812 7.31498 3.65826 7.76091 2.72208 6.90192 3.78114 4.11306 3.85203 5.18348 4.29829 6.02438 4.55397 3.97373 2.56759 5.29967 0.692026 3.05949 6.00051 3.72602 1.64779 1.56349 6.21662 2.91302 3.98246 2.1272 2.92205 5.03526 3.25443 3.26841 3.7353 1.69 2.24715 7.14183 1.61474 3.04792 2.77737 4.50241 4.0571 2.80059 5.93466 2.77849 5.3297 1.00623 2.67367 2.31521 3.97472 4.90637 6.12369 4.836 1.61375 3.66281 1.98154 5.1229 5.01937 6.15209 4.34246 4.97257 3.12181 2.70276 0.629682 3.72924 
0.70214 4.74979 4.12317 5.37894 8.73066 5.94607 3.23989 3.42462 4.95036 8.94687 4.86763 9.18769 4.46912 7.85493 0.368917 7.06135 5.46452 8.11382 5.0467 2.98216 1.49282 5.7671 4.29111 8.74443 3.77115 4.72705 4.35295 7.17541 4.60566 2.46223 9.66603 1.8071 3.86063 1.35591 5.21311 8.15724 4.28805 6.70835 4.87155 5.13024 1.70423 8.69154 2.25869 5.79525 5.47851 7.84103 3.60436 4.51054 8.81477 2.08655 7.58317 3.90387 5.96607 5.30103 7.3999 7.1333 4.3926 4.70306 5.01144 0.957549 3.48574 6.62987 7.78311 8.71865 2.41506 7.56381 6.0289 4.58519 3.95275 3.88032 
4.50126 4.88723 1.65747 1.66964 4.32297 3.82832 4.63366 2.07183 2.40142 5.85773 5.0517 6.33455 1.57458 5.61413 4.69086 2.70313 2.54615 3.77763 5.73464 6.50526 5.18531 2.59139 3.94635 4.61069 0.833847 1.86132 5.80149 3.21602 2.64764 3.0331 5.58917 3.26443 3.44819 3.27185 1.4682 3.74489 2.34233 2.65189 2.65377 1.41057 2.83233 5.70202 2.18197 3.89782 1.26625 4.45499 3.65919 4.15616 4.51453 3.01204 3.81918 2.28974 2.96488 0.891403 3.21552 3.40037 5.94871 6.33922 1.94366 4.32558 1.44267 3.7541 3.55225 4.6556 4.52604 3.47144 3.8289 1.48125 0.941754 5.23637 
9.58188 6.64536 6.89123 5.98385 2.92015 4.11692 10.0381 7.45735 4.4236 8.52406 6.72441 9.17098 6.6485 9.36144 9.62106 4.41118 7.00061 4.48786 7.42195 11.8027 10.3762 6.77747 6.11337 1.16211 5.69453 6.77529 11.1717 2.19659 4.8932 7.01294 0.819878 8.57723 8.74662 7.93254 5.929 3.73551 7.4877 2.75661 7.53704 4.22641 8.01057 8.56675 7.33485 4.3842 5.25224 1.75183 9.00869 6.09594 4.8316 8.36035 6.33256 5.4742 3.4428 4.86033 2.30413 6.26077 11.3244 8.58031 4.272 9.48498 6.84895 7.58789 4.991 5.86931 9.91407 5.45132 4.00536 6.48926 5.43368 7.84358 
5.49015 1.40801 7.00298 7.64933 9.06353 3.9302 7.83181 6.70671 4.29317 11.8373 1.31004 12.2755 7.1826 11.3321 5.09192 8.33471 8.33783 9.33906 0.653911 7.62607 6.25051 8.48539 2.20617 8.12287 5.21199 7.5231 9.05681 6.68231 3.76782 3.31485 8.73002 5.94542 7.84873 4.14638 7.44339 8.98408 7.55149 6.55515 8.10432 5.45162 5.30769 11.6613 5.17847 3.66012 7.23802 6.27976 7.75243 2.0948 10.0882 6.05367 9.81201 3.76927 4.89265 6.68985 7.2428 9.40213 9.11799 0.563205 4.7993 5.69825 6.27637 9.62168 9.31279 10.5045 7.08961 9.36004 4.04005 7.18871 5.06472 0.945569 
7.74247 6.79651 4.28155 3.11002 1.0824 4.61395 7.52644 4.98478 3.86747 5.45514 6.93312 6.09295 3.96406 6.21514 7.92879 1.27883 4.02336 1.52118 7.69231 9.66431 8.40636 3.75257 5.95778 2.00823 3.89882 3.99112 8.51621 1.86207 4.40028 5.91069 2.90849 6.45786 6.0604 6.43479 3.11931 0.885268 4.75279 1.68107 4.66004 2.82492 6.07253 5.46996 5.42388 4.84257 2.50338 3.36859 6.37967 6.06862 2.13038 6.18295 3.20306 4.59341 3.42841 2.40169 1.22642 3.11448 8.678 8.6226 3.38339 7.55937 4.50031 4.46282 1.90683 2.96953 7.59951 2.3286 4.5363 3.79389 3.77934 7.62549 
5.98141 1.24868 7.20884 7.75867 8.88978 3.63189 8.25258 6.97132 4.1924 11.9515 1.10059 12.413 7.36202 11.5353 5.60357 8.29781 8.50527 9.27302 0.360694 8.1678 6.765 8.62951 2.17083 7.84857 5.33401 7.70208 9.4976 6.46574 3.69424 3.60451 8.4043 6.33537 8.17309 4.5407 7.55414 8.87471 7.7881 6.38928 8.32339 5.40638 5.67081 11.7886 5.47883 3.36363 7.29638 5.93216 8.10104 1.99972 10.0144 6.42067 9.86601 3.81477 4.67898 6.72217 7.05216 9.46888 9.56574 1.10603 4.72343 6.17297 6.50004 9.77949 9.28619 10.4895 7.53493 9.36667 3.73777 7.35435 5.15505 1.41089 
5.8698 0.483322 6.38193 6.77027 7.62992 2.35325 7.87869 6.25873 3.00629 10.9423 0.417253 11.4342 6.48726 10.6622 5.57459 7.13238 7.59701 8.07845 1.00045 8.19909 6.71431 7.6837 1.21264 6.56967 4.40583 6.82191 9.16289 5.19432 2.54876 3.08585 7.13511 5.91977 7.56477 4.20576 6.57001 7.64944 7.00803 5.13802 7.50435 4.25607 5.20862 10.7979 4.87943 2.08471 6.24375 4.67039 7.54852 0.970824 8.81165 5.94564 8.78941 2.82349 3.41252 5.64316 5.78835 8.41 9.25044 2.1868 3.55218 6.00193 5.71851 8.84514 8.12606 9.33612 7.24276 8.2393 2.45961 6.45697 4.18259 1.7698 
7.52091 6.51627 4.13192 3.00987 1.32834 4.34815 7.37653 4.81798 3.58603 5.58707 6.65331 6.21885 3.82598 6.27214 7.69708 1.31244 3.96244 1.73104 7.41237 9.47439 8.19752 3.70941 5.67631 2.00192 3.65268 3.87475 8.39181 1.64305 4.11869 5.64256 2.94272 6.2562 5.93448 6.186 3.00167 1.14621 4.63039 1.41651 4.57083 2.54867 5.85239 5.58793 5.19802 4.57395 2.36241 3.18849 6.24465 5.78769 2.37626 5.98602 3.30553 4.31519 3.15919 2.20204 1.03247 3.18014 8.55238 8.34101 3.10203 7.34418 4.31297 4.48135 2.05905 3.16938 7.4236 2.44559 4.27225 3.65657 3.52319 7.34425 
6.86476 3.27185 5.40626 5.15598 4.70473 0.74 8.00885 5.67067 1.57582 8.96666 3.36013 9.5448 5.33094 9.15219 6.78405 4.72382 6.18496 5.48293 4.08104 9.23275 7.72219 6.12945 2.74898 3.48891 3.52955 5.59915 9.27548 2.2366 1.81571 3.98207 4.06044 6.21203 7.10211 5.07947 4.99808 4.91717 6.09555 2.36907 6.40488 2.38019 5.52598 8.89181 4.91636 1.01005 4.43633 1.64685 7.2444 2.71627 6.15417 6.08217 6.66247 2.536 0.813941 3.81064 2.87903 6.37421 9.40462 5.21138 1.847 6.8496 5.01259 7.23661 5.6862 6.87699 7.64467 5.93576 0.630317 5.22506 3.21174 4.46363 
7.97161 9.08204 4.04623 2.83805 3.5137 7.38848 6.67488 4.77821 6.2367 2.18215 9.24048 2.82781 3.69818 3.28824 8.32948 2.24662 2.81114 1.86003 9.96266 9.21811 8.35733 2.46343 8.15081 5.18117 5.15353 3.45058 7.23747 5.03607 6.66888 7.33224 5.9276 6.49604 5.08932 7.32548 3.02952 2.61094 4.02657 4.66451 3.5513 4.97109 6.46777 2.2311 6.01752 7.56372 3.06297 6.61272 5.47537 8.33142 1.77792 6.18634 0.59 6.52283 6.21576 3.60203 4.45892 1.03484 7.40211 10.6493 5.68516 7.69406 4.7009 2.16261 1.37539 0.82134 7.10798 1.02728 7.33802 3.58755 5.24627 9.55299 
3.44071 5.94577 0.509902 1.8554 5.76095 5.50004 2.81517 0.262488 4.06177 5.38177 6.11072 5.69959 0.876641 4.57739 3.79676 3.79812 1.82497 4.7529 6.67803 4.9855 3.89525 2.11747 5.05835 6.37248 2.06022 1.08374 3.92623 5.07326 4.14135 3.4723 7.3584 1.97162 1.5632 3.00962 1.73954 4.98648 0.773369 4.49979 1.35281 3.27983 1.97649 5.14884 1.69452 5.51567 2.24415 6.34521 1.77124 5.30212 5.38199 1.66193 3.94645 3.55225 4.78729 2.42095 4.99139 3.49967 4.07735 6.9819 3.70527 3.17191 0.567186 3.05275 4.32256 5.13352 2.87892 4.02374 5.52153 1.02883 2.37034 5.88507 
5.20247 8.79755 2.82931 3.24785 6.99203 8.24491 2.98171 2.88106 6.80331 3.78338 8.96177 3.79179 2.86211 2.25568 5.6857 4.95892 2.21109 5.48523 9.50781 5.5459 5.19234 2.45522 7.91692 8.15807 4.85412 2.60233 3.11642 7.21084 6.95041 6.25633 9.10412 3.93137 1.84505 5.55989 3.33793 6.04268 2.15195 6.64783 1.79045 5.82001 4.37659 3.48144 4.39063 8.29026 4.00704 8.69186 2.11152 8.16128 5.81629 3.70527 3.76703 6.39832 7.39024 4.52836 6.91909 3.50076 3.27246 9.72118 6.37661 4.87811 3.41849 2.08665 4.89556 5.05964 3.70794 4.40732 8.25286 2.97007 5.14475 8.64853 
5.10529 8.26027 2.19829 2.48395 6.24501 7.56897 3.18077 2.4067 6.13313 3.55439 8.42589 3.69381 2.17348 2.33431 5.56386 4.20195 1.44222 4.768 9.00419 5.7807 5.22422 1.69198 7.35942 7.38999 4.22538 1.8868 3.58776 6.44829 6.31219 5.79379 8.3377 3.72508 1.74451 5.21276 2.58118 5.30212 1.56589 5.88743 1.09444 5.10662 4.06007 3.26933 3.96551 7.62696 3.24575 7.9394 2.09848 7.59908 5.13982 3.46152 3.135 5.796 6.67816 3.78017 6.15081 2.82606 3.75155 9.29508 5.68705 4.7862 2.85829 1.51162 4.1861 4.44946 3.79158 3.7098 7.5718 2.26385 4.50284 8.20437 
5.38781 6.71591 1.46328 0.166433 4.01005 5.48689 4.56228 2.23376 4.1234 4.03091 6.88044 4.50729 1.09659 3.88666 5.71071 1.95256 0.994636 2.81149 7.56017 6.91714 5.86837 0.858429 5.77509 4.98198 2.6021 0.970618 5.45678 4.02492 4.43928 4.71123 5.94427 3.93468 3.0206 4.64691 0.372022 3.14201 1.72514 3.47196 1.56605 2.93164 3.82027 3.87332 3.34201 5.5963 0.851469 5.54593 3.36786 5.98445 3.41353 3.62679 2.11625 4.11851 4.46055 1.46322 3.71892 1.6694 5.62085 8.12604 3.60569 5.13157 2.03983 1.97952 2.35315 3.19453 4.78909 2.05623 5.46824 0.953362 2.76588 7.01655 
9.19405 8.24738 5.54813 4.25738 0.588303 5.94348 8.75042 6.29321 5.35322 5.39129 8.37705 6.03988 5.20159 6.55049 9.40608 2.24956 4.98655 1.56247 9.13622 11.0149 9.82024 4.65997 7.43888 2.28974 5.41503 5.15644 9.63606 3.05761 5.89293 7.45043 2.77723 7.85863 7.214 7.95108 4.32187 1.05394 5.91822 3.0769 5.70748 4.36033 7.5257 5.49097 6.89377 6.19022 3.80237 4.26433 7.56191 7.53441 1.5632 7.57154 3.48369 6.12354 4.7993 3.84338 2.4287 3.59635 9.80128 10.107 4.89265 8.99409 5.87616 5.06475 2.16261 2.64756 8.91309 2.67052 5.85458 5.0337 5.30996 9.13119 
5.70846 8.36915 2.31249 2.11946 5.57215 7.42873 3.95828 2.74935 6.02103 2.88434 8.53558 3.12463 2.15604 2.02467 6.1437 3.57302 1.08669 4.03555 9.15684 6.55222 5.90689 1.17154 7.4449 6.82739 4.23784 1.8197 4.40855 6.01631 6.26616 6.03511 7.75118 4.27286 2.44524 5.59866 2.26874 4.61417 1.84253 5.47537 1.24808 4.8974 4.50188 2.62057 4.29337 7.51475 2.87211 7.55858 2.82144 7.67477 4.36094 3.98648 2.32699 5.82533 6.45273 3.46978 5.65608 2.04453 4.57231 9.54799 5.53435 5.39735 3.04902 0.693758 3.44292 3.63585 4.51692 2.95169 7.41952 2.18717 4.48135 8.44242 
6.11191 8.62986 2.62452 2.23486 5.41128 7.58631 4.36327 3.11448 6.19852 2.48284 8.79619 2.75187 2.42887 1.79109 6.54331 3.46655 1.29004 3.82753 9.43231 6.95932 6.31805 1.2596 7.69925 6.74633 4.48232 2.0883 4.77671 6.02519 6.47158 6.35007 7.64956 4.66999 2.85701 5.95756 2.40651 4.44568 2.20912 5.5 1.61245 5.03724 4.87791 2.22569 4.64221 7.68503 2.9561 7.59016 3.23262 7.92456 4.09552 4.38056 2.02633 6.06447 6.57343 3.5761 5.62755 1.8 4.93916 9.8583 5.69622 5.80211 3.3701 0.340588 3.22837 3.31217 4.92854 2.72485 7.57145 2.43655 4.70976 8.74966 
5.65107 7.19467 1.71572 0.638905 4.12029 5.95716 4.60679 2.46033 4.60197 3.55692 7.35942 4.02616 1.36624 3.42584 6.00004 2.05801 0.751665 2.76796 8.03592 7.04577 6.07705 0.474342 6.25412 5.23483 3.07044 1.13111 5.40631 4.38316 4.92164 5.15102 6.17836 4.18019 3.02557 5.02558 0.8422 3.20339 1.79627 3.8452 1.47635 3.40026 4.13628 3.39413 3.70401 6.07076 1.29031 5.9319 3.39438 6.46469 3.29188 3.87021 1.74951 4.59793 4.91504 1.91971 4.02881 1.29877 5.57219 8.58673 4.08094 5.38046 2.37697 1.51169 2.24508 2.92904 4.9148 1.86601 5.93633 1.26127 3.24299 7.47605 
5.21982 2.16453 4.46025 4.6322 5.55195 1.22188 6.61346 4.52134 0.782943 8.76037 2.30887 9.27373 4.49361 8.60598 5.1069 4.9023 5.53586 5.86441 3.06341 7.60796 6.08664 5.57883 1.32774 4.76518 2.43074 4.81175 7.90555 3.23187 0.344384 2.2858 5.50718 4.7223 5.93142 3.41784 4.43921 5.47292 5.13277 3.04587 5.55925 2.02299 4.00676 8.63023 3.46439 1.12641 4.05216 3.27361 6.00521 1.42804 6.60497 4.63985 6.57222 0.978621 1.50443 3.43651 3.75055 6.2032 8.02153 3.99461 1.32061 5.23179 3.89965 6.73986 5.89499 7.10406 6.1538 6.0068 1.29541 4.43352 2.14842 3.05722 
5.23689 1.46414 6.84202 7.52475 9.05647 3.99606 7.59627 6.52442 4.26808 11.7062 1.39262 12.1351 7.03143 11.1676 4.83414 8.26904 8.18952 9.28433 0.840238 7.3621 5.99164 8.34589 2.17862 8.16354 5.08842 7.37153 8.815 6.69914 3.73472 3.13423 8.79446 5.72098 7.64391 3.92379 7.31861 8.94859 7.3782 6.54941 7.9368 5.39676 5.09309 11.5253 4.98623 3.7271 7.13474 6.35932 7.53956 2.09614 10.0359 5.83658 9.70668 3.68513 4.91435 6.59849 7.24652 9.2921 8.87426 0.490306 4.76051 5.44905 6.11006 9.47561 9.24134 10.4268 6.84746 9.27465 4.10702 7.04284 4.95461 0.729452 
5.98506 1.28456 5.80983 6.01985 6.57392 1.27769 7.71093 5.80675 2.09124 10.1365 1.35447 10.6561 5.86285 9.99124 5.76945 6.18361 6.91978 7.09346 2.0662 8.37342 6.85412 6.96656 1.12606 5.49307 3.78217 6.18561 9.00832 4.1268 1.73185 3.01811 6.07053 5.76514 7.1858 4.20933 5.82715 6.6319 6.47112 4.09649 6.91948 3.35753 5.03829 10.0111 4.5907 1.00841 5.42996 3.61865 7.22281 0.947945 7.81584 5.73468 7.92669 2.22463 2.35567 4.808 4.72966 7.5682 9.11178 3.21055 2.64169 6.06209 5.21076 8.12778 7.17824 8.39088 7.16171 7.32612 1.38521 5.80923 3.51525 2.57233 
7.74665 9.56831 3.9773 3.04095 4.66978 8.11032 6.11569 4.61736 6.85073 1.20934 9.73153 1.79622 3.68057 2.12132 8.15177 3.17052 2.58105 3.00167 10.4235 8.70933 8.01706 2.31262 8.62744 6.29007 5.47759 3.37001 6.49888 5.98833 7.22806 7.56345 7.07181 6.27809 4.59004 7.36848 3.24711 3.74204 3.75694 5.55932 3.19312 5.59473 6.38238 1.14983 6.03583 8.25955 3.51336 7.58426 4.97081 8.82878 2.95447 5.97629 1.1414 6.97213 6.97782 4.12835 5.45433 1.38708 6.65887 11.0009 6.30651 7.4471 4.70523 1.48 2.46073 1.93631 6.66037 2.00639 8.0722 3.61707 5.63157 9.89077 
6.42795 1.51611 6.20613 6.3607 6.67261 1.31484 8.15738 6.22685 2.3914 10.4432 1.54146 10.9745 6.24568 10.3509 6.20556 6.41412 7.28358 7.28871 2.16816 8.81385 7.29609 7.31665 1.55193 5.48894 4.1758 6.56403 9.45487 4.20595 2.09504 3.46562 6.00257 6.21303 7.61412 4.65611 6.17171 6.79272 6.87346 4.23595 7.30953 3.64446 5.48614 10.3267 5.03287 1.07378 5.74625 3.52512 7.65755 1.35074 7.99801 6.18026 8.20864 2.64047 2.48783 5.11744 4.83011 7.86245 9.55895 3.36364 2.93206 6.50816 5.62275 8.47482 7.40587 8.6172 7.61069 7.57866 1.40631 6.18567 3.89924 2.85047 
4.90486 7.84297 1.76477 2.05934 5.90699 7.11848 3.18277 2.04355 5.68356 3.69088 8.0089 3.90083 1.72386 2.65279 5.34619 3.84896 1.04809 4.48068 8.59782 5.76534 5.0948 1.34183 6.93638 6.99638 3.78541 1.43503 3.74626 6.01973 5.86805 5.40882 7.95178 3.48174 1.64012 4.88215 2.1456 4.97749 1.164 5.45587 0.64846 4.6552 3.75373 3.42161 3.60636 7.17798 2.81585 7.50025 2.02062 7.17432 4.90153 3.20206 2.96623 5.36113 6.22676 3.33781 5.73791 2.61375 3.91234 8.9181 5.23567 4.59184 2.44755 1.47054 3.91281 4.28591 3.71163 3.45626 7.12085 1.81221 4.05927 7.82164 
8.05105 8.81082 4.11122 2.8211 2.94822 7.01128 6.92243 4.86806 5.92112 2.73359 8.96621 3.38213 3.75012 3.83693 8.38373 1.83221 3.00137 1.30384 9.69981 9.42497 8.48892 2.6417 7.88926 4.63001 4.99892 3.54189 7.56419 4.55817 6.37709 7.1969 5.36411 6.58595 5.32846 7.28179 2.99421 2.05623 4.18524 4.219 3.76431 4.66495 6.49492 2.79458 6.00051 7.19831 2.90147 6.11871 5.7112 8.0587 1.23665 6.27625 0.880909 6.28727 5.8258 3.37765 3.96274 1.21078 7.73003 10.4363 5.3713 7.78617 4.71377 2.56632 0.876584 0.520096 7.29976 0.697711 6.95506 3.62088 5.05903 9.35128 
6.65009 9.70341 3.62221 3.44193 6.4925 8.77763 4.52637 3.95324 7.37461 2.28355 9.86978 2.24511 3.49824 0.757166 7.11827 4.6265 2.43813 4.85556 10.4783 7.09233 6.7047 2.46951 8.78415 7.91046 5.58581 3.16628 4.59831 7.24177 7.62155 7.31391 8.79163 5.29589 3.26497 6.78258 3.60411 5.52552 3.07065 6.7206 2.51008 6.23802 5.63653 1.97773 5.51632 8.86721 4.17481 8.81111 3.58398 9.01648 5.0009 5.03698 2.93232 7.17354 7.78412 4.78968 6.83005 2.83826 4.74641 10.8255 6.88391 6.32811 4.33803 1.45 4.25842 4.07296 5.23261 3.74883 8.76644 3.53838 5.83401 9.72666 
2.91234 2.49596 4.58214 5.48767 7.91205 4.00769 5.12831 4.15337 3.38378 9.5629 2.61444 9.93457 4.8278 8.84613 2.60311 6.6583 5.98205 7.72915 2.8493 5.228 3.74585 6.19048 2.11936 7.492 3.18002 5.1583 6.369 5.89892 2.90193 0.9827 8.31685 3.23631 5.18278 1.43924 5.28609 7.5634 5.04172 5.55389 5.62385 4.06356 2.61658 9.35433 2.59048 3.80938 5.2691 6.17888 5.06246 2.31355 8.48011 3.35529 7.75645 2.37539 4.3529 4.85314 6.28767 7.31665 6.4377 2.78088 3.65954 3.07132 3.83407 7.26472 7.5541 8.6647 4.40702 7.4792 4.10581 4.87312 3.1753 1.76465 
6.64003 7.79064 2.70002 1.44554 3.45824 6.27539 5.56386 3.45419 5.02467 3.04416 7.95196 3.61024 2.34137 3.43071 6.97929 1.53883 1.63719 1.92463 8.65934 8.03306 7.07537 1.27906 6.85252 4.82066 3.78336 2.12763 6.29085 4.26433 5.41713 5.94794 5.70485 5.17279 3.97212 5.93334 1.63515 2.49562 2.78431 3.79318 2.40337 3.76431 5.09975 2.95718 4.6306 6.42487 1.72351 5.86051 4.34925 7.04483 2.34804 4.86297 0.857555 5.20634 5.14745 2.31407 3.79047 0.454533 6.45728 9.30089 4.478 6.37314 3.3234 1.65705 1.34618 1.93259 5.90374 0.899444 6.23777 2.21815 3.89667 8.19847 
8.82261 7.99766 5.16736 3.87764 0.52811 5.74282 8.37054 5.91277 5.0824 5.17604 8.13093 5.82626 4.82084 6.26556 9.0393 1.86936 4.61746 1.24085 8.89054 10.6349 9.44412 4.29424 7.1722 2.31976 5.06333 4.77696 9.26106 2.88062 5.61843 7.12085 2.92554 7.48193 6.83617 7.59743 3.94122 0.67424 5.53921 2.8379 5.33401 4.04975 7.1552 5.25884 6.52664 5.98326 3.42301 4.18714 7.18307 7.27641 1.38917 7.19403 3.18511 5.81949 4.57949 3.47554 2.23544 3.26957 9.42613 9.83921 4.60663 8.62041 5.49859 4.73321 1.8384 2.45345 8.53244 2.3483 5.65785 4.65292 4.96734 8.84898 
6.74273 5.3463 3.80217 2.98931 2.40104 3.22386 6.96078 4.37477 2.42043 6.3361 5.48336 6.93878 3.56881 6.74538 6.86225 2.02425 4.0446 2.78959 6.24239 8.84338 7.48059 3.87866 4.51054 2.25858 2.79589 3.71769 8.0821 0.975141 2.9567 4.60196 3.23427 5.59916 5.65785 5.26579 2.90243 2.30098 4.40967 0.431045 4.50309 1.47959 5.10186 6.28981 4.42666 3.4374 2.22892 2.52127 5.91872 4.61866 3.49201 5.3584 4.01659 3.20156 2.02726 1.77553 0.866083 3.77881 8.23527 7.1772 1.95318 6.6017 3.78114 4.85545 2.97405 4.16515 6.8812 3.24423 3.15572 3.4133 2.6 6.19165 
3.27867 4.40556 1.69257 2.50186 5.56343 4.05098 3.81077 1.57686 2.64885 6.59037 4.57131 6.98997 1.87395 6.022 3.44746 3.92216 3.03449 4.99004 5.16443 5.38658 4.00232 3.21442 3.50721 5.72752 0.734098 2.21326 5.06913 4.23382 2.64068 2.07425 6.68853 2.15724 2.98027 2.05548 2.30313 4.98977 2.29026 3.70601 2.80794 2.2032 1.6241 6.39295 0.952575 4.03656 2.38533 5.24535 3.06889 3.74931 5.71386 1.95602 4.77846 2.0096 3.50721 2.13265 4.34332 4.33457 5.19977 5.56515 2.40337 3.12477 0.99925 4.32251 4.71658 5.75641 3.53171 4.57193 4.08579 1.8976 1.03078 4.4548 
2.09029 3.3501 3.80728 4.84199 7.67777 4.43696 4.17337 3.29959 3.52026 8.80493 3.48415 9.14346 4.08795 7.99138 1.8868 6.22557 5.21878 7.30075 3.78868 4.47493 2.95655 5.45715 2.79866 7.47797 2.74002 4.40478 5.42407 5.88539 3.13168 0.955249 8.36231 2.27528 4.24634 0.483735 4.64855 7.22277 4.20268 5.46762 4.79488 3.90242 1.67275 8.58242 1.75317 4.28042 4.7351 6.408 4.1118 3.02769 8.03794 2.40187 7.12026 2.461 4.53485 4.40768 6.18684 6.67261 5.49758 3.72979 3.65825 2.19672 3.06635 6.48494 7.06154 8.11601 3.46976 6.93098 4.52227 4.15578 2.82816 2.72591 
8.10038 6.63727 4.82996 3.73591 1.04785 4.31116 8.06945 5.49764 3.78319 6.15325 6.76327 6.79464 4.53345 6.93957 8.24874 1.99685 4.69163 2.15713 7.5213 10.115 8.80471 4.43606 5.85211 1.28787 4.17852 4.59419 9.10355 1.42888 4.3264 6.04452 2.21416 6.88151 6.64678 6.68468 3.722 1.43265 5.34597 1.47959 5.29823 2.92181 6.44003 6.17729 5.77409 4.55817 3.07293 2.77651 6.95076 5.93507 2.6634 6.62046 3.92046 4.63087 3.17194 2.85491 0.797057 3.83885 9.26329 8.51674 3.3618 7.93918 4.96806 5.18089 2.60231 3.59785 8.08735 3.04237 4.22246 4.36495 4.01061 7.56746 
6.33001 10.0066 3.98363 4.17346 7.56965 9.35951 3.94554 4.09683 7.92518 3.33924 10.1713 3.14668 3.96548 1.54738 6.82268 5.62894 3.1113 5.96178 10.7254 6.38941 6.23472 3.2585 9.11846 8.903 6.01365 3.67143 3.73044 8.10571 8.10359 7.47819 9.81298 5.11953 3.03534 6.77703 4.30001 6.60252 3.32773 7.56034 2.88735 6.88077 5.59103 3.03798 5.61378 9.41952 4.93685 9.63769 3.2596 9.36108 6.15306 4.9065 4.07181 7.57682 8.45073 5.51 7.74855 3.92826 3.86167 10.9442 7.47439 6.00601 4.61268 2.46966 5.36157 5.24768 4.74085 4.85255 9.36096 4.05088 6.29414 9.87178 
1.55563 6.42225 3.05655 4.39659 8.29444 6.94338 1.08632 2.29578 5.65329 7.24694 6.56515 7.38968 3.4176 5.93776 2.05798 6.35437 4.08167 7.30229 6.89854 2.42918 1.52398 4.43301 5.74924 8.75306 3.858 3.54683 2.31465 7.32274 5.49626 3.7864 9.73107 1.01951 1.95727 2.66678 4.29331 7.54072 2.87388 6.77432 3.35252 5.32241 1.73488 6.9669 2.31225 6.86584 4.78649 8.36519 1.61307 5.99617 7.91169 1.16829 6.3057 4.76932 6.58752 4.86963 7.35789 5.88063 2.39301 6.74835 5.49659 1.23907 2.7551 5.03017 6.85147 7.56897 0.416293 6.51701 7.00024 3.57841 4.15023 5.81268 
1.30614 6.63392 3.90621 5.24938 9.11497 7.43398 1.49215 3.14035 6.21795 8.03911 6.76491 8.15163 4.26919 6.6598 1.76173 7.19561 4.9366 8.15354 7.01121 1.60378 0.820061 5.28923 6.05345 9.50842 4.54042 4.40477 2.38839 8.04279 6.00221 4.09941 10.4801 1.6556 2.7553 2.91343 5.14164 8.37786 3.73186 7.50654 4.20145 6.01176 2.26685 7.75379 2.92063 7.33098 5.61794 9.00564 2.3873 6.29158 8.76804 1.89402 7.16063 5.26866 7.18722 5.66887 8.11483 6.73731 2.4095 6.71126 6.11805 1.10005 3.56104 5.85623 7.70767 8.42711 0.699214 7.37576 7.49993 4.42821 4.81506 5.86652 
1.9601 3.48105 4.36936 5.45388 8.32434 4.88615 4.33074 3.80802 4.08075 9.35641 3.59477 9.67298 4.66669 8.46991 1.6183 6.87285 5.77834 7.94769 3.7716 4.24058 2.77051 6.03165 3.0873 8.09249 3.39013 4.97437 5.52496 6.49696 3.65624 1.48607 8.96429 2.5602 4.61966 0.975756 5.26366 7.87307 4.71495 6.09277 5.31129 4.53542 2.08197 9.12586 2.30835 4.70737 5.37294 6.9504 4.44072 3.29193 8.68332 2.74767 7.72882 3.02476 5.08702 5.0557 6.81587 7.27957 5.58055 3.50477 4.25846 2.15455 3.64003 7.0291 7.70191 8.74575 3.55833 7.56229 4.97821 4.74453 3.47667 2.61765 
3.19232 7.30537 2.22266 3.37249 7.4234 7.25536 1.19641 1.71712 5.84132 5.60036 7.46282 5.71238 2.50138 4.24539 3.68049 5.37729 2.74046 6.1963 7.92152 3.7663 3.20025 3.10015 6.50035 8.19825 3.84584 2.47413 2.07087 6.94719 5.84173 4.65408 9.18286 2.01229 0.408167 3.76606 3.33901 6.56804 1.70836 6.37182 1.97385 5.15349 2.58629 5.31338 2.81233 7.24017 3.96343 8.22694 0.143178 6.75187 6.7172 1.84765 4.90927 5.18009 6.6316 4.25516 6.83323 4.51895 2.22913 7.97895 5.53484 2.86782 2.37548 3.46764 5.67768 6.21743 1.74597 5.27459 7.2883 2.66993 4.16357 6.95208 
2.98613 4.48688 1.69012 2.64367 5.8439 4.28267 3.54052 1.43569 2.90126 6.65791 4.6513 7.03457 1.92276 6.0075 3.17057 4.1631 3.07847 5.22463 5.21444 5.08178 3.70061 3.28722 3.61137 6.031 1.03479 2.25411 4.80926 4.53856 2.85477 2.03691 6.9928 1.85397 2.79308 1.85335 2.45204 5.25038 2.22733 4.01059 2.77683 2.50571 1.32484 6.45 0.661287 4.25494 2.60094 5.53868 2.85212 3.85811 5.94001 1.65895 4.9213 2.19057 3.78428 2.39493 4.6457 4.47343 4.93661 5.54956 2.68337 2.82554 0.950158 4.36371 4.92914 5.94085 3.23668 4.76105 4.32241 1.97231 1.3231 4.44496 
6.71745 4.93974 4.03708 3.3494 2.74563 2.74554 7.11916 4.55057 2.05913 6.82087 5.0715 7.41933 3.83694 7.18577 6.80101 2.51938 4.412 3.27428 5.83106 8.88795 7.486 4.27117 4.13368 2.26744 2.78469 4.01787 8.27827 0.735935 2.60231 4.40219 3.20062 5.65301 5.88544 5.15932 3.24197 2.75409 4.67467 0.250799 4.81922 1.34718 5.10886 6.76912 4.43091 2.96665 2.58414 2.11946 6.12396 4.22522 3.96548 5.43065 4.5025 2.93641 1.55206 2.05937 0.985089 4.25329 8.4276 6.80089 1.65366 6.59856 3.92822 5.28467 3.47023 4.65929 6.98176 3.73852 2.67367 3.69038 2.54608 5.84363 
8.84634 5.91711 6.28859 5.46927 2.91488 3.38479 9.38691 6.8191 3.65825 8.32025 6.00187 8.95927 6.06726 9.02404 8.87478 4.0702 6.51049 4.32487 6.71107 11.0883 9.64909 6.31383 5.36035 1.16846 4.98691 6.21895 10.5456 1.54829 4.12626 6.24942 1.42506 7.87493 8.14236 7.18104 5.39515 3.58712 6.90818 2.12474 7.00061 3.51552 7.29208 8.33639 6.6189 3.65396 4.71816 1.06099 8.38874 5.35004 4.77462 7.66689 6.06321 4.71059 2.67591 4.27376 1.81868 5.94068 10.6955 7.85573 3.52026 8.75723 6.19633 7.19712 4.76929 5.75613 9.23018 5.19362 3.27391 5.91338 4.71653 7.09662 
1.5979 4.09099 3.15696 4.30475 7.47985 4.85732 3.37431 2.57163 3.75089 8.12883 4.23383 8.43759 3.46919 7.23409 1.59531 5.86819 4.55935 6.93289 4.58717 3.97291 2.45524 4.82437 3.4442 7.4753 2.50793 3.76591 4.64247 5.90989 3.45722 1.48071 8.40031 1.45152 3.42934 0.347851 4.12335 6.93537 3.47829 5.43865 4.07491 3.8612 0.859127 7.89487 1.1183 4.73635 4.31094 6.62695 3.28586 3.68686 7.65006 1.57544 6.56339 2.73212 4.75909 4.07953 6.12944 6.11242 4.72424 4.55712 3.76853 1.59706 2.44469 5.7997 6.63772 7.63116 2.71149 6.45728 4.93061 3.55928 2.68263 3.54903 
4.59353 1.04661 5.91026 6.58238 8.23156 3.38585 6.82879 5.61495 3.43284 10.7637 1.09202 11.194 6.09381 10.2388 4.24078 7.36156 7.25074 8.388 1.1411 6.84082 5.40017 7.40438 1.39058 7.44151 4.14643 6.43414 8.07666 5.92976 2.89088 2.22434 8.12997 4.9124 6.77481 3.1167 6.37624 8.07788 6.45756 5.73485 7.01046 4.5076 4.25353 10.5833 4.09353 3.12771 6.19879 5.75303 6.69078 1.39058 9.14178 5.00276 8.76906 2.76877 4.17019 5.67001 6.44736 8.35278 8.14666 1.39086 3.89782 4.77085 5.18256 8.53607 8.32726 9.50647 6.11616 8.34878 3.49738 6.10302 4.01673 0.360555 
1.94504 7.30286 4.28029 5.60289 9.54971 8.08327 1.37058 3.53647 6.84553 8.07701 7.43303 8.13615 4.63327 6.59589 2.36713 7.58538 5.17571 8.50606 7.67001 1.25447 1.27534 5.5348 6.72382 10.0286 5.11251 4.72787 1.90263 8.59289 6.64639 4.76831 11.0063 2.23002 2.88383 3.5837 5.51417 8.77707 4.00979 8.04692 4.4178 6.58167 2.88877 7.78337 3.5224 7.98542 6.03511 9.60485 2.49808 6.96221 9.08958 2.42769 7.386 5.91331 7.80314 6.14007 8.63343 6.97827 1.88915 7.34064 6.72367 1.76479 4.02604 5.98273 8.0326 8.67805 0.914166 7.67178 8.14721 4.7986 5.39752 6.51786 
6.93663 2.98117 5.72031 5.53954 5.14339 0.528015 8.21243 5.94021 1.78885 9.39673 3.0538 9.97016 5.66559 9.54682 6.82356 5.16954 6.55617 5.93526 3.75005 9.32174 7.80217 6.51464 2.5672 3.87398 3.78926 5.94455 9.49067 2.67925 1.90515 3.99731 4.38771 6.37323 7.37271 5.13585 5.37565 5.36889 6.41028 2.82158 6.74413 2.74367 5.67173 9.31709 5.08781 0.756439 4.83266 1.92128 7.49665 2.4965 6.60656 6.26259 7.09736 2.63865 1.21462 4.20202 3.3247 6.80212 9.61526 4.90976 2.15114 6.94241 5.28663 7.63301 6.13502 7.32755 7.80867 6.37907 0.431393 5.56723 3.47311 4.228 
4.45325 1.14232 4.9619 5.50136 7.0396 2.43502 6.36227 4.77699 2.24511 9.69444 1.30545 10.1506 5.10327 9.2808 4.211 6.17629 6.2429 7.19561 1.90536 6.8271 5.31595 6.36592 0.449444 6.30906 3.07148 5.44281 7.65006 4.77 1.70179 1.57003 7.04006 4.40223 6.05486 2.72259 5.29623 6.87884 5.56059 4.54981 6.08135 3.31122 3.68782 9.52794 3.36174 2.2081 5.06676 4.7377 6.02961 0.664078 7.94847 4.42295 7.64094 1.59531 3.04381 4.51536 5.26841 7.23439 7.74078 2.56889 2.69943 4.55505 4.26825 7.51588 7.14829 8.33514 5.74394 7.18679 2.54118 5.09231 2.90259 1.54353 
5.58757 7.656 1.7936 1.21511 4.74178 6.56489 4.23757 2.4286 5.17929 3.21179 7.822 3.60168 1.52411 2.80957 5.97762 2.7015 0.388973 3.29079 8.47354 6.76209 5.92003 0.241868 6.7206 5.92112 3.50407 1.1957 4.91415 5.08207 5.46101 5.4621 6.85689 4.1117 2.64458 5.18787 1.38514 3.80132 1.59615 4.54129 1.0933 4.01643 4.19029 3.00486 3.85549 6.66432 1.95028 6.6255 3.02881 6.94136 3.72285 3.80592 1.87683 5.07568 5.55673 2.56164 4.72807 1.47679 5.08057 8.95007 4.67508 5.29641 2.53308 0.948103 2.72369 3.17616 4.64999 2.27431 6.55012 1.49335 3.71652 7.83843 
2.6503 2.84074 4.76496 5.74729 8.32061 4.46972 5.00292 4.27468 3.8413 9.76194 2.94457 10.1101 5.0337 8.96748 2.28845 7.00846 6.17486 8.0826 3.08469 4.89612 3.44781 6.40279 2.55196 7.94001 3.51256 5.35628 6.20987 6.34505 3.36506 1.36033 8.77243 3.18121 5.20096 1.44589 5.54923 7.94392 5.17653 5.9882 5.76754 4.47881 2.6303 9.54364 2.72239 4.26814 5.57826 6.64489 5.04774 2.733 8.82987 3.33952 8.02462 2.82151 4.81586 5.19394 6.72086 7.58032 6.26795 2.83134 4.10154 2.84693 4.01966 7.44731 7.8844 8.97402 4.24238 7.78723 4.5686 5.09259 3.53736 1.9251 
2.31206 3.5116 3.11893 4.10819 6.97924 4.13905 3.95127 2.6766 3.04764 8.11281 3.66306 8.47001 3.38195 7.36827 2.26374 5.48821 4.52637 6.56282 4.09207 4.69158 3.17309 4.75079 2.79517 6.86283 2.01559 3.706 5.24015 5.28187 2.74016 0.843801 7.77059 1.99123 3.76671 0.564358 3.91297 6.4989 3.56393 4.83473 4.14712 3.25712 1.28133 7.89747 1.11521 4.02046 3.99185 5.93299 3.68766 3.04322 7.29812 2.02596 6.387 2.01792 4.06037 3.67196 5.54196 5.94052 5.33304 4.22481 3.0984 2.31458 2.37171 5.80312 6.31881 7.37342 3.3531 6.18813 4.21201 3.44061 2.13026 3.15425 
4.12689 4.84608 1.43224 1.75237 4.6947 3.9901 4.27954 1.74385 2.54772 5.9357 5.01203 6.38437 1.42941 5.57324 4.32695 3.02106 2.50392 4.09011 5.66973 6.12288 4.80418 2.60192 3.91063 4.98959 0.69527 1.74929 5.46531 3.57795 2.72281 2.8178 5.96665 2.8817 3.14968 2.95169 1.54625 4.09381 2.12151 3.01877 2.5006 1.69517 2.45687 5.76327 1.81463 4.036 1.50443 4.77213 3.3388 4.13265 4.81702 2.6303 3.9865 2.27068 3.20765 1.23762 3.59457 3.55373 5.61 6.20801 2.14189 3.94686 1.0959 3.758 3.8297 4.89691 4.15072 3.71012 4.00052 1.37383 0.921954 5.0984 
4.14664 1.27063 5.04608 5.69134 7.44478 2.91707 6.19013 4.78853 2.67067 9.87484 1.41089 10.3096 5.21829 9.37625 3.86747 6.49463 6.37227 7.53047 1.84391 6.4925 4.99673 6.51952 0.893756 6.76528 3.25484 5.55887 7.46481 5.21384 2.13 1.4359 7.50936 4.23986 6.00304 2.49008 5.48523 7.24547 5.61129 4.97031 6.15419 3.6662 3.54581 9.6966 3.30353 2.6874 5.30864 5.21929 5.94718 1.05423 8.28558 4.29326 7.87787 1.90436 3.50828 4.78553 5.69506 7.46097 7.54722 2.27982 3.09291 4.2752 4.32726 7.65561 7.45367 8.62713 5.53014 7.46536 3.02364 5.22276 3.1258 1.18966 
8.41628 4.95707 6.3288 5.72051 3.86699 2.45489 9.25534 6.75707 3.07885 8.98546 5.02715 9.60927 6.16294 9.50884 8.3858 4.6501 6.78317 5.10137 5.71013 10.7361 9.25262 6.63821 4.4968 2.23002 4.74371 6.36624 10.472 1.83992 3.46071 5.642 2.49826 7.59592 8.1473 6.67432 5.61036 4.40178 6.99035 2.34009 7.17398 3.32388 6.95684 8.96975 6.30448 2.71413 4.95529 0.251794 8.35154 4.45199 5.6376 7.42232 6.67994 4.12933 2.06495 4.41589 2.3812 6.49384 10.6135 6.88209 3.10408 8.36517 6.10629 7.62514 5.47156 6.55058 9.00069 5.84332 2.3435 6.02491 4.44245 6.19436 
3.89514 6.26355 0.235372 1.46932 5.46601 5.6464 3.05944 0.701783 4.20298 4.92443 6.42947 5.25556 0.508035 4.18169 4.25967 3.45944 1.35768 4.37499 7.02157 5.35023 4.31912 1.64976 5.35829 6.19003 2.24199 0.631269 4.07933 4.96856 4.33813 3.85996 7.17447 2.42052 1.63371 3.46092 1.38571 4.6545 0.462709 4.39164 0.952103 3.3028 2.44444 4.69591 2.1356 5.68327 1.96703 6.31573 1.92003 5.59722 4.9808 2.11059 3.48759 3.79791 4.85186 2.25362 4.82869 3.04278 4.2371 7.37361 3.80047 3.62006 0.876185 2.59825 3.92042 4.69093 3.2249 3.59918 5.65905 0.678012 2.5334 6.27039 
