75 75 20
777 335 649 27 763 426 211 429 862 135 22 167 11 373 784 324 413 980 862 281 84 505 313 895 814 364 87 178 403 399 676 12 94 570 467 902 652 280 865 619 31 771 709 856 586 683 528 829 270 715 796 245 921 488 841 500 124 856 227 936 437 407 858 237 818 11 776 763 606 818 369 996 470 499 644 
5900 5050 1390 9540 7860 6690 820 5420 4640 1970 5070 3550 8040 3480 6110 6220 8280 2990 3430 7460 
8 11 1 18 16 2 16 4 4 12 10 13 10 0 1 19 8 6 0 16 7 19 12 19 10 6 12 19 4 0 8 4 4 16 4 12 5 0 13 4 1 12 4 13 15 19 5 4 14 4 6 2 9 18 8 3 8 7 9 8 10 3 12 12 8 16 1 8 8 14 3 8 1 19 14 
4.65988 6.843 0.837616 1.00802 5.04251 5.97762 3.56118 1.47679 4.55003 4.1607 7.00943 4.51811 0.629682 3.55039 5.03557 2.98304 0.576975 3.7968 7.63451 5.98645 5.04216 0.86977 5.91849 5.96735 2.71465 0.295466 4.42485 4.90245 4.76391 4.54912 6.93908 3.18234 1.9973 4.22765 1.03788 4.16829 0.736817 4.3324 0.572451 3.49693 3.22876 3.9415 2.89638 6.04644 1.71493 6.35674 2.35468 6.14867 4.34716 2.87367 2.73 4.30238 5.0683 2.19258 4.66275 2.29218 4.58912 8.0542 4.08864 4.37715 1.58446 1.84805 3.2948 3.9683 3.85572 2.92549 5.97656 0.673573 2.96623 6.94496 3.40147 7.60233 3.21399 1.71094 5.27668 
5.11165 2.15335 4.38799 4.58661 5.59031 1.3297 6.5131 4.4363 0.800562 8.7259 2.30152 9.23472 4.42821 8.55102 4.99917 4.9008 5.47951 5.87241 3.05188 7.49987 5.9785 5.52856 1.2912 4.83291 2.35763 4.74858 7.80586 3.29006 0.304138 2.17904 5.58488 4.61866 5.84309 3.3097 4.3921 5.49313 5.05785 3.08759 5.49065 2.014 3.90226 8.59251 3.36364 1.23016 4.01837 3.36788 5.91305 1.4089 6.61547 4.53842 6.54856 0.879659 1.58152 3.40736 3.79796 6.17531 7.92122 3.95904 1.32231 5.12388 3.81838 6.69047 5.89196 7.0993 6.04954 5.99473 1.40357 4.37127 2.08082 3.00501 6.87032 3.29838 5.05213 6.37459 1.25873 
3.18779 2.61696 3.63688 4.39345 6.71626 3.26075 4.89037 3.35288 2.33754 8.53823 2.77503 8.94723 3.83275 7.96343 3.05485 5.4626 4.99316 6.53105 3.27832 5.58424 4.05908 5.16519 1.85003 6.36908 2.01162 4.17195 6.18324 4.77205 1.93507 0.26 7.22732 2.93138 4.58215 1.38235 4.18847 6.35837 4.18306 4.39393 4.73441 2.87367 2.21002 8.34641 1.88215 3.1197 4.11127 5.2172 4.54533 2.1001 7.28344 2.93825 6.63779 1.28016 3.34763 3.66657 5.12458 6.20556 6.27921 3.60636 2.52676 3.22889 2.90658 6.28103 6.37064 7.49771 4.30633 6.31552 3.34201 3.85251 1.97909 2.49634 5.34652 3.17025 3.37251 5.34868 1.11113 
5.71349 7.719 1.90118 1.23369 4.6513 6.58818 4.36744 2.54908 5.2118 3.11662 7.8848 3.52151 1.61988 2.78298 6.10129 2.62122 0.509902 3.18248 8.54172 6.89348 6.05 0.272029 6.78205 5.85764 3.56867 1.29769 5.03532 5.04921 5.50441 5.55042 6.7877 4.2371 2.77483 5.2951 1.41439 3.70601 1.72418 4.514 1.22483 4.03524 4.30704 2.91673 3.96234 6.69248 1.94815 6.60148 3.1593 7.00071 3.60285 3.93081 1.74545 5.1335 5.56635 2.56868 4.68129 1.34737 5.2017 9.032 4.70197 5.42329 2.6361 0.891852 2.61079 3.046 4.78152 2.15541 6.57123 1.57892 3.77343 7.92011 4.08354 8.54958 4.23426 2.09246 6.18154 
2.6706 4.9973 1.46014 2.65 6.18066 4.89612 2.93401 0.962133 3.51369 6.4461 5.15947 6.77676 1.77485 5.64989 2.93901 4.37987 2.86665 5.41248 5.68465 4.60409 3.2973 3.12712 4.14986 6.50056 1.60016 2.06865 4.19734 5.04971 3.46554 2.43378 7.47329 1.3618 2.21639 1.93871 2.48202 5.51806 1.84621 4.50521 2.43288 3.05203 1.03078 6.21908 0.614003 4.8659 2.78097 6.11425 2.25009 4.3996 6.09861 1.11803 4.88206 2.79115 4.38439 2.70795 5.1069 4.43086 4.32601 5.92639 3.28064 2.46028 0.759539 4.12137 5.0589 5.99008 2.67526 4.83265 4.93624 1.87321 1.90539 4.83839 3.22025 5.55347 1.67598 2.94308 3.42615 
1.9598 4.57957 2.29993 3.48786 6.86896 4.90658 2.94335 1.71143 3.63556 7.26529 4.73426 7.57608 2.62084 6.39038 2.15539 5.15057 3.69789 6.20008 5.17983 4.12273 2.69609 3.96772 3.81578 7.03363 2.00644 2.90998 4.24085 5.51609 3.45984 1.91604 7.98745 1.01833 2.68337 1.14215 3.31453 6.25953 2.6184 5.0033 3.2145 3.46225 0.326497 7.03154 0.366742 4.83037 3.56439 6.41564 2.59946 4.06709 6.90047 0.97 5.72805 2.73247 4.59576 3.41088 5.6551 5.27684 4.34623 5.28623 3.52666 1.8111 1.60431 4.93617 5.87069 6.82599 2.45204 5.6621 4.96397 2.7193 2.25397 4.23132 3.37593 4.97981 1.45279 3.56438 3.0747 
6.3607 8.28803 2.5607 1.736 4.53944 7.03036 4.90494 3.20744 5.69196 2.4852 8.45308 2.93082 2.26991 2.41746 6.75457 2.61964 1.1676 2.95677 9.12415 7.4645 6.67396 0.9005 7.34804 5.90407 4.15173 1.95451 5.46978 5.26308 6.01924 6.18205 6.79488 4.88628 3.32746 5.9533 1.93659 3.57326 2.36603 4.75946 1.83044 4.47487 4.96795 2.30534 4.6205 7.15196 2.35053 6.84685 3.71383 7.5604 3.25518 4.58144 1.23471 5.69281 5.96108 2.98613 4.82933 0.940691 5.63507 9.64813 5.16537 6.06704 3.29164 0.566127 2.35866 2.55362 5.37061 1.85852 7.00541 2.21606 4.33545 8.53628 4.56745 9.15154 4.86815 2.5224 6.76897 
8.6226 7.82077 4.97897 3.6967 0.530848 5.58574 8.18841 5.72177 4.89948 5.14024 7.95527 5.79042 4.63435 6.17992 8.83801 1.68808 4.45587 1.14726 8.71483 10.4424 9.24658 4.13734 6.98978 2.28569 4.86121 4.59656 9.08944 2.73929 5.43401 6.92142 2.95007 7.28485 6.65956 7.39522 3.75586 0.502096 5.36004 2.66987 5.16568 3.85523 6.95484 5.21177 6.32539 5.82344 3.22926 4.08803 7.00406 7.09687 1.4073 6.99769 3.0948 5.62612 4.4159 3.27434 2.0901 3.15484 9.25426 9.65585 4.41902 8.42136 5.30232 4.6114 1.73349 2.4424 8.34245 2.24147 5.50245 4.46598 4.76605 8.66125 8.06819 8.9968 7.49486 6.23939 6.76605 
8.77262 8.19923 5.03718 3.7191 0.928924 6.00243 8.20478 5.7947 5.2646 4.78006 8.33665 5.43004 4.6824 5.90435 9.00961 1.73819 4.39068 0.922009 9.09563 10.519 9.36667 4.05622 7.35367 2.71649 5.09318 4.61187 9.05563 3.17591 5.79351 7.19809 3.32866 7.40293 6.65114 7.61447 3.80158 0.610082 5.3668 3.07508 5.12466 4.17594 7.11231 4.86837 6.49986 6.2361 3.33314 4.5401 7.00646 7.46898 0.984784 7.10921 2.83494 5.94855 4.82432 3.45939 2.52507 2.9521 9.22139 10.015 4.76942 8.55894 5.41709 4.42159 1.5199 2.05119 8.40401 2.02566 5.92143 4.51736 5.02168 9.00569 8.04915 9.36296 7.58963 6.16445 7.10144 
7.23398 4.14309 5.25298 4.78302 3.82205 1.63248 8.09925 5.63298 1.91024 8.36373 4.24062 8.96315 5.11825 8.70028 7.21168 4.04728 5.84069 4.71246 4.97278 9.55055 8.06816 5.73614 3.5399 2.58436 3.57834 5.34835 9.3294 1.37441 2.33122 4.49588 3.20702 6.4153 7.04115 5.50142 4.65001 4.10278 5.92868 1.6289 6.16127 2.19829 5.77218 8.31293 5.12191 1.90074 4.0284 0.984124 7.2279 3.54109 5.35178 6.24662 6.04468 2.96811 0.894036 3.44 2.02549 5.79652 9.4681 6.08185 1.92042 7.18022 4.97668 6.79012 4.97181 6.13609 7.82491 5.26818 1.52778 4.9912 3.27226 5.28305 8.30615 5.38301 6.8053 7.24553 3.68572 
8.19421 8.49172 4.28911 2.94771 2.22324 6.55534 7.27902 5.0598 5.56127 3.45023 8.64223 4.10005 3.92237 4.54357 8.49301 1.44534 3.35872 0.613514 9.38801 9.71817 8.69416 3.00177 7.58846 3.92594 4.87516 3.76789 8.01041 3.9702 6.04623 7.07091 4.6413 6.75444 5.69025 7.27473 3.08877 1.35518 4.47261 3.6857 4.1234 4.33555 6.58595 3.51962 6.0414 6.75794 2.83487 5.49758 6.06473 7.74164 0.626817 6.44802 1.49893 6.03518 5.35989 3.20052 3.3506 1.69729 8.17683 10.1881 5.02021 7.94703 4.81348 3.14986 0.503587 0.8422 7.58665 0.82365 6.49126 3.77465 4.88993 9.1229 7.04478 9.57767 6.87255 5.06741 7.21202 
2.5205 7.88923 4.6513 5.94526 9.94065 8.65047 1.50685 3.93402 7.39596 8.14039 8.01901 8.15275 4.99268 6.58046 2.92479 7.9456 5.43118 8.83247 8.25039 1.21433 1.79477 5.79173 7.30978 10.4887 5.62403 5.05475 1.57813 9.07939 7.21012 5.35284 11.4701 2.76284 3.09919 4.16965 5.87212 9.14088 4.31181 8.52658 4.66503 7.08755 3.44362 7.84125 4.06123 8.55694 6.42448 10.1301 2.71649 7.54852 9.38844 2.93425 7.61252 6.47791 8.34341 6.571 9.09449 7.22015 1.5198 7.90142 7.25702 2.35032 4.46655 6.13714 8.33816 8.91964 1.36235 7.95521 8.71271 5.16113 5.91585 7.09373 1.93023 7.86824 2.37261 3.94443 6.5971 
5.50058 1.02591 6.78832 7.38355 8.6964 3.54069 7.77229 6.52805 3.94077 11.576 0.920869 12.026 6.95301 11.118 5.1261 8.0077 8.10247 9.00254 0.311448 7.69788 6.28765 8.23772 1.86531 7.73742 4.94977 7.29353 9.01574 6.30515 3.42235 3.1484 8.34001 5.85875 7.71176 4.06247 7.17814 8.63385 7.35568 6.18852 7.89821 5.11895 5.19879 11.4064 5.0226 3.27055 6.94822 5.8887 7.63345 1.73459 9.74949 5.94829 9.52194 3.46808 4.51462 6.38834 6.87108 9.11751 9.08351 0.94921 4.45543 5.69077 6.07166 9.38182 8.99005 10.1866 7.05269 9.05001 3.65034 6.95156 4.78682 0.935361 8.3094 0.280179 6.27441 8.5189 2.33414 
7.21366 9.58301 3.68209 3.05177 5.45279 8.35733 5.37075 4.21247 7.01942 1.37928 9.74867 1.67108 3.4489 1.24664 7.64829 3.74001 2.2879 3.78725 10.4073 7.97031 7.39757 2.13694 8.64517 6.98041 5.43394 3.11193 5.63916 6.4958 7.34064 7.39032 7.81461 5.77603 3.92094 7.04693 3.2478 4.4972 3.31006 6.01708 2.71465 5.80259 5.98021 1.11893 5.72451 8.48009 3.67793 8.09106 4.28674 8.86201 3.84708 5.48731 1.83927 6.994 7.28006 4.31351 6.01699 1.87096 5.79539 10.8855 6.49357 6.9022 4.43018 1.00005 3.20632 2.87618 5.98348 2.70852 8.33142 3.42953 5.63401 9.77422 4.90251 10.4117 5.67324 2.91686 8.04709 
5.27595 2.0363 7.19156 7.94003 9.60026 4.56799 7.72094 6.82643 4.80463 12.1046 1.96306 12.5164 7.40024 11.501 4.84162 8.76269 8.56114 9.78853 1.35565 7.29 5.98228 8.73375 2.72209 8.73011 5.51262 7.73866 8.90647 7.25728 4.26691 3.46508 9.36582 5.89924 7.88054 4.12312 7.73401 9.47103 7.69896 7.09559 8.26918 5.90596 5.31008 11.9152 5.27034 4.29913 7.58322 6.93149 7.75103 2.65481 10.542 6.04074 10.1483 4.16965 5.47571 7.06417 7.79775 9.72733 8.95572 0.174929 5.28546 5.51294 6.45069 9.84927 9.72754 10.9046 6.94338 9.74397 4.679 7.42182 5.39963 1.09293 8.30244 0.810247 6.28199 8.76751 2.99282 
3.96773 1.43402 5.02802 5.72106 7.58555 3.1295 6.05913 4.73858 2.83143 9.89452 1.56387 10.3187 5.21391 9.35637 3.67614 6.58727 6.37191 7.63081 1.92585 6.30157 4.81215 6.53028 1.11288 6.94102 3.29097 5.55407 7.32713 5.38139 2.29491 1.35518 7.69604 4.11705 5.92231 2.34691 5.51494 7.36369 5.57653 5.12282 6.12824 3.7844 3.43431 9.71078 3.22967 2.90227 5.36448 5.42137 5.85352 1.27142 8.38651 4.1839 7.92707 2.01308 3.69287 4.85675 5.85069 7.50552 7.40623 2.23958 3.23394 4.10585 4.30029 7.65813 7.53834 8.70368 5.38372 7.53608 3.23544 5.22552 3.18159 1.13004 6.57001 1.77629 4.54424 6.72628 0.880057 
8.14205 10.0639 4.42747 3.53058 5.01294 8.6007 6.41253 5.04448 7.34635 0.726154 10.2273 1.34536 4.14162 1.9965 8.55767 3.61964 3.02076 3.36024 10.9181 9.01222 8.37929 2.77218 9.123 6.6763 5.96795 3.82426 6.71293 6.4396 7.7248 8.0424 7.42825 6.68147 4.92318 7.82177 3.73664 4.11005 4.16819 6.02322 3.59071 6.08935 6.8151 0.730274 6.48908 8.75187 4.01015 8.0321 5.29794 9.32486 3.22095 6.3832 1.59424 7.46738 7.46373 4.62473 5.89207 1.87627 6.86948 11.4884 6.80165 7.83786 5.16236 1.83967 2.85188 2.15362 6.99449 2.42792 8.56154 4.08534 6.12518 10.3778 5.96232 10.9737 6.6171 3.95062 8.57685 
8.06283 8.39215 4.15769 2.81619 2.25391 6.47716 7.1522 4.92842 5.466 3.43421 8.54338 4.08276 3.79095 4.48108 8.36212 1.34302 3.23415 0.60407 9.28774 9.58833 8.56272 2.87793 7.48615 3.93041 4.7537 3.63732 7.88977 3.92209 5.94713 6.95072 4.66618 6.62291 5.56421 7.14738 2.95736 1.35624 4.34356 3.622 3.99811 4.23473 6.45524 3.49242 5.9119 6.6769 2.7078 5.46155 5.93809 7.64152 0.74793 6.31649 1.41778 5.92626 5.28289 3.08133 3.30968 1.59176 8.0562 10.0802 4.92319 7.81554 4.68236 3.05164 0.37855 0.898109 7.45682 0.701783 6.41458 3.64314 4.77205 9.01264 6.92142 9.47254 6.74125 4.94899 7.10294 
3.55883 8.32169 3.52817 4.61785 8.66386 8.48311 0.970979 3.01617 7.08929 6.17882 8.47257 6.15832 3.792 4.57525 4.05938 6.60307 3.86291 7.36033 8.86384 3.22093 3.22964 4.21038 7.57338 9.49678 5.11258 3.73134 0.810247 8.25826 7.05127 5.6535 10.4802 2.83388 1.67631 4.62517 4.60404 7.78261 2.9731 7.68274 3.12194 6.45291 3.52881 5.87621 3.91104 8.45138 5.24605 9.53157 1.42271 7.82474 7.82812 2.79034 5.90529 6.36431 7.91091 5.56103 8.13764 5.55591 0.976524 8.77944 6.80924 3.2596 3.66951 4.31654 6.81487 7.2253 1.814 6.37907 8.52214 3.95824 5.42996 7.81601 0.382099 8.59196 2.41323 2.15139 6.83231 
1.66676 3.99472 4.70608 5.86615 8.894 5.51609 4.20595 4.07967 4.71631 9.64739 4.09542 9.92948 5.02594 8.65938 1.22188 7.38017 6.09824 8.45151 4.18766 3.76808 2.37255 6.37358 3.67784 8.70959 3.93041 5.31629 5.32538 7.11587 4.29441 2.12144 9.58893 2.6284 4.71546 1.41032 5.68356 8.41072 4.97756 6.7009 5.5728 5.13491 2.30766 9.40503 2.68034 5.33279 5.84734 7.58834 4.4908 3.87114 9.17829 2.8681 8.1251 3.65903 5.72399 5.57152 7.41989 7.67407 5.36328 3.7548 4.88289 1.93023 4.00406 7.3179 8.17832 9.18835 3.38671 8.01152 5.60932 5.1195 4.04283 2.99713 4.82597 3.75481 2.91158 5.72536 3.12123 
1.44028 4.71454 2.70512 3.9473 7.38806 5.27273 2.73732 2.04083 4.05765 7.60529 4.86181 7.88504 3.04473 6.63429 1.64757 5.65533 4.07303 6.69915 5.24223 3.65 2.19456 4.36261 4.01908 7.54432 2.51575 3.31313 4.02045 6.01805 3.8371 2.0601 8.49462 0.788543 2.77238 1.01769 3.7816 6.77213 2.93394 5.51132 3.52854 3.96081 0.274591 7.36115 0.886397 5.17731 4.06341 6.87677 2.61725 4.26676 7.39279 0.907359 6.16015 3.10368 5.03811 3.9272 6.16883 5.70959 4.11078 5.22802 3.98784 1.30419 2.05412 5.27684 6.35662 7.28717 2.13235 6.13236 5.33683 3.15674 2.75224 4.21816 3.24211 4.98703 1.21696 3.73363 3.28466 
0.350143 5.05811 3.96294 5.25009 8.71532 6.15202 2.88647 3.23883 5.09848 8.7145 5.18021 8.93714 4.31724 7.57852 0.321403 6.99201 5.2716 8.03293 5.38182 2.70897 1.19218 5.58464 4.56232 8.80278 3.79289 4.55862 3.99242 7.24859 4.78235 2.68287 9.73717 1.56218 3.57022 1.52003 5.09251 8.10919 4.07708 6.76491 4.65124 5.19317 1.59524 8.454 2.21163 6.01233 5.39812 7.97979 3.29803 4.78784 8.72152 1.85852 7.42111 4.06677 6.10966 5.26149 7.4431 6.97323 4.03218 5.0598 5.1229 0.599416 3.36292 6.40815 7.68044 8.58308 2.0573 7.44067 6.23108 4.44221 3.99782 4.22342 3.51712 4.99901 1.71965 4.61339 3.89307 
7.14857 8.4091 3.22248 2.03541 3.60185 6.85207 5.90823 3.95506 5.62601 2.48294 8.57007 3.07748 2.87543 3.11264 7.50558 1.9078 2.00731 1.95563 9.27936 8.43007 7.54227 1.65339 7.47163 5.11258 4.40324 2.62688 6.53536 4.7161 6.0278 6.5615 5.94643 5.67353 4.31602 6.51621 2.23231 2.63883 3.21498 4.27908 2.76053 4.36194 5.64547 2.4287 5.20286 7.00904 2.3444 6.31383 4.70048 7.66243 2.17793 5.36373 0.243516 5.82701 5.70828 2.92742 4.19752 0.21095 6.70119 9.92261 5.07726 6.8721 3.88197 1.58142 1.3593 1.50526 6.31197 0.850941 6.81065 2.76725 4.51864 8.8198 5.60942 9.37436 5.71504 3.58258 6.96839 
6.65114 10.1473 4.08001 4.1282 7.3518 9.39417 4.31936 4.26898 7.96972 2.92159 10.3129 2.71459 4.02313 1.11973 7.13886 5.45736 3.07883 5.72114 10.8866 6.79353 6.59194 3.18 9.24672 8.74098 6.09926 3.71171 4.15394 8.0125 8.17524 7.66086 9.63382 5.39713 3.31042 7.01128 4.2707 6.38424 3.45254 7.47819 2.96233 6.88523 5.83275 2.62269 5.81124 9.46618 4.88296 9.56471 3.56432 9.4861 5.86963 5.16977 3.80171 7.67672 8.44863 5.47691 7.62685 3.6977 4.2873 11.1482 7.50187 6.32665 4.74504 2.27337 5.12299 4.93199 5.09828 4.61313 9.39047 4.09236 6.36883 10.0657 3.71571 10.7797 5.14659 2.32362 8.5644 
3.01798 6.08905 1.04695 2.38466 6.32367 5.85888 2.26055 0.328024 4.43677 5.64235 6.25135 5.90745 1.40577 4.6708 3.4127 4.35139 2.18673 5.29029 6.77342 4.43695 3.40019 2.51448 5.23622 6.92527 2.43647 1.55029 3.40544 5.60247 4.4601 3.51241 7.91094 1.54208 1.16004 2.86484 2.28353 5.54239 0.982344 5.03182 1.56371 3.75311 1.72534 5.39189 1.64514 5.85342 2.8068 6.8344 1.28445 5.48513 5.90377 1.23762 4.38005 3.82259 5.22027 2.97713 5.54044 3.94081 3.55237 6.97986 4.12331 2.72971 0.96933 3.32175 4.84335 5.60511 2.32131 4.52252 5.88863 1.5678 2.75394 5.90333 2.36637 6.62967 1.57035 1.86253 4.51602 
1.9145 6.1919 2.36783 3.70946 7.60945 6.48501 1.31034 1.60639 5.14636 6.70075 6.34275 6.8832 2.72971 5.48942 2.38403 5.66499 3.43286 6.61445 6.74259 3.11849 2.12038 3.77895 5.45235 8.09973 3.27391 2.867 2.6064 6.69341 5.03796 3.52393 9.08058 0.718679 1.47492 2.5173 3.60436 6.85169 2.21578 6.13815 2.72413 4.72128 1.39918 6.42893 1.83967 6.428 4.09898 7.7881 1.21017 5.70317 7.228 0.671863 5.65347 4.32561 6.04706 4.19609 6.70518 5.22304 2.71827 6.7145 4.94619 1.59411 2.08339 4.44042 6.1676 6.90429 1.03711 5.83977 6.53441 2.88979 3.57728 5.71841 1.74797 6.48901 0.378021 2.52295 4.71153 
6.34039 8.01424 2.45752 1.46455 4.17824 6.68768 5.03549 3.1552 5.36792 2.73035 8.17847 3.22126 2.13506 2.80209 6.71488 2.23394 1.15156 2.62528 8.86086 7.56229 6.70191 0.812219 7.0732 5.51776 3.90155 1.84816 5.67723 4.87453 5.71253 5.98248 6.41363 4.86277 3.44363 5.82344 1.67027 3.21503 2.37034 4.37425 1.89264 4.13697 4.8871 2.58031 4.49444 6.81601 2.01445 6.46016 3.82838 7.28031 2.98027 4.55432 1.07689 5.41639 5.60394 2.64824 4.43822 0.684471 5.84337 9.42058 4.83508 6.05601 3.16128 0.951262 2.03384 2.37807 5.4483 1.54897 6.65977 2.05507 4.06636 8.31001 4.74065 8.90764 4.88009 2.72523 6.51384 
2.71811 3.24099 3.12746 4.00706 6.68225 3.73751 4.27263 2.77627 2.64518 8.08883 3.39796 8.47222 3.3565 7.43178 2.66248 5.26662 4.51505 6.34215 3.88012 5.09574 3.57844 4.7139 2.4713 6.50364 1.76819 3.69043 5.56756 4.91636 2.33431 0.615873 7.40142 2.317 3.96679 0.95268 3.80623 6.24003 3.6327 4.48385 4.19963 2.91254 1.59201 7.8848 1.26649 3.62353 3.81874 5.53336 3.92185 2.72222 7.08534 2.31366 6.27905 1.61199 3.65936 3.44819 5.19879 5.83768 5.66634 4.12288 2.7136 2.71662 2.38304 5.80135 6.12883 7.21443 3.71053 6.02764 3.80927 3.39572 1.83535 3.02605 4.72155 3.73551 2.75879 4.75833 1.73046 
5.61036 0.3 6.38412 6.85511 7.92152 2.71312 7.70658 6.20948 3.21885 11.0426 0.134536 11.5184 6.51261 10.6927 5.29139 7.33057 7.64105 8.30042 0.642884 7.9094 6.44168 7.74706 1.23988 6.91876 4.45202 6.85064 8.98074 5.50805 2.72635 2.93586 7.51033 5.75522 7.47659 4.0032 6.65217 7.89962 6.99031 5.41839 7.50539 4.4406 5.05693 10.888 4.77766 2.44295 6.36497 5.05669 7.43888 1.04235 9.0408 5.80215 8.92774 2.89664 3.71819 5.77997 6.08699 8.53724 9.0622 1.77767 3.75255 5.76003 5.6978 8.90403 8.32061 9.52607 7.0423 8.41038 2.82214 6.49345 4.25212 1.35831 8.20274 1.08259 6.18748 8.21326 1.87843 
3.36774 2.6315 3.52605 4.22096 6.46409 3.07093 4.9597 3.2931 2.09404 8.38439 2.7938 8.80555 3.70239 7.85621 3.26055 5.23401 4.85931 6.29982 3.34283 5.75925 4.23608 5.01758 1.80602 6.11278 1.81177 4.04278 6.2562 4.51577 1.7112 0.515461 6.97316 3.00927 4.56773 1.56474 4.0152 6.11572 4.09718 4.13687 4.63527 2.61926 2.28265 8.19856 1.88404 2.94354 3.90902 4.98001 4.55264 2.05779 7.05331 2.99015 6.45031 1.03465 3.10736 3.44703 4.86763 6.0219 6.35744 3.74877 2.27095 3.38999 2.80964 6.14509 6.15065 7.2867 4.40872 6.10709 3.14797 3.71232 1.75514 2.63685 5.39268 3.27787 3.45099 5.29605 1.06888 
7.79251 10.1705 4.29005 3.62464 5.70307 8.89101 5.87725 4.81633 7.57248 0.830963 10.3359 1.06405 4.05453 1.16043 8.23284 4.128 2.89386 4.03339 10.9999 8.47092 7.95179 2.73123 9.23148 7.30463 6.02536 3.71828 6.05851 6.92558 7.90745 7.9962 8.10015 6.36398 4.47098 7.65355 3.82404 4.76954 3.91234 6.46871 3.31605 6.34255 6.58187 0.539351 6.33199 9.02158 4.2203 8.52397 4.82846 9.44595 3.98167 6.0782 2.13002 7.57786 7.79463 4.85412 6.41758 2.27108 6.21003 11.4889 7.04086 7.4788 5.03811 1.60705 3.4821 2.94049 6.52007 3.01081 8.86139 4.0321 6.21884 10.3773 5.38001 11.0109 6.24866 3.44581 8.64089 
2.77094 2.86667 5.07117 6.06245 8.61594 4.64999 5.19665 4.56847 4.09238 10.0689 2.95576 10.4125 5.34342 9.25709 2.37002 7.32069 6.48189 8.39443 3.01684 4.93883 3.53035 6.7128 2.68002 8.20498 3.82624 5.6646 6.38063 6.61238 3.60272 1.66148 9.02594 3.41849 5.46059 1.72586 5.86464 8.24972 5.47234 6.2671 6.06486 4.77008 2.89836 9.84891 3.02248 4.43813 5.89415 6.86473 5.29469 2.841 9.14235 3.59227 8.34005 3.08916 5.05277 5.50718 7.00071 7.89552 6.43204 2.64622 4.3734 2.99282 4.32709 7.75194 8.19913 9.29005 4.41654 8.10326 4.75164 5.40412 3.84641 1.82702 5.78553 2.59017 3.78001 6.40722 2.25878 
6.18231 7.19462 2.25887 0.930054 3.40476 5.72239 5.29707 3.02853 4.44658 3.60839 7.35621 4.15326 1.89235 3.82099 6.50001 1.35152 1.47139 2.06155 8.06208 7.69437 6.66352 1.1625 6.25601 4.5853 3.19024 1.73925 6.12374 3.86063 4.82888 5.36345 5.51163 4.73092 3.727 5.38855 1.09659 2.48244 2.46483 3.35529 2.19272 3.1924 4.60352 3.50156 4.10265 5.86369 1.1261 5.44259 4.08943 6.44957 2.62795 4.42309 1.45341 4.60871 4.61411 1.72595 3.44449 1.0469 6.28943 8.70395 3.90288 5.92747 2.82177 1.94093 1.56869 2.41514 5.56368 1.26143 5.6889 1.74929 3.29912 7.6023 5.11856 8.15432 4.84025 3.25518 5.74836 
3.95904 8.49779 3.34767 4.32925 8.34819 8.49779 1.39703 2.93833 7.08097 5.64564 8.65268 5.61471 3.57239 4.02892 4.4623 6.2814 3.49794 6.98961 9.08116 3.76666 3.70407 3.83343 7.71379 9.26397 5.08159 3.46716 1.25873 8.08607 7.08495 5.83332 10.2426 3.07002 1.51529 4.86815 4.3372 7.4464 2.73386 7.5091 2.7883 6.35814 3.724 5.34214 4.02523 8.48343 4.99785 9.41505 1.3813 7.96558 7.42566 2.9741 5.46298 6.42112 7.85663 5.36355 7.92523 5.13157 1.42004 9.06277 6.76436 3.64825 3.5978 3.84232 6.43063 6.78083 2.24243 5.97978 8.53001 3.73226 5.39896 8.06943 0.746525 8.83892 2.67989 1.73217 6.975 
1.25208 6.48205 4.89118 6.23491 9.95978 7.6719 2.64756 4.12069 6.59897 9.20644 6.59294 9.32826 5.25792 7.83932 1.39463 8.1185 6.02439 9.11546 6.7134 1.24338 0.487647 6.36962 6.0495 10.1898 5.16168 5.43203 3.33594 8.66413 6.2973 4.20006 11.1416 2.45082 3.91602 3.03872 6.10737 9.27958 4.80651 8.15805 5.31034 6.606 2.84522 8.92328 3.52037 7.5316 6.52063 9.46829 3.55574 6.2677 9.76079 2.74722 8.24399 5.57743 7.60498 6.48705 8.8109 7.81156 3.31403 6.22181 6.59365 1.34529 4.43668 6.99932 8.70244 9.48608 1.87856 8.40082 7.75077 5.40726 5.39812 5.52203 3.27951 6.27415 2.31225 4.94171 5.39823 
5.34986 1.80136 4.82685 5.032 5.8818 1.14022 6.87026 4.85477 1.16829 9.16457 1.9383 9.67678 4.87247 8.99822 5.20074 5.29432 5.92663 6.24605 2.69704 7.74623 6.22113 5.97537 1.04077 5.01049 2.79686 5.19394 8.16624 3.51518 0.743303 2.37154 5.70919 4.95298 6.25218 3.54431 4.83803 5.83768 5.49343 3.3736 5.93255 2.42244 4.22985 9.03368 3.72372 0.964002 4.45638 3.39096 6.31001 1.09041 6.98316 4.89094 6.97622 1.27193 1.74046 3.84111 4.06208 6.60775 8.27754 3.67614 1.71479 5.38499 4.245 7.13711 6.28802 7.49827 6.37534 6.40631 1.23693 4.81705 2.52464 2.79179 7.24743 2.99588 5.39073 6.80525 1.26823 
6.08679 8.51049 2.53269 2.08734 5.25951 7.44108 4.39851 3.05188 6.05773 2.5224 8.67674 2.82482 2.32142 1.93132 6.51154 3.30796 1.17004 3.68348 9.3179 6.98937 6.31478 1.11328 7.5781 6.58673 4.36023 1.98116 4.85224 5.86451 6.33704 6.25353 7.49147 4.6359 2.87028 5.88647 2.26241 4.29471 2.15114 5.34004 1.55756 4.88993 4.82104 2.2766 4.56571 7.54221 2.80252 7.43033 3.25014 7.80186 3.96688 4.34278 1.90851 5.93938 6.42246 3.42475 5.46631 1.66193 5.01567 9.75811 5.55252 5.7797 3.2803 0.247386 3.08526 3.2067 4.94171 2.58403 7.4252 2.32078 4.5826 8.6484 4.00196 9.30026 4.55566 1.94941 6.95684 
3.41211 8.79292 5.32139 6.56458 10.6011 9.5374 2.07711 4.64583 8.26453 8.34938 8.9218 8.29154 5.64416 6.69 3.79581 8.57336 5.94401 9.41013 9.14342 1.61208 2.64382 6.30134 8.2157 11.2397 6.45143 5.66499 1.48003 9.86732 8.0939 6.25793 12.2243 3.62708 3.62215 5.07561 6.51202 9.76771 4.90368 9.30701 5.18059 7.90395 4.32394 8.04504 4.92392 9.44874 7.09965 10.9654 3.26198 8.45457 9.92553 3.77327 8.06105 7.36316 9.19905 7.29747 9.84979 7.69343 1.34239 8.7653 8.10586 3.25346 5.22024 6.50173 8.89018 9.37961 2.19713 8.47951 9.59769 5.81437 6.75012 7.98023 2.26927 8.75206 3.2179 4.31677 7.50219 
7.01171 8.62727 3.1456 2.11454 4.1331 7.18946 5.6035 3.83444 5.91486 2.13902 8.79036 2.68777 2.82455 2.58954 7.39304 2.39134 1.80801 2.48566 9.48395 8.161 7.35033 1.48852 7.68651 5.62883 4.54622 2.53569 6.15325 5.172 6.28758 6.65361 6.47191 5.53445 4.02492 6.51234 2.32034 3.16951 3.02597 4.71259 2.51287 4.66259 5.57391 2.03494 5.18376 7.33328 2.57235 6.77012 4.41131 7.88729 2.66957 5.22708 0.586941 6.03166 6.0698 3.19014 4.67547 0.520865 6.31801 10.0731 5.37239 6.72347 3.85068 1.10114 1.89042 1.87963 6.06282 1.38235 7.15417 2.74308 4.69392 8.96415 5.26217 9.54825 5.53611 3.21286 7.14773 
7.07939 6.68342 3.48862 2.27969 1.80278 4.71653 6.72646 4.21246 3.74039 4.88112 6.83059 5.50113 3.1594 5.48365 7.29836 0.541295 3.18663 1.34239 7.5819 8.92059 7.70637 2.92058 5.796 2.80203 3.36095 3.16787 7.69344 2.28064 4.24062 5.48403 3.73048 5.74616 5.24047 5.88215 2.29993 1.12539 3.93215 1.89789 3.82413 2.55002 5.41202 4.86079 4.78578 4.91664 1.71421 3.87342 5.56656 5.93709 2.08971 5.46155 2.57099 4.30081 3.52278 1.73566 1.75034 2.40533 7.85596 8.42769 3.20832 6.87841 3.76733 3.67967 1.45602 2.65377 6.83433 1.74929 4.6545 2.98918 3.29803 7.38597 6.65496 7.79867 5.96584 4.94581 5.47156 
7.01852 4.66974 4.60245 3.98848 3.05565 2.30358 7.60664 5.06717 1.97497 7.46175 4.78807 8.0648 4.42579 7.84333 7.05899 3.13955 5.05146 3.81935 5.542 9.25635 7.8174 4.92 3.93926 2.15379 3.15991 4.62502 8.79529 0.61 2.4993 4.50498 2.98236 6.04822 6.43544 5.37663 3.87284 3.23489 5.25681 0.720694 5.43244 1.69009 5.45976 7.41569 4.78712 2.55 3.22448 1.4905 6.6554 3.994 4.47599 5.84624 5.14208 2.97893 1.18127 2.67479 1.21198 4.90316 8.94097 6.57895 1.7263 6.92564 4.42712 5.9414 4.0651 5.23474 7.41556 4.36039 2.21653 4.28572 2.88513 5.68388 7.7549 5.89207 6.40839 6.54379 3.91829 
2.52286 7.8613 5.52598 6.85697 10.7724 8.94739 2.58559 4.77177 7.80016 9.27552 7.97458 9.30072 5.88292 7.73301 2.76371 8.82916 6.44186 9.76243 8.10088 0.151327 1.65109 6.80109 7.40072 11.179 6.19621 5.98785 2.68477 9.70532 7.54181 5.51014 12.1494 3.32256 4.14132 4.32501 6.76237 10.0176 5.27492 9.17306 5.68304 7.66587 3.89166 8.97805 4.56111 8.8222 7.26529 10.6275 3.75494 7.6243 10.3524 3.56602 8.65014 6.81175 8.78823 7.33638 9.78589 8.24394 2.59887 7.59032 7.73791 2.4965 5.22473 7.22696 9.29457 9.94397 2.16335 8.93717 9.02083 6.0465 6.46297 6.90887 3.07189 7.65881 3.02592 5.04777 6.7309 
1.17068 5.36537 2.77088 4.09161 7.75126 5.93001 2.09614 2.02299 4.6854 7.47222 5.50989 7.70092 3.13313 6.36529 1.55769 5.92457 4.041 6.93753 5.86298 3.08561 1.72662 4.36111 4.6871 8.02813 3.023 3.35215 3.36537 6.53521 4.48894 2.72413 8.99161 0.319531 2.38533 1.62099 3.94849 7.0772 2.83854 6.0096 3.4093 4.49138 0.729452 7.21268 1.38708 5.84045 4.32412 7.46837 2.15928 4.93389 7.60182 0.619839 6.21225 3.75682 5.64989 4.27874 6.64008 5.7673 3.45036 5.7771 4.58017 0.910824 2.2435 5.16563 6.54927 7.40173 1.45986 6.27915 5.99167 3.26957 3.28811 4.8036 2.63746 5.57986 0.608358 3.40965 3.95455 
3.94645 1.50233 5.294 6.03464 7.95661 3.44384 6.14664 4.96541 3.20056 10.1956 1.60353 10.6089 5.49477 9.61456 3.61643 6.94424 6.65523 7.99113 1.81463 6.23339 4.76934 6.82493 1.39789 7.30505 3.61471 5.83384 7.3979 5.74891 2.66271 1.5761 8.05255 4.2283 6.10079 2.43298 5.82879 7.73068 5.82104 5.49364 6.38264 4.15217 3.57123 10.0064 3.43001 3.20765 5.69956 5.75897 6.01103 1.51489 8.74694 4.32005 8.25528 2.37977 4.05094 5.20271 6.22116 7.83023 7.46967 1.94456 3.60514 4.11099 4.55782 7.9431 7.89079 9.05098 5.43994 7.88006 3.55169 5.51392 3.52013 0.837377 6.67943 1.56109 4.64492 6.93721 1.25064 
8.83779 6.53319 5.89216 4.91041 1.8918 4.03435 9.08944 6.50145 3.95763 7.40806 6.63597 8.05315 5.62748 8.22614 8.9244 3.27819 5.9077 3.37871 7.37277 10.9791 9.59747 5.67208 5.87167 0.182483 4.89585 5.72986 10.1841 1.43736 4.47826 6.46703 1.09124 7.7361 7.7401 7.27633 4.87003 2.6288 6.46026 1.89992 6.47207 3.47052 7.21782 7.44361 6.54011 4.30249 4.19869 1.94733 8.02001 5.90103 3.77595 7.49947 5.20047 4.95323 3.09317 3.86256 1.28888 5.12544 10.34 8.46724 3.6809 8.71271 5.92001 6.45843 3.86571 4.78533 9.02456 4.32001 3.92929 5.46385 4.66717 7.62262 9.13203 7.77093 8.05293 7.61205 5.89604 
5.12299 2.02388 7.06403 7.82643 9.53935 4.54943 7.56963 6.69128 4.74102 11.9858 1.96229 12.3938 7.27633 11.3695 4.68876 8.6743 8.43736 9.70447 1.39943 7.14006 5.82979 8.61335 2.66721 8.69419 5.40285 7.61426 8.75403 7.21017 4.20115 3.33781 9.34234 5.75128 7.73701 3.9778 7.62053 9.3963 7.56631 7.03739 8.13823 5.82603 5.16558 11.7945 5.13355 4.28165 7.4791 6.91759 7.60517 2.61324 10.4587 5.89475 10.0413 4.081 5.4333 6.9659 7.74355 9.6185 8.80307 0.305941 5.21426 5.3602 6.32193 9.72553 9.63579 10.8093 6.79118 9.64591 4.66082 7.3 5.2959 0.992824 8.15206 0.828553 6.1327 8.62792 2.90462 
3.98001 3.70826 2.46678 2.864 5.12665 3.06193 4.79752 2.53 1.65197 7.05694 3.87413 7.51647 2.53584 6.70436 4.04851 3.7844 3.6393 4.85387 4.53719 6.22448 4.77514 3.73894 2.77253 5.01941 0.447772 2.86714 6.06278 3.45905 1.67863 1.89391 5.94786 3.0593 3.95457 2.42297 2.65876 4.70425 3.13115 2.98297 3.57912 1.40545 2.42909 6.89141 1.76816 3.06 2.4733 4.31807 4.06021 2.99541 5.6056 2.89638 5.03672 1.14039 2.53142 1.99249 3.67927 4.61863 6.19175 5.12103 1.43736 3.8833 1.89676 4.89605 4.69601 5.83541 4.47294 4.65859 3.09343 2.4993 0.300832 4.01908 5.07632 4.58384 3.45232 4.44717 2.18552 
2.41919 3.45584 5.21047 6.29019 9.05281 5.24605 4.95082 4.63962 4.62949 10.1948 3.53747 10.5057 5.5084 9.28367 1.9654 7.66776 6.6188 8.74339 3.54109 4.4438 3.10097 6.87329 3.28805 8.7184 4.17153 5.81588 6.078 7.12215 4.15637 2.10459 9.55804 3.30619 5.38882 1.81747 6.09861 8.64083 5.54596 6.75314 6.14271 5.22556 2.89401 9.96249 3.14992 5.03817 6.18967 7.43592 5.18464 3.44971 9.48401 3.52185 8.56664 3.60207 5.60704 5.84883 7.48392 8.11784 6.11596 3.02121 4.87647 2.68157 4.48175 7.86652 8.51423 9.57156 4.13652 8.38659 5.34648 5.58574 4.23 2.34047 5.56555 3.07168 3.62001 6.37762 2.84565 
6.29586 7.95033 2.40601 1.40121 4.15326 6.62541 5.01243 3.1085 5.3045 2.79415 8.11454 3.28518 2.08082 2.8558 6.66802 2.19641 1.11544 2.61197 8.79714 7.53329 6.66331 0.770065 7.00928 5.47892 3.83839 1.79739 5.66719 4.823 5.64862 5.92157 6.37838 4.81834 3.41949 5.76771 1.60702 3.19169 2.33174 4.32046 1.86344 4.07424 4.83628 2.64433 4.43938 6.75326 1.95133 6.40726 3.8036 7.21633 2.9821 4.5096 1.10887 5.35248 5.54314 2.58536 4.39096 0.702282 5.83343 9.35803 4.77193 6.01266 3.10644 0.992975 2.02356 2.40127 5.41698 1.54467 6.59776 1.9985 4.00262 8.24755 4.72488 8.84446 4.84004 2.7168 6.45036 
7.07543 9.26094 3.43447 2.71221 5.0852 7.99012 5.34842 4.00975 6.66321 1.56416 9.42618 1.96023 3.178 1.62262 7.497 3.35024 2.02467 3.42486 10.0933 7.94645 7.303 1.83251 8.32145 6.59628 5.11907 2.84691 5.70601 6.10501 6.99514 7.11551 7.43683 5.62072 3.84749 6.82069 2.91204 4.12585 3.1197 5.62776 2.53332 5.43813 5.7825 1.35093 5.49154 8.11696 3.314 7.70055 4.22342 8.53499 3.52264 5.32534 1.47828 6.66706 6.90461 3.9489 5.62601 1.48273 5.86573 10.598 6.13353 6.76918 4.17972 0.774919 2.83805 2.59187 5.91921 2.33574 7.96244 3.1446 5.30864 9.48603 4.91601 10.1116 5.54585 2.88626 7.73582 
9.53429 7.83036 6.1664 4.98046 1.0139 5.38075 9.41153 6.8642 5.09004 6.62599 7.94346 7.27585 5.84898 7.70602 9.68593 3.03872 5.84604 2.67328 8.69188 11.5222 10.2306 5.55044 7.1071 1.26246 5.61587 5.86905 10.3948 2.56127 5.63014 7.44968 1.53052 8.29807 7.94096 8.1185 4.99949 1.98154 6.63272 2.81397 6.51463 4.33537 7.87147 6.71316 7.20781 5.64416 4.38854 3.37618 8.26338 7.16303 2.81007 8.03134 4.62082 6.00108 4.34447 4.24976 2.07964 4.6684 10.5572 9.74708 4.71785 9.36912 6.36242 6.11271 3.2573 3.89082 9.47304 3.76324 5.28015 5.67877 5.44546 8.84774 9.35535 9.05817 8.56086 7.6234 7.04102 
6.02818 2.69136 4.83343 4.76828 5.01642 0.592284 7.26416 5.01519 0.860233 8.76097 2.80708 9.31011 4.80426 8.78451 5.93877 4.67398 5.75129 5.54917 3.56046 8.40374 6.88896 5.7406 2.022 4.0415 2.86505 5.09742 8.54347 2.59044 0.976524 3.13313 4.72356 5.42698 6.44615 4.2371 4.59191 5.07001 5.52175 2.53126 5.88467 1.9773 4.72848 8.65888 4.13978 0.707248 4.10202 2.42266 6.56062 2.04022 6.26343 5.31413 6.49942 1.7066 0.800812 3.46655 3.17515 6.16887 8.66748 4.61299 1.30361 6.02138 4.36606 6.88193 5.66467 6.87554 6.86232 5.84658 0.600083 4.71721 2.55196 3.77041 7.571 3.92074 5.84945 6.86053 2.19146 
4.89495 1.22776 6.39728 7.08179 8.68289 3.71941 7.20822 6.0852 3.88567 11.2618 1.20354 11.6898 6.58593 10.7235 4.51134 7.85064 7.74398 8.87246 0.91 7.07494 5.67255 7.90069 1.80878 7.84143 4.64617 6.92605 8.43922 6.35232 3.34712 2.69364 8.5012 5.3158 7.21803 3.5165 6.87564 8.5508 6.936 6.17985 7.49323 4.98784 4.67616 11.0804 4.55159 3.45407 6.69813 6.09141 7.12085 1.76003 9.62539 5.42232 9.26879 3.26038 4.57739 6.16709 6.88523 8.85273 8.50282 0.894707 4.36497 5.09362 5.66612 9.03009 8.81914 10.0008 6.47297 8.84512 3.83115 6.59734 4.51643 0.32249 7.75845 0.458912 5.72301 8.05882 2.0854 
8.57744 8.64256 4.69553 3.3497 1.93373 6.61211 7.72189 5.46682 5.69818 3.76279 8.78929 4.41236 4.32926 4.95162 8.86351 1.66628 3.80848 0.617171 9.54114 10.1449 9.09709 3.45313 7.7547 3.69628 5.15885 4.19005 8.46653 3.92046 6.20003 7.34121 4.34663 7.14919 6.13583 7.60107 3.47937 1.19708 4.90609 3.6985 4.57131 4.50494 6.95423 3.85852 6.39226 6.82643 3.17002 5.39434 6.50834 7.89649 0.1772 6.84459 1.9425 6.23978 5.41599 3.47704 3.28055 2.15761 8.63296 10.3801 5.16769 8.33677 5.19212 3.60584 0.883233 1.03238 8.01385 1.27863 6.54178 4.17714 5.15004 9.32946 7.49669 9.75562 7.28097 5.52577 7.41483 
7.37526 5.68567 4.4071 3.51027 1.99223 3.39401 7.58752 4.99986 2.83487 6.55485 5.81285 7.17681 4.15769 7.11254 7.48642 2.21712 4.54674 2.76004 6.57141 9.48363 8.11808 4.34994 4.89908 1.61839 3.4271 4.28476 8.69542 0.617171 3.37818 5.16178 2.59586 6.23944 6.26077 5.87371 3.44472 2.14255 4.99632 0.530848 5.0531 2.06184 5.73873 6.5368 5.06274 3.63369 2.76697 2.19791 6.53094 4.98177 3.39029 5.99854 4.247 3.71214 2.23289 2.37413 0.228254 4.06736 8.84995 7.56335 2.43206 7.23785 4.41418 5.25694 3.06545 4.19672 7.51897 3.41541 3.31038 3.99782 3.22025 6.61744 7.64346 6.88808 6.55031 6.19245 4.77378 
7.54658 8.79957 3.62891 2.45326 3.64589 7.19234 6.24123 4.35409 5.99341 2.20127 8.95978 2.82349 3.28525 3.06426 7.90911 2.14105 2.37683 1.97517 9.67331 8.78259 7.92495 2.03089 7.86375 5.24077 4.81399 3.02914 6.81754 4.96058 6.40645 6.97685 6.03432 6.0701 4.65465 6.93311 2.65002 2.70407 3.59356 4.55141 3.11565 4.72712 6.05529 2.18979 5.61843 7.35658 2.74401 6.5525 5.04061 8.05137 2.04685 5.76064 0.174642 6.22354 6.03567 3.31361 4.41346 0.623618 6.98256 10.329 5.44301 7.26705 4.29564 1.76604 1.4151 1.21078 6.67236 0.955249 7.14731 3.18027 4.92367 9.22762 5.9165 9.77605 6.10066 3.87232 7.37011 
5.23902 0.463249 5.68032 6.11249 7.23205 2.17007 7.18226 5.54484 2.48676 10.2969 0.618466 10.7771 5.79494 9.97361 4.97178 6.58593 6.91434 7.5635 1.36077 7.59581 6.0948 7.01208 0.506063 6.30864 3.72216 6.1313 8.47009 4.84982 1.98252 2.39 6.9527 5.22215 6.84923 3.53386 5.91026 7.17753 6.30058 4.72403 6.80283 3.6946 4.50694 10.1448 4.1656 1.90625 5.61471 4.54235 6.83477 0.290689 8.30659 5.24023 8.17634 2.15372 3.06178 5.02842 5.40881 7.78666 8.56058 2.34233 3.01294 5.35397 5.00972 8.1712 7.5746 8.77867 6.5616 7.66006 2.28186 5.7699 3.51262 1.58114 7.64853 1.65221 5.66107 7.54682 1.21511 
6.32529 4.57369 3.80757 3.25055 3.14033 2.48966 6.81836 4.27183 1.65952 6.91903 4.71004 7.50163 3.63804 7.17591 6.39708 2.69409 4.31005 3.53736 5.46923 8.5215 7.10444 4.2022 3.74594 2.68062 2.41299 3.84704 8.00083 1.10941 2.20045 3.97519 3.59806 5.29646 5.63847 4.74529 3.1216 3.07353 4.46561 0.677422 4.65756 0.95 4.73241 6.84896 4.05554 2.69002 2.49451 2.27607 5.85888 3.84865 4.25265 5.08413 4.61299 2.51056 1.29958 1.91316 1.41152 4.32945 8.14715 6.41393 1.23037 6.21484 3.63435 5.26282 3.67414 4.87977 6.6464 3.8955 2.42992 3.50127 2.15845 5.4418 6.95934 5.75015 5.64543 5.76067 3.57946 
8.48109 8.54537 4.60339 3.25725 1.90444 6.52313 7.63992 5.37462 5.60161 3.77584 8.69239 4.42598 4.23732 4.93207 8.76567 1.56438 3.73097 0.519711 9.44386 10.0568 9.0037 3.37682 7.6564 3.65422 5.05693 4.10162 8.39324 3.84401 6.10236 7.23923 4.32227 7.05459 6.05538 7.50015 3.38497 1.13146 4.82084 3.61332 4.49245 4.40596 6.8563 3.86381 6.29287 6.73625 3.07015 5.32752 6.42686 7.79896 0.271662 6.75032 1.90287 6.13932 5.32673 3.37511 3.20656 2.10021 8.55967 10.2805 5.07025 8.24132 5.09558 3.55563 0.793788 1.06367 7.92612 1.20801 6.45347 4.08442 5.0481 9.22911 7.41989 9.65676 7.18878 5.4555 7.31454 
7.59714 5.56651 4.77462 3.92613 2.18057 3.18311 7.92335 5.34008 2.814 6.9814 5.68536 7.60606 4.53944 7.55265 7.68294 2.64955 4.96956 3.13696 6.43939 9.75263 8.36086 4.77984 4.82495 1.38654 3.65843 4.68108 9.05272 0.291548 3.35121 5.25681 2.32263 6.51261 6.63031 6.03887 3.8524 2.48032 5.38005 0.662193 5.4588 2.2291 5.98205 6.96781 5.30407 3.43546 3.17515 1.77406 6.88991 4.88636 3.73277 6.28269 4.67813 3.76347 2.07858 2.74707 0.391152 4.50494 9.2054 7.47217 2.47952 7.47478 4.73739 5.69594 3.47438 4.58262 7.82164 3.83923 3.09129 4.38275 3.42603 6.5641 8.00176 6.78693 6.83933 6.59604 4.76656 
8.56743 9.75779 4.66444 3.49521 3.87872 8.0323 7.15101 5.37941 6.90254 1.83183 9.91583 2.47631 4.32468 3.264 8.93823 2.86323 3.37214 2.30419 10.6396 9.72141 8.92002 3.03949 8.8276 5.61424 5.83082 4.06075 7.62685 5.60423 7.34048 8.0059 6.29579 7.08986 5.58335 7.97709 3.69034 3.04795 4.59213 5.26339 4.08354 5.63841 7.09355 1.96703 6.66219 8.21299 3.74214 7.16082 5.9694 9.0068 2.00489 6.78122 1.21758 7.20156 6.85254 4.28042 5.00546 1.6676 7.78924 11.3289 6.35109 8.28324 5.33821 2.53355 1.92315 0.920869 7.63036 1.66508 7.97898 4.22257 5.92558 10.2324 6.77975 10.7631 7.1031 4.72492 8.35958 
6.43183 6.82879 2.63519 1.3288 2.73651 5.16149 5.82163 3.39466 3.97434 4.17698 6.98588 4.76001 2.2809 4.55633 6.70322 0.680074 2.16363 1.64575 7.71415 8.11775 6.98891 1.8918 5.90235 3.82415 3.0412 2.22847 6.73146 3.11849 4.40729 5.24135 4.75893 5.02829 4.29337 5.43625 1.39979 1.87489 2.99201 2.6341 2.82604 2.70823 4.79401 4.10775 4.22303 5.32443 1 4.70992 4.636 6.07715 2.34077 4.72933 1.88322 4.29303 4.01254 1.38708 2.68168 1.58773 6.89558 8.44183 3.42286 6.2021 3.05007 2.69898 1.33989 2.4613 6.00203 1.2985 5.11798 2.1154 3.07703 7.35833 5.70426 7.85682 5.19643 3.93402 5.46268 
8.19103 7.06162 4.74014 3.55519 0.661211 4.79401 7.98447 5.44507 4.16222 5.6598 7.1929 6.30492 4.42052 6.52343 8.37055 1.65922 4.44596 1.63573 7.95238 10.1237 8.86093 4.16416 6.24833 1.71003 4.32685 4.44119 8.96702 1.94126 4.70197 6.29973 2.54443 6.91462 6.51246 6.85937 3.5709 0.89493 5.20433 1.8941 5.09761 3.19014 6.52175 5.69689 5.86963 5.03433 2.9615 3.32569 6.8344 6.34566 2.11483 6.64088 3.46831 4.94386 3.63147 2.85792 1.29201 3.42812 9.12921 8.91643 3.70412 8.01122 4.95976 4.81938 2.12038 3.06426 8.05993 2.58627 4.70935 4.25027 4.19402 7.94076 7.92675 8.25 7.16218 6.21477 6.06132 
6.19427 1.99211 7.78067 8.40472 9.6576 4.40596 8.57961 7.48898 4.93782 12.596 1.85521 13.041 7.95594 12.1105 5.77721 9.02447 9.10926 10.0118 1.09563 8.26267 6.92807 9.25139 2.88125 8.62277 5.96905 8.29652 9.79201 7.2384 4.42883 4.09715 9.17236 6.7088 8.62682 4.91171 8.1991 9.62761 8.33265 7.15455 8.88401 6.1336 6.0799 12.4239 5.96008 4.13793 7.97424 6.69718 8.52602 2.73265 10.7563 6.82402 10.548 4.4942 5.45047 7.41416 7.82198 10.1432 9.84868 0.828734 5.46136 6.41574 7.056 10.3915 10.009 11.2077 7.82461 10.074 4.51154 7.9592 5.81083 1.71397 9.14217 0.980051 7.10921 9.46675 3.35672 
2.75182 7.60697 3.2956 4.5209 8.56148 7.91885 0.165529 2.66017 6.55916 6.62873 7.75444 6.67384 3.60867 5.13055 3.25263 6.52963 3.92231 7.37024 8.11873 2.67316 2.45601 4.28193 6.89 9.25216 4.63121 3.62112 1.15918 7.93102 6.47446 4.94632 10.2381 2.11237 1.58777 3.8766 4.47135 7.72373 2.85953 7.36196 3.15571 6.0353 2.83 6.33265 3.28469 7.86857 5.06928 9.12027 1.21939 7.14006 7.8982 2.12042 6.08185 5.76782 7.4297 5.30004 7.87051 5.69689 1.27883 7.99758 6.32487 2.45284 3.27581 4.59518 6.85677 7.39354 1.00896 6.45629 7.96518 3.77895 4.94385 7.05063 0.502195 7.82907 1.67586 2.4041 6.15013 
4.78239 5.92171 1.07517 0.65 4.22995 4.82734 4.32005 1.7853 3.42257 4.83713 6.08691 5.29744 0.790759 4.57109 5.06504 2.29314 1.51529 3.29674 6.75794 6.50249 5.33991 1.54185 4.98218 4.91639 1.79011 0.951262 5.35523 3.74363 3.69437 3.89976 5.9 3.37771 2.90413 3.89104 0.444072 3.46944 1.6289 3.16836 1.76082 2.30957 3.15634 4.67052 2.61843 4.91424 0.713442 5.16419 3.19658 5.19659 3.97334 3.08058 2.90904 3.32844 3.87769 1.01242 3.56387 2.46862 5.5134 7.31057 2.93288 4.55027 1.39832 2.70453 2.93334 3.90448 4.40756 2.72883 4.81922 0.630635 1.96939 6.20081 4.30465 6.79601 3.56001 2.87237 4.40528 
5.87072 6.67942 2.0204 0.698928 3.36043 5.22352 5.19199 2.78627 3.93395 4.11993 6.8408 4.65649 1.66111 4.24675 6.16235 1.31015 1.59314 2.22991 7.54836 7.50309 6.40052 1.36795 5.74126 4.359 2.7012 1.59841 6.10578 3.49125 4.31259 4.88857 5.31338 4.44622 3.66442 4.97315 0.784347 2.5046 2.36205 2.96015 2.21461 2.68405 4.2547 4.00622 3.71594 5.35965 0.614003 5.05004 4.00601 5.93384 2.88226 4.14343 1.96023 4.09591 4.13044 1.21037 3.13356 1.56272 6.26958 8.20125 3.39202 5.63072 2.48582 2.33805 1.83535 2.82577 5.38281 1.64149 5.19277 1.49857 2.7958 7.10211 5.07622 7.64603 4.59584 3.33654 5.24009 
9.08643 11.5784 5.69425 5.02573 6.63061 10.2387 7.01157 6.1933 8.94665 0.974936 11.7435 0.363593 5.46619 1.79627 9.54147 5.3104 4.30516 5.00682 12.4112 9.56747 9.18101 4.14483 10.6386 8.33292 7.43673 5.1289 7.00183 8.13042 9.29665 9.4074 9.05055 7.68767 5.71749 9.03974 5.22717 5.75921 5.28644 7.71001 4.69001 7.70377 7.94739 1.01533 7.7249 10.3793 5.59204 9.72307 6.0526 10.8511 4.77008 7.41111 3.28283 8.98354 9.119 6.22113 7.58191 3.53239 7.14034 12.9025 8.40914 8.7677 6.44225 3.01705 4.52604 3.68599 7.71565 4.11643 10.2041 5.4459 7.62588 11.791 6.45945 12.4249 7.53962 4.66836 10.0531 
1.73738 3.75183 4.43847 5.56619 8.53584 5.17633 4.18344 3.84147 4.3527 9.40592 3.86172 9.70512 4.74853 8.46832 1.36066 7.04256 5.84042 8.11555 4.0105 3.97281 2.52052 6.10571 3.37682 8.34197 3.57946 5.04723 5.35045 6.74818 3.93634 1.75866 9.22139 2.48823 4.56898 1.08342 5.38015 8.06257 4.74575 6.33404 5.34248 4.7692 2.08291 9.16922 2.39069 4.99866 5.52161 7.2284 4.36867 3.57946 8.84589 2.70148 7.83368 3.29462 5.36191 5.23001 7.05365 7.3832 5.39933 3.67952 4.51542 1.9578 3.72259 7.07611 7.85293 8.87722 3.39001 7.69717 5.26795 4.83513 3.68436 2.84007 4.78519 3.61311 2.81256 5.55763 2.79258 
3.65465 2.37403 3.73591 4.35597 6.40038 2.78787 5.26302 3.54493 1.89172 8.53756 2.53837 8.97341 3.89185 8.06179 3.52953 5.25929 5.04148 6.31589 3.12021 6.04928 4.52482 5.18333 1.5199 5.96846 1.922 4.23232 6.55986 4.37321 1.46649 0.717008 6.80842 3.31423 4.84366 1.84878 4.14982 6.09606 4.32723 4.02349 4.85268 2.55125 2.58745 8.35945 2.17329 2.65187 3.99645 4.75682 4.83848 1.77102 7.07132 3.29123 6.55705 0.850706 2.89318 3.50091 4.75742 6.13551 6.66179 3.60601 2.13026 3.68543 3.03528 6.32248 6.19526 7.34918 4.71466 6.17654 2.86812 3.89082 1.81596 2.49948 5.69106 3.09716 3.75586 5.54867 0.793788 
9.48574 11.8028 6.00424 5.24904 6.53491 10.3741 7.45952 6.53809 9.115 1.06212 11.967 0.696419 5.75701 2.2702 9.93385 5.35182 4.6 4.95066 12.6473 10.026 9.60565 4.41022 10.8618 8.27048 7.67918 5.42409 7.48011 8.16356 9.48538 9.69561 8.94882 8.071 6.13209 9.37469 5.45345 5.69973 5.63368 7.76846 5.03716 7.86043 8.30259 1.22919 8.05166 10.5251 5.77031 9.74624 6.47521 11.0685 4.64311 7.78895 3.34978 9.20496 9.23499 6.3905 7.59408 3.64968 7.62016 13.1752 8.57168 9.16911 6.75167 3.32039 4.50983 3.57022 8.14921 4.13766 10.3347 5.72456 7.85348 12.0632 6.91749 12.6811 7.93918 5.08803 10.2957 
3.86518 5.89909 0.187883 1.39169 5.26165 5.24527 3.30238 0.75591 3.80185 5.15644 6.06531 5.52074 0.451221 4.514 4.19386 3.30394 1.56984 4.27095 6.67037 5.48001 4.36152 1.80754 4.98688 5.89485 1.8457 0.751798 4.38292 4.62819 3.94057 3.54993 6.8807 2.41549 1.96787 3.2484 1.25877 4.49013 0.863713 4.05228 1.31034 2.91431 2.3197 4.94171 1.91596 5.28266 1.74485 5.94542 2.21883 5.22349 4.91285 2.10924 3.56609 3.41063 4.45702 1.94281 4.52001 3.11541 4.53715 7.05897 3.40119 3.61006 0.586686 2.85044 3.85593 4.71068 3.37747 3.57874 5.258 0.570088 2.1341 5.95134 3.3312 6.6188 2.55519 2.20227 4.32187 
4.36807 3.69931 2.65023 2.86447 4.80926 2.79007 5.14615 2.80503 1.35237 7.04569 3.8629 7.52916 2.66908 6.79342 4.42986 3.57351 3.72086 4.63087 4.55748 6.61281 5.16462 3.78423 2.7583 4.64215 0.653758 2.9869 6.40125 3.07514 1.48314 2.16037 5.56515 3.43863 4.23728 2.78771 2.664 4.43393 3.33191 2.60864 3.73805 1.02956 2.81656 6.89479 2.15232 2.81498 2.3817 3.93634 4.36555 2.96331 5.38607 3.26712 4.9555 1.10345 2.17187 1.83698 3.31344 4.5523 6.53334 5.22389 1.06888 4.27276 2.15393 4.94702 4.51462 5.67966 4.8453 4.51648 2.81144 2.6091 0.34 4.13769 5.40242 4.6534 3.82562 4.66476 2.24931 
4.20743 8.06387 2.38902 3.2067 7.19095 7.75016 2.02094 2.19347 6.3102 4.68837 8.22541 4.75189 2.54568 3.24834 4.69421 5.12411 2.32639 5.81172 8.7308 4.61391 4.19304 2.65663 7.21568 8.16919 4.31116 2.38447 2.40601 7.06208 6.38882 5.45858 9.14104 2.97834 0.906973 4.67059 3.23633 6.27968 1.71479 6.48676 1.64502 5.45642 3.48076 4.39318 3.58469 7.7666 3.90948 8.45599 1.12004 7.46464 6.24628 2.77521 4.29787 5.7799 7.00058 4.33073 6.85579 3.95683 2.57158 8.86833 5.93633 3.88294 2.81455 2.71162 5.25095 5.61758 2.7133 4.79993 7.77023 2.69208 4.6201 7.81589 1.54719 8.55967 2.70542 0.552178 6.49416 
1.98927 5.84788 2.05448 3.40035 7.23802 6.0636 1.72699 1.2832 4.71692 6.61272 6.00167 6.8344 2.42099 5.50071 2.41357 5.32203 3.22893 6.2942 6.43001 3.47817 2.35468 3.56202 5.08348 7.68731 2.84004 2.59515 3.01629 6.26911 4.61806 3.18101 8.66645 0.552268 1.54935 2.24964 3.28056 6.5013 2.01206 5.71638 2.56535 4.28957 1.07564 6.35066 1.43014 6.0114 3.74012 7.3544 1.37928 5.33502 6.92694 0.33121 5.43001 3.91065 5.61364 3.80296 6.29223 4.99121 3.13383 6.46258 4.51239 1.69012 1.68908 4.31521 5.86742 6.65361 1.44972 5.56167 6.11138 2.57344 3.14312 5.44008 2.11038 6.20249 0.531601 2.55225 4.34256 
