75 75 20
777 335 649 27 763 426 211 429 862 135 22 167 11 373 784 324 413 980 862 281 84 505 313 895 814 364 87 178 403 399 676 12 94 570 467 902 652 280 865 619 31 771 709 856 586 683 528 829 270 715 796 245 921 488 841 500 124 856 227 936 437 407 858 237 818 11 776 763 606 818 369 996 470 499 644 
5.9 5.05 1.39 9.54 7.86 6.69 0.82 5.42 4.64 1.97 5.07 3.55 8.04 3.48 6.11 6.22 8.28 2.99 3.43 7.46 
8 11 1 18 16 2 16 4 4 12 10 13 10 0 1 19 8 6 0 16 7 19 12 19 10 6 12 19 4 0 8 4 4 16 4 12 5 0 13 4 1 12 4 13 15 19 5 4 14 4 6 2 9 18 8 3 8 7 9 8 10 3 12 12 8 16 1 8 8 14 3 8 1 19 14 
46598.8 68430 8376.16 10080.2 50425.1 59776.2 35611.8 14767.9 45500.3 41607 70094.3 45181.1 6296.82 35503.9 50355.7 29830.4 5769.75 37968 76345.1 59864.5 50421.6 8697.7 59184.9 59673.5 27146.5 2954.66 44248.5 49024.5 47639.1 45491.2 69390.8 31823.4 19973 42276.5 10378.8 41682.9 7368.17 43324 5724.51 34969.3 32287.6 39415 28963.8 60464.4 17149.3 63567.4 23546.8 61486.7 43471.6 28736.7 27300 43023.8 50683 21925.8 46627.5 22921.8 45891.2 80542 40886.4 43771.5 15844.6 18480.5 32948 39683 38557.2 29254.9 59765.6 6735.73 29662.3 69449.6 34014.7 76023.3 32139.9 17109.4 52766.8 
51116.5 21533.5 43879.9 45866.1 55903.1 13297 65131 44363 8005.62 87259 23015.2 92347.2 44282.1 85510.2 49991.7 49008 54795.1 58724.1 30518.8 74998.7 59785 55285.6 12912 48329.1 23576.3 47485.8 78058.6 32900.6 3041.38 21790.4 55848.8 46186.6 58430.9 33097 43921 54931.3 50578.5 30875.9 54906.5 20140 39022.6 85925.1 33636.4 12301.6 40183.7 33678.8 59130.5 14089 66154.7 45384.2 65485.6 8796.59 15815.2 34073.6 37979.6 61753.1 79212.2 39590.4 13223.1 51238.8 38183.8 66904.7 58919.6 70993 60495.4 59947.3 14035.7 43712.7 20808.2 30050.1 68703.2 32983.8 50521.3 63745.9 12587.3 
31877.9 26169.6 36368.8 43934.5 67162.6 32607.5 48903.7 33528.8 23375.4 85382.3 27750.3 89472.3 38327.5 79634.3 30548.5 54626 49931.6 65310.5 32783.2 55842.4 40590.8 51651.9 18500.3 63690.8 20116.2 41719.5 61832.4 47720.5 19350.7 2600 72273.2 29313.8 45821.5 13823.5 41884.7 63583.7 41830.6 43939.3 47344.1 28736.7 22100.2 83464.1 18821.5 31197 41112.7 52172 45453.3 21001 72834.4 29382.5 66377.9 12801.6 33476.3 36665.7 51245.8 62055.6 62792.1 36063.6 25267.6 32288.9 29065.8 62810.3 63706.4 74977.1 43063.3 63155.2 33420.1 38525.1 19790.9 24963.4 53465.2 31702.5 33725.1 53486.8 11111.3 
57134.9 77190 19011.8 12336.9 46513 65881.8 43674.4 25490.8 52118 31166.2 78848 35215.1 16198.8 27829.8 61012.9 26212.2 5099.02 31824.8 85417.2 68934.8 60500 2720.29 67820.5 58576.4 35686.7 12976.9 50353.2 50492.1 55044.1 55504.2 67877 42371 27748.3 52951 14143.9 37060.1 17241.8 45140 12248.3 40352.4 43070.4 29167.3 39623.4 66924.8 19481.5 66014.8 31593 70007.1 36028.5 39308.1 17454.5 51335 55663.5 25686.8 46812.9 13473.7 52017 90320 47019.7 54232.9 26361 8918.52 26107.9 30460 47815.2 21554.1 65712.3 15789.2 37734.3 79201.1 40835.4 85495.8 42342.6 20924.6 61815.4 
26706 49973 14601.4 26500 61806.6 48961.2 29340.1 9621.33 35136.9 64461 51594.7 67767.6 17748.5 56498.9 29390.1 43798.7 28666.5 54124.8 56846.5 46040.9 32973 31271.2 41498.6 65005.6 16001.6 20686.5 41973.4 50497.1 34655.4 24337.8 74732.9 13618 22163.9 19387.1 24820.2 55180.6 18462.1 45052.1 24328.8 30520.3 10307.8 62190.8 6140.03 48659 27809.7 61142.5 22500.9 43996 60986.1 11180.3 48820.6 27911.5 43843.9 27079.5 51069 44308.6 43260.1 59263.9 32806.4 24602.8 7595.39 41213.7 50589 59900.8 26752.6 48326.5 49362.4 18732.1 19053.9 48383.9 32202.5 55534.7 16759.8 29430.8 34261.5 
19598 45795.7 22999.3 34878.6 68689.6 49065.8 29433.5 17114.3 36355.6 72652.9 47342.6 75760.8 26208.4 63903.8 21553.9 51505.7 36978.9 62000.8 51798.3 41227.3 26960.9 39677.2 38157.8 70336.3 20064.4 29099.8 42408.5 55160.9 34598.4 19160.4 79874.5 10183.3 26833.7 11421.5 33145.3 62595.3 26184 50033 32145 34622.5 3264.97 70315.4 3667.42 48303.7 35643.9 64156.4 25994.6 40670.9 69004.7 9700 57280.5 27324.7 45957.6 34108.8 56551 52768.4 43462.3 52862.3 35266.6 18111 16043.1 49361.7 58706.9 68259.9 24520.4 56621 49639.7 27193 22539.7 42313.2 33759.3 49798.1 14527.9 35643.8 30747 
63607 82880.3 25607 17360 45394.4 70303.6 49049.4 32074.4 56919.6 24852 84530.8 29308.2 22699.1 24174.6 67545.7 26196.4 11676 29567.7 91241.5 74645 66739.6 9005 73480.4 59040.7 41517.3 19545.1 54697.8 52630.8 60192.4 61820.5 67948.8 48862.8 33274.6 59533 19365.9 35732.6 23660.3 47594.6 18304.4 44748.7 49679.5 23053.4 46205 71519.6 23505.3 68468.5 37138.3 75604 32551.8 45814.4 12347.1 56928.1 59610.8 29861.3 48293.3 9406.91 56350.7 96481.3 51653.7 60670.4 32916.4 5661.27 23586.6 25536.2 53706.1 18585.2 70054.1 22160.6 43354.5 85362.8 45674.5 91515.4 48681.5 25224 67689.7 
86226 78207.7 49789.7 36967 5308.48 55857.4 81884.1 57217.7 48994.8 51402.4 79552.7 57904.2 46343.5 61799.2 88380.1 16880.8 44558.7 11472.6 87148.3 104424 92465.8 41373.4 69897.8 22856.9 48612.1 45965.6 90894.4 27392.9 54340.1 69214.2 29500.7 72848.5 66595.6 73952.2 37558.6 5020.96 53600.4 26698.7 51656.8 38552.3 69548.4 52117.7 63253.9 58234.4 32292.6 40880.3 70040.6 70968.7 14073 69976.9 30948 56261.2 44159 32743.4 20901 31548.4 92542.6 96558.5 44190.2 84213.6 53023.2 46114 17334.9 24424 83424.5 22414.7 55024.5 44659.8 47660.5 86612.5 80681.9 89968 74948.6 62393.9 67660.5 
87726.2 81992.3 50371.8 37191 9289.24 60024.3 82047.8 57947 52646 47800.6 83366.5 54300.4 46824 59043.5 90096.1 17381.9 43906.8 9220.09 90956.3 105190 93666.7 40562.2 73536.7 27164.9 50931.8 46118.7 90556.3 31759.1 57935.1 71980.9 33286.6 74029.3 66511.4 76144.7 38015.8 6100.82 53668 30750.8 51246.6 41759.4 71123.1 48683.7 64998.6 62361 33331.4 45401 70064.6 74689.8 9847.84 71092.1 28349.4 59485.5 48243.2 34593.9 25250.7 29521 92213.9 100150 47694.2 85589.4 54170.9 44215.9 15199 20511.9 84040.1 20256.6 59214.3 45173.6 50216.8 90056.9 80491.5 93629.6 75896.3 61644.5 71014.4 
72339.8 41430.9 52529.8 47830.2 38220.5 16324.8 80992.5 56329.8 19102.4 83637.3 42406.2 89631.5 51182.5 87002.8 72116.8 40472.8 58406.9 47124.6 49727.8 95505.5 80681.6 57361.4 35399 25843.6 35783.4 53483.5 93294 13744.1 23312.2 44958.8 32070.2 64153 70411.5 55014.2 46500.1 41027.8 59286.8 16289 61612.7 21982.9 57721.8 83129.3 51219.1 19007.4 40284 9841.24 72279 35410.9 53517.8 62466.2 60446.8 29681.1 8940.36 34400 20254.9 57965.2 94681 60818.5 19204.2 71802.2 49766.8 67901.2 49718.1 61360.9 78249.1 52681.8 15277.8 49912 32722.6 52830.5 83061.5 53830.1 68053 72455.3 36857.2 
81942.1 84917.2 42891.1 29477.1 22232.4 65553.4 72790.2 50598 55612.7 34502.3 86422.3 41000.5 39223.7 45435.7 84930.1 14453.4 33587.2 6135.14 93880.1 97181.7 86941.6 30017.7 75884.6 39259.4 48751.6 37678.9 80104.1 39702 60462.3 70709.1 46413 67544.4 56902.5 72747.3 30887.7 13551.8 44726.1 36857 41234 43355.5 65859.5 35196.2 60414 67579.4 28348.7 54975.8 60647.3 77416.4 6268.17 64480.2 14989.3 60351.8 53598.9 32005.2 33506 16972.9 81768.3 101881 50202.1 79470.3 48134.8 31498.6 5035.87 8422 75866.5 8236.5 64912.6 37746.5 48899.3 91229 70447.8 95776.7 68725.5 50674.1 72120.2 
25205 78892.3 46513 59452.6 99406.5 86504.7 15068.5 39340.2 73959.6 81403.9 80190.1 81527.5 49926.8 65804.6 29247.9 79456 54311.8 88324.7 82503.9 12143.3 17947.7 57917.3 73097.8 104887 56240.3 50547.5 15781.3 90793.9 72101.2 53528.4 114701 27628.4 30991.9 41696.5 58721.2 91408.8 43118.1 85265.8 46650.3 70875.5 34436.2 78412.5 40612.3 85569.4 64244.8 101301 27164.9 75485.2 93884.4 29342.5 76125.2 64779.1 83434.1 65710 90944.9 72201.5 15198 79014.2 72570.2 23503.2 44665.5 61371.4 83381.6 89196.4 13623.5 79552.1 87127.1 51611.3 59158.5 70937.3 19302.3 78682.4 23726.1 39444.3 65971 
55005.8 10259.1 67883.2 73835.5 86964 35406.9 77722.9 65280.5 39407.7 115760 9208.69 120260 69530.1 111180 51261 80077 81024.7 90025.4 3114.48 76978.8 62876.5 82377.2 18653.1 77374.2 49497.7 72935.3 90157.4 63051.5 34223.5 31484 83400.1 58587.5 77117.6 40624.7 71781.4 86338.5 73556.8 61885.2 78982.1 51189.5 51987.9 114064 50226 32705.5 69482.2 58887 76334.5 17345.9 97494.9 59482.9 95219.4 34680.8 45146.2 63883.4 68710.8 91175.1 90835.1 9492.1 44554.3 56907.7 60716.6 93818.2 89900.5 101866 70526.9 90500.1 36503.4 69515.6 47868.2 9353.61 83094 2801.79 62744.1 85189 23341.4 
72136.6 95830.1 36820.9 30517.7 54527.9 83573.3 53707.5 42124.7 70194.2 13792.8 97486.7 16710.8 34489 12466.4 76482.9 37400.1 22879 37872.5 104073 79703.1 73975.7 21369.4 86451.7 69804.1 54339.4 31119.3 56391.6 64958 73406.4 73903.2 78146.1 57760.3 39209.4 70469.3 32478 44972 33100.6 60170.8 27146.5 58025.9 59802.1 11189.3 57245.1 84800.9 36779.3 80910.6 42867.4 88620.1 38470.8 54873.1 18392.7 69940 72800.6 43135.1 60169.9 18709.6 57953.9 108855 64935.7 69022 44301.8 10000.5 32063.2 28761.8 59834.8 27085.2 83314.2 34295.3 56340.1 97742.2 49025.1 104117 56732.4 29168.6 80470.9 
52759.5 20363 71915.6 79400.3 96002.6 45679.9 77209.4 68264.3 48046.3 121046 19630.6 125164 74002.4 115010 48416.2 87626.9 85611.4 97885.3 13556.5 72900 59822.8 87337.5 27220.9 87301.1 55126.2 77386.6 89064.7 72572.8 42669.1 34650.8 93658.2 58992.4 78805.4 41231.2 77340.1 94710.3 76989.6 70955.9 82691.8 59059.6 53100.8 119152 52703.4 42991.3 75832.2 69314.9 77510.3 26548.1 105420 60407.4 101483 41696.5 54757.1 70641.7 77977.5 97273.3 89557.2 1749.29 52854.6 55129.4 64506.9 98492.7 97275.4 109046 69433.8 97439.7 46790 74218.2 53996.3 10929.3 83024.4 8102.47 62819.9 87675.1 29928.2 
39677.3 14340.2 50280.2 57210.6 75855.5 31295 60591.3 47385.8 28314.3 98945.2 15638.7 103187 52139.1 93563.7 36761.4 65872.7 63719.1 76308.1 19258.5 63015.7 48121.5 65302.8 11128.8 69410.2 32909.7 55540.7 73271.3 53813.9 22949.1 13551.8 76960.4 41170.5 59223.1 23469.1 55149.4 73636.9 55765.3 51228.2 61282.4 37844 34343.1 97107.8 32296.7 29022.7 53644.8 54213.7 58535.2 12714.2 83865.1 41839 79270.7 20130.8 36928.7 48567.5 58506.9 75055.2 74062.3 22395.8 32339.4 41058.5 43002.9 76581.3 75383.4 87036.8 53837.2 75360.8 32354.4 52255.2 31815.9 11300.4 65700.1 17762.9 45442.4 67262.8 8800.57 
81420.5 100639 44274.7 35305.8 50129.4 86007 64125.3 50444.8 73463.5 7261.54 102273 13453.6 41416.2 19965 85576.7 36196.4 30207.6 33602.4 109181 90122.2 83792.9 27721.8 91230 66763 59679.5 38242.6 67129.3 64396 77248 80424 74282.5 66814.7 49231.8 78217.7 37366.4 41100.5 41681.9 60232.2 35907.1 60893.5 68151 7302.74 64890.8 87518.7 40101.5 80321 52979.4 93248.6 32209.5 63832 15942.4 74673.8 74637.3 46247.3 58920.7 18762.7 68694.8 114884 68016.5 78378.6 51623.6 18396.7 28518.8 21536.2 69944.9 24279.2 85615.4 40853.4 61251.8 103778 59623.2 109737 66171 39506.2 85768.5 
80628.3 83921.5 41576.9 28161.9 22539.1 64771.6 71522 49284.2 54660 34342.1 85433.8 40827.6 37909.5 44810.8 83621.2 13430.2 32341.5 6040.7 92877.4 95883.3 85627.2 28779.3 74861.5 39304.1 47537 36373.2 78897.7 39220.9 59471.3 69507.2 46661.8 66229.1 55642.1 71473.8 29573.6 13562.4 43435.6 36220 39981.1 42347.3 64552.4 34924.2 59119 66769 27078 54615.5 59380.9 76415.2 7479.3 63164.9 14177.8 59262.6 52828.9 30813.3 33096.8 15917.6 80562 100802 49231.9 78155.4 46823.6 30516.4 3785.5 8981.09 74568.2 7017.83 64145.8 36431.4 47720.5 90126.4 69214.2 94725.4 67412.5 49489.9 71029.4 
35588.3 83216.9 35281.7 46178.5 86638.6 84831.1 9709.79 30161.7 70892.9 61788.2 84725.7 61583.2 37920 45752.5 40593.8 66030.7 38629.1 73603.3 88638.4 32209.3 32296.4 42103.8 75733.8 94967.8 51125.8 37313.4 8102.47 82582.6 70512.7 56535 104802 28338.8 16763.1 46251.7 46040.4 77826.1 29731 76827.4 31219.4 64529.1 35288.1 58762.1 39110.4 84513.8 52460.5 95315.7 14227.1 78247.4 78281.2 27903.4 59052.9 63643.1 79109.1 55610.3 81376.4 55559.1 9765.24 87794.4 68092.4 32596 36695.1 43165.4 68148.7 72253 18140 63790.7 85221.4 39582.4 54299.6 78160.1 3820.99 85919.6 24132.3 21513.9 68323.1 
16667.6 39947.2 47060.8 58661.5 88940 55160.9 42059.5 40796.7 47163.1 96473.9 40954.2 99294.8 50259.4 86593.8 12218.8 73801.7 60982.4 84515.1 41876.6 37680.8 23725.5 63735.8 36778.4 87095.9 39304.1 53162.9 53253.8 71158.7 42944.1 21214.4 95889.3 26284 47154.6 14103.2 56835.6 84107.2 49775.6 67009 55728 51349.1 23076.6 94050.3 26803.4 53327.9 58473.4 75883.4 44908 38711.4 91782.9 28681 81251 36590.3 57239.9 55715.2 74198.9 76740.7 53632.8 37548 48828.9 19302.3 40040.6 73179 81783.2 91883.5 33867.1 80115.2 56093.2 51195 40428.3 29971.3 48259.7 37548.1 29115.8 57253.6 31212.3 
14402.8 47145.4 27051.2 39473 73880.6 52727.3 27373.2 20408.3 40576.5 76052.9 48618.1 78850.4 30447.3 66342.9 16475.7 56553.3 40730.3 66991.5 52422.3 36500 21945.6 43626.1 40190.8 75443.2 25157.5 33131.3 40204.5 60180.5 38371 20601 84946.2 7885.43 27723.8 10176.9 37816 67721.3 29339.4 55113.2 35285.4 39608.1 2745.91 73611.5 8863.97 51773.1 40634.1 68767.7 26172.5 42667.6 73927.9 9073.59 61601.5 31036.8 50381.1 39272 61688.3 57095.9 41107.8 52280.2 39878.4 13041.9 20541.2 52768.4 63566.2 72871.7 21323.5 61323.6 53368.3 31567.4 27522.4 42181.6 32421.1 49870.3 12169.6 37336.3 32846.6 
3501.43 50581.1 39629.4 52500.9 87153.2 61520.2 28864.7 32388.3 50984.8 87145 51802.1 89371.4 43172.4 75785.2 3214.03 69920.1 52716 80329.3 53818.2 27089.7 11921.8 55846.4 45623.2 88027.8 37928.9 45586.2 39924.2 72485.9 47823.5 26828.7 97371.7 15621.8 35702.2 15200.3 50925.1 81091.9 40770.8 67649.1 46512.4 51931.7 15952.4 84540 22116.3 60123.3 53981.2 79797.9 32980.3 47878.4 87215.2 18585.2 74211.1 40667.7 61096.6 52614.9 74431 69732.3 40321.8 50598 51229 5994.16 33629.2 64081.5 76804.4 85830.8 20573 74406.7 62310.8 44422.1 39978.2 42234.2 35171.2 49990.1 17196.5 46133.9 38930.7 
71485.7 84091 32224.8 20354.1 36018.5 68520.7 59082.3 39550.6 56260.1 24829.4 85700.7 30774.8 28754.3 31126.4 75055.8 19078 20073.1 19556.3 92793.6 84300.7 75422.7 16533.9 74716.3 51125.8 44032.4 26268.8 65353.6 47161 60278 65615 59464.3 56735.3 43160.2 65162.1 22323.1 26388.3 32149.8 42790.8 27605.3 43619.4 56454.7 24287 52028.6 70090.4 23444 63138.3 47004.8 76624.3 21779.3 53637.3 2435.16 58270.1 57082.8 29274.2 41975.2 2109.5 67011.9 99226.1 50772.6 68721 38819.7 15814.2 13593 15052.6 63119.7 8509.41 68106.5 27672.5 45186.4 88198 56094.2 93743.6 57150.4 35825.8 69683.9 
66511.4 101473 40800.1 41282 73518 93941.7 43193.6 42689.8 79697.2 29215.9 103129 27145.9 40231.3 11197.3 71388.6 54573.6 30788.3 57211.4 108866 67935.3 65919.4 31800 92467.2 87409.8 60992.6 37117.1 41539.4 80125 81752.4 76608.6 96338.2 53971.3 33104.2 70112.8 42707 63842.4 34525.4 74781.9 29623.3 68852.3 58327.5 26226.9 58112.4 94661.8 48829.6 95647.1 35643.2 94861 58696.3 51697.7 38017.1 76767.2 84486.3 54769.1 76268.5 36977 42873 111482 75018.7 63266.5 47450.4 22733.7 51229.9 49319.9 50982.8 46131.3 93904.7 40923.6 63688.3 100657 37157.1 107797 51465.9 23236.2 85644 
30179.8 60890.5 10469.5 23846.6 63236.7 58588.8 22605.5 3280.24 44367.7 56423.5 62513.5 59074.5 14057.7 46708 34127 43513.9 21867.3 52902.9 67734.2 44369.5 34001.9 25144.8 52362.2 69252.7 24364.7 15502.9 34054.4 56024.7 44601 35124.1 79109.4 15420.8 11600.4 28648.4 22835.3 55423.9 9823.44 50318.2 15637.1 37531.1 17253.4 53918.9 16451.4 58534.2 28068 68344 12844.5 54851.3 59037.7 12376.2 43800.5 38225.9 52202.7 29771.3 55404.4 39408.1 35523.7 69798.6 41233.1 27297.1 9693.3 33217.5 48433.5 56051.1 23213.1 45225.2 58886.3 15678 27539.4 59033.3 23663.7 66296.7 15703.5 18625.3 45160.2 
19145 61919 23678.3 37094.6 76094.5 64850.1 13103.4 16063.9 51463.6 67007.5 63427.5 68832 27297.1 54894.2 23840.3 56649.9 34328.6 66144.5 67425.9 31184.9 21203.8 37789.5 54523.5 80997.3 32739.1 28670 26064 66934.1 50379.6 35239.3 90805.8 7186.79 14749.2 25173 36043.6 68516.9 22157.8 61381.5 27241.3 47212.8 13991.8 64289.3 18396.7 64280 40989.8 77881 12101.7 57031.7 72280 6718.63 56534.7 43256.1 60470.6 41960.9 67051.8 52230.4 27182.7 67145 49461.9 15941.1 20833.9 44404.2 61676 69042.9 10371.1 58397.7 65344.1 28897.9 35772.8 57184.1 17479.7 64890.1 3780.21 25229.5 47115.3 
63403.9 80142.4 24575.2 14645.5 41782.4 66876.8 50354.9 31552 53679.2 27303.5 81784.7 32212.6 21350.6 28020.9 67148.8 22339.4 11515.6 26252.8 88608.6 75622.9 67019.1 8122.19 70732 55177.6 39015.5 18481.6 56772.3 48745.3 57125.3 59824.8 64136.3 48627.7 34436.3 58234.4 16702.7 32150.3 23703.4 43742.5 18926.4 41369.7 48871 25803.1 44944.4 68160.1 20144.5 64601.6 38283.8 72803.1 29802.7 45543.2 10768.9 54163.9 56039.4 26482.4 44382.2 6844.71 58433.7 94205.8 48350.8 60560.1 31612.8 9512.62 20338.4 23780.7 54483 15489.7 66597.7 20550.7 40663.6 83100.1 47406.5 89076.4 48800.9 27252.3 65138.4 
27181.1 32409.9 31274.6 40070.6 66822.5 37375.1 42726.3 27762.7 26451.8 80888.3 33979.6 84722.2 33565 74317.8 26624.8 52666.2 45150.5 63421.5 38801.2 50957.4 35784.4 47139 24713 65036.4 17681.9 36904.3 55675.6 49163.6 23343.1 6158.73 74014.2 23170 39667.9 9526.8 38062.3 62400.3 36327 44838.5 41996.3 29125.4 15920.1 78848 12664.9 36235.3 38187.4 55333.6 39218.5 27222.2 70853.4 23136.6 62790.5 16119.9 36593.6 34481.9 51987.9 58376.8 56663.4 41228.8 27136 27166.2 23830.4 58013.5 61288.3 72144.3 37105.3 60276.4 38092.7 33957.2 18353.5 30260.5 47215.5 37355.1 27587.9 47583.3 17304.6 
56103.6 3000 63841.2 68551.1 79215.2 27131.2 77065.8 62094.8 32188.5 110426 1345.36 115184 65126.1 106927 52913.9 73305.7 76410.5 83004.2 6428.84 79094 64416.8 77470.6 12398.8 69187.6 44520.2 68506.4 89807.4 55080.5 27263.5 29358.6 75103.3 57552.2 74765.9 40032 66521.7 78996.2 69903.1 54183.9 75053.9 44406 50569.3 108880 47776.6 24429.5 63649.7 50566.9 74388.8 10423.5 90408 58021.5 89277.4 28966.4 37181.9 57799.7 60869.9 85372.4 90622 17776.7 37525.5 57600.3 56978 89040.3 83206.1 95260.7 70423 84103.8 28221.4 64934.5 42521.2 13583.1 82027.4 10825.9 61874.8 82132.6 18784.3 
33677.4 26315 35260.5 42209.6 64640.9 30709.3 49597 32931 20940.4 83843.9 27938 88055.5 37023.9 78562.1 32605.5 52340.1 48593.1 62998.2 33428.3 57592.5 42360.8 50175.8 18060.2 61127.8 18117.7 40427.8 62562 45157.7 17112 5154.61 69731.6 30092.7 45677.3 15647.4 40152 61157.2 40971.8 41368.7 46352.7 26192.6 22826.5 81985.6 18840.4 29435.4 39090.2 49800.1 45526.4 20577.9 70533.1 29901.5 64503.1 10346.5 31073.6 34470.3 48676.3 60219 63574.4 37487.7 22709.5 33899.9 28096.4 61450.9 61506.5 72867 44087.2 61070.9 31479.7 37123.2 17551.4 26368.5 53926.8 32778.7 34509.9 52960.5 10688.8 
77925.1 101705 42900.5 36246.4 57030.7 88910.1 58772.5 48163.3 75724.8 8309.63 103359 10640.5 40545.3 11604.3 82328.4 41280 28938.6 40333.9 109999 84709.2 79517.9 27312.3 92314.8 73046.3 60253.6 37182.8 60585.1 69255.8 79074.5 79962 81001.5 63639.8 44709.8 76535.5 38240.4 47695.4 39123.4 64687.1 33160.5 63425.5 65818.7 5393.51 63319.9 90215.8 42203 85239.7 48284.6 94459.5 39816.7 60782 21300.2 75778.6 77946.3 48541.2 64175.8 22710.8 62100.3 114889 70408.6 74788 50381.1 16070.5 34821 29404.9 65200.7 30108.1 88613.9 40321 62188.4 103773 53800.1 110109 62486.6 34458.1 86408.9 
27709.4 28666.7 50711.7 60624.5 86159.4 46499.9 51966.5 45684.7 40923.8 100689 29557.6 104125 53434.2 92570.9 23700.2 73206.9 64818.9 83944.3 30168.4 49388.3 35303.5 67128 26800.2 82049.8 38262.4 56646 63806.3 66123.8 36027.2 16614.8 90259.4 34184.9 54605.9 17258.6 58646.4 82497.2 54723.4 62671 60648.6 47700.8 28983.6 98489.1 30224.8 44381.3 58941.5 68647.3 52946.9 28410 91423.5 35922.7 83400.5 30891.6 50527.7 55071.8 70007.1 78955.2 64320.4 26462.2 43734 29928.2 43270.9 77519.4 81991.3 92900.5 44165.4 81032.6 47516.4 54041.2 38464.1 18270.2 57855.3 25901.7 37800.1 64072.2 22587.8 
61823.1 71946.2 22588.7 9300.54 34047.6 57223.9 52970.7 30285.3 44465.8 36083.9 73562.1 41532.6 18923.5 38209.9 65000.1 13515.2 14713.9 20615.5 80620.8 76943.7 66635.2 11625 62560.1 45853 31902.4 17392.5 61237.4 38606.3 48288.8 53634.5 55116.3 47309.2 37270 53885.5 10965.9 24824.4 24648.3 33552.9 21927.2 31924 46035.2 35015.6 41026.5 58636.9 11261 54425.9 40894.3 64495.7 26279.5 44230.9 14534.1 46087.1 46141.1 17259.5 34444.9 10469 62894.3 87039.5 39028.8 59274.7 28217.7 19409.3 15686.9 24151.4 55636.8 12614.3 56889 17492.9 32991.2 76023 51185.6 81543.2 48402.5 32551.8 57483.6 
39590.4 84977.9 33476.7 43292.5 83481.9 84977.9 13970.3 29383.3 70809.7 56456.4 86526.8 56147.1 35723.9 40289.2 44623 62814 34979.4 69896.1 90811.6 37666.6 37040.7 38334.3 77137.9 92639.7 50815.9 34671.6 12587.3 80860.7 70849.5 58333.2 102426 30700.2 15152.9 48681.5 43372 74464 27338.6 75091 27883 63581.4 37240 53421.4 40252.3 84834.3 49978.5 94150.5 13813 79655.8 74256.6 29741 54629.8 64211.2 78566.3 53635.5 79252.3 51315.7 14200.4 90627.7 67643.6 36482.5 35978 38423.2 64306.3 67808.3 22424.3 59797.8 85300.1 37322.6 53989.6 80694.3 7465.25 88389.2 26798.9 17321.7 69750 
12520.8 64820.5 48911.8 62349.1 99597.8 76719 26475.6 41206.9 65989.7 92064.4 65929.4 93282.6 52579.2 78393.2 13946.3 81185 60243.9 91154.6 67134 12433.8 4876.47 63696.2 60495 101898 51616.8 54320.3 33359.4 86641.3 62973 42000.6 111416 24508.2 39160.2 30387.2 61073.7 92795.8 48065.1 81580.5 53103.4 66060 28452.2 89232.8 35203.7 75316 65206.3 94682.9 35557.4 62677 97607.9 27472.2 82439.9 55774.3 76049.8 64870.5 88109 78115.6 33140.3 62218.1 65936.5 13452.9 44366.8 69993.2 87024.4 94860.8 18785.6 84008.2 77507.7 54072.6 53981.2 55220.3 32795.1 62741.5 23122.5 49417.1 53982.3 
53498.6 18013.6 48268.5 50320 58818 11402.2 68702.6 48547.7 11682.9 91645.7 19383 96767.8 48724.7 89982.2 52007.4 52943.2 59266.3 62460.5 26970.4 77462.3 62211.3 59753.7 10407.7 50104.9 27968.6 51939.4 81662.4 35151.8 7433.03 23715.4 57091.9 49529.8 62521.8 35443.1 48380.3 58376.8 54934.3 33736 59325.5 24224.4 42298.5 90336.8 37237.2 9640.02 44563.8 33909.6 63100.1 10904.1 69831.6 48909.4 69762.2 12719.3 17404.6 38411.1 40620.8 66077.5 82775.4 36761.4 17147.9 53849.9 42450 71371.1 62880.2 74982.7 63753.4 64063.1 12369.3 48170.5 25246.4 27917.9 72474.3 29958.8 53907.3 68052.5 12682.3 
60867.9 85104.9 25326.9 20873.4 52595.1 74410.8 43985.1 30518.8 60577.3 25224 86767.4 28248.2 23214.2 19313.2 65115.4 33079.6 11700.4 36834.8 93179 69893.7 63147.8 11132.8 75781 65867.3 43602.3 19811.6 48522.4 58645.1 63370.4 62535.3 74914.7 46359 28702.8 58864.7 22624.1 42947.1 21511.4 53400.4 15575.6 48899.3 48210.4 22766 45657.1 75422.1 28025.2 74303.3 32501.4 78018.6 39668.8 43427.8 19085.1 59393.8 64224.6 34247.5 54663.1 16619.3 50156.7 97581.1 55525.2 57797 32803 2473.86 30852.6 32067 49417.1 25840.3 74252 23207.8 45826 86484 40019.6 93002.6 45556.6 19494.1 69568.4 
34121.1 87929.2 53213.9 65645.8 106011 95374 20771.1 46458.3 82645.3 83493.8 89218 82915.4 56441.6 66900 37958.1 85733.6 59440.1 94101.3 91434.2 16120.8 26438.2 63013.4 82157 112397 64514.3 56649.9 14800.3 98673.2 80939 62579.3 122243 36270.8 36221.5 50756.1 65120.2 97677.1 49036.8 93070.1 51805.9 79039.5 43239.4 80450.4 49239.2 94487.4 70996.5 109654 32619.8 84545.7 99255.3 37732.7 80610.5 73631.6 91990.5 72974.7 98497.9 76934.3 13423.9 87653 81058.6 32534.6 52202.4 65017.3 88901.8 93796.1 21971.3 84795.1 95976.9 58143.7 67501.2 79802.3 22692.7 87520.6 32179 43167.7 75021.9 
70117.1 86272.7 31456 21145.4 41331 71894.6 56035 38344.4 59148.6 21390.2 87903.6 26877.7 28245.5 25895.4 73930.4 23913.4 18080.1 24856.6 94839.5 81610 73503.3 14885.2 76865.1 56288.3 45462.2 25356.9 61532.5 51720 62875.8 66536.1 64719.1 55344.5 40249.2 65123.4 23203.4 31695.1 30259.7 47125.9 25128.7 46625.9 55739.1 20349.4 51837.6 73332.8 25723.5 67701.2 44113.1 78872.9 26695.7 52270.8 5869.41 60316.6 60698 31901.4 46754.7 5208.65 63180.1 100731 53723.9 67234.7 38506.8 11011.4 18904.2 18796.3 60628.2 13823.5 71541.7 27430.8 46939.2 89641.5 52621.7 95482.5 55361.1 32128.6 71477.3 
70793.9 66834.2 34886.2 22796.9 18027.8 47165.3 67264.6 42124.6 37403.9 48811.2 68305.9 55011.3 31594 54836.5 72983.6 5412.95 31866.3 13423.9 75819 89205.9 77063.7 29205.8 57960 28020.3 33609.5 31678.7 76934.4 22806.4 42406.2 54840.3 37304.8 57461.6 52404.7 58821.5 22999.3 11253.9 39321.5 18978.9 38241.3 25500.2 54120.2 48607.9 47857.8 49166.4 17142.1 38734.2 55665.6 59370.9 20897.1 54615.5 25709.9 43008.1 35227.8 17356.6 17503.4 24053.3 78559.6 84276.9 32083.2 68784.1 37673.3 36796.7 14560.2 26537.7 68343.3 17492.9 46545 29891.8 32980.3 73859.7 66549.6 77986.7 59658.4 49458.1 54715.6 
70185.2 46697.4 46024.5 39884.8 30556.5 23035.8 76066.4 50671.7 19749.7 74617.5 47880.7 80648 44257.9 78433.3 70589.9 31395.5 50514.6 38193.5 55420 92563.5 78174 49200 39392.6 21537.9 31599.1 46250.2 87952.9 6100 24993 45049.8 29823.6 60482.2 64354.4 53766.3 38728.4 32348.9 52568.1 7206.94 54324.4 16900.9 54597.6 74156.9 47871.2 25500 32244.8 14905 66554 39940 44759.9 58462.4 51420.8 29789.3 11812.7 26747.9 12119.8 49031.6 89409.7 65789.5 17263 69256.4 44271.2 59414 40651 52347.4 74155.6 43603.9 22165.3 42857.2 28851.3 56838.8 77549 58920.7 64083.9 65437.9 39182.9 
25228.6 78613 55259.8 68569.7 107724 89473.9 25855.9 47717.7 78001.6 92755.2 79745.8 93007.2 58829.2 77330.1 27637.1 88291.6 64418.6 97624.3 81008.8 1513.27 16510.9 68010.9 74007.2 111790 61962.1 59878.5 26847.7 97053.2 75418.1 55101.4 121494 33225.6 41413.2 43250.1 67623.7 100176 52749.2 91730.6 56830.4 76658.7 38916.6 89780.5 45611.1 88222 72652.9 106275 37549.4 76243 103524 35660.2 86501.4 68117.5 87882.3 73363.8 97858.9 82439.4 25988.7 75903.2 77379.1 24965 52247.3 72269.6 92945.7 99439.7 21633.5 89371.7 90208.3 60465 64629.7 69088.7 30718.9 76588.1 30259.2 50477.7 67309 
11706.8 53653.7 27708.8 40916.1 77512.6 59300.1 20961.4 20229.9 46854 74722.2 55098.9 77009.2 31331.3 63652.9 15576.9 59245.7 40410 69375.3 58629.8 30856.1 17266.2 43611.1 46871 80281.3 30230 33521.5 33653.7 65352.1 44889.4 27241.3 89916.1 3195.31 23853.3 16209.9 39484.9 70772 28385.4 60096 34093 44913.8 7294.52 72126.8 13870.8 58404.5 43241.2 74683.7 21592.8 49338.9 76018.2 6198.39 62122.5 37568.2 56498.9 42787.4 66400.8 57673 34503.6 57771 45801.7 9108.24 22435 51656.3 65492.7 74017.3 14598.6 62791.5 59916.7 32695.7 32881.1 48036 26374.6 55798.6 6083.58 34096.5 39545.5 
39464.5 15023.3 52940 60346.4 79566.1 34438.4 61466.4 49654.1 32005.6 101956 16035.3 106089 54947.7 96145.6 36164.3 69442.4 66552.3 79911.3 18146.3 62333.9 47693.4 68249.3 13978.9 73050.5 36147.1 58338.4 73979 57489.1 26627.1 15761 80525.5 42283 61007.9 24329.8 58287.9 77306.8 58210.4 54936.4 63826.4 41521.7 35712.3 100064 34300.1 32076.5 56995.6 57589.7 60110.3 15148.9 87469.4 43200.5 82552.8 23797.7 40509.4 52027.1 62211.6 78302.3 74696.7 19445.6 36051.4 41109.9 45578.2 79431 78907.9 90509.8 54399.4 78800.6 35516.9 55139.2 35201.3 8373.77 66794.3 15610.9 46449.2 69372.1 12506.4 
88377.9 65331.9 58921.6 49104.1 18918 40343.5 90894.4 65014.5 39576.3 74080.6 66359.7 80531.5 56274.8 82261.4 89244 32781.9 59077 33787.1 73727.7 109791 95974.7 56720.8 58716.7 1824.83 48958.5 57298.6 101841 14373.6 44782.6 64670.3 10912.4 77361 77401 72763.3 48700.3 26288 64602.6 18999.2 64720.7 34705.2 72178.2 74436.1 65401.1 43024.9 41986.9 19473.3 80200.1 59010.3 37759.5 74994.7 52004.7 49532.3 30931.7 38625.6 12888.8 51254.4 103400 84672.4 36809 87127.1 59200.1 64584.3 38657.1 47853.3 90245.6 43200.1 39292.9 54638.5 46671.7 76226.2 91320.3 77709.3 80529.3 76120.5 58960.4 
51229.9 20238.8 70640.3 78264.3 95393.5 45494.3 75696.3 66912.8 47410.2 119858 19622.9 123938 72763.3 113695 46887.6 86743 84373.6 97044.7 13994.3 71400.6 58297.9 86133.5 26672.1 86941.9 54028.5 76142.6 87540.3 72101.7 42011.5 33378.1 93423.4 57512.8 77370.1 39778 76205.3 93963 75663.1 70373.9 81382.3 58260.3 51655.8 117945 51335.5 42816.5 74791 69175.9 76051.7 26132.4 104587 58947.5 100413 40810 54333 69659 77435.5 96185 88030.7 3059.41 52142.6 53602 63219.3 97255.3 96357.9 108093 67911.8 96459.1 46608.2 73000 52959 9928.24 81520.6 8285.53 61327 86279.2 29046.2 
39800.1 37082.6 24667.8 28640 51266.5 30619.3 47975.2 25300 16519.7 70569.4 38741.3 75164.7 25358.4 67043.6 40485.1 37844 36393 48538.7 45371.9 62244.8 47751.4 37389.4 27725.3 50194.1 4477.72 28671.4 60627.8 34590.5 16786.3 18939.1 59478.6 30593 39545.7 24229.7 26587.6 47042.5 31311.5 29829.7 35791.2 14054.5 24290.9 68914.1 17681.6 30600 24733 43180.7 40602.1 29954.1 56056 28963.8 50367.2 11403.9 25314.2 19924.9 36792.7 46186.3 61917.5 51210.3 14373.6 38833 18967.6 48960.5 46960.1 58354.1 44729.4 46585.9 30934.3 24993 3008.32 40190.8 50763.2 45838.4 34523.2 44471.7 21855.2 
24191.9 34558.4 52104.7 62901.9 90528.1 52460.5 49508.2 46396.2 46294.9 101948 35374.7 105057 55084 92836.7 19654 76677.6 66188 87433.9 35410.9 44438 31009.7 68732.9 32880.5 87184 41715.3 58158.8 60780 71221.5 41563.7 21045.9 95580.4 33061.9 53888.2 18174.7 60986.1 86408.3 55459.6 67531.4 61427.1 52255.6 28940.1 99624.9 31499.2 50381.7 61896.7 74359.2 51846.4 34497.1 94840.1 35218.5 85666.4 36020.7 56070.4 58488.3 74839.2 81178.4 61159.6 30212.1 48764.7 26815.7 44817.5 78665.2 85142.3 95715.6 41365.2 83865.9 53464.8 55857.4 42300 23404.7 55655.5 30716.8 36200.1 63776.2 28456.5 
62958.6 79503.3 24060.1 14012.1 41532.6 66254.1 50124.3 31085 53045 27941.5 81145.4 32851.8 20808.2 28558 66680.2 21964.1 11154.4 26119.7 87971.4 75332.9 66633.1 7700.65 70092.8 54789.2 38383.9 17973.9 56671.9 48230 56486.2 59215.7 63783.8 48183.4 34194.9 57677.1 16070.2 31916.9 23317.4 43204.6 18634.4 40742.4 48362.8 26443.3 44393.8 67532.6 19513.3 64072.6 38036 72163.3 29821 45096 11088.7 53524.8 55431.4 25853.6 43909.6 7022.82 58334.3 93580.3 47719.3 60126.6 31064.4 9929.75 20235.6 24012.7 54169.8 15446.7 65977.6 19985 40026.2 82475.5 47248.8 88444.6 48400.4 27168 64503.6 
70754.3 92609.4 34344.7 27122.1 50852 79901.2 53484.2 40097.5 66632.1 15641.6 94261.8 19602.3 31780 16226.2 74970 33502.4 20246.7 34248.6 100933 79464.5 73030 18325.1 83214.5 65962.8 51190.7 28469.1 57060.1 61050.1 69951.4 71155.1 74368.3 56207.2 38474.9 68206.9 29120.4 41258.5 31197 56277.6 25333.2 54381.3 57825 13509.3 54915.4 81169.6 33140 77005.5 42234.2 85349.9 35226.4 53253.4 14782.8 66670.6 69046.1 39489 56260.1 14827.3 58657.3 105980 61335.3 67691.8 41797.2 7749.19 28380.5 25918.7 59192.1 23357.4 79624.4 31446 53086.4 94860.3 49160.1 101116 55458.5 28862.6 77358.2 
95342.9 78303.6 61664 49804.6 10139 53807.5 94115.3 68642 50900.4 66259.9 79434.6 72758.5 58489.8 77060.2 96859.3 30387.2 58460.4 26732.8 86918.8 115222 102306 55504.4 71071 12624.6 56158.7 58690.5 103948 25612.7 56301.4 74496.8 15305.2 82980.7 79409.6 81185 49994.9 19815.4 66327.2 28139.7 65146.3 43353.7 78714.7 67131.6 72078.1 56441.6 43885.4 33761.8 82633.8 71630.3 28100.7 80313.4 46208.2 60010.8 43444.7 42497.6 20796.4 46684 105572 97470.8 47178.5 93691.2 63624.2 61127.1 32573 38908.2 94730.4 37632.4 52801.5 56787.7 54454.6 88477.4 93553.5 90581.7 85608.6 76234 70410.2 
60281.8 26913.6 48334.3 47682.8 50164.2 5922.84 72641.6 50151.9 8602.33 87609.7 28070.8 93101.1 48042.6 87845.1 59387.7 46739.8 57512.9 55491.7 35604.6 84037.4 68889.6 57406 20220 40415 28650.5 50974.2 85434.7 25904.4 9765.24 31331.3 47235.6 54269.8 64461.5 42371 45919.1 50700.1 55217.5 25312.6 58846.7 19773 47284.8 86588.8 41397.8 7072.48 41020.2 24226.6 65606.2 20402.2 62634.3 53141.3 64994.2 17066 8008.12 34665.5 31751.5 61688.7 86674.8 46129.9 13036.1 60213.8 43660.6 68819.3 56646.7 68755.4 68623.2 58465.8 6000.83 47172.1 25519.6 37704.1 75710 39207.4 58494.5 68605.3 21914.6 
48949.5 12277.6 63972.8 70817.9 86828.9 37194.1 72082.2 60852 38856.7 112618 12035.4 116898 65859.3 107235 45113.4 78506.4 77439.8 88724.6 9100 70749.4 56725.5 79006.9 18087.8 78414.3 46461.7 69260.5 84392.2 63523.2 33471.2 26936.4 85012 53158 72180.3 35165 68756.4 85508 69360 61798.5 74932.3 49878.4 46761.6 110804 45515.9 34540.7 66981.3 60914.1 71208.5 17600.3 96253.9 54223.2 92687.9 32603.8 45773.9 61670.9 68852.3 88527.3 85028.2 8947.07 43649.7 50936.2 56661.2 90300.9 88191.4 100008 64729.7 88451.2 38311.5 65973.4 45164.3 3224.9 77584.5 4589.12 57230.1 80588.2 20854 
85774.4 86425.6 46955.3 33497 19337.3 66121.1 77218.9 54668.2 56981.8 37627.9 87892.9 44123.6 43292.6 49516.2 88635.1 16662.8 38084.8 6171.71 95411.4 101449 90970.9 34531.3 77547 36962.8 51588.5 41900.5 84665.3 39204.6 62000.3 73412.1 43466.3 71491.9 61358.3 76010.7 34793.7 11970.8 49060.9 36985 45713.1 45049.4 69542.3 38585.2 63922.6 68264.3 31700.2 53943.4 65083.4 78964.9 1772 68445.9 19425 62397.8 54159.9 34770.4 32805.5 21576.1 86329.6 103801 51676.9 83367.7 51921.2 36058.4 8832.33 10323.8 80138.5 12786.3 65417.8 41771.4 51500.4 93294.6 74966.9 97556.2 72809.7 55257.7 74148.3 
73752.6 56856.7 44071 35102.7 19922.3 33940.1 75875.2 49998.6 28348.7 65548.5 58128.5 71768.1 41576.9 71125.4 74864.2 22171.2 45467.4 27600.4 65714.1 94836.3 81180.8 43499.4 48990.8 16183.9 34271 42847.6 86954.2 6171.71 33781.8 51617.8 25958.6 62394.4 62607.7 58737.1 34447.2 21425.5 49963.2 5308.48 50531 20618.4 57387.3 65368 50627.4 36336.9 27669.7 21979.1 65309.4 49817.7 33902.9 59985.4 42470 37121.4 22328.9 23741.3 2282.54 40673.6 88499.5 75633.5 24320.6 72378.5 44141.8 52569.4 30654.5 41967.2 75189.7 34154.1 33103.8 39978.2 32202.5 66174.4 76434.6 68880.8 65503.1 61924.5 47737.8 
75465.8 87995.7 36289.1 24532.6 36458.9 71923.4 62412.3 43540.9 59934.1 22012.7 89597.8 28234.9 32852.5 30642.6 79091.1 21410.5 23768.3 19751.7 96733.1 87825.9 79249.5 20308.9 78637.5 52407.7 48139.9 30291.4 68175.4 49605.8 64064.5 69768.5 60343.2 60701 46546.5 69331.1 26500.2 27040.7 35935.6 45514.1 31156.5 47271.2 60552.9 21897.9 56184.3 73565.8 27440.1 65525 50406.1 80513.7 20468.5 57606.4 1746.42 62235.4 60356.7 33136.1 44134.6 6236.18 69825.6 103290 54430.1 72670.5 42956.4 17660.4 14151 12107.8 66723.6 9552.49 71473.1 31802.7 49236.7 92276.2 59165 97760.5 61006.6 38723.2 73701.1 
52390.2 4632.49 56803.2 61124.9 72320.5 21700.7 71822.6 55448.4 24867.6 102969 6184.66 107771 57949.4 99736.1 49717.8 65859.3 69143.4 75635 13607.7 75958.1 60948 70120.8 5060.63 63086.4 37221.6 61313 84700.9 48498.2 19825.2 23900 69527 52221.5 68492.3 35338.6 59102.6 71775.3 63005.8 47240.3 68028.3 36946 45069.4 101448 41656 19062.5 56147.1 45423.5 68347.7 2906.89 83065.9 52402.3 81763.4 21537.2 30617.8 50284.2 54088.1 77866.6 85605.8 23423.3 30129.4 53539.7 50097.2 81712 75746 87786.7 65616 76600.6 22818.6 57699 35126.2 15811.4 76485.3 16522.1 56610.7 75468.2 12151.1 
63252.9 45736.9 38075.7 32505.5 31403.3 24896.6 68183.6 42718.3 16595.2 69190.3 47100.4 75016.3 36380.4 71759.1 63970.8 26940.9 43100.5 35373.6 54692.3 85215 71044.4 42022 37459.4 26806.2 24129.9 38470.4 80008.3 11094.1 22004.5 39751.9 35980.6 52964.6 56384.7 47452.9 31216 30735.3 44656.1 6774.22 46575.6 9500 47324.1 68489.6 40555.4 26900.2 24945.1 22760.7 58588.8 38486.5 42526.5 50841.3 46129.9 25105.6 12995.8 19131.6 14115.2 43294.5 81471.5 64139.3 12303.7 62148.4 36343.5 52628.2 36741.4 48797.7 66464 38955 24299.2 35012.7 21584.5 54418 69593.4 57501.5 56454.3 57606.7 35794.6 
84810.9 85453.7 46033.9 32572.5 19044.4 65231.3 76399.2 53746.2 56016.1 37758.4 86923.9 44259.8 42373.2 49320.7 87656.7 15643.8 37309.7 5197.11 94438.6 100568 90037 33768.2 76564 36542.2 50569.3 41016.2 83932.4 38440.1 61023.6 72392.3 43222.7 70545.9 60553.8 75001.5 33849.7 11314.6 48208.4 36133.2 44924.5 44059.6 68563 38638.1 62928.7 67362.5 30701.5 53275.2 64268.6 77989.6 2716.62 67503.2 19028.7 61393.2 53267.3 33751.1 32065.6 21002.1 85596.7 102805 50702.5 82413.2 50955.8 35556.3 7937.88 10636.7 79261.2 12080.1 64534.7 40844.2 50481 92291.1 74198.9 96567.6 71887.8 54555 73145.4 
75971.4 55665.1 47746.2 39261.3 21805.7 31831.1 79233.5 53400.8 28140 69814 56853.6 76060.6 45394.4 75526.5 76829.4 26495.5 49695.6 31369.6 64393.9 97526.3 83608.6 47798.4 48249.5 13865.4 36584.3 46810.8 90527.2 2915.48 33512.1 52568.1 23226.3 65126.1 66303.1 60388.7 38524 24803.2 53800.5 6621.93 54588 22291 59820.5 69678.1 53040.7 34354.6 31751.5 17740.6 68899.1 48863.6 37327.7 62826.9 46781.3 37634.7 20785.8 27470.7 3911.52 45049.4 92054 74721.7 24795.2 74747.8 47373.9 56959.4 34743.8 45826.2 78216.4 38392.3 30912.9 43827.5 34260.3 65641 80017.6 67869.3 68393.3 65960.4 47665.6 
85674.3 97577.9 46644.4 34952.1 38787.2 80323 71510.1 53794.1 69025.4 18318.3 99158.3 24763.1 43246.8 32640 89382.3 28632.3 33721.4 23041.9 106396 97214.1 89200.2 30394.9 88276 56142.4 58308.2 40607.5 76268.5 56042.3 73404.8 80059 62957.9 70898.6 55833.5 79770.9 36903.4 30479.5 45921.3 52633.9 40835.4 56384.1 70935.5 19670.3 66621.9 82129.9 37421.4 71608.2 59694 90068 20048.9 67812.2 12175.8 72015.6 68525.4 42804.2 50054.6 16676 77892.4 113289 63510.9 82832.4 53382.1 25335.5 19231.5 9208.69 76303.6 16650.8 79789.8 42225.7 59255.8 102324 67797.5 107631 71031 47249.2 83595.8 
64318.3 68287.9 26351.9 13288 27365.1 51614.9 58216.3 33946.6 39743.4 41769.8 69858.8 47600.1 22809 45563.3 67032.2 6800.74 21636.3 16457.5 77141.5 81177.5 69889.1 18918 59023.5 38241.5 30412 22284.7 67314.6 31184.9 44072.9 52413.5 47589.3 50282.9 42933.7 54362.5 13997.9 18748.9 29920.1 26341 28260.4 27082.3 47940.1 41077.5 42230.3 53244.3 10000 47099.2 46360 60771.5 23407.7 47293.3 18832.2 42930.3 40125.4 13870.8 26816.8 15877.3 68955.8 84418.3 34228.6 62021 30500.7 26989.8 13398.9 24613 60020.3 12985 51179.8 21154 30770.3 73583.3 57042.6 78568.2 51964.3 39340.2 54626.8 
81910.3 70616.2 47401.4 35551.9 6612.11 47940.1 79844.7 54450.7 41622.2 56598 71929 63049.2 44205.2 65234.3 83705.5 16592.2 44459.6 16357.3 79523.8 101237 88609.3 41641.6 62483.3 17100.3 43268.5 44411.9 89670.2 19412.6 47019.7 62997.3 25444.3 69146.2 65124.6 68593.7 35709 8949.3 52043.3 18941 50976.1 31901.4 65217.5 56968.9 58696.3 50343.3 29615 33256.9 68344 63456.6 21148.3 66408.8 34683.1 49438.6 36314.7 28579.2 12920.1 34281.2 91292.1 89164.3 37041.2 80112.2 49597.6 48193.8 21203.8 30642.6 80599.3 25862.7 47093.5 42502.7 41940.2 79407.6 79267.5 82500 71621.8 62147.7 60613.2 
61942.7 19921.1 77806.7 84047.2 96576 44059.6 85796.1 74889.8 49378.2 125960 18552.1 130410 79559.4 121105 57772.1 90244.7 91092.6 100118 10956.3 82626.7 69280.7 92513.9 28812.5 86227.7 59690.5 82965.2 97920.1 72384 44288.3 40971.5 91723.6 67088 86268.2 49117.1 81991 96276.1 83326.5 71545.5 88840.1 61336 60799 124239 59600.8 41379.3 79742.4 66971.8 85260.2 27326.5 107563 68240.2 105480 44942 54504.7 74141.6 78219.8 101432 98486.8 8287.34 54613.6 64157.4 70560 103915 100090 112077 78246.1 100740 45115.4 79592 58108.3 17139.7 91421.7 9800.51 71092.1 94667.5 33567.2 
27518.2 76069.7 32956 45209 85614.8 79188.5 1655.29 26601.7 65591.6 66287.3 77544.4 66738.4 36086.7 51305.5 32526.3 65296.3 39223.1 73702.4 81187.3 26731.6 24560.1 42819.3 68900 92521.6 46312.1 36211.2 11591.8 79310.2 64744.6 49463.2 102381 21123.7 15877.7 38766 44713.5 77237.3 28595.3 73619.6 31557.1 60353 28300 63326.5 32846.9 78685.7 50692.8 91202.7 12193.9 71400.6 78982 21204.2 60818.5 57678.2 74297 53000.4 78705.1 56968.9 12788.3 79975.8 63248.7 24528.4 32758.1 45951.8 68567.7 73935.4 10089.6 64562.9 79651.8 37789.5 49438.5 70506.3 5021.95 78290.7 16758.6 24041 61501.3 
47823.9 59217.1 10751.7 6500 42299.5 48273.4 43200.5 17853 34225.7 48371.3 60869.1 52974.4 7907.59 45710.9 50650.4 22931.4 15152.9 32967.4 67579.4 65024.9 53399.1 15418.5 49821.8 49163.9 17901.1 9512.62 53552.3 37436.3 36943.7 38997.6 59000 33777.1 29041.3 38910.4 4440.72 34694.4 16289 31683.6 17608.2 23095.7 31563.4 46705.2 26184.3 49142.4 7134.42 51641.9 31965.8 51965.9 39733.4 30805.8 29090.4 33284.4 38776.9 10124.2 35638.7 24686.2 55134 73105.7 29328.8 45502.7 13983.2 27045.3 29333.4 39044.8 44075.6 27288.3 48192.2 6306.35 19693.9 62008.1 43046.5 67960.1 35600.1 28723.7 44052.8 
58707.2 66794.2 20204 6989.28 33604.3 52235.2 51919.9 27862.7 39339.5 41199.3 68408 46564.9 16611.1 42467.5 61623.5 13101.5 15931.4 22299.1 75483.6 75030.9 64005.2 13679.5 57412.6 43590 27012 15984.1 61057.8 34912.5 43125.9 48885.7 53133.8 44462.2 36644.2 49731.5 7843.47 25046 23620.5 29601.5 22146.1 26840.5 42547 40062.2 37159.4 53596.5 6140.03 50500.4 40060.1 59338.4 28822.6 41434.3 19602.3 40959.1 41304.4 12103.7 31335.6 15627.2 62695.8 82012.5 33920.2 56307.2 24858.2 23380.5 18353.5 28257.7 53828.1 16414.9 51927.7 14985.7 27958 71021.1 50762.2 76460.3 45958.4 33365.4 52400.9 
90864.3 115784 56942.5 50257.3 66306.1 102387 70115.7 61933 89466.5 9749.36 117435 3635.93 54661.9 17962.7 95414.7 53104 43051.6 50068.2 124112 95674.7 91810.1 41448.3 106386 83329.2 74367.3 51289 70018.3 81304.2 92966.5 94074 90505.5 76876.7 57174.9 90397.4 52271.7 57592.1 52864.4 77100.1 46900.1 77037.7 79473.9 10153.3 77249 103793 55920.4 97230.7 60526 108511 47700.8 74111.1 32828.3 89835.4 91190 62211.3 75819.1 35323.9 71403.4 129025 84091.4 87677 64422.5 30170.5 45260.4 36859.9 77156.5 41164.3 102041 54459 76258.8 117910 64594.5 124249 75396.2 46683.6 100531 
17373.8 37518.3 44384.7 55661.9 85358.4 51763.3 41834.4 38414.7 43527 94059.2 38617.2 97051.2 47485.3 84683.2 13606.6 70425.6 58404.2 81155.5 40105 39728.1 25205.2 61057.1 33768.2 83419.7 35794.6 50472.3 53504.5 67481.8 39363.4 17586.6 92213.9 24882.3 45689.8 10834.2 53801.5 80625.7 47457.5 63340.4 53424.8 47692 20829.1 91692.2 23906.9 49986.6 55216.1 72284 43686.7 35794.6 88458.9 27014.8 78336.8 32946.2 53619.1 52300.1 70536.5 73832 53993.3 36795.2 45154.2 19578 37225.9 70761.1 78529.3 88772.2 33900.1 76971.7 52679.5 48351.3 36843.6 28400.7 47851.9 36131.1 28125.6 55576.3 27925.8 
36546.5 23740.3 37359.1 43559.7 64003.8 27878.7 52630.2 35449.3 18917.2 85375.6 25383.7 89734.1 38918.5 80617.9 35295.3 52592.9 50414.8 63158.9 31202.1 60492.8 45248.2 51833.3 15199 59684.6 19220 42323.2 65598.6 43732.1 14664.9 7170.08 68084.2 33142.3 48436.6 18487.8 41498.2 60960.6 43272.3 40234.9 48526.8 25512.5 25874.5 83594.5 21732.9 26518.7 39964.5 47568.2 48384.8 17710.2 70713.2 32912.3 65570.5 8507.06 28931.8 35009.1 47574.2 61355.1 66617.9 36060.1 21302.6 36854.3 30352.8 63224.8 61952.6 73491.8 47146.6 61765.4 28681.2 38908.2 18159.6 24994.8 56910.6 30971.6 37558.6 55486.7 7937.88 
94857.4 118028 60042.4 52490.4 65349.1 103741 74595.2 65380.9 91150 10621.2 119670 6964.19 57570.1 22702 99338.5 53518.2 46000 49506.6 126473 100260 96056.5 44102.2 108618 82704.8 76791.8 54240.9 74801.1 81635.6 94853.8 96956.1 89488.2 80710 61320.9 93746.9 54534.5 56997.3 56336.8 77684.6 50371.6 78604.3 83025.9 12291.9 80516.6 105251 57703.1 97462.4 64752.1 110685 46431.1 77889.5 33497.8 92049.6 92349.9 63905 75940.8 36496.8 76201.6 131752 85716.8 91691.1 67516.7 33203.9 45098.3 35702.2 81492.1 41376.6 103347 57245.6 78534.8 120632 69174.9 126811 79391.8 50880.3 102957 
38651.8 58990.9 1878.83 13916.9 52616.5 52452.7 33023.8 7559.1 38018.5 51564.4 60653.1 55207.4 4512.21 45140 41938.6 33039.4 15698.4 42709.5 66703.7 54800.1 43615.2 18075.4 49868.8 58948.5 18457 7517.98 43829.2 46281.9 39405.7 35499.3 68807 24154.9 19678.7 32484 12587.7 44901.3 8637.13 40522.8 13103.4 29143.1 23197 49417.1 19159.6 52826.6 17448.5 59454.2 22188.3 52234.9 49128.5 21092.4 35660.9 34106.3 44570.2 19428.1 45200.1 31154.1 45371.5 70589.7 34011.9 36100.6 5866.86 28504.4 38559.3 47106.8 33774.7 35787.4 52580 5700.88 21341 59513.4 33312 66188 25551.9 22022.7 43218.7 
43680.7 36993.1 26502.3 28644.7 48092.6 27900.7 51461.5 28050.3 13523.7 70456.9 38629 75291.6 26690.8 67934.2 44298.6 35735.1 37208.6 46308.7 45574.8 66128.1 51646.2 37842.3 27583 46421.5 6537.58 29869 64012.5 30751.4 14831.4 21603.7 55651.5 34386.3 42372.8 27877.1 26640 44339.3 33319.1 26086.4 37380.5 10295.6 28165.6 68947.9 21523.2 28149.8 23817 39363.4 43655.5 29633.1 53860.7 32671.2 49555 11034.5 21718.7 18369.8 33134.4 45523 65333.4 52238.9 10688.8 42727.6 21539.3 49470.2 45146.2 56796.6 48453 45164.8 28114.4 26091 3400 41376.9 54024.2 46534 38256.2 46647.6 22493.1 
42074.3 80638.7 23890.2 32067 71909.5 77501.6 20209.4 21934.7 63102 46883.7 82254.1 47518.9 25456.8 32483.4 46942.1 51241.1 23263.9 58117.2 87308 46139.1 41930.4 26566.3 72156.8 81691.9 43111.6 23844.7 24060.1 70620.8 63888.2 54585.8 91410.4 29783.4 9069.73 46705.9 32363.3 62796.8 17147.9 64867.6 16450.2 54564.2 34807.6 43931.8 35846.9 77666 39094.8 84559.9 11200.4 74646.4 62462.8 27752.1 42978.7 57799 70005.8 43307.3 68557.9 39568.3 25715.8 88683.3 59363.3 38829.4 28145.5 27116.2 52509.5 56175.8 27133 47999.3 77702.3 26920.8 46201 78158.9 15471.9 85596.7 27054.2 5521.78 64941.6 
19892.7 58478.8 20544.8 34003.5 72380.2 60636 17269.9 12832 47169.2 66127.2 60016.7 68344 24209.9 55007.1 24135.7 53220.3 32289.3 62942 64300.1 34781.7 23546.8 35620.2 50834.8 76873.1 28400.4 25951.5 30162.9 62691.1 46180.6 31810.1 86664.5 5522.68 15493.5 22496.4 32805.6 65013 20120.6 57163.8 25653.5 42895.7 10756.4 63506.6 14301.4 60114 37401.2 73544 13792.8 53350.2 69269.4 3312.1 54300.1 39106.5 56136.4 38029.6 62922.3 49912.1 31338.3 64625.8 45123.9 16901.2 16890.8 43152.1 58674.2 66536.1 14497.2 55616.7 61113.8 25734.4 31431.2 54400.8 21103.8 62024.9 5316.01 25522.5 43425.6 
