75 75 20
777 335 649 27 763 426 211 429 862 135 22 167 11 373 784 324 413 980 862 281 84 505 313 895 814 364 87 178 403 399 676 12 94 570 467 902 652 280 865 619 31 771 709 856 586 683 528 829 270 715 796 245 921 488 841 500 124 856 227 936 437 407 858 237 818 11 776 763 606 818 369 996 470 499 644 
5900 5050 1390 9540 7860 6690 820 5420 4640 1970 5070 3550 8040 3480 6110 6220 8280 2990 3430 7460 
8 11 1 18 16 2 16 4 4 12 10 13 10 0 1 19 8 6 0 16 7 19 12 19 10 6 12 19 4 0 8 4 4 16 4 12 5 0 13 4 1 12 4 13 15 19 5 4 14 4 6 2 9 18 8 3 8 7 9 8 10 3 12 12 8 16 1 8 8 14 3 8 1 19 14 
46.5988 68.43 8.37616 10.0802 50.4251 59.7762 35.6118 14.7679 45.5003 41.607 70.0943 45.1811 6.29682 35.5039 50.3557 29.8304 5.76975 37.968 76.3451 59.8645 50.4216 8.6977 59.1849 59.6735 27.1465 2.95466 44.2485 49.0245 47.6391 45.4912 69.3908 31.8234 19.973 42.2765 10.3788 41.6829 7.36817 43.324 5.72451 34.9693 32.2876 39.415 28.9638 60.4644 17.1493 63.5674 23.5468 61.4867 43.4716 28.7367 27.3 43.0238 50.683 21.9258 46.6275 22.9218 45.8912 80.542 40.8864 43.7715 15.8446 18.4805 32.948 39.683 38.5572 29.2549 59.7656 6.73573 29.6623 69.4496 34.0147 76.0233 32.1399 17.1094 52.7668 
51.1165 21.5335 43.8799 45.8661 55.9031 13.297 65.131 44.363 8.00562 87.259 23.0152 92.3472 44.2821 85.5102 49.9917 49.008 54.7951 58.7241 30.5188 74.9987 59.785 55.2856 12.912 48.3291 23.5763 47.4858 78.0586 32.9006 3.04138 21.7904 55.8488 46.1866 58.4309 33.097 43.921 54.9313 50.5785 30.8759 54.9065 20.14 39.0226 85.9251 33.6364 12.3016 40.1837 33.6788 59.1305 14.089 66.1547 45.3842 65.4856 8.79659 15.8152 34.0736 37.9796 61.7531 79.2122 39.5904 13.2231 51.2388 38.1838 66.9047 58.9196 70.993 60.4954 59.9473 14.0357 43.7127 20.8082 30.0501 68.7032 32.9838 50.5213 63.7459 12.5873 
31.8779 26.1696 36.3688 43.9345 67.1626 32.6075 48.9037 33.5288 23.3754 85.3823 27.7503 89.4723 38.3275 79.6343 30.5485 54.626 49.9316 65.3105 32.7832 55.8424 40.5908 51.6519 18.5003 63.6908 20.1162 41.7195 61.8324 47.7205 19.3507 2.6 72.2732 29.3138 45.8215 13.8235 41.8847 63.5837 41.8306 43.9393 47.3441 28.7367 22.1002 83.4641 18.8215 31.197 41.1127 52.172 45.4533 21.001 72.8344 29.3825 66.3779 12.8016 33.4763 36.6657 51.2458 62.0556 62.7921 36.0636 25.2676 32.2889 29.0658 62.8103 63.7064 74.9771 43.0633 63.1552 33.4201 38.5251 19.7909 24.9634 53.4652 31.7025 33.7251 53.4868 11.1113 
57.1349 77.19 19.0118 12.3369 46.513 65.8818 43.6744 25.4908 52.118 31.1662 78.848 35.2151 16.1988 27.8298 61.0129 26.2122 5.09902 31.8248 85.4172 68.9348 60.5 2.72029 67.8205 58.5764 35.6867 12.9769 50.3532 50.4921 55.0441 55.5042 67.877 42.371 27.7483 52.951 14.1439 37.0601 17.2418 45.14 12.2483 40.3524 43.0704 29.1673 39.6234 66.9248 19.4815 66.0148 31.593 70.0071 36.0285 39.3081 17.4545 51.335 55.6635 25.6868 46.8129 13.4737 52.017 90.32 47.0197 54.2329 26.361 8.91852 26.1079 30.46 47.8152 21.5541 65.7123 15.7892 37.7343 79.2011 40.8354 85.4958 42.3426 20.9246 61.8154 
26.706 49.973 14.6014 26.5 61.8066 48.9612 29.3401 9.62133 35.1369 64.461 51.5947 67.7676 17.7485 56.4989 29.3901 43.7987 28.6665 54.1248 56.8465 46.0409 32.973 31.2712 41.4986 65.0056 16.0016 20.6865 41.9734 50.4971 34.6554 24.3378 74.7329 13.618 22.1639 19.3871 24.8202 55.1806 18.4621 45.0521 24.3288 30.5203 10.3078 62.1908 6.14003 48.659 27.8097 61.1425 22.5009 43.996 60.9861 11.1803 48.8206 27.9115 43.8439 27.0795 51.069 44.3086 43.2601 59.2639 32.8064 24.6028 7.59539 41.2137 50.589 59.9008 26.7526 48.3265 49.3624 18.7321 19.0539 48.3839 32.2025 55.5347 16.7598 29.4308 34.2615 
19.598 45.7957 22.9993 34.8786 68.6896 49.0658 29.4335 17.1143 36.3556 72.6529 47.3426 75.7608 26.2084 63.9038 21.5539 51.5057 36.9789 62.0008 51.7983 41.2273 26.9609 39.6772 38.1578 70.3363 20.0644 29.0998 42.4085 55.1609 34.5984 19.1604 79.8745 10.1833 26.8337 11.4215 33.1453 62.5953 26.184 50.033 32.145 34.6225 3.26497 70.3154 3.66742 48.3037 35.6439 64.1564 25.9946 40.6709 69.0047 9.7 57.2805 27.3247 45.9576 34.1088 56.551 52.7684 43.4623 52.8623 35.2666 18.111 16.0431 49.3617 58.7069 68.2599 24.5204 56.621 49.6397 27.193 22.5397 42.3132 33.7593 49.7981 14.5279 35.6438 30.747 
63.607 82.8803 25.607 17.36 45.3944 70.3036 49.0494 32.0744 56.9196 24.852 84.5308 29.3082 22.6991 24.1746 67.5457 26.1964 11.676 29.5677 91.2415 74.645 66.7396 9.005 73.4804 59.0407 41.5173 19.5451 54.6978 52.6308 60.1924 61.8205 67.9488 48.8628 33.2746 59.533 19.3659 35.7326 23.6603 47.5946 18.3044 44.7487 49.6795 23.0534 46.205 71.5196 23.5053 68.4685 37.1383 75.604 32.5518 45.8144 12.3471 56.9281 59.6108 29.8613 48.2933 9.40691 56.3507 96.4813 51.6537 60.6704 32.9164 5.66127 23.5866 25.5362 53.7061 18.5852 70.0541 22.1606 43.3545 85.3628 45.6745 91.5154 48.6815 25.224 67.6897 
86.226 78.2077 49.7897 36.967 5.30848 55.8574 81.8841 57.2177 48.9948 51.4024 79.5527 57.9042 46.3435 61.7992 88.3801 16.8808 44.5587 11.4726 87.1483 104.424 92.4658 41.3734 69.8978 22.8569 48.6121 45.9656 90.8944 27.3929 54.3401 69.2142 29.5007 72.8485 66.5956 73.9522 37.5586 5.02096 53.6004 26.6987 51.6568 38.5523 69.5484 52.1177 63.2539 58.2344 32.2926 40.8803 70.0406 70.9687 14.073 69.9769 30.948 56.2612 44.159 32.7434 20.901 31.5484 92.5426 96.5585 44.1902 84.2136 53.0232 46.114 17.3349 24.424 83.4245 22.4147 55.0245 44.6598 47.6605 86.6125 80.6819 89.968 74.9486 62.3939 67.6605 
87.7262 81.9923 50.3718 37.191 9.28924 60.0243 82.0478 57.947 52.646 47.8006 83.3665 54.3004 46.824 59.0435 90.0961 17.3819 43.9068 9.22009 90.9563 105.19 93.6667 40.5622 73.5367 27.1649 50.9318 46.1187 90.5563 31.7591 57.9351 71.9809 33.2866 74.0293 66.5114 76.1447 38.0158 6.10082 53.668 30.7508 51.2466 41.7594 71.1231 48.6837 64.9986 62.361 33.3314 45.401 70.0646 74.6898 9.84784 71.0921 28.3494 59.4855 48.2432 34.5939 25.2507 29.521 92.2139 100.15 47.6942 85.5894 54.1709 44.2159 15.199 20.5119 84.0401 20.2566 59.2143 45.1736 50.2168 90.0569 80.4915 93.6296 75.8963 61.6445 71.0144 
72.3398 41.4309 52.5298 47.8302 38.2205 16.3248 80.9925 56.3298 19.1024 83.6373 42.4062 89.6315 51.1825 87.0028 72.1168 40.4728 58.4069 47.1246 49.7278 95.5055 80.6816 57.3614 35.399 25.8436 35.7834 53.4835 93.294 13.7441 23.3122 44.9588 32.0702 64.153 70.4115 55.0142 46.5001 41.0278 59.2868 16.289 61.6127 21.9829 57.7218 83.1293 51.2191 19.0074 40.284 9.84124 72.279 35.4109 53.5178 62.4662 60.4468 29.6811 8.94036 34.4 20.2549 57.9652 94.681 60.8185 19.2042 71.8022 49.7668 67.9012 49.7181 61.3609 78.2491 52.6818 15.2778 49.912 32.7226 52.8305 83.0615 53.8301 68.053 72.4553 36.8572 
81.9421 84.9172 42.8911 29.4771 22.2324 65.5534 72.7902 50.598 55.6127 34.5023 86.4223 41.0005 39.2237 45.4357 84.9301 14.4534 33.5872 6.13514 93.8801 97.1817 86.9416 30.0177 75.8846 39.2594 48.7516 37.6789 80.1041 39.702 60.4623 70.7091 46.413 67.5444 56.9025 72.7473 30.8877 13.5518 44.7261 36.857 41.234 43.3555 65.8595 35.1962 60.414 67.5794 28.3487 54.9758 60.6473 77.4164 6.26817 64.4802 14.9893 60.3518 53.5989 32.0052 33.506 16.9729 81.7683 101.881 50.2021 79.4703 48.1348 31.4986 5.03587 8.422 75.8665 8.2365 64.9126 37.7465 48.8993 91.229 70.4478 95.7767 68.7255 50.6741 72.1202 
25.205 78.8923 46.513 59.4526 99.4065 86.5047 15.0685 39.3402 73.9596 81.4039 80.1901 81.5275 49.9268 65.8046 29.2479 79.456 54.3118 88.3247 82.5039 12.1433 17.9477 57.9173 73.0978 104.887 56.2403 50.5475 15.7813 90.7939 72.1012 53.5284 114.701 27.6284 30.9919 41.6965 58.7212 91.4088 43.1181 85.2658 46.6503 70.8755 34.4362 78.4125 40.6123 85.5694 64.2448 101.301 27.1649 75.4852 93.8844 29.3425 76.1252 64.7791 83.4341 65.71 90.9449 72.2015 15.198 79.0142 72.5702 23.5032 44.6655 61.3714 83.3816 89.1964 13.6235 79.5521 87.1271 51.6113 59.1585 70.9373 19.3023 78.6824 23.7261 39.4443 65.971 
55.0058 10.2591 67.8832 73.8355 86.964 35.4069 77.7229 65.2805 39.4077 115.76 9.20869 120.26 69.5301 111.18 51.261 80.077 81.0247 90.0254 3.11448 76.9788 62.8765 82.3772 18.6531 77.3742 49.4977 72.9353 90.1574 63.0515 34.2235 31.484 83.4001 58.5875 77.1176 40.6247 71.7814 86.3385 73.5568 61.8852 78.9821 51.1895 51.9879 114.064 50.226 32.7055 69.4822 58.887 76.3345 17.3459 97.4949 59.4829 95.2194 34.6808 45.1462 63.8834 68.7108 91.1751 90.8351 9.4921 44.5543 56.9077 60.7166 93.8182 89.9005 101.866 70.5269 90.5001 36.5034 69.5156 47.8682 9.35361 83.094 2.80179 62.7441 85.189 23.3414 
72.1366 95.8301 36.8209 30.5177 54.5279 83.5733 53.7075 42.1247 70.1942 13.7928 97.4867 16.7108 34.489 12.4664 76.4829 37.4001 22.879 37.8725 104.073 79.7031 73.9757 21.3694 86.4517 69.8041 54.3394 31.1193 56.3916 64.958 73.4064 73.9032 78.1461 57.7603 39.2094 70.4693 32.478 44.972 33.1006 60.1708 27.1465 58.0259 59.8021 11.1893 57.2451 84.8009 36.7793 80.9106 42.8674 88.6201 38.4708 54.8731 18.3927 69.94 72.8006 43.1351 60.1699 18.7096 57.9539 108.855 64.9357 69.022 44.3018 10.0005 32.0632 28.7618 59.8348 27.0852 83.3142 34.2953 56.3401 97.7422 49.0251 104.117 56.7324 29.1686 80.4709 
52.7595 20.363 71.9156 79.4003 96.0026 45.6799 77.2094 68.2643 48.0463 121.046 19.6306 125.164 74.0024 115.01 48.4162 87.6269 85.6114 97.8853 13.5565 72.9 59.8228 87.3375 27.2209 87.3011 55.1262 77.3866 89.0647 72.5728 42.6691 34.6508 93.6582 58.9924 78.8054 41.2312 77.3401 94.7103 76.9896 70.9559 82.6918 59.0596 53.1008 119.152 52.7034 42.9913 75.8322 69.3149 77.5103 26.5481 105.42 60.4074 101.483 41.6965 54.7571 70.6417 77.9775 97.2733 89.5572 1.74929 52.8546 55.1294 64.5069 98.4927 97.2754 109.046 69.4338 97.4397 46.79 74.2182 53.9963 10.9293 83.0244 8.10247 62.8199 87.6751 29.9282 
39.6773 14.3402 50.2802 57.2106 75.8555 31.295 60.5913 47.3858 28.3143 98.9452 15.6387 103.187 52.1391 93.5637 36.7614 65.8727 63.7191 76.3081 19.2585 63.0157 48.1215 65.3028 11.1288 69.4102 32.9097 55.5407 73.2713 53.8139 22.9491 13.5518 76.9604 41.1705 59.2231 23.4691 55.1494 73.6369 55.7653 51.2282 61.2824 37.844 34.3431 97.1078 32.2967 29.0227 53.6448 54.2137 58.5352 12.7142 83.8651 41.839 79.2707 20.1308 36.9287 48.5675 58.5069 75.0552 74.0623 22.3958 32.3394 41.0585 43.0029 76.5813 75.3834 87.0368 53.8372 75.3608 32.3544 52.2552 31.8159 11.3004 65.7001 17.7629 45.4424 67.2628 8.80057 
81.4205 100.639 44.2747 35.3058 50.1294 86.007 64.1253 50.4448 73.4635 7.26154 102.273 13.4536 41.4162 19.965 85.5767 36.1964 30.2076 33.6024 109.181 90.1222 83.7929 27.7218 91.23 66.763 59.6795 38.2426 67.1293 64.396 77.248 80.424 74.2825 66.8147 49.2318 78.2177 37.3664 41.1005 41.6819 60.2322 35.9071 60.8935 68.151 7.30274 64.8908 87.5187 40.1015 80.321 52.9794 93.2486 32.2095 63.832 15.9424 74.6738 74.6373 46.2473 58.9207 18.7627 68.6948 114.884 68.0165 78.3786 51.6236 18.3967 28.5188 21.5362 69.9449 24.2792 85.6154 40.8534 61.2518 103.778 59.6232 109.737 66.171 39.5062 85.7685 
80.6283 83.9215 41.5769 28.1619 22.5391 64.7716 71.522 49.2842 54.66 34.3421 85.4338 40.8276 37.9095 44.8108 83.6212 13.4302 32.3415 6.0407 92.8774 95.8833 85.6272 28.7793 74.8615 39.3041 47.537 36.3732 78.8977 39.2209 59.4713 69.5072 46.6618 66.2291 55.6421 71.4738 29.5736 13.5624 43.4356 36.22 39.9811 42.3473 64.5524 34.9242 59.119 66.769 27.078 54.6155 59.3809 76.4152 7.4793 63.1649 14.1778 59.2626 52.8289 30.8133 33.0968 15.9176 80.562 100.802 49.2319 78.1554 46.8236 30.5164 3.7855 8.98109 74.5682 7.01783 64.1458 36.4314 47.7205 90.1264 69.2142 94.7254 67.4125 49.4899 71.0294 
35.5883 83.2169 35.2817 46.1785 86.6386 84.8311 9.70979 30.1617 70.8929 61.7882 84.7257 61.5832 37.92 45.7525 40.5938 66.0307 38.6291 73.6033 88.6384 32.2093 32.2964 42.1038 75.7338 94.9678 51.1258 37.3134 8.10247 82.5826 70.5127 56.535 104.802 28.3388 16.7631 46.2517 46.0404 77.8261 29.731 76.8274 31.2194 64.5291 35.2881 58.7621 39.1104 84.5138 52.4605 95.3157 14.2271 78.2474 78.2812 27.9034 59.0529 63.6431 79.1091 55.6103 81.3764 55.5591 9.76524 87.7944 68.0924 32.596 36.6951 43.1654 68.1487 72.253 18.14 63.7907 85.2214 39.5824 54.2996 78.1601 3.82099 85.9196 24.1323 21.5139 68.3231 
16.6676 39.9472 47.0608 58.6615 88.94 55.1609 42.0595 40.7967 47.1631 96.4739 40.9542 99.2948 50.2594 86.5938 12.2188 73.8017 60.9824 84.5151 41.8766 37.6808 23.7255 63.7358 36.7784 87.0959 39.3041 53.1629 53.2538 71.1587 42.9441 21.2144 95.8893 26.284 47.1546 14.1032 56.8356 84.1072 49.7756 67.009 55.728 51.3491 23.0766 94.0503 26.8034 53.3279 58.4734 75.8834 44.908 38.7114 91.7829 28.681 81.251 36.5903 57.2399 55.7152 74.1989 76.7407 53.6328 37.548 48.8289 19.3023 40.0406 73.179 81.7832 91.8835 33.8671 80.1152 56.0932 51.195 40.4283 29.9713 48.2597 37.5481 29.1158 57.2536 31.2123 
14.4028 47.1454 27.0512 39.473 73.8806 52.7273 27.3732 20.4083 40.5765 76.0529 48.6181 78.8504 30.4473 66.3429 16.4757 56.5533 40.7303 66.9915 52.4223 36.5 21.9456 43.6261 40.1908 75.4432 25.1575 33.1313 40.2045 60.1805 38.371 20.601 84.9462 7.88543 27.7238 10.1769 37.816 67.7213 29.3394 55.1132 35.2854 39.6081 2.74591 73.6115 8.86397 51.7731 40.6341 68.7677 26.1725 42.6676 73.9279 9.07359 61.6015 31.0368 50.3811 39.272 61.6883 57.0959 41.1078 52.2802 39.8784 13.0419 20.5412 52.7684 63.5662 72.8717 21.3235 61.3236 53.3683 31.5674 27.5224 42.1816 32.4211 49.8703 12.1696 37.3363 32.8466 
3.50143 50.5811 39.6294 52.5009 87.1532 61.5202 28.8647 32.3883 50.9848 87.145 51.8021 89.3714 43.1724 75.7852 3.21403 69.9201 52.716 80.3293 53.8182 27.0897 11.9218 55.8464 45.6232 88.0278 37.9289 45.5862 39.9242 72.4859 47.8235 26.8287 97.3717 15.6218 35.7022 15.2003 50.9251 81.0919 40.7708 67.6491 46.5124 51.9317 15.9524 84.54 22.1163 60.1233 53.9812 79.7979 32.9803 47.8784 87.2152 18.5852 74.2111 40.6677 61.0966 52.6149 74.431 69.7323 40.3218 50.598 51.229 5.99416 33.6292 64.0815 76.8044 85.8308 20.573 74.4067 62.3108 44.4221 39.9782 42.2342 35.1712 49.9901 17.1965 46.1339 38.9307 
71.4857 84.091 32.2248 20.3541 36.0185 68.5207 59.0823 39.5506 56.2601 24.8294 85.7007 30.7748 28.7543 31.1264 75.0558 19.078 20.0731 19.5563 92.7936 84.3007 75.4227 16.5339 74.7163 51.1258 44.0324 26.2688 65.3536 47.161 60.278 65.615 59.4643 56.7353 43.1602 65.1621 22.3231 26.3883 32.1498 42.7908 27.6053 43.6194 56.4547 24.287 52.0286 70.0904 23.444 63.1383 47.0048 76.6243 21.7793 53.6373 2.43516 58.2701 57.0828 29.2742 41.9752 2.1095 67.0119 99.2261 50.7726 68.721 38.8197 15.8142 13.593 15.0526 63.1197 8.50941 68.1065 27.6725 45.1864 88.198 56.0942 93.7436 57.1504 35.8258 69.6839 
66.5114 101.473 40.8001 41.282 73.518 93.9417 43.1936 42.6898 79.6972 29.2159 103.129 27.1459 40.2313 11.1973 71.3886 54.5736 30.7883 57.2114 108.866 67.9353 65.9194 31.8 92.4672 87.4098 60.9926 37.1171 41.5394 80.125 81.7524 76.6086 96.3382 53.9713 33.1042 70.1128 42.707 63.8424 34.5254 74.7819 29.6233 68.8523 58.3275 26.2269 58.1124 94.6618 48.8296 95.6471 35.6432 94.861 58.6963 51.6977 38.0171 76.7672 84.4863 54.7691 76.2685 36.977 42.873 111.482 75.0187 63.2665 47.4504 22.7337 51.2299 49.3199 50.9828 46.1313 93.9047 40.9236 63.6883 100.657 37.1571 107.797 51.4659 23.2362 85.644 
30.1798 60.8905 10.4695 23.8466 63.2367 58.5888 22.6055 3.28024 44.3677 56.4235 62.5135 59.0745 14.0577 46.708 34.127 43.5139 21.8673 52.9029 67.7342 44.3695 34.0019 25.1448 52.3622 69.2527 24.3647 15.5029 34.0544 56.0247 44.601 35.1241 79.1094 15.4208 11.6004 28.6484 22.8353 55.4239 9.82344 50.3182 15.6371 37.5311 17.2534 53.9189 16.4514 58.5342 28.068 68.344 12.8445 54.8513 59.0377 12.3762 43.8005 38.2259 52.2027 29.7713 55.4044 39.4081 35.5237 69.7986 41.2331 27.2971 9.6933 33.2175 48.4335 56.0511 23.2131 45.2252 58.8863 15.678 27.5394 59.0333 23.6637 66.2967 15.7035 18.6253 45.1602 
19.145 61.919 23.6783 37.0946 76.0945 64.8501 13.1034 16.0639 51.4636 67.0075 63.4275 68.832 27.2971 54.8942 23.8403 56.6499 34.3286 66.1445 67.4259 31.1849 21.2038 37.7895 54.5235 80.9973 32.7391 28.67 26.064 66.9341 50.3796 35.2393 90.8058 7.18679 14.7492 25.173 36.0436 68.5169 22.1578 61.3815 27.2413 47.2128 13.9918 64.2893 18.3967 64.28 40.9898 77.881 12.1017 57.0317 72.28 6.71863 56.5347 43.2561 60.4706 41.9609 67.0518 52.2304 27.1827 67.145 49.4619 15.9411 20.8339 44.4042 61.676 69.0429 10.3711 58.3977 65.3441 28.8979 35.7728 57.1841 17.4797 64.8901 3.78021 25.2295 47.1153 
63.4039 80.1424 24.5752 14.6455 41.7824 66.8768 50.3549 31.552 53.6792 27.3035 81.7847 32.2126 21.3506 28.0209 67.1488 22.3394 11.5156 26.2528 88.6086 75.6229 67.0191 8.12219 70.732 55.1776 39.0155 18.4816 56.7723 48.7453 57.1253 59.8248 64.1363 48.6277 34.4363 58.2344 16.7027 32.1503 23.7034 43.7425 18.9264 41.3697 48.871 25.8031 44.9444 68.1601 20.1445 64.6016 38.2838 72.8031 29.8027 45.5432 10.7689 54.1639 56.0394 26.4824 44.3822 6.84471 58.4337 94.2058 48.3508 60.5601 31.6128 9.51262 20.3384 23.7807 54.483 15.4897 66.5977 20.5507 40.6636 83.1001 47.4065 89.0764 48.8009 27.2523 65.1384 
27.1811 32.4099 31.2746 40.0706 66.8225 37.3751 42.7263 27.7627 26.4518 80.8883 33.9796 84.7222 33.565 74.3178 26.6248 52.6662 45.1505 63.4215 38.8012 50.9574 35.7844 47.139 24.713 65.0364 17.6819 36.9043 55.6756 49.1636 23.3431 6.15873 74.0142 23.17 39.6679 9.5268 38.0623 62.4003 36.327 44.8385 41.9963 29.1254 15.9201 78.848 12.6649 36.2353 38.1874 55.3336 39.2185 27.2222 70.8534 23.1366 62.7905 16.1199 36.5936 34.4819 51.9879 58.3768 56.6634 41.2288 27.136 27.1662 23.8304 58.0135 61.2883 72.1443 37.1053 60.2764 38.0927 33.9572 18.3535 30.2605 47.2155 37.3551 27.5879 47.5833 17.3046 
56.1036 3 63.8412 68.5511 79.2152 27.1312 77.0658 62.0948 32.1885 110.426 1.34536 115.184 65.1261 106.927 52.9139 73.3057 76.4105 83.0042 6.42884 79.094 64.4168 77.4706 12.3988 69.1876 44.5202 68.5064 89.8074 55.0805 27.2635 29.3586 75.1033 57.5522 74.7659 40.032 66.5217 78.9962 69.9031 54.1839 75.0539 44.406 50.5693 108.88 47.7766 24.4295 63.6497 50.5669 74.3888 10.4235 90.408 58.0215 89.2774 28.9664 37.1819 57.7997 60.8699 85.3724 90.622 17.7767 37.5255 57.6003 56.978 89.0403 83.2061 95.2607 70.423 84.1038 28.2214 64.9345 42.5212 13.5831 82.0274 10.8259 61.8748 82.1326 18.7843 
33.6774 26.315 35.2605 42.2096 64.6409 30.7093 49.597 32.931 20.9404 83.8439 27.938 88.0555 37.0239 78.5621 32.6055 52.3401 48.5931 62.9982 33.4283 57.5925 42.3608 50.1758 18.0602 61.1278 18.1177 40.4278 62.562 45.1577 17.112 5.15461 69.7316 30.0927 45.6773 15.6474 40.152 61.1572 40.9718 41.3687 46.3527 26.1926 22.8265 81.9856 18.8404 29.4354 39.0902 49.8001 45.5264 20.5779 70.5331 29.9015 64.5031 10.3465 31.0736 34.4703 48.6763 60.219 63.5744 37.4877 22.7095 33.8999 28.0964 61.4509 61.5065 72.867 44.0872 61.0709 31.4797 37.1232 17.5514 26.3685 53.9268 32.7787 34.5099 52.9605 10.6888 
77.9251 101.705 42.9005 36.2464 57.0307 88.9101 58.7725 48.1633 75.7248 8.30963 103.359 10.6405 40.5453 11.6043 82.3284 41.28 28.9386 40.3339 109.999 84.7092 79.5179 27.3123 92.3148 73.0463 60.2536 37.1828 60.5851 69.2558 79.0745 79.962 81.0015 63.6398 44.7098 76.5355 38.2404 47.6954 39.1234 64.6871 33.1605 63.4255 65.8187 5.39351 63.3199 90.2158 42.203 85.2397 48.2846 94.4595 39.8167 60.782 21.3002 75.7786 77.9463 48.5412 64.1758 22.7108 62.1003 114.889 70.4086 74.788 50.3811 16.0705 34.821 29.4049 65.2007 30.1081 88.6139 40.321 62.1884 103.773 53.8001 110.109 62.4866 34.4581 86.4089 
27.7094 28.6667 50.7117 60.6245 86.1594 46.4999 51.9665 45.6847 40.9238 100.689 29.5576 104.125 53.4342 92.5709 23.7002 73.2069 64.8189 83.9443 30.1684 49.3883 35.3035 67.128 26.8002 82.0498 38.2624 56.646 63.8063 66.1238 36.0272 16.6148 90.2594 34.1849 54.6059 17.2586 58.6464 82.4972 54.7234 62.671 60.6486 47.7008 28.9836 98.4891 30.2248 44.3813 58.9415 68.6473 52.9469 28.41 91.4235 35.9227 83.4005 30.8916 50.5277 55.0718 70.0071 78.9552 64.3204 26.4622 43.734 29.9282 43.2709 77.5194 81.9913 92.9005 44.1654 81.0326 47.5164 54.0412 38.4641 18.2702 57.8553 25.9017 37.8001 64.0722 22.5878 
61.8231 71.9462 22.5887 9.30054 34.0476 57.2239 52.9707 30.2853 44.4658 36.0839 73.5621 41.5326 18.9235 38.2099 65.0001 13.5152 14.7139 20.6155 80.6208 76.9437 66.6352 11.625 62.5601 45.853 31.9024 17.3925 61.2374 38.6063 48.2888 53.6345 55.1163 47.3092 37.27 53.8855 10.9659 24.8244 24.6483 33.5529 21.9272 31.924 46.0352 35.0156 41.0265 58.6369 11.261 54.4259 40.8943 64.4957 26.2795 44.2309 14.5341 46.0871 46.1411 17.2595 34.4449 10.469 62.8943 87.0395 39.0288 59.2747 28.2177 19.4093 15.6869 24.1514 55.6368 12.6143 56.889 17.4929 32.9912 76.023 51.1856 81.5432 48.4025 32.5518 57.4836 
39.5904 84.9779 33.4767 43.2925 83.4819 84.9779 13.9703 29.3833 70.8097 56.4564 86.5268 56.1471 35.7239 40.2892 44.623 62.814 34.9794 69.8961 90.8116 37.6666 37.0407 38.3343 77.1379 92.6397 50.8159 34.6716 12.5873 80.8607 70.8495 58.3332 102.426 30.7002 15.1529 48.6815 43.372 74.464 27.3386 75.091 27.883 63.5814 37.24 53.4214 40.2523 84.8343 49.9785 94.1505 13.813 79.6558 74.2566 29.741 54.6298 64.2112 78.5663 53.6355 79.2523 51.3157 14.2004 90.6277 67.6436 36.4825 35.978 38.4232 64.3063 67.8083 22.4243 59.7978 85.3001 37.3226 53.9896 80.6943 7.46525 88.3892 26.7989 17.3217 69.75 
12.5208 64.8205 48.9118 62.3491 99.5978 76.719 26.4756 41.2069 65.9897 92.0644 65.9294 93.2826 52.5792 78.3932 13.9463 81.185 60.2439 91.1546 67.134 12.4338 4.87647 63.6962 60.495 101.898 51.6168 54.3203 33.3594 86.6413 62.973 42.0006 111.416 24.5082 39.1602 30.3872 61.0737 92.7958 48.0651 81.5805 53.1034 66.06 28.4522 89.2328 35.2037 75.316 65.2063 94.6829 35.5574 62.677 97.6079 27.4722 82.4399 55.7743 76.0498 64.8705 88.109 78.1156 33.1403 62.2181 65.9365 13.4529 44.3668 69.9932 87.0244 94.8608 18.7856 84.0082 77.5077 54.0726 53.9812 55.2203 32.7951 62.7415 23.1225 49.4171 53.9823 
53.4986 18.0136 48.2685 50.32 58.818 11.4022 68.7026 48.5477 11.6829 91.6457 19.383 96.7678 48.7247 89.9822 52.0074 52.9432 59.2663 62.4605 26.9704 77.4623 62.2113 59.7537 10.4077 50.1049 27.9686 51.9394 81.6624 35.1518 7.43303 23.7154 57.0919 49.5298 62.5218 35.4431 48.3803 58.3768 54.9343 33.736 59.3255 24.2244 42.2985 90.3368 37.2372 9.64002 44.5638 33.9096 63.1001 10.9041 69.8316 48.9094 69.7622 12.7193 17.4046 38.4111 40.6208 66.0775 82.7754 36.7614 17.1479 53.8499 42.45 71.3711 62.8802 74.9827 63.7534 64.0631 12.3693 48.1705 25.2464 27.9179 72.4743 29.9588 53.9073 68.0525 12.6823 
60.8679 85.1049 25.3269 20.8734 52.5951 74.4108 43.9851 30.5188 60.5773 25.224 86.7674 28.2482 23.2142 19.3132 65.1154 33.0796 11.7004 36.8348 93.179 69.8937 63.1478 11.1328 75.781 65.8673 43.6023 19.8116 48.5224 58.6451 63.3704 62.5353 74.9147 46.359 28.7028 58.8647 22.6241 42.9471 21.5114 53.4004 15.5756 48.8993 48.2104 22.766 45.6571 75.4221 28.0252 74.3033 32.5014 78.0186 39.6688 43.4278 19.0851 59.3938 64.2246 34.2475 54.6631 16.6193 50.1567 97.5811 55.5252 57.797 32.803 2.47386 30.8526 32.067 49.4171 25.8403 74.252 23.2078 45.826 86.484 40.0196 93.0026 45.5566 19.4941 69.5684 
34.1211 87.9292 53.2139 65.6458 106.011 95.374 20.7711 46.4583 82.6453 83.4938 89.218 82.9154 56.4416 66.9 37.9581 85.7336 59.4401 94.1013 91.4342 16.1208 26.4382 63.0134 82.157 112.397 64.5143 56.6499 14.8003 98.6732 80.939 62.5793 122.243 36.2708 36.2215 50.7561 65.1202 97.6771 49.0368 93.0701 51.8059 79.0395 43.2394 80.4504 49.2392 94.4874 70.9965 109.654 32.6198 84.5457 99.2553 37.7327 80.6105 73.6316 91.9905 72.9747 98.4979 76.9343 13.4239 87.653 81.0586 32.5346 52.2024 65.0173 88.9018 93.7961 21.9713 84.7951 95.9769 58.1437 67.5012 79.8023 22.6927 87.5206 32.179 43.1677 75.0219 
70.1171 86.2727 31.456 21.1454 41.331 71.8946 56.035 38.3444 59.1486 21.3902 87.9036 26.8777 28.2455 25.8954 73.9304 23.9134 18.0801 24.8566 94.8395 81.61 73.5033 14.8852 76.8651 56.2883 45.4622 25.3569 61.5325 51.72 62.8758 66.5361 64.7191 55.3445 40.2492 65.1234 23.2034 31.6951 30.2597 47.1259 25.1287 46.6259 55.7391 20.3494 51.8376 73.3328 25.7235 67.7012 44.1131 78.8729 26.6957 52.2708 5.86941 60.3166 60.698 31.9014 46.7547 5.20865 63.1801 100.731 53.7239 67.2347 38.5068 11.0114 18.9042 18.7963 60.6282 13.8235 71.5417 27.4308 46.9392 89.6415 52.6217 95.4825 55.3611 32.1286 71.4773 
70.7939 66.8342 34.8862 22.7969 18.0278 47.1653 67.2646 42.1246 37.4039 48.8112 68.3059 55.0113 31.594 54.8365 72.9836 5.41295 31.8663 13.4239 75.819 89.2059 77.0637 29.2058 57.96 28.0203 33.6095 31.6787 76.9344 22.8064 42.4062 54.8403 37.3048 57.4616 52.4047 58.8215 22.9993 11.2539 39.3215 18.9789 38.2413 25.5002 54.1202 48.6079 47.8578 49.1664 17.1421 38.7342 55.6656 59.3709 20.8971 54.6155 25.7099 43.0081 35.2278 17.3566 17.5034 24.0533 78.5596 84.2769 32.0832 68.7841 37.6733 36.7967 14.5602 26.5377 68.3433 17.4929 46.545 29.8918 32.9803 73.8597 66.5496 77.9867 59.6584 49.4581 54.7156 
70.1852 46.6974 46.0245 39.8848 30.5565 23.0358 76.0664 50.6717 19.7497 74.6175 47.8807 80.648 44.2579 78.4333 70.5899 31.3955 50.5146 38.1935 55.42 92.5635 78.174 49.2 39.3926 21.5379 31.5991 46.2502 87.9529 6.1 24.993 45.0498 29.8236 60.4822 64.3544 53.7663 38.7284 32.3489 52.5681 7.20694 54.3244 16.9009 54.5976 74.1569 47.8712 25.5 32.2448 14.905 66.554 39.94 44.7599 58.4624 51.4208 29.7893 11.8127 26.7479 12.1198 49.0316 89.4097 65.7895 17.263 69.2564 44.2712 59.414 40.651 52.3474 74.1556 43.6039 22.1653 42.8572 28.8513 56.8388 77.549 58.9207 64.0839 65.4379 39.1829 
25.2286 78.613 55.2598 68.5697 107.724 89.4739 25.8559 47.7177 78.0016 92.7552 79.7458 93.0072 58.8292 77.3301 27.6371 88.2916 64.4186 97.6243 81.0088 1.51327 16.5109 68.0109 74.0072 111.79 61.9621 59.8785 26.8477 97.0532 75.4181 55.1014 121.494 33.2256 41.4132 43.2501 67.6237 100.176 52.7492 91.7306 56.8304 76.6587 38.9166 89.7805 45.6111 88.222 72.6529 106.275 37.5494 76.243 103.524 35.6602 86.5014 68.1175 87.8823 73.3638 97.8589 82.4394 25.9887 75.9032 77.3791 24.965 52.2473 72.2696 92.9457 99.4397 21.6335 89.3717 90.2083 60.465 64.6297 69.0887 30.7189 76.5881 30.2592 50.4777 67.309 
11.7068 53.6537 27.7088 40.9161 77.5126 59.3001 20.9614 20.2299 46.854 74.7222 55.0989 77.0092 31.3313 63.6529 15.5769 59.2457 40.41 69.3753 58.6298 30.8561 17.2662 43.6111 46.871 80.2813 30.23 33.5215 33.6537 65.3521 44.8894 27.2413 89.9161 3.19531 23.8533 16.2099 39.4849 70.772 28.3854 60.096 34.093 44.9138 7.29452 72.1268 13.8708 58.4045 43.2412 74.6837 21.5928 49.3389 76.0182 6.19839 62.1225 37.5682 56.4989 42.7874 66.4008 57.673 34.5036 57.771 45.8017 9.10824 22.435 51.6563 65.4927 74.0173 14.5986 62.7915 59.9167 32.6957 32.8811 48.036 26.3746 55.7986 6.08358 34.0965 39.5455 
39.4645 15.0233 52.94 60.3464 79.5661 34.4384 61.4664 49.6541 32.0056 101.956 16.0353 106.089 54.9477 96.1456 36.1643 69.4424 66.5523 79.9113 18.1463 62.3339 47.6934 68.2493 13.9789 73.0505 36.1471 58.3384 73.979 57.4891 26.6271 15.761 80.5255 42.283 61.0079 24.3298 58.2879 77.3068 58.2104 54.9364 63.8264 41.5217 35.7123 100.064 34.3001 32.0765 56.9956 57.5897 60.1103 15.1489 87.4694 43.2005 82.5528 23.7977 40.5094 52.0271 62.2116 78.3023 74.6967 19.4456 36.0514 41.1099 45.5782 79.431 78.9079 90.5098 54.3994 78.8006 35.5169 55.1392 35.2013 8.37377 66.7943 15.6109 46.4492 69.3721 12.5064 
88.3779 65.3319 58.9216 49.1041 18.918 40.3435 90.8944 65.0145 39.5763 74.0806 66.3597 80.5315 56.2748 82.2614 89.244 32.7819 59.077 33.7871 73.7277 109.791 95.9747 56.7208 58.7167 1.82483 48.9585 57.2986 101.841 14.3736 44.7826 64.6703 10.9124 77.361 77.401 72.7633 48.7003 26.288 64.6026 18.9992 64.7207 34.7052 72.1782 74.4361 65.4011 43.0249 41.9869 19.4733 80.2001 59.0103 37.7595 74.9947 52.0047 49.5323 30.9317 38.6256 12.8888 51.2544 103.4 84.6724 36.809 87.1271 59.2001 64.5843 38.6571 47.8533 90.2456 43.2001 39.2929 54.6385 46.6717 76.2262 91.3203 77.7093 80.5293 76.1205 58.9604 
51.2299 20.2388 70.6403 78.2643 95.3935 45.4943 75.6963 66.9128 47.4102 119.858 19.6229 123.938 72.7633 113.695 46.8876 86.743 84.3736 97.0447 13.9943 71.4006 58.2979 86.1335 26.6721 86.9419 54.0285 76.1426 87.5403 72.1017 42.0115 33.3781 93.4234 57.5128 77.3701 39.778 76.2053 93.963 75.6631 70.3739 81.3823 58.2603 51.6558 117.945 51.3355 42.8165 74.791 69.1759 76.0517 26.1324 104.587 58.9475 100.413 40.81 54.333 69.659 77.4355 96.185 88.0307 3.05941 52.1426 53.602 63.2193 97.2553 96.3579 108.093 67.9118 96.4591 46.6082 73 52.959 9.92824 81.5206 8.28553 61.327 86.2792 29.0462 
39.8001 37.0826 24.6678 28.64 51.2665 30.6193 47.9752 25.3 16.5197 70.5694 38.7413 75.1647 25.3584 67.0436 40.4851 37.844 36.393 48.5387 45.3719 62.2448 47.7514 37.3894 27.7253 50.1941 4.47772 28.6714 60.6278 34.5905 16.7863 18.9391 59.4786 30.593 39.5457 24.2297 26.5876 47.0425 31.3115 29.8297 35.7912 14.0545 24.2909 68.9141 17.6816 30.6 24.733 43.1807 40.6021 29.9541 56.056 28.9638 50.3672 11.4039 25.3142 19.9249 36.7927 46.1863 61.9175 51.2103 14.3736 38.833 18.9676 48.9605 46.9601 58.3541 44.7294 46.5859 30.9343 24.993 3.00832 40.1908 50.7632 45.8384 34.5232 44.4717 21.8552 
24.1919 34.5584 52.1047 62.9019 90.5281 52.4605 49.5082 46.3962 46.2949 101.948 35.3747 105.057 55.084 92.8367 19.654 76.6776 66.188 87.4339 35.4109 44.438 31.0097 68.7329 32.8805 87.184 41.7153 58.1588 60.78 71.2215 41.5637 21.0459 95.5804 33.0619 53.8882 18.1747 60.9861 86.4083 55.4596 67.5314 61.4271 52.2556 28.9401 99.6249 31.4992 50.3817 61.8967 74.3592 51.8464 34.4971 94.8401 35.2185 85.6664 36.0207 56.0704 58.4883 74.8392 81.1784 61.1596 30.2121 48.7647 26.8157 44.8175 78.6652 85.1423 95.7156 41.3652 83.8659 53.4648 55.8574 42.3 23.4047 55.6555 30.7168 36.2001 63.7762 28.4565 
62.9586 79.5033 24.0601 14.0121 41.5326 66.2541 50.1243 31.085 53.045 27.9415 81.1454 32.8518 20.8082 28.558 66.6802 21.9641 11.1544 26.1197 87.9714 75.3329 66.6331 7.70065 70.0928 54.7892 38.3839 17.9739 56.6719 48.23 56.4862 59.2157 63.7838 48.1834 34.1949 57.6771 16.0702 31.9169 23.3174 43.2046 18.6344 40.7424 48.3628 26.4433 44.3938 67.5326 19.5133 64.0726 38.036 72.1633 29.821 45.096 11.0887 53.5248 55.4314 25.8536 43.9096 7.02282 58.3343 93.5803 47.7193 60.1266 31.0644 9.92975 20.2356 24.0127 54.1698 15.4467 65.9776 19.985 40.0262 82.4755 47.2488 88.4446 48.4004 27.168 64.5036 
70.7543 92.6094 34.3447 27.1221 50.852 79.9012 53.4842 40.0975 66.6321 15.6416 94.2618 19.6023 31.78 16.2262 74.97 33.5024 20.2467 34.2486 100.933 79.4645 73.03 18.3251 83.2145 65.9628 51.1907 28.4691 57.0601 61.0501 69.9514 71.1551 74.3683 56.2072 38.4749 68.2069 29.1204 41.2585 31.197 56.2776 25.3332 54.3813 57.825 13.5093 54.9154 81.1696 33.14 77.0055 42.2342 85.3499 35.2264 53.2534 14.7828 66.6706 69.0461 39.489 56.2601 14.8273 58.6573 105.98 61.3353 67.6918 41.7972 7.74919 28.3805 25.9187 59.1921 23.3574 79.6244 31.446 53.0864 94.8603 49.1601 101.116 55.4585 28.8626 77.3582 
95.3429 78.3036 61.664 49.8046 10.139 53.8075 94.1153 68.642 50.9004 66.2599 79.4346 72.7585 58.4898 77.0602 96.8593 30.3872 58.4604 26.7328 86.9188 115.222 102.306 55.5044 71.071 12.6246 56.1587 58.6905 103.948 25.6127 56.3014 74.4968 15.3052 82.9807 79.4096 81.185 49.9949 19.8154 66.3272 28.1397 65.1463 43.3537 78.7147 67.1316 72.0781 56.4416 43.8854 33.7618 82.6338 71.6303 28.1007 80.3134 46.2082 60.0108 43.4447 42.4976 20.7964 46.684 105.572 97.4708 47.1785 93.6912 63.6242 61.1271 32.573 38.9082 94.7304 37.6324 52.8015 56.7877 54.4546 88.4774 93.5535 90.5817 85.6086 76.234 70.4102 
60.2818 26.9136 48.3343 47.6828 50.1642 5.92284 72.6416 50.1519 8.60233 87.6097 28.0708 93.1011 48.0426 87.8451 59.3877 46.7398 57.5129 55.4917 35.6046 84.0374 68.8896 57.406 20.22 40.415 28.6505 50.9742 85.4347 25.9044 9.76524 31.3313 47.2356 54.2698 64.4615 42.371 45.9191 50.7001 55.2175 25.3126 58.8467 19.773 47.2848 86.5888 41.3978 7.07248 41.0202 24.2266 65.6062 20.4022 62.6343 53.1413 64.9942 17.066 8.00812 34.6655 31.7515 61.6887 86.6748 46.1299 13.0361 60.2138 43.6606 68.8193 56.6467 68.7554 68.6232 58.4658 6.00083 47.1721 25.5196 37.7041 75.71 39.2074 58.4945 68.6053 21.9146 
48.9495 12.2776 63.9728 70.8179 86.8289 37.1941 72.0822 60.852 38.8567 112.618 12.0354 116.898 65.8593 107.235 45.1134 78.5064 77.4398 88.7246 9.1 70.7494 56.7255 79.0069 18.0878 78.4143 46.4617 69.2605 84.3922 63.5232 33.4712 26.9364 85.012 53.158 72.1803 35.165 68.7564 85.508 69.36 61.7985 74.9323 49.8784 46.7616 110.804 45.5159 34.5407 66.9813 60.9141 71.2085 17.6003 96.2539 54.2232 92.6879 32.6038 45.7739 61.6709 68.8523 88.5273 85.0282 8.94707 43.6497 50.9362 56.6612 90.3009 88.1914 100.008 64.7297 88.4512 38.3115 65.9734 45.1643 3.2249 77.5845 4.58912 57.2301 80.5882 20.854 
85.7744 86.4256 46.9553 33.497 19.3373 66.1211 77.2189 54.6682 56.9818 37.6279 87.8929 44.1236 43.2926 49.5162 88.6351 16.6628 38.0848 6.17171 95.4114 101.449 90.9709 34.5313 77.547 36.9628 51.5885 41.9005 84.6653 39.2046 62.0003 73.4121 43.4663 71.4919 61.3583 76.0107 34.7937 11.9708 49.0609 36.985 45.7131 45.0494 69.5423 38.5852 63.9226 68.2643 31.7002 53.9434 65.0834 78.9649 1.772 68.4459 19.425 62.3978 54.1599 34.7704 32.8055 21.5761 86.3296 103.801 51.6769 83.3677 51.9212 36.0584 8.83233 10.3238 80.1385 12.7863 65.4178 41.7714 51.5004 93.2946 74.9669 97.5562 72.8097 55.2577 74.1483 
73.7526 56.8567 44.071 35.1027 19.9223 33.9401 75.8752 49.9986 28.3487 65.5485 58.1285 71.7681 41.5769 71.1254 74.8642 22.1712 45.4674 27.6004 65.7141 94.8363 81.1808 43.4994 48.9908 16.1839 34.271 42.8476 86.9542 6.17171 33.7818 51.6178 25.9586 62.3944 62.6077 58.7371 34.4472 21.4255 49.9632 5.30848 50.531 20.6184 57.3873 65.368 50.6274 36.3369 27.6697 21.9791 65.3094 49.8177 33.9029 59.9854 42.47 37.1214 22.3289 23.7413 2.28254 40.6736 88.4995 75.6335 24.3206 72.3785 44.1418 52.5694 30.6545 41.9672 75.1897 34.1541 33.1038 39.9782 32.2025 66.1744 76.4346 68.8808 65.5031 61.9245 47.7378 
75.4658 87.9957 36.2891 24.5326 36.4589 71.9234 62.4123 43.5409 59.9341 22.0127 89.5978 28.2349 32.8525 30.6426 79.0911 21.4105 23.7683 19.7517 96.7331 87.8259 79.2495 20.3089 78.6375 52.4077 48.1399 30.2914 68.1754 49.6058 64.0645 69.7685 60.3432 60.701 46.5465 69.3311 26.5002 27.0407 35.9356 45.5141 31.1565 47.2712 60.5529 21.8979 56.1843 73.5658 27.4401 65.525 50.4061 80.5137 20.4685 57.6064 1.74642 62.2354 60.3567 33.1361 44.1346 6.23618 69.8256 103.29 54.4301 72.6705 42.9564 17.6604 14.151 12.1078 66.7236 9.55249 71.4731 31.8027 49.2367 92.2762 59.165 97.7605 61.0066 38.7232 73.7011 
52.3902 4.63249 56.8032 61.1249 72.3205 21.7007 71.8226 55.4484 24.8676 102.969 6.18466 107.771 57.9494 99.7361 49.7178 65.8593 69.1434 75.635 13.6077 75.9581 60.948 70.1208 5.06063 63.0864 37.2216 61.313 84.7009 48.4982 19.8252 23.9 69.527 52.2215 68.4923 35.3386 59.1026 71.7753 63.0058 47.2403 68.0283 36.946 45.0694 101.448 41.656 19.0625 56.1471 45.4235 68.3477 2.90689 83.0659 52.4023 81.7634 21.5372 30.6178 50.2842 54.0881 77.8666 85.6058 23.4233 30.1294 53.5397 50.0972 81.712 75.746 87.7867 65.616 76.6006 22.8186 57.699 35.1262 15.8114 76.4853 16.5221 56.6107 75.4682 12.1511 
63.2529 45.7369 38.0757 32.5055 31.4033 24.8966 68.1836 42.7183 16.5952 69.1903 47.1004 75.0163 36.3804 71.7591 63.9708 26.9409 43.1005 35.3736 54.6923 85.215 71.0444 42.022 37.4594 26.8062 24.1299 38.4704 80.0083 11.0941 22.0045 39.7519 35.9806 52.9646 56.3847 47.4529 31.216 30.7353 44.6561 6.77422 46.5756 9.5 47.3241 68.4896 40.5554 26.9002 24.9451 22.7607 58.5888 38.4865 42.5265 50.8413 46.1299 25.1056 12.9958 19.1316 14.1152 43.2945 81.4715 64.1393 12.3037 62.1484 36.3435 52.6282 36.7414 48.7977 66.464 38.955 24.2992 35.0127 21.5845 54.418 69.5934 57.5015 56.4543 57.6067 35.7946 
84.8109 85.4537 46.0339 32.5725 19.0444 65.2313 76.3992 53.7462 56.0161 37.7584 86.9239 44.2598 42.3732 49.3207 87.6567 15.6438 37.3097 5.19711 94.4386 100.568 90.037 33.7682 76.564 36.5422 50.5693 41.0162 83.9324 38.4401 61.0236 72.3923 43.2227 70.5459 60.5538 75.0015 33.8497 11.3146 48.2084 36.1332 44.9245 44.0596 68.563 38.6381 62.9287 67.3625 30.7015 53.2752 64.2686 77.9896 2.71662 67.5032 19.0287 61.3932 53.2673 33.7511 32.0656 21.0021 85.5967 102.805 50.7025 82.4132 50.9558 35.5563 7.93788 10.6367 79.2612 12.0801 64.5347 40.8442 50.481 92.2911 74.1989 96.5676 71.8878 54.555 73.1454 
75.9714 55.6651 47.7462 39.2613 21.8057 31.8311 79.2335 53.4008 28.14 69.814 56.8536 76.0606 45.3944 75.5265 76.8294 26.4955 49.6956 31.3696 64.3939 97.5263 83.6086 47.7984 48.2495 13.8654 36.5843 46.8108 90.5272 2.91548 33.5121 52.5681 23.2263 65.1261 66.3031 60.3887 38.524 24.8032 53.8005 6.62193 54.588 22.291 59.8205 69.6781 53.0407 34.3546 31.7515 17.7406 68.8991 48.8636 37.3277 62.8269 46.7813 37.6347 20.7858 27.4707 3.91152 45.0494 92.054 74.7217 24.7952 74.7478 47.3739 56.9594 34.7438 45.8262 78.2164 38.3923 30.9129 43.8275 34.2603 65.641 80.0176 67.8693 68.3933 65.9604 47.6656 
85.6743 97.5779 46.6444 34.9521 38.7872 80.323 71.5101 53.7941 69.0254 18.3183 99.1583 24.7631 43.2468 32.64 89.3823 28.6323 33.7214 23.0419 106.396 97.2141 89.2002 30.3949 88.276 56.1424 58.3082 40.6075 76.2685 56.0423 73.4048 80.059 62.9579 70.8986 55.8335 79.7709 36.9034 30.4795 45.9213 52.6339 40.8354 56.3841 70.9355 19.6703 66.6219 82.1299 37.4214 71.6082 59.694 90.068 20.0489 67.8122 12.1758 72.0156 68.5254 42.8042 50.0546 16.676 77.8924 113.289 63.5109 82.8324 53.3821 25.3355 19.2315 9.20869 76.3036 16.6508 79.7898 42.2257 59.2558 102.324 67.7975 107.631 71.031 47.2492 83.5958 
64.3183 68.2879 26.3519 13.288 27.3651 51.6149 58.2163 33.9466 39.7434 41.7698 69.8588 47.6001 22.809 45.5633 67.0322 6.80074 21.6363 16.4575 77.1415 81.1775 69.8891 18.918 59.0235 38.2415 30.412 22.2847 67.3146 31.1849 44.0729 52.4135 47.5893 50.2829 42.9337 54.3625 13.9979 18.7489 29.9201 26.341 28.2604 27.0823 47.9401 41.0775 42.2303 53.2443 10 47.0992 46.36 60.7715 23.4077 47.2933 18.8322 42.9303 40.1254 13.8708 26.8168 15.8773 68.9558 84.4183 34.2286 62.021 30.5007 26.9898 13.3989 24.613 60.0203 12.985 51.1798 21.154 30.7703 73.5833 57.0426 78.5682 51.9643 39.3402 54.6268 
81.9103 70.6162 47.4014 35.5519 6.61211 47.9401 79.8447 54.4507 41.6222 56.598 71.929 63.0492 44.2052 65.2343 83.7055 16.5922 44.4596 16.3573 79.5238 101.237 88.6093 41.6416 62.4833 17.1003 43.2685 44.4119 89.6702 19.4126 47.0197 62.9973 25.4443 69.1462 65.1246 68.5937 35.709 8.9493 52.0433 18.941 50.9761 31.9014 65.2175 56.9689 58.6963 50.3433 29.615 33.2569 68.344 63.4566 21.1483 66.4088 34.6831 49.4386 36.3147 28.5792 12.9201 34.2812 91.2921 89.1643 37.0412 80.1122 49.5976 48.1938 21.2038 30.6426 80.5993 25.8627 47.0935 42.5027 41.9402 79.4076 79.2675 82.5 71.6218 62.1477 60.6132 
61.9427 19.9211 77.8067 84.0472 96.576 44.0596 85.7961 74.8898 49.3782 125.96 18.5521 130.41 79.5594 121.105 57.7721 90.2447 91.0926 100.118 10.9563 82.6267 69.2807 92.5139 28.8125 86.2277 59.6905 82.9652 97.9201 72.384 44.2883 40.9715 91.7236 67.088 86.2682 49.1171 81.991 96.2761 83.3265 71.5455 88.8401 61.336 60.799 124.239 59.6008 41.3793 79.7424 66.9718 85.2602 27.3265 107.563 68.2402 105.48 44.942 54.5047 74.1416 78.2198 101.432 98.4868 8.28734 54.6136 64.1574 70.56 103.915 100.09 112.077 78.2461 100.74 45.1154 79.592 58.1083 17.1397 91.4217 9.80051 71.0921 94.6675 33.5672 
27.5182 76.0697 32.956 45.209 85.6148 79.1885 1.65529 26.6017 65.5916 66.2873 77.5444 66.7384 36.0867 51.3055 32.5263 65.2963 39.2231 73.7024 81.1873 26.7316 24.5601 42.8193 68.9 92.5216 46.3121 36.2112 11.5918 79.3102 64.7446 49.4632 102.381 21.1237 15.8777 38.766 44.7135 77.2373 28.5953 73.6196 31.5571 60.353 28.3 63.3265 32.8469 78.6857 50.6928 91.2027 12.1939 71.4006 78.982 21.2042 60.8185 57.6782 74.297 53.0004 78.7051 56.9689 12.7883 79.9758 63.2487 24.5284 32.7581 45.9518 68.5677 73.9354 10.0896 64.5629 79.6518 37.7895 49.4385 70.5063 5.02195 78.2907 16.7586 24.041 61.5013 
47.8239 59.2171 10.7517 6.5 42.2995 48.2734 43.2005 17.853 34.2257 48.3713 60.8691 52.9744 7.90759 45.7109 50.6504 22.9314 15.1529 32.9674 67.5794 65.0249 53.3991 15.4185 49.8218 49.1639 17.9011 9.51262 53.5523 37.4363 36.9437 38.9976 59 33.7771 29.0413 38.9104 4.44072 34.6944 16.289 31.6836 17.6082 23.0957 31.5634 46.7052 26.1843 49.1424 7.13442 51.6419 31.9658 51.9659 39.7334 30.8058 29.0904 33.2844 38.7769 10.1242 35.6387 24.6862 55.134 73.1057 29.3288 45.5027 13.9832 27.0453 29.3334 39.0448 44.0756 27.2883 48.1922 6.30635 19.6939 62.0081 43.0465 67.9601 35.6001 28.7237 44.0528 
58.7072 66.7942 20.204 6.98928 33.6043 52.2352 51.9199 27.8627 39.3395 41.1993 68.408 46.5649 16.6111 42.4675 61.6235 13.1015 15.9314 22.2991 75.4836 75.0309 64.0052 13.6795 57.4126 43.59 27.012 15.9841 61.0578 34.9125 43.1259 48.8857 53.1338 44.4622 36.6442 49.7315 7.84347 25.046 23.6205 29.6015 22.1461 26.8405 42.547 40.0622 37.1594 53.5965 6.14003 50.5004 40.0601 59.3384 28.8226 41.4343 19.6023 40.9591 41.3044 12.1037 31.3356 15.6272 62.6958 82.0125 33.9202 56.3072 24.8582 23.3805 18.3535 28.2577 53.8281 16.4149 51.9277 14.9857 27.958 71.0211 50.7622 76.4603 45.9584 33.3654 52.4009 
90.8643 115.784 56.9425 50.2573 66.3061 102.387 70.1157 61.933 89.4665 9.74936 117.435 3.63593 54.6619 17.9627 95.4147 53.104 43.0516 50.0682 124.112 95.6747 91.8101 41.4483 106.386 83.3292 74.3673 51.289 70.0183 81.3042 92.9665 94.074 90.5055 76.8767 57.1749 90.3974 52.2717 57.5921 52.8644 77.1001 46.9001 77.0377 79.4739 10.1533 77.249 103.793 55.9204 97.2307 60.526 108.511 47.7008 74.1111 32.8283 89.8354 91.19 62.2113 75.8191 35.3239 71.4034 129.025 84.0914 87.677 64.4225 30.1705 45.2604 36.8599 77.1565 41.1643 102.041 54.459 76.2588 117.91 64.5945 124.249 75.3962 46.6836 100.531 
17.3738 37.5183 44.3847 55.6619 85.3584 51.7633 41.8344 38.4147 43.527 94.0592 38.6172 97.0512 47.4853 84.6832 13.6066 70.4256 58.4042 81.1555 40.105 39.7281 25.2052 61.0571 33.7682 83.4197 35.7946 50.4723 53.5045 67.4818 39.3634 17.5866 92.2139 24.8823 45.6898 10.8342 53.8015 80.6257 47.4575 63.3404 53.4248 47.692 20.8291 91.6922 23.9069 49.9866 55.2161 72.284 43.6867 35.7946 88.4589 27.0148 78.3368 32.9462 53.6191 52.3001 70.5365 73.832 53.9933 36.7952 45.1542 19.578 37.2259 70.7611 78.5293 88.7722 33.9001 76.9717 52.6795 48.3513 36.8436 28.4007 47.8519 36.1311 28.1256 55.5763 27.9258 
36.5465 23.7403 37.3591 43.5597 64.0038 27.8787 52.6302 35.4493 18.9172 85.3756 25.3837 89.7341 38.9185 80.6179 35.2953 52.5929 50.4148 63.1589 31.2021 60.4928 45.2482 51.8333 15.199 59.6846 19.22 42.3232 65.5986 43.7321 14.6649 7.17008 68.0842 33.1423 48.4366 18.4878 41.4982 60.9606 43.2723 40.2349 48.5268 25.5125 25.8745 83.5945 21.7329 26.5187 39.9645 47.5682 48.3848 17.7102 70.7132 32.9123 65.5705 8.50706 28.9318 35.0091 47.5742 61.3551 66.6179 36.0601 21.3026 36.8543 30.3528 63.2248 61.9526 73.4918 47.1466 61.7654 28.6812 38.9082 18.1596 24.9948 56.9106 30.9716 37.5586 55.4867 7.93788 
94.8574 118.028 60.0424 52.4904 65.3491 103.741 74.5952 65.3809 91.15 10.6212 119.67 6.96419 57.5701 22.702 99.3385 53.5182 46 49.5066 126.473 100.26 96.0565 44.1022 108.618 82.7048 76.7918 54.2409 74.8011 81.6356 94.8538 96.9561 89.4882 80.71 61.3209 93.7469 54.5345 56.9973 56.3368 77.6846 50.3716 78.6043 83.0259 12.2919 80.5166 105.251 57.7031 97.4624 64.7521 110.685 46.4311 77.8895 33.4978 92.0496 92.3499 63.905 75.9408 36.4968 76.2016 131.752 85.7168 91.6911 67.5167 33.2039 45.0983 35.7022 81.4921 41.3766 103.347 57.2456 78.5348 120.632 69.1749 126.811 79.3918 50.8803 102.957 
38.6518 58.9909 1.87883 13.9169 52.6165 52.4527 33.0238 7.5591 38.0185 51.5644 60.6531 55.2074 4.51221 45.14 41.9386 33.0394 15.6984 42.7095 66.7037 54.8001 43.6152 18.0754 49.8688 58.9485 18.457 7.51798 43.8292 46.2819 39.4057 35.4993 68.807 24.1549 19.6787 32.484 12.5877 44.9013 8.63713 40.5228 13.1034 29.1431 23.197 49.4171 19.1596 52.8266 17.4485 59.4542 22.1883 52.2349 49.1285 21.0924 35.6609 34.1063 44.5702 19.4281 45.2001 31.1541 45.3715 70.5897 34.0119 36.1006 5.86686 28.5044 38.5593 47.1068 33.7747 35.7874 52.58 5.70088 21.341 59.5134 33.312 66.188 25.5519 22.0227 43.2187 
43.6807 36.9931 26.5023 28.6447 48.0926 27.9007 51.4615 28.0503 13.5237 70.4569 38.629 75.2916 26.6908 67.9342 44.2986 35.7351 37.2086 46.3087 45.5748 66.1281 51.6462 37.8423 27.583 46.4215 6.53758 29.869 64.0125 30.7514 14.8314 21.6037 55.6515 34.3863 42.3728 27.8771 26.64 44.3393 33.3191 26.0864 37.3805 10.2956 28.1656 68.9479 21.5232 28.1498 23.817 39.3634 43.6555 29.6331 53.8607 32.6712 49.555 11.0345 21.7187 18.3698 33.1344 45.523 65.3334 52.2389 10.6888 42.7276 21.5393 49.4702 45.1462 56.7966 48.453 45.1648 28.1144 26.091 3.4 41.3769 54.0242 46.534 38.2562 46.6476 22.4931 
42.0743 80.6387 23.8902 32.067 71.9095 77.5016 20.2094 21.9347 63.102 46.8837 82.2541 47.5189 25.4568 32.4834 46.9421 51.2411 23.2639 58.1172 87.308 46.1391 41.9304 26.5663 72.1568 81.6919 43.1116 23.8447 24.0601 70.6208 63.8882 54.5858 91.4104 29.7834 9.06973 46.7059 32.3633 62.7968 17.1479 64.8676 16.4502 54.5642 34.8076 43.9318 35.8469 77.666 39.0948 84.5599 11.2004 74.6464 62.4628 27.7521 42.9787 57.799 70.0058 43.3073 68.5579 39.5683 25.7158 88.6833 59.3633 38.8294 28.1455 27.1162 52.5095 56.1758 27.133 47.9993 77.7023 26.9208 46.201 78.1589 15.4719 85.5967 27.0542 5.52178 64.9416 
19.8927 58.4788 20.5448 34.0035 72.3802 60.636 17.2699 12.832 47.1692 66.1272 60.0167 68.344 24.2099 55.0071 24.1357 53.2203 32.2893 62.942 64.3001 34.7817 23.5468 35.6202 50.8348 76.8731 28.4004 25.9515 30.1629 62.6911 46.1806 31.8101 86.6645 5.52268 15.4935 22.4964 32.8056 65.013 20.1206 57.1638 25.6535 42.8957 10.7564 63.5066 14.3014 60.114 37.4012 73.544 13.7928 53.3502 69.2694 3.3121 54.3001 39.1065 56.1364 38.0296 62.9223 49.9121 31.3383 64.6258 45.1239 16.9012 16.8908 43.1521 58.6742 66.5361 14.4972 55.6167 61.1138 25.7344 31.4312 54.4008 21.1038 62.0249 5.31601 25.5225 43.4256 
