80 80 23
777 335 649 27 763 426 211 429 862 135 22 167 11 373 784 324 413 980 862 281 84 505 313 895 814 364 87 178 403 399 676 12 94 570 467 902 652 280 865 619 31 771 709 856 586 683 528 829 270 715 796 245 921 488 841 500 124 856 227 936 437 407 858 237 818 11 776 763 606 818 369 996 470 499 644 139 669 464 355 611 
622000 828000 299000 343000 746000 568000 340000 422000 311000 810000 605000 801000 661000 730000 878000 305000 320000 736000 444000 626000 522000 465000 708000 
7 1 10 16 0 4 9 15 10 5 1 4 6 16 14 21 1 7 18 4 8 1 19 13 22 22 12 8 10 2 2 18 22 13 12 10 14 7 9 13 2 10 12 21 12 10 20 19 14 19 14 1 12 12 4 10 7 0 4 0 8 7 8 10 21 1 6 22 9 18 22 11 1 16 1 5 19 0 2 22 
6360.7 8288.03 2560.7 1736 4539.44 7030.36 4904.94 3207.44 5691.96 2485.2 8453.08 2930.82 2269.91 2417.46 6754.57 2619.64 1167.6 2956.77 9124.15 7464.5 6673.96 900.5 7348.04 5904.07 4151.73 1954.51 5469.78 5263.08 6019.24 6182.05 6794.88 4886.28 3327.46 5953.3 1936.59 3573.26 2366.03 4759.46 1830.44 4474.87 4967.95 2305.34 4620.5 7151.96 2350.53 6846.85 3713.83 7560.4 3255.18 4581.44 1234.71 5692.81 5961.08 2986.13 4829.33 940.691 5635.07 9648.13 5165.37 6067.04 3291.64 566.127 2358.66 2553.62 5370.61 1858.52 7005.41 2216.06 4335.45 8536.28 4567.45 9151.54 4868.15 2522.4 6768.97 3948.08 8546.16 3473.56 2631.08 5297.02 
8622.6 7820.77 4978.97 3696.7 530.848 5585.74 8188.41 5721.77 4899.48 5140.24 7955.27 5790.42 4634.35 6179.92 8838.01 1688.08 4455.87 1147.26 8714.83 10442.4 9246.58 4137.34 6989.78 2285.69 4861.21 4596.56 9089.44 2739.29 5434.01 6921.42 2950.07 7284.85 6659.56 7395.22 3755.86 502.096 5360.04 2669.87 5165.68 3855.23 6954.84 5211.77 6325.39 5823.44 3229.26 4088.03 7004.06 7096.87 1407.3 6997.69 3094.8 5626.12 4415.9 3274.34 2090.1 3154.84 9254.26 9655.85 4419.02 8421.36 5302.32 4611.4 1733.49 2442.4 8342.45 2241.47 5502.45 4465.98 4766.05 8661.25 8068.19 8996.8 7494.86 6239.39 6766.05 4454.86 7903.58 7337.74 6257.99 3311.87 
8772.62 8199.23 5037.18 3719.1 928.924 6002.43 8204.78 5794.7 5264.6 4780.06 8336.65 5430.04 4682.4 5904.35 9009.61 1738.19 4390.68 922.009 9095.63 10519 9366.67 4056.22 7353.67 2716.49 5093.18 4611.87 9055.63 3175.91 5793.51 7198.09 3328.66 7402.93 6651.14 7614.47 3801.58 610.082 5366.8 3075.08 5124.66 4175.94 7112.31 4868.37 6499.86 6236.1 3333.14 4540.1 7006.46 7468.98 984.784 7109.21 2834.94 5948.55 4824.32 3459.39 2525.07 2952.1 9221.39 10015 4769.42 8558.94 5417.09 4421.59 1519.9 2051.19 8404.01 2025.66 5921.43 4517.36 5021.68 9005.69 8049.15 9362.96 7589.63 6164.45 7101.44 4691.07 8293.47 7241.27 6198.79 3727.73 
7233.98 4143.09 5252.98 4783.02 3822.05 1632.48 8099.25 5632.98 1910.24 8363.73 4240.62 8963.15 5118.25 8700.28 7211.68 4047.28 5840.69 4712.46 4972.78 9550.55 8068.16 5736.14 3539.9 2584.36 3578.34 5348.35 9329.4 1374.41 2331.22 4495.88 3207.02 6415.3 7041.15 5501.42 4650.01 4102.78 5928.68 1628.9 6161.27 2198.29 5772.18 8312.93 5121.91 1900.74 4028.4 984.124 7227.9 3541.09 5351.78 6246.62 6044.68 2968.11 894.036 3440 2025.49 5796.52 9468.1 6081.85 1920.42 7180.22 4976.68 6790.12 4971.81 6136.09 7824.91 5268.18 1527.78 4991.2 3272.26 5283.05 8306.15 5383.01 6805.3 7245.53 3685.72 3337.02 4106.99 8331.01 7135.74 999.3 
8194.21 8491.72 4289.11 2947.71 2223.24 6555.34 7279.02 5059.8 5561.27 3450.23 8642.23 4100.05 3922.37 4543.57 8493.01 1445.34 3358.72 613.514 9388.01 9718.17 8694.16 3001.77 7588.46 3925.94 4875.16 3767.89 8010.41 3970.2 6046.23 7070.91 4641.3 6754.44 5690.25 7274.73 3088.77 1355.18 4472.61 3685.7 4123.4 4335.55 6585.95 3519.62 6041.4 6757.94 2834.87 5497.58 6064.73 7741.64 626.817 6448.02 1498.93 6035.18 5359.89 3200.52 3350.6 1697.29 8176.83 10188.1 5020.21 7947.03 4813.48 3149.86 503.587 842.2 7586.65 823.65 6491.26 3774.65 4889.93 9122.9 7044.78 9577.67 6872.55 5067.41 7212.02 4508.21 8645.35 6089.64 5133.59 4354.6 
2520.5 7889.23 4651.3 5945.26 9940.65 8650.47 1506.85 3934.02 7395.96 8140.39 8019.01 8152.75 4992.68 6580.46 2924.79 7945.6 5431.18 8832.47 8250.39 1214.33 1794.77 5791.73 7309.78 10488.7 5624.03 5054.75 1578.13 9079.39 7210.12 5352.84 11470.1 2762.84 3099.19 4169.65 5872.12 9140.88 4311.81 8526.58 4665.03 7087.55 3443.62 7841.25 4061.23 8556.94 6424.48 10130.1 2716.49 7548.52 9388.44 2934.25 7612.52 6477.91 8343.41 6571 9094.49 7220.15 1519.8 7901.42 7257.02 2350.32 4466.55 6137.14 8338.16 8919.64 1362.35 7955.21 8712.71 5161.13 5915.85 7093.73 1930.23 7868.24 2372.61 3944.43 6597.1 5933.44 8284.65 3425.23 3797.79 8584.98 
5500.58 1025.91 6788.32 7383.55 8696.4 3540.69 7772.29 6528.05 3940.77 11576 920.869 12026 6953.01 11118 5126.1 8007.7 8102.47 9002.54 311.448 7697.88 6287.65 8237.72 1865.31 7737.42 4949.77 7293.53 9015.74 6305.15 3422.35 3148.4 8340.01 5858.75 7711.76 4062.47 7178.14 8633.85 7355.68 6188.52 7898.21 5118.95 5198.79 11406.4 5022.6 3270.55 6948.22 5888.7 7633.45 1734.59 9749.49 5948.29 9521.94 3468.08 4514.62 6388.34 6871.08 9117.51 9083.51 949.21 4455.43 5690.77 6071.66 9381.82 8990.05 10186.6 7052.69 9050.01 3650.34 6951.56 4786.82 935.361 8309.4 280.179 6274.41 8518.9 2334.14 5186.23 1100.23 9209.26 8315.44 5610.32 
7213.66 9583.01 3682.09 3051.77 5452.79 8357.33 5370.75 4212.47 7019.42 1379.28 9748.67 1671.08 3448.9 1246.64 7648.29 3740.01 2287.9 3787.25 10407.3 7970.31 7397.57 2136.94 8645.17 6980.41 5433.94 3111.93 5639.16 6495.8 7340.64 7390.32 7814.61 5776.03 3920.94 7046.93 3247.8 4497.2 3310.06 6017.08 2714.65 5802.59 5980.21 1118.93 5724.51 8480.09 3677.93 8091.06 4286.74 8862.01 3847.08 5487.31 1839.27 6994 7280.06 4313.51 6016.99 1870.96 5795.39 10885.5 6493.57 6902.2 4430.18 1000.05 3206.32 2876.18 5983.48 2708.52 8331.42 3429.53 5634.01 9774.22 4902.51 10411.7 5673.24 2916.86 8047.09 5253.24 9850.13 3524.34 3098.71 6580.9 
5275.95 2036.3 7191.56 7940.03 9600.26 4567.99 7720.94 6826.43 4804.63 12104.6 1963.06 12516.4 7400.24 11501 4841.62 8762.69 8561.14 9788.53 1355.65 7290 5982.28 8733.75 2722.09 8730.11 5512.62 7738.66 8906.47 7257.28 4266.91 3465.08 9365.82 5899.24 7880.54 4123.12 7734.01 9471.03 7698.96 7095.59 8269.18 5905.96 5310.08 11915.2 5270.34 4299.13 7583.22 6931.49 7751.03 2654.81 10542 6040.74 10148.3 4169.65 5475.71 7064.17 7797.75 9727.33 8955.72 174.929 5285.46 5512.94 6450.69 9849.27 9727.54 10904.6 6943.38 9743.97 4679 7421.82 5399.63 1092.93 8302.44 810.247 6281.99 8767.51 2992.82 5801.4 2170.83 9346.68 8555.26 6549.27 
3967.73 1434.02 5028.02 5721.06 7585.55 3129.5 6059.13 4738.58 2831.43 9894.52 1563.87 10318.7 5213.91 9356.37 3676.14 6587.27 6371.91 7630.81 1925.85 6301.57 4812.15 6530.28 1112.88 6941.02 3290.97 5554.07 7327.13 5381.39 2294.91 1355.18 7696.04 4117.05 5922.31 2346.91 5514.94 7363.69 5576.53 5122.82 6128.24 3784.4 3434.31 9710.78 3229.67 2902.27 5364.48 5421.37 5853.52 1271.42 8386.51 4183.9 7927.07 2013.08 3692.87 4856.75 5850.69 7505.52 7406.23 2239.58 3233.94 4105.85 4300.29 7658.13 7538.34 8703.68 5383.72 7536.08 3235.44 5225.52 3181.59 1130.04 6570.01 1776.29 4544.24 6726.28 880.057 3582.64 1830.03 7422.41 6522.36 4660.32 
8142.05 10063.9 4427.47 3530.58 5012.94 8600.7 6412.53 5044.48 7346.35 726.154 10227.3 1345.36 4141.62 1996.5 8557.67 3619.64 3020.76 3360.24 10918.1 9012.22 8379.29 2772.18 9123 6676.3 5967.95 3824.26 6712.93 6439.6 7724.8 8042.4 7428.25 6681.47 4923.18 7821.77 3736.64 4110.05 4168.19 6023.22 3590.71 6089.35 6815.1 730.274 6489.08 8751.87 4010.15 8032.1 5297.94 9324.86 3220.95 6383.2 1594.24 7467.38 7463.73 4624.73 5892.07 1876.27 6869.48 11488.4 6801.65 7837.86 5162.36 1839.67 2851.88 2153.62 6994.49 2427.92 8561.54 4085.34 6125.18 10377.8 5962.32 10973.7 6617.1 3950.62 8576.85 5728 10301.3 4598.62 4120.59 6640.82 
8062.83 8392.15 4157.69 2816.19 2253.91 6477.16 7152.2 4928.42 5466 3434.21 8543.38 4082.76 3790.95 4481.08 8362.12 1343.02 3234.15 604.07 9287.74 9588.33 8562.72 2877.93 7486.15 3930.41 4753.7 3637.32 7889.77 3922.09 5947.13 6950.72 4666.18 6622.91 5564.21 7147.38 2957.36 1356.24 4343.56 3622 3998.11 4234.73 6455.24 3492.42 5911.9 6676.9 2707.8 5461.55 5938.09 7641.52 747.93 6316.49 1417.78 5926.26 5282.89 3081.33 3309.68 1591.76 8056.2 10080.2 4923.19 7815.54 4682.36 3051.64 378.55 898.109 7456.82 701.783 6414.58 3643.14 4772.05 9012.64 6921.42 9472.54 6741.25 4948.99 7102.94 4388.82 8549.55 5976.79 5012.88 4288.82 
3558.83 8321.69 3528.17 4617.85 8663.86 8483.11 970.979 3016.17 7089.29 6178.82 8472.57 6158.32 3792 4575.25 4059.38 6603.07 3862.91 7360.33 8863.84 3220.93 3229.64 4210.38 7573.38 9496.78 5112.58 3731.34 810.247 8258.26 7051.27 5653.5 10480.2 2833.88 1676.31 4625.17 4604.04 7782.61 2973.1 7682.74 3121.94 6452.91 3528.81 5876.21 3911.04 8451.38 5246.05 9531.57 1422.71 7824.74 7828.12 2790.34 5905.29 6364.31 7910.91 5561.03 8137.64 5555.91 976.524 8779.44 6809.24 3259.6 3669.51 4316.54 6814.87 7225.3 1814 6379.07 8522.14 3958.24 5429.96 7816.01 382.099 8591.96 2413.23 2151.39 6832.31 5310.75 8700 1422.25 2068.28 7891.08 
1666.76 3994.72 4706.08 5866.15 8894 5516.09 4205.95 4079.67 4716.31 9647.39 4095.42 9929.48 5025.94 8659.38 1221.88 7380.17 6098.24 8451.51 4187.66 3768.08 2372.55 6373.58 3677.84 8709.59 3930.41 5316.29 5325.38 7115.87 4294.41 2121.44 9588.93 2628.4 4715.46 1410.32 5683.56 8410.72 4977.56 6700.9 5572.8 5134.91 2307.66 9405.03 2680.34 5332.79 5847.34 7588.34 4490.8 3871.14 9178.29 2868.1 8125.1 3659.03 5723.99 5571.52 7419.89 7674.07 5363.28 3754.8 4882.89 1930.23 4004.06 7317.9 8178.32 9188.35 3386.71 8011.52 5609.32 5119.5 4042.83 2997.13 4825.97 3754.81 2911.58 5725.36 3121.23 4336.65 4384.56 6056.7 5505.14 6437.3 
1440.28 4714.54 2705.12 3947.3 7388.06 5272.73 2737.32 2040.83 4057.65 7605.29 4861.81 7885.04 3044.73 6634.29 1647.57 5655.33 4073.03 6699.15 5242.23 3650 2194.56 4362.61 4019.08 7544.32 2515.75 3313.13 4020.45 6018.05 3837.1 2060.1 8494.62 788.543 2772.38 1017.69 3781.6 6772.13 2933.94 5511.32 3528.54 3960.81 274.591 7361.15 886.397 5177.31 4063.41 6876.77 2617.25 4266.76 7392.79 907.359 6160.15 3103.68 5038.11 3927.2 6168.83 5709.59 4110.78 5228.02 3987.84 1304.19 2054.12 5276.84 6356.62 7287.17 2132.35 6132.36 5336.83 3156.74 2752.24 4218.16 3242.11 4987.03 1216.96 3733.63 3284.66 2898.72 5098.83 4213.85 3514.33 5434.57 
350.143 5058.11 3962.94 5250.09 8715.32 6152.02 2886.47 3238.83 5098.48 8714.5 5180.21 8937.14 4317.24 7578.52 321.403 6992.01 5271.6 8032.93 5381.82 2708.97 1192.18 5584.64 4562.32 8802.78 3792.89 4558.62 3992.42 7248.59 4782.35 2682.87 9737.17 1562.18 3570.22 1520.03 5092.51 8109.19 4077.08 6764.91 4651.24 5193.17 1595.24 8454 2211.63 6012.33 5398.12 7979.79 3298.03 4787.84 8721.52 1858.52 7421.11 4066.77 6109.66 5261.49 7443.1 6973.23 4032.18 5059.8 5122.9 599.416 3362.92 6408.15 7680.44 8583.08 2057.3 7440.67 6231.08 4442.21 3997.82 4223.42 3517.12 4999.01 1719.65 4613.39 3893.07 4189.37 5454.33 4815.82 4395.92 6629.61 
7148.57 8409.1 3222.48 2035.41 3601.85 6852.07 5908.23 3955.06 5626.01 2482.94 8570.07 3077.48 2875.43 3112.64 7505.58 1907.8 2007.31 1955.63 9279.36 8430.07 7542.27 1653.39 7471.63 5112.58 4403.24 2626.88 6535.36 4716.1 6027.8 6561.5 5946.43 5673.53 4316.02 6516.21 2232.31 2638.83 3214.98 4279.08 2760.53 4361.94 5645.47 2428.7 5202.86 7009.04 2344.4 6313.83 4700.48 7662.43 2177.93 5363.73 243.516 5827.01 5708.28 2927.42 4197.52 210.95 6701.19 9922.61 5077.26 6872.1 3881.97 1581.42 1359.3 1505.26 6311.97 850.941 6810.65 2767.25 4518.64 8819.8 5609.42 9374.36 5715.04 3582.58 6968.39 4116.47 8626.89 4556.93 3674.59 4887.86 
6651.14 10147.3 4080.01 4128.2 7351.8 9394.17 4319.36 4268.98 7969.72 2921.59 10312.9 2714.59 4023.13 1119.73 7138.86 5457.36 3078.83 5721.14 10886.6 6793.53 6591.94 3180 9246.72 8740.98 6099.26 3711.71 4153.94 8012.5 8175.24 7660.86 9633.82 5397.13 3310.42 7011.28 4270.7 6384.24 3452.54 7478.19 2962.33 6885.23 5832.75 2622.69 5811.24 9466.18 4882.96 9564.71 3564.32 9486.1 5869.63 5169.77 3801.71 7676.72 8448.63 5476.91 7626.85 3697.7 4287.3 11148.2 7501.87 6326.65 4745.04 2273.37 5122.99 4931.99 5098.28 4613.13 9390.47 4092.36 6368.83 10065.7 3715.71 10779.7 5146.59 2323.62 8564.4 6050.8 10466.7 2185.52 2541.36 7950.91 
3017.98 6089.05 1046.95 2384.66 6323.67 5858.88 2260.55 328.024 4436.77 5642.35 6251.35 5907.45 1405.77 4670.8 3412.7 4351.39 2186.73 5290.29 6773.42 4436.95 3400.19 2514.48 5236.22 6925.27 2436.47 1550.29 3405.44 5602.47 4460.1 3512.41 7910.94 1542.08 1160.04 2864.84 2283.53 5542.39 982.344 5031.82 1563.71 3753.11 1725.34 5391.89 1645.14 5853.42 2806.8 6834.4 1284.45 5485.13 5903.77 1237.62 4380.05 3822.59 5220.27 2977.13 5540.44 3940.81 3552.37 6979.86 4123.31 2729.71 969.33 3321.75 4843.35 5605.11 2321.31 4522.52 5888.63 1567.8 2753.94 5903.33 2366.37 6629.67 1570.35 1862.53 4516.02 2612.05 6435.41 2638.65 1656.05 5201.59 
1914.5 6191.9 2367.83 3709.46 7609.45 6485.01 1310.34 1606.39 5146.36 6700.75 6342.75 6883.2 2729.71 5489.42 2384.03 5664.99 3432.86 6614.45 6742.59 3118.49 2120.38 3778.95 5452.35 8099.73 3273.91 2867 2606.4 6693.41 5037.96 3523.93 9080.58 718.679 1474.92 2517.3 3604.36 6851.69 2215.78 6138.15 2724.13 4721.28 1399.18 6428.93 1839.67 6428 4098.98 7788.1 1210.17 5703.17 7228 671.863 5653.47 4325.61 6047.06 4196.09 6705.18 5223.04 2718.27 6714.5 4946.19 1594.11 2083.39 4440.42 6167.6 6904.29 1037.11 5839.77 6534.41 2889.79 3577.28 5718.41 1747.97 6489.01 378.021 2522.95 4711.53 3560.69 6570.68 2778.52 2307.64 6214.77 
6340.39 8014.24 2457.52 1464.55 4178.24 6687.68 5035.49 3155.2 5367.92 2730.35 8178.47 3221.26 2135.06 2802.09 6714.88 2233.94 1151.56 2625.28 8860.86 7562.29 6701.91 812.219 7073.2 5517.76 3901.55 1848.16 5677.23 4874.53 5712.53 5982.48 6413.63 4862.77 3443.63 5823.44 1670.27 3215.03 2370.34 4374.25 1892.64 4136.97 4887.1 2580.31 4494.44 6816.01 2014.45 6460.16 3828.38 7280.31 2980.27 4554.32 1076.89 5416.39 5603.94 2648.24 4438.22 684.471 5843.37 9420.58 4835.08 6056.01 3161.28 951.262 2033.84 2378.07 5448.3 1548.97 6659.77 2055.07 4066.36 8310.01 4740.65 8907.64 4880.09 2725.23 6513.84 3672.34 8262.26 3734.84 2808.56 4918.72 
2718.11 3240.99 3127.46 4007.06 6682.25 3737.51 4272.63 2776.27 2645.18 8088.83 3397.96 8472.22 3356.5 7431.78 2662.48 5266.62 4515.05 6342.15 3880.12 5095.74 3578.44 4713.9 2471.3 6503.64 1768.19 3690.43 5567.56 4916.36 2334.31 615.873 7401.42 2317 3966.79 952.68 3806.23 6240.03 3632.7 4483.85 4199.63 2912.54 1592.01 7884.8 1266.49 3623.53 3818.74 5533.36 3921.85 2722.22 7085.34 2313.66 6279.05 1611.99 3659.36 3448.19 5198.79 5837.68 5666.34 4122.88 2713.6 2716.62 2383.04 5801.35 6128.83 7214.43 3710.53 6027.64 3809.27 3395.72 1835.35 3026.05 4721.55 3735.51 2758.79 4758.33 1730.46 2161.87 3609.02 5471.11 4554.12 4256.22 
5610.36 300 6384.12 6855.11 7921.52 2713.12 7706.58 6209.48 3218.85 11042.6 134.536 11518.4 6512.61 10692.7 5291.39 7330.57 7641.05 8300.42 642.884 7909.4 6441.68 7747.06 1239.88 6918.76 4452.02 6850.64 8980.74 5508.05 2726.35 2935.86 7510.33 5755.22 7476.59 4003.2 6652.17 7899.62 6990.31 5418.39 7505.39 4440.6 5056.93 10888 4777.66 2442.95 6364.97 5056.69 7438.88 1042.35 9040.8 5802.15 8927.74 2896.64 3718.19 5779.97 6086.99 8537.24 9062.2 1777.67 3752.55 5760.03 5697.8 8904.03 8320.61 9526.07 7042.3 8410.38 2822.14 6493.45 4252.12 1358.31 8202.74 1082.59 6187.48 8213.26 1878.43 4641.52 291.548 8982.26 8018.6 4822.8 
3367.74 2631.5 3526.05 4220.96 6464.09 3070.93 4959.7 3293.1 2094.04 8384.39 2793.8 8805.55 3702.39 7856.21 3260.55 5234.01 4859.31 6299.82 3342.83 5759.25 4236.08 5017.58 1806.02 6112.78 1811.77 4042.78 6256.2 4515.77 1711.2 515.461 6973.16 3009.27 4567.73 1564.74 4015.2 6115.72 4097.18 4136.87 4635.27 2619.26 2282.65 8198.56 1884.04 2943.54 3909.02 4980.01 4552.64 2057.79 7053.31 2990.15 6450.31 1034.65 3107.36 3447.03 4867.63 6021.9 6357.44 3748.77 2270.95 3389.99 2809.64 6145.09 6150.65 7286.7 4408.72 6107.09 3147.97 3712.32 1755.14 2636.85 5392.68 3277.87 3450.99 5296.05 1068.88 2143.11 2982.11 6072.84 5100.04 3823.85 
7792.51 10170.5 4290.05 3624.64 5703.07 8891.01 5877.25 4816.33 7572.48 830.963 10335.9 1064.05 4054.53 1160.43 8232.84 4128 2893.86 4033.39 10999.9 8470.92 7951.79 2731.23 9231.48 7304.63 6025.36 3718.28 6058.51 6925.58 7907.45 7996.2 8100.15 6363.98 4470.98 7653.55 3824.04 4769.54 3912.34 6468.71 3316.05 6342.55 6581.87 539.351 6331.99 9021.58 4220.3 8523.97 4828.46 9445.95 3981.67 6078.2 2130.02 7577.86 7794.63 4854.12 6417.58 2271.08 6210.03 11488.9 7040.86 7478.8 5038.11 1607.05 3482.1 2940.49 6520.07 3010.81 8861.39 4032.1 6218.84 10377.3 5380.01 11010.9 6248.66 3445.81 8640.89 5834.33 10432.8 3945.74 3637.98 7053.6 
2770.94 2866.67 5071.17 6062.45 8615.94 4649.99 5196.65 4568.47 4092.38 10068.9 2955.76 10412.5 5343.42 9257.09 2370.02 7320.69 6481.89 8394.43 3016.84 4938.83 3530.35 6712.8 2680.02 8204.98 3826.24 5664.6 6380.63 6612.38 3602.72 1661.48 9025.94 3418.49 5460.59 1725.86 5864.64 8249.72 5472.34 6267.1 6064.86 4770.08 2898.36 9848.91 3022.48 4438.13 5894.15 6864.73 5294.69 2841 9142.35 3592.27 8340.05 3089.16 5052.77 5507.18 7000.71 7895.52 6432.04 2646.22 4373.4 2992.82 4327.09 7751.94 8199.13 9290.05 4416.54 8103.26 4751.64 5404.12 3846.41 1827.02 5785.53 2590.17 3780.01 6407.22 2258.78 4205.34 3249.18 6889.56 6189.43 5903.39 
6182.31 7194.62 2258.87 930.054 3404.76 5722.39 5297.07 3028.53 4446.58 3608.39 7356.21 4153.26 1892.35 3820.99 6500.01 1351.52 1471.39 2061.55 8062.08 7694.37 6663.52 1162.5 6256.01 4585.3 3190.24 1739.25 6123.74 3860.63 4828.88 5363.45 5511.63 4730.92 3727 5388.55 1096.59 2482.44 2464.83 3355.29 2192.72 3192.4 4603.52 3501.56 4102.65 5863.69 1126.1 5442.59 4089.43 6449.57 2627.95 4423.09 1453.41 4608.71 4614.11 1725.95 3444.49 1046.9 6289.43 8703.95 3902.88 5927.47 2821.77 1940.93 1568.69 2415.14 5563.68 1261.43 5688.9 1749.29 3299.12 7602.3 5118.56 8154.32 4840.25 3255.18 5748.36 2896.89 7418.31 4360.38 3275.19 3900.83 
3959.04 8497.79 3347.67 4329.25 8348.19 8497.79 1397.03 2938.33 7080.97 5645.64 8652.68 5614.71 3572.39 4028.92 4462.3 6281.4 3497.94 6989.61 9081.16 3766.66 3704.07 3833.43 7713.79 9263.97 5081.59 3467.16 1258.73 8086.07 7084.95 5833.32 10242.6 3070.02 1515.29 4868.15 4337.2 7446.4 2733.86 7509.1 2788.3 6358.14 3724 5342.14 4025.23 8483.43 4997.85 9415.05 1381.3 7965.58 7425.66 2974.1 5462.98 6421.12 7856.63 5363.55 7925.23 5131.57 1420.04 9062.77 6764.36 3648.25 3597.8 3842.32 6430.63 6780.83 2242.43 5979.78 8530.01 3732.26 5398.96 8069.43 746.525 8838.92 2679.89 1732.17 6975 5241.24 8868.29 880.057 1690.71 7760.5 
1252.08 6482.05 4891.18 6234.91 9959.78 7671.9 2647.56 4120.69 6598.97 9206.44 6592.94 9328.26 5257.92 7839.32 1394.63 8118.5 6024.39 9115.46 6713.4 1243.38 487.647 6369.62 6049.5 10189.8 5161.68 5432.03 3335.94 8664.13 6297.3 4200.06 11141.6 2450.82 3916.02 3038.72 6107.37 9279.58 4806.51 8158.05 5310.34 6606 2845.22 8923.28 3520.37 7531.6 6520.63 9468.29 3555.74 6267.7 9760.79 2747.22 8243.99 5577.43 7604.98 6487.05 8810.9 7811.56 3314.03 6221.81 6593.65 1345.29 4436.68 6999.32 8702.44 9486.08 1878.56 8400.82 7750.77 5407.26 5398.12 5522.03 3279.51 6274.15 2312.25 4941.71 5398.23 5539.79 6876.34 4785.39 4746.05 8071.68 
5349.86 1801.36 4826.85 5032 5881.8 1140.22 6870.26 4854.77 1168.29 9164.57 1938.3 9676.78 4872.47 8998.22 5200.74 5294.32 5926.63 6246.05 2697.04 7746.23 6221.13 5975.37 1040.77 5010.49 2796.86 5193.94 8166.24 3515.18 743.303 2371.54 5709.19 4952.98 6252.18 3544.31 4838.03 5837.68 5493.43 3373.6 5932.55 2422.44 4229.85 9033.68 3723.72 964.002 4456.38 3390.96 6310.01 1090.41 6983.16 4890.94 6976.22 1271.93 1740.46 3841.11 4062.08 6607.75 8277.54 3676.14 1714.79 5384.99 4245 7137.11 6288.02 7498.27 6375.34 6406.31 1236.93 4817.05 2524.64 2791.79 7247.43 2995.88 5390.73 6805.25 1268.23 2863.56 1916.69 7724.72 6635.76 2807.94 
6086.79 8510.49 2532.69 2087.34 5259.51 7441.08 4398.51 3051.88 6057.73 2522.4 8676.74 2824.82 2321.42 1931.32 6511.54 3307.96 1170.04 3683.48 9317.9 6989.37 6314.78 1113.28 7578.1 6586.73 4360.23 1981.16 4852.24 5864.51 6337.04 6253.53 7491.47 4635.9 2870.28 5886.47 2262.41 4294.71 2151.14 5340.04 1557.56 4889.93 4821.04 2276.6 4565.71 7542.21 2802.52 7430.33 3250.14 7801.86 3966.88 4342.78 1908.51 5939.38 6422.46 3424.75 5466.31 1661.93 5015.67 9758.11 5552.52 5779.7 3280.3 247.386 3085.26 3206.7 4941.71 2584.03 7425.2 2320.78 4582.6 8648.4 4001.96 9300.26 4555.66 1949.41 6956.84 4217.35 8792 2804.44 2094.97 5840.59 
3412.11 8792.92 5321.39 6564.58 10601.1 9537.4 2077.11 4645.83 8264.53 8349.38 8921.8 8291.54 5644.16 6690 3795.81 8573.36 5944.01 9410.13 9143.42 1612.08 2643.82 6301.34 8215.7 11239.7 6451.43 5664.99 1480.03 9867.32 8093.9 6257.93 12224.3 3627.08 3622.15 5075.61 6512.02 9767.71 4903.68 9307.01 5180.59 7903.95 4323.94 8045.04 4923.92 9448.74 7099.65 10965.4 3261.98 8454.57 9925.53 3773.27 8061.05 7363.16 9199.05 7297.47 9849.79 7693.43 1342.39 8765.3 8105.86 3253.46 5220.24 6501.73 8890.18 9379.61 2197.13 8479.51 9597.69 5814.37 6750.12 7980.23 2269.27 8752.06 3217.9 4316.77 7502.19 6743.54 9188.51 3582.4 4206.02 9397.57 
7011.71 8627.27 3145.6 2114.54 4133.1 7189.46 5603.5 3834.44 5914.86 2139.02 8790.36 2687.77 2824.55 2589.54 7393.04 2391.34 1808.01 2485.66 9483.95 8161 7350.33 1488.52 7686.51 5628.83 4546.22 2535.69 6153.25 5172 6287.58 6653.61 6471.91 5534.45 4024.92 6512.34 2320.34 3169.51 3025.97 4712.59 2512.87 4662.59 5573.91 2034.94 5183.76 7333.28 2572.35 6770.12 4411.31 7887.29 2669.57 5227.08 586.941 6031.66 6069.8 3190.14 4675.47 520.865 6318.01 10073.1 5372.39 6723.47 3850.68 1101.14 1890.42 1879.63 6062.82 1382.35 7154.17 2743.08 4693.92 8964.15 5262.17 9548.25 5536.11 3212.86 7147.73 4295.22 8863.14 4129.89 3327.01 5300.94 
7079.39 6683.42 3488.62 2279.69 1802.78 4716.53 6726.46 4212.46 3740.39 4881.12 6830.59 5501.13 3159.4 5483.65 7298.36 541.295 3186.63 1342.39 7581.9 8920.59 7706.37 2920.58 5796 2802.03 3360.95 3167.87 7693.44 2280.64 4240.62 5484.03 3730.48 5746.16 5240.47 5882.15 2299.93 1125.39 3932.15 1897.89 3824.13 2550.02 5412.02 4860.79 4785.78 4916.64 1714.21 3873.42 5566.56 5937.09 2089.71 5461.55 2570.99 4300.81 3522.78 1735.66 1750.34 2405.33 7855.96 8427.69 3208.32 6878.41 3767.33 3679.67 1456.02 2653.77 6834.33 1749.29 4654.5 2989.18 3298.03 7385.97 6654.96 7798.67 5965.84 4945.81 5471.56 2960 6822.21 6074.15 4932.07 2551.8 
7018.52 4669.74 4602.45 3988.48 3055.65 2303.58 7606.64 5067.17 1974.97 7461.75 4788.07 8064.8 4425.79 7843.33 7058.99 3139.55 5051.46 3819.35 5542 9256.35 7817.4 4920 3939.26 2153.79 3159.91 4625.02 8795.29 610 2499.3 4504.98 2982.36 6048.22 6435.44 5376.63 3872.84 3234.89 5256.81 720.694 5432.44 1690.09 5459.76 7415.69 4787.12 2550 3224.48 1490.5 6655.4 3994 4475.99 5846.24 5142.08 2978.93 1181.27 2674.79 1211.98 4903.16 8940.97 6578.95 1726.3 6925.64 4427.12 5941.4 4065.1 5234.74 7415.56 4360.39 2216.53 4285.72 2885.13 5683.88 7754.9 5892.07 6408.39 6543.79 3918.29 2846.09 4698.14 7652.48 6450.78 192.094 
2522.86 7861.3 5525.98 6856.97 10772.4 8947.39 2585.59 4771.77 7800.16 9275.52 7974.58 9300.72 5882.92 7733.01 2763.71 8829.16 6441.86 9762.43 8100.88 151.327 1651.09 6801.09 7400.72 11179 6196.21 5987.85 2684.77 9705.32 7541.81 5510.14 12149.4 3322.56 4141.32 4325.01 6762.37 10017.6 5274.92 9173.06 5683.04 7665.87 3891.66 8978.05 4561.11 8822.2 7265.29 10627.5 3754.94 7624.3 10352.4 3566.02 8650.14 6811.75 8788.23 7336.38 9785.89 8243.94 2598.87 7590.32 7737.91 2496.5 5224.73 7226.96 9294.57 9943.97 2163.35 8937.17 9020.83 6046.5 6462.97 6908.87 3071.89 7658.81 3025.92 5047.77 6730.9 6544.81 8256.3 4578.57 4888.08 9157.06 
1170.68 5365.37 2770.88 4091.61 7751.26 5930.01 2096.14 2022.99 4685.4 7472.22 5509.89 7700.92 3133.13 6365.29 1557.69 5924.57 4041 6937.53 5862.98 3085.61 1726.62 4361.11 4687.1 8028.13 3023 3352.15 3365.37 6535.21 4488.94 2724.13 8991.61 319.531 2385.33 1620.99 3948.49 7077.2 2838.54 6009.6 3409.3 4491.38 729.452 7212.68 1387.08 5840.45 4324.12 7468.37 2159.28 4933.89 7601.82 619.839 6212.25 3756.82 5649.89 4278.74 6640.08 5767.3 3450.36 5777.1 4580.17 910.824 2243.5 5165.63 6549.27 7401.73 1459.86 6279.15 5991.67 3269.57 3288.11 4803.6 2637.46 5579.86 608.358 3409.65 3954.55 3379.6 5752.51 3738.15 3190.11 5982.19 
3946.45 1502.33 5294 6034.64 7956.61 3443.84 6146.64 4965.41 3200.56 10195.6 1603.53 10608.9 5494.77 9614.56 3616.43 6944.24 6655.23 7991.13 1814.63 6233.39 4769.34 6824.93 1397.89 7305.05 3614.71 5833.84 7397.9 5748.91 2662.71 1576.1 8052.55 4228.3 6100.79 2432.98 5828.79 7730.68 5821.04 5493.64 6382.64 4152.17 3571.23 10006.4 3430.01 3207.65 5699.56 5758.97 6011.03 1514.89 8746.94 4320.05 8255.28 2379.77 4050.94 5202.71 6221.16 7830.23 7469.67 1944.56 3605.14 4110.99 4557.82 7943.1 7890.79 9050.98 5439.94 7880.06 3551.69 5513.92 3520.13 837.377 6679.43 1561.09 4644.92 6937.21 1250.64 3919.45 1891.56 7592.76 6729.71 5027.8 
8837.79 6533.19 5892.16 4910.41 1891.8 4034.35 9089.44 6501.45 3957.63 7408.06 6635.97 8053.15 5627.48 8226.14 8924.4 3278.19 5907.7 3378.71 7372.77 10979.1 9597.47 5672.08 5871.67 182.483 4895.85 5729.86 10184.1 1437.36 4478.26 6467.03 1091.24 7736.1 7740.1 7276.33 4870.03 2628.8 6460.26 1899.92 6472.07 3470.52 7217.82 7443.61 6540.11 4302.49 4198.69 1947.33 8020.01 5901.03 3775.95 7499.47 5200.47 4953.23 3093.17 3862.56 1288.88 5125.44 10340 8467.24 3680.9 8712.71 5920.01 6458.43 3865.71 4785.33 9024.56 4320.01 3929.29 5463.85 4667.17 7622.62 9132.03 7770.93 8052.93 7612.05 5896.04 4524.04 6508.24 8748.05 7568.32 2134.76 
5122.99 2023.88 7064.03 7826.43 9539.35 4549.43 7569.63 6691.28 4741.02 11985.8 1962.29 12393.8 7276.33 11369.5 4688.76 8674.3 8437.36 9704.47 1399.43 7140.06 5829.79 8613.35 2667.21 8694.19 5402.85 7614.26 8754.03 7210.17 4201.15 3337.81 9342.34 5751.28 7737.01 3977.8 7620.53 9396.3 7566.31 7037.39 8138.23 5826.03 5165.58 11794.5 5133.55 4281.65 7479.1 6917.59 7605.17 2613.24 10458.7 5894.75 10041.3 4081 5433.3 6965.9 7743.55 9618.5 8803.07 305.941 5214.26 5360.2 6321.93 9725.53 9635.79 10809.3 6791.18 9645.91 4660.82 7300 5295.9 992.824 8152.06 828.553 6132.7 8627.92 2904.62 5697.19 2185.15 9201.11 8415.25 6499.42 
3980.01 3708.26 2466.78 2864 5126.65 3061.93 4797.52 2530 1651.97 7056.94 3874.13 7516.47 2535.84 6704.36 4048.51 3784.4 3639.3 4853.87 4537.19 6224.48 4775.14 3738.94 2772.53 5019.41 447.772 2867.14 6062.78 3459.05 1678.63 1893.91 5947.86 3059.3 3954.57 2422.97 2658.76 4704.25 3131.15 2982.97 3579.12 1405.45 2429.09 6891.41 1768.16 3060 2473.3 4318.07 4060.21 2995.41 5605.6 2896.38 5036.72 1140.39 2531.42 1992.49 3679.27 4618.63 6191.75 5121.03 1437.36 3883.3 1896.76 4896.05 4696.01 5835.41 4472.94 4658.59 3093.43 2499.3 300.832 4019.08 5076.32 4583.84 3452.32 4447.17 2185.52 693.181 3985.6 5395.79 4282.24 2853.94 
2419.19 3455.84 5210.47 6290.19 9052.81 5246.05 4950.82 4639.62 4629.49 10194.8 3537.47 10505.7 5508.4 9283.67 1965.4 7667.76 6618.8 8743.39 3541.09 4443.8 3100.97 6873.29 3288.05 8718.4 4171.53 5815.88 6078 7122.15 4156.37 2104.59 9558.04 3306.19 5388.82 1817.47 6098.61 8640.83 5545.96 6753.14 6142.71 5225.56 2894.01 9962.49 3149.92 5038.17 6189.67 7435.92 5184.64 3449.71 9484.01 3521.85 8566.64 3602.07 5607.04 5848.83 7483.92 8117.84 6115.96 3021.21 4876.47 2681.57 4481.75 7866.52 8514.23 9571.56 4136.52 8386.59 5346.48 5585.74 4230 2340.47 5565.55 3071.68 3620.01 6377.62 2845.65 4565.8 3832.83 6764.04 6157.69 6420.67 
6295.86 7950.33 2406.01 1401.21 4153.26 6625.41 5012.43 3108.5 5304.5 2794.15 8114.54 3285.18 2080.82 2855.8 6668.02 2196.41 1115.44 2611.97 8797.14 7533.29 6663.31 770.065 7009.28 5478.92 3838.39 1797.39 5667.19 4823 5648.62 5921.57 6378.38 4818.34 3419.49 5767.71 1607.02 3191.69 2331.74 4320.46 1863.44 4074.24 4836.28 2644.33 4439.38 6753.26 1951.33 6407.26 3803.6 7216.33 2982.1 4509.6 1108.87 5352.48 5543.14 2585.36 4390.96 702.282 5833.43 9358.03 4771.93 6012.66 3106.44 992.975 2023.56 2401.27 5416.98 1544.67 6597.76 1998.5 4002.62 8247.55 4724.88 8844.46 4840.04 2716.8 6450.36 3608.49 8198.25 3736.64 2795.44 4862.15 
7075.43 9260.94 3434.47 2712.21 5085.2 7990.12 5348.42 4009.75 6663.21 1564.16 9426.18 1960.23 3178 1622.62 7497 3350.24 2024.67 3424.86 10093.3 7946.45 7303 1832.51 8321.45 6596.28 5119.07 2846.91 5706.01 6105.01 6995.14 7115.51 7436.83 5620.72 3847.49 6820.69 2912.04 4125.85 3119.7 5627.76 2533.32 5438.13 5782.5 1350.93 5491.54 8116.96 3314 7700.55 4223.42 8534.99 3522.64 5325.34 1478.28 6667.06 6904.61 3948.9 5626.01 1482.73 5865.73 10598 6133.53 6769.18 4179.72 774.919 2838.05 2591.87 5919.21 2335.74 7962.44 3144.6 5308.64 9486.03 4916.01 10111.6 5545.85 2886.26 7735.82 4922.94 9521.34 3605.55 3050.41 6194.51 
9534.29 7830.36 6166.4 4980.46 1013.9 5380.75 9411.53 6864.2 5090.04 6625.99 7943.46 7275.85 5848.98 7706.02 9685.93 3038.72 5846.04 2673.28 8691.88 11522.2 10230.6 5550.44 7107.1 1262.46 5615.87 5869.05 10394.8 2561.27 5630.14 7449.68 1530.52 8298.07 7940.96 8118.5 4999.49 1981.54 6632.72 2813.97 6514.63 4335.37 7871.47 6713.16 7207.81 5644.16 4388.54 3376.18 8263.38 7163.03 2810.07 8031.34 4620.82 6001.08 4344.47 4249.76 2079.64 4668.4 10557.2 9747.08 4717.85 9369.12 6362.42 6112.71 3257.3 3890.82 9473.04 3763.24 5280.15 5678.77 5445.46 8847.74 9355.35 9058.17 8560.86 7623.4 7041.02 5214.33 7836.61 8742.11 7620.79 3276.11 
6028.18 2691.36 4833.43 4768.28 5016.42 592.284 7264.16 5015.19 860.233 8760.97 2807.08 9310.11 4804.26 8784.51 5938.77 4673.98 5751.29 5549.17 3560.46 8403.74 6888.96 5740.6 2022 4041.5 2865.05 5097.42 8543.47 2590.44 976.524 3133.13 4723.56 5426.98 6446.15 4237.1 4591.91 5070.01 5521.75 2531.26 5884.67 1977.3 4728.48 8658.88 4139.78 707.248 4102.02 2422.66 6560.62 2040.22 6263.43 5314.13 6499.42 1706.6 800.812 3466.55 3175.15 6168.87 8667.48 4612.99 1303.61 6021.38 4366.06 6881.93 5664.67 6875.54 6862.32 5846.58 600.083 4717.21 2551.96 3770.41 7571 3920.74 5849.45 6860.53 2191.46 2789.5 2719.56 7861.25 6713.29 1910.39 
4894.95 1227.76 6397.28 7081.79 8682.89 3719.41 7208.22 6085.2 3885.67 11261.8 1203.54 11689.8 6585.93 10723.5 4511.34 7850.64 7743.98 8872.46 910 7074.94 5672.55 7900.69 1808.78 7841.43 4646.17 6926.05 8439.22 6352.32 3347.12 2693.64 8501.2 5315.8 7218.03 3516.5 6875.64 8550.8 6936 6179.85 7493.23 4987.84 4676.16 11080.4 4551.59 3454.07 6698.13 6091.41 7120.85 1760.03 9625.39 5422.32 9268.79 3260.38 4577.39 6167.09 6885.23 8852.73 8502.82 894.707 4364.97 5093.62 5666.12 9030.09 8819.14 10000.8 6472.97 8845.12 3831.15 6597.34 4516.43 322.49 7758.45 458.912 5723.01 8058.82 2085.4 4918.67 1469.97 8706.64 7851.28 5641.13 
8577.44 8642.56 4695.53 3349.7 1933.73 6612.11 7721.89 5466.82 5698.18 3762.79 8789.29 4412.36 4329.26 4951.62 8863.51 1666.28 3808.48 617.171 9541.14 10144.9 9097.09 3453.13 7754.7 3696.28 5158.85 4190.05 8466.53 3920.46 6200.03 7341.21 4346.63 7149.19 6135.83 7601.07 3479.37 1197.08 4906.09 3698.5 4571.31 4504.94 6954.23 3858.52 6392.26 6826.43 3170.02 5394.34 6508.34 7896.49 177.2 6844.59 1942.5 6239.78 5415.99 3477.04 3280.55 2157.61 8632.96 10380.1 5167.69 8336.77 5192.12 3605.84 883.233 1032.38 8013.85 1278.63 6541.78 4177.14 5150.04 9329.46 7496.69 9755.62 7280.97 5525.77 7414.83 4779.38 8777.45 6550.51 5589.65 4370.13 
7375.26 5685.67 4407.1 3510.27 1992.23 3394.01 7587.52 4999.86 2834.87 6554.85 5812.85 7176.81 4157.69 7112.54 7486.42 2217.12 4546.74 2760.04 6571.41 9483.63 8118.08 4349.94 4899.08 1618.39 3427.1 4284.76 8695.42 617.171 3378.18 5161.78 2595.86 6239.44 6260.77 5873.71 3444.72 2142.55 4996.32 530.848 5053.1 2061.84 5738.73 6536.8 5062.74 3633.69 2766.97 2197.91 6530.94 4981.77 3390.29 5998.54 4247 3712.14 2232.89 2374.13 228.254 4067.36 8849.95 7563.35 2432.06 7237.85 4414.18 5256.94 3065.45 4196.72 7518.97 3415.41 3310.38 3997.82 3220.25 6617.44 7643.46 6888.08 6550.31 6192.45 4773.78 3043.32 5743.21 7325.82 6133.65 1122.54 
7546.58 8799.57 3628.91 2453.26 3645.89 7192.34 6241.23 4354.09 5993.41 2201.27 8959.78 2823.49 3285.25 3064.26 7909.11 2141.05 2376.83 1975.17 9673.31 8782.59 7924.95 2030.89 7863.75 5240.77 4813.99 3029.14 6817.54 4960.58 6406.45 6976.85 6034.32 6070.1 4654.65 6933.11 2650.02 2704.07 3593.56 4551.41 3115.65 4727.12 6055.29 2189.79 5618.43 7356.58 2744.01 6552.5 5040.61 8051.37 2046.85 5760.64 174.642 6223.54 6035.67 3313.61 4413.46 623.618 6982.56 10329 5443.01 7267.05 4295.64 1766.04 1415.1 1210.78 6672.36 955.249 7147.31 3180.27 4923.67 9227.62 5916.5 9776.05 6100.66 3872.32 7370.11 4521.43 9011.38 4798.77 3979.6 5177.51 
5239.02 463.249 5680.32 6112.49 7232.05 2170.07 7182.26 5544.84 2486.76 10296.9 618.466 10777.1 5794.94 9973.61 4971.78 6585.93 6914.34 7563.5 1360.77 7595.81 6094.8 7012.08 506.063 6308.64 3722.16 6131.3 8470.09 4849.82 1982.52 2390 6952.7 5222.15 6849.23 3533.86 5910.26 7177.53 6300.58 4724.03 6802.83 3694.6 4506.94 10144.8 4165.6 1906.25 5614.71 4542.35 6834.77 290.689 8306.59 5240.23 8176.34 2153.72 3061.78 5028.42 5408.81 7786.66 8560.58 2342.33 3012.94 5353.97 5009.72 8171.2 7574.6 8778.67 6561.6 7660.06 2281.86 5769.9 3512.62 1581.14 7648.53 1652.21 5661.07 7546.82 1215.11 3898.73 715.542 8353.49 7357.02 4150.08 
6325.29 4573.69 3807.57 3250.55 3140.33 2489.66 6818.36 4271.83 1659.52 6919.03 4710.04 7501.63 3638.04 7175.91 6397.08 2694.09 4310.05 3537.36 5469.23 8521.5 7104.44 4202.2 3745.94 2680.62 2412.99 3847.04 8000.83 1109.41 2200.45 3975.19 3598.06 5296.46 5638.47 4745.29 3121.6 3073.53 4465.61 677.422 4657.56 950 4732.41 6848.96 4055.54 2690.02 2494.51 2276.07 5858.88 3848.65 4252.65 5084.13 4612.99 2510.56 1299.58 1913.16 1411.52 4329.45 8147.15 6413.93 1230.37 6214.84 3634.35 5262.82 3674.14 4879.77 6646.4 3895.5 2429.92 3501.27 2158.45 5441.8 6959.34 5750.15 5645.43 5760.67 3579.46 2076.17 4668.92 6864.2 5663.23 613.514 
8481.09 8545.37 4603.39 3257.25 1904.44 6523.13 7639.92 5374.62 5601.61 3775.84 8692.39 4425.98 4237.32 4932.07 8765.67 1564.38 3730.97 519.711 9443.86 10056.8 9003.7 3376.82 7656.4 3654.22 5056.93 4101.62 8393.24 3844.01 6102.36 7239.23 4322.27 7054.59 6055.38 7500.15 3384.97 1131.46 4820.84 3613.32 4492.45 4405.96 6856.3 3863.81 6292.87 6736.25 3070.15 5327.52 6426.86 7798.96 271.662 6750.32 1902.87 6139.32 5326.73 3375.11 3206.56 2100.21 8559.67 10280.5 5070.25 8241.32 5095.58 3555.63 793.788 1063.67 7926.12 1208.01 6453.47 4084.42 5048.1 9229.11 7419.89 9656.76 7188.78 5455.5 7314.54 4677.4 8681.68 6486.45 5516.61 4285.09 
7597.14 5566.51 4774.62 3926.13 2180.57 3183.11 7923.35 5340.08 2814 6981.4 5685.36 7606.06 4539.44 7552.65 7682.94 2649.55 4969.56 3136.96 6439.39 9752.63 8360.86 4779.84 4824.95 1386.54 3658.43 4681.08 9052.72 291.548 3351.21 5256.81 2322.63 6512.61 6630.31 6038.87 3852.4 2480.32 5380.05 662.193 5458.8 2229.1 5982.05 6967.81 5304.07 3435.46 3175.15 1774.06 6889.91 4886.36 3732.77 6282.69 4678.13 3763.47 2078.58 2747.07 391.152 4504.94 9205.4 7472.17 2479.52 7474.78 4737.39 5695.94 3474.38 4582.62 7821.64 3839.23 3091.29 4382.75 3426.03 6564.1 8001.76 6786.93 6839.33 6596.04 4766.56 3292.19 5594.8 7727.06 6531.19 992.472 
8567.43 9757.79 4664.44 3495.21 3878.72 8032.3 7151.01 5379.41 6902.54 1831.83 9915.83 2476.31 4324.68 3264 8938.23 2863.23 3372.14 2304.19 10639.6 9721.41 8920.02 3039.49 8827.6 5614.24 5830.82 4060.75 7626.85 5604.23 7340.48 8005.9 6295.79 7089.86 5583.35 7977.09 3690.34 3047.95 4592.13 5263.39 4083.54 5638.41 7093.55 1967.03 6662.19 8212.99 3742.14 7160.82 5969.4 9006.8 2004.89 6781.22 1217.58 7201.56 6852.54 4280.42 5005.46 1667.6 7789.24 11328.9 6351.09 8283.24 5338.21 2533.55 1923.15 920.869 7630.36 1665.08 7978.98 4222.57 5925.58 10232.4 6779.75 10763.1 7103.1 4724.92 8359.58 5524.07 9953.94 5549.07 4857.08 5917.99 
6431.83 6828.79 2635.19 1328.8 2736.51 5161.49 5821.63 3394.66 3974.34 4176.98 6985.88 4760.01 2280.9 4556.33 6703.22 680.074 2163.63 1645.75 7714.15 8117.75 6988.91 1891.8 5902.35 3824.15 3041.2 2228.47 6731.46 3118.49 4407.29 5241.35 4758.93 5028.29 4293.37 5436.25 1399.79 1874.89 2992.01 2634.1 2826.04 2708.23 4794.01 4107.75 4223.03 5324.43 1000 4709.92 4636 6077.15 2340.77 4729.33 1883.22 4293.03 4012.54 1387.08 2681.68 1587.73 6895.58 8441.83 3422.86 6202.1 3050.07 2698.98 1339.89 2461.3 6002.03 1298.5 5117.98 2115.4 3077.03 7358.33 5704.26 7856.82 5196.43 3934.02 5462.68 2686.13 7020.95 5057.13 3930.85 3213.63 
8191.03 7061.62 4740.14 3555.19 661.211 4794.01 7984.47 5445.07 4162.22 5659.8 7192.9 6304.92 4420.52 6523.43 8370.55 1659.22 4445.96 1635.73 7952.38 10123.7 8860.93 4164.16 6248.33 1710.03 4326.85 4441.19 8967.02 1941.26 4701.97 6299.73 2544.43 6914.62 6512.46 6859.37 3570.9 894.93 5204.33 1894.1 5097.61 3190.14 6521.75 5696.89 5869.63 5034.33 2961.5 3325.69 6834.4 6345.66 2114.83 6640.88 3468.31 4943.86 3631.47 2857.92 1292.01 3428.12 9129.21 8916.43 3704.12 8011.22 4959.76 4819.38 2120.38 3064.26 8059.93 2586.27 4709.35 4250.27 4194.02 7940.76 7926.75 8250 7162.18 6214.77 6061.32 3919.39 7132.64 7339.65 6205.2 2522.95 
6194.27 1992.11 7780.67 8404.72 9657.6 4405.96 8579.61 7488.98 4937.82 12596 1855.21 13041 7955.94 12110.5 5777.21 9024.47 9109.26 10011.8 1095.63 8262.67 6928.07 9251.39 2881.25 8622.77 5969.05 8296.52 9792.01 7238.4 4428.83 4097.15 9172.36 6708.8 8626.82 4911.71 8199.1 9627.61 8332.65 7154.55 8884.01 6133.6 6079.9 12423.9 5960.08 4137.93 7974.24 6697.18 8526.02 2732.65 10756.3 6824.02 10548 4494.2 5450.47 7414.16 7821.98 10143.2 9848.68 828.734 5461.36 6415.74 7056 10391.5 10009 11207.7 7824.61 10074 4511.54 7959.2 5810.83 1713.97 9142.17 980.051 7109.21 9466.75 3356.72 6210.76 1936.1 10113.8 9259.72 6557.39 
2751.82 7606.97 3295.6 4520.9 8561.48 7918.85 165.529 2660.17 6559.16 6628.73 7754.44 6673.84 3608.67 5130.55 3252.63 6529.63 3922.31 7370.24 8118.73 2673.16 2456.01 4281.93 6890 9252.16 4631.21 3621.12 1159.18 7931.02 6474.46 4946.32 10238.1 2112.37 1587.77 3876.6 4471.35 7723.73 2859.53 7361.96 3155.71 6035.3 2830 6332.65 3284.69 7868.57 5069.28 9120.27 1219.39 7140.06 7898.2 2120.42 6081.85 5767.82 7429.7 5300.04 7870.51 5696.89 1278.83 7997.58 6324.87 2452.84 3275.81 4595.18 6856.77 7393.54 1008.96 6456.29 7965.18 3778.95 4943.85 7050.63 502.195 7829.07 1675.86 2404.1 6150.13 4875.09 7990.36 2014.8 2255.75 7508.46 
4782.39 5921.71 1075.17 650 4229.95 4827.34 4320.05 1785.3 3422.57 4837.13 6086.91 5297.44 790.759 4571.09 5065.04 2293.14 1515.29 3296.74 6757.94 6502.49 5339.91 1541.85 4982.18 4916.39 1790.11 951.262 5355.23 3743.63 3694.37 3899.76 5900 3377.71 2904.13 3891.04 444.072 3469.44 1628.9 3168.36 1760.82 2309.57 3156.34 4670.52 2618.43 4914.24 713.442 5164.19 3196.58 5196.59 3973.34 3080.58 2909.04 3328.44 3877.69 1012.42 3563.87 2468.62 5513.4 7310.57 2932.88 4550.27 1398.32 2704.53 2933.34 3904.48 4407.56 2728.83 4819.22 630.635 1969.39 6200.81 4304.65 6796.01 3560.01 2872.37 4405.28 1586.85 6184.01 3990.84 2789.59 3502.74 
5870.72 6679.42 2020.4 698.928 3360.43 5223.52 5191.99 2786.27 3933.95 4119.93 6840.8 4656.49 1661.11 4246.75 6162.35 1310.15 1593.14 2229.91 7548.36 7503.09 6400.52 1367.95 5741.26 4359 2701.2 1598.41 6105.78 3491.25 4312.59 4888.57 5313.38 4446.22 3664.42 4973.15 784.347 2504.6 2362.05 2960.15 2214.61 2684.05 4254.7 4006.22 3715.94 5359.65 614.003 5050.04 4006.01 5933.84 2882.26 4143.43 1960.23 4095.91 4130.44 1210.37 3133.56 1562.72 6269.58 8201.25 3392.02 5630.72 2485.82 2338.05 1835.35 2825.77 5382.81 1641.49 5192.77 1498.57 2795.8 7102.11 5076.22 7646.03 4595.84 3336.54 5240.09 2393.76 6901.88 4466.86 3322.32 3468.03 
9086.43 11578.4 5694.25 5025.73 6630.61 10238.7 7011.57 6193.3 8946.65 974.936 11743.5 363.593 5466.19 1796.27 9541.47 5310.4 4305.16 5006.82 12411.2 9567.47 9181.01 4144.83 10638.6 8332.92 7436.73 5128.9 7001.83 8130.42 9296.65 9407.4 9050.55 7687.67 5717.49 9039.74 5227.17 5759.21 5286.44 7710.01 4690.01 7703.77 7947.39 1015.33 7724.9 10379.3 5592.04 9723.07 6052.6 10851.1 4770.08 7411.11 3282.83 8983.54 9119 6221.13 7581.91 3532.39 7140.34 12902.5 8409.14 8767.7 6442.25 3017.05 4526.04 3685.99 7715.65 4116.43 10204.1 5445.9 7625.88 11791 6459.45 12424.9 7539.62 4668.36 10053.1 7238.74 11836.5 4950.65 4875.95 8321.86 
1737.38 3751.83 4438.47 5566.19 8535.84 5176.33 4183.44 3841.47 4352.7 9405.92 3861.72 9705.12 4748.53 8468.32 1360.66 7042.56 5840.42 8115.55 4010.5 3972.81 2520.52 6105.71 3376.82 8341.97 3579.46 5047.23 5350.45 6748.18 3936.34 1758.66 9221.39 2488.23 4568.98 1083.42 5380.15 8062.57 4745.75 6334.04 5342.48 4769.2 2082.91 9169.22 2390.69 4998.66 5521.61 7228.4 4368.67 3579.46 8845.89 2701.48 7833.68 3294.62 5361.91 5230.01 7053.65 7383.2 5399.33 3679.52 4515.42 1957.8 3722.59 7076.11 7852.93 8877.22 3390.01 7697.17 5267.95 4835.13 3684.36 2840.07 4785.19 3613.11 2812.56 5557.63 2792.58 3984.53 4145.6 5952.11 5337.66 6069.76 
3654.65 2374.03 3735.91 4355.97 6400.38 2787.87 5263.02 3544.93 1891.72 8537.56 2538.37 8973.41 3891.85 8061.79 3529.53 5259.29 5041.48 6315.89 3120.21 6049.28 4524.82 5183.33 1519.9 5968.46 1922 4232.32 6559.86 4373.21 1466.49 717.008 6808.42 3314.23 4843.66 1848.78 4149.82 6096.06 4327.23 4023.49 4852.68 2551.25 2587.45 8359.45 2173.29 2651.87 3996.45 4756.82 4838.48 1771.02 7071.32 3291.23 6557.05 850.706 2893.18 3500.91 4757.42 6135.51 6661.79 3606.01 2130.26 3685.43 3035.28 6322.48 6195.26 7349.18 4714.66 6176.54 2868.12 3890.82 1815.96 2499.48 5691.06 3097.16 3755.86 5548.67 793.788 2215.51 2713.26 6347.24 5355.97 3669.47 
9485.74 11802.8 6004.24 5249.04 6534.91 10374.1 7459.52 6538.09 9115 1062.12 11967 696.419 5757.01 2270.2 9933.85 5351.82 4600 4950.66 12647.3 10026 9605.65 4410.22 10861.8 8270.48 7679.18 5424.09 7480.11 8163.56 9485.38 9695.61 8948.82 8071 6132.09 9374.69 5453.45 5699.73 5633.68 7768.46 5037.16 7860.43 8302.59 1229.19 8051.66 10525.1 5770.31 9746.24 6475.21 11068.5 4643.11 7788.95 3349.78 9204.96 9234.99 6390.5 7594.08 3649.68 7620.16 13175.2 8571.68 9169.11 6751.67 3320.39 4509.83 3570.22 8149.21 4137.66 10334.7 5724.56 7853.48 12063.2 6917.49 12681.1 7939.18 5088.03 10295.7 7460.63 12049.4 5417.09 5291.4 8396.08 
3865.18 5899.09 187.883 1391.69 5261.65 5245.27 3302.38 755.91 3801.85 5156.44 6065.31 5520.74 451.221 4514 4193.86 3303.94 1569.84 4270.95 6670.37 5480.01 4361.52 1807.54 4986.88 5894.85 1845.7 751.798 4382.92 4628.19 3940.57 3549.93 6880.7 2415.49 1967.87 3248.4 1258.77 4490.13 863.713 4052.28 1310.34 2914.31 2319.7 4941.71 1915.96 5282.66 1744.85 5945.42 2218.83 5223.49 4912.85 2109.24 3566.09 3410.63 4457.02 1942.81 4520.01 3115.41 4537.15 7058.97 3401.19 3610.06 586.686 2850.44 3855.93 4710.68 3377.47 3578.74 5258 570.088 2134.1 5951.34 3331.2 6618.8 2555.19 2202.27 4321.87 1870.67 6208.04 3237.36 2061.19 4288.41 
4368.07 3699.31 2650.23 2864.47 4809.26 2790.07 5146.15 2805.03 1352.37 7045.69 3862.9 7529.16 2669.08 6793.42 4429.86 3573.51 3720.86 4630.87 4557.48 6612.81 5164.62 3784.23 2758.3 4642.15 653.758 2986.9 6401.25 3075.14 1483.14 2160.37 5565.15 3438.63 4237.28 2787.71 2664 4433.93 3331.91 2608.64 3738.05 1029.56 2816.56 6894.79 2152.32 2814.98 2381.7 3936.34 4365.55 2963.31 5386.07 3267.12 4955.5 1103.45 2171.87 1836.98 3313.44 4552.3 6533.34 5223.89 1068.88 4272.76 2153.93 4947.02 4514.62 5679.66 4845.3 4516.48 2811.44 2609.1 340 4137.69 5402.42 4653.4 3825.62 4664.76 2249.31 658.635 3946.56 5650.14 4510.67 2464.73 
4207.43 8063.87 2389.02 3206.7 7190.95 7750.16 2020.94 2193.47 6310.2 4688.37 8225.41 4751.89 2545.68 3248.34 4694.21 5124.11 2326.39 5811.72 8730.8 4613.91 4193.04 2656.63 7215.68 8169.19 4311.16 2384.47 2406.01 7062.08 6388.82 5458.58 9141.04 2978.34 906.973 4670.59 3236.33 6279.68 1714.79 6486.76 1645.02 5456.42 3480.76 4393.18 3584.69 7766.6 3909.48 8455.99 1120.04 7464.64 6246.28 2775.21 4297.87 5779.9 7000.58 4330.73 6855.79 3956.83 2571.58 8868.33 5936.33 3882.94 2814.55 2711.62 5250.95 5617.58 2713.3 4799.93 7770.23 2692.08 4620.1 7815.89 1547.19 8559.67 2705.42 552.178 6494.16 4400.24 8413.14 693.542 538.516 6792.48 
1989.27 5847.88 2054.48 3400.35 7238.02 6063.6 1726.99 1283.2 4716.92 6612.72 6001.67 6834.4 2420.99 5500.71 2413.57 5322.03 3228.93 6294.2 6430.01 3478.17 2354.68 3562.02 5083.48 7687.31 2840.04 2595.15 3016.29 6269.11 4618.06 3181.01 8666.45 552.268 1549.35 2249.64 3280.56 6501.3 2012.06 5716.38 2565.35 4289.57 1075.64 6350.66 1430.14 6011.4 3740.12 7354.4 1379.28 5335.02 6926.94 331.21 5430.01 3910.65 5613.64 3802.96 6292.23 4991.21 3133.83 6462.58 4512.39 1690.12 1689.08 4315.21 5867.42 6653.61 1449.72 5561.67 6111.38 2573.44 3143.12 5440.08 2110.38 6202.49 531.601 2552.25 4342.56 3130.02 6221.42 2975.72 2332.14 5784.12 
4598.48 8393.24 2592.78 3264.97 7176.31 7998.11 2363.24 2490.98 6555.16 4370.18 8555.75 4404.38 2702.96 2878.37 5085.87 5116.01 2308.68 5742.56 9074.15 4938.75 4570.83 2611.97 7533.83 8229.82 4568.44 2500 2599.46 7181.54 6658.24 5805.82 9193.26 3366.1 1285.5 5044.06 3318.51 6247.6 1903.79 6609.46 1710.26 5651.94 3854.79 4071.23 3931.37 8024.77 3996.26 8610.74 1512.08 7781.52 6136.78 3157.48 4139.98 6068.05 7209.51 4458.8 6942.23 3826.88 2761.32 9233.95 6161.37 4273.98 3086 2502.84 5168.15 5453.89 3085.21 4700.23 8013.9 2836.37 4871.88 8175.38 1840.03 8914.42 3097.26 577.235 6818.11 4630.01 8737.58 588.982 700.643 6947.41 
3429.87 8827.21 5799.59 7076.64 11090.1 9741.18 2590.62 5092.84 8518.48 9000.47 8947.87 8950.45 6135.14 7350.33 3747.12 9082.4 6508.39 9948.16 9115.54 1251.6 2589.54 6867.81 8309.24 11655.3 6779.75 6180.81 2140.84 10244.1 8309.76 6375.77 12636.9 3903.66 4173.88 5183.25 7011.57 10278.1 5427.78 9692.36 5741.93 8246.21 4561.86 8696.63 5197.55 9635.83 7576.44 11278.4 3801.32 8541.12 10484 4090.2 8653.94 7576.23 9478.28 7734.73 10261.2 8276.73 2005.62 8653.06 8398.6 3329.88 5632.57 7118.72 9440.73 9969.66 2526.6 9042.58 9807.48 6304.49 7068.04 7932.72 2870.84 8692.72 3527.97 4925.77 7614.79 7094.8 9223.39 4232.88 4803.68 9744.13 
5449.45 6623.41 1550.81 206.155 3857.16 5346.19 4695.72 2321.57 3994.72 4120.83 6787.35 4612.13 1185.96 4034.41 5760.56 1808.01 1171.54 2700.24 7474.15 7024.88 5950.63 1022.4 5682.3 4807.75 2534.03 1101.14 5609.32 3848.77 4323.91 4671.24 5771.46 4006.71 3166.35 4651.92 353.553 3001.67 1864 3296.86 1733.58 2789.28 3861.57 3973.16 3360.48 5460.59 687.314 5372.76 3508.01 5888 3323.43 3700.62 2134.41 4025.68 4307.59 1310.42 3541.89 1695.32 5772.92 8062.02 3471.31 5199.54 2080.22 2121.91 2265.15 3158.35 4900.37 2000.02 5325.38 1030.78 2681.06 6954.44 4578.49 7534.06 4135.52 2865.75 5133.94 2283.97 6869.31 4000.12 2841.13 3750.33 
2064.75 7457.16 4584.16 5907.45 9851.14 8310.24 1640.76 3838.88 7091.72 8347.48 7583.59 8394.77 4937.53 6844.46 2447.39 7889.26 5476.71 8810.69 7794.68 962.549 1304.19 5836.06 6905.09 10317.8 5385.63 5032.45 2011.37 8874.33 6878.79 4959.76 11294.4 2498.04 3178 3769.2 5818.36 9080.67 4313.51 8330.92 4717.65 6856.24 3137.04 8052.38 3782.08 8206.03 6337.26 9868.03 2791.77 7140.45 9393.81 2708.23 7684.86 6145.24 8057.06 6436.81 8922.74 7278.59 1973.45 7421.17 6983.1 1924.19 4322.34 6270.77 8336.97 8978.67 1217.09 7975.27 8376.41 5102.72 5666.92 6630.12 2175.89 7401.95 2150.77 4100.44 6202.02 5714.84 7853.18 3703.9 3935.09 8353.64 
5913.65 1657.47 7423.44 8044.06 9333.06 4114.68 8269.04 7138.16 4596.54 12235.3 1528.82 12680.6 7596.93 11753.5 5508.18 8673.85 8749.73 9665.35 774.661 8023.78 6664.32 8891.03 2530.32 8328.39 5608.36 7937.51 9490.97 6924.58 4083.06 3747.33 8898.55 6385.21 8287.3 4586.28 7838.43 9288.72 7978.5 6827.36 8528.12 5784.02 5747.7 12063.2 5614.05 3845.26 7615.06 6430.28 8192.25 2389.33 10411.2 6493.77 10189 4136 5134.48 7056.6 7501.27 9783.54 9550.88 685.055 5116.13 6126.47 6700.19 10031.6 9657.09 10854.4 7523.51 9718.46 4221.95 7599.51 5450.55 1385.14 8824.79 627.694 6790.03 9119.35 2996.28 5850.62 1638.84 9777.37 8913.14 6237.71 
1032.47 5816.61 4963.64 6283.25 9835.5 7163.69 3186.36 4210.01 6180.53 9527.73 5919.8 9695.58 5326.35 8256.55 876.185 8080.84 6201.84 9109.83 6001.22 1971.62 883.912 6532.26 5445.38 9932.75 4924.16 5540 4020.2 8375.11 5834.87 3679.84 10864.7 2490.02 4260.11 2585.21 6136.68 9212.15 4985.14 7894.87 5529.65 6321.55 2690.91 9254.09 3331.14 7006 6481.71 9070.44 3929.38 5652.89 9784.97 2800.02 8394.34 5134.55 7195.9 6373.58 8574.43 7951.82 4013.29 5470.01 6232.05 1290.16 4418.08 7264.23 8735.78 9594.09 2354.76 8471.99 7248.46 5462.55 5128.51 4804.01 3835.64 5545.64 2487.45 5309.05 4829.02 5319.94 6207.84 5292.83 5101.58 7749.64 
4361.11 1300 4798.77 5338.89 6920.12 2415.99 6230.39 4618.5 2133.96 9531.84 1464.14 9987.22 4939.36 9117.04 4133.42 6029.83 6078.89 7053.12 2069.32 6742.66 5227.08 6202.2 528.867 6220.97 2908.14 5278.87 7520.33 4671.81 1591.54 1444.2 6966.05 4270.19 5902.63 2612.28 5133.67 6745.01 5398.94 4437.17 5918.49 3172.33 3552.76 9364.83 3212.79 2200 4908.2 4689.02 5881.64 767.919 7806.66 4284.32 7482.39 1442.53 2964.2 4360 5159.32 7074.78 7612.9 2714.72 2573.09 4453.72 4106.49 7351.96 6999.46 8184.11 5622.28 7033.41 2519.62 4928.3 2741.33 1671.71 6692.64 2125.09 4710 6622.33 292.062 3141.16 1647.12 7407.9 6428.84 3951.03 
6670.32 4120.74 4545.91 4089.6 3590.01 1786.31 7425.4 4938.12 1476.79 7763.79 4239.62 8351.54 4409.67 8032.99 6680.61 3494.68 5143.89 4256.88 4994.18 8952.75 7488.66 5048.96 3394.26 2674.7 2916.06 4640.91 8645.21 1159.18 1982.85 4051.91 3457.01 5782.06 6340.54 4981.21 3951.82 3712.59 5220.61 1151.09 5453.9 1500.53 5159.86 7699.31 4498.1 2023.19 3340.55 1598.5 6533.42 3445.69 4938.8 5600.4 5451.62 2514.36 633.246 2742.21 1745.54 5179.29 8785.79 6030.21 1326.54 6597.4 4284.04 6119.04 4454.05 5645.15 7178.06 4709.67 1706.52 4282.92 2618.4 5141.18 7617.12 5342.97 6161.44 6536.94 3398.15 2652.28 4152.6 7623.08 6427.39 488.774 
3476.69 6277.97 672.086 1964.74 5956.71 5860.01 2573.89 382.099 4421.37 5213.11 6442.38 5498.25 1001.7 4314.49 3865.81 3955.48 1728.18 4869.25 6997.71 4857.21 3855.92 2054.12 5397.96 6642.12 2420.33 1103.54 3631.67 5378.19 4500.59 3769.48 7627.75 1999.7 1225.6 3226.72 1881.62 5150.31 541.295 4802.67 1136.49 3622.29 2129.41 4968.55 1945.17 5875.76 2449.35 6677.2 1467.31 5643.07 5468.57 1693.31 3920 3906.64 5139.42 2692.01 5270.15 3481.44 3786.36 7269.06 4060.9 3189.81 925.419 2886.17 4408.58 5149.46 2730 4076.13 5881.22 1170.47 2730.16 6178.75 2579.79 6886.98 2026.33 1650.76 4695.53 2525.79 6610.76 2580.02 1469.86 5025.39 
7899.15 5680.16 5110.77 4253.53 2200.57 3238.27 8256.71 5674.41 3012.31 7221.04 5792.31 7851.07 4875.09 7840.06 7974.92 2909.93 5293.06 3314.83 6540.5 10069.9 8670.01 5097.22 4974.02 1123.61 3968.69 5014.83 9388.36 475.395 3540.45 5505.53 2020.4 6832.37 6966.46 6319.32 4183.06 2623.93 5715.6 982.904 5790.35 2524.14 6292.89 7217.38 5614.93 3498.94 3505.45 1574.71 7225.74 5020.21 3869.08 6605.6 4930.37 3995.06 2199.11 3083.02 621.289 4775.95 9540.9 7601.11 2719.74 7782.35 5069.49 5995.44 3690.87 4764.14 8148.63 4078.3 3140.27 4718.1 3728.34 6721.46 8337.51 6910.18 7163.27 6928.3 4959.49 3608.67 5685.95 8060 6864.88 1180.68 
6268.63 9744.83 3684.56 3790.05 7144.96 9021.4 3978.39 3861.67 7592.76 3039.9 9910.26 2914.4 3638.91 1310 6753.68 5208.35 2731.83 5537.3 10481.2 6487.53 6232.13 2860.09 8846.34 8484.82 5708.11 3333.18 3900.01 7705.92 7789.04 7253.39 9392.02 4999.17 2914.31 6604.8 3924.13 6177.78 3050.39 7164.34 2570.93 6524.3 5427.38 2734.85 5403.2 9088.86 4550.54 9245.78 3178.44 9086.39 5734.13 4768.44 3651.37 7282.34 8091.33 5133.52 7339.67 3503.61 4040.79 10740.2 7131.35 5944.16 4342.59 2045.02 4937.05 4839.11 4740.65 4428.15 9019.74 3713.93 5981.01 9657.85 3390.87 10372.4 4756.19 1917.84 8161.65 5668.59 10065.9 1863.44 2136.21 7620.94 
