85 85 24
777 335 649 27 763 426 211 429 862 135 22 167 11 373 784 324 413 980 862 281 84 505 313 895 814 364 87 178 403 399 676 12 94 570 467 902 652 280 865 619 31 771 709 856 586 683 528 829 270 715 796 245 921 488 841 500 124 856 227 936 437 407 858 237 818 11 776 763 606 818 369 996 470 499 644 139 669 464 355 611 299 568 311 801 878 
305 320 736 444 626 522 465 708 416 282 258 924 637 62 624 600 36 452 899 379 550 468 71 973 
11 13 3 11 21 14 2 10 6 21 18 4 9 6 21 1 7 19 11 23 10 22 1 4 2 14 2 2 14 3 19 11 8 4 4 5 13 6 10 8 12 16 18 1 13 18 18 20 5 7 17 6 4 21 12 12 19 4 9 23 3 23 23 19 15 1 13 9 11 23 11 21 20 2 18 15 21 20 18 4 8 8 18 4 1 
4.9994 1.41156 6.60961 7.30906 8.91696 3.92588 7.35063 6.28441 4.12069 11.4862 1.36704 11.9107 6.80309 10.9331 4.60132 8.08802 7.96214 9.11014 0.942019 7.14057 5.76022 8.12251 2.04025 8.06357 4.87469 7.14291 8.57114 6.58062 3.58281 2.89614 8.71494 5.47403 7.39838 3.67681 7.10291 8.788 7.14101 6.413 7.7016 5.22551 4.84646 11.303 4.74368 3.65903 6.93098 6.29628 7.29301 1.98252 9.86309 5.58975 9.50075 3.49726 4.80277 6.40216 7.11683 9.08367 8.63114 0.658635 4.60179 5.20862 5.87573 9.24897 9.0561 10.2372 6.60367 9.08063 4.03745 6.81688 4.74856 0.485489 7.90932 0.382753 5.87553 8.25108 2.32177 5.15079 1.61447 8.88226 8.04229 5.87072 2.78361 5.68595 7.42122 3.32665 2.97321 
5.58746 1.34648 5.35059 5.59047 6.34679 1.24193 7.25989 5.34158 1.71593 9.72672 1.4625 10.2381 5.40941 9.54811 5.39268 5.8386 6.47565 6.77632 2.2184 7.98168 6.45868 6.53043 0.840536 5.37276 3.32519 5.73415 8.55746 3.93512 1.3043 2.60548 6.01202 5.31899 6.72086 3.79803 5.39559 6.34679 6.0096 3.8461 6.46239 2.97794 4.59213 9.5953 4.13272 0.986813 5.01855 3.6105 6.75959 0.755844 7.50841 5.28186 7.53682 1.76082 2.14441 4.4032 4.51136 7.16955 8.66266 3.27611 2.26632 5.65192 4.74684 7.69273 6.83316 8.04464 6.72287 6.96021 1.3534 5.359 3.06341 2.49904 7.66512 2.58027 5.76011 7.31041 1.38235 3.41235 1.39556 8.20529 7.13595 3.24721 3.197 5.57671 6.02959 1.00404 2.43288 
2.07077 7.4027 5.23536 6.57606 10.4459 8.503 2.46483 4.47166 7.37082 9.17154 7.51626 9.22835 5.59697 7.68214 2.30495 8.52838 6.21914 9.48171 7.64665 0.326497 1.19883 6.57578 6.94344 10.8047 5.80332 5.72218 2.78742 9.31615 7.10303 5.05799 11.7709 2.95169 3.95922 3.87551 6.47174 9.71113 5.03036 8.79005 5.46963 7.26959 3.4869 8.87795 4.16125 8.37484 6.95117 10.2097 3.5756 7.16648 10.0889 3.21076 8.43863 6.37452 8.36367 6.99385 9.414 8.02337 2.72606 7.15025 7.32145 2.0601 4.8907 7.06595 9.02898 9.71967 1.91416 8.68726 8.57756 5.75733 6.06337 6.45608 3.0148 7.20847 2.68829 4.91261 6.27587 6.16001 7.79776 4.54324 4.74004 8.75622 4.4982 2.7561 5.76508 7.17424 5.2578 
6.17331 1.84708 7.68238 8.28875 9.50598 4.24807 8.53642 7.40303 4.79413 12.4812 1.70699 12.9304 7.8525 12.0126 5.7639 8.88708 9.00379 9.87079 0.948472 8.26828 6.91836 9.14161 2.74591 8.4649 5.85484 8.19308 9.75649 7.08402 4.28823 4.0131 9.01275 6.6542 8.55587 4.85536 8.08335 9.48192 8.24093 7.00403 8.78877 5.99562 6.01694 12.3113 5.88116 3.98026 7.85008 6.53735 8.46141 2.59141 10.6144 6.76302 10.4232 4.36818 5.29683 7.28616 7.66932 10.0203 9.81565 0.866487 5.32008 6.38875 6.96103 10.2844 9.87283 11.0729 7.78895 9.94223 4.35344 7.85315 5.69148 1.65412 9.09321 0.894707 7.05861 9.38579 3.23932 6.09058 1.78025 10.0463 9.1799 6.40457 3.96279 6.86861 8.47765 3.9989 4.05791 
4.82104 1.61335 4.6185 4.97293 6.21297 1.70742 6.44597 4.56318 1.41439 9.15042 1.77234 9.63756 4.70472 8.87222 4.65473 5.45047 5.80352 6.44436 2.49948 7.21826 5.69309 5.88575 0.693542 5.45777 2.61706 5.03659 7.74354 3.92032 0.876413 1.83412 6.19536 4.50628 5.927 3.02002 4.77222 6.09085 5.263 3.714 5.7381 2.56031 3.77955 9.00254 3.32074 1.52306 4.46185 3.92617 5.95627 0.863713 7.19236 4.46794 7.02204 1.02956 2.19495 3.87408 4.4272 6.6332 7.84893 3.34607 1.90339 4.87016 3.9856 7.04751 6.43529 7.63574 5.91362 6.51038 1.80405 4.66804 2.38537 2.37539 6.85292 2.69846 4.94718 6.54663 0.70214 2.76221 1.83861 7.4178 6.36692 3.20127 2.49161 4.76428 5.33146 0.630714 1.64158 
2.90765 8.30716 5.22529 6.51438 10.5153 9.16273 2.0501 4.5101 7.9296 8.59456 8.43168 8.57798 5.56511 6.99012 3.26075 8.51674 5.97943 9.39673 8.6263 1.02591 2.10002 6.33975 7.76408 11.0628 6.18328 5.62181 1.83521 9.64816 7.72796 5.81997 12.0438 3.30905 3.64364 4.62922 6.4438 9.71224 4.87483 9.09696 5.21254 7.64958 3.97283 8.29292 4.60431 9.06148 6.99952 10.6832 3.26466 7.99882 9.94542 3.49361 8.14711 6.99463 8.88609 7.14709 9.66832 7.76089 1.73104 8.21269 7.80467 2.78189 5.04177 6.64447 8.89756 9.45838 1.93104 8.50869 9.22766 5.73385 6.472 7.45325 2.40277 8.22049 2.93138 4.44792 7.06208 6.4982 8.70334 3.8422 4.31237 9.14749 5.36035 3.06438 5.60394 7.83751 5.98976 
6.22509 9.46451 3.38095 3.37717 6.6798 8.65427 4.0566 3.63573 7.23398 2.75772 9.63052 2.72244 3.30056 1.1868 6.69933 4.74735 2.3294 5.07312 10.2199 6.61613 6.25353 2.43033 8.5555 8.02611 5.38543 2.98203 4.12045 7.26823 7.45085 7.02058 8.93031 4.89752 2.84042 6.43467 3.52057 5.7126 2.78196 6.73131 2.25843 6.13874 5.27311 2.45231 5.19455 8.73028 4.13205 8.81656 3.14453 8.79223 5.27828 4.64844 3.19401 6.96854 7.70042 4.72612 6.89162 3.03916 4.26938 10.5238 6.76078 5.90188 4.06971 1.57991 4.47282 4.3982 4.77504 3.96415 8.64903 3.36168 5.64841 9.43203 3.50771 10.1332 4.69051 1.79725 7.88396 5.32223 9.77658 2.0201 2.01638 7.20044 7.26353 4.81578 2.68812 7.72853 6.9644 
5.922 4.76707 3.19781 2.63372 3.17057 2.92335 6.25895 3.69238 1.82538 6.4047 4.91428 6.97227 3.01796 6.58614 6.03339 2.30853 3.69049 3.25867 5.66562 8.05355 6.67115 3.59234 3.88398 3.05668 1.97396 3.22262 7.4213 1.59298 2.32551 3.79438 4.01696 4.81274 5.03849 4.4338 2.50008 2.91084 3.84896 1.03966 4.03273 0.681836 4.29121 6.31926 3.614 3.09079 1.88409 2.89588 5.27 4.02126 4.00262 4.58345 4.12147 2.45122 1.78519 1.29035 1.68238 3.80848 7.56997 6.52856 1.29252 5.78835 3.06804 4.67051 3.30341 4.51586 6.12772 3.46157 2.88002 2.87904 1.76876 5.50563 6.37558 5.89042 5.1409 5.13806 3.59924 1.59615 4.90918 6.24468 5.04311 1.23223 4.56232 5.03171 3.47062 2.61375 3.54746 
9.55327 6.86321 6.71361 5.74674 2.50639 4.33115 9.89615 7.30906 4.50161 8.13983 6.95035 8.78822 6.45484 9.02286 9.61545 4.09246 6.74396 4.10312 7.66261 11.7349 10.3309 6.50632 6.28478 0.808084 5.6317 6.5627 11.0041 2.12002 4.99433 7.06989 0.471699 8.49734 8.5647 7.94326 5.70478 3.35149 7.28962 2.64643 7.30791 4.17825 7.9555 8.19061 7.2777 4.60088 5.03227 2.01102 8.83956 6.28371 4.41852 8.26937 5.97478 5.53615 3.55578 4.68129 2.10297 5.92277 11.1591 8.80275 4.29773 9.44217 6.71678 7.27659 4.62212 5.46594 9.80814 5.09274 4.22076 6.29222 5.386 8.02761 9.95201 8.10223 8.82632 8.44806 6.3939 5.27371 6.79239 9.58405 8.4031 2.74782 7.86408 8.71763 6.74122 5.13693 6.80995 
7.99361 6.34253 4.84633 3.81725 1.36953 3.99025 8.07035 5.48715 3.51962 6.42832 6.46574 7.06614 4.56616 7.15749 8.12296 2.19823 4.80585 2.4626 7.22244 10.0543 8.71732 4.56826 5.57315 1.15004 4.05255 4.6513 9.1346 1.10059 4.06262 5.84508 2.12455 6.81281 6.68243 6.53104 3.7853 1.75354 5.39157 1.22 5.38093 2.73339 6.34315 6.4424 5.67134 4.24011 3.12021 2.44561 6.9742 5.64831 2.99348 6.56037 4.1708 4.40239 2.86503 2.83551 0.496488 4.06241 9.29252 8.23303 3.12271 7.84398 4.93315 5.36656 2.87903 3.90923 8.05256 3.2997 3.89979 4.4 3.86432 7.2985 8.08372 7.55358 7.10436 6.51959 5.46234 3.65831 6.38477 7.65536 6.48124 1.75684 6.62689 7.01468 4.81773 4.29409 5.5913 
6.91876 3.82027 5.07347 4.68675 4.0425 1.3381 7.84985 5.41651 1.57953 8.38285 3.92255 8.97157 4.95956 8.64589 6.88625 4.10239 5.7354 4.83076 4.66135 9.24741 7.75818 5.65134 3.1964 2.89558 3.32737 5.20465 9.09164 1.5728 1.98457 4.15524 3.54865 6.13425 6.83518 5.17487 4.54274 4.25466 5.75587 1.71703 6.01699 2.00569 5.47995 8.31941 4.83741 1.60078 3.94438 1.31605 7.00834 3.204 5.49459 5.97476 6.06942 2.6331 0.565862 3.33636 2.21326 5.7994 9.22775 5.75634 1.64247 6.87236 4.75758 6.7309 5.05223 6.23501 7.55159 5.32017 1.23976 4.83994 3.01582 4.9424 8.07624 5.0589 6.53093 7.08308 3.33458 3.1122 3.79954 8.15429 6.96509 1.04809 4.93235 6.38351 5.47091 2.07793 3.90128 
3.09919 7.54987 2.7145 3.87569 7.92669 7.63333 0.77 2.16518 6.23491 5.94024 7.70388 6.00913 3.00083 4.49222 3.60001 5.88002 3.22444 6.69283 8.12682 3.37006 2.97397 3.58265 6.77625 8.69166 4.25554 2.97741 1.57867 7.42418 6.20549 4.8833 9.67678 2.11698 0.90802 3.91389 3.84194 7.07025 2.21165 6.84996 2.46008 5.59923 2.76991 5.64685 3.09414 7.60585 4.46387 8.6802 0.586003 7.02802 7.20528 2.02032 5.36958 5.52523 7.05365 4.74435 7.32274 4.98839 1.73404 8.11263 5.95202 2.77937 2.81539 3.88062 6.16967 6.68303 1.48071 5.76014 7.67096 3.16986 4.57299 7.11512 0.526972 7.88409 1.73666 1.69358 6.03619 4.45466 7.92246 1.47611 1.54042 7.04376 4.80688 1.91859 2.90505 6.40281 4.94128 
6.77632 8.21663 2.86398 1.74152 3.8486 6.76018 5.50974 3.58431 5.48923 2.5655 8.37922 3.11713 2.52517 2.94613 7.14077 2.01358 1.61372 2.2419 9.07727 8.03338 7.15672 1.26321 7.27641 5.2805 4.15621 2.26135 6.14369 4.76592 5.86669 6.28618 6.14586 5.29967 3.9176 6.1922 1.94494 2.88087 2.82639 4.29745 2.36349 4.23515 5.29317 2.46435 4.87083 6.90456 2.15337 6.36284 4.30215 7.47468 2.53712 4.99027 0.61131 5.62346 5.64075 2.76626 4.28378 0.220227 6.30968 9.68407 4.94581 6.49648 3.54256 1.26052 1.6421 1.90373 5.91684 1.13811 6.72477 2.4272 4.29317 8.57702 5.21295 9.15101 5.33135 3.19075 6.74775 3.89283 8.44808 4.18019 3.27918 4.87922 6.8097 5.36046 2.12038 6.1701 6.13209 
7.09941 6.72423 3.49567 2.27798 1.79494 4.75896 6.73146 4.22235 3.78155 4.84373 6.87154 5.46452 3.16443 5.45485 7.32069 0.50636 3.17616 1.30177 7.62266 8.93302 7.72324 2.90689 5.83618 2.82177 3.39037 3.16834 7.69332 2.31821 4.28118 5.51725 3.74621 5.76238 5.24138 5.90953 2.30202 1.09895 3.93314 1.93871 3.81872 2.58936 5.43266 4.82474 4.80829 4.95904 1.72363 3.91004 5.56909 5.97773 2.05 5.47691 2.53492 4.33866 3.56519 1.75935 1.78362 2.37356 7.85604 8.46694 3.24902 6.89705 3.7822 3.65571 1.414 2.61138 6.84451 1.71026 4.69691 2.99429 3.33017 7.42437 6.65586 7.8385 5.97945 4.93834 5.50986 2.99015 6.86359 6.06565 4.92647 2.59332 6.22984 5.92567 3.28123 4.57089 5.29199 
6.10816 4.66953 3.48323 2.92171 3.13844 2.7128 6.52056 3.96295 1.72409 6.64172 4.81203 7.21688 3.30841 6.86069 6.20059 2.47491 3.98005 3.37535 5.56821 8.27179 6.87221 3.87675 3.8097 2.86775 2.17002 3.51511 7.69275 1.35059 2.24876 3.86999 3.81189 5.037 5.31945 4.57389 2.79065 2.96933 4.13783 0.83006 4.32539 0.758947 4.4942 6.56385 3.81619 2.89519 2.16834 2.605 5.54563 3.93146 4.10742 4.81582 4.34578 2.46203 1.54693 1.58155 1.52765 4.04734 7.84031 6.47013 1.22723 5.98559 3.3317 4.94605 3.46586 4.67732 6.36965 3.65604 2.66222 3.17052 1.93794 5.46949 6.64892 5.81929 5.37552 5.42977 3.57897 1.81157 4.79038 6.53499 5.33368 0.941116 4.64991 5.26095 3.76336 2.52385 3.61757 
1.44475 6.60512 3.52264 4.86215 8.75685 7.26693 1.1738 2.76176 6.01041 7.63497 6.74214 7.75441 3.88346 6.27271 1.93794 6.8203 4.52991 7.76804 7.03077 1.96352 1.17201 4.88337 5.97814 9.19472 4.2662 4.0096 2.22946 7.75021 5.82507 4.01299 10.1706 1.38452 2.34798 2.85012 4.75943 8.00625 3.32826 7.20642 3.79269 5.73569 2.0573 7.3507 2.67978 7.17696 5.2509 8.75939 1.98295 6.22113 8.37558 1.58398 6.7537 5.09338 6.96208 5.32541 7.79976 6.33167 2.27741 6.80077 5.87986 1.17047 3.21174 5.4467 7.3155 8.02309 0.328024 6.97786 7.32823 4.04447 4.5511 5.91143 1.82455 6.69214 1.0265 3.36786 5.25476 4.59152 6.99779 3.26585 3.17345 7.23355 3.6711 1.14337 4.05998 5.94829 4.1564 
3.38479 2.23511 5.31008 6.19487 8.45568 4.17757 5.7413 4.88035 3.78942 10.2868 2.31664 10.6621 5.55237 9.57427 3.00375 7.29583 6.70814 8.36059 2.37036 5.58628 4.1653 6.91274 2.15058 7.91768 3.8497 5.88401 6.9527 6.33998 3.26939 1.65529 8.69975 3.89659 5.88344 2.12144 5.99204 8.15873 5.77027 6.04015 6.3529 4.61112 3.31038 10.08 3.31724 3.94975 5.94792 6.45864 5.74808 2.28219 9.11454 4.03764 8.45687 2.86007 4.6993 5.50619 6.77366 8.01974 7.0112 2.1009 4.13586 3.58833 4.56213 7.99181 8.21035 9.33756 4.98515 8.15457 4.28339 5.59473 3.81602 1.19 6.31114 1.96431 4.28404 6.78852 1.86124 4.19955 2.61176 7.34415 6.57408 5.62161 1.24808 4.09693 6.14398 3.11965 1.84054 
4.31393 1.80069 6.17518 6.97269 8.8927 4.16203 6.70773 5.79118 4.11024 11.1152 1.81571 11.5137 6.39515 10.4732 3.90565 7.90974 7.5559 8.95559 1.59731 6.43442 5.06222 7.73997 2.13883 8.17296 4.56581 6.73181 7.91154 6.64007 3.56742 2.45349 8.8828 4.86467 6.8377 3.08235 6.76737 8.68763 6.66888 6.41363 7.24311 5.10784 4.26804 10.9192 4.23232 3.90621 6.65706 6.52435 6.71059 2.16481 9.71136 5.00073 9.2061 3.33808 4.90251 6.1665 7.1355 8.77798 7.96684 1.13217 4.5412 4.53296 5.43104 8.84372 8.85624 10.0149 5.94462 8.8425 4.27329 6.42385 4.48116 0.462277 7.28006 1.08467 5.25336 7.72583 2.18509 4.8792 2.10155 8.30569 7.51322 5.92041 2.19693 5.06616 7.00118 3.35001 2.5807 
7.32563 6.02764 4.14074 3.14025 1.69664 3.82341 7.3631 4.78006 3.11662 6.03858 6.16159 6.66251 3.8643 6.63001 7.47086 1.70658 4.15047 2.25411 6.92117 9.35975 8.03622 3.93126 5.20463 1.84174 3.40026 3.95828 8.43047 1.13635 3.65548 5.28765 2.82406 6.12119 5.98001 5.908 3.09743 1.67263 4.69297 0.890505 4.70032 2.16592 5.66768 6.02416 4.99985 4.05222 2.42671 2.71448 6.26907 5.30634 2.90663 5.86489 3.73451 3.90415 2.63837 2.1284 0.59 3.56721 8.588 7.8725 2.65731 7.16771 4.22916 4.7931 2.54578 3.68376 7.34932 2.89748 3.74606 3.699 3.23364 6.89348 7.37922 7.20878 6.40614 5.84062 5.01496 2.99923 6.11036 6.97657 5.79573 1.55567 6.05714 6.31956 4.13353 3.91349 5.03925 
2.52771 7.88483 5.45674 6.78473 10.7109 8.94043 2.48974 4.70545 7.78165 9.17397 7.99978 9.19614 5.81234 7.62685 2.78686 8.76108 6.35784 9.6893 8.13607 0.233238 1.65849 6.71739 7.41243 11.1331 6.1591 5.91261 2.57303 9.66555 7.53023 5.51272 12.105 3.27947 4.05191 4.32484 6.69247 9.95073 5.1957 9.13085 5.59772 7.62969 3.86167 8.87614 4.52816 8.81827 7.20118 10.6015 3.66553 7.6377 10.2754 3.5171 8.56344 6.79915 8.76644 7.28045 9.73926 8.15893 2.48709 7.64006 7.71167 2.48697 5.16733 7.13278 9.21816 9.85926 2.0906 8.85757 9.01282 5.9766 6.42872 6.94622 2.96816 7.69921 2.97249 4.95101 6.73769 6.50416 8.28022 4.472 4.7931 9.12257 4.97112 3.0642 5.93249 7.61079 5.70646 
8.52416 5.69022 5.97478 5.17731 2.83064 3.16057 9.06448 6.49887 3.35678 8.12316 5.7807 8.75825 5.75806 8.78014 8.55585 3.83881 6.22367 4.15843 6.49998 10.7633 9.32537 6.03484 5.10393 1.18191 4.66138 5.91531 10.2265 1.23483 3.83437 5.94358 1.64438 7.54936 7.82739 6.86442 5.09816 3.43351 6.59873 1.81177 6.70108 3.19 6.96724 8.12981 6.29382 3.43071 4.42233 0.935361 8.07094 5.10358 4.64665 7.34139 5.84829 4.40505 2.38757 3.96548 1.56051 5.70842 10.3759 7.63024 3.2034 8.43356 5.87429 6.93877 4.57739 5.60045 8.90498 4.98623 3.05105 5.60551 4.39141 6.8469 9.17911 6.93006 7.90302 7.83534 5.22403 4.33429 5.63028 8.96308 7.76414 1.698 6.73513 7.78083 6.12865 3.96561 5.68434 
5.03086 7.58238 1.51344 1.55756 5.39268 6.72596 3.53566 1.9759 5.30212 3.5994 7.74878 3.89166 1.37753 2.81812 5.4464 3.33209 0.528394 3.98841 8.3636 6.08113 5.30224 0.834506 6.66197 6.47864 3.46655 1.05109 4.1999 5.52197 5.52001 5.23534 7.4328 3.57001 1.94805 4.81769 1.65979 4.46794 1.07331 4.96179 0.481041 4.22734 3.74339 3.35418 3.50407 6.79857 2.32019 7.01795 2.33418 6.8942 4.43717 3.2733 2.57002 5.05371 5.79615 2.86505 5.22732 2.18563 4.36634 8.74818 4.83426 4.72848 2.24931 1.27758 3.43001 3.88027 3.98453 2.98814 6.72287 1.42948 3.72156 7.64268 3.24261 8.31472 3.51332 1.27405 6.01041 3.39001 7.88242 2.37245 1.32306 5.37149 5.57883 3.57737 0.756108 5.79967 5.14995 
8.39174 7.64137 4.75395 3.478 0.65 5.43647 7.96786 5.49484 4.7119 5.07285 7.77769 5.72197 4.41082 6.05615 8.60759 1.47122 4.25466 1.04235 8.53696 10.2144 9.01613 3.94098 6.80207 2.30497 4.63492 4.378 8.87764 2.61817 5.2437 6.70329 3.02952 7.05457 6.44376 7.168 3.53344 0.317805 5.1423 2.50928 4.95767 3.64803 6.72402 5.13165 6.09493 5.67008 3.00083 4.01882 6.78617 6.91365 1.42667 6.76772 2.97195 5.42038 4.25846 3.04385 1.96703 3.00468 9.04221 9.46607 4.22396 8.19054 5.07241 4.45067 1.60328 2.4135 8.11607 2.1044 5.35564 4.24213 4.54318 8.46463 7.85379 8.81055 7.26579 6.03858 6.5654 4.22896 7.73162 7.1419 6.05325 3.16183 7.44043 7.21535 4.45358 5.51218 6.46743 
6.26671 1.33754 6.13022 6.32219 6.74754 1.39786 8.02556 6.13059 2.372 10.4251 1.36927 10.9499 6.17978 10.3012 6.03829 6.43351 7.23086 7.32446 2.01636 8.64974 7.13371 7.2727 1.38293 5.59937 4.10157 6.5013 9.32269 4.28616 2.03961 3.31308 6.13306 6.07705 7.50941 4.50131 6.13091 6.843 6.79283 4.29298 7.23849 3.63418 5.35045 10.3036 4.91009 1.14237 5.72177 3.66067 7.54528 1.17478 8.03971 6.05072 8.20337 2.54788 2.54395 5.09645 4.90306 7.85064 9.42501 3.20295 2.91894 6.35152 5.5339 8.43294 7.42701 8.63932 7.46867 7.588 1.49616 6.12426 3.83193 2.66923 8.44152 2.51098 6.51878 8.09719 2.06903 4.16909 1.15412 8.99444 7.9237 3.64966 3.83192 6.33338 6.7965 1.75308 3.16362 
5.56386 5.00564 2.61859 2.05292 3.32417 3.38565 5.73071 3.14917 2.13715 5.94246 5.16047 6.49111 2.42621 6.03511 5.7164 2.06671 3.10363 3.10221 5.89665 7.61804 6.27694 3.02002 4.08873 3.49206 1.65677 2.62612 6.86985 2.13002 2.57235 3.69915 4.47073 4.37453 4.46768 4.18922 1.91128 2.88998 3.26057 1.55618 3.43594 0.87046 3.90591 5.83959 3.23784 3.52602 1.31939 3.49057 4.71123 4.25353 3.85798 4.12769 3.70028 2.52771 2.30645 0.702567 2.0969 3.35394 7.02084 6.67776 1.58619 5.40626 2.54568 4.11958 3.04133 4.23835 5.64415 3.12046 3.35477 2.28484 1.5347 5.6177 5.82081 6.06867 4.67723 4.54301 3.70417 1.25 5.18693 5.65242 4.45048 1.82784 4.4301 4.58088 2.87392 2.87446 3.46873 
2.59946 6.34716 1.71677 3.03592 7.00316 6.34924 1.59201 1.00449 4.95368 5.99421 6.50495 6.19776 2.0662 4.84737 3.04508 5.02004 2.70474 5.94079 6.97093 3.78652 2.85063 3.05287 5.54193 7.60013 2.9852 2.16933 2.78632 6.25761 4.92196 3.7 8.58539 1.20673 0.90802 2.85701 2.94735 6.21332 1.49091 5.69008 1.99424 4.36481 1.66739 5.72689 1.85335 6.32229 3.48673 7.45058 0.815843 5.79351 6.53649 0.968762 4.92709 4.2457 5.78731 3.65591 6.21264 4.499 2.92576 7.0614 4.68334 2.28729 1.60031 3.71841 5.4771 6.18496 1.65846 5.13469 6.38719 2.23235 3.30151 6.01978 1.77609 6.77239 1.05991 1.89621 4.80577 3.2079 6.71075 2.38103 1.6761 5.83343 3.73729 1.14769 2.21822 5.12197 3.7302 
5.43281 0.817863 5.5766 5.92225 6.8628 1.75251 7.26364 5.49742 2.16668 10.0893 0.942444 10.5846 5.66634 9.83358 5.19582 6.28924 6.76416 7.24754 1.70188 7.81072 6.29756 6.84229 0.544059 5.90425 3.57883 5.99835 8.558 4.46171 1.69532 2.5038 6.53885 5.30637 6.83895 3.68246 5.72295 6.8386 6.21612 4.35784 6.69722 3.40649 4.58279 9.94694 4.18728 1.48852 5.38889 4.12478 6.84808 0.330151 7.98537 5.30024 7.93385 1.99123 2.6711 4.78754 5.03171 7.5545 8.65504 2.74467 2.70756 5.52635 4.93356 8.00465 7.28176 8.49038 6.67809 7.38783 1.8643 5.62971 3.3444 1.99612 7.70406 2.04883 5.74783 7.48969 1.2657 3.71656 0.920054 8.33725 7.30641 3.7691 2.99 5.5598 6.29321 1.39313 2.37609 
4.10235 7.73296 1.98595 2.82144 6.82807 7.36174 2.12763 1.8312 5.9203 4.61885 7.8956 4.7376 2.14086 3.30044 4.57587 4.76114 1.98346 5.48074 8.41758 4.72424 4.17164 2.32622 6.87285 7.77746 3.92562 1.98567 2.69602 6.65904 6.01002 5.1519 8.75134 2.79122 0.716938 4.41862 2.84345 5.92663 1.30969 6.08346 1.26905 5.05372 3.23303 4.33195 3.27844 7.38253 3.51411 8.05077 1.0412 7.12057 5.94133 2.56008 4.03887 5.41225 6.60049 3.92747 6.45827 3.67642 2.86245 8.59386 5.53984 3.77955 2.43502 2.51883 4.93016 5.3577 2.72738 4.49227 7.38017 2.28817 4.23232 7.52928 1.75328 8.26425 2.56743 0.347131 6.15731 4.00451 8.07676 1.0949 0.183848 6.38727 5.28242 2.69616 1.81395 6.25269 5.14079 
3.51142 7.37143 1.98116 3.04803 7.0982 7.18171 1.59355 1.59615 5.75265 5.21145 7.53154 5.33802 2.22443 3.89606 3.98984 5.04255 2.36129 5.836 8.02043 4.16829 3.57144 2.71936 6.53967 7.92939 3.74733 2.15808 2.3689 6.7218 5.79008 4.7465 8.91162 2.24154 0.1772 3.93314 3.03041 6.22832 1.39946 6.14499 1.59778 4.99168 2.74345 4.92666 2.87785 7.18136 3.67325 8.04463 0.441475 6.79003 6.34255 2.03494 4.51426 5.1533 6.5013 4.00649 6.57749 4.12826 2.53207 8.13548 5.41531 3.18779 2.25009 3.06589 5.30872 5.82495 2.13588 4.89699 7.20878 2.38891 4.06282 7.08865 1.34201 7.83684 1.98668 0.946414 5.81124 3.88506 7.7269 1.32853 0.749667 6.38995 4.81226 2.12558 2.06015 6.01479 4.75925 
1.61012 5.82204 2.45153 3.79638 7.60424 6.20455 1.64049 1.68074 4.89612 6.98279 5.97117 7.18925 2.81824 5.82619 2.05412 5.70576 3.62609 6.68566 6.35831 3.11853 1.95474 3.96102 5.10009 8.0069 3.09006 2.99608 2.93552 6.56293 4.75613 3.15767 8.9822 0.327567 1.828 2.12551 3.67315 6.88077 2.40751 6.01798 2.95264 4.5558 1.04043 6.71704 1.55801 6.13601 4.11779 7.59682 1.59226 5.35 7.32296 0.4 5.83014 4.03441 5.82289 4.15415 6.61211 5.39182 3.03691 6.31751 4.73001 1.30269 2.04883 4.69588 6.2639 7.05471 1.17992 5.96142 6.25838 2.96892 3.38179 5.32541 2.12603 6.09743 0.162788 2.86309 4.36056 3.40654 6.20355 3.172 2.64473 6.05376 3.01682 0.156525 3.10026 4.90719 3.25006 
10.7296 7.92945 7.7962 6.75643 3.08935 5.40296 11.0069 8.41929 5.67116 8.73275 8.00643 9.38254 7.52001 9.78227 10.7961 4.96473 7.7136 4.76018 8.6983 12.8959 11.502 7.45059 7.39952 1.82124 6.80018 7.60282 12.0868 3.29515 6.15497 8.24711 0.835464 9.65454 9.63612 9.12527 6.73406 4.03854 8.3455 3.80596 8.32005 5.35374 9.12437 8.81917 8.44636 5.66973 6.07297 3.03389 9.92484 7.38318 4.91229 9.42068 6.69881 6.71146 4.70864 5.77361 3.21055 6.71161 12.2442 9.8625 5.47878 10.6145 7.84253 8.12525 5.33 5.99521 10.9481 5.82818 5.29132 7.35405 6.55986 9.13081 11.0355 9.16241 9.97507 9.45472 7.54404 6.43597 7.83022 10.5886 9.42453 3.92983 9.0408 9.87099 7.7617 6.28536 7.98727 
7.24407 5.40107 4.41192 3.59201 2.28116 3.09739 7.55499 4.97229 2.57329 6.7805 5.52667 7.39687 4.18169 7.2833 7.33771 2.43822 4.64247 3.036 6.28466 9.38898 8.0025 4.46467 4.62455 1.73046 3.3008 4.33042 8.6868 0.391152 3.1158 4.95263 2.68213 6.14782 6.26752 5.70424 3.5107 2.43311 5.0226 0.308707 5.11383 1.88788 5.62296 6.75337 4.94518 3.33766 2.83521 1.98759 6.52458 4.70197 3.67793 5.9163 4.46561 3.48053 1.93941 2.38814 0.452769 4.26569 8.83915 7.28575 2.19545 7.11767 4.36867 5.41004 3.31857 4.46556 7.45356 3.6494 3.01359 4.02647 3.07508 6.34982 7.63614 6.60787 6.47244 6.24888 4.5201 2.93027 5.45338 7.37787 6.18013 0.827647 5.74138 6.36557 4.54139 3.34522 4.69588 
7.85016 5.41912 5.21023 4.42143 2.53014 2.94959 8.31291 5.74167 2.83283 7.50915 5.52675 8.13548 4.99249 8.08418 7.9053 3.18148 5.4722 3.63142 6.27025 10.0572 8.63669 5.29235 4.74017 1.31187 3.94872 5.15102 9.46717 0.469574 3.34791 5.37217 2.1154 6.83067 7.06355 6.23154 4.33803 2.94898 5.83316 1.04652 5.93879 2.48278 6.26718 7.49835 5.59072 3.21361 3.66351 1.25801 7.30973 4.77462 4.19649 6.61463 5.20899 3.84575 1.96041 3.20002 0.901388 5.03829 9.61736 7.34792 2.59124 7.74623 5.12191 6.22321 3.99164 5.08036 8.1711 4.3661 2.84886 4.84004 3.69131 6.49077 8.41887 6.65382 7.1751 7.07187 4.76428 3.60694 5.41089 8.19874 6.99938 1.03755 6.16695 7.05783 5.36646 3.52278 5.1122 
3.90295 8.02075 2.59046 3.53454 7.5545 7.84969 1.59841 2.26318 6.41873 5.12352 8.17984 5.16871 2.79517 3.64005 4.39819 5.48804 2.71312 6.20967 8.65466 4.17939 3.82472 3.05408 7.19803 8.47496 4.41312 2.67675 1.9759 7.31686 6.46019 5.38243 9.45231 2.76904 0.842912 4.51957 3.54493 6.65586 1.95433 6.74003 1.99449 5.63413 3.33623 4.82648 3.52331 7.85092 4.20834 8.67097 0.891852 7.44883 6.66274 2.60225 4.73396 5.82307 7.15542 4.58878 7.14202 4.38475 2.14217 8.73183 6.07408 3.57951 2.91349 3.1593 5.65675 6.054 2.33335 5.21433 7.87589 2.95195 4.72781 7.69954 1.09895 8.45499 2.4499 0.979898 6.46696 4.5407 8.3797 0.704911 0.906035 7.01145 5.40741 2.61324 2.52692 6.68506 5.4052 
9.14254 5.93151 6.7143 5.93155 3.36341 3.41634 9.77754 7.22267 3.87487 8.80877 6.00421 9.44839 6.50385 9.51303 9.14866 4.56054 6.97789 4.80713 6.69024 11.4149 9.95863 6.78761 5.44229 1.58294 5.33405 6.66571 10.9523 1.98157 4.3089 6.46811 1.57309 8.22059 8.56417 7.44457 5.85158 4.06605 7.34401 2.55705 7.45349 3.867 7.6183 8.82632 6.95014 3.67967 5.1761 1.04809 8.80135 5.40937 5.24114 8.02268 6.55397 4.93426 2.86575 4.71296 2.30152 6.43112 11.1003 7.8598 3.79863 9.06697 6.59118 7.68196 5.25754 6.23362 9.59327 5.68392 3.30456 6.35268 5.05261 7.15549 9.90714 7.16045 8.5849 8.58676 5.65014 5.02403 5.82307 9.71334 8.51364 2.37002 7.251 8.45684 6.88112 4.39874 6.21167 
4.24005 4.52355 1.81397 2.03666 4.61686 3.608 4.58093 2.08734 2.16566 6.22981 4.6888 6.69557 1.80499 5.92663 4.39933 3.07467 2.85412 4.1503 5.36173 6.32197 4.95868 2.92957 3.58422 4.78017 0.436578 2.11896 5.78871 3.3176 2.35034 2.63735 5.7477 3.07938 3.50721 2.92344 1.83208 4.08418 2.50288 2.77363 2.87976 1.35956 2.58368 6.06753 1.91408 3.65471 1.66436 4.44531 3.68109 3.8 4.89204 2.84986 4.21372 1.93215 2.83989 1.25575 3.39094 3.79223 5.93034 5.94725 1.76479 4.08447 1.42948 4.09099 3.94129 5.05182 4.40165 3.86836 3.61865 1.7404 0.572014 4.84282 4.76001 5.41358 3.40837 3.84255 3.0144 0.230217 4.78845 4.86486 3.70012 2.83734 3.28635 3.29757 2.41357 2.63154 2.44769 
5.92881 0.603075 6.31877 6.67281 7.45966 2.16843 7.89205 6.21786 2.86735 10.8361 0.576888 11.3342 6.41427 10.5839 5.64646 6.99222 7.51513 7.92965 1.19105 8.27191 6.77921 7.59394 1.17686 6.38526 4.32807 6.74712 9.18009 5.01889 2.42547 3.1 6.94606 5.9319 7.53956 4.23987 6.47383 7.49166 6.95255 4.97226 7.44039 4.12412 5.21599 10.6957 4.86458 1.90066 6.13267 4.48018 7.53302 0.926499 8.66019 5.94781 8.66987 2.74117 3.24089 5.52685 5.61681 8.29483 9.27054 2.37693 3.41604 6.05178 5.66613 8.75631 7.9866 9.19772 7.27047 8.10808 2.27407 6.37942 4.09585 1.9272 8.35611 1.68834 6.37095 8.21572 1.91212 4.46813 0.327567 9.04204 8.02935 4.35299 3.46983 6.18052 7.04177 2.12137 3.00958 
1.36894 6.73155 4.69503 6.04126 9.84371 7.79811 2.25462 3.92441 6.67027 8.87482 6.84882 8.9779 5.06063 7.47204 1.63918 7.96116 5.76725 8.93811 7.00607 1.03078 0.497695 6.11791 6.25135 10.1489 5.13352 5.2131 2.90331 8.64653 6.39876 4.35619 11.1103 2.32177 3.59518 3.17177 5.92436 9.1344 4.55706 8.12686 5.03724 6.59469 2.81044 8.58821 3.48776 7.67042 6.37122 9.51567 3.2249 6.47679 9.5664 2.59956 7.99116 5.67073 7.66562 6.37841 8.76174 7.56493 2.88141 6.5641 6.62922 1.35871 4.29393 6.69718 8.5062 9.25052 1.52895 8.18634 7.87265 5.21561 5.38658 5.82375 2.87571 6.58554 2.11249 4.60317 5.5779 5.49802 7.12733 4.39241 4.41376 8.07614 3.81084 2.15081 5.28247 6.46933 4.55412 
4.20905 7.68595 1.84532 2.62101 6.6178 7.24798 2.31948 1.76853 5.80496 4.46052 7.84949 4.60114 1.97436 3.19889 4.67472 4.5507 1.76819 5.26499 8.38573 4.91044 4.31474 2.11009 6.81517 7.58254 3.81996 1.80025 2.91234 6.48179 5.91168 5.12938 8.55462 2.86086 0.835225 4.43948 2.64968 5.71386 1.15849 5.90712 1.06212 4.90931 3.26149 4.17739 3.26193 7.27562 3.32316 7.88777 1.19218 7.06142 5.72512 2.61457 3.82744 5.32902 6.46344 3.75151 6.26999 3.46227 3.07877 8.59247 5.41208 3.88816 2.34361 2.32459 4.7139 5.14566 2.88891 4.27604 7.26364 2.11596 4.12244 7.51963 1.96469 8.2471 2.66558 0.248395 6.10623 3.88001 8.02436 1.25284 0.0509902 6.22389 5.2923 2.78354 1.61555 6.16007 5.10742 
3.64664 8.95342 5.05693 6.2482 10.2988 9.54059 1.84491 4.42757 8.22475 7.81683 9.08881 7.73885 5.36078 6.1336 4.07344 8.25222 5.56076 9.05001 9.35514 2.14283 2.9588 5.91331 8.32703 11.0201 6.34768 5.34958 0.945939 9.69394 8.0923 6.36116 12.006 3.61964 3.27965 5.20128 6.2118 9.44153 4.58384 9.12637 4.80652 7.77578 4.3397 7.5116 4.89376 9.46816 6.8242 10.8556 2.94496 8.57088 9.53757 3.71974 7.62896 7.36872 9.12965 7.06771 9.6387 7.27628 0.790759 9.04696 8.02798 3.4442 5.03589 6.03604 8.51499 8.94899 2.19538 8.08857 9.59488 5.53073 6.65492 8.21343 1.87523 8.99133 3.18763 3.87489 7.60059 6.61309 9.34679 3.06139 3.78419 9.2581 6.01163 3.36006 5.2741 8.23826 6.49726 
7.11923 7.17346 3.34624 2.03416 2.07711 5.30665 6.52645 4.10468 4.25202 4.22976 7.32509 4.85077 2.99189 4.87643 7.378 0.127279 2.79517 0.980204 8.0687 8.82844 7.69042 2.49018 6.26677 3.3536 3.60072 2.93165 7.41583 2.93205 4.7289 5.78234 4.24096 5.728 4.98812 6.061 2.11085 1.17444 3.69229 2.54024 3.49382 3.01573 5.47123 4.21171 4.88267 5.49623 1.66904 4.52391 5.33578 6.4226 1.71828 5.43103 1.92208 4.71239 4.12029 1.91909 2.39201 1.78045 7.58064 8.86454 3.70714 6.89543 3.74513 3.12083 0.868332 2.0806 6.71316 1.10073 5.24976 2.82652 3.59202 7.80108 6.39532 8.25412 5.90366 4.57849 5.88924 3.22025 7.33406 5.68793 4.59004 3.18523 6.45877 5.86919 2.99388 5.02573 5.57109 
5.29914 1.65148 6.99743 7.69666 9.25054 4.18387 7.68752 6.66694 4.46161 11.8748 1.57407 12.2997 7.19186 11.3199 4.88559 8.45719 8.35101 9.47424 0.976166 7.38978 6.03902 8.51143 2.37245 8.35558 5.26161 7.53165 8.89657 6.89292 3.9278 3.28123 8.98321 5.82719 7.76858 4.03398 7.4905 9.14095 7.5262 6.74354 8.0881 5.5871 5.21023 11.6919 5.12268 3.91461 7.314 6.54487 7.65687 2.29009 10.2262 5.95063 9.88486 3.87072 5.10777 6.78122 7.44067 9.46884 8.95272 0.296142 4.95292 5.51951 6.26279 9.63789 9.42828 10.6123 6.92931 9.45846 4.29466 7.20584 5.13249 0.868332 8.25409 0.419762 6.22319 8.6293 2.69787 5.53474 1.78045 9.24842 8.41975 6.18802 3.14159 6.03464 7.80974 3.66351 3.36144 
3.55659 8.79128 4.71546 5.89187 9.94342 9.29475 1.53883 4.1025 7.96116 7.4609 8.9302 7.39327 5.01351 5.79031 4.00682 7.89367 5.19312 8.68441 9.22293 2.30868 2.93343 5.54495 8.13843 10.686 6.0604 4.99437 0.584209 9.37554 7.84653 6.17366 11.6718 3.39094 2.92205 5.03168 5.85921 9.08155 4.22868 8.80596 4.4406 7.47599 4.11652 7.15599 4.6445 9.23018 6.47724 10.5596 2.59509 8.38452 9.16848 3.46733 7.25739 7.1279 8.85183 6.73351 9.30798 6.90522 0.440454 8.96061 7.74815 3.32929 4.72086 5.66527 8.14747 8.57742 1.99565 7.71938 9.34615 5.18314 6.37047 8.09711 1.51208 8.87717 2.95244 3.50333 7.40665 6.31447 9.18264 2.69948 3.41353 8.95223 5.86341 3.13198 4.91337 8.00178 6.29848 
5.98426 8.27641 2.34019 1.82784 5.04876 7.18229 4.39619 2.89993 5.80246 2.6706 8.44252 3.01423 2.10794 2.18888 6.39832 3.07483 0.947523 3.49611 9.08936 6.97376 6.24606 0.856154 7.34221 6.34761 4.12456 1.7698 4.91766 5.60651 6.08737 6.04822 7.25882 4.52212 2.83854 5.71616 2.00552 4.08711 2.01201 5.08004 1.43136 4.62992 4.67269 2.44125 4.38945 7.28517 2.5397 7.17006 3.22307 7.56419 3.81682 4.22404 1.79388 5.69956 6.16042 3.16267 5.21422 1.50013 5.08249 9.54679 5.29499 5.68177 3.08804 0.344093 2.90172 3.10942 4.90172 2.40832 7.16572 2.09609 4.34108 8.43602 4.03268 9.08051 4.46515 1.97975 6.728 3.972 8.55409 2.90993 2.10278 5.57818 6.44594 4.53072 1.50416 6.38003 5.94052 
3.45172 7.95329 2.97229 4.05882 8.1066 8.00321 0.962549 2.48568 6.5964 5.81086 8.1076 5.83837 3.23209 4.28768 3.95455 6.04745 3.32277 6.81688 8.53202 3.49961 3.26057 3.67396 7.17586 8.93729 4.60663 3.17099 1.36029 7.7072 6.58119 5.28734 9.92041 2.52004 1.11772 4.31793 4.04353 7.22928 2.4123 7.13119 2.57406 5.92243 3.17506 5.51232 3.49046 7.98121 4.68531 8.99549 0.892861 7.42765 7.29754 2.42539 5.40231 5.90762 7.39715 5.00445 7.57998 5.04097 1.52502 8.514 6.2988 3.136 3.14341 3.84908 6.27702 6.72164 1.77282 5.8485 8.03857 3.39803 4.92443 7.51921 0.403113 8.28865 2.13321 1.65723 6.43623 4.78851 8.32517 1.17631 1.54845 7.35011 5.21077 2.31741 3.06472 6.78364 5.34329 
4.89287 2.77483 3.75565 3.91042 5.12016 1.74106 6.0604 3.86 0.464004 8.05084 2.93002 8.55815 3.7768 7.88155 4.84554 4.28077 4.81176 5.27788 3.66661 7.24636 5.74252 4.85479 1.86301 4.54816 1.73401 4.09216 7.34173 2.95968 0.380132 2.1349 5.37339 4.22587 5.28342 3.13383 3.71646 4.94276 4.43389 2.66008 4.84665 1.39119 3.53327 7.91624 2.93586 1.73 3.34432 3.35622 5.38028 2.02272 6.02748 4.10946 5.8832 0.596825 1.48054 2.73761 3.39147 5.50538 7.46464 4.49444 0.767919 4.864 3.22397 6.01614 5.26608 6.4678 5.66072 5.34838 1.78101 3.71317 1.43951 3.478 6.37587 3.86095 4.64625 5.76168 1.59022 1.75328 2.96582 6.72465 5.60222 2.24635 2.92481 4.48288 4.38658 0.676757 1.87665 
3.57315 6.07376 0.411461 1.75208 5.69723 5.58108 2.8507 0.38 4.14001 5.22943 6.23899 5.54707 0.771622 4.4303 3.93585 3.71648 1.67601 4.65626 6.81234 5.07241 4.0098 1.97307 5.18154 6.34938 2.14597 0.950053 3.93022 5.07552 4.23586 3.61544 7.33524 2.1 1.53013 3.16223 1.64794 4.90829 0.630079 4.50031 1.20283 3.32063 2.12565 4.99625 1.84621 5.6029 2.18213 6.3729 1.76709 5.42419 5.27565 1.79 3.8103 3.65986 4.84322 2.39727 4.9741 3.36482 4.08388 7.12657 3.7692 3.30014 0.676757 2.90028 4.21545 5.00728 2.9561 3.90635 5.6 0.932309 2.45165 6.02834 2.87891 6.72269 2.18477 1.89066 4.49035 2.23294 6.39879 2.86295 1.72409 4.72077 3.92323 2.18435 1.10603 4.48486 3.55317 
3.5096 8.69014 4.50795 5.67539 9.72716 9.14278 1.36308 3.90544 7.7991 7.251 8.83111 7.191 4.80243 5.59014 3.97223 7.67581 4.97076 8.46291 9.13961 2.42157 2.93002 5.32226 8.02173 10.4815 5.88511 4.77867 0.381182 9.18035 7.69532 6.05955 11.4673 3.25707 2.70562 4.9305 5.64486 8.86288 4.01319 8.6097 4.21911 7.29236 3.98393 6.94638 4.49437 9.08296 6.26599 10.3773 2.3838 8.26898 8.94545 3.31789 7.0339 6.98018 8.68084 6.52964 9.10562 6.68162 0.268328 8.9052 7.5764 3.26806 4.52951 5.44328 7.92511 8.35393 1.89066 7.49633 9.19242 4.97181 6.19668 8.02429 1.29321 8.80501 2.81619 3.27983 7.28728 6.13209 9.08002 2.4862 3.19002 8.7645 5.77387 2.99955 4.69459 7.85611 6.17729 
1.69623 6.94525 5.16501 6.51128 10.3017 8.12914 2.65415 4.3942 7.04052 9.31561 7.0551 9.40597 5.53075 7.88651 1.86078 8.42738 6.23503 9.40707 7.16616 0.792275 0.857963 6.58635 6.5156 10.5812 5.558 5.68384 3.16285 9.06795 6.74801 4.66154 11.5386 2.7778 4.04654 3.49464 6.3935 9.59871 5.02621 8.55436 5.50245 7.01225 3.23422 9.02703 3.91215 7.99133 6.83574 9.90208 3.67227 6.73385 10.0367 3.0608 8.45909 6.02545 8.0432 6.83343 9.19711 8.03374 3.11931 6.65007 7.02166 1.74977 4.75615 7.15308 8.97656 9.72027 1.97497 8.65708 8.20708 5.68537 5.80345 5.97224 3.25338 6.71977 2.58136 5.04337 5.86305 5.92879 7.33922 4.78114 4.85791 8.48639 4.06661 2.6148 5.75243 6.80401 4.8718 
6.29308 9.81236 3.75832 3.88001 7.23923 9.10372 3.98058 3.92226 7.67392 3.0938 9.97766 2.95061 3.71819 1.34302 6.77997 5.30322 2.82087 5.63057 10.5453 6.47656 6.24362 2.95237 8.91586 8.57961 5.78381 3.41463 3.87129 7.79868 7.8668 7.31304 9.48689 5.03588 2.9492 6.65327 4.0128 6.272 3.11925 7.25653 2.64751 6.60982 5.47362 2.78948 5.45938 9.1698 4.64108 9.33741 3.20495 9.15645 5.8244 4.80885 3.74226 7.35612 8.17749 5.22245 7.43361 3.59707 4.01001 10.796 7.21446 5.96858 4.41073 2.13937 5.03036 4.92544 4.75083 4.52134 9.10264 3.79527 6.05826 9.71561 3.386 10.4325 4.78624 1.96543 8.229 5.74816 10.1349 1.85586 2.18248 7.71146 7.50431 4.92736 3.12618 8.13814 7.27374 
1.30138 6.69362 4.21532 5.55989 9.40669 7.59495 1.75775 3.44746 6.41003 8.3518 6.81965 8.45786 4.57926 6.95766 1.70156 7.49861 5.25669 8.46245 7.03257 1.3306 0.615873 5.60903 6.14994 9.77057 4.78174 4.71975 2.53503 8.29145 6.17324 4.21246 10.739 1.914 3.07189 3.02002 5.44938 8.6783 4.05088 7.76073 4.52206 6.2514 2.48069 8.06549 3.14759 7.48265 5.91656 9.22139 2.70148 6.38376 9.08091 2.16982 7.48076 5.44037 7.39006 5.95292 8.37865 7.05698 2.53663 6.67792 6.33167 1.1676 3.85126 6.17506 8.02049 8.74604 1.00623 7.69172 7.66416 4.73711 5.04892 5.87123 2.39251 6.6447 1.65052 4.08049 5.45206 5.13165 7.08969 3.89539 3.89051 7.74298 3.74509 1.71511 4.77984 6.26592 4.38985 
7.78023 10.1734 4.28627 3.62927 5.72603 8.90025 5.85888 4.8091 7.5798 0.850235 10.3388 1.06668 4.05265 1.13217 8.22134 4.1456 2.89178 4.05613 11.0018 8.45199 7.93681 2.7324 9.23455 7.32535 6.02742 3.71602 6.03596 6.94165 7.91324 7.99425 8.12227 6.35309 4.45597 7.64752 3.82828 4.79167 3.90466 6.48353 3.3082 6.35106 6.57384 0.555788 6.32665 9.03011 4.2283 8.54 4.81269 9.44942 4.00716 6.06782 2.15021 7.58129 7.8054 4.8624 6.43504 2.28705 6.18729 11.488 7.04872 7.46625 5.03438 1.60431 3.50374 2.96697 6.5037 3.03134 8.87095 4.0314 6.22206 10.3766 5.36008 11.0113 6.23604 3.4294 8.64256 5.8381 10.4365 3.92363 3.62228 7.06723 8.39038 6.3274 3.45145 8.21239 7.88277 
9.15242 6.07968 6.62825 5.80682 3.12835 3.55394 9.72169 7.15605 3.927 8.60549 6.15721 9.24689 6.4074 9.339 9.17212 4.38114 6.84634 4.59358 6.85263 11.4057 9.96027 6.64686 5.56167 1.34239 5.30941 6.55881 10.8833 1.88767 4.37933 6.52175 1.3503 8.19787 8.48177 7.47359 5.73394 3.84912 7.24831 2.46435 7.33982 3.83839 7.60859 8.62812 6.93689 3.82027 5.05677 1.18423 8.72715 5.53852 5.01343 7.9928 6.36197 4.98401 2.92933 4.6139 2.14758 6.2502 11.0329 8.01325 3.81619 9.0683 6.5316 7.52049 5.0546 6.01399 9.55837 5.48848 3.44224 6.25353 5.03532 7.28616 9.8357 7.31304 8.55468 8.47625 5.74089 4.98712 5.98369 9.60607 8.4086 2.34182 7.30896 8.43082 6.76743 4.48457 6.26386 
5.67641 4.02548 3.47541 3.16765 3.79012 2.22767 6.32652 3.84034 1.07912 7.09505 4.1708 7.64807 3.36595 7.17508 5.72846 3.05791 4.19228 4.00292 4.92441 7.91253 6.47223 4.14251 3.15496 3.37236 1.83003 3.62006 7.54448 1.7844 1.59327 3.27426 4.273 4.71307 5.2489 4.06179 3.00648 3.6236 4.15788 1.37674 4.43028 0.407922 4.11546 6.99618 3.4442 2.37413 2.464 2.69436 5.43548 3.28299 4.74305 4.52001 4.83415 1.82099 1.17958 1.83098 2.10924 4.50211 7.68511 5.81228 0.567539 5.58055 3.18487 5.26234 4.05278 5.26503 6.09496 4.2006 2.19659 3.25075 1.54467 4.80983 6.51694 5.16435 5.08207 5.48664 2.92181 1.55184 4.16083 6.55626 5.36717 1.15624 4.06341 4.95072 3.89252 1.87409 3.01761 
0.467547 5.17093 4.29913 5.59044 9.05108 6.38205 3.04613 3.56976 5.3694 9.02218 5.2857 9.23385 4.65474 7.85651 0.0728011 7.33388 5.59823 8.37523 5.44121 2.55267 1.09073 5.91434 4.72745 9.11843 4.11825 4.89263 4.08512 7.55818 5.03433 2.89928 10.0481 1.87723 3.84147 1.77485 5.43368 8.44953 4.3983 7.08071 4.96774 5.50594 1.93752 8.75891 2.54961 6.23286 5.74032 8.25728 3.55294 4.9454 9.0638 2.17911 7.75539 4.3277 6.38376 5.6004 7.76369 7.30808 4.11156 5.04337 5.41425 0.790253 3.70438 6.72244 8.02247 8.92202 2.20057 7.78126 6.46421 4.78105 4.31613 4.26339 3.68897 5.03016 1.99459 4.89001 4.08142 4.51699 5.56619 5.0385 4.67424 6.9313 2.27844 1.88854 5.04457 5.06628 3.12234 
8.61629 9.79054 4.7119 3.539 3.87243 8.05623 7.202 5.42786 6.93172 1.85154 9.94837 2.49393 4.37156 3.3022 8.98649 2.88425 3.42177 2.30766 10.673 9.77231 8.97001 3.08858 8.86095 5.61271 5.87003 4.10859 7.67727 5.61712 7.37151 8.04665 6.28815 7.13875 5.63425 8.02193 3.73363 3.0491 4.64182 5.28046 4.13392 5.66817 7.14071 1.99324 6.70774 8.23802 3.77987 7.17081 6.02031 9.03939 1.99203 6.83005 1.26242 7.23644 6.87527 4.31511 5.01597 1.71292 7.83962 11.3657 6.38036 8.33236 5.38436 2.58428 1.93776 0.910055 7.68105 1.69118 8.00236 4.26878 5.96306 10.2697 6.83064 10.7986 7.1528 4.77582 8.39543 5.5617 9.98531 5.59893 4.90805 5.93633 8.60886 7.19058 3.95641 7.67441 7.87561 
3.60462 8.6617 4.22412 5.35385 9.40383 9.00355 1.22589 3.65903 7.63772 6.84901 8.80657 6.79047 4.50459 5.19062 4.08512 7.34622 4.61637 8.11311 9.14582 2.75507 3.10409 4.9646 7.96227 10.2011 5.69415 4.46189 0.0728011 8.92943 7.56003 6.0103 11.186 3.18127 2.39207 4.91253 5.3325 8.52879 3.69899 8.35611 3.87227 7.07628 3.90463 6.54439 4.37138 8.95483 5.96518 10.1616 2.09612 8.21156 8.58283 3.20506 6.65508 6.85441 8.49603 6.25449 8.83287 6.30892 0.226274 8.96447 7.3912 3.33985 4.29806 5.05384 7.56905 7.97487 1.90394 7.13379 9.04901 4.6727 6.0089 8.05255 0.984073 8.83318 2.74046 2.90264 7.22366 5.92156 9.04798 2.08471 2.82294 8.53531 5.77567 2.93007 4.36321 7.73336 6.11265 
5.27091 0.130384 5.9788 6.46518 7.64963 2.55131 7.323 5.80246 2.89993 10.6554 0.281603 11.1264 6.11003 10.2899 4.96977 6.98886 7.24117 7.97236 0.956922 7.5936 6.11204 7.35112 0.857963 6.71509 4.05464 6.44845 8.60126 5.2646 2.38948 2.54167 7.34613 5.36825 7.07276 3.63001 6.26163 7.59217 6.58353 5.14164 7.09975 4.09718 4.6655 10.4978 4.37495 2.28373 5.98754 4.9205 7.03839 0.693181 8.7168 5.40881 8.55493 2.51032 3.47541 5.40957 5.8258 8.1603 8.68518 1.93373 3.42184 5.4092 5.29102 8.50669 7.97567 9.17755 6.67001 8.05281 2.66272 6.09266 3.86079 1.2627 7.81225 1.23911 5.80246 7.80626 1.47177 4.25282 0.526118 8.57848 7.61179 4.5664 2.82057 5.61057 6.73964 2.10202 2.49353 
9.00281 7.80484 5.4733 4.23137 0.183576 5.46386 8.70619 6.19788 4.94022 5.765 7.93083 6.41527 5.14009 6.82821 9.19054 2.24207 5.04366 1.79536 8.68878 10.8998 9.66002 4.73532 7.01573 1.77553 5.15454 5.12938 9.64461 2.57235 5.48272 7.12618 2.33619 7.70699 7.20124 7.68833 4.27142 1.11893 5.89513 2.64221 5.73562 4.01125 7.33265 5.845 6.68542 5.71454 3.70005 3.74066 7.53632 7.10144 1.97464 7.42823 3.74322 5.75501 4.33674 3.65557 1.96087 3.7987 9.8085 9.68174 4.50156 8.8171 5.73893 5.25038 2.38137 3.04322 8.81927 2.88862 5.37249 4.97016 5.02415 8.72469 8.61433 9.00777 7.94119 6.8269 6.85896 4.74684 7.85541 7.9353 6.83593 3.22568 7.88767 7.88001 5.22036 5.72857 6.8805 
5.95756 9.83257 3.89297 4.24166 7.80708 9.30763 3.51801 3.91506 7.86641 3.80739 9.99602 3.63341 3.92001 2.0298 6.45478 5.82344 3.18328 6.23013 10.5268 5.92324 5.82081 3.37771 8.96068 9.07436 5.91683 3.65049 3.246 8.20207 8.01331 7.26276 10.0016 4.80288 2.74117 6.50429 4.34884 6.8437 3.21436 7.64621 2.84297 6.87186 5.31456 3.50408 5.38934 9.35385 5.0065 9.70697 2.92412 9.20639 6.46747 4.60821 4.38275 7.45615 8.44313 5.55167 7.8781 4.19915 3.3752 10.6968 7.43673 5.63498 4.47246 2.72919 5.63057 5.60045 4.33029 5.12544 9.31492 4.0228 6.20823 9.63753 2.88922 10.3747 4.50454 1.91324 8.25293 5.9302 10.1709 1.3927 2.10395 8.0598 7.37835 4.66267 3.38053 8.2716 7.24903 
2.36038 4.29848 2.20719 3.28637 6.50372 4.48728 3.32579 1.74413 3.19883 7.20503 4.45738 7.54923 2.49147 6.43481 2.50769 4.84415 3.61865 5.90573 4.94773 4.56207 3.12348 3.85946 3.49314 6.61587 1.58808 2.80532 4.6218 5.08811 3.03896 1.6772 7.56482 1.4418 2.90002 1.20487 3.10105 5.92669 2.63078 4.58188 3.21552 3.03134 0.768375 6.98387 0.199249 4.41956 3.28014 5.97369 2.86723 3.74489 6.62007 1.34733 5.55539 2.31728 4.15471 3.06967 5.24314 5.10533 4.73334 5.14813 3.08462 2.23403 1.46711 4.88692 5.60603 6.60401 2.87696 5.42796 4.54189 2.56632 1.82258 4.06607 3.72066 4.7915 1.86601 3.70095 2.75536 1.97677 4.65984 4.40505 3.49407 4.50894 1.91031 1.69924 3.04436 3.1918 1.68291 
7.4334 7.37621 3.66051 2.34303 1.81945 5.43788 6.8329 4.42 4.44046 4.25075 7.52549 4.88365 3.30506 5.00915 7.68953 0.390128 3.07002 0.690507 8.27357 9.14327 8.00653 2.75409 6.47892 3.20914 3.885 3.2383 7.70912 2.9426 4.93077 6.05635 4.06247 6.04401 5.28841 6.36001 2.4244 0.883912 3.99662 2.60169 3.7819 3.22531 5.78363 4.25541 5.19139 5.63724 1.98285 4.51595 5.63902 6.62735 1.44309 5.74718 1.98252 4.9488 4.24415 2.20656 2.36299 1.9105 7.87427 9.09373 3.90191 7.21061 4.06079 3.30992 0.744312 1.93259 7.02684 1.11158 5.37587 3.14025 3.8635 8.03884 6.69284 8.4747 6.21974 4.85372 6.12464 3.49886 7.52453 5.95504 4.87222 3.26308 6.74253 6.18542 3.29201 5.22398 5.84098 
7.67208 7.60711 3.87769 2.54912 1.72192 5.63664 7.02974 4.64088 4.66717 4.17412 7.75539 4.81408 3.5192 5.0207 7.93235 0.640312 3.22639 0.439318 8.50507 9.36092 8.2376 2.89945 6.71376 3.22155 4.13679 3.43837 7.88365 3.07722 5.16245 6.30758 4.03838 6.27626 5.47526 6.61012 2.64078 0.756637 4.19152 2.77002 3.95285 3.46144 6.02536 4.19634 5.43688 5.84083 2.22272 4.63124 5.83057 6.8593 1.19369 5.978 1.95576 5.1923 4.44083 2.45815 2.47542 1.9418 8.04923 9.33408 4.13174 7.44664 4.29532 3.37831 0.623699 1.75 7.24073 1.07378 5.57202 3.35622 4.11461 8.28206 6.87434 8.71214 6.44517 5.0064 6.3675 3.75055 7.75026 6.0965 5.03362 3.4374 6.99432 6.41411 3.47806 5.45404 6.09173 
7.3873 6.19526 4.12753 3.08302 1.56013 4.00476 7.36098 4.78414 3.27605 5.87933 6.33039 6.50594 3.84034 6.50151 7.54359 1.55929 4.0762 2.072 7.08985 9.39385 8.08622 3.84533 5.36574 1.8843 3.47851 3.919 8.41086 1.31061 3.81283 5.40557 2.85701 6.16078 5.95648 5.99841 3.05177 1.49013 4.66212 1.07201 4.64663 2.2902 5.72451 5.86983 5.06084 4.23236 2.38891 2.87767 6.25308 5.47111 2.72281 5.89936 3.58134 4.04191 2.81801 2.13694 0.731642 3.42707 8.56951 8.03286 2.80672 7.22264 4.24848 4.67863 2.37403 3.50435 7.3684 2.73642 3.928 3.67325 3.32521 7.04716 7.36088 7.37176 6.4359 5.78538 5.16236 3.07415 6.2824 6.92119 5.74708 1.73876 6.16984 6.35423 4.08354 4.0746 5.15932 
2.8406 4.42512 1.80812 2.79603 5.9958 4.31283 3.48817 1.49466 2.95102 6.78973 4.58862 7.15902 2.05548 6.11101 3.01644 4.32261 3.20628 5.3845 5.13654 4.96231 3.56675 3.42313 3.5632 6.16144 1.1463 2.38315 4.76615 4.65859 2.87543 1.92961 7.12001 1.74917 2.81306 1.6965 2.60578 5.40771 2.31815 4.13628 2.87868 2.6163 1.18727 6.5787 0.514296 4.2752 2.76089 5.62894 2.85044 3.8118 6.10001 1.5728 5.07244 2.19276 3.85549 2.55149 4.77913 4.62398 4.89004 5.44301 2.7598 2.6874 1.06151 4.48879 5.08885 6.0982 3.15051 4.91906 4.35633 2.11178 1.41993 4.3419 3.80601 5.03501 2.13063 3.49803 2.84675 1.50904 4.76602 4.30875 3.30353 4.11049 2.31355 1.99023 2.64093 3.0694 1.86682 
8.3592 5.10358 6.13949 5.48432 3.55179 2.57816 9.11408 6.59348 3.05203 8.68795 5.18183 9.31393 5.96055 9.23699 8.34748 4.35773 6.54543 4.79041 5.88054 10.6581 9.1863 6.39038 4.59413 1.93313 4.62087 6.15313 10.3173 1.56259 3.46954 5.63853 2.27264 7.49221 7.97023 6.63871 5.38098 4.08795 6.79307 2.08614 6.95715 3.17657 6.86813 8.67613 6.20797 2.84417 4.71925 0.210238 8.18502 4.56572 5.32238 7.30852 6.38649 4.1106 2.03666 4.19663 2.07964 6.20854 10.4611 7.03778 3.02121 8.29625 5.94794 7.36068 5.16717 6.23937 8.88541 5.54491 2.46641 5.81863 4.32678 6.31298 9.28065 6.33745 7.86997 8.07457 4.80067 4.33908 5.011 9.1868 7.98482 1.71956 6.41727 7.73409 6.38862 3.55128 5.38362 
5.5245 7.32767 1.62782 0.825409 4.43379 6.17992 4.35938 2.33343 4.8036 3.46733 7.49323 3.89847 1.30924 3.19119 5.89186 2.37497 0.448219 3.05 8.15606 6.83264 5.91222 0.160312 6.38941 5.55623 3.18152 1.01868 5.12079 4.68728 5.09927 5.20024 6.50035 4.04773 2.7693 5.00016 1.00648 3.5101 1.59138 4.14397 1.20354 3.62763 4.05765 3.28207 3.66939 6.28395 1.55048 6.22676 3.14479 6.606 3.54198 3.73837 1.86024 4.73803 5.16202 2.16518 4.34385 1.42172 5.28698 8.66686 4.29344 5.24462 2.33617 1.29711 2.50912 3.10387 4.70561 2.09974 6.16329 1.24036 3.378 7.55493 4.13321 8.17435 4.08442 2.22767 5.79777 2.99848 7.59422 3.33122 2.2561 4.61183 5.66472 4.11 0.870517 5.39434 5.07099 
8.28971 5.55203 5.73334 4.9479 2.75937 3.03117 8.82036 6.25512 3.14941 7.95594 5.64745 8.58793 5.51881 8.58047 8.32588 3.65197 5.99707 4.01852 6.37465 10.5236 9.08842 5.8132 4.93961 1.2184 4.4201 5.67895 9.98295 0.995389 3.63676 5.72937 1.80854 7.3077 7.58538 6.63754 4.86576 3.30578 6.35928 1.57178 6.46688 2.94885 6.72816 7.95594 6.05417 3.30106 4.19087 0.940691 7.82788 4.9485 4.53398 7.09876 5.67028 4.192 2.19738 3.72701 1.36367 5.51838 10.1323 7.49131 2.97755 8.19674 5.63021 6.73018 4.41775 5.4654 8.6617 4.81465 2.92344 5.36695 4.15173 6.68697 8.93579 6.79213 7.66029 7.59995 5.0354 4.09132 5.50654 8.72663 7.52708 1.46 6.52215 7.53865 5.89454 3.77874 5.46978 
8.22657 5.05146 5.9848 5.33023 3.46383 2.52052 8.96403 6.44085 2.93206 8.55313 5.1339 9.17759 5.80539 9.08982 8.22 4.2193 6.39153 4.67047 5.84042 10.5199 9.05114 6.23773 4.51895 1.88915 4.47465 5.99791 10.1654 1.41598 3.36074 5.52294 2.2963 7.34888 7.81625 6.51257 5.22634 3.97452 6.63802 1.93373 6.80201 3.02696 6.72816 8.53867 6.06647 2.78869 4.56508 0.233452 8.03197 4.49814 5.2136 7.16325 6.24885 3.99145 1.91971 4.04148 1.94797 6.06644 10.3095 6.98877 2.88513 8.16061 5.79597 7.21136 5.03834 6.11977 8.73963 5.4107 2.40917 5.6634 4.18207 6.24585 9.12821 6.28815 7.7249 7.91932 4.70558 4.18971 4.97025 9.0316 7.82961 1.56544 6.30436 7.59003 6.23354 3.4522 5.26711 
8.47857 5.0629 6.34353 5.71305 3.78276 2.55633 9.28974 6.78251 3.1477 8.93784 5.13401 9.56362 6.17188 9.48095 8.45351 4.60692 6.77505 5.0383 5.81881 10.7923 9.31224 6.62463 4.59492 2.13038 4.78377 6.37028 10.5014 1.8071 3.53927 5.71851 2.38663 7.64336 8.1675 6.74248 5.60635 4.33352 7.00172 2.32175 7.17638 3.35418 7.00909 8.92561 6.35404 2.81684 4.94775 0.269258 8.37607 4.5529 5.56555 7.4663 6.63591 4.2012 2.13178 4.41654 2.32964 6.45635 10.6438 6.98928 3.15636 8.42388 6.13365 7.6019 5.41698 6.48705 9.04439 5.79483 2.44477 6.03206 4.48487 6.29641 9.46792 6.2902 8.02681 8.28993 4.83885 4.51412 4.95169 9.3986 8.19699 1.92333 6.49039 7.88759 6.60911 3.60074 5.46601 
8.24721 6.71405 4.98551 3.88855 1.0017 4.3624 8.22499 5.65291 3.87965 6.24763 6.83784 6.89094 4.68875 7.06135 8.39231 2.1296 4.84004 2.23379 7.5948 10.2676 8.95436 4.5817 5.93998 1.15741 4.32113 4.74843 9.2587 1.47136 4.42295 6.16899 2.06826 7.03314 6.80186 6.82215 3.87604 1.49576 5.50073 1.57537 5.4503 3.04821 6.58813 6.27762 5.92119 4.61286 3.22796 2.74824 7.10617 6.01771 2.70601 6.77289 4.03031 4.74422 3.23818 3.00947 0.865852 3.96043 9.4185 8.60169 3.47 8.0877 5.12221 5.314 2.69981 3.66509 8.24175 3.15002 4.27142 4.5202 4.14893 7.66165 8.21073 7.92341 7.31001 6.58267 5.81723 3.92084 6.75785 7.71573 6.55656 2.12925 6.9462 7.22775 4.89585 4.65843 5.91709 
2.0412 5.36606 1.90042 3.21498 6.91469 5.54491 2.24589 1.17085 4.20438 6.70458 5.52197 6.97132 2.2602 5.71238 2.39019 5.05831 3.20888 6.06446 5.97358 3.83401 2.57437 3.51689 4.58416 7.27635 2.35866 2.49064 3.536 5.82718 4.09888 2.70749 8.25014 0.610983 1.90032 1.87003 3.07168 6.21889 2.03541 5.28315 2.62482 3.82158 0.686222 6.45565 0.912688 5.49176 3.45962 6.87023 1.80569 4.83592 6.72561 0.340588 5.3534 3.39094 5.11172 3.45013 5.88211 4.90633 3.65322 6.06301 4.0136 1.78757 1.37568 4.38056 5.67254 6.53019 1.90646 5.40338 5.59333 2.3941 2.65452 5.01781 2.62069 5.77022 0.898721 2.82335 3.84413 2.67075 5.73509 3.38325 2.60526 5.31932 2.74117 0.79404 2.64764 4.27 2.75218 
3.54193 4.3595 1.73072 2.39268 5.3132 3.86091 4.05031 1.73012 2.44135 6.53244 4.52585 6.9519 1.86207 6.03822 3.7 3.71022 3.01126 4.78235 5.14433 5.65659 4.27121 3.16362 3.4442 5.45785 0.475079 2.20229 5.29873 3.96406 2.47455 2.15232 6.41843 2.42547 3.15458 2.26009 2.18929 4.75798 2.36865 3.43583 2.85323 1.93724 1.89212 6.34476 1.21803 3.86005 2.20436 4.98944 3.26663 3.68061 5.51311 2.21923 4.65619 1.88481 3.27031 1.90515 4.07443 4.21731 5.43207 5.60226 2.16536 3.39229 1.10476 4.29424 4.52982 5.59389 3.79226 4.40732 3.89062 1.86132 0.783901 4.49028 4.29802 5.12328 2.78146 3.66613 2.78742 0.80604 4.66538 4.59793 3.49543 3.43526 2.71371 2.6558 2.49018 2.71398 2.00801 
6.42982 8.65744 2.77627 2.14294 5.00568 7.47982 4.78774 3.34861 6.12259 2.22524 8.82321 2.59114 2.52875 1.92676 6.84606 3.11439 1.37004 3.39612 9.48008 7.3761 6.68001 1.21037 7.72023 6.39839 4.50728 2.1944 5.24254 5.76195 6.43012 6.47001 7.28286 4.96971 3.25055 6.15959 2.33437 4.03803 2.46142 5.25524 1.87926 4.92278 5.12141 2.00302 4.83112 7.59382 2.80516 7.3438 3.63233 7.93827 3.63325 4.67231 1.55589 6.07067 6.42725 3.43879 5.33023 1.36191 5.40567 9.96092 5.60376 6.12612 3.52278 0.145602 2.79578 2.83537 5.32008 2.28779 7.45815 2.50416 4.71052 8.84937 4.39483 9.48452 4.90702 2.34184 7.11966 4.33244 8.92698 3.18529 2.48477 5.78578 6.88178 4.9754 1.93869 6.72622 6.35612 
7.69344 8.74643 3.759 2.5248 3.35058 7.06601 6.4692 4.50071 5.90468 2.42217 8.90498 3.05791 3.40602 3.37147 8.04316 1.94654 2.56971 1.68024 9.6268 8.993 8.0987 2.21472 7.81499 4.97049 4.82149 3.17077 7.07939 4.75379 6.33461 7.00321 5.74833 6.22051 4.87767 7.01231 2.71288 2.41828 3.77457 4.3666 3.32343 4.63864 6.17207 2.43822 5.70968 7.23871 2.72883 6.33834 5.26241 7.99591 1.73358 5.91054 0.377359 6.18684 5.89705 3.26602 4.18971 0.766551 7.24489 10.3141 5.35318 7.42017 4.39932 2.05883 1.1407 0.947048 6.8746 0.728011 7.01689 3.28956 4.91172 9.21829 6.16332 9.74807 6.27034 4.12866 7.34444 4.51048 8.94649 5.07847 4.22693 5.00497 7.57737 6.2923 3.05655 6.6381 6.82913 
8.89331 7.28464 5.56369 4.41091 0.743303 4.87756 8.80878 6.25016 4.49491 6.38154 7.40314 7.03102 5.25404 7.34074 9.04347 2.52715 5.31448 2.35213 8.15652 10.8927 9.59308 5.0337 6.53551 1.0519 4.9733 5.29004 9.81369 2.00584 5.03724 6.8193 1.72285 7.66429 7.35697 7.47717 4.41744 1.60798 6.05026 2.20057 5.96008 3.70072 7.23149 6.44199 6.56686 5.13568 3.79051 3.03712 7.67211 6.60228 2.65345 7.39985 4.26456 5.38343 3.79638 3.62271 1.47031 4.25987 9.97506 9.18828 4.10395 8.72983 5.73708 5.67208 2.89774 3.69676 8.85223 3.38723 4.78114 5.08422 4.80368 8.26783 8.77005 8.5043 7.93229 7.08071 6.44094 4.57184 7.3094 8.20708 7.06804 2.7044 7.59822 7.85461 5.41777 5.26286 6.56659 
4.9977 8.13049 2.07135 2.39437 6.19642 7.4493 3.1152 2.27702 6.0124 3.64216 8.29608 3.79684 2.05353 2.45601 5.45341 4.14654 1.36565 4.73764 8.87389 5.7135 5.13055 1.63371 7.23016 7.31772 4.09956 1.77229 3.56699 6.35708 6.18777 5.66359 8.26915 3.60943 1.64976 5.08627 2.48485 5.25837 1.4359 5.79424 0.973242 4.99362 3.93594 3.36025 3.83642 7.50555 3.1533 7.84083 2.01102 7.47001 5.12645 3.34325 3.14127 5.66867 6.56515 3.67887 6.06865 2.81823 3.73172 9.16526 5.56925 4.67954 2.72837 1.54738 4.16019 4.45916 3.70741 3.69009 7.45292 2.14756 4.37833 8.07429 2.70209 8.77834 3.4508 0.653758 6.5477 4.07922 8.44995 1.59226 0.822982 6.18809 5.9079 3.55598 1.5003 6.456 5.61129 
2.09612 5.60143 1.85973 3.19595 6.97318 5.75543 2.0373 1.10005 4.40266 6.5699 5.75733 6.82015 2.22524 5.5347 2.47952 5.08273 3.11373 6.07188 6.20755 3.74927 2.55633 3.43338 4.81814 7.38857 2.52288 2.43 3.32122 5.96055 4.3115 2.94253 8.36609 0.620081 1.67815 2.08586 3.06415 6.25425 1.91638 5.41015 2.49514 3.97458 0.89627 6.31585 1.14018 5.70701 3.49107 7.03736 1.57204 5.06992 6.71908 0.310161 5.2869 3.60856 5.29639 3.52346 5.99341 4.84298 3.44177 6.28736 4.1949 1.82011 1.41778 4.25353 5.66202 6.48605 1.75727 5.37473 5.80194 2.36907 2.82554 5.2465 2.39253 6.00083 0.787718 2.62345 4.07835 2.81626 5.97034 3.15357 2.40416 5.47001 2.96355 0.730548 2.56425 4.48813 2.98739 
4.02305 2.80203 3.32223 3.76904 5.67 2.51181 5.29551 3.27361 1.32966 7.96222 2.96811 8.42421 3.42212 7.59943 3.97756 4.54525 4.5405 5.59572 3.62994 6.38201 4.87469 4.64617 1.86936 5.29049 1.35 3.75757 6.58775 3.69356 1.06621 1.3381 6.15565 3.41252 4.65721 2.26632 3.56427 5.36435 3.9634 3.31634 4.44343 1.82003 2.70387 7.79853 2.14667 2.44233 3.34332 4.2193 4.71004 2.09755 6.35152 3.32277 5.91632 0.339559 2.34438 2.81485 4.04821 5.50535 6.70358 4.24849 1.45031 3.99892 2.6868 5.80211 5.49255 6.65908 4.84679 5.49484 2.57008 3.39536 1.16932 3.15886 5.6541 3.69066 3.84246 5.24924 1.2855 1.56975 3.08701 6.13775 5.07159 3.00466 2.13138 3.67163 4.05112 1.21824 1.07968 
4.2457 8.76473 3.50892 4.42719 8.41852 8.72145 1.67657 3.14531 7.2985 5.50967 8.92036 5.45001 3.71295 3.85292 4.74891 6.35182 3.55106 7.02488 9.35565 3.98363 3.97775 3.87536 7.97337 9.38136 5.29515 3.58469 1.36719 8.23556 7.31615 6.10275 10.3564 3.35181 1.71304 5.14864 4.44775 7.50483 2.872 7.65879 2.87002 6.54465 3.99892 5.2047 4.28365 8.71269 5.11587 9.58816 1.62308 8.22508 7.436 3.24895 5.44347 6.66012 8.05661 5.50662 8.05509 5.12923 1.51753 9.34654 6.9694 3.93559 3.80255 3.79687 6.45707 6.75625 2.52438 5.99568 8.75138 3.86846 5.6117 8.34978 1.02552 9.11816 2.9653 1.76782 7.23565 5.44031 9.13342 0.762168 1.76207 7.92947 6.0417 3.14992 3.41984 7.53054 6.15038 
5.57197 8.32661 2.25204 2.16037 5.6976 7.43616 3.79438 2.65047 6.02091 3.02333 8.49301 3.24238 2.12009 2.0787 6.01146 3.68543 1.10653 4.17528 9.10618 6.38959 5.75751 1.23968 7.40623 6.92719 4.2083 1.78941 4.24156 6.0855 6.25272 5.96433 7.85705 4.14403 2.28965 5.50023 2.29872 4.74275 1.74642 5.5394 1.15974 4.91581 4.39165 2.75436 4.20315 7.51642 2.92043 7.61777 2.66368 7.63827 4.51359 3.86095 2.48809 5.7959 6.47711 3.50629 5.73917 2.19659 4.40542 9.47799 5.54196 5.25929 2.97956 0.861278 3.58511 3.79922 4.36033 3.09764 7.42947 2.16393 4.45942 8.37461 3.38864 9.05221 4.02971 1.33821 6.7541 4.12109 8.62662 2.21326 1.49215 5.99083 6.28322 4.11811 1.49402 6.53478 5.8849 
7.86006 8.71831 3.92 2.64327 3.06752 6.96563 6.71038 4.67347 5.84565 2.65062 8.87498 3.29462 3.56069 3.67392 8.19748 1.80014 2.79179 1.40289 9.60432 9.21668 8.28967 2.43263 7.79257 4.71611 4.86252 3.3454 7.34948 4.57231 6.29174 7.05649 5.47463 6.39253 5.1166 7.11642 2.82113 2.15021 3.98026 4.21071 3.5536 4.58416 6.31314 2.69017 5.82795 7.14682 2.76279 6.14554 5.49968 7.96649 1.42302 6.08266 0.672086 6.17975 5.7862 3.26193 3.99084 0.997246 7.51532 10.3226 5.29462 7.5929 4.5334 2.35773 0.90471 0.715681 7.0926 0.601082 6.91234 3.43472 4.93328 9.23327 6.42112 9.74397 6.45982 4.39669 7.34589 4.53477 8.90629 5.36451 4.48743 4.86033 7.65297 6.4743 3.25269 6.59394 6.87405 
3.59601 2.75902 6.06304 7.01747 9.35693 4.96101 6.1113 5.57219 4.67367 11.0587 2.79415 11.4099 6.32719 10.262 3.14086 8.1813 7.47193 9.24883 2.59887 5.56004 4.26617 7.69523 2.90904 8.79807 4.71526 6.65192 7.25276 7.22667 4.14661 2.51446 9.56448 4.39533 6.4534 2.73075 6.81704 9.05668 6.47522 6.93649 7.06689 5.51243 3.89899 10.842 4.02226 4.71943 6.80678 7.2833 6.27654 2.99448 10.0018 4.58214 9.28989 3.76012 5.56102 6.38331 7.66942 8.8486 7.29222 1.8813 5.03287 3.85417 5.31681 8.74623 9.08643 10.2019 5.30549 9.01668 5.0698 6.38189 4.69793 1.45245 6.71744 2.05937 4.73925 7.40854 2.72905 5.0756 3.08623 7.86791 7.19034 6.50692 1.95888 4.56282 6.90058 3.97966 2.71884 
3.51319 4.21893 1.86955 2.5262 5.37034 3.75926 4.11539 1.84329 2.34955 6.67205 4.38526 7.09307 2.00412 6.17981 3.65297 3.80296 3.1533 4.87694 5.00241 5.66258 4.25932 3.30438 3.3051 5.46938 0.445982 2.34438 5.37276 3.95904 2.36076 2.01933 6.42436 2.44493 3.26098 2.17389 2.32215 4.83489 2.50242 3.44013 2.99207 1.91638 1.88003 6.48526 1.20208 3.75161 2.31625 4.94523 3.36162 3.54227 5.61143 2.25291 4.78524 1.75616 3.20258 1.99023 4.09199 4.34775 5.50382 5.46191 2.09881 3.37535 1.23 4.43605 4.63609 5.71008 3.83033 4.52328 3.79179 2.00322 0.729452 4.34994 4.38037 4.98143 2.81441 3.79348 2.64592 0.822982 4.52623 4.71377 3.6203 3.4118 2.59615 2.68151 2.63211 2.59409 1.87043 
8.19869 5.03954 5.95318 5.29914 3.44814 2.50799 8.93304 6.40947 2.90682 8.52677 5.12282 9.15087 5.77378 9.06056 8.19308 4.1922 6.36051 4.64759 5.83086 10.491 9.02278 6.20707 4.50245 1.88353 4.44433 5.96638 10.1341 1.38708 3.33766 5.49837 2.30426 7.31905 7.7847 6.48594 5.19507 3.95315 6.6064 1.90318 6.77053 2.99608 6.69893 8.5117 6.03697 2.77651 4.53398 0.248395 8.00053 4.48318 5.19317 7.13308 6.22187 3.96627 1.89528 4.01001 1.92271 6.03842 10.2782 6.97734 2.85675 8.13217 5.76469 7.18157 5.01343 6.0969 8.70936 5.38454 2.39677 5.63181 4.15202 6.23083 9.09686 6.2767 7.69476 7.88777 4.68509 4.15886 4.96065 9 7.79801 1.53388 6.28029 7.56006 6.2021 3.43105 5.24238 
