95 95 19
777 335 649 27 763 426 211 429 862 135 22 167 11 373 784 324 413 980 862 281 84 505 313 895 814 364 87 178 403 399 676 12 94 570 467 902 652 280 865 619 31 771 709 856 586 683 528 829 270 715 796 245 921 488 841 500 124 856 227 936 437 407 858 237 818 11 776 763 606 818 369 996 470 499 644 139 669 464 355 611 299 568 311 801 878 736 522 416 924 624 452 550 973 930 660 
16300 19900 98100 89900 99600 95900 77300 81300 66800 19000 9500 92600 46600 8400 34000 9000 68400 37600 54200 
0 10 12 2 17 15 17 4 0 12 2 2 17 17 3 14 3 11 0 8 17 11 11 12 7 9 7 9 15 15 9 2 14 8 17 1 15 14 4 18 16 15 12 11 2 13 10 0 10 18 17 2 1 2 3 7 2 14 8 7 16 12 11 11 14 18 9 14 10 17 12 15 16 7 0 13 0 12 4 8 3 5 14 12 1 17 10 3 1 17 18 3 15 15 5 
5202.47 8797.55 2829.31 3247.85 6992.03 8244.91 2981.71 2881.06 6803.31 3783.38 8961.77 3791.79 2862.11 2255.68 5685.7 4958.92 2211.09 5485.23 9507.81 5545.9 5192.34 2455.22 7916.92 8158.07 4854.12 2602.33 3116.42 7210.84 6950.41 6256.33 9104.12 3931.37 1845.05 5559.89 3337.93 6042.68 2151.95 6647.83 1790.45 5820.01 4376.59 3481.44 4390.63 8290.26 4007.04 8691.86 2111.52 8161.28 5816.29 3705.27 3767.03 6398.32 7390.24 4528.36 6919.09 3500.76 3272.46 9721.18 6376.61 4878.11 3418.49 2086.65 4895.56 5059.64 3707.94 4407.32 8252.86 2970.07 5144.75 8648.53 2439.06 9374.88 3686.37 883.233 7215.43 4867.12 9130.66 1001.7 1092.89 7037.17 6418.05 3824.88 2341.32 7209.78 6230.1 2341.56 3825.31 4442.22 2561.13 6539.03 6405.7 7947.45 5198.05 4366.6 9401.47 
5105.29 8260.27 2198.29 2483.95 6245.01 7568.97 3180.77 2406.7 6133.13 3554.39 8425.89 3693.81 2173.48 2334.31 5563.86 4201.95 1442.22 4768 9004.19 5780.7 5224.22 1691.98 7359.42 7389.99 4225.38 1886.8 3587.76 6448.29 6312.19 5793.79 8337.7 3725.08 1744.51 5212.76 2581.18 5302.12 1565.89 5887.43 1094.44 5106.62 4060.07 3269.33 3965.51 7626.96 3245.75 7939.4 2098.48 7599.08 5139.82 3461.52 3135 5796 6678.16 3780.17 6150.81 2826.06 3751.55 9295.08 5687.05 4786.2 2858.29 1511.62 4186.1 4449.46 3791.58 3709.8 7571.8 2263.85 4502.84 8204.37 2747.74 8908.68 3558.79 721.11 6677.56 4201.07 8579.33 1574.33 908.02 6289.08 6036.13 3667.15 1610.5 6581.26 5741.67 1596.25 3368.81 4073.03 1902.87 5800.86 5684.76 7210.55 4515.86 4654.81 8916.79 
5387.81 6715.91 1463.28 166.433 4010.05 5486.89 4562.28 2233.76 4123.4 4030.91 6880.44 4507.29 1096.59 3886.66 5710.71 1952.56 994.636 2811.49 7560.17 6917.14 5868.37 858.429 5775.09 4981.98 2602.1 970.618 5456.78 4024.92 4439.28 4711.23 5944.27 3934.68 3020.6 4646.91 372.022 3142.01 1725.14 3471.96 1566.05 2931.64 3820.27 3873.32 3342.01 5596.3 851.469 5545.93 3367.86 5984.45 3413.53 3626.79 2116.25 4118.51 4460.55 1463.22 3718.92 1669.4 5620.85 8126.04 3605.69 5131.57 2039.83 1979.52 2353.15 3194.53 4789.09 2056.23 5468.24 953.362 2765.88 7016.55 4430.08 7607.8 4046.84 2694.53 5212.76 2373.46 6968.56 3828 2674.06 3920 5239.27 4039.37 1032.47 4737.65 4559.88 1106.03 2798.36 3638.8 1581.14 3638.97 3642.64 4879.86 2826.04 6025.36 7546.9 
9194.05 8247.38 5548.13 4257.38 588.303 5943.48 8750.42 6293.21 5353.22 5391.29 8377.05 6039.88 5201.59 6550.49 9406.08 2249.56 4986.55 1562.47 9136.22 11014.9 9820.24 4659.97 7438.88 2289.74 5415.03 5156.44 9636.06 3057.61 5892.93 7450.43 2777.23 7858.63 7214 7951.08 4321.87 1053.94 5918.22 3076.9 5707.48 4360.33 7525.7 5490.97 6893.77 6190.22 3802.37 4264.33 7561.91 7534.41 1563.2 7571.54 3483.69 6123.54 4799.3 3843.38 2428.7 3596.35 9801.28 10107 4892.65 8994.09 5876.16 5064.75 2162.61 2647.56 8913.09 2670.52 5854.58 5033.7 5309.96 9131.19 8619.76 9439.43 8068.34 6767.1 7248.62 5007.76 8311.16 7855.05 6793 3687.09 8198.35 8018.88 5218.52 6148.31 7210.03 4712.08 6533.87 7254.22 4518.07 573.847 648.845 4410.22 2008.11 10194 9264.45 
5708.46 8369.15 2312.49 2119.46 5572.15 7428.73 3958.28 2749.35 6021.03 2884.34 8535.58 3124.63 2156.04 2024.67 6143.7 3573.02 1086.69 4035.55 9156.84 6552.22 5906.89 1171.54 7444.9 6827.39 4237.84 1819.7 4408.55 6016.31 6266.16 6035.11 7751.18 4272.86 2445.24 5598.66 2268.74 4614.17 1842.53 5475.37 1248.08 4897.4 4501.88 2620.57 4293.37 7514.75 2872.11 7558.58 2821.44 7674.77 4360.94 3986.48 2326.99 5825.33 6452.73 3469.78 5656.08 2044.53 4572.31 9547.99 5534.35 5397.35 3049.02 693.758 3442.92 3635.85 4516.92 2951.69 7419.52 2187.17 4481.35 8442.42 3555.84 9113.03 4168.9 1504.43 6800.98 4134.84 8664.13 2374.53 1655.11 5940.3 6371.34 4253.29 1526.43 6551.1 5949.33 975.141 3679.84 4460.73 1106.35 5106.16 4957.18 6899.93 3741.72 5447.59 9096.33 
6111.91 8629.86 2624.52 2234.86 5411.28 7586.31 4363.27 3114.48 6198.52 2482.84 8796.19 2751.87 2428.87 1791.09 6543.31 3466.55 1290.04 3827.53 9432.31 6959.32 6318.05 1259.6 7699.25 6746.33 4482.32 2088.3 4776.71 6025.19 6471.58 6350.07 7649.56 4669.99 2857.01 5957.56 2406.51 4445.68 2209.12 5500 1612.45 5037.24 4877.91 2225.69 4642.21 7685.03 2956.1 7590.16 3232.62 7924.56 4095.52 4380.56 2026.33 6064.47 6573.43 3576.1 5627.55 1800 4939.16 9858.3 5696.22 5802.11 3370.1 340.588 3228.37 3312.17 4928.54 2724.85 7571.45 2436.55 4709.76 8749.66 3947.82 9407.32 4574.8 1903.94 7072 4348.24 8914.76 2710.3 2061.97 5998.44 6714.05 4656.11 1805.46 6761.89 6253.53 1008.07 4028.26 4824.21 873.212 4928.31 4748.27 6973.76 3486.32 5848.29 9381.78 
5651.07 7194.67 1715.72 638.905 4120.29 5957.16 4606.79 2460.33 4601.97 3556.92 7359.42 4026.16 1366.24 3425.84 6000.04 2058.01 751.665 2767.96 8035.92 7045.77 6077.05 474.342 6254.12 5234.83 3070.44 1131.11 5406.31 4383.16 4921.64 5151.02 6178.36 4180.19 3025.57 5025.58 842.2 3203.39 1796.27 3845.2 1476.35 3400.26 4136.28 3394.13 3704.01 6070.76 1290.31 5931.9 3394.38 6464.69 3291.88 3870.21 1749.51 4597.93 4915.04 1919.71 4028.81 1298.77 5572.19 8586.73 4080.94 5380.46 2376.97 1511.69 2245.08 2929.04 4914.8 1866.01 5936.33 1261.27 3242.99 7476.05 4407.1 8076.14 4247.21 2535.39 5685.21 2852.72 7449.49 3646.11 2553.84 4328.43 5652.87 4259.88 1059.48 5220.15 5008.01 670.075 3133.83 3980.18 1098.59 3705.48 3649.78 5301.82 2677.98 6096.56 8019.04 
5219.82 2164.53 4460.25 4632.2 5551.95 1221.88 6613.46 4521.34 782.943 8760.37 2308.87 9273.73 4493.61 8605.98 5106.9 4902.3 5535.86 5864.41 3063.41 7607.96 6086.64 5578.83 1327.74 4765.18 2430.74 4811.75 7905.55 3231.87 344.384 2285.8 5507.18 4722.3 5931.42 3417.84 4439.21 5472.92 5132.77 3045.87 5559.25 2022.99 4006.76 8630.23 3464.39 1126.41 4052.16 3273.61 6005.21 1428.04 6604.97 4639.85 6572.22 978.621 1504.43 3436.51 3750.55 6203.2 8021.53 3994.61 1320.61 5231.79 3899.65 6739.86 5894.99 7104.06 6153.8 6006.8 1295.41 4433.52 2148.42 3057.22 6967.08 3327.58 5155.2 6452.73 1344.8 2475.42 2306.38 7392.01 6287.67 2514.48 3020.76 4981.82 5106.56 108.167 2052.44 5848.39 3759.71 3704.01 6361.21 5670.04 6040.94 2340.94 6340.23 7435.51 3162.61 
5236.89 1464.14 6842.02 7524.75 9056.47 3996.06 7596.27 6524.42 4268.08 11706.2 1392.62 12135.1 7031.43 11167.6 4834.14 8269.04 8189.52 9284.33 840.238 7362.1 5991.64 8345.89 2178.62 8163.54 5088.42 7371.53 8815 6699.14 3734.72 3134.23 8794.46 5720.98 7643.91 3923.79 7318.61 8948.59 7378.2 6549.41 7936.8 5396.76 5093.09 11525.3 4986.23 3727.1 7134.74 6359.32 7539.56 2096.14 10035.9 5836.58 9706.68 3685.13 4914.35 6598.49 7246.52 9292.1 8874.26 490.306 4760.51 5449.05 6110.06 9475.61 9241.34 10426.8 6847.46 9274.65 4107.02 7042.84 4954.61 729.452 8155.84 255.539 6122.22 8493.77 2514.36 5356.79 1609.63 9128.49 8285.37 5994.01 3030.59 5932.71 7651.05 3469.76 3205.15 8613.72 5563.89 4960.67 9223.04 9167.43 9527.99 5600.22 9713.5 7751.73 535.35 
5985.06 1284.56 5809.83 6019.85 6573.92 1277.69 7710.93 5806.75 2091.24 10136.5 1354.47 10656.1 5862.85 9991.24 5769.45 6183.61 6919.78 7093.46 2066.2 8373.42 6854.12 6966.56 1126.06 5493.07 3782.17 6185.61 9008.32 4126.8 1731.85 3018.11 6070.53 5765.14 7185.8 4209.33 5827.15 6631.9 6471.12 4096.49 6919.48 3357.53 5038.29 10011.1 4590.7 1008.41 5429.96 3618.65 7222.81 947.945 7815.84 5734.68 7926.69 2224.63 2355.67 4808 4729.66 7568.2 9111.78 3210.55 2641.69 6062.09 5210.76 8127.78 7178.24 8390.88 7161.71 7326.12 1385.21 5809.23 3515.25 2572.33 8122.72 2510.56 6206.71 7774.18 1777.3 3856.73 1198.21 8670.58 7600.32 3467.81 3564.34 6022.04 6480.93 1440.28 2860.24 7236.26 4976.92 4767.66 7747.55 6766.34 7167.71 2909.04 7602.63 8368.26 2271.08 
7746.65 9568.31 3977.3 3040.95 4669.78 8110.32 6115.69 4617.36 6850.73 1209.34 9731.53 1796.22 3680.57 2121.32 8151.77 3170.52 2581.05 3001.67 10423.5 8709.33 8017.06 2312.62 8627.44 6290.07 5477.59 3370.01 6498.88 5988.33 7228.06 7563.45 7071.81 6278.09 4590.04 7368.48 3247.11 3742.04 3756.94 5559.32 3193.12 5594.73 6382.38 1149.83 6035.83 8259.55 3513.36 7584.26 4970.81 8828.78 2954.47 5976.29 1141.4 6972.13 6977.82 4128.35 5454.33 1387.08 6658.87 11000.9 6306.51 7447.1 4705.23 1480 2460.73 1936.31 6660.37 2006.39 8072.2 3617.07 5631.57 9890.77 5698.43 10482.5 6234.36 3657.79 8084.18 5233.81 9804.88 4399.33 3812.62 6169.42 8041.37 6295.92 3155.46 7531.32 7423.6 2077.93 5437.44 6274.79 1416.93 4141.33 3829.69 7167.6 2464.47 7602.14 10417.8 
6427.95 1516.11 6206.13 6360.7 6672.61 1314.84 8157.38 6226.85 2391.4 10443.2 1541.46 10974.5 6245.68 10350.9 6205.56 6414.12 7283.58 7288.71 2168.16 8813.85 7296.09 7316.65 1551.93 5488.94 4175.8 6564.03 9454.87 4205.95 2095.04 3465.62 6002.57 6213.03 7614.12 4656.11 6171.71 6792.72 6873.46 4235.95 7309.53 3644.46 5486.14 10326.7 5032.87 1073.78 5746.25 3525.12 7657.55 1350.74 7998.01 6180.26 8208.64 2640.47 2487.83 5117.44 4830.11 7862.45 9558.95 3363.64 2932.06 6508.16 5622.75 8474.82 7405.87 8617.2 7610.69 7578.66 1406.31 6185.67 3899.24 2850.47 8565.26 2675.26 6654.51 8184.28 2223.35 4226.64 1314.69 9094.28 8013.55 3584.69 3999.3 6470.12 6858.8 1818.93 3309.27 7584.75 5409.47 5214.03 8079.63 6896.56 7309.86 2916.61 7815.53 8816.68 2414.48 
4904.86 7842.97 1764.77 2059.34 5906.99 7118.48 3182.77 2043.55 5683.56 3690.88 8008.9 3900.83 1723.86 2652.79 5346.19 3848.96 1048.09 4480.68 8597.82 5765.34 5094.8 1341.83 6936.38 6996.38 3785.41 1435.03 3746.26 6019.73 5868.05 5408.82 7951.78 3481.74 1640.12 4882.15 2145.6 4977.49 1164 5455.87 648.46 4655.2 3753.73 3421.61 3606.36 7177.98 2815.85 7500.25 2020.62 7174.32 4901.53 3202.06 2966.23 5361.13 6226.76 3337.81 5737.91 2613.75 3912.34 8918.1 5235.67 4591.84 2447.55 1470.54 3912.81 4285.91 3711.63 3456.26 7120.85 1812.21 4059.27 7821.64 2827.93 8516.3 3362.16 794.04 6261.89 3752.93 8157.18 1859.14 891.852 5847.02 5685.42 3451.62 1160 6139.1 5346.34 1302.5 3000.27 3740.01 1739.54 5478.77 5388.62 6763.68 4274.77 4683.27 8517.42 
8051.05 8810.82 4111.22 2821.1 2948.22 7011.28 6922.43 4868.06 5921.12 2733.59 8966.21 3382.13 3750.12 3836.93 8383.73 1832.21 3001.37 1303.84 9699.81 9424.97 8488.92 2641.7 7889.26 4630.01 4998.92 3541.89 7564.19 4558.17 6377.09 7196.9 5364.11 6585.95 5328.46 7281.79 2994.21 2056.23 4185.24 4219 3764.31 4664.95 6494.92 2794.58 6000.51 7198.31 2901.47 6118.71 5711.2 8058.7 1236.65 6276.25 880.909 6287.27 5825.8 3377.65 3962.74 1210.78 7730.03 10436.3 5371.3 7786.17 4713.77 2566.32 876.584 520.096 7299.76 697.711 6955.06 3620.88 5059.03 9351.28 6635.31 9850.57 6659.04 4611.4 7457.29 4662.75 8991.05 5577.79 4701.88 4875.99 7804.39 6671.09 3455.68 6678.11 7010.18 2557.38 5471.1 6307.85 2105.35 2417.48 2089.04 5846.48 726.911 8427.48 9743.4 
6650.09 9703.41 3622.21 3441.93 6492.5 8777.63 4526.37 3953.24 7374.61 2283.55 9869.78 2245.11 3498.24 757.166 7118.27 4626.5 2438.13 4855.56 10478.3 7092.33 6704.7 2469.51 8784.15 7910.46 5585.81 3166.28 4598.31 7241.77 7621.55 7313.91 8791.63 5295.89 3264.97 6782.58 3604.11 5525.52 3070.65 6720.6 2510.08 6238.02 5636.53 1977.73 5516.32 8867.21 4174.81 8811.11 3583.98 9016.48 5000.9 5036.98 2932.32 7173.54 7784.12 4789.68 6830.05 2838.26 4746.41 10825.5 6883.91 6328.11 4338.03 1450 4258.42 4072.96 5232.61 3748.83 8766.44 3538.38 5834.01 9726.66 3984.37 10414 5108.83 2213.71 8129.16 5490.04 10004.7 2500.08 2428.87 7221.74 7594.34 5226.83 2871.17 7905.98 7244.12 2227.67 4910.76 5641.07 2008.98 5989.23 5760.14 8196.3 4430.54 5908.72 10407.7 
2912.34 2495.96 4582.14 5487.67 7912.05 4007.69 5128.31 4153.37 3383.78 9562.9 2614.44 9934.57 4827.8 8846.13 2603.11 6658.3 5982.05 7729.15 2849.3 5228 3745.85 6190.48 2119.36 7492 3180.02 5158.3 6369 5898.92 2901.93 982.7 8316.85 3236.31 5182.78 1439.24 5286.09 7563.4 5041.72 5553.89 5623.85 4063.56 2616.58 9354.33 2590.48 3809.38 5269.1 6178.88 5062.46 2313.55 8480.11 3355.29 7756.45 2375.39 4352.9 4853.14 6287.67 7316.65 6437.7 2780.88 3659.54 3071.32 3834.07 7264.72 7554.1 8664.7 4407.02 7479.2 4105.81 4873.12 3175.3 1764.65 5676.09 2539.96 3640.78 6072.24 1600.78 3546.11 2891.71 6655.55 5858.96 5190.65 546.26 3450.46 5416.71 2811.92 1205.03 6446.62 3196.25 2510.24 7089.17 7887.77 8171.78 5228.48 8052.68 5418.87 2646.83 
6640.03 7790.64 2700.02 1445.54 3458.24 6275.39 5563.86 3454.19 5024.67 3044.16 7951.96 3610.24 2341.37 3430.71 6979.29 1538.83 1637.19 1924.63 8659.34 8033.06 7075.37 1279.06 6852.52 4820.66 3783.36 2127.63 6290.85 4264.33 5417.13 5947.94 5704.85 5172.79 3972.12 5933.34 1635.15 2495.62 2784.31 3793.18 2403.37 3764.31 5099.75 2957.18 4630.6 6424.87 1723.51 5860.51 4349.25 7044.83 2348.04 4862.97 857.555 5206.34 5147.45 2314.07 3790.47 454.533 6457.28 9300.89 4478 6373.14 3323.4 1657.05 1346.18 1932.59 5903.74 899.444 6237.77 2218.15 3896.67 8198.47 5321.7 8752.42 5245.59 3356.01 6346.48 3494.48 8011.6 4406.92 3414.22 4375.35 6506.96 5256.81 2050 5721.14 5781.35 1265.07 4082.85 4925.4 1091.1 2985.03 2842.9 5374.43 1723.08 7062.56 8671.15 
8822.61 7997.66 5167.36 3877.64 528.11 5742.82 8370.54 5912.77 5082.4 5176.04 8130.93 5826.26 4820.84 6265.56 9039.3 1869.36 4617.46 1240.85 8890.54 10634.9 9444.12 4294.24 7172.2 2319.76 5063.33 4776.96 9261.06 2880.62 5618.43 7120.85 2925.54 7481.93 6836.17 7597.43 3941.22 674.24 5539.21 2837.9 5334.01 4049.75 7155.2 5258.84 6526.64 5983.26 3423.01 4187.14 7183.07 7276.41 1389.17 7194.03 3185.11 5819.49 4579.49 3475.54 2235.44 3269.57 9426.13 9839.21 4606.63 8620.41 5498.59 4733.21 1838.4 2453.45 8532.44 2348.3 5657.85 4652.92 4967.34 8848.98 8242.94 9177.98 7689.32 6399.63 6956.39 4656.92 8075.47 7492.42 6422.41 3471.77 7862.06 7640.84 4841.49 5881.06 6883.2 4353.26 6160.13 6886.08 4181.15 202.237 404.475 4250.29 1744.28 9813.27 9009.73 
6742.73 5346.3 3802.17 2989.31 2401.04 3223.86 6960.78 4374.77 2420.43 6336.1 5483.36 6938.78 3568.81 6745.38 6862.25 2024.25 4044.6 2789.59 6242.39 8843.38 7480.59 3878.66 4510.54 2258.58 2795.89 3717.69 8082.1 975.141 2956.7 4601.96 3234.27 5599.16 5657.85 5265.79 2902.43 2300.98 4409.67 431.045 4503.09 1479.59 5101.86 6289.81 4426.66 3437.4 2228.92 2521.27 5918.72 4618.66 3492.01 5358.4 4016.59 3201.56 2027.26 1775.53 866.083 3778.81 8235.27 7177.2 1953.18 6601.7 3781.14 4855.45 2974.05 4165.15 6881.2 3244.23 3155.72 3413.3 2600 6191.65 7030.82 6517.49 5910.55 5637.06 4310.57 2407.86 5442.66 6765.33 5567.2 1038.32 5377.56 5810.37 3930.71 3219.6 4351.18 4085.93 4241.99 4791.7 4328.52 2479.35 2853.3 2028.72 3339.97 8237.8 6353.08 
3278.67 4405.56 1692.57 2501.86 5563.43 4050.98 3810.77 1576.86 2648.85 6590.37 4571.31 6989.97 1873.95 6022 3447.46 3922.16 3034.49 4990.04 5164.43 5386.58 4002.32 3214.42 3507.21 5727.52 734.098 2213.26 5069.13 4233.82 2640.68 2074.25 6688.53 2157.24 2980.27 2055.48 2303.13 4989.77 2290.26 3706.01 2807.94 2203.2 1624.1 6392.95 952.575 4036.56 2385.33 5245.35 3068.89 3749.31 5713.86 1956.02 4778.46 2009.6 3507.21 2132.65 4343.32 4334.57 5199.77 5565.15 2403.37 3124.77 999.25 4322.51 4716.58 5756.41 3531.71 4571.93 4085.79 1897.6 1030.78 4454.8 4079.46 5112.51 2518.11 3553.6 2823.63 1076.15 4725.63 4445.99 3373.69 3700.86 2573.87 2389.5 2491.59 2863.93 1958.8 3476.51 877.268 1319.28 4108.38 5399.56 5591.89 4302.86 5220.12 4890.09 5096.05 
2090.29 3350.1 3807.28 4841.99 7677.77 4436.96 4173.37 3299.59 3520.26 8804.93 3484.15 9143.46 4087.95 7991.38 1886.8 6225.57 5218.78 7300.75 3788.68 4474.93 2956.55 5457.15 2798.66 7477.97 2740.02 4404.78 5424.07 5885.39 3131.68 955.249 8362.31 2275.28 4246.34 483.735 4648.55 7222.77 4202.68 5467.62 4794.88 3902.42 1672.75 8582.42 1753.17 4280.42 4735.1 6408 4111.8 3027.69 8037.94 2401.87 7120.26 2461 4534.85 4407.68 6186.84 6672.61 5497.58 3729.79 3658.25 2196.72 3066.35 6484.94 7061.54 8116.01 3469.76 6930.98 4522.27 4155.78 2828.16 2725.91 4715.61 3500 2680.02 5163.77 2128.78 3141.29 3744.57 5707.28 4947.73 5211.24 419.762 2489.44 4644.24 3134.28 1196.7 5702.43 2366.81 1605.52 6357.06 7590.69 7832.3 5428.85 7564.87 4542.51 3599.01 
8100.38 6637.27 4829.96 3735.91 1047.85 4311.16 8069.45 5497.64 3783.19 6153.25 6763.27 6794.64 4533.45 6939.57 8248.74 1996.85 4691.63 2157.13 7521.3 10115 8804.71 4436.06 5852.11 1287.87 4178.52 4594.19 9103.55 1428.88 4326.4 6044.52 2214.16 6881.51 6646.78 6684.68 3722 1432.65 5345.97 1479.59 5298.23 2921.81 6440.03 6177.29 5774.09 4558.17 3072.93 2776.51 6950.76 5935.07 2663.4 6620.46 3920.46 4630.87 3171.94 2854.91 797.057 3838.85 9263.29 8516.74 3361.8 7939.18 4968.06 5180.89 2602.31 3597.85 8087.35 3042.37 4222.46 4364.95 4010.61 7567.46 8055.46 7841.36 7156.87 6431.38 5714.02 3777.09 6689.13 7564.85 6404.13 2059.93 6819.3 7075.32 4742.92 4567.1 5793.67 4577.71 5520.73 6140.83 4616.37 1329.44 1777.22 2794.01 2770.42 9424.84 7658.47 
6330.01 10006.6 3983.63 4173.46 7569.65 9359.51 3945.54 4096.83 7925.18 3339.24 10171.3 3146.68 3965.48 1547.38 6822.68 5628.94 3111.3 5961.78 10725.4 6389.41 6234.72 3258.5 9118.46 8903 6013.65 3671.43 3730.44 8105.71 8103.59 7478.19 9812.98 5119.53 3035.34 6777.03 4300.01 6602.52 3327.73 7560.34 2887.35 6880.77 5591.03 3037.98 5613.78 9419.52 4936.85 9637.69 3259.6 9361.08 6153.06 4906.5 4071.81 7576.82 8450.73 5510 7748.55 3928.26 3861.67 10944.2 7474.39 6006.01 4612.68 2469.66 5361.57 5247.68 4740.85 4852.55 9360.96 4050.88 6294.14 9871.78 3329.52 10597.2 4846.61 2106.23 8423.42 5993.93 10335.1 1807.01 2315.88 8006 7638.88 4996.1 3387.4 8370.85 7448.83 3067.28 5045.88 5663.59 3031.91 7079.39 6876.52 8950 5569.2 5178.16 10622 
1555.63 6422.25 3056.55 4396.59 8294.44 6943.38 1086.32 2295.78 5653.29 7246.94 6565.15 7389.68 3417.6 5937.76 2057.98 6354.37 4081.67 7302.29 6898.54 2429.18 1523.98 4433.01 5749.24 8753.06 3858 3546.83 2314.65 7322.74 5496.26 3786.4 9731.07 1019.51 1957.27 2666.78 4293.31 7540.72 2873.88 6774.32 3352.52 5322.41 1734.88 6966.9 2312.25 6865.84 4786.49 8365.19 1613.07 5996.17 7911.69 1168.29 6305.7 4769.32 6587.52 4869.63 7357.89 5880.63 2393.01 6748.35 5496.59 1239.07 2755.1 5030.17 6851.47 7568.97 416.293 6517.01 7000.24 3578.41 4150.23 5812.68 1696.14 6592.55 607.454 2998.27 5015.99 4170.49 6810.73 3020.55 2795.3 6820.15 3528.53 761.577 3602.85 5635.69 3907.17 4571.21 2274.66 2036.86 5180.78 8014.31 8090.3 7412.73 7314.71 1766.04 6704.66 
1306.14 6633.92 3906.21 5249.38 9114.97 7433.98 1492.15 3140.35 6217.95 8039.11 6764.91 8151.63 4269.19 6659.8 1761.73 7195.61 4936.6 8153.54 7011.21 1603.78 820.061 5289.23 6053.45 9508.42 4540.42 4404.77 2388.39 8042.79 6002.21 4099.41 10480.1 1655.6 2755.3 2913.43 5141.64 8377.86 3731.86 7506.54 4201.45 6011.76 2266.85 7753.79 2920.63 7330.98 5617.94 9005.64 2387.3 6291.58 8768.04 1894.02 7160.63 5268.66 7187.22 5668.87 8114.83 6737.31 2409.5 6711.26 6118.05 1100.05 3561.04 5856.23 7707.67 8427.11 699.214 7375.76 7499.93 4428.21 4815.06 5866.52 2138.06 6644.49 1358.31 3769.4 5343.35 4881.09 7029.06 3620.12 3577.33 7506.96 3683.92 1440.14 4461.71 6107.78 4263.05 5423.1 3007.94 2592.37 6026.05 8847.19 8933.09 8038.02 8172.45 1257.66 6788.52 
1960.1 3481.05 4369.36 5453.88 8324.34 4886.15 4330.74 3808.02 4080.75 9356.41 3594.77 9672.98 4666.69 8469.91 1618.3 6872.85 5778.34 7947.69 3771.6 4240.58 2770.51 6031.65 3087.3 8092.49 3390.13 4974.37 5524.96 6496.96 3656.24 1486.07 8964.29 2560.2 4619.66 975.756 5263.66 7873.07 4714.95 6092.77 5311.29 4535.42 2081.97 9125.86 2308.35 4707.37 5372.94 6950.4 4440.72 3291.93 8683.32 2747.67 7728.82 3024.76 5087.02 5055.7 6815.87 7279.57 5580.55 3504.77 4258.46 2154.55 3640.03 7029.1 7701.91 8745.75 3558.33 7562.29 4978.21 4744.53 3476.67 2617.65 4917.49 3396.07 2913.86 5586.16 2500.6 3791.6 3875.94 6033.02 5367.06 5813.1 706.045 2733.86 5201.59 3622.18 1744.71 6270.34 2911.86 2096.95 6928.82 8240.44 8482.6 5978.5 8205.43 4480.1 3541.41 
3192.32 7305.37 2222.66 3372.49 7423.4 7255.36 1196.41 1717.12 5841.32 5600.36 7462.82 5712.38 2501.38 4245.39 3680.49 5377.29 2740.46 6196.3 7921.52 3766.3 3200.25 3100.15 6500.35 8198.25 3845.84 2474.13 2070.87 6947.19 5841.73 4654.08 9182.86 2012.29 408.167 3766.06 3339.01 6568.04 1708.36 6371.82 1973.85 5153.49 2586.29 5313.38 2812.33 7240.17 3963.43 8226.94 143.178 6751.87 6717.2 1847.65 4909.27 5180.09 6631.6 4255.16 6833.23 4518.95 2229.13 7978.95 5534.84 2867.82 2375.48 3467.64 5677.68 6217.43 1745.97 5274.59 7288.3 2669.93 4163.57 6952.08 1020.69 7710.77 1704.26 1328.34 5764.59 4020.96 7669.59 1461.85 1142.8 6582.78 4655.51 1861.96 2404.7 6052.12 4688.46 3171.77 2390.52 2741.7 3710.77 7064.74 7058.68 7349.83 6096.47 2703.26 7775.04 
2986.13 4486.88 1690.12 2643.67 5843.9 4282.67 3540.52 1435.69 2901.26 6657.91 4651.3 7034.57 1922.76 6007.5 3170.57 4163.1 3078.47 5224.63 5214.44 5081.78 3700.61 3287.22 3611.37 6031 1034.79 2254.11 4809.26 4538.56 2854.77 2036.91 6992.8 1853.97 2793.08 1853.35 2452.04 5250.38 2227.33 4010.59 2776.83 2505.71 1324.84 6450 661.287 4254.94 2600.94 5538.68 2852.12 3858.11 5940.01 1658.95 4921.3 2190.57 3784.28 2394.93 4645.7 4473.43 4936.61 5549.56 2683.37 2825.54 950.158 4363.71 4929.14 5940.85 3236.68 4761.05 4322.41 1972.31 1323.1 4444.96 3834.07 5128.21 2220.36 3437.59 2904.62 1380.58 4821.09 4279.31 3247.85 4002.81 2452.53 2088.3 2517.48 3061.05 1958.01 3541.89 613.922 1026.94 4186.99 5668.24 5849.32 4591.09 5431.94 4592.96 5128.37 
6717.45 4939.74 4037.08 3349.4 2745.63 2745.54 7119.16 4550.57 2059.13 6820.87 5071.5 7419.33 3836.94 7185.77 6801.01 2519.38 4412 3274.28 5831.06 8887.95 7486 4271.17 4133.68 2267.44 2784.69 4017.87 8278.27 735.935 2602.31 4402.19 3200.62 5653.01 5885.44 5159.32 3241.97 2754.09 4674.67 250.799 4819.22 1347.18 5108.86 6769.12 4430.91 2966.65 2584.14 2119.46 6123.96 4225.22 3965.48 5430.65 4502.5 2936.41 1552.06 2059.37 985.089 4253.29 8427.6 6800.89 1653.66 6598.56 3928.22 5284.67 3470.23 4659.29 6981.76 3738.52 2673.67 3690.38 2546.08 5843.63 7231.32 6130.66 5989.9 5940.85 3994.06 2427.69 5015.97 7058.61 5856.71 546.26 5190.65 5876.4 4249.85 2845.65 4145.66 4490.4 4313.93 4790.04 4768.73 2887.65 3283.53 1543.83 3831.72 8343.58 5955.38 
8846.34 5917.11 6288.59 5469.27 2914.88 3384.79 9386.91 6819.1 3658.25 8320.25 6001.87 8959.27 6067.26 9024.04 8874.78 4070.2 6510.49 4324.87 6711.07 11088.3 9649.09 6313.83 5360.35 1168.46 4986.91 6218.95 10545.6 1548.29 4126.26 6249.42 1425.06 7874.93 8142.36 7181.04 5395.15 3587.12 6908.18 2124.74 7000.61 3515.52 7292.08 8336.39 6618.9 3653.96 4718.16 1060.99 8388.74 5350.04 4774.62 7666.89 6063.21 4710.59 2675.91 4273.76 1818.68 5940.68 10695.5 7855.73 3520.26 8757.23 6196.33 7197.12 4769.29 5756.13 9230.18 5193.62 3273.91 5913.38 4716.53 7096.62 9497.64 7155.1 8228.49 8136.74 5505.57 4659.67 5840.86 9266.3 8068.67 2022.77 7039.6 8106.4 6428.19 4246.94 5990.6 6498.04 6555.73 6967.62 6643.64 3374.15 3819.58 1826.31 4936.97 10592.5 6920.87 
1597.9 4090.99 3156.96 4304.75 7479.85 4857.32 3374.31 2571.63 3750.89 8128.83 4233.83 8437.59 3469.19 7234.09 1595.31 5868.19 4559.35 6932.89 4587.17 3972.91 2455.24 4824.37 3444.2 7475.3 2507.93 3765.91 4642.47 5909.89 3457.22 1480.71 8400.31 1451.52 3429.34 347.851 4123.35 6935.37 3478.29 5438.65 4074.91 3861.2 859.127 7894.87 1118.3 4736.35 4310.94 6626.95 3285.86 3686.86 7650.06 1575.44 6563.39 2732.12 4759.09 4079.53 6129.44 6112.42 4724.24 4557.12 3768.53 1597.06 2444.69 5799.7 6637.72 7631.16 2711.49 6457.28 4930.61 3559.28 2682.63 3549.03 3900 4319.84 1865.61 4367.67 2724.65 2913.71 4480.04 4882.01 4149.82 5281.1 1240.64 1673.71 3982.46 3527.85 1641.37 5056.65 1697.29 863.539 5717.1 7337.88 7538.83 5643.35 7140.12 3873.42 4409.41 
4593.53 1046.61 5910.26 6582.38 8231.56 3385.85 6828.79 5614.95 3432.84 10763.7 1092.02 11194 6093.81 10238.8 4240.78 7361.56 7250.74 8388 1141.1 6840.82 5400.17 7404.38 1390.58 7441.51 4146.43 6434.14 8076.66 5929.76 2890.88 2224.34 8129.97 4912.4 6774.81 3116.7 6376.24 8077.88 6457.56 5734.85 7010.46 4507.6 4253.53 10583.3 4093.53 3127.71 6198.79 5753.03 6690.78 1390.58 9141.78 5002.76 8769.06 2768.77 4170.19 5670.01 6447.36 8352.78 8146.66 1390.86 3897.82 4770.85 5182.56 8536.07 8327.26 9506.47 6116.16 8348.78 3497.38 6103.02 4016.73 360.555 7363.4 895.879 5328.69 7597.14 1592.14 4418.97 1388.09 8269.68 7391.52 5213.87 2236.07 5136.97 6715.06 2649.4 2276.07 7672.5 4657.98 4095.47 8280.7 8316.62 8664.8 4923.11 8803.89 7111.19 946.414 
1945.04 7302.86 4280.29 5602.89 9549.71 8083.27 1370.58 3536.47 6845.53 8077.01 7433.03 8136.15 4633.27 6595.89 2367.13 7585.38 5175.71 8506.06 7670.01 1254.47 1275.34 5534.8 6723.82 10028.6 5112.51 4727.87 1902.63 8592.89 6646.39 4768.31 11006.3 2230.02 2883.83 3583.7 5514.17 8777.07 4009.79 8046.92 4417.8 6581.67 2888.77 7783.37 3522.4 7985.42 6035.11 9604.85 2498.08 6962.21 9089.58 2427.69 7386 5913.31 7803.14 6140.07 8633.43 6978.27 1889.15 7340.64 6723.67 1764.79 4026.04 5982.73 8032.6 8678.05 914.166 7671.78 8147.21 4798.6 5397.52 6517.86 1938.48 7293.89 1867.24 3820.47 6012.47 5435.9 7698.19 3469.14 3650.88 8079.61 4352.3 1989.77 4746.59 6759.66 4928.98 5640.57 3543.18 3210.48 6210.03 9256.37 9315.67 8643.78 8481.99 586.941 7443.25 
6936.63 2981.17 5720.31 5539.54 5143.39 528.015 8212.43 5940.21 1788.85 9396.73 3053.8 9970.16 5665.59 9546.82 6823.56 5169.54 6556.17 5935.26 3750.05 9321.74 7802.17 6514.64 2567.2 3873.98 3789.26 5944.55 9490.67 2679.25 1905.15 3997.31 4387.71 6373.23 7372.71 5135.85 5375.65 5368.89 6410.28 2821.58 6744.13 2743.67 5671.73 9317.09 5087.81 756.439 4832.66 1921.28 7496.65 2496.5 6606.56 6262.59 7097.36 2638.65 1214.62 4202.02 3324.7 6802.12 9615.26 4909.76 2151.14 6942.41 5286.63 7633.01 6135.02 7327.55 7808.67 6379.07 431.393 5567.23 3473.11 4228 8514.69 4210.01 6796.92 7750.41 2934.71 3680.67 2880.28 8771.04 7610.53 2149.79 4709.52 6631.21 6226.56 1826.28 3768.73 6768.26 5296.98 5358.63 7173.4 5414.21 5844.72 1328.23 6499.45 9113.82 3967.88 
4453.25 1142.32 4961.9 5501.36 7039.6 2435.02 6362.27 4776.99 2245.11 9694.44 1305.45 10150.6 5103.27 9280.8 4211 6176.29 6242.9 7195.61 1905.36 6827.1 5315.95 6365.92 449.444 6309.06 3071.48 5442.81 7650.06 4770 1701.79 1570.03 7040.06 4402.23 6054.86 2722.59 5296.23 6878.84 5560.59 4549.81 6081.35 3311.22 3687.82 9527.94 3361.74 2208.1 5066.76 4737.7 6029.61 664.078 7948.47 4422.95 7640.94 1595.31 3043.81 4515.36 5268.41 7234.39 7740.78 2568.89 2699.43 4555.05 4268.25 7515.88 7148.29 8335.14 5743.94 7186.79 2541.18 5092.31 2902.59 1543.53 6831 1969.19 4841.03 6780.81 456.07 3301.94 1496.83 7560.4 6586.63 4050.2 2005.52 4650.53 5732.23 1480.14 1487.88 6637 3855.19 3459.39 7222.89 7118.44 7465.61 3849.12 7620.52 6889.94 1884.3 
5587.57 7656 1793.6 1215.11 4741.78 6564.89 4237.57 2428.6 5179.29 3211.79 7822 3601.68 1524.11 2809.57 5977.62 2701.5 388.973 3290.79 8473.54 6762.09 5920.03 241.868 6720.6 5921.12 3504.07 1195.7 4914.15 5082.07 5461.01 5462.1 6856.89 4111.7 2644.58 5187.87 1385.14 3801.32 1596.15 4541.29 1093.3 4016.43 4190.29 3004.86 3855.49 6664.32 1950.28 6625.5 3028.81 6941.36 3722.85 3805.92 1876.83 5075.68 5556.73 2561.64 4728.07 1476.79 5080.57 8950.07 4675.08 5296.41 2533.08 948.103 2723.69 3176.16 4649.99 2274.31 6550.12 1493.35 3716.52 7838.43 3957.9 8473.79 4105.37 1976.08 6112.49 3345.94 7931.02 3041.74 2037.45 5012.25 5888.85 4149.33 963.846 5753.55 5345.77 131.529 3251.61 4084.96 778.845 4301.13 4200.21 5977.73 3096.27 5743.59 8435.76 
2650.3 2840.74 4764.96 5747.29 8320.61 4469.72 5002.92 4274.68 3841.3 9761.94 2944.57 10110.1 5033.7 8967.48 2288.45 7008.46 6174.86 8082.6 3084.69 4896.12 3447.81 6402.79 2551.96 7940.01 3512.56 5356.28 6209.87 6345.05 3365.06 1360.33 8772.43 3181.21 5200.96 1445.89 5549.23 7943.92 5176.53 5988.2 5767.54 4478.81 2630.3 9543.64 2722.39 4268.14 5578.26 6644.89 5047.74 2733 8829.87 3339.52 8024.62 2821.51 4815.86 5193.94 6720.86 7580.32 6267.95 2831.34 4101.54 2846.93 4019.66 7447.31 7884.4 8974.02 4242.38 7787.23 4568.6 5092.59 3537.36 1925.1 5578.57 2703.52 3557.88 6133.72 2064 3893.44 3231.9 6644.25 5916.84 5640.04 672.309 3372.85 5602.57 3278.25 1605.27 6652.44 3336.35 2580.95 7303.29 8280.73 8553.48 5693.17 8385.47 5170.78 2850.28 
2312.06 3511.6 3118.93 4108.19 6979.24 4139.05 3951.27 2676.6 3047.64 8112.81 3663.06 8470.01 3381.95 7368.27 2263.74 5488.21 4526.37 6562.82 4092.07 4691.58 3173.09 4750.79 2795.17 6862.83 2015.59 3706 5240.15 5281.87 2740.16 843.801 7770.59 1991.23 3766.71 564.358 3912.97 6498.9 3563.93 4834.73 4147.12 3257.12 1281.33 7897.47 1115.21 4020.46 3991.85 5932.99 3687.66 3043.22 7298.12 2025.96 6387 2017.92 4060.37 3671.96 5541.96 5940.52 5333.04 4224.81 3098.4 2314.58 2371.71 5803.12 6318.81 7373.42 3353.1 6188.13 4212.01 3440.61 2130.26 3154.25 4428.15 3895.39 2430.19 4615.11 2060.73 2420.95 3890.62 5261.57 4404.78 4632.2 987.37 2240 3956.07 2809.45 953.52 5001.2 1718.4 1088.49 5651.27 6875.73 7107.66 4948.87 6822.21 4564.22 3947.91 
4126.89 4846.08 1432.24 1752.37 4694.7 3990.1 4279.54 1743.85 2547.72 5935.7 5012.03 6384.37 1429.41 5573.24 4326.95 3021.06 2503.92 4090.11 5669.73 6122.88 4804.18 2601.92 3910.63 4989.59 695.27 1749.29 5465.31 3577.95 2722.81 2817.8 5966.65 2881.7 3149.68 2951.69 1546.25 4093.81 2121.51 3018.77 2500.6 1695.17 2456.87 5763.27 1814.63 4036 1504.43 4772.13 3338.8 4132.65 4817.02 2630.3 3986.5 2270.68 3207.65 1237.62 3594.57 3553.73 5610 6208.01 2141.89 3946.86 1095.9 3758 3829.7 4896.91 4150.72 3710.12 4000.52 1373.83 921.954 5098.4 4428.83 5695.9 3179.21 3461.44 3311.71 612.046 5122.7 4489.69 3320.74 3142.12 3409.3 3084.02 2044.63 2999.77 2651.87 2873.6 1519.9 2176.24 3457.93 4511.19 4694.01 3892.83 4333.15 5509.67 5643.16 
4146.64 1270.63 5046.08 5691.34 7444.78 2917.07 6190.13 4788.53 2670.67 9874.84 1410.89 10309.6 5218.29 9376.25 3867.47 6494.63 6372.27 7530.47 1843.91 6492.5 4996.73 6519.52 893.756 6765.28 3254.84 5558.87 7464.81 5213.84 2130 1435.9 7509.36 4239.86 6003.04 2490.08 5485.23 7245.47 5611.29 4970.31 6154.19 3666.2 3545.81 9696.6 3303.53 2687.4 5308.64 5219.29 5947.18 1054.23 8285.58 4293.26 7877.87 1904.36 3508.28 4785.53 5695.06 7460.97 7547.22 2279.82 3092.91 4275.2 4327.26 7655.61 7453.67 8627.13 5530.14 7465.36 3023.64 5222.76 3125.8 1189.66 6689.4 1761.85 4671.32 6784.35 737.564 3528 1663.64 7506.4 6583.17 4492.85 1688.7 4479.13 5842.34 1932.56 1435.9 6788.36 3841.58 3350.37 7392.95 7503.51 7838.78 4324.87 7933.95 6623.48 1744.53 
8416.28 4957.07 6328.8 5720.51 3866.99 2454.89 9255.34 6757.07 3078.85 8985.46 5027.15 9609.27 6162.94 9508.84 8385.8 4650.1 6783.17 5101.37 5710.13 10736.1 9252.62 6638.21 4496.8 2230.02 4743.71 6366.24 10472 1839.92 3460.71 5642 2498.26 7595.92 8147.3 6674.32 5610.36 4401.78 6990.35 2340.09 7173.98 3323.88 6956.84 8969.75 6304.48 2714.13 4955.29 251.794 8351.54 4451.99 5637.6 7422.32 6679.94 4129.33 2064.95 4415.89 2381.2 6493.84 10613.5 6882.09 3104.08 8365.17 6106.29 7625.14 5471.56 6550.58 9000.69 5843.32 2343.5 6024.91 4442.45 6194.36 9440.7 6183.24 7982.21 8283.83 4749.82 4481.12 4843.4 9389.28 8188.19 1913.66 6411.31 7841.29 6608.03 3515.74 5390.45 6852.11 6343.86 6630.61 7094.29 4274.23 4726.4 1185.62 5712.34 10353.6 5937.42 
3895.14 6263.55 235.372 1469.32 5466.01 5646.4 3059.44 701.783 4202.98 4924.43 6429.47 5255.56 508.035 4181.69 4259.67 3459.44 1357.68 4374.99 7021.57 5350.23 4319.12 1649.76 5358.29 6190.03 2241.99 631.269 4079.33 4968.56 4338.13 3859.96 7174.47 2420.52 1633.71 3460.92 1385.71 4654.5 462.709 4391.64 952.103 3302.8 2444.44 4695.91 2135.6 5683.27 1967.03 6315.73 1920.03 5597.22 4980.8 2110.59 3487.59 3797.91 4851.86 2253.62 4828.69 3042.78 4237.1 7373.61 3800.47 3620.06 876.185 2598.25 3920.42 4690.93 3224.9 3599.18 5659.05 678.012 2533.4 6270.39 3028.3 6952.09 2490.72 1801.36 4682.57 2271.41 6578.77 2845.8 1663.01 4654.91 4202.88 2498.02 784.474 4598.62 3782.76 1862.61 1523.22 2343.61 2523.53 5141.02 5183.53 5488.35 4387.49 4486.42 6946.29 
5468.83 1094.44 5419.15 5716.79 6587.36 1499.07 7217.34 5373.43 1908.82 9871.79 1217.58 10374.2 5494.55 9650.64 5254.81 6034.64 6578.64 6985.56 1976.49 7857.38 6337.9 6646.24 629.682 5630.89 3405.6 5823.48 8514.09 4185.16 1456.71 2504.1 6272.77 5266.74 6734.66 3694.46 5519.31 6569.64 6068.45 4083.15 6536.52 3158.69 4540.41 9734.2 4111.47 1240.4 5166.37 3869.48 6758.5 505.668 7721.46 5244.62 7701.12 1821.68 2394.6 4558.71 4755.5 7326.75 8615.38 3018.03 2454.1 5546.69 4794.01 7809.08 7028.15 8238.07 6656.56 7142.44 1610.75 5451.54 3158.24 2241.16 7640.03 2323.49 5708.53 7355.93 1261.78 3520.87 1176.61 8227 7176.81 3492.68 3050.64 5522.69 6118.82 1152.61 2351.53 6917.55 4520 4275.66 7451.74 6740.93 7125.76 3070.8 7469.95 7855.86 2120.02 
2558.53 7895.43 5556.73 6887.07 10804.7 8983.38 2607.68 4803.09 7836.17 9294.53 8008.53 9317.54 5913.38 7748.48 2798.04 8860.19 6468.73 9792.35 8133.54 180 1686.71 6828.07 7435.89 11213.4 6231.38 6017.22 2690.67 9740.31 7577.86 5545.85 12184 3357.16 4166.25 4360.85 6793 10048.9 5303.22 9207.83 5709.47 7701.12 3927.25 8996.81 4596.54 8858.14 7297.08 10663.3 3779.85 7659.35 10381.4 3600 8676.13 6847.81 8824.18 7369.52 9820.22 8270.51 2602.84 7620.53 7773.71 2532.55 5257.61 7249.94 9323.67 9970.65 2193.13 8965.41 9056.85 6077.11 6498.35 6941.24 3089.34 7690.68 3059.3 5069.49 6766.39 6579.7 8290.38 4593.65 4910.66 9192.43 4991.23 3146.12 6040.03 7654.05 5743.14 6930.98 4713.43 4253.39 7493.62 10524.2 10593.9 9688.64 9774.87 1169.02 7876.33 
7546.3 9659.32 3891.39 3103.45 5114.76 8314.64 5792.21 4477.72 7014.02 1110.18 9823.98 1569.84 3625.27 1627.88 7968.27 3514 2479.88 3443.84 10499.9 8391.93 7768.61 2266.32 8718.65 6698.13 5529.74 3298.03 6104.7 6313.17 7364.3 7554.99 7502.97 6091.99 4306.8 7281.79 3306.92 4173.36 3589.79 5859.69 3004.33 5773.82 6250.5 929.57 5951.24 8451.16 3659.19 7911.57 4680.28 8928.12 3439.03 5796.56 1522.1 7062.2 7206.94 4289.21 5803.59 1659.52 6262.31 11027.1 6477.51 7239.7 4634.35 1245.95 2882.57 2433.78 6377.34 2404.08 8282.42 3584.02 5707.77 9915.21 5343.79 10531.1 6015.75 3330.38 8146.66 5317.03 9911.59 3993.26 3501.16 6449.32 7991.23 6090.53 3054.98 7665.43 7430.06 2006.44 5343.19 6167.09 1379.75 4589.4 4294.01 7448.52 2929.1 7262.4 10479.5 
4292.84 5833.78 593.633 991.413 4746.76 4964.88 3819.32 1267.79 3530.1 5024.12 6000.11 5438.43 431.856 4567.24 4592.45 2807.94 1508.01 3798.17 6640.55 5983.74 4831 1650.97 4903.68 5386.44 1689.41 737.36 4884.15 4150.18 3732.02 3642.27 6371.94 2871.67 2449 3504.77 820.244 3987.41 1232.27 3573.25 1511.99 2535.05 2690.3 4832.49 2196.59 5025.24 1231.67 5509.6 2720.02 5130.39 4460.61 2571.54 3254.8 3276.17 4100.99 1439.51 4017.56 2805.08 5040.04 7114.86 3085.61 4052.68 910.879 2783.68 3411.23 4329.46 3889.6 3171.01 4968.15 362.353 1934.24 6002.93 3832.08 6634.83 3043.57 2547.72 4279.26 1604.4 6120.46 3633.73 2435.78 3846.66 4123.35 3007.41 1032.47 4011.25 3514.61 1917.32 1661.93 2496.9 2540.08 4458.76 4546.12 4700.32 3903.14 5198.71 6598.22 
6862.36 3330.54 5359.56 5095.13 4627.76 801.561 7982.34 5632.57 1556.31 8895.24 3420.94 9474.44 5280.15 9088.47 6787.35 4648.66 6126.47 5405.42 4144.8 9226.58 7718.04 6068.05 2792.6 3420.41 3494.94 5546.1 9246.53 2159.28 1818.38 3991.69 4001.51 6193.95 7063.29 5080.84 4938.55 4839.1 6048.47 2291.42 6352.84 2325.51 5511.1 8821.48 4897.19 1071.68 4372.93 1601.62 7209.02 2765.57 6076.22 6060.64 6590.01 2533.14 755.381 3748.56 2801.3 6303.41 9376.49 5270.46 1806.79 6843.52 4973.95 7172.68 5610.08 6800.27 7625.52 5861.21 693.542 5172.79 3177.23 4513.28 8251.26 4570.18 6606.8 7386.1 3040.16 3340.45 3276.66 8429.98 7255.24 1619.66 4741.57 6448.88 5822.41 1826.09 3748.33 6317.09 5050.59 5190.76 6701.68 4889.38 5318.05 839.345 5971.01 8951.77 4341.66 
9294.65 11719.7 5868.47 5164.05 6627.73 10342 7234.76 6381.22 9063.8 1030.78 11884.6 516.14 5632.64 2024.85 9747.37 5369.56 4472.34 5020.96 12557.5 9793.49 9397.52 4299.79 10779.3 8346.56 7584.46 5296.89 7231.56 8187.8 9422.57 9574.23 9046.02 7890.15 5930.3 9224.67 5366.91 5772.6 5474.91 7778.56 4878.11 7815.43 8139.71 1132.3 7906.41 10487.1 5711.72 9776.55 6268.09 10989.4 4750.67 7611.58 3350.04 9123.08 9213.58 6337.45 7629.53 3622.71 7370.24 13063.7 8523.62 8976.6 6616.59 3185.97 4557.98 3670.05 7934.77 4164.8 10305.4 5607.42 7767.54 11951.9 6685.22 12579.4 7747.72 4882.56 10201.7 7377.86 11973.1 5178.23 5088.82 8397.72 9972.15 7849.75 5033.58 9724.24 9459.9 4032.1 7292.85 8091.54 3433.32 6100.05 5720.71 9394.39 4421.95 8601.89 12532.8 
4920.62 2899.28 3676.14 3802.17 5003.73 1787.18 6034.7 3801.59 428.019 7935.65 3054.13 8445.53 3688.16 7780.52 4885.67 4155.54 4712.59 5152.76 3791.48 7264.19 5765.5 4750.17 1988.29 4455.39 1663.64 4000.56 7312.05 2863.56 488.262 2204.84 5290.29 4217.69 5228.61 3174.93 3609.43 4819.65 4357.26 2551.25 4760.98 1265.9 3532.61 7802.83 2923.18 1793.38 3228.16 3310.42 5333.53 2147.21 5902.49 4092.73 5762.92 668.506 1436.28 2618.74 3283.9 5386.77 7436.8 4618.63 651.92 4883.63 3160.4 5910.68 5141.02 6343.01 5651 5224.64 1820.14 3620.84 1361.95 3599.56 6338.96 3986 4634.06 5688.42 1706.96 1660.27 3087.65 6661.47 5531.74 2154.07 2997.67 4473.53 4294.41 790.253 1945.38 5019.41 3119.55 3212.37 5531.37 5063.17 5406.51 2326.59 5600.22 6973.62 3853.17 
4523.74 1544.57 4566.06 5013.52 6464.21 2051.17 6232.21 4453.94 1674.31 9204.03 1710.26 9675.12 4678.48 8857.36 4340.66 5612.93 5799.74 6626.16 2392.07 6919.37 5395.41 5902.63 610.574 5764.53 2608.6 5014.96 7528.68 4212.33 1131.59 1539.42 6517.77 4280.65 5787.44 2731.83 4810 6302.77 5191.86 3978.19 5688.59 2739.23 3554.43 9046.15 3137.72 1859.81 4544.72 4267.58 5796.15 845.813 7378.11 4261.42 7116.32 1062.17 2514.36 3978 4699.59 6716.78 7629.48 3138.47 2122.19 4585.68 3903.33 7060.03 6589.2 7780.91 5671.83 6639.82 2148.95 4654.2 2409.19 2120.5 6660.61 2520.5 4722.46 6451.12 356.09 2801.43 1830.87 7286.76 6265.05 3491.43 2162.06 4536.54 5307.93 933.809 1370.33 6174.54 3571.29 3291.84 6744.37 6541.21 6888.81 3348.87 7057.99 6880.59 2411.02 
9126.93 11527.8 5682.06 4972.05 6473.09 10152.3 7088.37 6200.07 8872.44 847.585 11692.6 335.41 5444.16 1900.03 9577.49 5189.58 4284.22 4857.91 12365.8 9653.9 9239.26 4109.32 10587.3 8184.26 7392.95 5108.83 7110 8008.71 9230.66 9385.57 8892.48 7717.67 5768 9041.86 5174.96 5610.06 5294.19 7596.14 4697.37 7624.57 7960.58 940.213 7722.31 10296.8 5520.07 9598.82 6109.02 10797.4 4604.35 7437.65 3167.16 8931.07 9025.26 6146.09 7453.6 3434.6 7250.56 12873.8 8332.49 8809.56 6430.12 2998.68 4387.31 3521.42 7780.62 3987.99 10116 5417.91 7575.63 11761.9 6545.43 12388.5 7580.09 4722.3 10010.2 7185.85 11781 5045.1 4926.87 8213.42 9786.53 7680.16 4846.63 9532.29 9270.41 3841.94 7108.94 7909.77 3241.64 5944.45 5570.08 9210.52 4262.03 8465.86 12341.5 
4850.92 6239.14 984.124 415.933 4324.12 5165.01 4200.3 1746.31 3760.92 4537.85 6404.7 4984.54 635.138 4234.05 5160.47 2321.77 1177.2 3270.29 7068.83 6466.94 5362.96 1212.02 5300.94 5117.44 2094.76 684.251 5182.99 4006.61 4029.4 4158.49 6096.43 3413.15 2725.67 4074.13 257.099 3515.18 1422.74 3434.94 1469.97 2642.01 3262.21 4362.99 2771.15 5252.59 852.115 5456.9 3041.74 5518.06 3912.56 3108.46 2688.12 3650.34 4207.47 1292.48 3788.42 2240.18 5343.75 7597.71 3270.61 4603.31 1480.54 2374.53 2857.27 3754.53 4351.43 2600 5156.32 466.476 2290.2 6486.49 4137.93 7094.48 3555.5 2599.88 4711.9 1914.37 6506.65 3728.77 2533.32 3800.01 4671.84 3533.75 900.278 4321.2 4015.2 1483.85 2235.73 3072.36 2057.69 3999.52 4053.06 4716.11 3344.01 5627.55 7043.48 
3820.01 2758.12 3332.42 3857.78 5880.69 2673.46 5167.22 3230.62 1545.64 8048.38 2924.53 8498.31 3455.79 7635.74 3762.76 4715.26 4590.04 5772.01 3559.51 6188.07 4676.11 4712.08 1842.53 5518.2 1421.44 3794.27 6462.61 3921.35 1241.69 1111.26 6384.12 3262.41 4590.71 2051.05 3651.99 5557.88 3956.27 3540.35 4454.9 2031.58 2545.68 7877.79 2019.5 2586.81 3468.31 4437.76 4625.72 2081.47 6527.39 3188.89 6035.6 510.392 2562.05 2961.42 4271.42 5618.51 6574.94 4121.76 1678.69 3805.26 2668.65 5861.68 5652.65 6809.7 4692.89 5639.37 2737.39 3440.13 1284.72 3022.09 5545.18 3586.03 3696.82 5221.62 1198.54 1686.56 3063.49 6081.33 5038.41 3233.11 1903.73 3522 4085.41 1356.65 853.756 4983.02 2379.29 2244.48 5572.45 5866.52 6163.46 3454.68 6141.21 5977.09 3528.64 
7683.76 9918.17 4096.46 3364 5389.11 8600.06 5851.44 4655.5 7292.26 913.893 10083.2 1300.96 3844.23 1406.16 8114.6 3809.11 2688.81 3718.72 10754 8450.72 7876.5 2498.98 8978.05 6985.22 5780.7 3512.16 6101.29 6609.28 7636.29 7782.5 7783.38 6240.39 4401.3 7477.54 3565.87 4452.86 3758.26 6155.56 3165.9 6055.98 6426.86 684.105 6150.28 8734.3 3937.61 8207.69 4767.9 9189.7 3684.56 5949.2 1810.11 7322.47 7496.46 4569.46 6098.8 1955.63 6256.15 11264.6 6757.63 7373.6 4842.82 1419.05 3164.25 2656.69 6464.83 2691.19 8568.81 3811.68 5965.61 10152.7 5378.94 10776.5 6145.64 3398.48 8397.89 5577.43 10174.7 3985.1 3580.22 6744.14 8201.82 6228.01 3258.86 7936.73 7663.19 2233.32 5539.4 6355.19 1630.28 4862.15 4557.48 7743.28 3191.88 7305.37 10729 
6010.07 9033.7 2948.1 2879.2 6225.24 8171.08 3988.14 3267.11 6755.63 2722.22 9199.97 2804.92 2842.01 1434.02 6471.24 4269.54 1836.36 4638.62 9802.24 6579.86 6104.4 1930.23 8118.15 7542.9 4930.92 2516.23 4209.54 6769.38 6983.85 6629.59 8453.67 4634.18 2635.77 6098.86 3025.24 5259.78 2385.33 6231.6 1830.52 5648.45 4957.18 2425.96 4830.17 8251.26 3632.7 8316.55 2974.05 8352.35 4884.27 4369.4 2802.43 6517.38 7207.55 4228.96 6397.04 2607.14 4366.06 10140.5 6276.82 5690 3657.16 1137.19 4038.86 4052.42 4650.99 3533.44 8164.17 2893.37 5186.93 9042.46 3490.52 9732.28 4464.48 1587.51 7456.81 4852.75 9339.21 2095.54 1794.24 6700.6 6908.44 4575.26 2220.92 7264.52 6562.09 1720.52 4224.56 4957.04 1687.16 5742.28 5558.46 7660.45 4282.29 5420.08 9728.44 
7773.71 9662.07 4030.71 3125.08 4798.43 8222.47 6105.16 4658.42 6956.28 1098.36 9825.58 1673.71 3740.66 2008.31 8183.52 3297.35 2627.72 3130.77 10514.7 8701.64 8030.59 2371.18 8721.04 6420.07 5562.49 3425.68 6463.07 6114.33 7329.24 7636.92 7201.24 6308.35 4591.32 7424.28 3331.1 3871.64 3789.84 5682.93 3219.27 5702.32 6426.73 1024.89 6091.47 8369.85 3613.86 7710.65 4970.16 8923.91 3075.84 6008.08 1269.21 7065.02 7093.22 4232.07 5582.13 1502.7 6622.16 11082.4 6413.11 7472.11 4763.03 1485.7 2590.69 2049.49 6663 2136 8185.19 3682.08 5721.23 9971.73 5677.06 10568.4 6255.69 3644.08 8172.23 5324.56 9901.53 4357.91 3804.26 6290.96 8105.86 6320.96 3203.9 7632.23 7500.17 2129.53 5490.37 6325.04 1471.39 4269.77 3956.08 7289.44 2591.24 7586.65 10506.3 
8724.02 7970.77 5052.7 3758.1 618.142 5738.38 8251.17 5800.39 5047.47 5063.2 8105.61 5713.5 4704.73 6139.78 8945.19 1751.14 4490.4 1112.34 8865.13 10523.7 9339.98 4166.21 7137.85 2400.19 4982.22 4656.92 9136.72 2890.85 5581.27 7053.43 3032 7377.13 6714 7514.09 3824.47 555.698 5418.42 2821.93 5208.77 3995.31 7057.77 5142.45 6432.57 5976.02 3314.21 4230.19 7062.05 7246.05 1295.22 7088.03 3058.12 5767.12 4568.29 3381.95 2242.01 3139.7 9301.88 9803.41 4564.65 8519.37 5392.71 4603.01 1709.06 2348.53 8418.86 2218.94 5655.1 4537.19 4892.62 8806.51 8119.86 9145.32 7580.64 6272.14 6909.59 4576.65 8054.77 7363.82 6295.94 3464.48 7790.31 7533.96 4718.58 5847.2 6817.51 4223.94 6059.32 6791 4050.8 152.643 317.805 4263.8 1624.96 9696.54 8980.21 
4673.9 7275.96 1190.38 1516.08 5485.66 6505.4 3271.36 1610.37 5071.59 3965.96 7442.21 4255.93 1113.24 3147.21 5085.23 3418.55 661.891 4151.2 8045.97 5785.45 4964.03 1020.44 6361.77 6482.35 3188.49 821.523 4020.01 5449.2 5263.4 4894.7 7448.29 3209.19 1677.2 4455.02 1574.87 4583.45 706.612 4880.83 120.416 4042.78 3376.76 3720.86 3145.35 6566.64 2252.11 6910.35 2058.66 6597.01 4643.53 2910.84 2853.51 4770.38 5614.31 2745.91 5194.63 2447.88 4186 8408.36 4621.77 4373.79 1910.31 1642.1 3613.65 4148.49 3674.18 3197.58 6507.3 1198.21 3456.37 7305.14 3028.7 7984.79 3164.13 1188.49 5698.99 3143.26 7582.94 2323.32 1175.93 5252.83 5222.74 3222.62 554.437 5537.16 4816.4 1108.2 2531.6 3320.26 1710.26 5085.2 5036.61 6160.32 4020.61 4775.14 7975.77 
7106.23 8460.83 3191.02 2040.12 3740.98 6935.78 5822.8 3913.94 5695.77 2388.39 8622.42 2973.1 2849.65 2975.79 7469.67 2030.89 1940.34 2094.68 9327.68 8354.56 7486.01 1592.01 7522.13 5246.84 4432.08 2589.85 6431.12 4832.49 6089.81 6578.64 6083.57 5629.68 4232.75 6508 2240.58 2777.7 3155.14 4388.82 2685.09 4434.02 5618.98 2322.15 5189.6 7089.17 2392.07 6430.72 4618.06 7715.7 2306.25 5320.24 284.429 5873.88 5798.25 2986.7 4320.21 219.317 6596.74 9956.61 5148.4 6826.6 3863.74 1450.97 1498.57 1597 6240.64 990.202 6896.04 2748.04 4556.37 8851.86 5513.35 9414.48 5661.07 3479.55 7009.09 4154.62 8683.56 4441.1 3576.93 4992.01 7114.56 5690.56 2450.51 6393.82 6419.38 1461.13 4620.41 5466.82 967.988 3231.55 3001.77 5990.83 1700.74 7329.61 9336.45 
1680.77 7000.09 5013.43 6359.01 10178.6 8118.53 2440.92 4244.01 7002.98 9112.85 7113.66 9197.85 5378.2 7674.5 1902.45 8288.12 6059.13 9259.29 7246.57 724.5 812.712 6412.07 6543.91 10490.8 5475.51 5522.77 2947.3 8988.46 6725.09 4665.38 11452.3 2659.4 3851.87 3486.79 6245.52 9463.85 4854.71 8468.91 5321.69 6936.35 3152.27 8823.36 3829.69 7987.1 6700.78 9852.68 3475.2 6766.17 9881.95 2933.75 8283.04 5998.62 8000.4 6715.3 9103.43 7860.2 2906.29 6761.89 6967.24 1693.31 4626.4 6960.72 8821.54 9549.94 1780.25 8495.2 8194.29 5534.8 5728.12 6057.17 3036.26 6811.44 2436.8 4841.34 5879.39 5840.03 7395.14 4564.83 4658.08 8417.16 4097.62 2482.94 5583.95 6790.73 4868.37 6544.39 4018.22 3474.16 7143.56 9927.14 10026.3 8873.47 9289.24 1398.18 6992.52 
5274.44 7572 1582.21 1320.95 5056.33 6600.74 3871.05 2150.37 5192.48 3428.64 7738.38 3770.48 1368.83 2829.36 5675.63 3001.08 261.725 3637.93 8372.13 6401.58 5582.29 490.408 6642.99 6177.97 3428.31 1028.25 4551.98 5269.17 5441.42 5299.18 7125.29 3802.96 2278.82 4956.65 1454.17 4126.06 1280.98 4716.41 740.608 4073.44 3922.31 3201.31 3629.44 6686.13 2084.71 6787.47 2663.63 6869.85 4085.34 3500.31 2238.86 5013.55 5632.98 2662.71 4949.2 1843.83 4718.41 8803.55 4706.29 4978.35 2330.34 1103.86 3078 3542.32 4294.09 2636.23 6592.15 1378.44 3663.56 7693.96 3591.13 8347.96 3776.25 1623.73 6012.1 3311.27 7859.94 2710.61 1675.23 5153.5 5686.91 3828.28 750.067 5727.87 5197.62 496.488 3018.38 3837.41 1092.25 4627.41 4541.83 6101.18 3459.15 5377.36 8321.45 
1286.93 6230.03 3172.46 4518.07 8367.2 6833.6 1337.2 2403.33 5570.68 7473.59 6370.38 7627.79 3537.26 6187.54 1789.33 6453.17 4256.22 7418.71 6685.66 2351.28 1306.48 4603.32 5579.18 8771.92 3828.84 3687.09 2530.34 7318.59 5390.15 3613.34 9745.9 944.034 2191.73 2470 4405.14 7633.38 3040.3 6777.4 3540.51 5299.15 1620.49 7196.03 2238.77 6746.92 4872.26 8318.95 1859.3 5824.17 8041.75 1155.21 6477.81 4659.29 6521.13 4921.64 7377.49 6047.88 2598.56 6509.59 5438.91 970.824 2813.11 5239.24 6981.4 7728.94 570.351 6660.33 6893.85 3693.89 4112.06 5587.35 1958.19 6367.96 610.574 3238.92 4850.77 4158.17 6620.61 3287.99 3032.64 6796.71 3316.46 707.248 3760.76 5517.46 3746.81 4751.78 2272.99 1936.44 5370.93 8101.32 8191.12 7358.7 7450.85 1825.29 6486 
2457.03 7718.4 4148.89 5429.71 9439.36 8336.94 971.236 3447.03 7045.89 7622.89 7854.64 7648.5 4484.75 6086.08 2912.54 7433.77 4898.18 8310.04 8131.91 1690.12 1874.49 5258.69 7090.87 10026.9 5220.15 4536.01 1282.26 8641.21 6890.29 5125.17 11010.5 2414.04 2564.62 3964.61 5361.91 8629.44 3788.11 8082.87 4131.68 6672.71 3124.36 7324.98 3705.2 8256.71 5926.09 9734.32 2182.89 7334.43 8859.92 2545.92 7076.84 6162.48 7973 6094.43 8634.82 6685.3 1277.69 7860.43 6877.83 2230.27 4002.85 5603.32 7811.3 8384.52 978.621 7424.63 8394.38 4653.99 5519.44 7000.29 1419.05 7779.93 1994.89 3412.36 6365.53 5512.64 8111.41 2936.21 3263.33 8166.77 4780.01 2156.15 4517.36 7026.61 5263.93 5338.56 3622.28 3430.48 5874.39 9117.77 9147.6 8789.34 8243.42 536.004 7916.73 
6225.09 5094.09 3327.46 2619.26 2811.14 3154.93 6456.9 3874.6 2147.09 6221.01 5238.83 6803.07 3114.11 6495.54 6351.08 2029.51 3682.24 2938.32 5993.04 8321.54 6959.55 3550.23 4221.58 2779.95 2280.9 3287.26 7592.24 1413.22 2660.3 4151.59 3753.66 5077.37 5181.24 4769.42 2508.94 2561.44 3953.85 836.481 4086.77 1042.35 4581.32 6150.4 3906.74 3339.97 1854.56 2850.35 5431.62 4351.84 3675.35 4837.56 3917.21 2810.07 1980.33 1328.53 1388.09 3630.88 7743.9 6873.38 1628.56 6081.53 3271.41 4586.29 3020.35 4231.9 6364.1 3214.42 3102.21 2964.68 2096.78 5857.13 6542.32 6230.2 5390.48 5210.58 3953.8 1889.15 5223.98 6330.91 5129.46 1222.62 4916.75 5289.21 3516.93 2942.94 3905.65 3775.3 3720.75 4272.15 4083.19 2816.19 3148.65 2204.77 3437.4 7721.93 6082.08 
1954.38 3475.7 3808.48 4870.32 7764.86 4574.33 4070.74 3278.44 3646.71 8803.39 3607.99 9133.29 4097.27 7963.28 1747.94 6288.15 5219.69 7362.57 3898.44 4337.06 2819.52 5465.02 2934.93 7587.81 2813.01 4409.85 5314.62 5996.84 3263.82 1091.24 8476.59 2190.21 4186.28 431.393 4678.98 7297.02 4184.02 5573.1 4778.22 4004.05 1614 8577.56 1747.71 4418.65 4784.49 6536.18 4041.09 3162.91 8096.94 2330.77 7146.82 2588.05 4662.12 4472.19 6289.9 6698.13 5385.81 3807.18 3774.93 2066.52 3072.36 6479.83 7113.72 8157.73 3356.26 6974.02 4659.29 4170.3 2913.42 2820.02 4620.88 3597.01 2586.77 5117.54 2267.38 3216.86 3870.72 5637.6 4900.46 5326.43 530.377 2397.42 4643.89 3269.89 1329.66 5707.29 2358.5 1572.9 6363.91 7670.2 7906.08 5556.16 7617.26 4414.4 3702.97 
8527.72 9958.5 4670.39 3577.71 4293.37 8308 6996.83 5357.93 7138.52 1402.46 10118.4 2047.88 4345.34 2879.76 8914.76 3170.36 3324.15 2694.92 10833.2 9583.3 8840.96 3013.17 9023.27 6016.14 5966.99 4060.79 7408.02 5949.5 7559.72 8118.15 6712.41 7051.65 5451.25 8026.79 3779.22 3444.2 4534.71 5586.64 3997.82 5871.87 7099.37 1541.46 6701.41 8480.45 3904.06 7518.72 5835.13 9209.78 2430.91 6745.41 1330.04 7383.9 7137.97 4472.19 5362.88 1752.77 7568.44 11486.7 6587.3 8235.93 5369.56 2353.25 2271.78 1346.29 7514.5 1951.67 8258.68 4257.35 6082.1 10384.1 6595.49 10936 7038.25 4547.39 8530.01 5679.88 10167.5 5310.75 4693.84 6232.86 8649.38 7087.59 3881.25 7863.65 7958.29 2814.6 6120.01 6965.43 2170.18 3765.32 3390.53 7215.35 2090.22 8490.12 10851.2 
9030.64 11089.2 5406.68 4553.43 5741.3 9600.89 7151.18 5991.14 8362.26 444.072 11252.5 748.131 5134.83 2192.28 9461.67 4550 3995.16 4146.14 11943.3 9744.42 9213.84 3769.2 10148.3 7468.61 6990.77 4810.62 7307.56 7358.6 8746.21 9052.72 8158.39 7587.21 5734.54 8798.11 4759.35 4896.24 5098.64 6968.54 4508.71 7102.29 7763.79 740 7467.26 9757.23 5032.89 8939.76 6095.94 10349.9 3860.21 7295.38 2561.35 8492.71 8453.55 5644.29 6787 2884.25 7456.34 12508 7816.01 8720.09 6148.24 2753.63 3702.07 2780.65 7789.89 3333.48 9559.06 5086.93 7150.11 11396.9 6650.91 11996.8 7491.66 4716.41 9601.19 6753.17 11325.8 5201.79 4905.67 7599.96 9502.89 7574.99 4570.89 9049.71 8920.68 3515.01 6859.58 7683.29 2871.41 5214.6 4831.75 8592.21 3542.67 8581.14 11935.2 
6512.55 9642.68 3556.88 3441.06 6583.17 8760.06 4365.89 3859.18 7350.12 2456.18 9808.94 2411 3448.96 890 6983.55 4693.15 2418.2 4955.29 10410.2 6927.41 6554.63 2474.77 8727.11 7977.47 5538.02 3121.23 4426.34 7277.49 7586 7231.36 8866.8 5169.81 3126.56 6678.02 3596.8 5615.55 2986.39 6750.47 2438.22 6228.07 5525.22 2150.35 5421.77 8844.66 4183.2 8840.05 3439.03 8961.19 5120.39 4914.98 3044.36 7124.92 7780.67 4791.41 6877.86 2929.45 4574.21 10740.5 6865.62 6189.96 4263.39 1508.81 4356.52 4207.09 5079.09 3846.62 8751.05 3496.93 5791.93 9644.2 3819.03 10337.1 4973.98 2077.62 8065.59 5454.33 9948.16 2330.02 2294.78 7240.51 7496.95 5095.22 2825.77 7868.02 7166.88 2242.7 4819.32 5537.66 2073.69 6083.95 5864.21 8209.9 4543.27 5741.81 10335 
1177.45 5303.86 5055.07 6340.13 9737.53 6774.49 3627.8 4327.7 5870.31 9768.55 5400.48 9970.05 5409.47 8573.09 771.038 8058.21 6355.91 9106.18 5450.6 2550 1394.31 6672.36 4985.28 9731.43 4775.46 5649.85 4543.57 8155.3 5491.02 3311.19 10644.9 2632.45 4557.42 2310.78 6180.66 9160.66 5154.42 7697.96 5721.42 6118.82 2674.21 9502.97 3258.48 6603.37 6470.19 8761.85 4252.29 5182.78 9801.09 2935.86 8512.54 4813.4 6886.7 6305.47 8394.91 8064.95 4546.48 4890.83 5967.82 1495.63 4450.55 7474.29 8763.71 9674.65 2780.45 8530.05 6863.66 5533.99 4950.84 4250.75 4278.7 4983.02 2724.15 5608.92 4402.84 5179.83 5691.58 5690.04 5395.41 7506.96 2589.07 2631.05 5802.59 5487.31 3556.01 6865.68 3704.88 2907.65 7517.27 9577.58 9758.2 7780.52 9259.99 3156.91 5181.39 
7152.2 6075.57 3889.02 2862.17 1754.82 3945.09 7120.6 4542.8 3140.72 5786.23 6213.92 6406.14 3604.72 6350.2 7312.74 1445.54 3867.04 2079.66 6972.53 9152.56 7847.71 3645.6 5230.54 2109.5 3251.86 3689.17 8174.42 1375.68 3671.8 5206.5 3087.09 5920.35 5721.06 5777.24 2824.62 1566.68 4429.04 1035.86 4424.14 2103.43 5488.11 5765.15 4825.94 4164 2157.8 2968.64 6015.51 5344.53 2765.88 5658.24 3475.54 3867.45 2750.45 1894.97 872.067 3295.6 8332.76 7894.16 2653.39 6985.48 4006.42 4508.68 2323.32 3486.39 7126.32 2651.08 3873.32 3438.17 3106.64 6895.43 7124.02 7239.4 6194.27 5563.92 5001.06 2846.23 6176.03 6699.92 5522.04 1706.6 5965.41 6113.1 3858.92 3941.19 4962.58 3818.11 4560.19 5192.49 3957.28 1765.9 2124.45 2651.58 2650.47 8465.96 7079.1 
4359.97 3948.19 2421.24 2612.83 4693.84 3004.26 5010.59 2615.59 1561.15 6796.01 4112.09 7277.7 2427.2 6542.79 4450.28 3379.3 3470.4 4443.97 4803.13 6562.93 5136.56 3531.93 3007.07 4619.1 487.545 2741.92 6252.72 3076.17 1727.54 2313.55 5558.17 3358.41 4047.76 2846.23 2412.05 4277.31 3106.53 2581.26 3499.84 1018.28 2768.05 6643.87 2093.47 3040.56 2142.01 4030.45 4191.05 3213.86 5197.63 3168.91 4716.15 1350.74 2317.95 1614.5 3265.88 4309.72 6387.99 5452.64 1215.65 4246.72 1958.7 4694.73 4307.12 5462.47 4745.97 4293.77 3020.41 2363.15 191.05 4361.15 5243.09 4890.09 3730.48 4443.03 2484.29 407.063 4197.95 5442.98 4293.37 2503.2 3040.26 3596.85 3036.45 2010.4 2089.52 3803.38 2086.34 2444.93 4348.47 4621.31 4886.92 3091.18 4797.63 6103.06 4807.8 
7542.45 6937.05 3961.82 2736.51 1328.8 4855.18 7197.14 4687.4 3990.84 5012.8 7079.41 5647.45 3630.22 5752.43 7754.03 826.378 3608.39 1169.32 7835.75 9395.32 8176.37 3325.55 6070.79 2469.51 3783.56 3629.94 8153.31 2220.36 4509.23 5871.67 3358.39 6217.37 5703.23 6314.7 2765.86 721.803 4395.28 1945.58 4267.47 2860.09 5873.64 5020.46 5241.55 5071.19 2188.93 3771.54 6032.92 6197.94 1858.01 5933.94 2746.58 4630.13 3659.41 2190.94 1615.55 2651.81 8316.35 8722.16 3478.07 7344.94 4240.44 4005.56 1476.79 2593.88 7309.35 1876.73 4784.53 3460.13 3700.01 7699.17 7117.56 8079.67 6439.91 5380.01 5789.76 3378.54 7053.54 6503.08 5374.1 2617.25 6600.48 6383.77 3736.2 4789.42 5639.62 3443.62 4885.32 5601.79 3439.83 1084.67 1327.4 3546.07 1752.85 8611.96 7929.92 
5745.44 7359.42 1821.65 804.301 4174.12 6120.52 4630.03 2551.96 4767.6 3394.85 7524.23 3860.69 1481.92 3267.19 6102.61 2122.19 722.011 2776.06 8199.54 7093.66 6152.87 392.046 6418.98 5332.4 3232.1 1223.32 5395.08 4514.38 5088.06 5302.95 6268.81 4271.17 3041.38 5158 1006.58 3244.6 1846.1 3981.52 1477.33 3563.5 4249.86 3229.64 3832.73 6235.27 1449.21 6070.3 3415.63 6630 3269.16 3961.26 1639.91 4762.99 5074.1 2080.82 4145.99 1192.69 5561.29 8745.06 4245.77 5470.45 2501.94 1351.63 2234.66 2854.08 4964.78 1829.23 6099.09 1388.42 3407.36 7634.06 4407.68 8237.15 4323.39 2496.18 5847.78 3017.83 7615.06 3592.71 2528.75 4474.51 5796.14 4342.59 1114.63 5386.59 5162.68 536.004 3255.64 4102.01 932.309 3746.21 3670.69 5451.33 2649.17 6126.09 8181.38 
6096.63 9295.34 3211.11 3213.99 6561.01 8484.76 3965.9 3473.69 7063.85 2799.46 9461.38 2801.66 3129.68 1305.87 6567.88 4613.82 2163.35 4964.89 10052.2 6537.58 6142.2 2272.2 8385.73 7888.81 5214.64 2811.28 4080.01 7114.52 7280.03 6856.13 8797.84 4756.82 2710.65 6279.51 3355.29 5594.66 2615.43 6575.42 2088.56 5970.97 5121.42 2495.8 5033.91 8560.2 3970.62 8659.24 3023.99 8622.28 5189.78 4504.09 3104.98 6797.89 7533.53 4561.95 6744.03 2931.02 4231.78 10360.9 6591.46 5774.03 3901.91 1463.73 4364.64 4330.29 4669.41 3857.37 8479.82 3191 5477.53 9268.03 3431.44 9967.6 4558.34 1662.08 7715.08 5151.51 9606.85 1968.25 1879.63 7040.03 7104.98 4680.27 2517.46 7557.65 6798.36 2066.42 4435.49 5140.71 2021.58 6074.74 5883.03 7996.81 4594.01 5358.97 9970.92 
6117.36 1461.85 7412.42 7970.23 9093.21 3820.99 8414.77 7167.13 4403.86 12163.2 1312.29 12623.4 7568.36 11740 5730.08 8511.01 8712.96 9484.98 573.847 8278.74 6890.59 8839.06 2384.81 8037.62 5544.23 7908.56 9653.79 6664.8 3907.17 3793.32 8582.42 6505.42 8358.97 4708.14 7765.59 9084.11 7988.15 6594.46 8525.78 5619.69 5847.09 11999.5 5667.89 3553.73 7509.85 6106.89 8281.84 2213.26 10225.9 6596.51 10079.7 4027.96 4879.85 6936.07 7254.27 9682.28 9719.59 1069.63 4935.85 6315.77 6701.26 9988.18 9499.61 10703.1 7689.02 9580.63 3925.88 7561.94 5366.98 1544.67 8955.11 770.065 6919.75 9160.77 2928.57 5763.13 1360.15 9857.08 8958.18 5989.36 3822.67 6728.31 8196.05 3613.54 3814.25 9110.09 6217.72 5684.23 9694.89 9256.16 9641.76 5453.38 9953.4 8637.09 648.46 
4067.85 4280.95 1955.33 2292.12 4831.6 3481.74 4557.25 2134.1 2040.02 6484.36 4446.68 6942.62 1988.82 6142.44 4204.15 3335.3 3073.27 4410.76 5110.97 6201.23 4809.83 3166.23 3344.01 4917.99 164.924 2314 5788.49 3419.2 2170.83 2365.46 5876.03 2969.85 3565.85 2688.44 2086.55 4326.12 2636.1 2892.54 3049.72 1398.07 2429.9 6317.79 1752.85 3510.63 1937.45 4466.52 3713.57 3564.52 5154.85 2759.37 4483.79 1701.35 2791.2 1517.53 3538.32 4060.54 5925.88 5680.32 1693.19 3927.71 1476.48 4324.53 4210.46 5324.37 4328.34 4141.21 3500 1940.93 361.386 4574.59 4772.64 5152.33 3321.33 3969.21 2757.75 268.328 4554.39 4961.7 3816.35 2895.46 3022.2 3198.66 2609.46 2441.31 2174.63 3438.17 1654.24 2116.84 4013.19 4707.12 4934.91 3543.18 4710.24 5689.58 5091.66 
2564.57 6418.26 1823.21 3136.65 7111.57 6449.38 1478.01 1117.32 5057.2 6035.64 6575.3 6228.23 2170.02 4860.33 3019.02 5124.55 2781.26 6040.13 7033.01 3690.54 2784.04 3131.93 5620.14 7713.74 3093.02 2264.91 2676.15 6371.54 5019.69 3765.24 8699.04 1206.15 884.138 2896.64 3051.18 6318.39 1573.34 5804.07 2060.39 4476.72 1709.5 5765.67 1930.41 6420.04 3595.62 7562.45 746.324 5871.85 6631.39 990.202 5005.04 4339.7 5895.35 3768.94 6326.43 4579.48 2814.69 7106.17 4791.09 2248.76 1714.06 3771.31 5572.54 6268.56 1560.16 5225.51 6488.2 2336.92 3408.96 6070.82 1671.08 6826.63 1018.43 1899.95 4882.7 3319.1 6783.93 2330 1680.74 5946.4 3781.34 1122.94 2304.89 5216.93 3801.71 3273.44 1554.25 1853.27 3890.82 6801.72 6851.43 6653.61 6028.76 2829.08 6888.09 
8716.99 11202.1 5310.08 4652.14 6393.45 9885.47 6670.66 5810.83 8584.06 731.642 11367.4 130.384 5082.72 1492.72 9169.63 5001.2 3921.68 4751.27 12032.8 9236.97 8823.5 3764.47 10262.7 8072 7058.23 4745.23 6700.48 7819.62 8928.52 9023.72 8812.27 7312.8 5354.07 8656.61 4852.76 5502.63 4904.08 7388.27 4307.51 7345.34 7566.52 681.542 7341.15 10022.7 5229.2 9415.26 5693.51 10476.2 4560.98 7034.72 2971.23 8608.3 8773.06 5860.18 7281.98 3196.4 6842.11 12519.7 8048.51 8399.03 6058.07 2633.51 4249.82 3477.6 7363.59 3822.28 9852.56 5063.38 7249.88 11408.3 6128.56 12043.8 7170.06 4307.25 9674.02 6864.01 11462.3 4630.39 4512.7 7992.7 9410.34 7272 4477.56 9228.79 8914.03 3494.51 6727.3 7521.83 2916.25 5862.76 5507.6 8991.69 4170.97 8049.85 12002.2 
2119.93 3282.99 4196.12 5240.31 8038.74 4597.59 4380.43 3670.49 3776.9 9192.39 3404.72 9524.54 4481.08 8354.55 1828.33 6613.75 5607.61 7689.25 3633.52 4452.53 2959.19 5849.76 2835.37 7790.92 3121.94 4795.88 5603.12 6195.05 3354.91 1182.07 8661 2540.65 4562.13 822.192 5047 7600.42 4576.04 5794.01 5170.15 4240.11 1994.82 8967.59 2137.01 4423.3 5130.61 6648.2 4406.42 3048.1 8428.19 2698.63 7518.46 2720.68 4783.77 4795.08 6518.3 7070.68 5666.83 3463.25 3955.45 2280.09 3457.7 6869.85 7455.58 8513.45 3636.76 7328.17 4688.38 4551.01 3196.26 2514.32 4947.59 3295.09 2921.59 5502.63 2224.07 3520.13 3679.16 6002.88 5285.04 5510.01 410.122 2735.34 5032.24 3325.55 1440.59 6093.55 2748.85 1964.31 6749.24 7962.17 8210.3 5675.56 7958.78 4626.23 3420.07 
710 6101.29 4008.89 5352.17 9092.93 7047.78 2051.83 3238.78 5896.07 8405.25 6226.92 8555.73 4375.63 7103.16 1138.86 7238.57 5160.09 8232.99 6441.31 1796.22 396.232 5502.05 5566.01 9368.4 4349.49 4553.34 3014.25 7862.04 5637.2 3637.93 10328 1573.05 3120.83 2445.61 5224.44 8402.63 3940.32 7344.12 4457.59 5809.41 2025.66 8127.4 2703.37 6928.1 5641.93 8733.89 2780.16 5798.25 8877.89 1866.01 7375.32 4906.58 6887.53 5622.26 7982.91 6940.41 3035.92 6104.14 5846.25 594.811 3558.44 6167.47 7819.65 8610.1 1207.39 7520.01 7119.73 4524.52 4601.14 5283.07 2702.96 6057.94 1435.03 4164.82 4873.61 4716.41 6497.41 4138.07 3960.63 7290.46 3153.79 1433.91 4648.44 5718.09 3822.79 5660.43 2915.89 2347.19 6287.16 8857.77 8974.65 7756.4 8297.96 1810.69 6210.52 
3750.47 6265.47 368.917 1638.78 5634.13 5716.86 2892.49 565.155 4273.79 5018.46 6430.99 5333.46 676.757 4219.69 4123.17 3629.33 1475.26 4544.03 7010.86 5181.52 4160.16 1782.13 5368.15 6344.67 2293.86 789.177 3924.13 5107.89 4389.45 3823.35 7329.62 2273.72 1487.18 3375.57 1555.54 4824.32 429.418 4531.25 990.051 3408.52 2330.54 4784.03 2060.22 5746.38 2131.78 6438.45 1761.82 5609.42 5147.36 1964.31 3633.1 3829.62 4947.75 2401.85 4979.33 3190.39 4080.99 7335.57 3885.68 3471.44 863.134 2688.83 4087.08 4846.53 3055.5 3761.52 5732.52 846.286 2593.07 6236.1 2872.37 6927.26 2330.71 1734.01 4682.5 2351.04 6586.93 2746.43 1580.79 4780.14 4136.97 2343.07 912.414 4644.07 3757.13 1984.04 1446.27 2247.58 2642.82 5310.59 5353.51 5600.22 4552.47 4316.68 6928.26 
4080.32 5929.63 290.689 1173.46 5036.71 5176.07 3516.38 983.87 3734.98 5032.54 6096.05 5416.79 298.329 4465.42 4400.92 3075.48 1459.11 4044.01 6716.93 5708.35 4586.56 1663.55 5008.55 5692.54 1823.62 636.396 4578.23 4450 3903.86 3643.43 6678.03 2636.97 2145.81 3405.66 1033.68 4261.98 958.853 3873.24 1316.05 2792.02 2515.63 4826.48 2077.91 5224.64 1519.9 5794.29 2414 5241.09 4689.15 2331.89 3377.63 3406.49 4349.02 1744.96 4323.25 2926.43 4734.02 7141.9 3312.17 3828.96 747.262 2747.22 3633.29 4503.21 3604.51 3363.81 5184.17 368.782 2094.8 6031.66 3526.15 6684.83 2782.8 2292.64 4360.23 1798.89 6229.07 3359.6 2168.16 4133.1 4073.09 2757.72 918.314 4174.69 3535.56 1916.51 1504.43 2350.53 2564 4738.29 4812.41 4971.61 4118.25 4904.74 6660.83 
9106.07 6064.09 6570.37 5746.59 3078 3536.24 9666.53 7099.89 3889.09 8547.51 6143.04 9188.69 6348.74 9278.63 9128 4320.94 6785.85 4537.1 6841.24 11356.3 9912.58 6586.14 5538.31 1294.95 5258.37 6499.45 10826.8 1830.03 4344.95 6483.43 1342.01 8146.78 8424.12 7430.59 5674.03 3793.26 7189.67 2406.51 7280.06 3787.15 7559.37 8569.53 6887.23 3803.26 4996.8 1170.68 8670.21 5517.73 4960.4 7940.79 6302.71 4945.27 2894.36 4555.17 2086.77 6190.13 10976.6 7998.93 3772 9020.62 6476.21 7459.74 4996.49 5958.83 9505.64 5429.52 3424.63 6194.68 4985.35 7265.44 9778.97 7298.55 8502.59 8416.63 5710.56 4934.54 5971.88 9546.61 8349.3 2291.42 7271.38 8379.29 6707.68 4453.5 6225.31 6767.99 6830.77 7234.48 6904.56 3554.62 3994.62 2024.85 5147.09 10867.9 7059.19 
2465.95 5802.62 1521.91 2867 6715.27 5798.64 2061.89 751.332 4411.92 6191.12 5961.52 6445.1 1888.62 5174.1 2857.27 4789.29 2739.36 5759.7 6442.24 4003.12 2883.68 3062.83 4988.24 7206.2 2464.65 2073.48 3304.92 5817.51 4367.36 3168.36 8188.35 988.585 1402.36 2399.42 2746.09 5970.36 1537.69 5257.39 2115.68 3877.69 1223.48 5937.84 1305.07 5767.67 3211.04 6959.35 1370.58 5239.63 6393.65 682.495 4922.29 3687.18 5264.8 3296.12 5812.49 4480.28 3437.59 6574.17 4159.86 2182.29 1184.44 3874.08 5334.43 6133.06 1936.59 5033.22 5838.43 2039.73 2778 5517.19 2318.15 6261.15 1066.07 2288.78 4253.76 2715.16 6163 2903.96 2071.71 5361.44 3259.72 1056.83 2195.13 4564.22 3186.8 3248.71 902.552 1287.98 3898.95 6440.23 6527.25 6038.05 5810.93 3282.93 6309.46 
1126.99 5195.77 4972.26 6251.15 9629.29 6654.76 3621.08 4250 5750.22 9708.24 5293.78 9916.4 5325.04 8529.04 690.507 7958.25 6281.82 9008.14 5352.8 2631.54 1422.25 6595.73 4869.63 9615.33 4664.39 5569.25 4563.65 8038.32 5370.61 3190.81 10527.7 2563.77 4512.76 2193.17 6090.01 9057.17 5084.1 7582.38 5654.42 6003.21 2580.95 9444.34 3156.71 6484.1 6372.22 8641.67 4213.85 5068.22 9705.28 2864.72 8431.45 4693.2 6766.57 6201.19 8280.35 7983.26 4570.89 4810 5849.07 1449.41 4360.01 7409.24 8669.7 9587.53 2772 8440.15 6743.8 5447.72 4837.36 4153.77 4271.14 4890.36 2672.4 5563.35 4284.45 5069.25 5584.28 5667.68 5348.79 7388.92 2469.86 2572.57 5726.03 5367.06 3435.59 6791.71 3611.68 2808.29 7444.74 9472.28 9655.52 7660.42 9166.68 3200.62 5085.75 
3231.49 6200.47 882.043 2202.39 6172.14 5885.75 2376.05 300.167 4454.57 5433.47 6363.78 5704.46 1229.84 4485.37 3626.27 4183.6 1973.45 5108.51 6900.53 4616.54 3605.14 2302.63 5335.1 6817.07 2449.02 1351.48 3476.79 5522.68 4503.6 3651.21 7803.03 1755.82 1137.72 3047 2110.92 5377.08 769.22 4949.23 1353.85 3715.98 1922.84 5184.61 1798.05 5890.01 2658.01 6787.7 1323.82 5582.52 5713.44 1451.34 4170.05 3884.96 5208.54 2864.58 5438.01 3731.93 3627.95 7134.54 4118.86 2942.41 951.893 3110.96 4653.18 5400.17 2492.75 4324.68 5911.59 1395.89 2764.22 6051.84 2428.66 6770.83 1775.53 1726.3 4622.09 2592.78 6541.07 2571.23 1528.46 5144.71 3863.94 1800.69 1440.14 4736.08 3622.5 2482.04 1218.03 1905.07 3130.5 5860.18 5912.22 5913.46 5117.86 3769.27 6794.18 
1034.46 6341.37 3780.21 5126.45 8944.52 7155.56 1641.46 3009.6 5952.14 8052.59 6472.57 8188.07 4145.85 6720.81 1507.91 7049.63 4869.88 8023.65 6722.15 1805.44 721.249 5217.75 5761.71 9295.98 4307.26 4300.85 2632.81 7816.5 5727.13 3809.11 10264.1 1440.31 2761.59 2621.95 5009.83 8225.39 3654.93 7285.66 4150.05 5777.27 2011.59 7771.55 2675.26 7049.61 5462.4 8753.63 2409.34 5999.54 8651.76 1701.76 7092.14 4993.65 6927.26 5486.07 7904.33 6662.77 2663.91 6434.76 5864.35 810.555 3390.12 5836.93 7591.61 8344.16 798.123 7273.96 7222.64 4300.8 4575.64 5580.68 2292.6 6359.32 1198.71 3796.8 5052.77 4656.58 6736.47 3733.63 3596.8 7269.55 3391.58 1248.24 4375.98 5828.18 3974.98 5364.11 2801.79 2338.05 5980.03 8689.33 8787.81 7783.02 8062.76 1550.29 6501.12 
6645.34 6160.93 3197.25 2112.56 2178.46 4252.06 6441.52 3884.49 3222.98 5201.33 6309.46 5803.32 2894.56 5648.51 6844.75 927.631 3110.96 1869.79 7058.82 8554.48 7299.49 2891.66 5268.41 2854.77 2860.09 2956.3 7463.71 2026.33 3716.18 4960.45 3824.6 5348.69 5006.76 5391.79 2085.86 1630.77 3706.01 1555.02 3676.42 2018.54 4975.11 5154.51 4334.17 4441.73 1432.83 3619.35 5312.86 5413.03 2620.88 5072.95 2882.31 3766.34 3067.26 1294.68 1612.08 2646.22 7623.65 7895.52 2685.7 6456.64 3390.53 3782.98 1916.9 3128.61 6494.07 2130.09 4195.77 2725.67 2780.88 6851.95 6416.14 7268.91 5592.97 4814.86 4937.42 2455.22 6306.98 5950.63 4777.97 2166.75 5682.25 5525.98 3114.48 4008 4732.07 3069.22 4002.5 4696.65 3240.06 2004.12 2240.8 3162.44 2340.19 7818.35 7133.62 
6964.75 8974.56 3233.73 2418.78 4759.46 7661.24 5349.64 3849.74 6345.47 1789.97 9139.33 2248.04 2955.28 1964.71 7373.28 3000.82 1825.08 3106.72 9814.2 7938.32 7232.04 1589.37 8034.03 6252.69 4843.81 2633.27 5784.99 5753.97 6687.62 6876.02 7099.65 5498.34 3811.59 6628 2621.79 3796.84 2979.41 5278.04 2410.33 5112.97 5619.48 1614.43 5295.62 7791.94 2991.72 7349.73 4193.86 8244.3 3245.8 5197.79 1172.39 6377.81 6568.08 3624.91 5275.02 1136.35 5947.18 10343.4 5812.33 6664.08 3971.66 705.762 2514.46 2365.16 5880.03 2008.11 7631.89 2907.46 5022.6 9231.52 4951.46 9845.53 5449.89 2900.71 7460.73 4632.59 9228.49 3709.37 3046.37 5847.55 7323.62 5512.87 2402.04 6988.05 6748.34 1336 4691.38 5522.62 695.27 4247.93 4004.12 6844.85 2670.52 6842.6 9793.55 
4037.08 7502.19 1709.88 2568.11 6590.98 7093.41 2225.96 1587.51 5651.27 4606.92 7665.51 4763.21 1866.01 3378.55 4499.08 4525.48 1775.05 5270.77 8198.45 4803.05 4164.05 2126.59 6634.47 7515.56 3659.97 1719.19 2900 6386.27 5748.02 4940.16 8491.11 2676.6 685.93 4247.51 2582.42 5698.22 1033.25 5810.42 1033.92 4777.66 3070.02 4327.14 3071.56 7116.89 3250 7774.63 1060.19 6881.22 5751.5 2426.95 3889.6 5157.87 6325.58 3654.65 6191.2 3511.61 3066.02 8401.01 5266.93 3717.32 2175.18 2432.49 4729.25 5203.89 2755.88 4302.86 7110.85 2014.8 3965.05 7328.88 1918.88 8057.3 2491.47 440.454 5923.46 3732.26 7842.15 1371.17 228.254 6111.21 5100.25 2605 1560.29 5993.48 4920.16 2166.75 2513.82 3124.16 2680.02 6199.48 6156.4 6960.21 5126.5 3730.48 8087.22 
4002.11 1543.5 5502.45 6262.31 8192.95 3624.06 6261.71 5156.17 3430.01 10417.5 1623.48 10826.1 5709.54 9817.42 3649.11 7184.3 6870.47 8231.48 1730 6252.18 4808.2 7044.89 1571.78 7526.47 3846.88 6047.95 7501.53 5975.23 2890.43 1777.22 8265.41 4360.97 6265.92 2561.64 6056.62 7970.57 6019.28 5726.37 6585.08 4391.78 3720.01 10226.1 3611.2 3381.89 5934.61 5954.94 6165.2 1662.08 8987.3 4465.98 8487.79 2619.64 4266.77 5440.77 6452.8 8061.57 7568.9 1736.58 3840.89 4182.34 4763.24 8158.61 8130.1 9289.13 5538.09 8117.42 3733.11 5731.85 3756.66 648.845 6806.25 1410.39 4770.55 7118.21 1484.08 4155.39 1918.59 7752.17 6909.07 5254.2 1671.71 4579.62 6321.79 2693.57 1879.71 7309.53 4194.4 3582.58 7932.38 8240.37 8567.72 5074.37 8616.43 6520.49 1514.63 
5496.37 1615.55 5081.28 5290.83 6062.78 1105.35 7079.56 5098.28 1404.64 9420.19 1742.44 9934.03 5129.92 9257.56 5327.55 5528.26 6185.9 6469.35 2501.7 7893.61 6368.42 6234.72 958.801 5132.49 3051.97 5452.02 8376.57 3668.05 1001.7 2509.44 5800.09 5151.98 6490.07 3694.86 5097.08 6046.35 5745.96 3557.88 6188.58 2666.55 4426.66 9290.51 3938.38 884.081 4712.03 3435.48 6541.29 950.211 7202.94 5099.67 7226.57 1511.99 1879.49 4094.97 4232.75 6860.5 8485.58 3523.93 1954.89 5543.9 4493.07 7396.41 6522.71 7734 6567.95 6648.77 1211.98 5075.4 2782.1 2690.32 7467.44 2834.36 5591.4 7054.85 1339.59 3122.71 1695.94 7966.84 6883.87 2971.23 3154.08 5410.92 5747.3 706.612 2315.02 6504.71 4291.41 4141.32 7020.84 6215.47 6600.98 2593.07 6959.75 7810.89 2639.11 
2963.8 4703.4 1504.46 2527.23 5857.93 4480.38 3366.93 1217.58 3087.56 6489.99 4867.66 6856.16 1757.87 5808.31 3181.01 4125.49 2905.05 5177.89 5426.65 4992.89 3644.28 3126.93 3829.53 6108.72 1168.12 2082.91 4626.54 4638.81 3058.66 2232.33 7076.79 1750.69 2578.57 1961.63 2341.84 5234.73 2019.43 4100.79 2576.14 2626.88 1293.56 6277.39 680.294 4457.98 2543.86 5682.65 2645.47 4076.38 5883.4 1530.56 4798.05 2402.52 3951.01 2390.98 4718.07 4348.39 4756.57 5745.96 2847.03 2782.59 757.43 4186.28 4860.83 5846.61 3100 4672.48 4517.84 1820.36 1471.77 4643.9 3641.24 5333.44 2092.3 3220.08 3121.62 1478.28 5038.67 4062.34 3029.79 4124.58 2610.79 1972.84 2338.25 3270.06 2163.63 3377.17 433.82 1025.91 4027.43 5663.4 5828.64 4743.84 5362.1 4460.72 5337.31 
6834.18 5043.86 4114.91 3394.11 2636.55 2822 7213.24 4640.37 2174.42 6804.15 5174.24 7406.93 3907.17 7200.35 6920.41 2487.09 4455.33 3210.76 5933.65 8998.29 7600.16 4305.62 4244.36 2147.09 2898.03 4080.44 8365.95 636.003 2717.74 4525.88 3084.49 5761.48 5966.11 5280.96 3292.8 2672.55 4746.41 130.384 4878.22 1467.11 5222.2 6757.88 4544.19 3048.1 2629.09 2081.54 6209.22 4332.67 3892.83 5536.76 4484.57 3058.95 1633.71 2122 862.844 4246.06 8516.04 6910.7 1775.53 6713.34 4022.36 5304.36 3425.46 4607.27 7084.67 3707.86 2747.11 3758.32 2662.93 5958.1 7317.9 6238.66 6095.33 6003.77 4112.74 2537.12 5114.62 7124.67 5923.25 580.086 5314.33 5983.48 4307.59 2957.87 4269.33 4520.4 4419.42 4904.08 4782.9 2791.13 3192.69 1561.7 3775.84 8446.09 6061.16 
8587.85 7175.27 5208.77 4043.61 565.862 4820.88 8454.26 5902.63 4332.54 6068.98 7299.34 6717.16 4895.22 6990.06 8750 2155.64 4942.63 2031.99 8056.41 10560.8 9275.78 4661.54 6397.89 1302.31 4686.51 4925.44 9450.38 1929.17 4875.83 6586.35 2069.03 7339.22 6994.32 7205.03 4053.5 1280.35 5686.9 2028.05 5590.44 3463.18 6922.15 6120.07 6262.02 5072.41 3432.68 3132.6 7312.15 6477.56 2400.77 7070.96 3920.74 5180.35 3699.86 3288.11 1326.99 3902.44 9612.08 9060.87 3912.51 8417.7 5400.09 5306.84 2558.63 3414.63 8510.49 3040.56 4729.08 4725.19 4531 8116.26 8408 8383.51 7599.17 6709.81 6264.77 4281.89 7219.56 7835.64 6698.31 2590.93 7358.21 7525.37 5049.8 5114.55 6336.59 4776.78 5982.48 6628.42 4741.02 995.389 1440.03 3267.12 2626.06 9836.49 8197.88 
