95 95 19
777 335 649 27 763 426 211 429 862 135 22 167 11 373 784 324 413 980 862 281 84 505 313 895 814 364 87 178 403 399 676 12 94 570 467 902 652 280 865 619 31 771 709 856 586 683 528 829 270 715 796 245 921 488 841 500 124 856 227 936 437 407 858 237 818 11 776 763 606 818 369 996 470 499 644 139 669 464 355 611 299 568 311 801 878 736 522 416 924 624 452 550 973 930 660 
16.3 19.9 98.1 89.9 99.6 95.9 77.3 81.3 66.8 19 9.5 92.6 46.6 8.4 34 9 68.4 37.6 54.2 
0 10 12 2 17 15 17 4 0 12 2 2 17 17 3 14 3 11 0 8 17 11 11 12 7 9 7 9 15 15 9 2 14 8 17 1 15 14 4 18 16 15 12 11 2 13 10 0 10 18 17 2 1 2 3 7 2 14 8 7 16 12 11 11 14 18 9 14 10 17 12 15 16 7 0 13 0 12 4 8 3 5 14 12 1 17 10 3 1 17 18 3 15 15 5 
52024.7 87975.5 28293.1 32478.5 69920.3 82449.1 29817.1 28810.6 68033.1 37833.8 89617.7 37917.9 28621.1 22556.8 56857 49589.2 22110.9 54852.3 95078.1 55459 51923.4 24552.2 79169.2 81580.7 48541.2 26023.3 31164.2 72108.4 69504.1 62563.3 91041.2 39313.7 18450.5 55598.9 33379.3 60426.8 21519.5 66478.3 17904.5 58200.1 43765.9 34814.4 43906.3 82902.6 40070.4 86918.6 21115.2 81612.8 58162.9 37052.7 37670.3 63983.2 73902.4 45283.6 69190.9 35007.6 32724.6 97211.8 63766.1 48781.1 34184.9 20866.5 48955.6 50596.4 37079.4 44073.2 82528.6 29700.7 51447.5 86485.3 24390.6 93748.8 36863.7 8832.33 72154.3 48671.2 91306.6 10017 10928.9 70371.7 64180.5 38248.8 23413.2 72097.8 62301 23415.6 38253.1 44422.2 25611.3 65390.3 64057 79474.5 51980.5 43666 94014.7 
51052.9 82602.7 21982.9 24839.5 62450.1 75689.7 31807.7 24067 61331.3 35543.9 84258.9 36938.1 21734.8 23343.1 55638.6 42019.5 14422.2 47680 90041.9 57807 52242.2 16919.8 73594.2 73899.9 42253.8 18868 35877.6 64482.9 63121.9 57937.9 83377 37250.8 17445.1 52127.6 25811.8 53021.2 15658.9 58874.3 10944.4 51066.2 40600.7 32693.3 39655.1 76269.6 32457.5 79394 20984.8 75990.8 51398.2 34615.2 31350 57960 66781.6 37801.7 61508.1 28260.6 37515.5 92950.8 56870.5 47862 28582.9 15116.2 41861 44494.6 37915.8 37098 75718 22638.5 45028.4 82043.7 27477.4 89086.8 35587.9 7211.1 66775.6 42010.7 85793.3 15743.3 9080.2 62890.8 60361.3 36671.5 16105 65812.6 57416.7 15962.5 33688.1 40730.3 19028.7 58008.6 56847.6 72105.5 45158.6 46548.1 89167.9 
53878.1 67159.1 14632.8 1664.33 40100.5 54868.9 45622.8 22337.6 41234 40309.1 68804.4 45072.9 10965.9 38866.6 57107.1 19525.6 9946.36 28114.9 75601.7 69171.4 58683.7 8584.29 57750.9 49819.8 26021 9706.18 54567.8 40249.2 44392.8 47112.3 59442.7 39346.8 30206 46469.1 3720.22 31420.1 17251.4 34719.6 15660.5 29316.4 38202.7 38733.2 33420.1 55963 8514.69 55459.3 33678.6 59844.5 34135.3 36267.9 21162.5 41185.1 44605.5 14632.2 37189.2 16694 56208.5 81260.4 36056.9 51315.7 20398.3 19795.2 23531.5 31945.3 47890.9 20562.3 54682.4 9533.62 27658.8 70165.5 44300.8 76078 40468.4 26945.3 52127.6 23734.6 69685.6 38280 26740.6 39200 52392.7 40393.7 10324.7 47376.5 45598.8 11060.3 27983.6 36388 15811.4 36389.7 36426.4 48798.6 28260.4 60253.6 75469 
91940.5 82473.8 55481.3 42573.8 5883.03 59434.8 87504.2 62932.1 53532.2 53912.9 83770.5 60398.8 52015.9 65504.9 94060.8 22495.6 49865.5 15624.7 91362.2 110149 98202.4 46599.7 74388.8 22897.4 54150.3 51564.4 96360.6 30576.1 58929.3 74504.3 27772.3 78586.3 72140 79510.8 43218.7 10539.4 59182.2 30769 57074.8 43603.3 75257 54909.7 68937.7 61902.2 38023.7 42643.3 75619.1 75344.1 15632 75715.4 34836.9 61235.4 47993 38433.8 24287 35963.5 98012.8 101070 48926.5 89940.9 58761.6 50647.5 21626.1 26475.6 89130.9 26705.2 58545.8 50337 53099.6 91311.9 86197.6 94394.3 80683.4 67671 72486.2 50077.6 83111.6 78550.5 67930 36870.9 81983.5 80188.8 52185.2 61483.1 72100.3 47120.8 65338.7 72542.2 45180.7 5738.47 6488.45 44102.2 20081.1 101940 92644.5 
57084.6 83691.5 23124.9 21194.6 55721.5 74287.3 39582.8 27493.5 60210.3 28843.4 85355.8 31246.3 21560.4 20246.7 61437 35730.2 10866.9 40355.5 91568.4 65522.2 59068.9 11715.4 74449 68273.9 42378.4 18197 44085.5 60163.1 62661.6 60351.1 77511.8 42728.6 24452.4 55986.6 22687.4 46141.7 18425.3 54753.7 12480.8 48974 45018.8 26205.7 42933.7 75147.5 28721.1 75585.8 28214.4 76747.7 43609.4 39864.8 23269.9 58253.3 64527.3 34697.8 56560.8 20445.3 45723.1 95479.9 55343.5 53973.5 30490.2 6937.58 34429.2 36358.5 45169.2 29516.9 74195.2 21871.7 44813.5 84424.2 35558.4 91130.3 41689 15044.3 68009.8 41348.4 86641.3 23745.3 16551.1 59403 63713.4 42532.9 15264.3 65511 59493.3 9751.41 36798.4 44607.3 11063.5 51061.6 49571.8 68999.3 37417.2 54475.9 90963.3 
61119.1 86298.6 26245.2 22348.6 54112.8 75863.1 43632.7 31144.8 61985.2 24828.4 87961.9 27518.7 24288.7 17910.9 65433.1 34665.5 12900.4 38275.3 94323.1 69593.2 63180.5 12596 76992.5 67463.3 44823.2 20883 47767.1 60251.9 64715.8 63500.7 76495.6 46699.9 28570.1 59575.6 24065.1 44456.8 22091.2 55000 16124.5 50372.4 48779.1 22256.9 46422.1 76850.3 29561 75901.6 32326.2 79245.6 40955.2 43805.6 20263.3 60644.7 65734.3 35761 56275.5 18000 49391.6 98583 56962.2 58021.1 33701 3405.88 32283.7 33121.7 49285.4 27248.5 75714.5 24365.5 47097.6 87496.6 39478.2 94073.2 45748 19039.4 70720 43482.4 89147.6 27103 20619.7 59984.4 67140.5 46561.1 18054.6 67618.9 62535.3 10080.7 40282.6 48242.1 8732.12 49283.1 47482.7 69737.6 34863.2 58482.9 93817.8 
56510.7 71946.7 17157.2 6389.05 41202.9 59571.6 46067.9 24603.3 46019.7 35569.2 73594.2 40261.6 13662.4 34258.4 60000.4 20580.1 7516.65 27679.6 80359.2 70457.7 60770.5 4743.42 62541.2 52348.3 30704.4 11311.1 54063.1 43831.6 49216.4 51510.2 61783.6 41801.9 30255.7 50255.8 8422 32033.9 17962.7 38452 14763.5 34002.6 41362.8 33941.3 37040.1 60707.6 12903.1 59319 33943.8 64646.9 32918.8 38702.1 17495.1 45979.3 49150.4 19197.1 40288.1 12987.7 55721.9 85867.3 40809.4 53804.6 23769.7 15116.9 22450.8 29290.4 49148 18660.1 59363.3 12612.7 32429.9 74760.5 44071 80761.4 42472.1 25353.9 56852.1 28527.2 74494.9 36461.1 25538.4 43284.3 56528.7 42598.8 10594.8 52201.5 50080.1 6700.75 31338.3 39801.8 10985.9 37054.8 36497.8 53018.2 26779.8 60965.6 80190.4 
52198.2 21645.3 44602.5 46322 55519.5 12218.8 66134.6 45213.4 7829.43 87603.7 23088.7 92737.3 44936.1 86059.8 51069 49023 55358.6 58644.1 30634.1 76079.6 60866.4 55788.3 13277.4 47651.8 24307.4 48117.5 79055.5 32318.7 3443.84 22858 55071.8 47223 59314.2 34178.4 44392.1 54729.2 51327.7 30458.7 55592.5 20229.9 40067.6 86302.3 34643.9 11264.1 40521.6 32736.1 60052.1 14280.4 66049.7 46398.5 65722.2 9786.21 15044.3 34365.1 37505.5 62032 80215.3 39946.1 13206.1 52317.9 38996.5 67398.6 58949.9 71040.6 61538 60068 12954.1 44335.2 21484.2 30572.2 69670.8 33275.8 51552 64527.3 13448 24754.2 23063.8 73920.1 62876.7 25144.8 30207.6 49818.2 51065.6 1081.67 20524.4 58483.9 37597.1 37040.1 63612.1 56700.4 60409.4 23409.4 63402.3 74355.1 31626.1 
52368.9 14641.4 68420.2 75247.5 90564.7 39960.6 75962.7 65244.2 42680.8 117062 13926.2 121351 70314.3 111676 48341.4 82690.4 81895.2 92843.3 8402.38 73621 59916.4 83458.9 21786.2 81635.4 50884.2 73715.3 88150 66991.4 37347.2 31342.3 87944.6 57209.8 76439.1 39237.9 73186.1 89485.9 73782 65494.1 79368 53967.6 50930.9 115253 49862.3 37271 71347.4 63593.2 75395.6 20961.4 100359 58365.8 97066.8 36851.3 49143.5 65984.9 72465.2 92921 88742.6 4903.06 47605.1 54490.5 61100.6 94756.1 92413.4 104268 68474.6 92746.5 41070.2 70428.4 49546.1 7294.52 81558.4 2555.39 61222.2 84937.7 25143.6 53567.9 16096.3 91284.9 82853.7 59940.1 30305.9 59327.1 76510.5 34697.6 32051.5 86137.2 55638.9 49606.7 92230.4 91674.3 95279.9 56002.2 97135 77517.3 5353.5 
59850.6 12845.6 58098.3 60198.5 65739.2 12776.9 77109.3 58067.5 20912.4 101365 13544.7 106561 58628.5 99912.4 57694.5 61836.1 69197.8 70934.6 20662 83734.2 68541.2 69665.6 11260.6 54930.7 37821.7 61856.1 90083.2 41268 17318.5 30181.1 60705.3 57651.4 71858 42093.3 58271.5 66319 64711.2 40964.9 69194.8 33575.3 50382.9 100111 45907 10084.1 54299.6 36186.5 72228.1 9479.45 78158.4 57346.8 79266.9 22246.3 23556.7 48080 47296.6 75682 91117.8 32105.5 26416.9 60620.9 52107.6 81277.8 71782.4 83908.8 71617.1 73261.2 13852.1 58092.3 35152.5 25723.3 81227.2 25105.6 62067.1 77741.8 17773 38567.3 11982.1 86705.8 76003.2 34678.1 35643.4 60220.4 64809.3 14402.8 28602.4 72362.6 49769.2 47676.6 77475.5 67663.4 71677.1 29090.4 76026.3 83682.6 22710.8 
77466.5 95683.1 39773 30409.5 46697.8 81103.2 61156.9 46173.6 68507.3 12093.4 97315.3 17962.2 36805.7 21213.2 81517.7 31705.2 25810.5 30016.7 104235 87093.3 80170.6 23126.2 86274.4 62900.7 54775.9 33700.1 64988.8 59883.3 72280.6 75634.5 70718.1 62780.9 45900.4 73684.8 32471.1 37420.4 37569.4 55593.2 31931.2 55947.3 63823.8 11498.3 60358.3 82595.5 35133.6 75842.6 49708.1 88287.8 29544.7 59762.9 11414 69721.3 69778.2 41283.5 54543.3 13870.8 66588.7 110009 63065.1 74471 47052.3 14800 24607.3 19363.1 66603.7 20063.9 80722 36170.7 56315.7 98907.7 56984.3 104825 62343.6 36577.9 80841.8 52338.1 98048.8 43993.3 38126.2 61694.2 80413.7 62959.2 31554.6 75313.2 74236 20779.3 54374.4 62747.9 14169.3 41413.3 38296.9 71676 24644.7 76021.4 104178 
64279.5 15161.1 62061.3 63607 66726.1 13148.4 81573.8 62268.5 23914 104432 15414.6 109745 62456.8 103509 62055.6 64141.2 72835.8 72887.1 21681.6 88138.5 72960.9 73166.5 15519.3 54889.4 41758 65640.3 94548.7 42059.5 20950.4 34656.2 60025.7 62130.3 76141.2 46561.1 61717.1 67927.2 68734.6 42359.5 73095.3 36444.6 54861.4 103267 50328.7 10737.8 57462.5 35251.2 76575.5 13507.4 79980.1 61802.6 82086.4 26404.7 24878.3 51174.4 48301.1 78624.5 95589.5 33636.4 29320.6 65081.6 56227.5 84748.2 74058.7 86172 76106.9 75786.6 14063.1 61856.7 38992.4 28504.7 85652.6 26752.6 66545.1 81842.8 22233.5 42266.4 13146.9 90942.8 80135.5 35846.9 39993 64701.2 68588 18189.3 33092.7 75847.5 54094.7 52140.3 80796.3 68965.6 73098.6 29166.1 78155.3 88166.8 24144.8 
49048.6 78429.7 17647.7 20593.4 59069.9 71184.8 31827.7 20435.5 56835.6 36908.8 80089 39008.3 17238.6 26527.9 53461.9 38489.6 10480.9 44806.8 85978.2 57653.4 50948 13418.3 69363.8 69963.8 37854.1 14350.3 37462.6 60197.3 58680.5 54088.2 79517.8 34817.4 16401.2 48821.5 21456 49774.9 11640 54558.7 6484.6 46552 37537.3 34216.1 36063.6 71779.8 28158.5 75002.5 20206.2 71743.2 49015.3 32020.6 29662.3 53611.3 62267.6 33378.1 57379.1 26137.5 39123.4 89181 52356.7 45918.4 24475.5 14705.4 39128.1 42859.1 37116.3 34562.6 71208.5 18122.1 40592.7 78216.4 28279.3 85163 33621.6 7940.4 62618.9 37529.3 81571.8 18591.4 8918.52 58470.2 56854.2 34516.2 11600 61391 53463.4 13025 30002.7 37400.1 17395.4 54787.7 53886.2 67636.8 42747.7 46832.7 85174.2 
80510.5 88108.2 41112.2 28211 29482.2 70112.8 69224.3 48680.6 59211.2 27335.9 89662.1 33821.3 37501.2 38369.3 83837.3 18322.1 30013.7 13038.4 96998.1 94249.7 84889.2 26417 78892.6 46300.1 49989.2 35418.9 75641.9 45581.7 63770.9 71969 53641.1 65859.5 53284.6 72817.9 29942.1 20562.3 41852.4 42190 37643.1 46649.5 64949.2 27945.8 60005.1 71983.1 29014.7 61187.1 57112 80587 12366.5 62762.5 8809.09 62872.7 58258 33776.5 39627.4 12107.8 77300.3 104363 53713 77861.7 47137.7 25663.2 8765.84 5200.96 72997.6 6977.11 69550.6 36208.8 50590.3 93512.8 66353.1 98505.7 66590.4 46114 74572.9 46627.5 89910.5 55777.9 47018.8 48759.9 78043.9 66710.9 34556.8 66781.1 70101.8 25573.8 54711 63078.5 21053.5 24174.8 20890.4 58464.8 7269.11 84274.8 97434 
66500.9 97034.1 36222.1 34419.3 64925 87776.3 45263.7 39532.4 73746.1 22835.5 98697.8 22451.1 34982.4 7571.66 71182.7 46265 24381.3 48555.6 104783 70923.3 67047 24695.1 87841.5 79104.6 55858.1 31662.8 45983.1 72417.7 76215.5 73139.1 87916.3 52958.9 32649.7 67825.8 36041.1 55255.2 30706.5 67206 25100.8 62380.2 56365.3 19777.3 55163.2 88672.1 41748.1 88111.1 35839.8 90164.8 50009 50369.8 29323.2 71735.4 77841.2 47896.8 68300.5 28382.6 47464.1 108255 68839.1 63281.1 43380.3 14500 42584.2 40729.6 52326.1 37488.3 87664.4 35383.8 58340.1 97266.6 39843.7 104140 51088.3 22137.1 81291.6 54900.4 100047 25000.8 24288.7 72217.4 75943.4 52268.3 28711.7 79059.8 72441.2 22276.7 49107.6 56410.7 20089.8 59892.3 57601.4 81963 44305.4 59087.2 104077 
29123.4 24959.6 45821.4 54876.7 79120.5 40076.9 51283.1 41533.7 33837.8 95629 26144.4 99345.7 48278 88461.3 26031.1 66583 59820.5 77291.5 28493 52280 37458.5 61904.8 21193.6 74920 31800.2 51583 63690 58989.2 29019.3 9827 83168.5 32363.1 51827.8 14392.4 52860.9 75634 50417.2 55538.9 56238.5 40635.6 26165.8 93543.3 25904.8 38093.8 52691 61788.8 50624.6 23135.5 84801.1 33552.9 77564.5 23753.9 43529 48531.4 62876.7 73166.5 64377 27808.8 36595.4 30713.2 38340.7 72647.2 75541 86647 44070.2 74792 41058.1 48731.2 31753 17646.5 56760.9 25399.6 36407.8 60722.4 16007.8 35461.1 28917.1 66555.5 58589.6 51906.5 5462.6 34504.6 54167.1 28119.2 12050.3 64466.2 31962.5 25102.4 70891.7 78877.7 81717.8 52284.8 80526.8 54188.7 26468.3 
66400.3 77906.4 27000.2 14455.4 34582.4 62753.9 55638.6 34541.9 50246.7 30441.6 79519.6 36102.4 23413.7 34307.1 69792.9 15388.3 16371.9 19246.3 86593.4 80330.6 70753.7 12790.6 68525.2 48206.6 37833.6 21276.3 62908.5 42643.3 54171.3 59479.4 57048.5 51727.9 39721.2 59333.4 16351.5 24956.2 27843.1 37931.8 24033.7 37643.1 50997.5 29571.8 46306 64248.7 17235.1 58605.1 43492.5 70448.3 23480.4 48629.7 8575.55 52063.4 51474.5 23140.7 37904.7 4545.33 64572.8 93008.9 44780 63731.4 33234 16570.5 13461.8 19325.9 59037.4 8994.44 62377.7 22181.5 38966.7 81984.7 53217 87524.2 52455.9 33560.1 63464.8 34944.8 80116 44069.2 34142.2 43753.5 65069.6 52568.1 20500 57211.4 57813.5 12650.7 40828.5 49254 10911 29850.3 28429 53744.3 17230.8 70625.6 86711.5 
88226.1 79976.6 51673.6 38776.4 5281.1 57428.2 83705.4 59127.7 50824 51760.4 81309.3 58262.6 48208.4 62655.6 90393 18693.6 46174.6 12408.5 88905.4 106349 94441.2 42942.4 71722 23197.6 50633.3 47769.6 92610.6 28806.2 56184.3 71208.5 29255.4 74819.3 68361.7 75974.3 39412.2 6742.4 55392.1 28379 53340.1 40497.5 71552 52588.4 65266.4 59832.6 34230.1 41871.4 71830.7 72764.1 13891.7 71940.3 31851.1 58194.9 45794.9 34755.4 22354.4 32695.7 94261.3 98392.1 46066.3 86204.1 54985.9 47332.1 18384 24534.5 85324.4 23483 56578.5 46529.2 49673.4 88489.8 82429.4 91779.8 76893.2 63996.3 69563.9 46569.2 80754.7 74924.2 64224.1 34717.7 78620.6 76408.4 48414.9 58810.6 68832 43532.6 61601.3 68860.8 41811.5 2022.37 4044.75 42502.9 17442.8 98132.7 90097.3 
67427.3 53463 38021.7 29893.1 24010.4 32238.6 69607.8 43747.7 24204.3 63361 54833.6 69387.8 35688.1 67453.8 68622.5 20242.5 40446 27895.9 62423.9 88433.8 74805.9 38786.6 45105.4 22585.8 27958.9 37176.9 80821 9751.41 29567 46019.6 32342.7 55991.6 56578.5 52657.9 29024.3 23009.8 44096.7 4310.45 45030.9 14795.9 51018.6 62898.1 44266.6 34374 22289.2 25212.7 59187.2 46186.6 34920.1 53584 40165.9 32015.6 20272.6 17755.3 8660.83 37788.1 82352.7 71772 19531.8 66017 37811.4 48554.5 29740.5 41651.5 68812 32442.3 31557.2 34133 26000 61916.5 70308.2 65174.9 59105.5 56370.6 43105.7 24078.6 54426.6 67653.3 55672 10383.2 53775.6 58103.7 39307.1 32196 43511.8 40859.3 42419.9 47917 43285.2 24793.5 28533 20287.2 33399.7 82378 63530.8 
32786.7 44055.6 16925.7 25018.6 55634.3 40509.8 38107.7 15768.6 26488.5 65903.7 45713.1 69899.7 18739.5 60220 34474.6 39221.6 30344.9 49900.4 51644.3 53865.8 40023.2 32144.2 35072.1 57275.2 7340.98 22132.6 50691.3 42338.2 26406.8 20742.5 66885.3 21572.4 29802.7 20554.8 23031.3 49897.7 22902.6 37060.1 28079.4 22032 16241 63929.5 9525.75 40365.6 23853.3 52453.5 30688.9 37493.1 57138.6 19560.2 47784.6 20096 35072.1 21326.5 43433.2 43345.7 51997.7 55651.5 24033.7 31247.7 9992.5 43225.1 47165.8 57564.1 35317.1 45719.3 40857.9 18976 10307.8 44548 40794.6 51125.1 25181.1 35536 28236.3 10761.5 47256.3 44459.9 33736.9 37008.6 25738.7 23895 24915.9 28639.3 19588 34765.1 8772.68 13192.8 41083.8 53995.6 55918.9 43028.6 52201.2 48900.9 50960.5 
20902.9 33501 38072.8 48419.9 76777.7 44369.6 41733.7 32995.9 35202.6 88049.3 34841.5 91434.6 40879.5 79913.8 18868 62255.7 52187.8 73007.5 37886.8 44749.3 29565.5 54571.5 27986.6 74779.7 27400.2 44047.8 54240.7 58853.9 31316.8 9552.49 83623.1 22752.8 42463.4 4837.35 46485.5 72227.7 42026.8 54676.2 47948.8 39024.2 16727.5 85824.2 17531.7 42804.2 47351 64080 41118 30276.9 80379.4 24018.7 71202.6 24610 45348.5 44076.8 61868.4 66726.1 54975.8 37297.9 36582.5 21967.2 30663.5 64849.4 70615.4 81160.1 34697.6 69309.8 45222.7 41557.8 28281.6 27259.1 47156.1 35000 26800.2 51637.7 21287.8 31412.9 37445.7 57072.8 49477.3 52112.4 4197.62 24894.4 46442.4 31342.8 11967 57024.3 23668.1 16055.2 63570.6 75906.9 78323 54288.5 75648.7 45425.1 35990.1 
81003.8 66372.7 48299.6 37359.1 10478.5 43111.6 80694.5 54976.4 37831.9 61532.5 67632.7 67946.4 45334.5 69395.7 82487.4 19968.5 46916.3 21571.3 75213 101150 88047.1 44360.6 58521.1 12878.7 41785.2 45941.9 91035.5 14288.8 43264 60445.2 22141.6 68815.1 66467.8 66846.8 37220 14326.5 53459.7 14795.9 52982.3 29218.1 64400.3 61772.9 57740.9 45581.7 30729.3 27765.1 69507.6 59350.7 26634 66204.6 39204.6 46308.7 31719.4 28549.1 7970.57 38388.5 92632.9 85167.4 33618 79391.8 49680.6 51808.9 26023.1 35978.5 80873.5 30423.7 42224.6 43649.5 40106.1 75674.6 80554.6 78413.6 71568.7 64313.8 57140.2 37770.9 66891.3 75648.5 64041.3 20599.3 68193 70753.2 47429.2 45671 57936.7 45777.1 55207.3 61408.3 46163.7 13294.4 17772.2 27940.1 27704.2 94248.4 76584.7 
63300.1 100066 39836.3 41734.6 75696.5 93595.1 39455.4 40968.3 79251.8 33392.4 101713 31466.8 39654.8 15473.8 68226.8 56289.4 31113 59617.8 107254 63894.1 62347.2 32585 91184.6 89030 60136.5 36714.3 37304.4 81057.1 81035.9 74781.9 98129.8 51195.3 30353.4 67770.3 43000.1 66025.2 33277.3 75603.4 28873.5 68807.7 55910.3 30379.8 56137.8 94195.2 49368.5 96376.9 32596 93610.8 61530.6 49065 40718.1 75768.2 84507.3 55100 77485.5 39282.6 38616.7 109442 74743.9 60060.1 46126.8 24696.6 53615.7 52476.8 47408.5 48525.5 93609.6 40508.8 62941.4 98717.8 33295.2 105972 48466.1 21062.3 84234.2 59939.3 103351 18070.1 23158.8 80060 76388.8 49961 33874 83708.5 74488.3 30672.8 50458.8 56635.9 30319.1 70793.9 68765.2 89500 55692 51781.6 106220 
15556.3 64222.5 30565.5 43965.9 82944.4 69433.8 10863.2 22957.8 56532.9 72469.4 65651.5 73896.8 34176 59377.6 20579.8 63543.7 40816.7 73022.9 68985.4 24291.8 15239.8 44330.1 57492.4 87530.6 38580 35468.3 23146.5 73227.4 54962.6 37864 97310.7 10195.1 19572.7 26667.8 42933.1 75407.2 28738.8 67743.2 33525.2 53224.1 17348.8 69669 23122.5 68658.4 47864.9 83651.9 16130.7 59961.7 79116.9 11682.9 63057 47693.2 65875.2 48696.3 73578.9 58806.3 23930.1 67483.5 54965.9 12390.7 27551 50301.7 68514.7 75689.7 4162.93 65170.1 70002.4 35784.1 41502.3 58126.8 16961.4 65925.5 6074.54 29982.7 50159.9 41704.9 68107.3 30205.5 27953 68201.5 35285.3 7615.77 36028.5 56356.9 39071.7 45712.1 22746.6 20368.6 51807.8 80143.1 80903 74127.3 73147.1 17660.4 67046.6 
13061.4 66339.2 39062.1 52493.8 91149.7 74339.8 14921.5 31403.5 62179.5 80391.1 67649.1 81516.3 42691.9 66598 17617.3 71956.1 49366 81535.4 70112.1 16037.8 8200.61 52892.3 60534.5 95084.2 45404.2 44047.7 23883.9 80427.9 60022.1 40994.1 104801 16556 27553 29134.3 51416.4 83778.6 37318.6 75065.4 42014.5 60117.6 22668.5 77537.9 29206.3 73309.8 56179.4 90056.4 23873 62915.8 87680.4 18940.2 71606.3 52686.6 71872.2 56688.7 81148.3 67373.1 24095 67112.6 61180.5 11000.5 35610.4 58562.3 77076.7 84271.1 6992.14 73757.6 74999.3 44282.1 48150.6 58665.2 21380.6 66444.9 13583.1 37694 53433.5 48810.9 70290.6 36201.2 35773.3 75069.6 36839.2 14401.4 44617.1 61077.8 42630.5 54231 30079.4 25923.7 60260.5 88471.9 89330.9 80380.2 81724.5 12576.6 67885.2 
19601 34810.5 43693.6 54538.8 83243.4 48861.5 43307.4 38080.2 40807.5 93564.1 35947.7 96729.8 46666.9 84699.1 16183 68728.5 57783.4 79476.9 37716 42405.8 27705.1 60316.5 30873 80924.9 33901.3 49743.7 55249.6 64969.6 36562.4 14860.7 89642.9 25602 46196.6 9757.56 52636.6 78730.7 47149.5 60927.7 53112.9 45354.2 20819.7 91258.6 23083.5 47073.7 53729.4 69504 44407.2 32919.3 86833.2 27476.7 77288.2 30247.6 50870.2 50557 68158.7 72795.7 55805.5 35047.7 42584.6 21545.5 36400.3 70291 77019.1 87457.5 35583.3 75622.9 49782.1 47445.3 34766.7 26176.5 49174.9 33960.7 29138.6 55861.6 25006 37916 38759.4 60330.2 53670.6 58131 7060.45 27338.6 52015.9 36221.8 17447.1 62703.4 29118.6 20969.5 69288.2 82404.4 84826 59785 82054.3 44801 35414.1 
31923.2 73053.7 22226.6 33724.9 74234 72553.6 11964.1 17171.2 58413.2 56003.6 74628.2 57123.8 25013.8 42453.9 36804.9 53772.9 27404.6 61963 79215.2 37663 32002.5 31001.5 65003.5 81982.5 38458.4 24741.3 20708.7 69471.9 58417.3 46540.8 91828.6 20122.9 4081.67 37660.6 33390.1 65680.4 17083.6 63718.2 19738.5 51534.9 25862.9 53133.8 28123.3 72401.7 39634.3 82269.4 1431.78 67518.7 67172 18476.5 49092.7 51800.9 66316 42551.6 68332.3 45189.5 22291.3 79789.5 55348.4 28678.2 23754.8 34676.4 56776.8 62174.3 17459.7 52745.9 72883 26699.3 41635.7 69520.8 10206.9 77107.7 17042.6 13283.4 57645.9 40209.6 76695.9 14618.5 11428 65827.8 46555.1 18619.6 24047 60521.2 46884.6 31717.7 23905.2 27417 37107.7 70647.4 70586.8 73498.3 60964.7 27032.6 77750.4 
29861.3 44868.8 16901.2 26436.7 58439 42826.7 35405.2 14356.9 29012.6 66579.1 46513 70345.7 19227.6 60075 31705.7 41631 30784.7 52246.3 52144.4 50817.8 37006.1 32872.2 36113.7 60310 10347.9 22541.1 48092.6 45385.6 28547.7 20369.1 69928 18539.7 27930.8 18533.5 24520.4 52503.8 22273.3 40105.9 27768.3 25057.1 13248.4 64500 6612.87 42549.4 26009.4 55386.8 28521.2 38581.1 59400.1 16589.5 49213 21905.7 37842.8 23949.3 46457 44734.3 49366.1 55495.6 26833.7 28255.4 9501.58 43637.1 49291.4 59408.5 32366.8 47610.5 43224.1 19723.1 13231 44449.6 38340.7 51282.1 22203.6 34375.9 29046.2 13805.8 48210.9 42793.1 32478.5 40028.1 24525.3 20883 25174.8 30610.5 19580.1 35418.9 6139.22 10269.4 41869.9 56682.4 58493.2 45910.9 54319.4 45929.6 51283.7 
67174.5 49397.4 40370.8 33494 27456.3 27455.4 71191.6 45505.7 20591.3 68208.7 50715 74193.3 38369.4 71857.7 68010.1 25193.8 44120 32742.8 58310.6 88879.5 74860 42711.7 41336.8 22674.4 27846.9 40178.7 82782.7 7359.35 26023.1 44021.9 32006.2 56530.1 58854.4 51593.2 32419.7 27540.9 46746.7 2507.99 48192.2 13471.8 51088.6 67691.2 44309.1 29666.5 25841.4 21194.6 61239.6 42252.2 39654.8 54306.5 45025 29364.1 15520.6 20593.7 9850.89 42532.9 84276 68008.9 16536.6 65985.6 39282.2 52846.7 34702.3 46592.9 69817.6 37385.2 26736.7 36903.8 25460.8 58436.3 72313.2 61306.6 59899 59408.5 39940.6 24276.9 50159.7 70586.1 58567.1 5462.6 51906.5 58764 42498.5 28456.5 41456.6 44904 43139.3 47900.4 47687.3 28876.5 32835.3 15438.3 38317.2 83435.8 59553.8 
88463.4 59171.1 62885.9 54692.7 29148.8 33847.9 93869.1 68191 36582.5 83202.5 60018.7 89592.7 60672.6 90240.4 88747.8 40702 65104.9 43248.7 67110.7 110883 96490.9 63138.3 53603.5 11684.6 49869.1 62189.5 105456 15482.9 41262.6 62494.2 14250.6 78749.3 81423.6 71810.4 53951.5 35871.2 69081.8 21247.4 70006.1 35155.2 72920.8 83363.9 66189 36539.6 47181.6 10609.9 83887.4 53500.4 47746.2 76668.9 60632.1 47105.9 26759.1 42737.6 18186.8 59406.8 106955 78557.3 35202.6 87572.3 61963.3 71971.2 47692.9 57561.3 92301.8 51936.2 32739.1 59133.8 47165.3 70966.2 94976.4 71551 82284.9 81367.4 55055.7 46596.7 58408.6 92663 80686.7 20227.7 70396 81064 64281.9 42469.4 59906 64980.4 65557.3 69676.2 66436.4 33741.5 38195.8 18263.1 49369.7 105925 69208.7 
15979 40909.9 31569.6 43047.5 74798.5 48573.2 33743.1 25716.3 37508.9 81288.3 42338.3 84375.9 34691.9 72340.9 15953.1 58681.9 45593.5 69328.9 45871.7 39729.1 24552.4 48243.7 34442 74753 25079.3 37659.1 46424.7 59098.9 34572.2 14807.1 84003.1 14515.2 34293.4 3478.51 41233.5 69353.7 34782.9 54386.5 40749.1 38612 8591.27 78948.7 11183 47363.5 43109.4 66269.5 32858.6 36868.6 76500.6 15754.4 65633.9 27321.2 47590.9 40795.3 61294.4 61124.2 47242.4 45571.2 37685.3 15970.6 24446.9 57997 66377.2 76311.6 27114.9 64572.8 49306.1 35592.8 26826.3 35490.3 39000 43198.4 18656.1 43676.7 27246.5 29137.1 44800.4 48820.1 41498.2 52811 12406.4 16737.1 39824.6 35278.5 16413.7 50566.5 16972.9 8635.39 57171 73378.8 75388.3 56433.5 71401.2 38734.2 44094.1 
45935.3 10466.1 59102.6 65823.8 82315.6 33858.5 68287.9 56149.5 34328.4 107637 10920.2 111940 60938.1 102388 42407.8 73615.6 72507.4 83880 11411 68408.2 54001.7 74043.8 13905.8 74415.1 41464.3 64341.4 80766.6 59297.6 28908.8 22243.4 81299.7 49124 67748.1 31167 63762.4 80778.8 64575.6 57348.5 70104.6 45076 42535.3 105833 40935.3 31277.1 61987.9 57530.3 66907.8 13905.8 91417.8 50027.6 87690.6 27687.7 41701.9 56700.1 64473.6 83527.8 81466.6 13908.6 38978.2 47708.5 51825.6 85360.7 83272.6 95064.7 61161.6 83487.8 34973.8 61030.2 40167.3 3605.55 73634 8958.79 53286.9 75971.4 15921.4 44189.7 13880.9 82696.8 73915.2 52138.7 22360.7 51369.7 67150.6 26494 22760.7 76725 46579.8 40954.7 82807 83166.2 86648 49231.1 88038.9 71111.9 9464.14 
19450.4 73028.6 42802.9 56028.9 95497.1 80832.7 13705.8 35364.7 68455.3 80770.1 74330.3 81361.5 46332.7 65958.9 23671.3 75853.8 51757.1 85060.6 76700.1 12544.7 12753.4 55348 67238.2 100286 51125.1 47278.7 19026.3 85928.9 66463.9 47683.1 110063 22300.2 28838.3 35837 55141.7 87770.7 40097.9 80469.2 44178 65816.7 28887.7 77833.7 35224 79854.2 60351.1 96048.5 24980.8 69622.1 90895.8 24276.9 73860 59133.1 78031.4 61400.7 86334.3 69782.7 18891.5 73406.4 67236.7 17647.9 40260.4 59827.3 80326 86780.5 9141.66 76717.8 81472.1 47986 53975.2 65178.6 19384.8 72938.9 18672.4 38204.7 60124.7 54359 76981.9 34691.4 36508.8 80796.1 43523 19897.7 47465.9 67596.6 49289.8 56405.7 35431.8 32104.8 62100.3 92563.7 93156.7 86437.8 84819.9 5869.41 74432.5 
69366.3 29811.7 57203.1 55395.4 51433.9 5280.15 82124.3 59402.1 17888.5 93967.3 30538 99701.6 56655.9 95468.2 68235.6 51695.4 65561.7 59352.6 37500.5 93217.4 78021.7 65146.4 25672 38739.8 37892.6 59445.5 94906.7 26792.5 19051.5 39973.1 43877.1 63732.3 73727.1 51358.5 53756.5 53688.9 64102.8 28215.8 67441.3 27436.7 56717.3 93170.9 50878.1 7564.39 48326.6 19212.8 74966.5 24965 66065.6 62625.9 70973.6 26386.5 12146.2 42020.2 33247 68021.2 96152.6 49097.6 21511.4 69424.1 52866.3 76330.1 61350.2 73275.5 78086.7 63790.7 4313.93 55672.3 34731.1 42280 85146.9 42100.1 67969.2 77504.1 29347.1 36806.7 28802.8 87710.4 76105.3 21497.9 47095.2 66312.1 62265.6 18262.8 37687.3 67682.6 52969.8 53586.3 71734 54142.1 58447.2 13282.3 64994.5 91138.2 39678.8 
44532.5 11423.2 49619 55013.6 70396 24350.2 63622.7 47769.9 22451.1 96944.4 13054.5 101506 51032.7 92808 42110 61762.9 62429 71956.1 19053.6 68271 53159.5 63659.2 4494.44 63090.6 30714.8 54428.1 76500.6 47700 17017.9 15700.3 70400.6 44022.3 60548.6 27225.9 52962.3 68788.4 55605.9 45498.1 60813.5 33112.2 36878.2 95279.4 33617.4 22081 50667.6 47377 60296.1 6640.78 79484.7 44229.5 76409.4 15953.1 30438.1 45153.6 52684.1 72343.9 77407.8 25688.9 26994.3 45550.5 42682.5 75158.8 71482.9 83351.4 57439.4 71867.9 25411.8 50923.1 29025.9 15435.3 68310 19691.9 48410.3 67808.1 4560.7 33019.4 14968.3 75604 65866.3 40502 20055.2 46505.3 57322.3 14801.4 14878.8 66370 38551.9 34593.9 72228.9 71184.4 74656.1 38491.2 76205.2 68899.4 18843 
55875.7 76560 17936 12151.1 47417.8 65648.9 42375.7 24286 51792.9 32117.9 78220 36016.8 15241.1 28095.7 59776.2 27015 3889.73 32907.9 84735.4 67620.9 59200.3 2418.68 67206 59211.2 35040.7 11957 49141.5 50820.7 54610.1 54621 68568.9 41117 26445.8 51878.7 13851.4 38013.2 15961.5 45412.9 10933 40164.3 41902.9 30048.6 38554.9 66643.2 19502.8 66255 30288.1 69413.6 37228.5 38059.2 18768.3 50756.8 55567.3 25616.4 47280.7 14767.9 50805.7 89500.7 46750.8 52964.1 25330.8 9481.03 27236.9 31761.6 46499.9 22743.1 65501.2 14933.5 37165.2 78384.3 39579 84737.9 41053.7 19760.8 61124.9 33459.4 79310.2 30417.4 20374.5 50122.5 58888.5 41493.3 9638.46 57535.5 53457.7 1315.29 32516.1 40849.6 7788.45 43011.3 42002.1 59777.3 30962.7 57435.9 84357.6 
26503 28407.4 47649.6 57472.9 83206.1 44697.2 50029.2 42746.8 38413 97619.4 29445.7 101101 50337 89674.8 22884.5 70084.6 61748.6 80826 30846.9 48961.2 34478.1 64027.9 25519.6 79400.1 35125.6 53562.8 62098.7 63450.5 33650.6 13603.3 87724.3 31812.1 52009.6 14458.9 55492.3 79439.2 51765.3 59882 57675.4 44788.1 26303 95436.4 27223.9 42681.4 55782.6 66448.9 50477.4 27330 88298.7 33395.2 80246.2 28215.1 48158.6 51939.4 67208.6 75803.2 62679.5 28313.4 41015.4 28469.3 40196.6 74473.1 78844 89740.2 42423.8 77872.3 45686 50925.9 35373.6 19251 55785.7 27035.2 35578.8 61337.2 20640 38934.4 32319 66442.5 59168.4 56400.4 6723.09 33728.5 56025.7 32782.5 16052.7 66524.4 33363.5 25809.5 73032.9 82807.3 85534.8 56931.7 83854.7 51707.8 28502.8 
23120.6 35116 31189.3 41081.9 69792.4 41390.5 39512.7 26766 30476.4 81128.1 36630.6 84700.1 33819.5 73682.7 22637.4 54882.1 45263.7 65628.2 40920.7 46915.8 31730.9 47507.9 27951.7 68628.3 20155.9 37060 52401.5 52818.7 27401.6 8438.01 77705.9 19912.3 37667.1 5643.58 39129.7 64989 35639.3 48347.3 41471.2 32571.2 12813.3 78974.7 11152.1 40204.6 39918.5 59329.9 36876.6 30432.2 72981.2 20259.6 63870 20179.2 40603.7 36719.6 55419.6 59405.2 53330.4 42248.1 30984 23145.8 23717.1 58031.2 63188.1 73734.2 33531 61881.3 42120.1 34406.1 21302.6 31542.5 44281.5 38953.9 24301.9 46151.1 20607.3 24209.5 38906.2 52615.7 44047.8 46322 9873.7 22400 39560.7 28094.5 9535.2 50012 17184 10884.9 56512.7 68757.3 71076.6 49488.7 68222.1 45642.2 39479.1 
41268.9 48460.8 14322.4 17523.7 46947 39901 42795.4 17438.5 25477.2 59357 50120.3 63843.7 14294.1 55732.4 43269.5 30210.6 25039.2 40901.1 56697.3 61228.8 48041.8 26019.2 39106.3 49895.9 6952.7 17492.9 54653.1 35779.5 27228.1 28178 59666.5 28817 31496.8 29516.9 15462.5 40938.1 21215.1 30187.7 25006 16951.7 24568.7 57632.7 18146.3 40360 15044.3 47721.3 33388 41326.5 48170.2 26303 39865 22706.8 32076.5 12376.2 35945.7 35537.3 56100 62080.1 21418.9 39468.6 10959 37580 38297 48969.1 41507.2 37101.2 40005.2 13738.3 9219.54 50984 44288.3 56959 31792.1 34614.4 33117.1 6120.46 51227 44896.9 33207.4 31421.2 34093 30840.2 20446.3 29997.7 26518.7 28736 15199 21762.4 34579.3 45111.9 46940.1 38928.3 43331.5 55096.7 56431.6 
41466.4 12706.3 50460.8 56913.4 74447.8 29170.7 61901.3 47885.3 26706.7 98748.4 14108.9 103096 52182.9 93762.5 38674.7 64946.3 63722.7 75304.7 18439.1 64925 49967.3 65195.2 8937.56 67652.8 32548.4 55588.7 74648.1 52138.4 21300 14359 75093.6 42398.6 60030.4 24900.8 54852.3 72454.7 56112.9 49703.1 61541.9 36662 35458.1 96966 33035.3 26874 53086.4 52192.9 59471.8 10542.3 82855.8 42932.6 78778.7 19043.6 35082.8 47855.3 56950.6 74609.7 75472.2 22798.2 30929.1 42752 43272.6 76556.1 74536.7 86271.3 55301.4 74653.6 30236.4 52227.6 31258 11896.6 66894 17618.5 46713.2 67843.5 7375.64 35280 16636.4 75064 65831.7 44928.5 16887 44791.3 58423.4 19325.6 14359 67883.6 38415.8 33503.7 73929.5 75035.1 78387.8 43248.7 79339.5 66234.8 17445.3 
84162.8 49570.7 63288 57205.1 38669.9 24548.9 92553.4 67570.7 30788.5 89854.6 50271.5 96092.7 61629.4 95088.4 83858 46501 67831.7 51013.7 57101.3 107361 92526.2 66382.1 44968 22300.2 47437.1 63662.4 104720 18399.2 34607.1 56420 24982.6 75959.2 81473 66743.2 56103.6 44017.8 69903.5 23400.9 71739.8 33238.8 69568.4 89697.5 63044.8 27141.3 49552.9 2517.94 83515.4 44519.9 56376 74223.2 66799.4 41293.3 20649.5 44158.9 23812 64938.4 106135 68820.9 31040.8 83651.7 61062.9 76251.4 54715.6 65505.8 90006.9 58433.2 23435 60249.1 44424.5 61943.6 94407 61832.4 79822.1 82838.3 47498.2 44811.2 48434 93892.8 81881.9 19136.6 64113.1 78412.9 66080.3 35157.4 53904.5 68521.1 63438.6 66306.1 70942.9 42742.3 47264 11856.2 57123.4 103536 59374.2 
38951.4 62635.5 2353.72 14693.2 54660.1 56464 30594.4 7017.83 42029.8 49244.3 64294.7 52555.6 5080.35 41816.9 42596.7 34594.4 13576.8 43749.9 70215.7 53502.3 43191.2 16497.6 53582.9 61900.3 22419.9 6312.69 40793.3 49685.6 43381.3 38599.6 71744.7 24205.2 16337.1 34609.2 13857.1 46545 4627.09 43916.4 9521.03 33028 24444.4 46959.1 21356 56832.7 19670.3 63157.3 19200.3 55972.2 49808 21105.9 34875.9 37979.1 48518.6 22536.2 48286.9 30427.8 42371 73736.1 38004.7 36200.6 8761.85 25982.5 39204.2 46909.3 32249 35991.8 56590.5 6780.12 25334 62703.9 30283 69520.9 24907.2 18013.6 46825.7 22714.1 65787.7 28458 16630.1 46549.1 42028.8 24980.2 7844.74 45986.2 37827.6 18626.1 15232.2 23436.1 25235.3 51410.2 51835.3 54883.5 43874.9 44864.2 69462.9 
54688.3 10944.4 54191.5 57167.9 65873.6 14990.7 72173.4 53734.3 19088.2 98717.9 12175.8 103742 54945.5 96506.4 52548.1 60346.4 65786.4 69855.6 19764.9 78573.8 63379 66462.4 6296.82 56308.9 34056 58234.8 85140.9 41851.6 14567.1 25041 62727.7 52667.4 67346.6 36944.6 55193.1 65696.4 60684.5 40831.5 65365.2 31586.9 45404.1 97342 41114.7 12404 51663.7 38694.8 67585 5056.68 77214.6 52446.2 77011.2 18216.8 23946 45587.1 47555 73267.5 86153.8 30180.3 24541 55466.9 47940.1 78090.8 70281.5 82380.7 66565.6 71424.4 16107.5 54515.4 31582.4 22411.6 76400.3 23234.9 57085.3 73559.3 12617.8 35208.7 11766.1 82270 71768.1 34926.8 30506.4 55226.9 61188.2 11526.1 23515.3 69175.5 45200 42756.6 74517.4 67409.3 71257.6 30708 74699.5 78558.6 21200.2 
25585.3 78954.3 55567.3 68870.7 108047 89833.8 26076.8 48030.9 78361.7 92945.3 80085.3 93175.4 59133.8 77484.8 27980.4 88601.9 64687.3 97923.5 81335.4 1800 16867.1 68280.7 74358.9 112134 62313.8 60172.2 26906.7 97403.1 75778.6 55458.5 121840 33571.6 41662.5 43608.5 67930 100489 53032.2 92078.3 57094.7 77011.2 39272.5 89968.1 45965.4 88581.4 72970.8 106633 37798.5 76593.5 103814 36000 86761.3 68478.1 88241.8 73695.2 98202.2 82705.1 26028.4 76205.3 77737.1 25325.5 52576.1 72499.4 93236.7 99706.5 21931.3 89654.1 90568.5 60771.1 64983.5 69412.4 30893.4 76906.8 30593 50694.9 67663.9 65797 82903.8 45936.5 49106.6 91924.3 49912.3 31461.2 60400.3 76540.5 57431.4 69309.8 47134.3 42533.9 74936.2 105242 105939 96886.4 97748.7 11690.2 78763.3 
75463 96593.2 38913.9 31034.5 51147.6 83146.4 57922.1 44777.2 70140.2 11101.8 98239.8 15698.4 36252.7 16278.8 79682.7 35140 24798.8 34438.4 104999 83919.3 77686.1 22663.2 87186.5 66981.3 55297.4 32980.3 61047 63131.7 73643 75549.9 75029.7 60919.9 43068 72817.9 33069.2 41733.6 35897.9 58596.9 30043.3 57738.2 62505 9295.7 59512.4 84511.6 36591.9 79115.7 46802.8 89281.2 34390.3 57965.6 15221 70622 72069.4 42892.1 58035.9 16595.2 62623.1 110271 64775.1 72397 46343.5 12459.5 28825.7 24337.8 63773.4 24040.8 82824.2 35840.2 57077.7 99152.1 53437.9 105311 60157.5 33303.8 81466.6 53170.3 99115.9 39932.6 35011.6 64493.2 79912.3 60905.3 30549.8 76654.3 74300.6 20064.4 53431.9 61670.9 13797.5 45894 42940.1 74485.2 29291 72624 104795 
42928.4 58337.8 5936.33 9914.13 47467.6 49648.8 38193.2 12677.9 35301 50241.2 60001.1 54384.3 4318.56 45672.4 45924.5 28079.4 15080.1 37981.7 66405.5 59837.4 48310 16509.7 49036.8 53864.4 16894.1 7373.6 48841.5 41501.8 37320.2 36422.7 63719.4 28716.7 24490 35047.7 8202.44 39874.1 12322.7 35732.5 15119.9 25350.5 26903 48324.9 21965.9 50252.4 12316.7 55096 27200.2 51303.9 44606.1 25715.4 32548 32761.7 41009.9 14395.1 40175.6 28050.8 50400.4 71148.6 30856.1 40526.8 9108.79 27836.8 34112.3 43294.6 38896 31710.1 49681.5 3623.53 19342.4 60029.3 38320.8 66348.3 30435.7 25477.2 42792.6 16044 61204.6 36337.3 24357.8 38466.6 41233.5 30074.1 10324.7 40112.5 35146.1 19173.2 16619.3 24969 25400.8 44587.6 45461.2 47003.2 39031.4 51987.1 65982.2 
68623.6 33305.4 53595.6 50951.3 46277.6 8015.61 79823.4 56325.7 15563.1 88952.4 34209.4 94744.4 52801.5 90884.7 67873.5 46486.6 61264.7 54054.2 41448 92265.8 77180.4 60680.5 27926 34204.1 34949.4 55461 92465.3 21592.8 18183.8 39916.9 40015.1 61939.5 70632.9 50808.4 49385.5 48391 60484.7 22914.2 63528.4 23255.1 55111 88214.8 48971.9 10716.8 43729.3 16016.2 72090.2 27655.7 60762.2 60606.4 65900.1 25331.4 7553.81 37485.6 28013 63034.1 93764.9 52704.6 18067.9 68435.2 49739.5 71726.8 56100.8 68002.7 76255.2 58612.1 6935.42 51727.9 31772.3 45132.8 82512.6 45701.8 66068 73861 30401.6 33404.5 32766.6 84299.8 72552.4 16196.6 47415.7 64488.8 58224.1 18260.9 37483.3 63170.9 50505.9 51907.6 67016.8 48893.8 53180.5 8393.45 59710.1 89517.7 43416.6 
92946.5 117197 58684.7 51640.5 66277.3 103420 72347.6 63812.2 90638 10307.8 118846 5161.4 56326.4 20248.5 97473.7 53695.6 44723.4 50209.6 125575 97934.9 93975.2 42997.9 107793 83465.6 75844.6 52968.9 72315.6 81878 94225.7 95742.3 90460.2 78901.5 59303 92246.7 53669.1 57726 54749.1 77785.6 48781.1 78154.3 81397.1 11323 79064.1 104871 57117.2 97765.5 62680.9 109894 47506.7 76115.8 33500.4 91230.8 92135.8 63374.5 76295.3 36227.1 73702.4 130637 85236.2 89766 66165.9 31859.7 45579.8 36700.5 79347.7 41648 103054 56074.2 77675.4 119519 66852.2 125794 77477.2 48825.6 102017 73778.6 119731 51782.3 50888.2 83977.2 99721.5 78497.5 50335.8 97242.4 94599 40321 72928.5 80915.4 34333.2 61000.5 57207.1 93943.9 44219.5 86018.9 125328 
49206.2 28992.8 36761.4 38021.7 50037.3 17871.8 60347 38015.9 4280.19 79356.5 30541.3 84455.3 36881.6 77805.2 48856.7 41555.4 47125.9 51527.6 37914.8 72641.9 57655 47501.7 19882.9 44553.9 16636.4 40005.6 73120.5 28635.6 4882.62 22048.4 52902.9 42176.9 52286.1 31749.3 36094.3 48196.5 43572.6 25512.5 47609.8 12659 35326.1 78028.3 29231.8 17933.8 32281.6 33104.2 53335.3 21472.1 59024.9 40927.3 57629.2 6685.06 14362.8 26187.4 32839 53867.7 74368 46186.3 6519.2 48836.3 31604 59106.8 51410.2 63430.1 56510 52246.4 18201.4 36208.4 13619.5 35995.6 63389.6 39860 46340.6 56884.2 17069.6 16602.7 30876.5 66614.7 55317.4 21540.7 29976.7 44735.3 42944.1 7902.53 19453.8 50194.1 31195.5 32123.7 55313.7 50631.7 54065.1 23265.9 56002.2 69736.2 38531.7 
45237.4 15445.7 45660.6 50135.2 64642.1 20511.7 62322.1 44539.4 16743.1 92040.3 17102.6 96751.2 46784.8 88573.6 43406.6 56129.3 57997.4 66261.6 23920.7 69193.7 53954.1 59026.3 6105.74 57645.3 26086 50149.6 75286.8 42123.3 11315.9 15394.2 65177.7 42806.5 57874.4 27318.3 48100 63027.7 51918.6 39781.9 56885.9 27392.3 35544.3 90461.5 31377.2 18598.1 45447.2 42675.8 57961.5 8458.13 73781.1 42614.2 71163.2 10621.7 25143.6 39780 46995.9 67167.8 76294.8 31384.7 21221.9 45856.8 39033.3 70600.3 65892 77809.1 56718.3 66398.2 21489.5 46542 24091.9 21205 66606.1 25205 47224.6 64511.2 3560.9 28014.3 18308.7 72867.6 62650.5 34914.3 21620.6 45365.4 53079.3 9338.09 13703.3 61745.4 35712.9 32918.4 67443.7 65412.1 68888.1 33488.7 70579.9 68805.9 24110.2 
91269.3 115278 56820.6 49720.5 64730.9 101523 70883.7 62000.7 88724.4 8475.85 116926 3354.1 54441.6 19000.3 95774.9 51895.8 42842.2 48579.1 123658 96539 92392.6 41093.2 105873 81842.6 73929.5 51088.3 71100 80087.1 92306.6 93855.7 88924.8 77176.7 57680 90418.6 51749.6 56100.6 52941.9 75961.4 46973.7 76245.7 79605.8 9402.13 77223.1 102968 55200.7 95988.2 61090.2 107974 46043.5 74376.5 31671.6 89310.7 90252.6 61460.9 74536 34346 72505.6 128738 83324.9 88095.6 64301.2 29986.8 43873.1 35214.2 77806.2 39879.9 101160 54179.1 75756.3 117619 65454.3 123885 75800.9 47223 100102 71858.5 117810 50451 49268.7 82134.2 97865.3 76801.6 48466.3 95322.9 92704.1 38419.4 71089.4 79097.7 32416.4 59444.5 55700.8 92105.2 42620.3 84658.6 123415 
48509.2 62391.4 9841.24 4159.33 43241.2 51650.1 42003 17463.1 37609.2 45378.5 64047 49845.4 6351.38 42340.5 51604.7 23217.7 11772 32702.9 70688.3 64669.4 53629.6 12120.2 53009.4 51174.4 20947.6 6842.51 51829.9 40066.1 40294 41584.9 60964.3 34131.5 27256.7 40741.3 2570.99 35151.8 14227.4 34349.4 14699.7 26420.1 32622.1 43629.9 27711.5 52525.9 8521.15 54569 30417.4 55180.6 39125.6 31084.6 26881.2 36503.4 42074.7 12924.8 37884.2 22401.8 53437.5 75977.1 32706.1 46033.1 14805.4 23745.3 28572.7 37545.3 43514.3 26000 51563.2 4664.76 22902 64864.9 41379.3 70944.8 35555 25998.8 47119 19143.7 65066.5 37287.7 25333.2 38000.1 46718.4 35337.5 9002.78 43212 40152 14838.5 22357.3 30723.6 20576.9 39995.2 40530.6 47161.1 33440.1 56275.5 70434.8 
38200.1 27581.2 33324.2 38577.8 58806.9 26734.6 51672.2 32306.2 15456.4 80483.8 29245.3 84983.1 34557.9 76357.4 37627.6 47152.6 45900.4 57720.1 35595.1 61880.7 46761.1 47120.8 18425.3 55182 14214.4 37942.7 64626.1 39213.5 12416.9 11112.6 63841.2 32624.1 45907.1 20510.5 36519.9 55578.8 39562.7 35403.5 44549 20315.8 25456.8 78777.9 20195 25868.1 34683.1 44377.6 46257.2 20814.7 65273.9 31888.9 60356 5103.92 25620.5 29614.2 42714.2 56185.1 65749.4 41217.6 16786.9 38052.6 26686.5 58616.8 56526.5 68097 46928.9 56393.7 27373.9 34401.3 12847.2 30220.9 55451.8 35860.3 36968.2 52216.2 11985.4 16865.6 30634.9 60813.3 50384.1 32331.1 19037.3 35220 40854.1 13566.5 8537.56 49830.2 23792.9 22444.8 55724.5 58665.2 61634.6 34546.8 61412.1 59770.9 35286.4 
76837.6 99181.7 40964.6 33640 53891.1 86000.6 58514.4 46555 72922.6 9138.93 100832 13009.6 38442.3 14061.6 81146 38091.1 26888.1 37187.2 107540 84507.2 78765 24989.8 89780.5 69852.2 57807 35121.6 61012.9 66092.8 76362.9 77825 77833.8 62403.9 44013 74775.4 35658.7 44528.6 37582.6 61555.6 31659 60559.8 64268.6 6841.05 61502.8 87343 39376.1 82076.9 47679 91897 36845.6 59492 18101.1 73224.7 74964.6 45694.6 60988 19556.3 62561.5 112646 67576.3 73736 48428.2 14190.5 31642.5 26566.9 64648.3 26911.9 85688.1 38116.8 59656.1 101527 53789.4 107765 61456.4 33984.8 83978.9 55774.3 101747 39851 35802.2 67441.4 82018.2 62280.1 32588.6 79367.3 76631.9 22333.2 55394 63551.9 16302.8 48621.5 45574.8 77432.8 31918.8 73053.7 107290 
60100.7 90337 29481 28792 62252.4 81710.8 39881.4 32671.1 67556.3 27222.2 91999.7 28049.2 28420.1 14340.2 64712.4 42695.4 18363.6 46386.2 98022.4 65798.6 61044 19302.3 81181.5 75429 49309.2 25162.3 42095.4 67693.8 69838.5 66295.9 84536.7 46341.8 26357.7 60988.6 30252.4 52597.8 23853.3 62316 18305.2 56484.5 49571.8 24259.6 48301.7 82512.6 36327 83165.5 29740.5 83523.5 48842.7 43694 28024.3 65173.8 72075.5 42289.6 63970.4 26071.4 43660.6 101405 62768.2 56900 36571.6 11371.9 40388.6 40524.2 46509.9 35334.4 81641.7 28933.7 51869.3 90424.6 34905.2 97322.8 44644.8 15875.1 74568.1 48527.5 93392.1 20955.4 17942.4 67006 69084.4 45752.6 22209.2 72645.2 65620.9 17205.2 42245.6 49570.4 16871.6 57422.8 55584.6 76604.5 42822.9 54200.8 97284.4 
77737.1 96620.7 40307.1 31250.8 47984.3 82224.7 61051.6 46584.2 69562.8 10983.6 98255.8 16737.1 37406.6 20083.1 81835.2 32973.5 26277.2 31307.7 105147 87016.4 80305.9 23711.8 87210.4 64200.7 55624.9 34256.8 64630.7 61143.3 73292.4 76369.2 72012.4 63083.5 45913.2 74242.8 33311 38716.4 37898.4 56829.3 32192.7 57023.2 64267.3 10248.9 60914.7 83698.5 36138.6 77106.5 49701.6 89239.1 30758.4 60080.8 12692.1 70650.2 70932.2 42320.7 55821.3 15027 66221.6 110824 64131.1 74721.1 47630.3 14857 25906.9 20494.9 66630 21360 81851.9 36820.8 57212.3 99717.3 56770.6 105684 62556.9 36440.8 81722.3 53245.6 99015.3 43579.1 38042.6 62909.6 81058.6 63209.6 32039 76322.3 75001.7 21295.3 54903.7 63250.4 14713.9 42697.7 39560.8 72894.4 25912.4 75866.5 105063 
87240.2 79707.7 50527 37581 6181.42 57383.8 82511.7 58003.9 50474.7 50632 81056.1 57135 47047.3 61397.8 89451.9 17511.4 44904 11123.4 88651.3 105237 93399.8 41662.1 71378.5 24001.9 49822.2 46569.2 91367.2 28908.5 55812.7 70534.3 30320 73771.3 67140 75140.9 38244.7 5556.98 54184.2 28219.3 52087.7 39953.1 70577.7 51424.5 64325.7 59760.2 33142.1 42301.9 70620.5 72460.5 12952.2 70880.3 30581.2 57671.2 45682.9 33819.5 22420.1 31397 93018.8 98034.1 45646.5 85193.7 53927.1 46030.1 17090.6 23485.3 84188.6 22189.4 56551 45371.9 48926.2 88065.1 81198.6 91453.2 75806.4 62721.4 69095.9 45766.5 80547.7 73638.2 62959.4 34644.8 77903.1 75339.6 47185.8 58472 68175.1 42239.4 60593.2 67910 40508 1526.43 3178.05 42638 16249.6 96965.4 89802.1 
46739 72759.6 11903.8 15160.8 54856.6 65054 32713.6 16103.7 50715.9 39659.6 74422.1 42559.3 11132.4 31472.1 50852.3 34185.5 6618.91 41512 80459.7 57854.5 49640.3 10204.4 63617.7 64823.5 31884.9 8215.23 40200.1 54492 52634 48947 74482.9 32091.9 16772 44550.2 15748.7 45834.5 7066.12 48808.3 1204.16 40427.8 33767.6 37208.6 31453.5 65666.4 22521.1 69103.5 20586.6 65970.1 46435.3 29108.4 28535.1 47703.8 56143.1 27459.1 51946.3 24478.8 41860 84083.6 46217.7 43737.9 19103.1 16421 36136.5 41484.9 36741.8 31975.8 65073 11982.1 34563.7 73051.4 30287 79847.9 31641.3 11884.9 56989.9 31432.6 75829.4 23233.2 11759.3 52528.3 52227.4 32226.2 5544.37 55371.6 48164 11082 25316 33202.6 17102.6 50852 50366.1 61603.2 40206.1 47751.4 79757.7 
71062.3 84608.3 31910.2 20401.2 37409.8 69357.8 58228 39139.4 56957.7 23883.9 86224.2 29731 28496.5 29757.9 74696.7 20308.9 19403.4 20946.8 93276.8 83545.6 74860.1 15920.1 75221.3 52468.4 44320.8 25898.5 64311.2 48324.9 60898.1 65786.4 60835.7 56296.8 42327.5 65080 22405.8 27777 31551.4 43888.2 26850.9 44340.2 56189.8 23221.5 51896 70891.7 23920.7 64307.2 46180.6 77157 23062.5 53202.4 2844.29 58738.8 57982.5 29867 43202.1 2193.17 65967.4 99566.1 51484 68266 38637.4 14509.7 14985.7 15970 62406.4 9902.02 68960.4 27480.4 45563.7 88518.6 55133.5 94144.8 56610.7 34795.5 70090.9 41546.2 86835.6 44411 35769.3 49920.1 71145.6 56905.6 24505.1 63938.2 64193.8 14611.3 46204.1 54668.2 9679.88 32315.5 30017.7 59908.3 17007.4 73296.1 93364.5 
16807.7 70000.9 50134.3 63590.1 101786 81185.3 24409.2 42440.1 70029.8 91128.5 71136.6 91978.5 53782 76745 19024.5 82881.2 60591.3 92592.9 72465.7 7245 8127.12 64120.7 65439.1 104908 54755.1 55227.7 29473 89884.6 67250.9 46653.8 114523 26594 38518.7 34867.9 62455.2 94638.5 48547.1 84689.1 53216.9 69363.5 31522.7 88233.6 38296.9 79871 67007.8 98526.8 34752 67661.7 98819.5 29337.5 82830.4 59986.2 80004 67153 91034.3 78602 29062.9 67618.9 69672.4 16933.1 46264 69607.2 88215.4 95499.4 17802.5 84952 81942.9 55348 57281.2 60571.7 30362.6 68114.4 24368 48413.4 58793.9 58400.3 73951.4 45648.3 46580.8 84171.6 40976.2 24829.4 55839.5 67907.3 48683.7 65443.9 40182.2 34741.6 71435.6 99271.4 100263 88734.7 92892.4 13981.8 69925.2 
52744.4 75720 15822.1 13209.5 50563.3 66007.4 38710.5 21503.7 51924.8 34286.4 77383.8 37704.8 13688.3 28293.6 56756.3 30010.8 2617.25 36379.3 83721.3 64015.8 55822.9 4904.08 66429.9 61779.7 34283.1 10282.5 45519.8 52691.7 54414.2 52991.8 71252.9 38029.6 22788.2 49566.5 14541.7 41260.6 12809.8 47164.1 7406.08 40734.4 39223.1 32013.1 36294.4 66861.3 20847.1 67874.7 26636.3 68698.5 40853.4 35003.1 22388.6 50135.5 56329.8 26627.1 49492 18438.3 47184.1 88035.5 47062.9 49783.5 23303.4 11038.6 30780 35423.2 42940.9 26362.3 65921.5 13784.4 36635.6 76939.6 35911.3 83479.6 37762.5 16237.3 60121 33112.7 78599.4 27106.1 16752.3 51535 56869.1 38282.8 7500.67 57278.7 51976.2 4964.88 30183.8 38374.1 10922.5 46274.1 45418.3 61011.8 34591.5 53773.6 83214.5 
12869.3 62300.3 31724.6 45180.7 83672 68336 13372 24033.3 55706.8 74735.9 63703.8 76277.9 35372.6 61875.4 17893.3 64531.7 42562.2 74187.1 66856.6 23512.8 13064.8 46033.2 55791.8 87719.2 38288.4 36870.9 25303.4 73185.9 53901.5 36133.4 97459 9440.34 21917.3 24700 44051.4 76333.8 30403 67774 35405.1 52991.5 16204.9 71960.3 22387.7 67469.2 48722.6 83189.5 18593 58241.7 80417.5 11552.1 64778.1 46592.9 65211.3 49216.4 73774.9 60478.8 25985.6 65095.9 54389.1 9708.24 28131.1 52392.4 69814 77289.4 5703.51 66603.3 68938.5 36938.9 41120.6 55873.5 19581.9 63679.6 6105.74 32389.2 48507.7 41581.7 66206.1 32879.9 30326.4 67967.1 33164.6 7072.48 37607.6 55174.6 37468.1 47517.8 22729.9 19364.4 53709.3 81013.2 81911.2 73587 74508.5 18252.9 64860 
24570.3 77184 41488.9 54297.1 94393.6 83369.4 9712.36 34470.3 70458.9 76228.9 78546.4 76485 44847.5 60860.8 29125.4 74337.7 48981.8 83100.4 81319.1 16901.2 18744.9 52586.9 70908.7 100269 52201.5 45360.1 12822.6 86412.1 68902.9 51251.7 110105 24140.4 25646.2 39646.1 53619.1 86294.4 37881.1 80828.7 41316.8 66727.1 31243.6 73249.8 37052 82567.1 59260.9 97343.2 21828.9 73344.3 88599.2 25459.2 70768.4 61624.8 79730 60944.3 86348.2 66853 12776.9 78604.3 68778.3 22302.7 40028.5 56033.2 78113 83845.2 9786.21 74246.3 83943.8 46539.9 55194.4 70002.9 14190.5 77799.3 19948.9 34123.6 63655.3 55126.4 81114.1 29362.1 32633.3 81667.7 47800.1 21561.5 45173.6 70266.1 52639.3 53385.6 36222.8 34304.8 58743.9 91177.7 91476 87893.4 82434.2 5360.04 79167.3 
62250.9 50940.9 33274.6 26192.6 28111.4 31549.3 64569 38746 21470.9 62210.1 52388.3 68030.7 31141.1 64955.4 63510.8 20295.1 36822.4 29383.2 59930.4 83215.4 69595.5 35502.3 42215.8 27799.5 22809 32872.6 75922.4 14132.2 26603 41515.9 37536.6 50773.7 51812.4 47694.2 25089.4 25614.4 39538.5 8364.81 40867.7 10423.5 45813.2 61504 39067.4 33399.7 18545.6 28503.5 54316.2 43518.4 36753.5 48375.6 39172.1 28100.7 19803.3 13285.3 13880.9 36308.8 77439 68733.8 16285.6 60815.3 32714.1 45862.9 30203.5 42319 63641 32144.2 31022.1 29646.8 20967.8 58571.3 65423.2 62302 53904.8 52105.8 39538 18891.5 52239.8 63309.1 51294.6 12226.2 49167.5 52892.1 35169.3 29429.4 39056.5 37753 37207.5 42721.5 40831.9 28161.9 31486.5 22047.7 34374 77219.3 60820.8 
19543.8 34757 38084.8 48703.2 77648.6 45743.3 40707.4 32784.4 36467.1 88033.9 36079.9 91332.9 40972.7 79632.8 17479.4 62881.5 52196.9 73625.7 38984.4 43370.6 28195.2 54650.2 29349.3 75878.1 28130.1 44098.5 53146.2 59968.4 32638.2 10912.4 84765.9 21902.1 41862.8 4313.93 46789.8 72970.2 41840.2 55731 47782.2 40040.5 16140 85775.6 17477.1 44186.5 47844.9 65361.8 40410.9 31629.1 80969.4 23307.7 71468.2 25880.5 46621.2 44721.9 62899 66981.3 53858.1 38071.8 37749.3 20665.2 30723.6 64798.3 71137.2 81577.3 33562.6 69740.2 46592.9 41703 29134.2 28200.2 46208.8 35970.1 25867.7 51175.4 22673.8 32168.6 38707.2 56376 49004.6 53264.3 5303.77 23974.2 46438.9 32698.9 13296.6 57072.9 23585 15729 63639.1 76702 79060.8 55561.6 76172.6 44144 37029.7 
85277.2 99585 46703.9 35777.1 42933.7 83080 69968.3 53579.3 71385.2 14024.6 101184 20478.8 43453.4 28797.6 89147.6 31703.6 33241.5 26949.2 108332 95833 88409.6 30131.7 90232.7 60161.4 59669.9 40607.9 74080.2 59495 75597.2 81181.5 67124.1 70516.5 54512.5 80267.9 37792.2 34442 45347.1 55866.4 39978.2 58718.7 70993.7 15414.6 67014.1 84804.5 39040.6 75187.2 58351.3 92097.8 24309.1 67454.1 13300.4 73839 71379.7 44721.9 53628.8 17527.7 75684.4 114867 65873 82359.3 53695.6 23532.5 22717.8 13462.9 75145 19516.7 82586.8 42573.5 60821 103841 65954.9 109360 70382.5 45473.9 85300.1 56798.8 101675 53107.5 46938.4 62328.6 86493.8 70875.9 38812.5 78636.5 79582.9 28146 61200.1 69654.3 21701.8 37653.2 33905.3 72153.5 20902.2 84901.2 108512 
90306.4 110892 54066.8 45534.3 57413 96008.9 71511.8 59911.4 83622.6 4440.72 112525 7481.31 51348.3 21922.8 94616.7 45500 39951.6 41461.4 119433 97444.2 92138.4 37692 101483 74686.1 69907.7 48106.2 73075.6 73586 87462.1 90527.2 81583.9 75872.1 57345.4 87981.1 47593.5 48962.4 50986.4 69685.4 45087.1 71022.9 77637.9 7400 74672.6 97572.3 50328.9 89397.6 60959.4 103499 38602.1 72953.8 25613.5 84927.1 84535.5 56442.9 67870 28842.5 74563.4 125080 78160.1 87200.9 61482.4 27536.3 37020.7 27806.5 77898.9 33334.8 95590.6 50869.3 71501.1 113969 66509.1 119968 74916.6 47164.1 96011.9 67531.7 113258 52017.9 49056.7 75999.6 95028.9 75749.9 45708.9 90497.1 89206.8 35150.1 68595.8 76832.9 28714.1 52146 48317.5 85922.1 35426.7 85811.4 119352 
65125.5 96426.8 35568.8 34410.6 65831.7 87600.6 43658.9 38591.8 73501.2 24561.8 98089.4 24110 34489.6 8900 69835.5 46931.5 24182 49552.9 104102 69274.1 65546.3 24747.7 87271.1 79774.7 55380.2 31212.3 44263.4 72774.9 75860 72313.6 88668 51698.1 31265.6 66780.2 35968 56155.5 29863.9 67504.7 24382.2 62280.7 55252.2 21503.5 54217.7 88446.6 41832 88400.5 34390.3 89611.9 51203.9 49149.8 30443.6 71249.2 77806.7 47914.1 68778.6 29294.5 45742.1 107405 68656.2 61899.6 42633.9 15088.1 43565.2 42070.9 50790.9 38466.2 87510.5 34969.3 57919.3 96442 38190.3 103371 49739.8 20776.2 80655.9 54543.3 99481.6 23300.2 22947.8 72405.1 74969.5 50952.2 28257.7 78680.2 71668.8 22427 48193.2 55376.6 20736.9 60839.5 58642.1 82099 45432.7 57418.1 103350 
11774.5 53038.6 50550.7 63401.3 97375.3 67744.9 36278 43277 58703.1 97685.5 54004.8 99700.5 54094.7 85730.9 7710.38 80582.1 63559.1 91061.8 54506 25500 13943.1 66723.6 49852.8 97314.3 47754.6 56498.5 45435.7 81553 54910.2 33111.9 106449 26324.5 45574.2 23107.8 61806.6 91606.6 51544.2 76979.6 57214.2 61188.2 26742.1 95029.7 32584.8 66033.7 64701.9 87618.5 42522.9 51827.8 98010.9 29358.6 85125.4 48134 68867 63054.7 83949.1 80649.5 45464.8 48908.3 59678.2 14956.3 44505.5 74742.9 87637.1 96746.5 27804.5 85300.5 68636.6 55339.9 49508.4 42507.5 42787 49830.2 27241.5 56089.2 44028.4 51798.3 56915.8 56900.4 53954.1 75069.6 25890.7 26310.5 58025.9 54873.1 35560.1 68656.8 37048.8 29076.5 75172.7 95775.8 97582 77805.2 92599.9 31569.1 51813.9 
71522 60755.7 38890.2 28621.7 17548.2 39450.9 71206 45428 31407.2 57862.3 62139.2 64061.4 36047.2 63502 73127.4 14455.4 38670.4 20796.6 69725.3 91525.6 78477.1 36456 52305.4 21095 32518.6 36891.7 81744.2 13756.8 36718 52065 30870.9 59203.5 57210.6 57772.4 28246.2 15666.8 44290.4 10358.6 44241.4 21034.3 54881.1 57651.5 48259.4 41640 21578 29686.4 60155.1 53445.3 27658.8 56582.4 34755.4 38674.5 27504.5 18949.7 8720.67 32956 83327.6 78941.6 26533.9 69854.8 40064.2 45086.8 23233.2 34863.9 71263.2 26510.8 38733.2 34381.7 31066.4 68954.3 71240.2 72394 61942.7 55639.2 50010.6 28462.3 61760.3 66999.2 55220.4 17066 59654.1 61131 38589.2 39411.9 49625.8 38181.1 45601.9 51924.9 39572.8 17659 21244.5 26515.8 26504.7 84659.6 70791 
43599.7 39481.9 24212.4 26128.3 46938.4 30042.6 50105.9 26155.9 15611.5 67960.1 41120.9 72777 24272 65427.9 44502.8 33793 34704 44439.7 48031.3 65629.3 51365.6 35319.3 30070.7 46191 4875.45 27419.2 62527.2 30761.7 17275.4 23135.5 55581.7 33584.1 40477.6 28462.3 24120.5 42773.1 31065.3 25812.6 34998.4 10182.8 27680.5 66438.7 20934.7 30405.6 21420.1 40304.5 41910.5 32138.6 51976.3 31689.1 47161.5 13507.4 23179.5 16145 32658.8 43097.2 63879.9 54526.4 12156.5 42467.2 19587 46947.3 43071.2 54624.7 47459.7 42937.7 30204.1 23631.5 1910.5 43611.5 52430.9 48900.9 37304.8 44430.3 24842.9 4070.63 41979.5 54429.8 42933.7 25032 30402.6 35968.5 30364.5 20104 20895.2 38033.8 20863.4 24449.3 43484.7 46213.1 48869.2 30911.8 47976.3 61030.6 48078 
75424.5 69370.5 39618.2 27365.1 13288 48551.8 71971.4 46874 39908.4 50128 70794.1 56474.5 36302.2 57524.3 77540.3 8263.78 36083.9 11693.2 78357.5 93953.2 81763.7 33255.5 60707.9 24695.1 37835.6 36299.4 81533.1 22203.6 45092.3 58716.7 33583.9 62173.7 57032.3 63147 27658.6 7218.03 43952.8 19455.8 42674.7 28600.9 58736.4 50204.6 52415.5 50711.9 21889.3 37715.4 60329.2 61979.4 18580.1 59339.4 27465.8 46301.3 36594.1 21909.4 16155.5 26518.1 83163.5 87221.6 34780.7 73449.4 42404.4 40055.6 14767.9 25938.8 73093.5 18767.3 47845.3 34601.3 37000.1 76991.7 71175.6 80796.7 64399.1 53800.1 57897.6 33785.4 70535.4 65030.8 53741 26172.5 66004.8 63837.7 37362 47894.2 56396.2 34436.2 48853.2 56017.9 34398.3 10846.7 13274 35460.7 17528.5 86119.6 79299.2 
57454.4 73594.2 18216.5 8043.01 41741.2 61205.2 46300.3 25519.6 47676 33948.5 75242.3 38606.9 14819.2 32671.9 61026.1 21221.9 7220.11 27760.6 81995.4 70936.6 61528.7 3920.46 64189.8 53324 32321 12233.2 53950.8 45143.8 50880.6 53029.5 62688.1 42711.7 30413.8 51580 10065.8 32446 18461 39815.2 14773.3 35635 42498.6 32296.4 38327.3 62352.7 14492.1 60703 34156.3 66300 32691.6 39612.6 16399.1 47629.9 50741 20808.2 41459.9 11926.9 55612.9 87450.6 42457.7 54704.5 25019.4 13516.3 22346.6 28540.8 49647.8 18292.3 60990.9 13884.2 34073.6 76340.6 44076.8 82371.5 43233.9 24961.8 58477.8 30178.3 76150.6 35927.1 25287.5 44745.1 57961.4 43425.9 11146.3 53865.9 51626.8 5360.04 32556.4 41020.1 9323.09 37462.1 36706.9 54513.3 26491.7 61260.9 81813.8 
60966.3 92953.4 32111.1 32139.9 65610.1 84847.6 39659 34736.9 70638.5 27994.6 94613.8 28016.6 31296.8 13058.7 65678.8 46138.2 21633.5 49648.9 100522 65375.8 61422 22722 83857.3 78888.1 52146.4 28112.8 40800.1 71145.2 72800.3 68561.3 87978.4 47568.2 27106.5 62795.1 33552.9 55946.6 26154.3 65754.2 20885.6 59709.7 51214.2 24958 50339.1 85602 39706.2 86592.4 30239.9 86222.8 51897.8 45040.9 31049.8 67978.9 75335.3 45619.5 67440.3 29310.2 42317.8 103609 65914.6 57740.3 39019.1 14637.3 43646.4 43302.9 46694.1 38573.7 84798.2 31910 54775.3 92680.3 34314.4 99676 45583.4 16620.8 77150.8 51515.1 96068.5 19682.5 18796.3 70400.3 71049.8 46802.7 25174.6 75576.5 67983.6 20664.2 44354.9 51407.1 20215.8 60747.4 58830.3 79968.1 45940.1 53589.7 99709.2 
61173.6 14618.5 74124.2 79702.3 90932.1 38209.9 84147.7 71671.3 44038.6 121632 13122.9 126234 75683.6 117400 57300.8 85110.1 87129.6 94849.8 5738.47 82787.4 68905.9 88390.6 23848.1 80376.2 55442.3 79085.6 96537.9 66648 39071.7 37933.2 85824.2 65054.2 83589.7 47081.4 77655.9 90841.1 79881.5 65944.6 85257.8 56196.9 58470.9 119995 56678.9 35537.3 75098.5 61068.9 82818.4 22132.6 102259 65965.1 100797 40279.6 48798.5 69360.7 72542.7 96822.8 97195.9 10696.3 49358.5 63157.7 67012.6 99881.8 94996.1 107031 76890.2 95806.3 39258.8 75619.4 53669.8 15446.7 89551.1 7700.65 69197.5 91607.7 29285.7 57631.3 13601.5 98570.8 89581.8 59893.6 38226.7 67283.1 81960.5 36135.4 38142.5 91100.9 62177.2 56842.3 96948.9 92561.6 96417.6 54533.8 99534 86370.9 6484.6 
40678.5 42809.5 19553.3 22921.2 48316 34817.4 45572.5 21341 20400.2 64843.6 44466.8 69426.2 19888.2 61424.4 42041.5 33353 30732.7 44107.6 51109.7 62012.3 48098.3 31662.3 33440.1 49179.9 1649.24 23140 57884.9 34192 21708.3 23654.6 58760.3 29698.5 35658.5 26884.4 20865.5 43261.2 26361 28925.4 30497.2 13980.7 24299 63177.9 17528.5 35106.3 19374.5 44665.2 37135.7 35645.2 51548.5 27593.7 44837.9 17013.5 27912 15175.3 35383.2 40605.4 59258.8 56803.2 16931.9 39277.1 14764.8 43245.3 42104.6 53243.7 43283.4 41412.1 35000 19409.3 3613.86 45745.9 47726.4 51523.3 33213.3 39692.1 27577.5 2683.28 45543.9 49617 38163.5 28954.6 30222 31986.6 26094.6 24413.1 21746.3 34381.7 16542.4 21168.4 40131.9 47071.2 49349.1 35431.8 47102.4 56895.8 50916.6 
25645.7 64182.6 18232.1 31366.5 71115.7 64493.8 14780.1 11173.2 50572 60356.4 65753 62282.3 21700.2 48603.3 30190.2 51245.5 27812.6 60401.3 70330.1 36905.4 27840.4 31319.3 56201.4 77137.4 30930.2 22649.1 26761.5 63715.4 50196.9 37652.4 86990.4 12061.5 8841.38 28966.4 30511.8 63183.9 15733.4 58040.7 20603.9 44767.2 17095 57656.7 19304.1 64200.4 35956.2 75624.5 7463.24 58718.5 66313.9 9902.02 50050.4 43397 58953.5 37689.4 63264.3 45794.8 28146.9 71061.7 47910.9 22487.6 17140.6 37713.1 55725.4 62685.6 15601.6 52255.1 64882 23369.2 34089.6 60708.2 16710.8 68266.3 10184.3 18999.5 48827 33191 67839.3 23300 16807.4 59464 37813.4 11229.4 23048.9 52169.3 38017.1 32734.4 15542.5 18532.7 38908.2 68017.2 68514.3 66536.1 60287.6 28290.8 68880.9 
87169.9 112021 53100.8 46521.4 63934.5 98854.7 66706.6 58108.3 85840.6 7316.42 113674 1303.84 50827.2 14927.2 91696.3 50012 39216.8 47512.7 120328 92369.7 88235 37644.7 102627 80720 70582.3 47452.3 67004.8 78196.2 89285.2 90237.2 88122.7 73128 53540.7 86566.1 48527.6 55026.3 49040.8 73882.7 43075.1 73453.4 75665.2 6815.42 73411.5 100227 52292 94152.6 56935.1 104762 45609.8 70347.2 29712.3 86083 87730.6 58601.8 72819.8 31964 68421.1 125197 80485.1 83990.3 60580.7 26335.1 42498.2 34776 73635.9 38222.8 98525.6 50633.8 72498.8 114083 61285.6 120438 71700.6 43072.5 96740.2 68640.1 114623 46303.9 45127 79927 94103.4 72720 44775.6 92287.9 89140.3 34945.1 67273 75218.3 29162.5 58627.6 55076 89916.9 41709.7 80498.5 120022 
21199.3 32829.9 41961.2 52403.1 80387.4 45975.9 43804.3 36704.9 37769 91923.9 34047.2 95245.4 44810.8 83545.5 18283.3 66137.5 56076.1 76892.5 36335.2 44525.3 29591.9 58497.6 28353.7 77909.2 31219.4 47958.8 56031.2 61950.5 33549.1 11820.7 86610 25406.5 45621.3 8221.92 50470 76004.2 45760.4 57940.1 51701.5 42401.1 19948.2 89675.9 21370.1 44233 51306.1 66482 44064.2 30481 84281.9 26986.3 75184.6 27206.8 47837.7 47950.8 65183 70706.8 56668.3 34632.5 39554.5 22800.9 34577 68698.5 74555.8 85134.5 36367.6 73281.7 46883.8 45510.1 31962.6 25143.2 49475.9 32950.9 29215.9 55026.3 22240.7 35201.3 36791.6 60028.8 52850.4 55100.1 4101.22 27353.4 50322.4 33255.5 14405.9 60935.5 27488.5 19643.1 67492.4 79621.7 82103 56755.6 79587.8 46262.3 34200.7 
7100 61012.9 40088.9 53521.7 90929.3 70477.8 20518.3 32387.8 58960.7 84052.5 62269.2 85557.3 43756.3 71031.6 11388.6 72385.7 51600.9 82329.9 64413.1 17962.2 3962.32 55020.5 55660.1 93684 43494.9 45533.4 30142.5 78620.4 56372 36379.3 103280 15730.5 31208.3 24456.1 52244.4 84026.3 39403.2 73441.2 44575.9 58094.1 20256.6 81274 27033.7 69281 56419.3 87338.9 27801.6 57982.5 88778.9 18660.1 73753.2 49065.8 68875.3 56222.6 79829.1 69404.1 30359.2 61041.4 58462.5 5948.11 35584.4 61674.7 78196.5 86101 12073.9 75200.1 71197.3 45245.2 46011.4 52830.7 27029.6 60579.4 14350.3 41648.2 48736.1 47164.1 64974.1 41380.7 39606.3 72904.6 31537.9 14339.1 46484.4 57180.9 38227.9 56604.3 29158.9 23471.9 62871.6 88577.7 89746.5 77564 82979.6 18106.9 62105.2 
37504.7 62654.7 3689.17 16387.8 56341.3 57168.6 28924.9 5651.55 42737.9 50184.6 64309.9 53334.6 6767.57 42196.9 41231.7 36293.3 14752.6 45440.3 70108.6 51815.2 41601.6 17821.3 53681.5 63446.7 22938.6 7891.77 39241.3 51078.9 43894.5 38233.5 73296.2 22737.2 14871.8 33755.7 15555.4 48243.2 4294.18 45312.5 9900.51 34085.2 23305.4 47840.3 20602.2 57463.8 21317.8 64384.5 17618.2 56094.2 51473.6 19643.1 36331 38296.2 49477.5 24018.5 49793.3 31903.9 40809.9 73355.7 38856.8 34714.4 8631.34 26888.3 40870.8 48465.3 30555 37615.2 57325.2 8462.86 25930.7 62361 28723.7 69272.6 23307.1 17340.1 46825 23510.4 65869.3 27464.3 15807.9 47801.4 41369.7 23430.7 9124.14 46440.7 37571.3 19840.4 14462.7 22475.8 26428.2 53105.9 53535.1 56002.2 45524.7 43166.8 69282.6 
40803.2 59296.3 2906.89 11734.6 50367.1 51760.7 35163.8 9838.7 37349.8 50325.4 60960.5 54167.9 2983.29 44654.2 44009.2 30754.8 14591.1 40440.1 67169.3 57083.5 45865.6 16635.5 50085.5 56925.4 18236.2 6363.96 45782.3 44500 39038.6 36434.3 66780.3 26369.7 21458.1 34056.6 10336.8 42619.8 9588.53 38732.4 13160.5 27920.2 25156.3 48264.8 20779.1 52246.4 15199 57942.9 24140 52410.9 46891.5 23318.9 33776.3 34064.9 43490.2 17449.6 43232.5 29264.3 47340.2 71419 33121.7 38289.6 7472.62 27472.2 36332.9 45032.1 36045.1 33638.1 51841.7 3687.82 20948 60316.6 35261.5 66848.3 27828 22926.4 43602.3 17988.9 62290.7 33596 21681.6 41331 40730.9 27577.2 9183.14 41746.9 35355.6 19165.1 15044.3 23505.3 25640 47382.9 48124.1 49716.1 41182.5 49047.4 66608.3 
91060.7 60640.9 65703.7 57465.9 30780 35362.4 96665.3 70998.9 38890.9 85475.1 61430.4 91886.9 63487.4 92786.3 91280 43209.4 67858.5 45371 68412.4 113563 99125.8 65861.4 55383.1 12949.5 52583.7 64994.5 108268 18300.3 43449.5 64834.3 13420.1 81467.8 84241.2 74305.9 56740.3 37932.6 71896.7 24065.1 72800.6 37871.5 75593.7 85695.3 68872.3 38032.6 49968 11706.8 86702.1 55177.3 49604 79407.9 63027.1 49452.7 28943.6 45551.7 20867.7 61901.3 109766 79989.3 37720 90206.2 64762.1 74597.4 49964.9 59588.3 95056.4 54295.2 34246.3 61946.8 49853.5 72654.4 97789.7 72985.5 85025.9 84166.3 57105.6 49345.4 59718.8 95466.1 83493 22914.2 72713.8 83792.9 67076.8 44535 62253.1 67679.9 68307.7 72344.8 69045.6 35546.2 39946.2 20248.5 51470.9 108679 70591.9 
24659.5 58026.2 15219.1 28670 67152.7 57986.4 20618.9 7513.32 44119.2 61911.2 59615.2 64451 18886.2 51741 28572.7 47892.9 27393.6 57597 64422.4 40031.2 28836.8 30628.3 49882.4 72062 24646.5 20734.8 33049.2 58175.1 43673.6 31683.6 81883.5 9885.85 14023.6 23994.2 27460.9 59703.6 15376.9 52573.9 21156.8 38776.9 12234.8 59378.4 13050.7 57676.7 32110.4 69593.5 13705.8 52396.3 63936.5 6824.95 49222.9 36871.8 52648 32961.2 58124.9 44802.8 34375.9 65741.7 41598.6 21822.9 11844.4 38740.8 53344.3 61330.6 19365.9 50332.2 58384.3 20397.3 27780 55171.9 23181.5 62611.5 10660.7 22887.8 42537.6 27151.6 61630 29039.6 20717.1 53614.4 32597.2 10568.3 21951.3 45642.2 31868 32487.1 9025.52 12879.8 38989.5 64402.3 65272.5 60380.5 58109.3 32829.3 63094.6 
11269.9 51957.7 49722.6 62511.5 96292.9 66547.6 36210.8 42500 57502.2 97082.4 52937.8 99164 53250.4 85290.4 6905.07 79582.5 62818.2 90081.4 53528 26315.4 14222.5 65957.3 48696.3 96153.3 46643.9 55692.5 45636.5 80383.2 53706.1 31908.1 105277 25637.7 45127.6 21931.7 60900.1 90571.7 50841 75823.8 56544.2 60032.1 25809.5 94443.4 31567.1 64841 63722.2 86416.7 42138.5 50682.2 97052.8 28647.2 84314.5 46932 67665.7 62011.9 82803.5 79832.6 45708.9 48100 58490.7 14494.1 43600.1 74092.4 86697 95875.3 27720 84401.5 67438 54477.2 48373.6 41537.7 42711.4 48903.6 26724 55633.5 42844.5 50692.5 55842.8 56676.8 53487.9 73889.2 24698.6 25725.7 57260.3 53670.6 34355.9 67917.1 36116.8 28082.9 74447.4 94722.8 96555.2 76604.2 91666.8 32006.2 50857.5 
32314.9 62004.7 8820.43 22023.9 61721.4 58857.5 23760.5 3001.67 44545.7 54334.7 63637.8 57044.6 12298.4 44853.7 36262.7 41836 19734.5 51085.1 69005.3 46165.4 36051.4 23026.3 53351 68170.7 24490.2 13514.8 34767.9 55226.8 45036 36512.1 78030.3 17558.2 11377.2 30470 21109.2 53770.8 7692.2 49492.3 13538.5 37159.8 19228.4 51846.1 17980.5 58900.1 26580.1 67877 13238.2 55825.2 57134.4 14513.4 41700.5 38849.6 52085.4 28645.8 54380.1 37319.3 36279.5 71345.4 41188.6 29424.1 9518.93 31109.6 46531.8 54001.7 24927.5 43246.8 59115.9 13958.9 27642.2 60518.4 24286.6 67708.3 17755.3 17263 46220.9 25927.8 65410.7 25712.3 15284.6 51447.1 38639.4 18006.9 14401.4 47360.8 36225 24820.4 12180.3 19050.7 31305 58601.8 59122.2 59134.6 51178.6 37692.7 67941.8 
10344.6 63413.7 37802.1 51264.5 89445.2 71555.6 16414.6 30096 59521.4 80525.9 64725.7 81880.7 41458.5 67208.1 15079.1 70496.3 48698.8 80236.5 67221.5 18054.4 7212.49 52177.5 57617.1 92959.8 43072.6 43008.5 26328.1 78165 57271.3 38091.1 102641 14403.1 27615.9 26219.5 50098.3 82253.9 36549.3 72856.6 41500.5 57772.7 20115.9 77715.5 26752.6 70496.1 54624 87536.3 24093.4 59995.4 86517.6 17017.6 70921.4 49936.5 69272.6 54860.7 79043.3 66627.7 26639.1 64347.6 58643.5 8105.55 33901.2 58369.3 75916.1 83441.6 7981.23 72739.6 72226.4 43008 45756.4 55806.8 22926 63593.2 11987.1 37968 50527.7 46565.8 67364.7 37336.3 35968 72695.5 33915.8 12482.4 43759.8 58281.8 39749.8 53641.1 28017.9 23380.5 59800.3 86893.3 87878.1 77830.2 80627.6 15502.9 65011.2 
66453.4 61609.3 31972.5 21125.6 21784.6 42520.6 64415.2 38844.9 32229.8 52013.3 63094.6 58033.2 28945.6 56485.1 68447.5 9276.31 31109.6 18697.9 70588.2 85544.8 72994.9 28916.6 52684.1 28547.7 28600.9 29563 74637.1 20263.3 37161.8 49604.5 38246 53486.9 50067.6 53917.9 20858.6 16307.7 37060.1 15550.2 36764.2 20185.4 49751.1 51545.1 43341.7 44417.3 14328.3 36193.5 53128.6 54130.3 26208.8 50729.5 28823.1 37663.4 30672.6 12946.8 16120.8 26462.2 76236.5 78955.2 26857 64566.4 33905.3 37829.8 19169 31286.1 64940.7 21300.9 41957.7 27256.7 27808.8 68519.5 64161.4 72689.1 55929.7 48148.6 49374.2 24552.2 63069.8 59506.3 47779.7 21667.5 56822.5 55259.8 31144.8 40080 47320.7 30692.2 40025 46966.5 32400.6 20041.2 22408 31624.4 23401.9 78183.5 71336.2 
69647.5 89745.6 32337.3 24187.8 47594.6 76612.4 53496.4 38497.4 63454.7 17899.7 91393.3 22480.4 29552.8 19647.1 73732.8 30008.2 18250.8 31067.2 98142 79383.2 72320.4 15893.7 80340.3 62526.9 48438.1 26332.7 57849.9 57539.7 66876.2 68760.2 70996.5 54983.4 38115.9 66280 26217.9 37968.4 29794.1 52780.4 24103.3 51129.7 56194.8 16144.3 52956.2 77919.4 29917.2 73497.3 41938.6 82443 32458 51977.9 11723.9 63778.1 65680.8 36249.1 52750.2 11363.5 59471.8 103434 58123.3 66640.8 39716.6 7057.62 25144.6 23651.6 58800.3 20081.1 76318.9 29074.6 50226 92315.2 49514.6 98455.3 54498.9 29007.1 74607.3 46325.9 92284.9 37093.7 30463.7 58475.5 73236.2 55128.7 24020.4 69880.5 67483.4 13360 46913.8 55226.2 6952.7 42479.3 40041.2 68448.5 26705.2 68426 97935.5 
40370.8 75021.9 17098.8 25681.1 65909.8 70934.1 22259.6 15875.1 56512.7 46069.2 76655.1 47632.1 18660.1 33785.5 44990.8 45254.8 17750.5 52707.7 81984.5 48030.5 41640.5 21265.9 66344.7 75155.6 36599.7 17191.9 29000 63862.7 57480.2 49401.6 84911.1 26766 6859.3 42475.1 25824.2 56982.2 10332.5 58104.2 10339.2 47776.6 30700.2 43271.4 30715.6 71168.9 32500 77746.3 10601.9 68812.2 57515 24269.5 38896 51578.7 63255.8 36546.5 61912 35116.1 30660.2 84010.1 52669.3 37173.2 21751.8 24324.9 47292.5 52038.9 27558.8 43028.6 71108.5 20148 39650.5 73288.8 19188.8 80573 24914.7 4404.54 59234.6 37322.6 78421.5 13711.7 2282.54 61112.1 51002.5 26050 15602.9 59934.8 49201.6 21667.5 25138.2 31241.6 26800.2 61994.8 61564 69602.1 51265 37304.8 80872.2 
40021.1 15435 55024.5 62623.1 81929.5 36240.6 62617.1 51561.7 34300.1 104175 16234.8 108261 57095.4 98174.2 36491.1 71843 68704.7 82314.8 17300 62521.8 48082 70448.9 15717.8 75264.7 38468.8 60479.5 75015.3 59752.3 28904.3 17772.2 82654.1 43609.7 62659.2 25616.4 60566.2 79705.7 60192.8 57263.7 65850.8 43917.8 37200.1 102261 36112 33818.9 59346.1 59549.4 61652 16620.8 89873 44659.8 84877.9 26196.4 42667.7 54407.7 64528 80615.7 75689 17365.8 38408.9 41823.4 47632.4 81586.1 81301 92891.3 55380.9 81174.2 37331.1 57318.5 37566.6 6488.45 68062.5 14103.9 47705.5 71182.1 14840.8 41553.9 19185.9 77521.7 69090.7 52542 16717.1 45796.2 63217.9 26935.7 18797.1 73095.3 41944 35825.8 79323.8 82403.7 85677.2 50743.7 86164.3 65204.9 15146.3 
54963.7 16155.5 50812.8 52908.3 60627.8 11053.5 70795.6 50982.8 14046.4 94201.9 17424.4 99340.3 51299.2 92575.6 53275.5 55282.6 61859 64693.5 25017 78936.1 63684.2 62347.2 9588.01 51324.9 30519.7 54520.2 83765.7 36680.5 10017 25094.4 58000.9 51519.8 64900.7 36948.6 50970.8 60463.5 57459.6 35578.8 61885.8 26665.5 44266.6 92905.1 39383.8 8840.81 47120.3 34354.8 65412.9 9502.11 72029.4 50996.7 72265.7 15119.9 18794.9 40949.7 42327.5 68605 84855.8 35239.3 19548.9 55439 44930.7 73964.1 65227.1 77340 65679.5 66487.7 12119.8 50754 27821 26903.2 74674.4 28343.6 55914 70548.5 13395.9 31227.1 16959.4 79668.4 68838.7 29712.3 31540.8 54109.2 57473 7066.12 23150.2 65047.1 42914.1 41413.2 70208.4 62154.7 66009.8 25930.7 69597.5 78108.9 26391.1 
29638 47034 15044.6 25272.3 58579.3 44803.8 33669.3 12175.8 30875.6 64899.9 48676.6 68561.6 17578.7 58083.1 31810.1 41254.9 29050.5 51778.9 54266.5 49928.9 36442.8 31269.3 38295.3 61087.2 11681.2 20829.1 46265.4 46388.1 30586.6 22323.3 70767.9 17506.9 25785.7 19616.3 23418.4 52347.3 20194.3 41007.9 25761.4 26268.8 12935.6 62773.9 6802.94 44579.8 25438.6 56826.5 26454.7 40763.8 58834 15305.6 47980.5 24025.2 39510.1 23909.8 47180.7 43483.9 47565.7 57459.6 28470.3 27825.9 7574.3 41862.8 48608.3 58466.1 31000 46724.8 45178.4 18203.6 14717.7 46439 36412.4 53334.4 20923 32200.8 31216.2 14782.8 50386.7 40623.4 30297.9 41245.8 26107.9 19728.4 23382.5 32700.6 21636.3 33771.7 4338.2 10259.1 40274.3 56634 58286.4 47438.4 53621 44607.2 53373.1 
68341.8 50438.6 41149.1 33941.1 26365.5 28220 72132.4 46403.7 21744.2 68041.5 51742.4 74069.3 39071.7 72003.5 69204.1 24870.9 44553.3 32107.6 59336.5 89982.9 76001.6 43056.2 42443.6 21470.9 28980.3 40804.4 83659.5 6360.03 27177.4 45258.8 30844.9 57614.8 59661.1 52809.6 32928 26725.5 47464.1 1303.84 48782.2 14671.1 52222 67578.8 45441.9 30481 26290.9 20815.4 62092.2 43326.7 38928.3 55367.6 44845.7 30589.5 16337.1 21220 8628.44 42460.6 85160.4 69107 17755.3 67133.4 40223.6 53043.6 34254.6 46072.7 70846.7 37078.6 27471.1 37583.2 26629.3 59581 73179 62386.6 60953.3 60037.7 41127.4 25371.2 51146.2 71246.7 59232.5 5800.86 53143.3 59834.8 43075.9 29578.7 42693.3 45204 44194.2 49040.8 47829 27911.3 31926.9 15617 37758.4 84460.9 60611.6 
85878.5 71752.7 52087.7 40436.1 5658.62 48208.8 84542.6 59026.3 43325.4 60689.8 72993.4 67171.6 48952.2 69900.6 87500 21556.4 49426.3 20319.9 80564.1 105608 92757.8 46615.4 63978.9 13023.1 46865.1 49254.4 94503.8 19291.7 48758.3 65863.5 20690.3 73392.2 69943.2 72050.3 40535 12803.5 56869 20280.5 55904.4 34631.8 69221.5 61200.7 62620.2 50724.1 34326.8 31326 73121.5 64775.6 24007.7 70709.6 39207.4 51803.5 36998.6 32881.1 13269.9 39024.4 96120.8 90608.7 39125.1 84177 54000.9 53068.4 25586.3 34146.3 85104.9 30405.6 47290.8 47251.9 45310 81162.6 84080 83835.1 75991.7 67098.1 62647.7 42818.9 72195.6 78356.4 66983.1 25909.3 73582.1 75253.7 50498 51145.5 63365.9 47767.8 59824.8 66284.2 47410.2 9953.89 14400.3 32671.2 26260.6 98364.9 81978.8 
