250 5 16
777 335 649 27 763 
92600 54000 42600 17200 73600 21100 36800 56700 42900 78200 53000 86200 12300 6700 13500 92900 
10 13 8 5 7 14 2 11 1 4 13 0 1 12 1 10 6 12 0 2 4 11 10 11 10 1 12 5 1 12 9 1 3 7 1 10 0 4 3 12 5 10 11 11 4 9 4 11 11 3 7 11 9 13 1 15 9 11 10 8 0 13 15 10 5 1 10 14 3 12 4 2 14 5 2 8 2 4 10 14 4 3 7 9 6 15 4 13 7 12 4 0 12 7 12 0 3 1 7 9 3 9 14 0 5 14 4 9 3 10 14 1 8 10 1 2 14 9 15 9 3 2 5 8 4 4 8 5 10 0 14 9 9 13 5 7 1 6 0 2 6 11 2 4 10 7 12 8 4 15 4 5 4 7 6 5 8 8 9 6 15 2 9 13 10 6 8 2 10 15 3 14 10 10 2 12 0 10 1 9 3 1 10 1 14 7 3 9 1 5 11 1 10 15 14 1 13 11 13 14 13 12 11 2 13 12 13 0 15 11 14 10 1 13 15 5 6 6 14 14 13 6 9 0 12 10 11 13 11 1 15 2 5 5 3 12 14 5 2 4 8 10 6 11 8 10 8 7 14 11 
9.03275 11.5658 5.66438 5.01614 6.68001 
5.38243 8.48236 2.40337 2.55885 6.20552 
9.22345 11.7525 5.85769 5.20096 6.79213 
4.65108 6.5738 0.721803 0.760592 4.81179 
5.31603 2.87571 4.00536 4.02981 4.87155 
5.7404 7.60109 1.87545 1.07787 4.46645 
3.61248 5.68589 0.434166 1.64195 5.42971 
6.0109 1.75482 7.53745 8.1567 9.42714 
8.61451 6.2525 5.74683 4.80983 2.04707 
5.89886 8.00062 2.14462 1.51159 4.77281 
6.33942 9.52742 3.44135 3.38813 6.62616 
1.2839 4.13411 3.73466 4.91235 8.08452 
0.757694 6.05392 3.72228 5.06645 8.82572 
5.95449 2.11946 5.16896 5.22567 5.61742 
6.74627 4.37809 4.4588 3.93032 3.32024 
8.43214 9.30645 4.49539 3.24052 3.26392 
3.06105 8.28136 4.35037 5.572 9.61566 
2.2722 7.37017 3.61773 4.90433 8.90834 
2.3585 5.31327 1.59906 2.8956 6.579 
0.487032 5.34394 4.40192 5.70424 9.20223 
5.95124 4.87592 3.15398 2.55071 3.09317 
7.57127 10.6625 4.58947 4.31019 6.98264 
4.51586 8.59393 2.95758 3.71831 7.65256 
4.89155 4.97902 1.92925 1.65484 3.93732 
2.97121 4.87409 1.35801 2.43387 5.86083 
7.70144 4.76177 5.44868 4.831 3.33928 
2.98766 2.6559 3.74769 4.56724 6.98035 
6.08777 8.12572 2.31672 1.60178 4.68646 
5.20704 1.15395 5.17929 5.51421 6.53854 
5.04591 4.60679 2.38732 2.1281 3.87559 
8.45733 11.1285 5.16382 4.6057 6.61547 
5.60865 3.43628 3.85157 3.69677 4.29703 
3.28568 2.45748 5.41806 6.34168 8.68208 
6.12413 3.01823 4.70027 4.55467 4.68402 
2.1783 3.71248 5.13546 6.25167 9.1195 
7.31361 6.19112 4.03408 2.98485 1.60153 
1.45774 3.94782 4.04728 5.20125 8.28002 
5.87882 3.02483 4.43137 4.31677 4.65249 
5.30182 7.72431 1.698 1.51119 5.21422 
6.39015 4.95186 3.62416 2.94822 2.8211 
4.44002 1.38062 4.70596 5.20525 6.72408 
1.4368 6.72093 3.81047 5.15007 9.04098 
6.31668 2.38076 5.38697 5.35956 5.47154 
1.60963 4.27984 2.90496 4.07545 7.33368 
7.05025 4.49138 4.76643 4.20171 3.27844 
8.59996 8.65047 4.71975 3.3738 1.91638 
2.60509 8.00201 4.96717 6.26828 10.2537 
4.94144 0.773369 5.32824 5.78261 7.03855 
5.43854 8.10264 2.03494 1.94023 5.54982 
7.15489 3.6161 5.53263 5.19736 4.46817 
6.60212 7.40074 2.68881 1.34952 3.04253 
4.12698 5.99854 0.276586 1.12872 5.02309 
6.83159 4.02061 4.81864 4.38244 3.75659 
6.67171 8.78093 2.97069 2.23573 4.85989 
6.31656 3.77669 4.36715 4.02449 3.9057 
3.74363 9.14025 5.75083 6.98896 11.0282 
6.21911 4.13088 3.99805 3.57476 3.55557 
4.67898 2.35593 3.95942 4.24223 5.58789 
2.27695 3.12554 4.11709 5.12551 7.85504 
8.7395 6.72037 5.64907 4.60831 1.45413 
0.340147 5.59904 4.2534 5.57431 9.16081 
8.31633 4.75943 6.32712 5.76254 4.04797 
7.08363 7.55066 3.20214 1.85586 2.52539 
1.62641 4.1653 3.01942 4.17354 7.3814 
3.94635 3.386 2.75986 3.18925 5.32989 
2.53298 7.92526 5.23883 6.55735 10.5101 
8.53353 7.52354 4.98186 3.74037 0.311448 
6.93745 7.47407 3.05138 1.70511 2.64802 
0.866487 5.60108 3.13536 4.469 8.16854 
3.48827 3.48794 2.59856 3.22025 5.68516 
5.49459 7.6286 1.7254 1.23471 4.83257 
5.7649 5.70629 2.37124 1.48637 3.06341 
1.0469 6.04239 3.26725 4.61307 8.41215 
4.74709 1.74413 4.48092 4.8353 6.12148 
7.63273 4.89401 5.26339 4.60541 3.09613 
5.65662 3.92227 3.53276 3.25498 3.87738 
4.43353 5.11892 1.38654 1.44257 4.39386 
6.04901 7.14228 2.12132 0.801561 3.53278 
5.95552 1.56259 5.57197 5.73266 6.2357 
3.74001 3.49185 2.61358 3.12815 5.45011 
0.70214 4.74979 4.12317 5.37894 8.73066 
4.50126 4.88723 1.65747 1.66964 4.32297 
9.58188 6.64536 6.89123 5.98385 2.92015 
5.49015 1.40801 7.00298 7.64933 9.06353 
7.74247 6.79651 4.28155 3.11002 1.0824 
5.98141 1.24868 7.20884 7.75867 8.88978 
5.8698 0.483322 6.38193 6.77027 7.62992 
7.52091 6.51627 4.13192 3.00987 1.32834 
6.86476 3.27185 5.40626 5.15598 4.70473 
7.97161 9.08204 4.04623 2.83805 3.5137 
3.44071 5.94577 0.509902 1.8554 5.76095 
5.20247 8.79755 2.82931 3.24785 6.99203 
5.10529 8.26027 2.19829 2.48395 6.24501 
5.38781 6.71591 1.46328 0.166433 4.01005 
9.19405 8.24738 5.54813 4.25738 0.588303 
5.70846 8.36915 2.31249 2.11946 5.57215 
6.11191 8.62986 2.62452 2.23486 5.41128 
5.65107 7.19467 1.71572 0.638905 4.12029 
5.21982 2.16453 4.46025 4.6322 5.55195 
5.23689 1.46414 6.84202 7.52475 9.05647 
5.98506 1.28456 5.80983 6.01985 6.57392 
7.74665 9.56831 3.9773 3.04095 4.66978 
6.42795 1.51611 6.20613 6.3607 6.67261 
4.90486 7.84297 1.76477 2.05934 5.90699 
8.05105 8.81082 4.11122 2.8211 2.94822 
6.65009 9.70341 3.62221 3.44193 6.4925 
2.91234 2.49596 4.58214 5.48767 7.91205 
6.64003 7.79064 2.70002 1.44554 3.45824 
8.82261 7.99766 5.16736 3.87764 0.52811 
6.74273 5.3463 3.80217 2.98931 2.40104 
3.27867 4.40556 1.69257 2.50186 5.56343 
2.09029 3.3501 3.80728 4.84199 7.67777 
8.10038 6.63727 4.82996 3.73591 1.04785 
6.33001 10.0066 3.98363 4.17346 7.56965 
1.55563 6.42225 3.05655 4.39659 8.29444 
1.30614 6.63392 3.90621 5.24938 9.11497 
1.9601 3.48105 4.36936 5.45388 8.32434 
3.19232 7.30537 2.22266 3.37249 7.4234 
2.98613 4.48688 1.69012 2.64367 5.8439 
6.71745 4.93974 4.03708 3.3494 2.74563 
8.84634 5.91711 6.28859 5.46927 2.91488 
1.5979 4.09099 3.15696 4.30475 7.47985 
4.59353 1.04661 5.91026 6.58238 8.23156 
1.94504 7.30286 4.28029 5.60289 9.54971 
6.93663 2.98117 5.72031 5.53954 5.14339 
4.45325 1.14232 4.9619 5.50136 7.0396 
5.58757 7.656 1.7936 1.21511 4.74178 
2.6503 2.84074 4.76496 5.74729 8.32061 
2.31206 3.5116 3.11893 4.10819 6.97924 
4.12689 4.84608 1.43224 1.75237 4.6947 
4.14664 1.27063 5.04608 5.69134 7.44478 
8.41628 4.95707 6.3288 5.72051 3.86699 
3.89514 6.26355 0.235372 1.46932 5.46601 
5.46883 1.09444 5.41915 5.71679 6.58736 
2.55853 7.89543 5.55673 6.88707 10.8047 
7.5463 9.65932 3.89139 3.10345 5.11476 
4.29284 5.83378 0.593633 0.991413 4.74676 
6.86236 3.33054 5.35956 5.09513 4.62776 
9.29465 11.7197 5.86847 5.16405 6.62773 
4.92062 2.89928 3.67614 3.80217 5.00373 
4.52374 1.54457 4.56606 5.01352 6.46421 
9.12693 11.5278 5.68206 4.97205 6.47309 
4.85092 6.23914 0.984124 0.415933 4.32412 
3.82001 2.75812 3.33242 3.85778 5.88069 
7.68376 9.91817 4.09646 3.364 5.38911 
6.01007 9.0337 2.9481 2.8792 6.22524 
7.77371 9.66207 4.03071 3.12508 4.79843 
8.72402 7.97077 5.0527 3.7581 0.618142 
4.6739 7.27596 1.19038 1.51608 5.48566 
7.10623 8.46083 3.19102 2.04012 3.74098 
1.68077 7.00009 5.01343 6.35901 10.1786 
5.27444 7.572 1.58221 1.32095 5.05633 
1.28693 6.23003 3.17246 4.51807 8.3672 
2.45703 7.7184 4.14889 5.42971 9.43936 
6.22509 5.09409 3.32746 2.61926 2.81114 
1.95438 3.4757 3.80848 4.87032 7.76486 
8.52772 9.9585 4.67039 3.57771 4.29337 
9.03064 11.0892 5.40668 4.55343 5.7413 
6.51255 9.64268 3.55688 3.44106 6.58317 
1.17745 5.30386 5.05507 6.34013 9.73753 
7.1522 6.07557 3.88902 2.86217 1.75482 
4.35997 3.94819 2.42124 2.61283 4.69384 
7.54245 6.93705 3.96182 2.73651 1.3288 
5.74544 7.35942 1.82165 0.804301 4.17412 
6.09663 9.29534 3.21111 3.21399 6.56101 
6.11736 1.46185 7.41242 7.97023 9.09321 
4.06785 4.28095 1.95533 2.29212 4.8316 
2.56457 6.41826 1.82321 3.13665 7.11157 
8.71699 11.2021 5.31008 4.65214 6.39345 
2.11993 3.28299 4.19612 5.24031 8.03874 
0.71 6.10129 4.00889 5.35217 9.09293 
3.75047 6.26547 0.368917 1.63878 5.63413 
4.08032 5.92963 0.290689 1.17346 5.03671 
9.10607 6.06409 6.57037 5.74659 3.078 
2.46595 5.80262 1.52191 2.867 6.71527 
1.12699 5.19577 4.97226 6.25115 9.62929 
3.23149 6.20047 0.882043 2.20239 6.17214 
1.03446 6.34137 3.78021 5.12645 8.94452 
6.64534 6.16093 3.19725 2.11256 2.17846 
6.96475 8.97456 3.23373 2.41878 4.75946 
4.03708 7.50219 1.70988 2.56811 6.59098 
4.00211 1.5435 5.50245 6.26231 8.19295 
5.49637 1.61555 5.08128 5.29083 6.06278 
2.9638 4.7034 1.50446 2.52723 5.85793 
6.83418 5.04386 4.11491 3.39411 2.63655 
8.58785 7.17527 5.20877 4.04361 0.565862 
5.05894 4.62854 2.38202 2.11152 3.85778 
8.12015 8.91454 4.18005 2.89884 3.02372 
3.05125 7.6623 2.96921 4.14074 8.19129 
6.16507 7.64054 2.23759 1.11503 3.93376 
0.580086 5.0012 3.48382 4.77017 8.26395 
2.64756 5.7788 1.32019 2.66391 6.51074 
2.13591 7.43962 4.13998 5.44728 9.42461 
2.18762 4.66401 2.04636 3.22616 6.6341 
1.31552 6.23003 3.13428 4.47975 8.33203 
4.52823 8.44976 2.72547 3.44843 7.3761 
4.38755 4.55505 1.88003 2.00125 4.47303 
8.66977 5.63152 6.22371 5.4595 3.12578 
2.12207 3.81698 2.90353 3.95399 6.97976 
8.63454 11.2528 5.3101 4.71781 6.61151 
4.77602 8.78797 3.05943 3.73251 7.614 
7.57751 10.7211 4.64303 4.39001 7.09174 
6.34739 4.06795 4.19338 3.77345 3.60917 
6.96443 6.6547 3.35726 2.14516 1.93342 
5.8749 0.882383 6.91344 7.42564 8.50417 
0.910879 5.66703 4.85051 6.16432 9.6925 
1.54055 3.9492 4.38456 5.54066 8.58919 
6.86324 7.28025 3.01055 1.6694 2.54466 
4.94813 0.759276 5.34177 5.79672 7.05063 
9.24589 6.66012 6.39414 5.43438 2.31225 
3.5761 7.17865 1.64694 2.70978 6.76104 
4.26161 8.42021 2.89831 3.74509 7.72166 
2.23486 6.75992 2.61008 3.91318 7.89949 
8.10941 5.02359 5.83699 5.1789 3.3669 
6.33378 1.83415 5.81932 5.90474 6.1502 
3.99592 2.48212 6.3002 7.20118 9.37251 
4.22019 1.41496 5.72417 6.46418 8.30996 
6.22384 1.01316 6.37057 6.63887 7.19881 
4.25962 8.50673 3.04258 3.90548 7.88438 
4.51774 4.44897 2.07087 2.12038 4.37879 
8.27613 8.09534 4.46512 3.12775 1.47763 
7.80224 6.46375 4.52657 3.44606 1.22184 
3.9492 1.54055 4.70601 5.35584 7.19611 
5.64156 0.830963 5.75858 6.07543 6.90103 
8.73546 9.9389 4.83827 3.67633 3.98221 
7.63482 9.44847 3.8578 2.91926 4.61637 
2.36958 7.76623 5.07632 6.39832 10.3432 
0.67424 6.01659 4.36867 5.70629 9.38616 
9.27552 8.01655 5.74153 4.49285 0.45618 
4.59498 1.87459 6.51415 7.3036 9.15714 
2.94335 8.27557 4.70714 5.96303 9.992 
6.08823 2.22272 5.2399 5.26279 5.54923 
3.20782 3.01974 3.13461 3.86359 6.2859 
4.19075 8.62951 3.32435 4.23873 8.23234 
7.63269 5.5403 4.83865 4 2.22948 
4.1857 5.14401 1.17209 1.47828 4.65236 
3.10408 7.36285 2.41019 3.57498 7.62512 
2.75191 8.13819 5.44409 6.75741 10.7208 
4.33683 1.91207 4.19945 4.64961 6.22297 
5.98369 0.976729 7.02249 7.52734 8.56923 
3.53794 8.93804 5.80404 7.07018 11.0929 
6.88368 7.04509 3.10459 1.79471 2.29539 
7.05904 7.09294 3.30048 1.99692 2.09124 
6.19112 7.91432 2.3132 1.35882 4.25067 
5.05175 8.28254 2.23654 2.57344 6.35412 
6.93728 10.1278 4.04224 3.89104 6.87514 
0.579741 5.18322 3.38213 4.68565 8.24442 
0.734302 5.89299 4.59657 5.92638 9.54741 
2.56289 3.51006 2.90264 3.83416 6.65368 
8.50436 8.43187 4.65318 3.30796 1.68428 
