250 5 16
777 335 649 27 763 
9.26 5.4 4.26 1.72 7.36 2.11 3.68 5.67 4.29 7.82 5.3 8.62 1.23 0.67 1.35 9.29 
10 13 8 5 7 14 2 11 1 4 13 0 1 12 1 10 6 12 0 2 4 11 10 11 10 1 12 5 1 12 9 1 3 7 1 10 0 4 3 12 5 10 11 11 4 9 4 11 11 3 7 11 9 13 1 15 9 11 10 8 0 13 15 10 5 1 10 14 3 12 4 2 14 5 2 8 2 4 10 14 4 3 7 9 6 15 4 13 7 12 4 0 12 7 12 0 3 1 7 9 3 9 14 0 5 14 4 9 3 10 14 1 8 10 1 2 14 9 15 9 3 2 5 8 4 4 8 5 10 0 14 9 9 13 5 7 1 6 0 2 6 11 2 4 10 7 12 8 4 15 4 5 4 7 6 5 8 8 9 6 15 2 9 13 10 6 8 2 10 15 3 14 10 10 2 12 0 10 1 9 3 1 10 1 14 7 3 9 1 5 11 1 10 15 14 1 13 11 13 14 13 12 11 2 13 12 13 0 15 11 14 10 1 13 15 5 6 6 14 14 13 6 9 0 12 10 11 13 11 1 15 2 5 5 3 12 14 5 2 4 8 10 6 11 8 10 8 7 14 11 
9032.75 11565.8 5664.38 5016.14 6680.01 
5382.43 8482.36 2403.37 2558.85 6205.52 
9223.45 11752.5 5857.69 5200.96 6792.13 
4651.08 6573.8 721.803 760.592 4811.79 
5316.03 2875.71 4005.36 4029.81 4871.55 
5740.4 7601.09 1875.45 1077.87 4466.45 
3612.48 5685.89 434.166 1641.95 5429.71 
6010.9 1754.82 7537.45 8156.7 9427.14 
8614.51 6252.5 5746.83 4809.83 2047.07 
5898.86 8000.62 2144.62 1511.59 4772.81 
6339.42 9527.42 3441.35 3388.13 6626.16 
1283.9 4134.11 3734.66 4912.35 8084.52 
757.694 6053.92 3722.28 5066.45 8825.72 
5954.49 2119.46 5168.96 5225.67 5617.42 
6746.27 4378.09 4458.8 3930.32 3320.24 
8432.14 9306.45 4495.39 3240.52 3263.92 
3061.05 8281.36 4350.37 5572 9615.66 
2272.2 7370.17 3617.73 4904.33 8908.34 
2358.5 5313.27 1599.06 2895.6 6579 
487.032 5343.94 4401.92 5704.24 9202.23 
5951.24 4875.92 3153.98 2550.71 3093.17 
7571.27 10662.5 4589.47 4310.19 6982.64 
4515.86 8593.93 2957.58 3718.31 7652.56 
4891.55 4979.02 1929.25 1654.84 3937.32 
2971.21 4874.09 1358.01 2433.87 5860.83 
7701.44 4761.77 5448.68 4831 3339.28 
2987.66 2655.9 3747.69 4567.24 6980.35 
6087.77 8125.72 2316.72 1601.78 4686.46 
5207.04 1153.95 5179.29 5514.21 6538.54 
5045.91 4606.79 2387.32 2128.1 3875.59 
8457.33 11128.5 5163.82 4605.7 6615.47 
5608.65 3436.28 3851.57 3696.77 4297.03 
3285.68 2457.48 5418.06 6341.68 8682.08 
6124.13 3018.23 4700.27 4554.67 4684.02 
2178.3 3712.48 5135.46 6251.67 9119.5 
7313.61 6191.12 4034.08 2984.85 1601.53 
1457.74 3947.82 4047.28 5201.25 8280.02 
5878.82 3024.83 4431.37 4316.77 4652.49 
5301.82 7724.31 1698 1511.19 5214.22 
6390.15 4951.86 3624.16 2948.22 2821.1 
4440.02 1380.62 4705.96 5205.25 6724.08 
1436.8 6720.93 3810.47 5150.07 9040.98 
6316.68 2380.76 5386.97 5359.56 5471.54 
1609.63 4279.84 2904.96 4075.45 7333.68 
7050.25 4491.38 4766.43 4201.71 3278.44 
8599.96 8650.47 4719.75 3373.8 1916.38 
2605.09 8002.01 4967.17 6268.28 10253.7 
4941.44 773.369 5328.24 5782.61 7038.55 
5438.54 8102.64 2034.94 1940.23 5549.82 
7154.89 3616.1 5532.63 5197.36 4468.17 
6602.12 7400.74 2688.81 1349.52 3042.53 
4126.98 5998.54 276.586 1128.72 5023.09 
6831.59 4020.61 4818.64 4382.44 3756.59 
6671.71 8780.93 2970.69 2235.73 4859.89 
6316.56 3776.69 4367.15 4024.49 3905.7 
3743.63 9140.25 5750.83 6988.96 11028.2 
6219.11 4130.88 3998.05 3574.76 3555.57 
4678.98 2355.93 3959.42 4242.23 5587.89 
2276.95 3125.54 4117.09 5125.51 7855.04 
8739.5 6720.37 5649.07 4608.31 1454.13 
340.147 5599.04 4253.4 5574.31 9160.81 
8316.33 4759.43 6327.12 5762.54 4047.97 
7083.63 7550.66 3202.14 1855.86 2525.39 
1626.41 4165.3 3019.42 4173.54 7381.4 
3946.35 3386 2759.86 3189.25 5329.89 
2532.98 7925.26 5238.83 6557.35 10510.1 
8533.53 7523.54 4981.86 3740.37 311.448 
6937.45 7474.07 3051.38 1705.11 2648.02 
866.487 5601.08 3135.36 4469 8168.54 
3488.27 3487.94 2598.56 3220.25 5685.16 
5494.59 7628.6 1725.4 1234.71 4832.57 
5764.9 5706.29 2371.24 1486.37 3063.41 
1046.9 6042.39 3267.25 4613.07 8412.15 
4747.09 1744.13 4480.92 4835.3 6121.48 
7632.73 4894.01 5263.39 4605.41 3096.13 
5656.62 3922.27 3532.76 3254.98 3877.38 
4433.53 5118.92 1386.54 1442.57 4393.86 
6049.01 7142.28 2121.32 801.561 3532.78 
5955.52 1562.59 5571.97 5732.66 6235.7 
3740.01 3491.85 2613.58 3128.15 5450.11 
702.14 4749.79 4123.17 5378.94 8730.66 
4501.26 4887.23 1657.47 1669.64 4322.97 
9581.88 6645.36 6891.23 5983.85 2920.15 
5490.15 1408.01 7002.98 7649.33 9063.53 
7742.47 6796.51 4281.55 3110.02 1082.4 
5981.41 1248.68 7208.84 7758.67 8889.78 
5869.8 483.322 6381.93 6770.27 7629.92 
7520.91 6516.27 4131.92 3009.87 1328.34 
6864.76 3271.85 5406.26 5155.98 4704.73 
7971.61 9082.04 4046.23 2838.05 3513.7 
3440.71 5945.77 509.902 1855.4 5760.95 
5202.47 8797.55 2829.31 3247.85 6992.03 
5105.29 8260.27 2198.29 2483.95 6245.01 
5387.81 6715.91 1463.28 166.433 4010.05 
9194.05 8247.38 5548.13 4257.38 588.303 
5708.46 8369.15 2312.49 2119.46 5572.15 
6111.91 8629.86 2624.52 2234.86 5411.28 
5651.07 7194.67 1715.72 638.905 4120.29 
5219.82 2164.53 4460.25 4632.2 5551.95 
5236.89 1464.14 6842.02 7524.75 9056.47 
5985.06 1284.56 5809.83 6019.85 6573.92 
7746.65 9568.31 3977.3 3040.95 4669.78 
6427.95 1516.11 6206.13 6360.7 6672.61 
4904.86 7842.97 1764.77 2059.34 5906.99 
8051.05 8810.82 4111.22 2821.1 2948.22 
6650.09 9703.41 3622.21 3441.93 6492.5 
2912.34 2495.96 4582.14 5487.67 7912.05 
6640.03 7790.64 2700.02 1445.54 3458.24 
8822.61 7997.66 5167.36 3877.64 528.11 
6742.73 5346.3 3802.17 2989.31 2401.04 
3278.67 4405.56 1692.57 2501.86 5563.43 
2090.29 3350.1 3807.28 4841.99 7677.77 
8100.38 6637.27 4829.96 3735.91 1047.85 
6330.01 10006.6 3983.63 4173.46 7569.65 
1555.63 6422.25 3056.55 4396.59 8294.44 
1306.14 6633.92 3906.21 5249.38 9114.97 
1960.1 3481.05 4369.36 5453.88 8324.34 
3192.32 7305.37 2222.66 3372.49 7423.4 
2986.13 4486.88 1690.12 2643.67 5843.9 
6717.45 4939.74 4037.08 3349.4 2745.63 
8846.34 5917.11 6288.59 5469.27 2914.88 
1597.9 4090.99 3156.96 4304.75 7479.85 
4593.53 1046.61 5910.26 6582.38 8231.56 
1945.04 7302.86 4280.29 5602.89 9549.71 
6936.63 2981.17 5720.31 5539.54 5143.39 
4453.25 1142.32 4961.9 5501.36 7039.6 
5587.57 7656 1793.6 1215.11 4741.78 
2650.3 2840.74 4764.96 5747.29 8320.61 
2312.06 3511.6 3118.93 4108.19 6979.24 
4126.89 4846.08 1432.24 1752.37 4694.7 
4146.64 1270.63 5046.08 5691.34 7444.78 
8416.28 4957.07 6328.8 5720.51 3866.99 
3895.14 6263.55 235.372 1469.32 5466.01 
5468.83 1094.44 5419.15 5716.79 6587.36 
2558.53 7895.43 5556.73 6887.07 10804.7 
7546.3 9659.32 3891.39 3103.45 5114.76 
4292.84 5833.78 593.633 991.413 4746.76 
6862.36 3330.54 5359.56 5095.13 4627.76 
9294.65 11719.7 5868.47 5164.05 6627.73 
4920.62 2899.28 3676.14 3802.17 5003.73 
4523.74 1544.57 4566.06 5013.52 6464.21 
9126.93 11527.8 5682.06 4972.05 6473.09 
4850.92 6239.14 984.124 415.933 4324.12 
3820.01 2758.12 3332.42 3857.78 5880.69 
7683.76 9918.17 4096.46 3364 5389.11 
6010.07 9033.7 2948.1 2879.2 6225.24 
7773.71 9662.07 4030.71 3125.08 4798.43 
8724.02 7970.77 5052.7 3758.1 618.142 
4673.9 7275.96 1190.38 1516.08 5485.66 
7106.23 8460.83 3191.02 2040.12 3740.98 
1680.77 7000.09 5013.43 6359.01 10178.6 
5274.44 7572 1582.21 1320.95 5056.33 
1286.93 6230.03 3172.46 4518.07 8367.2 
2457.03 7718.4 4148.89 5429.71 9439.36 
6225.09 5094.09 3327.46 2619.26 2811.14 
1954.38 3475.7 3808.48 4870.32 7764.86 
8527.72 9958.5 4670.39 3577.71 4293.37 
9030.64 11089.2 5406.68 4553.43 5741.3 
6512.55 9642.68 3556.88 3441.06 6583.17 
1177.45 5303.86 5055.07 6340.13 9737.53 
7152.2 6075.57 3889.02 2862.17 1754.82 
4359.97 3948.19 2421.24 2612.83 4693.84 
7542.45 6937.05 3961.82 2736.51 1328.8 
5745.44 7359.42 1821.65 804.301 4174.12 
6096.63 9295.34 3211.11 3213.99 6561.01 
6117.36 1461.85 7412.42 7970.23 9093.21 
4067.85 4280.95 1955.33 2292.12 4831.6 
2564.57 6418.26 1823.21 3136.65 7111.57 
8716.99 11202.1 5310.08 4652.14 6393.45 
2119.93 3282.99 4196.12 5240.31 8038.74 
710 6101.29 4008.89 5352.17 9092.93 
3750.47 6265.47 368.917 1638.78 5634.13 
4080.32 5929.63 290.689 1173.46 5036.71 
9106.07 6064.09 6570.37 5746.59 3078 
2465.95 5802.62 1521.91 2867 6715.27 
1126.99 5195.77 4972.26 6251.15 9629.29 
3231.49 6200.47 882.043 2202.39 6172.14 
1034.46 6341.37 3780.21 5126.45 8944.52 
6645.34 6160.93 3197.25 2112.56 2178.46 
6964.75 8974.56 3233.73 2418.78 4759.46 
4037.08 7502.19 1709.88 2568.11 6590.98 
4002.11 1543.5 5502.45 6262.31 8192.95 
5496.37 1615.55 5081.28 5290.83 6062.78 
2963.8 4703.4 1504.46 2527.23 5857.93 
6834.18 5043.86 4114.91 3394.11 2636.55 
8587.85 7175.27 5208.77 4043.61 565.862 
5058.94 4628.54 2382.02 2111.52 3857.78 
8120.15 8914.54 4180.05 2898.84 3023.72 
3051.25 7662.3 2969.21 4140.74 8191.29 
6165.07 7640.54 2237.59 1115.03 3933.76 
580.086 5001.2 3483.82 4770.17 8263.95 
2647.56 5778.8 1320.19 2663.91 6510.74 
2135.91 7439.62 4139.98 5447.28 9424.61 
2187.62 4664.01 2046.36 3226.16 6634.1 
1315.52 6230.03 3134.28 4479.75 8332.03 
4528.23 8449.76 2725.47 3448.43 7376.1 
4387.55 4555.05 1880.03 2001.25 4473.03 
8669.77 5631.52 6223.71 5459.5 3125.78 
2122.07 3816.98 2903.53 3953.99 6979.76 
8634.54 11252.8 5310.1 4717.81 6611.51 
4776.02 8787.97 3059.43 3732.51 7614 
7577.51 10721.1 4643.03 4390.01 7091.74 
6347.39 4067.95 4193.38 3773.45 3609.17 
6964.43 6654.7 3357.26 2145.16 1933.42 
5874.9 882.383 6913.44 7425.64 8504.17 
910.879 5667.03 4850.51 6164.32 9692.5 
1540.55 3949.2 4384.56 5540.66 8589.19 
6863.24 7280.25 3010.55 1669.4 2544.66 
4948.13 759.276 5341.77 5796.72 7050.63 
9245.89 6660.12 6394.14 5434.38 2312.25 
3576.1 7178.65 1646.94 2709.78 6761.04 
4261.61 8420.21 2898.31 3745.09 7721.66 
2234.86 6759.92 2610.08 3913.18 7899.49 
8109.41 5023.59 5836.99 5178.9 3366.9 
6333.78 1834.15 5819.32 5904.74 6150.2 
3995.92 2482.12 6300.2 7201.18 9372.51 
4220.19 1414.96 5724.17 6464.18 8309.96 
6223.84 1013.16 6370.57 6638.87 7198.81 
4259.62 8506.73 3042.58 3905.48 7884.38 
4517.74 4448.97 2070.87 2120.38 4378.79 
8276.13 8095.34 4465.12 3127.75 1477.63 
7802.24 6463.75 4526.57 3446.06 1221.84 
3949.2 1540.55 4706.01 5355.84 7196.11 
5641.56 830.963 5758.58 6075.43 6901.03 
8735.46 9938.9 4838.27 3676.33 3982.21 
7634.82 9448.47 3857.8 2919.26 4616.37 
2369.58 7766.23 5076.32 6398.32 10343.2 
674.24 6016.59 4368.67 5706.29 9386.16 
9275.52 8016.55 5741.53 4492.85 456.18 
4594.98 1874.59 6514.15 7303.6 9157.14 
2943.35 8275.57 4707.14 5963.03 9992 
6088.23 2222.72 5239.9 5262.79 5549.23 
3207.82 3019.74 3134.61 3863.59 6285.9 
4190.75 8629.51 3324.35 4238.73 8232.34 
7632.69 5540.3 4838.65 4000 2229.48 
4185.7 5144.01 1172.09 1478.28 4652.36 
3104.08 7362.85 2410.19 3574.98 7625.12 
2751.91 8138.19 5444.09 6757.41 10720.8 
4336.83 1912.07 4199.45 4649.61 6222.97 
5983.69 976.729 7022.49 7527.34 8569.23 
3537.94 8938.04 5804.04 7070.18 11092.9 
6883.68 7045.09 3104.59 1794.71 2295.39 
7059.04 7092.94 3300.48 1996.92 2091.24 
6191.12 7914.32 2313.2 1358.82 4250.67 
5051.75 8282.54 2236.54 2573.44 6354.12 
6937.28 10127.8 4042.24 3891.04 6875.14 
579.741 5183.22 3382.13 4685.65 8244.42 
734.302 5892.99 4596.57 5926.38 9547.41 
2562.89 3510.06 2902.64 3834.16 6653.68 
8504.36 8431.87 4653.18 3307.96 1684.28 
