250 5 16
777 335 649 27 763 
926000 540000 426000 172000 736000 211000 368000 567000 429000 782000 530000 862000 123000 67000 135000 929000 
10 13 8 5 7 14 2 11 1 4 13 0 1 12 1 10 6 12 0 2 4 11 10 11 10 1 12 5 1 12 9 1 3 7 1 10 0 4 3 12 5 10 11 11 4 9 4 11 11 3 7 11 9 13 1 15 9 11 10 8 0 13 15 10 5 1 10 14 3 12 4 2 14 5 2 8 2 4 10 14 4 3 7 9 6 15 4 13 7 12 4 0 12 7 12 0 3 1 7 9 3 9 14 0 5 14 4 9 3 10 14 1 8 10 1 2 14 9 15 9 3 2 5 8 4 4 8 5 10 0 14 9 9 13 5 7 1 6 0 2 6 11 2 4 10 7 12 8 4 15 4 5 4 7 6 5 8 8 9 6 15 2 9 13 10 6 8 2 10 15 3 14 10 10 2 12 0 10 1 9 3 1 10 1 14 7 3 9 1 5 11 1 10 15 14 1 13 11 13 14 13 12 11 2 13 12 13 0 15 11 14 10 1 13 15 5 6 6 14 14 13 6 9 0 12 10 11 13 11 1 15 2 5 5 3 12 14 5 2 4 8 10 6 11 8 10 8 7 14 11 
90327.5 115658 56643.8 50161.4 66800.1 
53824.3 84823.6 24033.7 25588.5 62055.2 
92234.5 117525 58576.9 52009.6 67921.3 
46510.8 65738 7218.03 7605.92 48117.9 
53160.3 28757.1 40053.6 40298.1 48715.5 
57404 76010.9 18754.5 10778.7 44664.5 
36124.8 56858.9 4341.66 16419.5 54297.1 
60109 17548.2 75374.5 81567 94271.4 
86145.1 62525 57468.3 48098.3 20470.7 
58988.6 80006.2 21446.2 15115.9 47728.1 
63394.2 95274.2 34413.5 33881.3 66261.6 
12839 41341.1 37346.6 49123.5 80845.2 
7576.94 60539.2 37222.8 50664.5 88257.2 
59544.9 21194.6 51689.6 52256.7 56174.2 
67462.7 43780.9 44588 39303.2 33202.4 
84321.4 93064.5 44953.9 32405.2 32639.2 
30610.5 82813.6 43503.7 55720 96156.6 
22722 73701.7 36177.3 49043.3 89083.4 
23585 53132.7 15990.6 28956 65790 
4870.32 53439.4 44019.2 57042.4 92022.3 
59512.4 48759.2 31539.8 25507.1 30931.7 
75712.7 106625 45894.7 43101.9 69826.4 
45158.6 85939.3 29575.8 37183.1 76525.6 
48915.5 49790.2 19292.5 16548.4 39373.2 
29712.1 48740.9 13580.1 24338.7 58608.3 
77014.4 47617.7 54486.8 48310 33392.8 
29876.6 26559 37476.9 45672.4 69803.5 
60877.7 81257.2 23167.2 16017.8 46864.6 
52070.4 11539.5 51792.9 55142.1 65385.4 
50459.1 46067.9 23873.2 21281 38755.9 
84573.3 111285 51638.2 46057 66154.7 
56086.5 34362.8 38515.7 36967.7 42970.3 
32856.8 24574.8 54180.6 63416.8 86820.8 
61241.3 30182.3 47002.7 45546.7 46840.2 
21783 37124.8 51354.6 62516.7 91195 
73136.1 61911.2 40340.8 29848.5 16015.3 
14577.4 39478.2 40472.8 52012.5 82800.2 
58788.2 30248.3 44313.7 43167.7 46524.9 
53018.2 77243.1 16980 15111.9 52142.2 
63901.5 49518.6 36241.6 29482.2 28211 
44400.2 13806.2 47059.6 52052.5 67240.8 
14368 67209.3 38104.7 51500.7 90409.8 
63166.8 23807.6 53869.7 53595.6 54715.4 
16096.3 42798.4 29049.6 40754.5 73336.8 
70502.5 44913.8 47664.3 42017.1 32784.4 
85999.6 86504.7 47197.5 33738 19163.8 
26050.9 80020.1 49671.7 62682.8 102537 
49414.4 7733.69 53282.4 57826.1 70385.5 
54385.4 81026.4 20349.4 19402.3 55498.2 
71548.9 36161 55326.3 51973.6 44681.7 
66021.2 74007.4 26888.1 13495.2 30425.3 
41269.8 59985.4 2765.86 11287.2 50230.9 
68315.9 40206.1 48186.4 43824.4 37565.9 
66717.1 87809.3 29706.9 22357.3 48598.9 
63165.6 37766.9 43671.5 40244.9 39057 
37436.3 91402.5 57508.3 69889.6 110282 
62191.1 41308.8 39980.5 35747.6 35555.7 
46789.8 23559.3 39594.2 42422.3 55878.9 
22769.5 31255.4 41170.9 51255.1 78550.4 
87395 67203.7 56490.7 46083.1 14541.3 
3401.47 55990.4 42534 55743.1 91608.1 
83163.3 47594.3 63271.2 57625.4 40479.7 
70836.3 75506.6 32021.4 18558.6 25253.9 
16264.1 41653 30194.2 41735.4 73814 
39463.5 33860 27598.6 31892.5 53298.9 
25329.8 79252.6 52388.3 65573.5 105101 
85335.3 75235.4 49818.6 37403.7 3114.48 
69374.5 74740.7 30513.8 17051.1 26480.2 
8664.87 56010.8 31353.6 44690 81685.4 
34882.7 34879.4 25985.6 32202.5 56851.6 
54945.9 76286 17254 12347.1 48325.7 
57649 57062.9 23712.4 14863.7 30634.1 
10469 60423.9 32672.5 46130.7 84121.5 
47470.9 17441.3 44809.2 48353 61214.8 
76327.3 48940.1 52633.9 46054.1 30961.3 
56566.2 39222.7 35327.6 32549.8 38773.8 
44335.3 51189.2 13865.4 14425.7 43938.6 
60490.1 71422.8 21213.2 8015.61 35327.8 
59555.2 15625.9 55719.7 57326.6 62357 
37400.1 34918.5 26135.8 31281.5 54501.1 
7021.4 47497.9 41231.7 53789.4 87306.6 
45012.6 48872.3 16574.7 16696.4 43229.7 
95818.8 66453.6 68912.3 59838.5 29201.5 
54901.5 14080.1 70029.8 76493.3 90635.3 
77424.7 67965.1 42815.5 31100.2 10824 
59814.1 12486.8 72088.4 77586.7 88897.8 
58698 4833.22 63819.3 67702.7 76299.2 
75209.1 65162.7 41319.2 30098.7 13283.4 
68647.6 32718.5 54062.6 51559.8 47047.3 
79716.1 90820.4 40462.3 28380.5 35137 
34407.1 59457.7 5099.02 18554 57609.5 
52024.7 87975.5 28293.1 32478.5 69920.3 
51052.9 82602.7 21982.9 24839.5 62450.1 
53878.1 67159.1 14632.8 1664.33 40100.5 
91940.5 82473.8 55481.3 42573.8 5883.03 
57084.6 83691.5 23124.9 21194.6 55721.5 
61119.1 86298.6 26245.2 22348.6 54112.8 
56510.7 71946.7 17157.2 6389.05 41202.9 
52198.2 21645.3 44602.5 46322 55519.5 
52368.9 14641.4 68420.2 75247.5 90564.7 
59850.6 12845.6 58098.3 60198.5 65739.2 
77466.5 95683.1 39773 30409.5 46697.8 
64279.5 15161.1 62061.3 63607 66726.1 
49048.6 78429.7 17647.7 20593.4 59069.9 
80510.5 88108.2 41112.2 28211 29482.2 
66500.9 97034.1 36222.1 34419.3 64925 
29123.4 24959.6 45821.4 54876.7 79120.5 
66400.3 77906.4 27000.2 14455.4 34582.4 
88226.1 79976.6 51673.6 38776.4 5281.1 
67427.3 53463 38021.7 29893.1 24010.4 
32786.7 44055.6 16925.7 25018.6 55634.3 
20902.9 33501 38072.8 48419.9 76777.7 
81003.8 66372.7 48299.6 37359.1 10478.5 
63300.1 100066 39836.3 41734.6 75696.5 
15556.3 64222.5 30565.5 43965.9 82944.4 
13061.4 66339.2 39062.1 52493.8 91149.7 
19601 34810.5 43693.6 54538.8 83243.4 
31923.2 73053.7 22226.6 33724.9 74234 
29861.3 44868.8 16901.2 26436.7 58439 
67174.5 49397.4 40370.8 33494 27456.3 
88463.4 59171.1 62885.9 54692.7 29148.8 
15979 40909.9 31569.6 43047.5 74798.5 
45935.3 10466.1 59102.6 65823.8 82315.6 
19450.4 73028.6 42802.9 56028.9 95497.1 
69366.3 29811.7 57203.1 55395.4 51433.9 
44532.5 11423.2 49619 55013.6 70396 
55875.7 76560 17936 12151.1 47417.8 
26503 28407.4 47649.6 57472.9 83206.1 
23120.6 35116 31189.3 41081.9 69792.4 
41268.9 48460.8 14322.4 17523.7 46947 
41466.4 12706.3 50460.8 56913.4 74447.8 
84162.8 49570.7 63288 57205.1 38669.9 
38951.4 62635.5 2353.72 14693.2 54660.1 
54688.3 10944.4 54191.5 57167.9 65873.6 
25585.3 78954.3 55567.3 68870.7 108047 
75463 96593.2 38913.9 31034.5 51147.6 
42928.4 58337.8 5936.33 9914.13 47467.6 
68623.6 33305.4 53595.6 50951.3 46277.6 
92946.5 117197 58684.7 51640.5 66277.3 
49206.2 28992.8 36761.4 38021.7 50037.3 
45237.4 15445.7 45660.6 50135.2 64642.1 
91269.3 115278 56820.6 49720.5 64730.9 
48509.2 62391.4 9841.24 4159.33 43241.2 
38200.1 27581.2 33324.2 38577.8 58806.9 
76837.6 99181.7 40964.6 33640 53891.1 
60100.7 90337 29481 28792 62252.4 
77737.1 96620.7 40307.1 31250.8 47984.3 
87240.2 79707.7 50527 37581 6181.42 
46739 72759.6 11903.8 15160.8 54856.6 
71062.3 84608.3 31910.2 20401.2 37409.8 
16807.7 70000.9 50134.3 63590.1 101786 
52744.4 75720 15822.1 13209.5 50563.3 
12869.3 62300.3 31724.6 45180.7 83672 
24570.3 77184 41488.9 54297.1 94393.6 
62250.9 50940.9 33274.6 26192.6 28111.4 
19543.8 34757 38084.8 48703.2 77648.6 
85277.2 99585 46703.9 35777.1 42933.7 
90306.4 110892 54066.8 45534.3 57413 
65125.5 96426.8 35568.8 34410.6 65831.7 
11774.5 53038.6 50550.7 63401.3 97375.3 
71522 60755.7 38890.2 28621.7 17548.2 
43599.7 39481.9 24212.4 26128.3 46938.4 
75424.5 69370.5 39618.2 27365.1 13288 
57454.4 73594.2 18216.5 8043.01 41741.2 
60966.3 92953.4 32111.1 32139.9 65610.1 
61173.6 14618.5 74124.2 79702.3 90932.1 
40678.5 42809.5 19553.3 22921.2 48316 
25645.7 64182.6 18232.1 31366.5 71115.7 
87169.9 112021 53100.8 46521.4 63934.5 
21199.3 32829.9 41961.2 52403.1 80387.4 
7100 61012.9 40088.9 53521.7 90929.3 
37504.7 62654.7 3689.17 16387.8 56341.3 
40803.2 59296.3 2906.89 11734.6 50367.1 
91060.7 60640.9 65703.7 57465.9 30780 
24659.5 58026.2 15219.1 28670 67152.7 
11269.9 51957.7 49722.6 62511.5 96292.9 
32314.9 62004.7 8820.43 22023.9 61721.4 
10344.6 63413.7 37802.1 51264.5 89445.2 
66453.4 61609.3 31972.5 21125.6 21784.6 
69647.5 89745.6 32337.3 24187.8 47594.6 
40370.8 75021.9 17098.8 25681.1 65909.8 
40021.1 15435 55024.5 62623.1 81929.5 
54963.7 16155.5 50812.8 52908.3 60627.8 
29638 47034 15044.6 25272.3 58579.3 
68341.8 50438.6 41149.1 33941.1 26365.5 
85878.5 71752.7 52087.7 40436.1 5658.62 
50589.4 46285.4 23820.2 21115.2 38577.8 
81201.5 89145.4 41800.5 28988.4 30237.2 
30512.5 76623 29692.1 41407.4 81912.9 
61650.7 76405.4 22375.9 11150.3 39337.6 
5800.86 50012 34838.2 47701.7 82639.5 
26475.6 57788 13201.9 26639.1 65107.4 
21359.1 74396.2 41399.8 54472.8 94246.1 
21876.2 46640.1 20463.6 32261.6 66341 
13155.2 62300.3 31342.8 44797.5 83320.3 
45282.3 84497.6 27254.7 34484.3 73761 
43875.5 45550.5 18800.3 20012.5 44730.3 
86697.7 56315.2 62237.1 54595 31257.8 
21220.7 38169.8 29035.3 39539.9 69797.6 
86345.4 112528 53101 47178.1 66115.1 
47760.2 87879.7 30594.3 37325.1 76140 
75775.1 107211 46430.3 43900.1 70917.4 
63473.9 40679.5 41933.8 37734.5 36091.7 
69644.3 66547 33572.6 21451.6 19334.2 
58749 8823.83 69134.4 74256.4 85041.7 
9108.79 56670.3 48505.1 61643.2 96925 
15405.5 39492 43845.6 55406.6 85891.9 
68632.4 72802.5 30105.5 16694 25446.6 
49481.3 7592.76 53417.7 57967.2 70506.3 
92458.9 66601.2 63941.4 54343.8 23122.5 
35761 71786.5 16469.4 27097.8 67610.4 
42616.1 84202.1 28983.1 37450.9 77216.6 
22348.6 67599.2 26100.8 39131.8 78994.9 
81094.1 50235.9 58369.9 51789 33669 
63337.8 18341.5 58193.2 59047.4 61502 
39959.2 24821.2 63002 72011.8 93725.1 
42201.9 14149.6 57241.7 64641.8 83099.6 
62238.4 10131.6 63705.7 66388.7 71988.1 
42596.2 85067.3 30425.8 39054.8 78843.8 
45177.4 44489.7 20708.7 21203.8 43787.9 
82761.3 80953.4 44651.2 31277.5 14776.3 
78022.4 64637.5 45265.7 34460.6 12218.4 
39492 15405.5 47060.1 53558.4 71961.1 
56415.6 8309.63 57585.8 60754.3 69010.3 
87354.6 99389 48382.7 36763.3 39822.1 
76348.2 94484.7 38578 29192.6 46163.7 
23695.8 77662.3 50763.2 63983.2 103432 
6742.4 60165.9 43686.7 57062.9 93861.6 
92755.2 80165.5 57415.3 44928.5 4561.8 
45949.8 18745.9 65141.5 73036 91571.4 
29433.5 82755.7 47071.4 59630.3 99920 
60882.3 22227.2 52399 52627.9 55492.3 
32078.2 30197.4 31346.1 38635.9 62859 
41907.5 86295.1 33243.5 42387.3 82323.4 
76326.9 55403 48386.5 40000 22294.8 
41857 51440.1 11720.9 14782.8 46523.6 
31040.8 73628.5 24101.9 35749.8 76251.2 
27519.1 81381.9 54440.9 67574.1 107208 
43368.3 19120.7 41994.5 46496.1 62229.7 
59836.9 9767.29 70224.9 75273.4 85692.3 
35379.4 89380.4 58040.4 70701.8 110929 
68836.8 70450.9 31045.9 17947.1 22953.9 
70590.4 70929.4 33004.8 19969.2 20912.4 
61911.2 79143.2 23132 13588.2 42506.7 
50517.5 82825.4 22365.4 25734.4 63541.2 
69372.8 101278 40422.4 38910.4 68751.4 
5797.41 51832.2 33821.3 46856.5 82444.2 
7343.02 58929.9 45965.7 59263.8 95474.1 
25628.9 35100.6 29026.4 38341.6 66536.8 
85043.6 84318.7 46531.8 33079.6 16842.8 
