250 5 16
777 335 649 27 763 
9260 5400 4260 1720 7360 2110 3680 5670 4290 7820 5300 8620 1230 670 1350 9290 
10 13 8 5 7 14 2 11 1 4 13 0 1 12 1 10 6 12 0 2 4 11 10 11 10 1 12 5 1 12 9 1 3 7 1 10 0 4 3 12 5 10 11 11 4 9 4 11 11 3 7 11 9 13 1 15 9 11 10 8 0 13 15 10 5 1 10 14 3 12 4 2 14 5 2 8 2 4 10 14 4 3 7 9 6 15 4 13 7 12 4 0 12 7 12 0 3 1 7 9 3 9 14 0 5 14 4 9 3 10 14 1 8 10 1 2 14 9 15 9 3 2 5 8 4 4 8 5 10 0 14 9 9 13 5 7 1 6 0 2 6 11 2 4 10 7 12 8 4 15 4 5 4 7 6 5 8 8 9 6 15 2 9 13 10 6 8 2 10 15 3 14 10 10 2 12 0 10 1 9 3 1 10 1 14 7 3 9 1 5 11 1 10 15 14 1 13 11 13 14 13 12 11 2 13 12 13 0 15 11 14 10 1 13 15 5 6 6 14 14 13 6 9 0 12 10 11 13 11 1 15 2 5 5 3 12 14 5 2 4 8 10 6 11 8 10 8 7 14 11 
903.275 1156.58 566.438 501.614 668.001 
538.243 848.236 240.337 255.885 620.552 
922.345 1175.25 585.769 520.096 679.213 
465.108 657.38 72.1803 76.0592 481.179 
531.603 287.571 400.536 402.981 487.155 
574.04 760.109 187.545 107.787 446.645 
361.248 568.589 43.4166 164.195 542.971 
601.09 175.482 753.745 815.67 942.714 
861.451 625.25 574.683 480.983 204.707 
589.886 800.062 214.462 151.159 477.281 
633.942 952.742 344.135 338.813 662.616 
128.39 413.411 373.466 491.235 808.452 
75.7694 605.392 372.228 506.645 882.572 
595.449 211.946 516.896 522.567 561.742 
674.627 437.809 445.88 393.032 332.024 
843.214 930.645 449.539 324.052 326.392 
306.105 828.136 435.037 557.2 961.566 
227.22 737.017 361.773 490.433 890.834 
235.85 531.327 159.906 289.56 657.9 
48.7032 534.394 440.192 570.424 920.223 
595.124 487.592 315.398 255.071 309.317 
757.127 1066.25 458.947 431.019 698.264 
451.586 859.393 295.758 371.831 765.256 
489.155 497.902 192.925 165.484 393.732 
297.121 487.409 135.801 243.387 586.083 
770.144 476.177 544.868 483.1 333.928 
298.766 265.59 374.769 456.724 698.035 
608.777 812.572 231.672 160.178 468.646 
520.704 115.395 517.929 551.421 653.854 
504.591 460.679 238.732 212.81 387.559 
845.733 1112.85 516.382 460.57 661.547 
560.865 343.628 385.157 369.677 429.703 
328.568 245.748 541.806 634.168 868.208 
612.413 301.823 470.027 455.467 468.402 
217.83 371.248 513.546 625.167 911.95 
731.361 619.112 403.408 298.485 160.153 
145.774 394.782 404.728 520.125 828.002 
587.882 302.483 443.137 431.677 465.249 
530.182 772.431 169.8 151.119 521.422 
639.015 495.186 362.416 294.822 282.11 
444.002 138.062 470.596 520.525 672.408 
143.68 672.093 381.047 515.007 904.098 
631.668 238.076 538.697 535.956 547.154 
160.963 427.984 290.496 407.545 733.368 
705.025 449.138 476.643 420.171 327.844 
859.996 865.047 471.975 337.38 191.638 
260.509 800.201 496.717 626.828 1025.37 
494.144 77.3369 532.824 578.261 703.855 
543.854 810.264 203.494 194.023 554.982 
715.489 361.61 553.263 519.736 446.817 
660.212 740.074 268.881 134.952 304.253 
412.698 599.854 27.6586 112.872 502.309 
683.159 402.061 481.864 438.244 375.659 
667.171 878.093 297.069 223.573 485.989 
631.656 377.669 436.715 402.449 390.57 
374.363 914.025 575.083 698.896 1102.82 
621.911 413.088 399.805 357.476 355.557 
467.898 235.593 395.942 424.223 558.789 
227.695 312.554 411.709 512.551 785.504 
873.95 672.037 564.907 460.831 145.413 
34.0147 559.904 425.34 557.431 916.081 
831.633 475.943 632.712 576.254 404.797 
708.363 755.066 320.214 185.586 252.539 
162.641 416.53 301.942 417.354 738.14 
394.635 338.6 275.986 318.925 532.989 
253.298 792.526 523.883 655.735 1051.01 
853.353 752.354 498.186 374.037 31.1448 
693.745 747.407 305.138 170.511 264.802 
86.6487 560.108 313.536 446.9 816.854 
348.827 348.794 259.856 322.025 568.516 
549.459 762.86 172.54 123.471 483.257 
576.49 570.629 237.124 148.637 306.341 
104.69 604.239 326.725 461.307 841.215 
474.709 174.413 448.092 483.53 612.148 
763.273 489.401 526.339 460.541 309.613 
565.662 392.227 353.276 325.498 387.738 
443.353 511.892 138.654 144.257 439.386 
604.901 714.228 212.132 80.1561 353.278 
595.552 156.259 557.197 573.266 623.57 
374.001 349.185 261.358 312.815 545.011 
70.214 474.979 412.317 537.894 873.066 
450.126 488.723 165.747 166.964 432.297 
958.188 664.536 689.123 598.385 292.015 
549.015 140.801 700.298 764.933 906.353 
774.247 679.651 428.155 311.002 108.24 
598.141 124.868 720.884 775.867 888.978 
586.98 48.3322 638.193 677.027 762.992 
752.091 651.627 413.192 300.987 132.834 
686.476 327.185 540.626 515.598 470.473 
797.161 908.204 404.623 283.805 351.37 
344.071 594.577 50.9902 185.54 576.095 
520.247 879.755 282.931 324.785 699.203 
510.529 826.027 219.829 248.395 624.501 
538.781 671.591 146.328 16.6433 401.005 
919.405 824.738 554.813 425.738 58.8303 
570.846 836.915 231.249 211.946 557.215 
611.191 862.986 262.452 223.486 541.128 
565.107 719.467 171.572 63.8905 412.029 
521.982 216.453 446.025 463.22 555.195 
523.689 146.414 684.202 752.475 905.647 
598.506 128.456 580.983 601.985 657.392 
774.665 956.831 397.73 304.095 466.978 
642.795 151.611 620.613 636.07 667.261 
490.486 784.297 176.477 205.934 590.699 
805.105 881.082 411.122 282.11 294.822 
665.009 970.341 362.221 344.193 649.25 
291.234 249.596 458.214 548.767 791.205 
664.003 779.064 270.002 144.554 345.824 
882.261 799.766 516.736 387.764 52.811 
674.273 534.63 380.217 298.931 240.104 
327.867 440.556 169.257 250.186 556.343 
209.029 335.01 380.728 484.199 767.777 
810.038 663.727 482.996 373.591 104.785 
633.001 1000.66 398.363 417.346 756.965 
155.563 642.225 305.655 439.659 829.444 
130.614 663.392 390.621 524.938 911.497 
196.01 348.105 436.936 545.388 832.434 
319.232 730.537 222.266 337.249 742.34 
298.613 448.688 169.012 264.367 584.39 
671.745 493.974 403.708 334.94 274.563 
884.634 591.711 628.859 546.927 291.488 
159.79 409.099 315.696 430.475 747.985 
459.353 104.661 591.026 658.238 823.156 
194.504 730.286 428.029 560.289 954.971 
693.663 298.117 572.031 553.954 514.339 
445.325 114.232 496.19 550.136 703.96 
558.757 765.6 179.36 121.511 474.178 
265.03 284.074 476.496 574.729 832.061 
231.206 351.16 311.893 410.819 697.924 
412.689 484.608 143.224 175.237 469.47 
414.664 127.063 504.608 569.134 744.478 
841.628 495.707 632.88 572.051 386.699 
389.514 626.355 23.5372 146.932 546.601 
546.883 109.444 541.915 571.679 658.736 
255.853 789.543 555.673 688.707 1080.47 
754.63 965.932 389.139 310.345 511.476 
429.284 583.378 59.3633 99.1413 474.676 
686.236 333.054 535.956 509.513 462.776 
929.465 1171.97 586.847 516.405 662.773 
492.062 289.928 367.614 380.217 500.373 
452.374 154.457 456.606 501.352 646.421 
912.693 1152.78 568.206 497.205 647.309 
485.092 623.914 98.4124 41.5933 432.412 
382.001 275.812 333.242 385.778 588.069 
768.376 991.817 409.646 336.4 538.911 
601.007 903.37 294.81 287.92 622.524 
777.371 966.207 403.071 312.508 479.843 
872.402 797.077 505.27 375.81 61.8142 
467.39 727.596 119.038 151.608 548.566 
710.623 846.083 319.102 204.012 374.098 
168.077 700.009 501.343 635.901 1017.86 
527.444 757.2 158.221 132.095 505.633 
128.693 623.003 317.246 451.807 836.72 
245.703 771.84 414.889 542.971 943.936 
622.509 509.409 332.746 261.926 281.114 
195.438 347.57 380.848 487.032 776.486 
852.772 995.85 467.039 357.771 429.337 
903.064 1108.92 540.668 455.343 574.13 
651.255 964.268 355.688 344.106 658.317 
117.745 530.386 505.507 634.013 973.753 
715.22 607.557 388.902 286.217 175.482 
435.997 394.819 242.124 261.283 469.384 
754.245 693.705 396.182 273.651 132.88 
574.544 735.942 182.165 80.4301 417.412 
609.663 929.534 321.111 321.399 656.101 
611.736 146.185 741.242 797.023 909.321 
406.785 428.095 195.533 229.212 483.16 
256.457 641.826 182.321 313.665 711.157 
871.699 1120.21 531.008 465.214 639.345 
211.993 328.299 419.612 524.031 803.874 
71 610.129 400.889 535.217 909.293 
375.047 626.547 36.8917 163.878 563.413 
408.032 592.963 29.0689 117.346 503.671 
910.607 606.409 657.037 574.659 307.8 
246.595 580.262 152.191 286.7 671.527 
112.699 519.577 497.226 625.115 962.929 
323.149 620.047 88.2043 220.239 617.214 
103.446 634.137 378.021 512.645 894.452 
664.534 616.093 319.725 211.256 217.846 
696.475 897.456 323.373 241.878 475.946 
403.708 750.219 170.988 256.811 659.098 
400.211 154.35 550.245 626.231 819.295 
549.637 161.555 508.128 529.083 606.278 
296.38 470.34 150.446 252.723 585.793 
683.418 504.386 411.491 339.411 263.655 
858.785 717.527 520.877 404.361 56.5862 
505.894 462.854 238.202 211.152 385.778 
812.015 891.454 418.005 289.884 302.372 
305.125 766.23 296.921 414.074 819.129 
616.507 764.054 223.759 111.503 393.376 
58.0086 500.12 348.382 477.017 826.395 
264.756 577.88 132.019 266.391 651.074 
213.591 743.962 413.998 544.728 942.461 
218.762 466.401 204.636 322.616 663.41 
131.552 623.003 313.428 447.975 833.203 
452.823 844.976 272.547 344.843 737.61 
438.755 455.505 188.003 200.125 447.303 
866.977 563.152 622.371 545.95 312.578 
212.207 381.698 290.353 395.399 697.976 
863.454 1125.28 531.01 471.781 661.151 
477.602 878.797 305.943 373.251 761.4 
757.751 1072.11 464.303 439.001 709.174 
634.739 406.795 419.338 377.345 360.917 
696.443 665.47 335.726 214.516 193.342 
587.49 88.2383 691.344 742.564 850.417 
91.0879 566.703 485.051 616.432 969.25 
154.055 394.92 438.456 554.066 858.919 
686.324 728.025 301.055 166.94 254.466 
494.813 75.9276 534.177 579.672 705.063 
924.589 666.012 639.414 543.438 231.225 
357.61 717.865 164.694 270.978 676.104 
426.161 842.021 289.831 374.509 772.166 
223.486 675.992 261.008 391.318 789.949 
810.941 502.359 583.699 517.89 336.69 
633.378 183.415 581.932 590.474 615.02 
399.592 248.212 630.02 720.118 937.251 
422.019 141.496 572.417 646.418 830.996 
622.384 101.316 637.057 663.887 719.881 
425.962 850.673 304.258 390.548 788.438 
451.774 444.897 207.087 212.038 437.879 
827.613 809.534 446.512 312.775 147.763 
780.224 646.375 452.657 344.606 122.184 
394.92 154.055 470.601 535.584 719.611 
564.156 83.0963 575.858 607.543 690.103 
873.546 993.89 483.827 367.633 398.221 
763.482 944.847 385.78 291.926 461.637 
236.958 776.623 507.632 639.832 1034.32 
67.424 601.659 436.867 570.629 938.616 
927.552 801.655 574.153 449.285 45.618 
459.498 187.459 651.415 730.36 915.714 
294.335 827.557 470.714 596.303 999.2 
608.823 222.272 523.99 526.279 554.923 
320.782 301.974 313.461 386.359 628.59 
419.075 862.951 332.435 423.873 823.234 
763.269 554.03 483.865 400 222.948 
418.57 514.401 117.209 147.828 465.236 
310.408 736.285 241.019 357.498 762.512 
275.191 813.819 544.409 675.741 1072.08 
433.683 191.207 419.945 464.961 622.297 
598.369 97.6729 702.249 752.734 856.923 
353.794 893.804 580.404 707.018 1109.29 
688.368 704.509 310.459 179.471 229.539 
705.904 709.294 330.048 199.692 209.124 
619.112 791.432 231.32 135.882 425.067 
505.175 828.254 223.654 257.344 635.412 
693.728 1012.78 404.224 389.104 687.514 
57.9741 518.322 338.213 468.565 824.442 
73.4302 589.299 459.657 592.638 954.741 
256.289 351.006 290.264 383.416 665.368 
850.436 843.187 465.318 330.796 168.428 
