500 10 16
777 335 649 27 763 426 211 429 862 135 
929000 802000 22000 58000 69000 167000 393000 456000 11000 42000 229000 373000 421000 919000 784000 537000 
14 2 11 1 4 13 0 1 12 1 10 6 12 0 2 4 11 10 11 10 1 12 5 1 12 9 1 3 7 1 10 0 4 3 12 5 10 11 11 4 9 4 11 11 3 7 11 9 13 1 15 9 11 10 8 0 13 15 10 5 1 10 14 3 12 4 2 14 5 2 8 2 4 10 14 4 3 7 9 6 15 4 13 7 12 4 0 12 7 12 0 3 1 7 9 3 9 14 0 5 14 4 9 3 10 14 1 8 10 1 2 14 9 15 9 3 2 5 8 4 4 8 5 10 0 14 9 9 13 5 7 1 6 0 2 6 11 2 4 10 7 12 8 4 15 4 5 4 7 6 5 8 8 9 6 15 2 9 13 10 6 8 2 10 15 3 14 10 10 2 12 0 10 1 9 3 1 10 1 14 7 3 9 1 5 11 1 10 15 14 1 13 11 13 14 13 12 11 2 13 12 13 0 15 11 14 10 1 13 15 5 6 6 14 14 13 6 9 0 12 10 11 13 11 1 15 2 5 5 3 12 14 5 2 4 8 10 6 11 8 10 8 7 14 11 12 0 11 8 6 1 4 10 1 3 2 13 7 5 12 15 11 13 10 5 2 9 5 11 7 1 3 6 1 1 1 15 9 12 0 10 12 10 0 13 6 11 11 13 7 4 5 5 0 1 13 8 10 8 14 3 7 14 14 9 0 3 3 8 15 8 13 10 9 11 13 5 15 5 6 9 1 5 10 15 5 11 7 5 12 11 5 1 13 7 10 4 10 15 10 10 8 1 14 9 13 9 1 4 9 5 1 0 6 13 5 3 2 10 15 13 0 13 4 2 0 6 10 6 9 13 13 0 9 4 12 13 0 7 6 6 12 10 15 1 15 13 15 7 0 9 14 1 15 11 8 6 11 3 3 5 6 4 15 0 12 14 3 13 2 9 8 13 0 2 3 2 13 3 10 4 10 9 4 10 5 13 9 4 1 3 15 12 13 3 14 10 5 3 0 14 7 3 15 12 11 15 12 14 8 6 11 1 3 4 14 7 12 7 11 11 10 8 0 0 11 1 11 15 0 14 7 4 7 0 11 3 7 4 8 10 2 9 2 0 6 3 14 5 13 3 2 5 3 12 1 13 1 8 1 
5.7404 7.60109 1.87545 1.07787 4.46645 6.42673 4.47599 2.55812 5.05954 3.19226 
3.61248 5.68589 0.434166 1.64195 5.42971 5.13191 3.19658 0.608769 3.69022 5.42937 
6.0109 1.75482 7.53745 8.1567 9.42714 4.1949 8.37415 7.25165 4.69766 12.3482 
8.61451 6.2525 5.74683 4.80983 2.04707 3.75494 8.92444 6.33755 3.68782 7.46143 
5.89886 8.00062 2.14462 1.51159 4.77281 6.86477 4.44569 2.76067 5.49205 2.85671 
6.33942 9.52742 3.44135 3.38813 6.62616 8.68523 4.1836 3.71828 7.2692 2.62909 
1.2839 4.13411 3.73466 4.91235 8.08452 5.20458 3.50698 3.10821 4.2022 8.6762 
0.757694 6.05392 3.72228 5.06645 8.82572 6.90114 1.85801 2.95169 5.71743 8.12527 
5.95449 2.11946 5.16896 5.22567 5.61742 0.522015 7.39219 5.27213 1.24391 9.28013 
6.74627 4.37809 4.4588 3.93032 3.32024 2.0609 7.4049 4.8879 1.66111 7.53313 
8.43214 9.30645 4.49539 3.24052 3.26392 7.50235 7.19106 5.24015 6.41789 2.42192 
3.06105 8.28136 4.35037 5.572 9.61566 8.80764 1.11396 3.70192 7.48538 7.41874 
2.2722 7.37017 3.61773 4.90433 8.90834 7.88041 0.52345 2.91446 6.56795 7.23095 
2.3585 5.31327 1.59906 2.8956 6.579 5.34649 2.46142 0.91 3.97847 6.47654 
0.487032 5.34394 4.40192 5.70424 9.20223 6.56805 2.99908 3.66314 5.55241 9.07965 
5.95124 4.87592 3.15398 2.55071 3.09317 3.03453 6.24051 3.66695 1.93598 6.29611 
7.57127 10.6625 4.58947 4.31019 6.98264 9.66433 5.34509 4.92968 8.27838 1.93912 
4.51586 8.59393 2.95758 3.71831 7.65256 8.32001 2.1188 2.75427 6.88059 4.7289 
4.89155 4.97902 1.92925 1.65484 3.93732 3.71446 4.99608 2.41853 2.32723 5.78358 
2.97121 4.87409 1.35801 2.43387 5.86083 4.63036 3.24423 1.04676 3.22902 6.3521 
7.70144 4.76177 5.44868 4.831 3.33928 2.24288 8.41701 5.89624 2.44477 8.18133 
2.98766 2.6559 3.74769 4.56724 6.98035 3.48901 4.80416 3.41141 2.60722 8.68655 
6.08777 8.12572 2.31672 1.60178 4.68646 6.94141 4.62779 2.94457 5.58158 2.69462 
5.20704 1.15395 5.17929 5.51421 6.53854 1.61003 6.94592 5.11755 1.7936 9.68219 
5.04591 4.60679 2.38732 2.1281 3.87559 3.22876 5.3612 2.81301 1.86196 6.20601 
8.45733 11.1285 5.16382 4.6057 6.61547 9.89926 6.34856 5.622 8.57071 1.04709 
5.60865 3.43628 3.85157 3.69677 4.29703 1.65849 6.51019 4.12074 0.502195 7.6896 
3.28568 2.45748 5.41806 6.34168 8.68208 4.43687 5.69956 4.95864 4.03656 10.4067 
6.12413 3.01823 4.70027 4.55467 4.68402 0.821523 7.24553 4.92995 0.810247 8.49817 
2.1783 3.71248 5.13546 6.25167 9.1195 5.44266 4.73114 4.53793 4.77117 10.1033 
7.31361 6.19112 4.03408 2.98485 1.60153 4.02604 7.26918 4.69392 3.26377 5.80262 
1.45774 3.94782 4.04728 5.20125 8.28002 5.17653 3.80737 3.43535 4.25202 9.00245 
5.87882 3.02483 4.43137 4.31677 4.65249 1.03817 6.97093 4.65421 0.542033 8.29778 
5.30182 7.72431 1.698 1.51119 5.21422 6.78174 3.80825 2.21822 5.37018 3.34978 
6.39015 4.95186 3.62416 2.94822 2.8211 2.90725 6.7206 4.14654 2.01467 6.51915 
4.44002 1.38062 4.70596 5.20525 6.72408 2.24475 6.24135 4.55544 1.93507 9.39822 
1.4368 6.72093 3.81047 5.15007 9.04098 7.4659 1.32019 3.0491 6.23077 7.88495 
6.31668 2.38076 5.38697 5.35956 5.47154 0.158114 7.7056 5.5313 1.4123 9.35387 
1.60963 4.27984 2.90496 4.07545 7.33368 4.91955 3.17238 2.30671 3.75755 7.86787 
7.05025 4.49138 4.76643 4.20171 3.27844 2.08147 7.72371 5.20402 1.89423 7.7176 
8.59996 8.65047 4.71975 3.3738 1.91638 6.61447 7.74847 5.49102 5.70561 3.78442 
2.60509 8.00201 4.96717 6.26828 10.2537 8.84918 1.84358 4.24199 7.61853 8.47001 
4.94144 0.773369 5.32824 5.78261 7.03855 2.1473 6.84036 5.18768 2.25488 9.97128 
5.43854 8.10264 2.03494 1.94023 5.54982 7.20573 3.75055 2.46343 5.79008 3.15626 
7.15489 3.6161 5.53263 5.19736 4.46817 1.08462 8.2226 5.83823 1.82538 8.91176 
6.60212 7.40074 2.68881 1.34952 3.04253 5.80056 5.72965 3.45951 4.58507 3.5287 
4.12698 5.99854 0.276586 1.12872 5.02309 5.2318 3.5195 1.00846 3.79158 4.96291 
6.83159 4.02061 4.81864 4.38244 3.75659 1.60153 7.66079 5.19311 1.54923 8.04866 
6.67171 8.78093 2.97069 2.23573 4.85989 7.53489 5.05199 3.5691 6.19718 2.03027 
6.31656 3.77669 4.36715 4.02449 3.9057 1.55589 7.15668 4.70979 1.08167 7.83164 
3.74363 9.14025 5.75083 6.98896 11.0282 9.93866 2.50569 5.07711 8.67666 8.68254 
6.21911 4.13088 3.99805 3.57476 3.55557 2.02475 6.89231 4.39355 1.26143 7.34832 
4.67898 2.35593 3.95942 4.24223 5.58789 1.786 6.03664 3.97669 0.851469 8.41259 
2.27695 3.12554 4.11709 5.12551 7.85504 4.38634 4.46287 3.62178 3.56477 9.11492 
8.7395 6.72037 5.64907 4.60831 1.45413 4.2592 8.87119 6.28666 4.03609 6.97672 
0.340147 5.59904 4.2534 5.57431 9.16081 6.72591 2.67526 3.50001 5.65984 8.84882 
8.31633 4.75943 6.32712 5.76254 4.04797 2.27059 9.2126 6.73374 2.97039 9.10043 
7.08363 7.55066 3.20214 1.85586 2.52539 5.79124 6.28182 3.97316 4.6664 3.65876 
1.62641 4.1653 3.01942 4.17354 7.3814 4.85956 3.28976 2.43282 3.72361 7.99 
3.94635 3.386 2.75986 3.18925 5.32989 2.86398 4.94065 2.76957 1.50479 7.38221 
2.53298 7.92526 5.23883 6.55735 10.5101 8.8925 2.20484 4.49678 7.70211 8.87144 
8.53353 7.52354 4.98186 3.74037 0.311448 5.25179 8.21416 5.70812 4.62031 5.46206 
6.93745 7.47407 3.05138 1.70511 2.64802 5.75407 6.13013 3.82251 4.60449 3.6494 
0.866487 5.60108 3.13536 4.469 8.16854 6.29076 1.95226 2.37356 5.07351 7.72653 
3.48827 3.48794 2.59856 3.22025 5.68516 3.25498 4.5356 2.49147 1.94178 7.39032 
5.49459 7.6286 1.7254 1.23471 4.83257 6.5722 4.13011 2.34386 5.17936 3.27341 
5.7649 5.70629 2.37124 1.48637 3.06341 4.10078 5.60029 3.02538 2.86175 5.22067 
1.0469 6.04239 3.26725 4.61307 8.41215 6.71658 1.57471 2.49596 5.47943 7.66416 
4.74709 1.74413 4.48092 4.8353 6.12148 1.73971 6.33456 4.43086 1.32371 9.01399 
7.63273 4.89401 5.26339 4.60541 3.09613 2.39852 8.27162 5.73362 2.44624 7.91624 
5.65662 3.92227 3.53276 3.25498 3.87738 2.12876 6.35106 3.88012 0.975295 7.19651 
4.43353 5.11892 1.38654 1.44257 4.39386 4.10903 4.42652 1.84716 2.68002 5.63565 
6.04901 7.14228 2.12132 0.801561 3.53278 5.71545 5.15414 2.89014 4.42109 3.6342 
5.95552 1.56259 5.57197 5.73266 6.2357 0.970206 7.58489 5.60389 1.778 9.83108 
3.74001 3.49185 2.61358 3.12815 5.45011 3.07903 4.72017 2.58118 1.72812 7.31498 
0.70214 4.74979 4.12317 5.37894 8.73066 5.94607 3.23989 3.42462 4.95036 8.94687 
4.50126 4.88723 1.65747 1.66964 4.32297 3.82832 4.63366 2.07183 2.40142 5.85773 
9.58188 6.64536 6.89123 5.98385 2.92015 4.11692 10.0381 7.45735 4.4236 8.52406 
5.49015 1.40801 7.00298 7.64933 9.06353 3.9302 7.83181 6.70671 4.29317 11.8373 
7.74247 6.79651 4.28155 3.11002 1.0824 4.61395 7.52644 4.98478 3.86747 5.45514 
5.98141 1.24868 7.20884 7.75867 8.88978 3.63189 8.25258 6.97132 4.1924 11.9515 
5.8698 0.483322 6.38193 6.77027 7.62992 2.35325 7.87869 6.25873 3.00629 10.9423 
7.52091 6.51627 4.13192 3.00987 1.32834 4.34815 7.37653 4.81798 3.58603 5.58707 
6.86476 3.27185 5.40626 5.15598 4.70473 0.74 8.00885 5.67067 1.57582 8.96666 
7.97161 9.08204 4.04623 2.83805 3.5137 7.38848 6.67488 4.77821 6.2367 2.18215 
3.44071 5.94577 0.509902 1.8554 5.76095 5.50004 2.81517 0.262488 4.06177 5.38177 
5.20247 8.79755 2.82931 3.24785 6.99203 8.24491 2.98171 2.88106 6.80331 3.78338 
5.10529 8.26027 2.19829 2.48395 6.24501 7.56897 3.18077 2.4067 6.13313 3.55439 
5.38781 6.71591 1.46328 0.166433 4.01005 5.48689 4.56228 2.23376 4.1234 4.03091 
9.19405 8.24738 5.54813 4.25738 0.588303 5.94348 8.75042 6.29321 5.35322 5.39129 
5.70846 8.36915 2.31249 2.11946 5.57215 7.42873 3.95828 2.74935 6.02103 2.88434 
6.11191 8.62986 2.62452 2.23486 5.41128 7.58631 4.36327 3.11448 6.19852 2.48284 
5.65107 7.19467 1.71572 0.638905 4.12029 5.95716 4.60679 2.46033 4.60197 3.55692 
5.21982 2.16453 4.46025 4.6322 5.55195 1.22188 6.61346 4.52134 0.782943 8.76037 
5.23689 1.46414 6.84202 7.52475 9.05647 3.99606 7.59627 6.52442 4.26808 11.7062 
5.98506 1.28456 5.80983 6.01985 6.57392 1.27769 7.71093 5.80675 2.09124 10.1365 
7.74665 9.56831 3.9773 3.04095 4.66978 8.11032 6.11569 4.61736 6.85073 1.20934 
6.42795 1.51611 6.20613 6.3607 6.67261 1.31484 8.15738 6.22685 2.3914 10.4432 
4.90486 7.84297 1.76477 2.05934 5.90699 7.11848 3.18277 2.04355 5.68356 3.69088 
8.05105 8.81082 4.11122 2.8211 2.94822 7.01128 6.92243 4.86806 5.92112 2.73359 
6.65009 9.70341 3.62221 3.44193 6.4925 8.77763 4.52637 3.95324 7.37461 2.28355 
2.91234 2.49596 4.58214 5.48767 7.91205 4.00769 5.12831 4.15337 3.38378 9.5629 
6.64003 7.79064 2.70002 1.44554 3.45824 6.27539 5.56386 3.45419 5.02467 3.04416 
8.82261 7.99766 5.16736 3.87764 0.52811 5.74282 8.37054 5.91277 5.0824 5.17604 
6.74273 5.3463 3.80217 2.98931 2.40104 3.22386 6.96078 4.37477 2.42043 6.3361 
3.27867 4.40556 1.69257 2.50186 5.56343 4.05098 3.81077 1.57686 2.64885 6.59037 
2.09029 3.3501 3.80728 4.84199 7.67777 4.43696 4.17337 3.29959 3.52026 8.80493 
8.10038 6.63727 4.82996 3.73591 1.04785 4.31116 8.06945 5.49764 3.78319 6.15325 
6.33001 10.0066 3.98363 4.17346 7.56965 9.35951 3.94554 4.09683 7.92518 3.33924 
1.55563 6.42225 3.05655 4.39659 8.29444 6.94338 1.08632 2.29578 5.65329 7.24694 
1.30614 6.63392 3.90621 5.24938 9.11497 7.43398 1.49215 3.14035 6.21795 8.03911 
1.9601 3.48105 4.36936 5.45388 8.32434 4.88615 4.33074 3.80802 4.08075 9.35641 
3.19232 7.30537 2.22266 3.37249 7.4234 7.25536 1.19641 1.71712 5.84132 5.60036 
2.98613 4.48688 1.69012 2.64367 5.8439 4.28267 3.54052 1.43569 2.90126 6.65791 
6.71745 4.93974 4.03708 3.3494 2.74563 2.74554 7.11916 4.55057 2.05913 6.82087 
8.84634 5.91711 6.28859 5.46927 2.91488 3.38479 9.38691 6.8191 3.65825 8.32025 
1.5979 4.09099 3.15696 4.30475 7.47985 4.85732 3.37431 2.57163 3.75089 8.12883 
4.59353 1.04661 5.91026 6.58238 8.23156 3.38585 6.82879 5.61495 3.43284 10.7637 
1.94504 7.30286 4.28029 5.60289 9.54971 8.08327 1.37058 3.53647 6.84553 8.07701 
6.93663 2.98117 5.72031 5.53954 5.14339 0.528015 8.21243 5.94021 1.78885 9.39673 
4.45325 1.14232 4.9619 5.50136 7.0396 2.43502 6.36227 4.77699 2.24511 9.69444 
5.58757 7.656 1.7936 1.21511 4.74178 6.56489 4.23757 2.4286 5.17929 3.21179 
2.6503 2.84074 4.76496 5.74729 8.32061 4.46972 5.00292 4.27468 3.8413 9.76194 
2.31206 3.5116 3.11893 4.10819 6.97924 4.13905 3.95127 2.6766 3.04764 8.11281 
4.12689 4.84608 1.43224 1.75237 4.6947 3.9901 4.27954 1.74385 2.54772 5.9357 
4.14664 1.27063 5.04608 5.69134 7.44478 2.91707 6.19013 4.78853 2.67067 9.87484 
8.41628 4.95707 6.3288 5.72051 3.86699 2.45489 9.25534 6.75707 3.07885 8.98546 
3.89514 6.26355 0.235372 1.46932 5.46601 5.6464 3.05944 0.701783 4.20298 4.92443 
5.46883 1.09444 5.41915 5.71679 6.58736 1.49907 7.21734 5.37343 1.90882 9.87179 
2.55853 7.89543 5.55673 6.88707 10.8047 8.98338 2.60768 4.80309 7.83617 9.29453 
7.5463 9.65932 3.89139 3.10345 5.11476 8.31464 5.79221 4.47772 7.01402 1.11018 
4.29284 5.83378 0.593633 0.991413 4.74676 4.96488 3.81932 1.26779 3.5301 5.02412 
6.86236 3.33054 5.35956 5.09513 4.62776 0.801561 7.98234 5.63257 1.55631 8.89524 
9.29465 11.7197 5.86847 5.16405 6.62773 10.342 7.23476 6.38122 9.0638 1.03078 
4.92062 2.89928 3.67614 3.80217 5.00373 1.78718 6.0347 3.80159 0.428019 7.93565 
4.52374 1.54457 4.56606 5.01352 6.46421 2.05117 6.23221 4.45394 1.67431 9.20403 
9.12693 11.5278 5.68206 4.97205 6.47309 10.1523 7.08837 6.20007 8.87244 0.847585 
4.85092 6.23914 0.984124 0.415933 4.32412 5.16501 4.2003 1.74631 3.76092 4.53785 
3.82001 2.75812 3.33242 3.85778 5.88069 2.67346 5.16722 3.23062 1.54564 8.04838 
7.68376 9.91817 4.09646 3.364 5.38911 8.60006 5.85144 4.6555 7.29226 0.913893 
6.01007 9.0337 2.9481 2.8792 6.22524 8.17108 3.98814 3.26711 6.75563 2.72222 
7.77371 9.66207 4.03071 3.12508 4.79843 8.22247 6.10516 4.65842 6.95628 1.09836 
8.72402 7.97077 5.0527 3.7581 0.618142 5.73838 8.25117 5.80039 5.04747 5.0632 
4.6739 7.27596 1.19038 1.51608 5.48566 6.5054 3.27136 1.61037 5.07159 3.96596 
7.10623 8.46083 3.19102 2.04012 3.74098 6.93578 5.8228 3.91394 5.69577 2.38839 
1.68077 7.00009 5.01343 6.35901 10.1786 8.11853 2.44092 4.24401 7.00298 9.11285 
5.27444 7.572 1.58221 1.32095 5.05633 6.60074 3.87105 2.15037 5.19248 3.42864 
1.28693 6.23003 3.17246 4.51807 8.3672 6.8336 1.3372 2.40333 5.57068 7.47359 
2.45703 7.7184 4.14889 5.42971 9.43936 8.33694 0.971236 3.44703 7.04589 7.62289 
6.22509 5.09409 3.32746 2.61926 2.81114 3.15493 6.4569 3.8746 2.14709 6.22101 
1.95438 3.4757 3.80848 4.87032 7.76486 4.57433 4.07074 3.27844 3.64671 8.80339 
8.52772 9.9585 4.67039 3.57771 4.29337 8.308 6.99683 5.35793 7.13852 1.40246 
9.03064 11.0892 5.40668 4.55343 5.7413 9.60089 7.15118 5.99114 8.36226 0.444072 
6.51255 9.64268 3.55688 3.44106 6.58317 8.76006 4.36589 3.85918 7.35012 2.45618 
1.17745 5.30386 5.05507 6.34013 9.73753 6.77449 3.6278 4.3277 5.87031 9.76855 
7.1522 6.07557 3.88902 2.86217 1.75482 3.94509 7.1206 4.5428 3.14072 5.78623 
4.35997 3.94819 2.42124 2.61283 4.69384 3.00426 5.01059 2.61559 1.56115 6.79601 
7.54245 6.93705 3.96182 2.73651 1.3288 4.85518 7.19714 4.6874 3.99084 5.0128 
5.74544 7.35942 1.82165 0.804301 4.17412 6.12052 4.63003 2.55196 4.7676 3.39485 
6.09663 9.29534 3.21111 3.21399 6.56101 8.48476 3.9659 3.47369 7.06385 2.79946 
6.11736 1.46185 7.41242 7.97023 9.09321 3.82099 8.41477 7.16713 4.40386 12.1632 
4.06785 4.28095 1.95533 2.29212 4.8316 3.48174 4.55725 2.1341 2.04002 6.48436 
2.56457 6.41826 1.82321 3.13665 7.11157 6.44938 1.47801 1.11732 5.0572 6.03564 
8.71699 11.2021 5.31008 4.65214 6.39345 9.88547 6.67066 5.81083 8.58406 0.731642 
2.11993 3.28299 4.19612 5.24031 8.03874 4.59759 4.38043 3.67049 3.7769 9.19239 
0.71 6.10129 4.00889 5.35217 9.09293 7.04778 2.05183 3.23878 5.89607 8.40525 
3.75047 6.26547 0.368917 1.63878 5.63413 5.71686 2.89249 0.565155 4.27379 5.01846 
4.08032 5.92963 0.290689 1.17346 5.03671 5.17607 3.51638 0.98387 3.73498 5.03254 
9.10607 6.06409 6.57037 5.74659 3.078 3.53624 9.66653 7.09989 3.88909 8.54751 
2.46595 5.80262 1.52191 2.867 6.71527 5.79864 2.06189 0.751332 4.41192 6.19112 
1.12699 5.19577 4.97226 6.25115 9.62929 6.65476 3.62108 4.25 5.75022 9.70824 
3.23149 6.20047 0.882043 2.20239 6.17214 5.88575 2.37605 0.300167 4.45457 5.43347 
1.03446 6.34137 3.78021 5.12645 8.94452 7.15556 1.64146 3.0096 5.95214 8.05259 
6.64534 6.16093 3.19725 2.11256 2.17846 4.25206 6.44152 3.88449 3.22298 5.20133 
6.96475 8.97456 3.23373 2.41878 4.75946 7.66124 5.34964 3.84974 6.34547 1.78997 
4.03708 7.50219 1.70988 2.56811 6.59098 7.09341 2.22596 1.58751 5.65127 4.60692 
4.00211 1.5435 5.50245 6.26231 8.19295 3.62406 6.26171 5.15617 3.43001 10.4175 
5.49637 1.61555 5.08128 5.29083 6.06278 1.10535 7.07956 5.09828 1.40464 9.42019 
2.9638 4.7034 1.50446 2.52723 5.85793 4.48038 3.36693 1.21758 3.08756 6.48999 
6.83418 5.04386 4.11491 3.39411 2.63655 2.822 7.21324 4.64037 2.17442 6.80415 
8.58785 7.17527 5.20877 4.04361 0.565862 4.82088 8.45426 5.90263 4.33254 6.06898 
5.05894 4.62854 2.38202 2.11152 3.85778 3.2445 5.36395 2.8132 1.88043 6.186 
8.12015 8.91454 4.18005 2.89884 3.02372 7.11758 6.96348 4.93406 6.02638 2.65092 
3.05125 7.6623 2.96921 4.14074 8.19129 7.8182 0.570088 2.39827 6.42982 6.14941 
6.16507 7.64054 2.23759 1.11503 3.93376 6.28907 5.01749 2.97168 4.97369 3.10538 
0.580086 5.0012 3.48382 4.77017 8.26395 5.90324 2.65771 2.76378 4.78232 8.26087 
2.64756 5.7788 1.32019 2.66391 6.51074 5.6894 2.22434 0.552268 4.28981 6.04669 
2.13591 7.43962 4.13998 5.44728 9.42461 8.13178 1.11005 3.41211 6.86564 7.81601 
2.18762 4.66401 2.04636 3.22616 6.6341 4.85242 2.94985 1.48529 3.54265 7.02244 
1.31552 6.23003 3.13428 4.47975 8.33203 6.81878 1.32004 2.36542 5.55177 7.43463 
4.52823 8.44976 2.72547 3.44843 7.3761 8.11223 2.22428 2.57148 6.67061 4.5407 
4.38755 4.55505 1.88003 2.00125 4.47303 3.55394 4.70775 2.19572 2.11625 6.19013 
8.66977 5.63152 6.22371 5.4595 3.12578 3.1001 9.28367 6.72893 3.43456 8.44085 
2.12207 3.81698 2.90353 3.95399 6.97976 4.37403 3.65022 2.41847 3.22684 7.90142 
8.63454 11.2528 5.3101 4.71781 6.61151 9.9909 6.53612 5.78105 8.67253 0.980306 
4.77602 8.78797 3.05943 3.73251 7.614 8.45341 2.38078 2.91496 7.0114 4.5096 
7.57751 10.7211 4.64303 4.39001 7.09174 9.74298 5.32846 4.96842 8.35345 2.03806 
6.34739 4.06795 4.19338 3.77345 3.60917 1.88138 7.06824 4.57988 1.26775 7.52661 
6.96443 6.6547 3.35726 2.14516 1.93342 4.72652 6.59385 4.08344 3.71683 4.813 
5.8749 0.882383 6.91344 7.42564 8.50417 3.24992 8.07886 6.70395 3.81534 11.6165 
0.910879 5.66703 4.85051 6.16432 9.6925 7.00127 3.17695 4.10148 6.01845 9.45323 
1.54055 3.9492 4.38456 5.54066 8.58919 5.33475 4.00899 3.76554 4.47652 9.33348 
6.86324 7.28025 3.01055 1.6694 2.54466 5.542 6.13646 3.77922 4.40148 3.86264 
4.94813 0.759276 5.34177 5.79672 7.05063 2.15353 6.85047 5.20048 2.26762 9.98541 
9.24589 6.66012 6.39414 5.43438 2.31225 4.13272 9.57602 6.98891 4.23143 7.90281 
3.5761 7.17865 1.64694 2.70978 6.76104 6.9029 1.87275 1.32185 5.46824 5.05785 
4.26161 8.42021 2.89831 3.74509 7.72166 8.21322 1.85521 2.6303 6.77804 4.96327 
2.23486 6.75992 2.61008 3.91318 7.89949 7.03111 0.762168 1.90032 5.67631 6.55269 
8.10941 5.02359 5.83699 5.1789 3.3669 2.49128 8.82422 6.29708 2.8324 8.41366 
6.33378 1.83415 5.81932 5.90474 6.1502 0.794796 7.92447 5.88879 1.92315 9.95707 
3.99592 2.48212 6.3002 7.20118 9.37251 4.79763 6.49049 5.84359 4.63212 11.285 
4.22019 1.41496 5.72417 6.46418 8.30996 3.62774 6.49619 5.38697 3.52751 10.6271 
6.22384 1.01316 6.37057 6.63887 7.19881 1.85648 8.10223 6.32057 2.73805 10.7721 
4.25962 8.50673 3.04258 3.90548 7.88438 8.33694 1.80236 2.75089 6.90404 5.07887 
4.51774 4.44897 2.07087 2.12038 4.37879 3.3735 4.89634 2.39136 1.94054 6.29651 
8.27613 8.09534 4.46512 3.12775 1.47763 6.03196 7.58871 5.23139 5.14837 4.20058 
7.80224 6.46375 4.52657 3.44606 1.22184 4.19154 7.76486 5.192 3.57718 6.00536 
3.9492 1.54055 4.70601 5.35584 7.19611 2.86568 5.91288 4.45533 2.45815 9.53722 
5.64156 0.830963 5.75858 6.07543 6.90103 1.70144 7.47452 5.69254 2.26206 10.2326 
8.73546 9.9389 4.83827 3.67633 3.98221 8.20337 7.29277 5.54956 7.08035 1.7816 
7.63482 9.44847 3.8578 2.91926 4.61637 7.99931 6.02304 4.50099 6.73541 1.32076 
2.36958 7.76623 5.07632 6.39832 10.3432 8.71744 2.0787 4.33129 7.52469 8.76514 
0.67424 6.01659 4.36867 5.70629 9.38616 7.11217 2.45065 3.60228 6.01782 8.8215 
9.27552 8.01655 5.74153 4.49285 0.45618 5.64925 8.972 6.46811 5.17038 5.89042 
4.59498 1.87459 6.51415 7.3036 9.15714 4.32468 7.0173 6.13058 4.36354 11.4507 
2.94335 8.27557 4.70714 5.96303 9.992 8.94438 1.46997 4.02449 7.65799 7.91688 
6.08823 2.22272 5.2399 5.26279 5.54923 0.380132 7.50366 5.36015 1.28705 9.29504 
3.20782 3.01974 3.13461 3.86359 6.2859 3.26916 4.63812 2.90084 2.15002 8.01264 
4.19075 8.62951 3.32435 4.23873 8.23234 8.55398 1.65 2.97311 7.12851 5.39323 
7.63269 5.5403 4.83865 4 2.22948 3.14231 7.98051 5.39869 2.80943 7.06125 
4.1857 5.14401 1.17209 1.47828 4.65236 4.26561 4.15406 1.57953 2.82606 5.64911 
3.10408 7.36285 2.41019 3.57498 7.62512 7.37673 0.996895 1.87385 5.97034 5.76514 
2.75191 8.13819 5.44409 6.75741 10.7208 9.12121 2.3678 4.70642 7.93229 9.00005 
4.33683 1.91207 4.19945 4.64961 6.22297 2.12927 5.93938 4.1003 1.48223 8.84138 
5.98369 0.976729 7.02249 7.52734 8.56923 3.29621 8.1922 6.81596 3.89649 11.7174 
3.53794 8.93804 5.80404 7.07018 11.0929 9.82001 2.57793 5.10654 8.58569 8.92252 
6.88368 7.04509 3.10459 1.79471 2.29539 5.24123 6.28761 3.86311 4.14074 4.2043 
7.05904 7.09294 3.30048 1.99692 2.09124 5.23041 6.48999 4.05632 4.172 4.28861 
6.19112 7.91432 2.3132 1.35882 4.25067 6.62514 4.89241 3.00696 5.29265 2.83572 
5.05175 8.28254 2.23654 2.57344 6.35412 7.6242 3.09 2.40865 6.18635 3.63319 
6.93728 10.1278 4.04224 3.89104 6.87514 9.22521 4.7184 4.33866 7.82031 2.31398 
0.579741 5.18322 3.38213 4.68565 8.24442 6.02399 2.44769 2.64705 4.87295 8.11045 
0.734302 5.89299 4.59657 5.92638 9.54741 7.09465 2.76443 3.83575 6.04669 9.10969 
2.56289 3.51006 2.90264 3.83416 6.65368 3.93554 4.01603 2.52258 2.78455 7.88105 
8.50436 8.43187 4.65318 3.30796 1.68428 6.37389 7.72801 5.42325 5.48533 3.99501 
5.4222 9.06671 3.09298 3.46771 7.14871 8.50506 3.14167 3.14992 7.06417 3.70277 
1.91481 7.29001 4.96556 6.30518 10.1844 8.32274 2.20336 4.20315 7.1684 8.90691 
6.52093 3.0747 5.12035 4.92854 4.74966 0.608276 7.67839 5.36154 1.24064 8.81014 
7.34543 8.98735 3.50076 2.4831 4.23962 7.51708 5.86656 4.17809 6.25825 1.80247 
2.36326 6.622 2.27721 3.58221 7.56677 6.79224 1.04446 1.57137 5.42042 6.31488 
4.92741 0.968969 5.16532 5.59151 6.82539 1.9893 6.76125 5.04714 2.03973 9.77733 
7.72021 9.29349 3.87164 2.82491 4.22721 7.7617 6.2209 4.55237 6.53119 1.58827 
0.808022 5.80675 3.32929 4.66987 8.40636 6.54402 1.83831 2.56135 5.33376 7.83237 
1.40161 5.5192 2.55863 3.89051 7.609 5.97972 1.93313 1.80025 4.70083 7.21778 
7.31531 5.42123 4.49254 3.6698 2.26927 3.09743 7.63482 5.05241 2.61069 6.8353 
3.66896 2.32155 3.79138 4.41227 6.44094 2.77838 5.30028 3.59701 1.91024 8.59407 
5.50401 1.15412 6.86611 7.47776 8.8213 3.67067 7.79976 6.59413 4.06116 11.6692 
3.54154 1.87451 4.64284 5.39801 7.47966 3.31602 5.60389 4.32112 2.81233 9.55063 
8.69927 7.35327 5.27276 4.08271 0.390512 5.00372 8.51709 5.97656 4.50289 5.97242 
1.94281 5.88716 2.12462 3.47081 7.31476 6.12722 1.66397 1.3534 4.78464 6.65344 
0.138924 5.49132 4.06123 5.37886 8.95833 6.5625 2.605 3.31097 5.4796 8.6866 
7.879 10.6379 4.63246 4.15502 6.47756 9.48703 5.77603 5.06628 8.13499 1.25925 
4.18779 4.5728 1.73566 1.99449 4.658 3.68572 4.50188 2.00504 2.24288 6.18722 
7.56923 10.6394 4.56863 4.27866 6.93903 9.63305 5.35238 4.9148 8.24859 1.89995 
8.99629 8.77625 5.15241 3.80747 1.62117 6.64356 8.22426 5.92225 5.83051 4.21361 
8.76906 10.9418 5.19086 4.39118 5.81031 9.51135 6.85899 5.75567 8.24899 0.19799 
6.10463 9.21209 3.1257 3.07937 6.40013 8.36748 4.02204 3.4199 6.95045 2.71149 
8.20128 8.75327 4.26878 2.95042 2.64121 6.8828 7.15596 5.03353 5.84042 3.03 
1.88152 6.92026 3.37037 4.68859 8.64912 7.4513 0.721249 2.63486 6.15248 7.26911 
7.78394 7.72612 3.97764 2.64426 1.70097 5.74421 7.11756 4.74258 4.78502 4.12681 
4.93315 0.696348 6.0604 6.66528 8.12346 3.14167 7.12183 5.80636 3.3324 10.8563 
6.65036 6.29401 3.13465 2.00562 2.19146 4.41239 6.38003 3.83736 3.36214 5.03049 
2.6236 7.84255 4.09959 5.36191 9.38614 8.40568 0.872353 3.41592 7.09852 7.46043 
7.13685 7.42822 3.29219 1.95167 2.30868 5.61698 6.41646 4.06044 4.52488 3.8812 
2.75601 3.20426 3.14759 4.01607 6.66701 3.69769 4.31297 2.80418 2.61038 8.10438 
9.25109 6.15657 6.72263 5.89476 3.16462 3.63341 9.81899 7.25253 4.02245 8.66532 
5.90867 7.04989 1.98134 0.662722 3.63034 5.66266 5.02642 2.75045 4.35253 3.71086 
1.65339 5.15909 2.30703 3.60401 7.22056 5.52818 2.32422 1.59126 4.23967 7.12731 
6.12491 6.15233 2.55441 1.45344 2.75617 4.46849 5.79967 3.26173 3.28101 4.85885 
7.4768 9.92222 4.00281 3.39308 5.69228 8.69566 5.56299 4.51389 7.36006 1.14529 
8.29617 8.89773 4.35966 3.05059 2.75007 7.03143 7.21173 5.12161 5.9868 2.92171 
2.40235 3.80573 5.48389 6.60337 9.44788 5.65899 4.98094 4.88009 5.04906 10.447 
4.12074 6.91393 0.894539 1.73254 5.78122 6.31577 2.82195 1.09986 4.87272 4.50923 
2.46418 7.82928 5.37633 6.70458 10.6302 8.87104 2.41671 4.62489 7.70839 9.10528 
2.09122 3.56237 4.83736 5.9368 8.79055 5.18252 4.58956 4.25659 4.46799 9.81591 
7.17944 10.3777 4.29303 4.11359 7.00293 9.45569 4.93661 4.59358 8.05492 2.23618 
5.18792 1.23879 5.10662 5.4325 6.45778 1.56589 6.90116 5.05261 1.70845 9.59893 
8.55105 7.43471 5.04219 3.81932 0.274591 5.14001 8.28051 5.76064 4.54472 5.62321 
5.56799 1.9757 7.37523 8.08372 9.61437 4.50018 7.99425 7.03401 4.83223 12.2604 
4.15766 6.79478 0.737564 1.56349 5.61485 6.15337 2.9625 1.05816 4.71105 4.514 
4.37041 1.37208 5.90217 6.63401 8.43083 3.67614 6.66513 5.56713 3.63989 10.8002 
1.52427 3.89724 3.74931 4.88854 7.96645 4.978 3.70601 3.15569 3.99996 8.71785 
7.57594 7.82479 3.7088 2.36299 2.14311 5.94401 6.79061 4.47934 4.90408 3.7343 
3.38044 3.3273 2.76812 3.43176 5.88422 3.24766 4.55593 2.61297 1.99161 7.59474 
6.24052 2.114 5.49422 5.52674 5.74607 0.420476 7.71526 5.60201 1.54984 9.55641 
1.00449 6.26314 4.69196 6.03299 9.7325 7.42752 2.58853 3.92311 6.35145 9.07476 
1.7322 6.90351 3.60902 4.93584 8.87559 7.53011 0.951315 2.86274 6.25679 7.54923 
0.632851 4.81751 3.64585 4.91261 8.33334 5.80595 2.89679 2.94206 4.72603 8.46399 
3.54302 1.93259 4.44496 5.17535 7.24707 3.17277 5.52005 4.14695 2.60017 9.33519 
8.35223 7.4228 4.79026 3.54853 0.503289 5.18276 8.02213 5.51744 4.50682 5.34842 
6.68385 9.47152 3.42533 3.09312 6.01827 8.44654 4.6926 3.83885 7.06015 2.02022 
7.84215 6.96011 4.33444 3.13479 0.980867 4.78023 7.57634 5.0479 4.02892 5.34329 
2.86416 4.16515 2.04384 2.96948 6.02199 4.10128 3.68978 1.75454 2.764 7.00863 
5.75501 1.84981 5.15682 5.28766 5.85496 0.796492 7.27002 5.21775 1.32801 9.38123 
1.94041 3.51643 4.41458 5.50563 8.38648 4.94268 4.33291 3.84721 4.14276 9.39918 
3.81329 7.55471 1.9639 2.92205 6.95795 7.27099 1.8597 1.69664 5.83415 4.90919 
3.15431 8.28155 4.13069 5.32711 9.37621 8.71831 0.943716 3.50801 7.37587 7.10912 
4.21279 3.43647 2.80922 3.11949 5.08073 2.70254 5.13931 2.89002 1.30081 7.3086 
4.40433 9.10773 3.97947 4.90976 8.89749 9.14594 1.81797 3.58716 7.73011 5.83705 
5.88191 7.37722 1.94833 0.830963 4.01005 6.08217 4.79854 2.69 4.74573 3.36728 
2.17816 7.20201 3.42253 4.71669 8.71271 7.68152 0.461411 2.71312 6.36463 7.12646 
4.72708 7.44598 1.36 1.68467 5.62083 6.69436 3.22025 1.72409 5.25985 3.88291 
5.9591 6.20479 2.32422 1.19854 2.97061 4.60682 5.56705 3.04436 3.37343 4.71281 
6.96955 8.72345 3.14148 2.18344 4.34497 7.3318 5.49324 3.80789 6.04074 2.02299 
3.09944 2.43742 4.01647 4.82437 7.15227 3.45358 5.01442 3.67784 2.67649 8.95126 
6.79272 10.2774 4.20577 4.22623 7.39497 9.50632 4.45539 4.40441 8.08424 2.8582 
4.84434 7.3796 1.30419 1.46779 5.38756 6.55617 3.42486 1.76777 5.12762 3.80296 
4.65001 6.49979 0.711126 0.707248 4.75298 5.56864 3.78583 1.4667 4.14585 4.38631 
4.49678 6.80351 0.742496 1.16181 5.20707 6.00554 3.38309 1.32439 4.57149 4.27674 
7.27992 8.03736 3.34834 2.03 2.86986 6.32603 6.28435 4.11428 5.1765 3.11878 
7.82624 4.41005 5.87439 5.3606 3.97887 1.88566 8.73011 6.26331 2.48195 8.82001 
3.88635 2.35478 6.09734 6.98843 9.15835 4.62082 6.35449 5.65032 4.42452 11.0786 
3.34731 2.07562 4.88365 5.71948 7.93426 3.7609 5.5623 4.4981 3.28694 9.83806 
4.90976 4.00911 2.76181 2.69223 4.23926 2.70296 5.5192 3.06041 1.29244 6.80254 
7.50586 9.46322 3.77895 2.91342 4.82446 8.07265 5.83737 4.39739 6.78676 1.28082 
5.28984 9.44653 3.71264 4.30781 8.09589 9.11634 2.78476 3.58232 7.67375 4.5209 
0.978621 5.51008 2.98811 4.31779 8.00398 6.15097 1.99449 2.23036 4.92264 7.62109 
7.22122 7.51942 3.36786 2.02485 2.28845 5.6978 6.47964 4.13708 4.61351 3.82687 
1.56349 3.83719 3.9685 5.10358 8.14499 5.03073 3.85167 3.3738 4.10202 8.93678 
7.78062 5.14883 5.2931 4.5741 2.85661 2.65754 8.34588 5.79118 2.6537 7.77736 
5.57983 2.114 4.80108 4.9113 5.56343 0.860233 6.99408 4.88542 0.95268 9.00454 
7.93552 4.44416 6.00546 5.49091 4.05276 1.9308 8.85585 6.39241 2.58898 8.93663 
8.26966 8.29091 4.41083 3.06511 1.79279 6.27747 7.48205 5.18125 5.34754 3.88005 
8.03301 9.00564 4.09763 2.85379 3.29874 7.26687 6.79801 4.84051 6.14044 2.38537 
6.45629 9.42262 3.34574 3.15159 6.26231 8.48644 4.40109 3.69899 7.08378 2.3326 
3.36134 3.04311 3.06804 3.74318 6.1022 3.14759 4.71081 2.87924 1.98759 7.90712 
8.60553 8.72122 4.7139 3.36933 2.02805 6.70099 7.72078 5.48513 5.778 3.6767 
2.79217 8.15135 4.75619 6.03041 10.0462 8.87642 1.54742 4.0566 7.60729 8.08223 
5.32203 8.62692 2.5773 2.84429 6.52694 7.95367 3.2548 2.74871 6.51771 3.45469 
6.371 1.66027 6.00521 6.12683 6.40913 1.0519 8.03249 6.04948 2.14953 10.1955 
5.74537 0.65437 6.69928 7.20103 8.28843 3.05477 7.91404 6.49979 3.58987 11.3913 
2.75572 2.66828 4.15756 5.06249 7.56112 3.89622 4.83335 3.74126 3.136 9.13611 
5.64235 7.61111 1.80942 1.12894 4.61156 6.48336 4.33894 2.46976 5.10529 3.21811 
8.70292 10.5088 4.96405 4.01214 5.07394 8.96131 6.97087 5.59472 7.7452 0.662118 
7.49573 7.45172 3.71216 2.38948 1.8076 5.5084 6.87623 4.47341 4.51545 4.20677 
0.965194 5.22009 2.98082 4.28915 7.89031 5.88718 2.27502 2.24397 4.6789 7.7177 
3.74301 8.22119 3.09919 4.11953 8.15319 8.22052 1.2245 2.6679 6.80537 5.64174 
1.92255 6.53579 2.71906 4.04695 7.99032 6.90122 0.920054 1.97585 5.5709 6.82719 
0.88459 6.25664 3.95608 5.3019 9.08377 7.15353 1.8711 3.18479 5.97978 8.2806 
8.22097 6.00624 5.35019 4.43441 1.99424 3.54419 8.5227 5.93621 3.35894 7.21984 
7.31536 8.48908 3.38423 2.17267 3.48484 6.8867 6.09139 4.12205 5.6829 2.48129 
7.34932 7.78189 3.45861 2.11294 2.42266 5.97679 6.51165 4.22991 4.88336 3.56295 
5.53596 0.349857 6.39351 6.88959 8.01714 2.83087 7.65957 6.20291 3.29621 11.0799 
5.68971 8.61836 2.5334 2.50032 5.98967 7.76627 3.78001 2.87211 6.34748 2.94932 
6.85514 9.49173 3.48604 3.04385 5.806 8.39536 4.92042 3.94548 7.02417 1.7881 
3.92046 2.5005 6.23401 7.14132 9.33703 4.79296 6.41434 5.77389 4.60479 11.2204 
8.5363 11.0837 5.16294 4.54186 6.41312 9.80294 6.47596 5.64989 8.48955 0.801124 
6.06092 9.43208 3.36311 3.46006 6.86477 8.69009 3.84439 3.56452 7.26227 3.00854 
3.31074 3.2037 2.90746 3.59747 6.03619 3.246 4.58512 2.72029 2.03973 7.75542 
1.02956 6.28074 3.65121 4.99748 8.81491 7.05822 1.59226 2.88045 5.84504 7.94534 
3.65034 7.18953 1.59327 2.63078 6.68108 6.88088 1.9642 1.30981 5.44405 4.97475 
8.67 9.39202 4.7301 3.45099 3.09595 7.52522 7.47402 5.48205 6.48322 2.64394 
5.83373 7.52532 1.92855 0.972008 4.24775 6.28955 4.64613 2.64186 4.93758 3.23371 
7.2562 3.24777 5.95243 5.71287 5.07678 0.851469 8.5006 6.19865 2.06461 9.50067 
3.80716 9.20593 6.05186 7.30839 11.338 10.0973 2.81571 5.36143 8.86234 9.06942 
2.47245 7.25827 3.06276 4.32585 8.34808 7.57943 0.211896 2.39207 6.22656 6.65586 
8.97357 6.63666 6.022 5.0316 1.9201 4.13092 9.22194 6.63397 4.08163 7.47744 
7.10438 9.4471 3.55203 2.91606 5.36805 8.22431 5.29004 4.08945 6.88471 1.49 
7.22563 9.2774 3.52677 2.72151 4.89951 7.94701 5.54748 4.12989 6.63901 1.48678 
4.26863 5.35 1.02961 1.28281 4.60193 4.44235 4.11 1.52269 3.00648 5.44537 
10.0422 7.32206 7.14801 6.14244 2.67017 4.79004 10.3465 7.75852 4.99649 8.34015 
5.57154 0.184391 6.26286 6.7184 7.76977 2.57095 7.63441 6.1002 3.06741 10.9041 
7.45822 8.19825 3.52456 2.2102 2.84092 6.45961 6.43849 4.28924 5.32745 3.0414 
5.3609 3.70786 3.40476 3.24914 4.16559 2.10609 6.1283 3.69882 0.79196 7.27501 
4.01125 6.06092 0.0989949 1.26147 5.19312 5.3583 3.34428 0.857263 3.91594 4.97618 
8.59546 9.76867 4.69047 3.51682 3.86091 8.0358 7.18418 5.40683 6.91035 1.85723 
1.76409 3.71162 4.41322 5.5348 8.49165 5.12692 4.19539 3.82154 4.30294 9.38433 
4.95464 5.10656 1.8868 1.54029 3.86793 3.82037 4.99444 2.41008 2.44205 5.65836 
2.65771 6.52939 1.82858 3.12605 7.11916 6.53848 1.43837 1.14978 5.14125 5.95084 
5.5133 9.57598 3.76191 4.27604 7.99776 9.17963 3.02952 3.6842 7.73617 4.2818 
2.22281 3.32024 3.56396 4.56698 7.378 4.23851 4.14403 3.09045 3.26622 8.56086 
3.63585 2.18515 3.96289 4.61183 6.64244 2.84628 5.36158 3.7408 2.067 8.78954 
4.29796 4.6708 1.71003 1.88831 4.53922 3.71981 4.55274 2.0297 2.28022 6.08138 
7.41947 6.08567 4.23037 3.22002 1.62237 3.86078 7.45453 4.87209 3.18251 6.06612 
4.10826 2.88141 3.27196 3.67916 5.54 2.47032 5.32403 3.25269 1.23907 7.8715 
6.66694 5.91826 3.35839 2.35697 2.17313 3.94771 6.59024 4.01384 2.97214 5.53565 
2.89664 2.50599 4.38782 5.2783 7.70343 3.88075 5.03661 3.97549 3.20353 9.36259 
2.4831 7.36699 3.24711 4.50824 8.53203 7.73127 0.106301 2.57527 6.38571 6.78399 
10.0464 7.69166 6.94401 5.8543 2.1191 5.16706 10.1758 7.5948 5.19351 7.7719 
5.49946 8.63001 2.55069 2.68076 6.27873 7.8721 3.50463 2.8028 6.44298 3.20503 
1.72308 7.05312 5.01243 6.35744 10.1876 8.1589 2.40601 4.24382 7.03719 9.08562 
8.56058 9.35913 4.62183 3.35452 3.18324 7.52269 7.34055 5.37023 6.45973 2.52723 
4.09635 3.25484 2.92838 3.30438 5.2869 2.67167 5.1311 2.95677 1.31947 7.49667 
3.73751 8.33533 3.31531 4.35084 8.38639 8.3911 1.16846 2.86007 6.98216 5.82722 
5.47935 7.24025 1.56952 0.736817 4.39683 6.09119 4.35488 2.28633 4.71425 3.5492 
6.61829 4.94265 3.91127 3.22591 2.75944 2.79206 6.99811 4.4277 2.03961 6.72555 
5.52986 5.97609 1.92588 0.948947 3.38711 4.53213 5.17125 2.62932 3.22568 4.82895 
1.97063 7.34292 4.37403 5.69724 9.6421 8.14789 1.45674 3.62933 6.91677 8.16434 
7.93732 7.17329 4.36331 3.12746 0.928009 5.00912 7.5964 5.0903 4.2369 5.15245 
6.88275 5.41558 3.936 3.10203 2.30235 3.25 7.10001 4.51349 2.50298 6.38123 
4.49765 3.86083 2.58414 2.71906 4.62395 2.83778 5.18585 2.79158 1.39435 6.88988 
6.42655 7.84934 2.50056 1.35695 3.83564 6.4405 5.24584 3.23303 5.14762 2.91015 
6.72804 9.41983 3.39556 3.00222 5.86175 8.35661 4.7814 3.83803 6.97775 1.92666 
5.34148 6.63784 1.42636 0.0948683 4.00525 5.41325 4.55198 2.19764 4.04753 4.10878 
2.13909 6.51966 2.43019 3.75171 7.71075 6.77402 1.01833 1.69838 5.42028 6.54492 
3.60651 1.82099 4.63312 5.36948 7.41248 3.23002 5.64526 4.32492 2.73426 9.5285 
7.18427 4.87545 4.6778 4.00766 2.86665 2.49147 7.71913 5.16628 2.1816 7.38864 
2.97834 8.30171 4.68745 5.93832 9.97018 8.95483 1.44617 4.00945 7.6639 7.86824 
4.04586 5.56652 0.64195 1.2832 4.90697 4.78942 3.73209 1.1456 3.34773 5.32287 
5.57756 2.43813 4.564 4.6158 5.2404 0.916788 6.87387 4.69027 0.636318 8.68804 
7.17837 6.62396 3.64067 2.45703 1.66481 4.60523 6.88335 4.3544 3.67708 5.06175 
3.21972 2.41754 5.26009 6.17649 8.52115 4.32348 5.60044 4.80866 3.88902 10.2464 
6.57423 3.9937 4.51852 4.10055 3.71022 1.67863 7.36572 4.89303 1.35418 7.81877 
5.13134 0.362353 6.03554 6.57664 7.8832 2.83049 7.25 5.82316 3.11096 10.7698 
4.95513 4.67547 2.24415 2.0104 3.93295 3.35336 5.22817 2.67479 1.97226 6.1131 
3.58675 6.14118 0.438292 1.76511 5.72889 5.65127 2.81043 0.396232 4.21005 5.18811 
1.96703 4.77151 2.1676 3.38999 6.85514 5.05016 2.77346 1.54693 3.75666 7.11101 
5.08726 0.33541 5.77097 6.27014 7.52893 2.50888 7.11829 5.59103 2.7577 10.4617 
3.41223 4.17267 1.914 2.61589 5.47924 3.78188 4.0651 1.84318 2.38416 6.75032 
4.60977 6.71218 0.737902 0.933809 4.98255 5.8423 3.58972 1.41796 4.41426 4.26358 
9.44151 7.66609 6.11882 4.95384 1.06513 5.20999 9.36421 6.80762 4.94146 6.71716 
8.40602 10.697 4.87689 4.14121 5.83933 9.33523 6.47272 5.41983 8.04655 0.296816 
2.83171 2.81753 5.112 6.09533 8.62392 4.62391 5.25632 4.61446 4.08418 10.1094 
7.26505 7.63121 3.39282 2.04688 2.35688 5.82058 6.47892 4.16347 4.72969 3.70473 
7.63551 8.73854 3.70385 2.48214 3.42041 7.07865 6.39447 4.44221 5.90621 2.37691 
6.81252 3.09524 5.47058 5.26334 4.89565 0.564358 8.01639 5.71064 1.57851 9.11037 
0.840595 6.1859 4.45193 5.79346 9.50404 7.27927 2.40052 3.68283 6.1782 8.8443 
7.91276 6.60924 4.59628 3.48931 1.07689 4.3326 7.83843 5.27148 3.72228 5.94138 
8.47416 7.864 4.77716 3.47589 0.826075 5.683 7.96859 5.52815 4.92744 4.85004 
7.6801 3.79527 6.1301 5.77127 4.74124 1.36693 8.80866 6.43548 2.38816 9.41493 
3.28988 6.59224 1.19206 2.42332 6.45078 6.31666 2.07408 0.730274 4.88559 5.30649 
4.67786 1.63355 4.53961 4.92946 6.26905 1.84719 6.31855 4.46509 1.47231 9.11353 
5.7746 5.6881 2.39435 1.51605 3.05159 4.07462 5.62154 3.04529 2.83938 5.24627 
7.99622 6.4438 4.79426 3.73877 1.24812 4.1099 8.02581 5.44656 3.60118 6.28828 
4.64023 8.67774 2.99055 3.70741 7.61725 8.37101 2.24878 2.81853 6.93006 4.61255 
5.00501 0.415933 5.86911 6.41365 7.76114 2.76203 7.10079 5.65796 2.97893 10.6068 
7.8461 9.82101 4.14155 3.27519 4.98258 8.40212 6.1247 4.75219 7.12904 0.926175 
7.20347 9.28037 3.51518 2.7247 4.93617 7.96043 5.51526 4.11322 6.64904 1.49201 
0.929139 5.45001 3.02424 4.35 8.01639 6.11271 2.0632 2.27009 4.89326 7.67814 
7.91738 10.3204 4.43443 3.77461 5.80818 9.03837 5.97724 4.95464 7.72146 0.744312 
5.16853 4.50458 2.58909 2.30541 3.81425 3.04923 5.54518 3.00568 1.70581 6.34946 
3.49057 7.45183 2.12009 3.18925 7.23896 7.29715 1.48297 1.71549 5.87074 5.2835 
4.14596 7.66008 1.85194 2.66011 6.66528 7.24503 2.25009 1.74562 5.80249 4.52943 
6.78724 9.5219 3.48983 3.11246 5.95859 8.46695 4.81017 3.92046 7.08692 1.90066 
5.7179 5.64043 2.35671 1.50851 3.10693 4.0455 5.57944 3.00083 2.79959 5.27774 
7.04944 9.62472 3.64408 3.14417 5.7642 8.48628 5.1213 4.12146 7.12574 1.5871 
4.90789 5.28213 1.69579 1.32823 3.91847 4.03927 4.84406 2.2561 2.65415 5.46996 
2.96906 7.07108 2.13925 3.34677 7.38865 7.06283 1.15412 1.57013 5.65643 5.76279 
6.30765 4.76518 3.65263 3.04059 2.99055 2.72501 6.70976 4.14693 1.83098 6.67776 
4.89939 4.19453 2.59771 2.49552 4.15444 2.89111 5.41687 2.92838 1.48772 6.60688 
7.76248 8.92693 3.83888 2.64055 3.54831 7.27056 6.46927 4.56921 6.09762 2.20436 
3.14682 3.38774 2.75045 3.50036 6.08254 3.4492 4.37477 2.53103 2.21815 7.63699 
6.88608 6.87065 3.17036 1.89623 2.15761 5.02426 6.38201 3.91761 3.95216 4.44704 
5.809 8.66419 2.5855 2.47655 5.89475 7.77123 3.92005 2.95576 6.35814 2.81656 
6.21265 7.86703 2.31864 1.31552 4.15769 6.55549 4.94899 3.02397 5.22946 2.87835 
3.91843 9.02718 4.57552 5.67881 9.72385 9.38434 1.60381 4.02647 8.01804 6.98713 
5.32189 1.53212 4.9964 5.25038 6.14964 1.28281 6.93354 4.98952 1.43122 9.39712 
4.49111 1.1738 5.88534 6.58116 8.29248 3.48901 6.74685 5.57474 3.49594 10.7571 
6.10686 1.76706 7.59827 8.20391 9.42993 4.17929 8.46294 7.32038 4.71374 12.3963 
3.01144 6.49942 1.39703 2.67529 6.68241 6.3366 1.84859 0.793095 4.91725 5.58162 
3.61614 2.25858 5.69254 6.58046 8.7948 4.37989 6.03458 5.25385 4.0906 10.6716 
6.8656 2.6025 5.91949 5.82846 5.59604 0.5 8.27546 6.08599 1.94258 9.75366 
9.05281 7.19094 5.82671 4.71424 1.13565 4.73787 9.0667 6.49419 4.47404 6.78189 
2.97674 4.61286 1.57877 2.57002 5.84555 4.39451 3.4428 1.3092 3.00568 6.55687 
0.778332 4.96932 4.5025 5.77313 9.14822 6.28806 3.36204 3.78904 5.33146 9.27832 
6.80168 5.21077 3.96415 3.19312 2.49098 3.03607 7.09643 4.51506 2.30835 6.56287 
7.55654 7.00801 3.94948 2.70978 1.34466 4.93737 7.18011 4.68031 4.06118 4.92644 
5.52986 7.98769 1.96657 1.70496 5.26138 7.01503 3.94981 2.47413 5.61001 3.0969 
5.66408 5.95265 2.10107 1.114 3.2249 4.44091 5.34577 2.79693 3.16204 4.89523 
2.39842 7.74435 5.41181 6.74472 10.6534 8.82064 2.50098 4.65586 7.67219 9.19959 
8.42504 7.70646 4.77169 3.48862 0.680074 5.50565 7.98034 5.51537 4.77546 5.02143 
5.06297 5.3331 1.8206 1.33795 3.76235 4.01659 4.98865 2.40085 2.65243 5.43485 
4.11253 8.17606 2.6417 3.51712 7.51322 7.95277 1.79739 2.37076 6.51738 4.94065 
9.97092 7.40173 6.99819 5.96306 2.41075 4.87026 10.2106 7.62342 4.9973 8.08121 
3.94462 5.72315 0.410488 1.32136 5.08325 5.01116 3.51552 0.938616 3.56821 5.24161 
3.4442 4.28168 1.80472 2.50689 5.42303 3.85188 4.02077 1.75559 2.44381 6.63774 
7.98014 6.23574 4.88824 3.88631 1.49893 3.86747 8.10319 5.51725 3.43286 6.56068 
5.17981 4.47224 2.62612 2.34649 3.81903 3.00821 5.57355 3.03753 1.66688 6.38781 
5.66107 7.03683 1.72186 0.4993 3.94635 5.75694 4.71529 2.48365 4.41185 3.70742 
4.91147 8.72776 2.88062 3.45984 7.29927 8.29759 2.60722 2.81888 6.85414 4.19745 
5.61329 3.68061 3.67147 3.46066 4.0873 1.90276 6.41037 3.97834 0.734098 7.43275 
9.29903 8.1332 5.72543 4.46072 0.492544 5.78153 8.94765 6.45893 5.27228 5.74833 
7.71461 9.82597 4.06631 3.27054 5.17697 8.46412 5.94041 4.6513 7.17045 0.936002 
5.41983 8.96054 2.95691 3.29087 6.96003 8.35948 3.19683 3.05064 6.92012 3.58872 
5.95914 0.87 6.93387 7.42516 8.44618 3.1729 8.14448 6.73718 3.77816 11.6139 
4.36394 1.26289 4.84208 5.38862 6.97259 2.44755 6.25115 4.6562 2.18515 9.58142 
3.86291 7.00127 1.16499 2.14283 6.19333 6.5444 2.41661 1.08706 5.10192 4.73077 
8.99094 6.34007 6.22547 5.3131 2.43483 3.81257 9.38365 6.8 3.93117 7.94346 
6.14962 2.40468 5.17607 5.15676 5.36783 0.290689 7.50648 5.32184 1.20221 9.16474 
10.3975 7.90183 7.32965 6.24501 2.48395 5.37034 10.5588 7.97616 5.47932 8.11528 
9.64088 6.86944 6.83703 5.88154 2.65377 4.33721 10.0124 7.42623 4.55511 8.28966 
8.04599 10.7623 4.77298 4.26202 6.48002 9.58188 5.94855 5.21852 8.23811 1.14215 
7.60416 4.59088 5.43474 4.85808 3.49687 2.06969 8.36875 5.86287 2.31931 8.27271 
1.17337 5.90069 2.98304 4.32782 8.11696 6.48642 1.60353 2.21219 5.22843 7.44911 
4.31885 1.21754 4.92303 5.49706 7.12085 2.57624 6.25583 4.71653 2.33482 9.68861 
4.22019 8.3324 2.79401 3.64472 7.62644 8.11247 1.85 2.53097 6.67674 4.93065 
7.92188 10.8695 4.8232 4.43822 6.87642 9.78657 5.73206 5.20807 8.41932 1.60639 
8.38218 10.7175 4.87669 4.16252 5.91222 9.37297 6.43044 5.4104 8.07845 0.378021 
5.39708 7.35209 1.53942 0.929139 4.63056 6.26809 4.17634 2.21461 4.87822 3.49228 
5.56345 1.63025 5.13043 5.3268 6.05265 1.05095 7.1432 5.15374 1.42215 9.45 
