750 15 15
777 335 649 27 763 426 211 429 862 135 22 167 11 373 784 
537 198 324 315 370 413 526 91 980 956 873 862 170 996 281 
0 12 1 2 12 12 3 3 8 11 12 3 1 14 14 6 12 11 11 14 10 7 6 7 2 5 14 6 3 3 10 8 11 5 14 5 14 4 3 10 7 13 9 10 0 8 3 4 8 10 3 12 14 8 7 0 14 2 7 4 2 3 10 10 1 5 4 5 12 12 0 14 8 11 13 3 14 3 5 11 10 12 0 3 13 9 12 6 1 4 4 2 2 13 7 1 7 5 2 2 8 5 9 10 14 11 10 4 11 13 6 7 14 3 7 3 13 13 0 6 5 2 13 2 6 1 12 0 0 7 1 12 14 3 2 11 4 12 4 4 12 11 2 5 9 5 11 12 3 9 11 9 4 8 2 6 1 4 2 0 7 1 2 9 9 11 12 1 11 10 0 3 13 2 7 4 0 13 9 1 10 4 7 7 12 1 11 11 6 5 8 1 6 4 3 12 12 9 2 4 2 10 3 6 1 9 3 7 2 14 6 9 14 5 5 2 7 8 0 3 8 8 11 0 9 10 0 14 7 12 10 5 6 1 5 2 3 10 0 14 12 0 4 6 4 3 13 12 6 12 9 13 2 11 9 13 3 11 11 4 0 3 3 7 7 2 0 4 3 11 5 11 1 7 12 6 7 4 3 2 12 6 12 1 0 1 12 4 11 8 12 10 5 8 3 12 14 9 9 10 0 7 12 1 11 8 6 13 8 12 9 5 7 11 4 14 14 7 12 2 9 6 5 2 14 5 10 12 14 8 5 12 7 0 2 1 4 4 6 9 12 0 1 0 2 8 5 11 13 13 0 5 5 4 4 4 1 14 9 0 2 14 1 2 8 7 7 12 6 14 10 5 13 4 11 10 4 13 8 5 8 10 9 3 4 6 14 0 7 14 14 10 14 6 3 12 9 9 9 8 5 9 5 3 2 12 5 1 13 11 8 3 0 7 4 11 11 2 1 6 8 14 11 5 4 2 4 11 10 2 12 12 14 6 14 11 2 5 8 2 11 0 1 14 1 12 11 1 1 4 7 12 10 11 13 13 12 0 3 14 14 14 4 14 4 11 9 7 11 13 9 1 12 13 10 6 3 5 7 0 13 13 6 9 3 8 7 4 9 14 13 10 5 2 14 9 5 11 12 4 1 3 12 10 9 13 5 10 3 14 13 13 12 0 1 11 0 11 12 11 14 13 10 2 13 5 9 0 4 3 2 8 11 0 8 7 9 12 10 7 8 5 11 14 7 7 8 12 13 2 10 8 9 1 7 4 5 2 3 5 5 10 7 7 3 2 13 6 8 8 3 4 7 2 9 7 3 3 14 10 8 5 7 2 5 8 10 13 13 4 7 13 7 6 1 3 6 7 12 0 7 1 14 3 13 2 14 8 1 0 14 8 7 3 14 7 4 9 4 9 0 12 6 5 7 14 13 3 7 4 12 14 12 4 10 12 4 1 10 12 6 14 6 11 10 11 4 2 7 14 11 12 6 7 12 14 10 6 5 7 1 14 0 0 5 1 9 1 10 7 4 0 9 12 14 3 11 14 6 9 14 10 1 7 14 3 4 10 7 5 5 7 13 5 8 11 0 7 10 12 4 6 2 2 1 0 9 0 4 12 10 12 6 9 13 1 14 4 10 3 2 3 0 12 0 8 3 6 11 5 0 0 12 0 4 10 2 6 13 6 4 10 13 5 9 9 4 10 13 11 
96797.1 70907.1 67600.7 57558.7 23632.6 45600.1 99604.9 73725 46836.4 80218 71801.1 86713 64915.9 89482.6 97531.6 
38388.8 64667.2 5166.24 16635.5 56941.4 59103.7 28329.7 6977.11 44670 48704.5 66321.8 51708.8 7516.65 40325.2 42263.6 
66936.2 51477.8 38689.8 31187.3 25697.7 30056.3 69941.3 44140.3 22337.9 65402.8 52831.9 71398.7 36516.4 69211.6 67977.9 
25915.6 79754.9 48068 61016.2 100958 87705.7 16608.7 40880.3 75245.5 82800.1 81035.4 82863.3 51486.1 67102.9 29796.8 
17727.9 37059.5 35911.7 46870 76879.8 46929.4 38106.8 30387.2 36989.9 85795.9 38418.7 89005.3 38893.2 77151.4 16248.4 
52448.5 64451.7 13670.4 1315.29 39819.7 52253.2 45500.3 21346 38556.5 43003.5 66096.1 47791.3 10072.2 41459.5 55515.2 
87925.5 72502.5 54453.7 42879.6 6621.18 48598.9 86907.1 61345.3 44415.4 62731.9 73706.6 69223.4 51343 72210 89468.7 
71604 88687.4 33271 23426.7 43076.3 74400.5 56760.9 39973.1 61639.3 18902.4 90320.8 24373.1 30161.7 23949.3 75505.4 
52315.4 51152.8 21708.3 16807.7 35996.1 36842 52974.8 27120.5 23523 57045.3 52747.1 62308.3 19821.7 56924.5 54113.3 
61221.7 42562.5 37956.9 33504.9 34597.1 22240.7 67252.7 42097.5 13395.9 71301.1 43935.6 77027 36547.2 73201.4 61748.6 
38526.5 86296.8 37434.2 47845.3 88181 87661.4 12705.9 32671.9 73661.4 61225 87808.7 60700.3 39911 44736.2 43516.7 
94372.2 80058.5 59582.6 47288.9 6789.7 56013.7 91960 66758.2 51978.2 61845 81252.7 68338.1 56289.6 72999.9 96113.1 
81760.2 77255.5 44542.6 31472.1 10973.1 56081.7 76391.1 52082 47802.9 46378.7 78671 52859.2 41023.5 56050.1 84133.8 
51923 25323.7 41637.1 42794.9 52167.6 13439.1 64473.6 42701.1 4205.95 83940 26791.8 89116.2 41785.2 82661.4 51154.4 
41903 62820.8 2624.88 11346.4 51362.2 55284.1 33881.7 10049.9 40888.3 47436.8 64484.6 51069 1860.11 41175.2 45404.1 
28644.7 82523 50161.8 62974.3 103068 90459.1 18215.7 43089 77949.3 83540.5 83798.8 83391.2 53528.7 67524.4 32444.6 
25814.1 44588.1 19192.7 29856.5 62518.2 44821.9 33084.1 15033.6 31461.7 69165.5 46202.7 72680.5 21958.4 61759.9 27627.9 
61152.3 80010.3 22840.5 14534.1 44739.5 67692.3 47389.6 29471.7 54208.9 27758.4 81662 32182.3 19859.5 26397.3 65017 
6168.47 47943.7 37703.3 50339.7 84358.6 58382.4 29833.2 30681.1 47802.3 85902.7 49205 88334.9 41180.7 75079.8 5758.47 
27388 50211.3 13961.7 25802.7 61165 48843.1 29609.6 9208.69 34952.1 63854.9 51837.6 67193.5 17079.2 56009.3 30088 
92235.6 78437.2 57460.4 45213.4 4801.04 54579.3 89848.4 64623.3 50180.7 60706.8 79651.8 67207.5 54177.6 71496.4 93989.8 
30825.5 81829.6 40169.9 52178.3 92660.3 86058.2 8276.47 33920.1 72615.8 70448 83257.7 70308.2 43225.1 54478.3 35620.2 
34145.7 25427.5 36140 43002.9 65017.3 30259.2 50372.4 33825 20854.3 84668.1 27049 88898.2 37885.7 79441.1 32956.9 
18643 35365.7 40651.8 51512.3 80643.5 47826.5 41282.6 35088.7 39051.4 90534.9 36600.5 93725.7 43620.6 81777.4 15901.3 
30149.6 59891 9962.43 23409.4 62553.8 57484.3 23507.7 2420.74 43264 56768 61516.8 59524.3 13601.5 47346.6 33987.2 
21711.3 61885.5 20707.7 34097.8 73268.8 63627.7 14410.1 13152.9 49998.5 64260.8 63426.3 66219.3 24310.1 52517.8 26252.8 
43156.1 39358.1 24070.7 26223.1 47362.1 30223.8 49756.2 25895.4 15801.3 68082.5 41000.1 72872.3 24196.1 65431.3 44055.6 
35362.4 18650.7 48299.6 56107.9 77114.5 34807.6 56767 44848.6 30315.2 97546.1 19884.2 101581 50403.4 91438.5 32376.1 
71550.8 103747 42892.1 41239.3 70339.3 94633.5 49047.4 45826.8 80608.3 22809 105410 20474.9 41769.8 4701.06 76341.7 
36724.1 22120.8 39168 45494.8 65624.7 27955.1 53641.1 37081.5 19925.1 87300 23750.8 91641.5 40780.6 82447.1 35211.5 
25071.1 76600.6 38546.7 51219.1 91424.8 81808.6 6425.73 31686.3 68661.9 72946.4 78002.3 73267.3 41849.3 57700.8 29851.8 
68272 62330.8 33887 22912.4 19944.9 42648.4 66332.3 40765.7 32881.8 52603.1 63794.2 58700.6 30845.7 57622.2 70220 
7647.88 48133.1 43389.6 55980.4 89451.9 60892.2 33476.3 36360 51229.1 91482.2 49259 93827.1 46860.3 80383.1 3006.66 
39802 61670.2 806.226 13281.6 52987 54946.6 32303.7 7976.21 40518.3 49272.4 63332.1 52782.8 3492.85 42502.9 43304.2 
16140 68867.5 38309.9 51642 90827.7 76013.5 11900 30769.5 63532.4 78109 70208.4 79049.6 41886.8 63964.1 20816.6 
43022.8 77918.7 19316.6 26651.1 66444.7 73409.1 23693.2 18738.7 58976.4 43862.2 79555 45164.8 20478.3 31022.9 47701.7 
85194.2 68582.9 52754.9 41748.4 9849.37 44643 85147.4 59419.3 40639.9 64352.9 69778.9 70813.9 49786 72959.5 86583.7 
60474.5 9567.13 70263.6 75126 85054 32183.4 82378.7 68314.1 38509.9 117005 7924.65 121754 71612.6 113409 56949.5 
66779.1 70720 28504.4 15206.9 26043.2 53590.5 60070.1 36156.5 42010.7 40127.8 72282 46092.6 24908.8 44900.4 69553.1 
47861.9 15357.4 64874.1 72202.5 89313.5 40162.8 71552 61420 41323.7 113880 15118.2 118038 66899.6 108043 43833 
47940.1 50914.8 17392.5 15008.3 40274.7 38888.8 48274.4 22447.5 24901.8 56576 52546.1 61520.2 15913.8 54985.9 49922.3 
49102.4 74739.3 13980.7 15277.8 54159.9 66444.7 34474.6 18506.5 52170.7 37243 76402.9 40166.3 12776.9 29321.2 53241 
26349.2 79665.6 45186.4 57966.9 98089.9 86553.4 13223.1 38169.4 73790.6 79100.3 80993.8 79151.1 48537.4 63394.2 30613.9 
73926.8 104601 43871.9 41144.7 68454.7 94679.4 51908.6 47309.7 80799.6 19425.8 106265 17048.5 42480.2 1526.43 78663.1 
41560.1 12453.5 52146.4 58849 76595.7 30817.7 62639 49358.5 28821 100643 13693.8 104939 53948.5 95442.2 38546.7 
90731.7 109887 53889.7 44775.6 54910.2 94495 72558 59980.1 82321.4 5946.43 111511 10290.3 51041.6 24026 94960.4 
18280 38637.4 31797 42785.5 73485.4 46185 35923.4 26382.2 35288.1 81701.7 40084.4 84952.3 34770.1 73237.8 17920.1 
13685.4 47295.2 27693 40160.3 74607.3 53199.4 27234.2 20985.9 41135.1 76603.9 48756.2 79363.8 31104.5 66780 15754.4 
32003.9 42083 19000 27060.1 56772.6 39357.3 38840.2 17441.6 25556.2 68025.4 43737.5 72025.6 20862.6 62301.3 33415.3 
52541.9 2731.3 61204.6 66424.8 78859.2 27886.9 73657.9 59185.9 31277.5 108350 2968.16 112992 62623.1 104401 49344.7 
60026.2 48094.2 32608.7 26709.2 31000.6 29306.1 63320.2 37630.3 18643.2 64064.7 49555 69778.2 30756.1 66099.6 61138.3 
54521.2 20301 73210.5 80496.7 96410.5 45608.9 78906.6 69673.7 48516.1 122208 19437.1 126381 75244.7 116358 50194.1 
55014.2 36594.1 35767.7 33962.9 41440.3 19593.1 62991.8 38734.2 7156.12 73946.5 38055.2 79374.2 35028 74127.1 55252.6 
40152 51677.9 10423.5 15339.5 48332.2 43792.4 39660.2 13967.1 29364.1 56684.5 53341.4 60952.8 10610.4 52307.2 42563 
41896.1 24145.6 37151.7 41465.6 58604.6 22631.2 56060.1 36521 12745.6 83386.6 25803.1 88063.3 38153.4 79919.6 40992.8 
75689.7 77189.1 37251.8 23829.6 20155.6 58141.4 68359.2 44939.2 47917.6 38872.6 78698.5 45244.8 33620.4 47166.6 78451 
45771 17893.3 43741.2 47694.2 61750.8 19037.1 61764.5 43026.5 13905.8 89552.9 19529 94339 44701 86437 44240.8 
45096 49736.3 15849.3 15825.6 43119.5 39144.9 45922.1 20220 24891 57720.9 51382.2 62472.5 14921.5 55247.2 47081.4 
54528.6 59858.8 18278.4 8628.44 34800.1 45802.4 50733.2 25350.5 32596 48000 61473 53235 15230.6 48176.9 57051.9 
27721.8 59549.4 12492 25948 64936 58234.4 21587.3 4833.22 44149.4 58869.4 61159 61470.6 16140 48944.9 31653.3 
73661 50160.2 48230 41184.7 27684.7 26016.3 78822.9 53237.6 23553.6 74219.2 51304 80361.7 46246.5 78911.1 74165.3 
48259 28140 36793.5 38478.7 51207.1 18216.5 59808 37800.1 5234.5 79945.6 29706.1 84990.9 37034.2 78136.9 47835.8 
57632.1 68947.3 18454.5 5100.98 36787 55358.6 49307.7 26163.3 42138 38592.4 70578.3 43710.4 14787.2 38874.7 60800.1 
23771.6 31010.3 37873.7 47600.1 74685.3 41371.7 43785.2 33305.4 32368.2 87811.2 32400.2 91380.1 40493.1 80259.1 21858.6 
34709.2 20359.3 51704.2 60144.6 81997.6 39071.7 57578.5 47724.7 35186.4 101300 21301.9 105170 54004.9 94580.4 31170.8 
16269.3 59772.4 25276.9 38739.8 77151.1 63690.8 14800 17568.4 50584.6 69740.2 61256.6 71661.2 28936 57821.5 20902.2 
43765.9 39618.4 24186.8 26004.8 46740.2 30054 50190.8 26189.5 15620.5 67825.8 41256.4 72652.1 24216.7 65338 44680.4 
57142.4 43009.1 33084.7 29203.6 35745.3 25079.9 62425.6 37202.3 13591.2 68119.5 44478.9 73682.4 31753 69175.5 57911.8 
13064.8 66993.3 45056.4 58516.1 96687.6 77050.6 20673.7 37356.3 65560 86756.8 68200.1 87808 48708.2 72779.2 16307.7 
41434.9 86958 34985.7 44443.8 84475.4 86807.4 15698.4 31126.4 72611 56033 88508.4 55501.4 37119.4 39550.6 46465.7 
55566.6 94282.7 35227.8 39538 76299.7 89434 31488.4 35135.3 75006.7 39470.7 95914 38363.1 35702.2 22308.1 60523.9 
33602.4 58851.1 5842.09 19263.4 58120.7 54709.1 27828.9 2024.85 40349.6 54664.9 60498.3 57827.5 9503.68 46541.4 37138.3 
32390.3 86298.1 57496.6 70414.6 110388 95839.1 25762.4 50303.6 83771.7 90749.1 87487.4 90409.3 60907.6 74456.5 35414.1 
49994 14115.6 66096.1 73090.6 89169.6 39258.8 73506.3 62844.1 41206.9 114862 13670.4 119107 68030.9 109331 46013.2 
55874.6 13464.8 53505.9 55904.7 63467.9 12419.3 72598.9 53415.8 17159.3 97267.2 14625 102381 54094.1 95481.1 53926.8 
20707.7 74027 52353.6 65760.6 104459 85030 24648.3 44716.6 73708.2 91715.4 75162.6 92283.5 55969.7 76821.4 23049.5 
61733.1 18470.8 76823.8 82887.5 95059.8 42480.7 85364.2 74030.3 47941.3 124812 17069.9 129304 78525 120126 57639 
48210.4 16133.5 46185 49729.3 62129.7 17074.2 64459.7 45631.8 14143.9 91504.2 17723.4 96375.6 47047.2 88722.2 46547.3 
29076.5 83071.6 52252.9 65143.8 105153 91627.3 20501 45101 79296 85945.6 84316.8 85779.8 55651.1 69901.2 32607.5 
62250.9 94645.1 33809.5 33771.7 66798 86542.7 40566 36357.3 72339.8 27577.2 96305.2 27224.4 33005.6 11868 66993.3 
59220 47670.7 31978.1 26337.2 31705.7 29233.5 62589.5 36923.8 18253.8 64047 49142.8 69722.7 30179.6 65861.4 60333.9 
95532.7 68632.1 67136.1 57467.4 25063.9 43311.5 98961.5 73090.6 45016.1 81398.3 69503.5 87882.2 64548.4 90228.6 96154.5 
79936.1 63425.3 48463.3 38172.5 13695.3 39902.5 80703.5 54871.5 35196.2 64283.2 64657.4 70661.4 45661.6 71574.9 81229.6 
69187.6 38202.7 50734.7 46867.5 40425 13381 78498.5 54165.1 15795.3 83828.5 39225.5 89715.7 49595.6 86458.9 68862.5 
30991.9 75498.7 27145 38756.9 79266.9 76333.3 7700 21651.8 62349.1 59402.4 77038.8 60091.3 30008.3 44922.2 36000.1 
67763.2 82166.3 28639.8 17415.2 38486 67601.8 55097.4 35843.1 54892.3 25655 83792.2 31171.3 25251.7 29461.3 71407.7 
70994.1 67242.3 34956.7 22779.8 17949.4 47589.6 67314.6 42223.5 37815.5 48437.3 68715.4 54645.2 31644.3 54548.5 73206.9 
61081.6 46695.3 34832.3 29217.1 31384.4 27128 65205.6 39629.5 17240.9 66417.2 48120.3 72168.8 33084.1 68606.9 62005.9 
14447.5 66051.2 35226.4 48621.5 87568.5 72669.3 11738 27617.6 60104.1 76349.7 67421.4 77544.1 38834.6 62727.1 19379.4 
33847.9 22351.1 53100.8 61948.7 84556.8 41775.7 57413 48803.5 37894.2 102868 23166.4 106621 55523.7 95742.7 30037.5 
43139.3 18006.9 61751.8 69726.9 88927 41620.3 67077.3 57911.8 41102.4 111152 18157.1 115137 63951.5 104732 39056.5 
73256.3 60276.4 41407.4 31402.5 16966.4 38234.1 73631 47800.6 31166.2 60385.8 61615.9 66625.1 38643 66300.1 74708.6 
25277.1 78848.3 54567.4 67847.3 107109 89404.3 24897.4 47054.5 77816.5 91739.7 79997.8 91961.4 58123.4 76268.5 27868.6 
85241.6 56902.2 59747.8 51773.1 28306.4 31605.7 90644.8 64988.7 33567.8 81231.6 57807 87582.5 57580.6 87801.4 85558.5 
50308.6 75823.8 15134.4 15575.6 53926.8 67259.6 35356.6 19759 53021.2 35994 77487.8 38916.6 13775.3 28181.2 54464 
83917.4 76413.7 47539.5 34780 6500 54364.7 79678.6 54948.4 47119 50728.5 77776.9 57219.7 44108.2 60561.5 86075.9 
62667.1 13375.4 61302.2 63221.9 67475.4 13978.6 80255.6 61305.9 23720 104251 13692.7 109499 61797.8 103012 60382.9 
55638.6 50056.4 26185.9 20529.2 33241.7 33856.5 57307.1 31491.7 21371.5 59424.6 51604.7 64911.1 24262.1 60351.1 57164 
25994.6 63471.6 17167.7 30359.2 70031.6 63492.4 15920.1 10044.9 49536.8 59942.1 65049.5 61977.6 20662 48473.7 30450.8 
54328.1 8178.63 55766 59222.5 68628 17525.1 72636.4 54974.2 21666.8 100893 9424.44 105846 56663.4 98335.8 51958.2 
41023.5 77329.6 19859.5 28214.4 68280.7 73617.4 21276.3 18312 59203 46188.5 78956 47376 21408.6 33004.4 45758.7 
35114.2 73714.3 19811.6 30480.3 70982 71817.1 15935.5 15961.5 57526.5 52114.5 75315.4 53380.2 22244.3 38960.6 39898.4 
16101.2 58220.4 24515.3 37963.8 76042.4 62045.5 16404.9 16807.4 48961.2 69827.9 59711.7 71892.5 28182.4 58261.9 20541.2 
107296 79294.5 77962 67564.3 30893.5 54029.6 110069 84192.9 56711.6 87327.5 80064.3 93825.4 75200.1 97822.7 107961 
72440.7 54010.7 44119.2 35920.1 22811.6 30973.9 75549.9 49722.9 25732.9 67805 55266.7 73968.7 41816.9 72833 73377.1 
78501.6 54191.2 52102.3 44214.3 25301.4 29495.9 83129.1 57416.7 28328.3 75091.5 55267.5 81354.8 49924.9 80841.8 79053 
39029.5 80207.5 25904.6 35345.4 75545 78496.9 15984.1 22631.8 64187.3 51235.2 81798.4 51687.1 27951.7 36400.5 43981.9 
91425.4 59315.1 67143 59315.5 33634.1 34163.4 97775.4 72226.7 38748.7 88087.7 60042.1 94483.9 65038.5 95130.3 91486.6 
42400.5 45235.5 18139.7 20366.6 46168.6 36080 45809.3 20873.4 21656.6 62298.1 46888 66955.7 18049.9 59266.3 43993.3 
59288.1 6030.75 63187.7 66728.1 74596.6 21684.3 78920.5 62178.6 28673.5 108361 5768.88 113342 64142.7 105839 56464.6 
13689.4 67315.5 46950.3 60412.6 98437.1 77981.1 22546.2 39244.1 66702.7 88748.2 68488.2 89779 50606.3 74720.4 16391.8 
42090.5 76859.5 18453.2 26210.1 66178 72479.8 23194.8 17685.3 58049.6 44605.2 78494.9 46011.4 19743.6 31988.9 46747.2 
36466.4 89534.2 50569.3 62482 102988 95405.9 18449.1 44275.7 82247.5 78168.3 90888.1 77388.5 53607.8 61336 40734.4 
71192.3 71734.6 33462.4 20341.6 20771.1 53066.5 65264.5 41046.8 42520.2 42297.6 73250.9 48507.7 29918.9 48764.3 73780 
52991.4 16514.8 69974.3 76966.6 92505.4 41838.7 76875.2 66669.4 44616.1 118748 15740.7 122997 71918.6 113199 48855.9 
35565.9 87912.8 47154.6 58918.7 99434.2 92947.5 15388.3 41025 79611.6 74609 89302 73932.7 50135.1 57903.1 40068.2 
59842.6 82764.1 23401.9 18278.4 50487.6 71822.9 43961.9 28999.3 58024.6 26706 84425.2 30142.3 21079.4 21888.8 63983.2 
34517.2 79532.9 29722.9 40588.2 81066 80032.1 9625.49 24856.8 65964 58108.6 81076 58383.7 32320.9 42876.8 39545.5 
48928.7 27748.3 37556.5 39104.2 51201.6 17410.6 60604 38600 4640.04 80508.4 29300.2 85581.5 37768 78815.5 48455.4 
35731.5 60737.6 4114.61 17520.8 56972.3 55810.8 28507 3800 41400.1 52294.3 62389.9 55470.7 7716.22 44303 39358.5 
35096 86901.4 45079.5 56753.9 97271.6 91427.8 13630.8 39054.4 77991 72510 88311.1 71910 48024.3 55901.4 39722.3 
16962.3 69452.5 51650.1 65112.8 103017 81291.4 26541.5 43942 70405.2 93156.1 70551 94059.7 55307.5 78865.1 18607.8 
62930.8 98123.6 37583.2 38800.1 72392.3 91037.2 39805.8 39222.6 76739.2 30938 99776.6 29506.1 37181.9 13430.2 67799.7 
13013.8 66936.2 42153.2 55598.9 94066.9 75949.5 17577.5 34474.6 64100.3 83518 68196.5 84578.6 45792.6 69576.6 17015.6 
77802.3 101734 42862.7 36292.7 57260.3 89002.5 58588.8 48091 75798 8502.35 103388 10666.8 40526.5 11321.7 82213.4 
91524.2 60796.8 66282.5 58068.2 31283.5 35539.4 97216.9 71560.5 39270 86054.9 61572.1 92468.9 64074 93390 91721.2 
56764.1 40254.8 34754.1 31676.5 37901.2 22276.7 63265.2 38403.4 10791.2 70950.5 41708 76480.7 33659.5 71750.8 57284.6 
4675.47 51709.3 42991.3 55904.4 90510.8 63820.5 30461.3 35697.6 53694 90221.8 52857 92338.5 46547.4 78565.1 728.011 
86162.9 97905.4 47119 35390 38724.3 80562.3 72020 54278.6 69317.2 18515.4 99483.7 24939.3 43715.6 33022 89864.9 
36046.2 86617 42241.2 53538.5 94038.3 90035.5 12258.9 36590.3 76377.2 68490.1 88065.7 67904.7 45045.9 51906.2 40851.2 
52709.1 1303.84 59788 64651.8 76496.3 25513.1 73230 58024.6 28999.3 106554 2816.03 111264 61100.3 102899 49697.7 
90028.1 78048.4 54733 42313.7 1835.76 54638.6 87061.9 61978.8 49402.2 57650 79308.3 64152.7 51400.9 68282.1 91905.4 
59575.6 98325.7 38929.7 42416.6 78070.8 93076.3 35180.1 39150.6 78664.1 38073.9 99960.2 36334.1 39200.1 20298 64547.8 
23603.8 42984.8 22071.9 32863.7 65037.2 44872.8 33257.9 17441.3 31988.3 72050.3 44573.8 75492.3 24914.7 64348.1 25076.9 
74334 73762.1 36605.1 23430.3 18194.5 54378.8 68329 44200 44404.6 42507.5 75254.9 48836.5 33050.6 50091.5 76895.3 
76720.8 76071.1 38776.9 25491.2 17219.2 56366.4 70297.4 46408.8 46671.7 41741.2 77553.9 48140.8 35192 50207 79323.5 
73873 61952.6 41275.3 30830.2 15601.3 40047.6 73609.8 47841.4 32760.5 58793.3 63303.9 65059.4 38403.4 65015.1 75435.9 
28406 44251.2 18081.2 27960.3 59958 43128.3 34881.7 14946.6 29510.2 67897.3 45886.2 71590.2 20554.8 61110.1 30164.4 
83592 51035.8 61394.9 54843.2 35517.9 25781.6 91140.8 65934.8 30520.3 86879.5 51818.3 93139.3 59605.5 92369.9 83474.8 
55245 73276.7 16278.2 8254.09 44337.9 61799.2 43593.8 23334.3 48036 34673.3 74932.3 38984.7 13092.4 31911.9 58918.6 
82897.1 55520.3 57333.4 49479 27593.7 30311.7 88203.6 62551.2 31494.1 79559.4 56474.5 85879.3 55188.1 85804.7 83258.8 
82265.7 50514.6 59848 53302.3 34638.3 25205.2 89640.3 64408.5 29320.6 85531.3 51339 91775.9 58053.9 90898.2 82200 
84785.7 50629 63435.3 57130.5 37827.6 25563.3 92897.4 67825.1 31477 89378.4 51340.1 95636.2 61718.8 94809.5 84535.1 
82472.1 67140.5 49855.1 38885.5 10017 43624 82249.9 56529.1 38796.5 62476.3 68378.4 68909.4 46887.5 70613.5 83923.1 
20412 53660.6 19004.2 32149.8 69146.9 55449.1 22458.9 11708.5 42043.8 67045.8 55219.7 69713.2 22602 57123.8 23901.9 
35419.3 43595 17307.2 23926.8 53132 38609.1 40503.1 17301.2 24413.5 65324.4 45258.5 69519 18620.7 60382.2 37000 
64298.2 86574.4 27762.7 21429.4 50056.8 74798.2 47877.4 33486.1 61225.9 22252.4 88232.1 25911.4 25287.5 19267.6 68460.6 
76934.4 87464.3 37590 25248 33505.8 70660.1 64692 45007.1 59046.8 24221.7 89049.8 30579.1 34060.2 33714.7 80431.6 
88933.1 72846.4 55636.9 44109.1 7433.03 48775.6 88087.8 62501.6 44949.1 63815.4 74031.4 70310.2 52540.4 73407.4 90434.7 
49977 81304.9 20713.5 23943.7 61964.2 74493 31152 22770.2 60124 36421.6 82960.8 37968.4 20535.3 24560.1 54534.1 
20961.2 56014.3 18597.3 31959.5 69731.8 57554.3 20373 11000.5 44026.6 65699 57573.3 68201.5 22252.4 55347 24795.2 
40230.5 28020.3 33222.3 37690.4 56700 25118.1 52955.1 32736.1 13296.6 79622.2 29681.1 84242.1 34221.2 75994.3 39775.6 
42457 87647.3 35089.2 44271.9 84185.2 87214.5 16765.7 31453.1 72985 55096.7 89203.6 54500.1 37129.5 38529.2 47489.1 
55719.7 83266.1 22520.4 21603.7 56976 74361.6 37943.8 26504.7 60209.1 30233.3 84930.1 32423.8 21200.9 20787 60114.6 
78600.6 87183.1 39200 26432.7 30675.2 69656.3 67103.8 46734.7 58456.5 26506.2 88749.8 32946.2 35606.9 36739.2 81974.8 
35960.1 27590.2 60630.4 70174.7 93569.3 49610.1 61113 55721.9 46736.7 110587 27941.5 114099 63271.9 102620 31408.6 
35131.9 42189.3 18695.5 25262 53703.4 37592.6 41153.9 18432.9 23495.5 66720.5 43852.6 70930.7 20041.2 61798.1 36529.7 
81986.9 50395.4 59531.8 52991.4 34481.4 25079.9 89330.4 64094.7 29068.2 85267.7 51228.2 91508.7 57737.8 90605.6 81930.8 
102068 74403.6 73180.4 63096.9 28011.4 49097.6 105168 79288.1 51457.3 84715.1 75211.8 91217.8 70495 94491.7 102705 
38386.6 34735.6 26500.2 31218.7 53724.9 29972.3 48076 26428.2 16361.5 73125.9 36398.5 77647 27461.4 69239.9 38778.3 
62370.8 56062.9 30080.1 21198.1 26072.6 37601.2 62193.3 36346.4 26748.6 56039.4 57559 61871.6 27475.8 59085.9 64100.3 
55724.5 82658.6 21989.3 20711.8 56052.8 73564.2 38330.8 26203.1 59434.8 30203.5 84322.8 32577.9 20552.9 21321.4 60078.7 
55724.8 90872.8 30662 33475.5 69613.9 84574.2 33421.5 31829.1 70198.9 34657.5 92521.4 34448.9 30617.8 18919 60548.3 
24169.8 35213.8 52697.7 63574.4 91351 53282 49611.8 46922.1 47149.2 102507 36006.9 105580 55700.8 93285.8 19550.2 
54207.2 77635.4 17695.5 14716.7 51056 67773.8 39441.7 23190.5 53729.8 32518.5 79299.1 35840.2 15608.3 26400.8 58284.2 
51125.1 46543 24132.3 21128.7 38049.4 32416.8 54084.5 28541.2 18882 61722.4 48129.2 66958.2 22816.2 61294.4 52516.4 
74520.4 45580 52509 46761.6 34211.8 20554.3 81918.3 56819.1 21931.7 81158.2 46580.8 87250.3 50887 85299.3 74541.9 
71566.3 52925 43671.5 35761 23879.9 29978.7 74960.5 49162.3 24629.3 68242.1 54185.3 74375.3 41438.3 73007.5 72458.7 
28205.7 53195.2 11814 24403.3 61134.1 51326.1 27735.4 6262.59 37282.8 61396.8 54823.4 64594.9 15190.8 53174.6 31302.6 
79897.2 55990.4 52857.7 44588 23867.3 31263.1 84102.9 58331.9 30056.3 74563.8 57063.6 80864.4 50586.3 80704 80517.6 
74332.8 103175 42726.3 38996 65048.1 92521.2 53115.9 46688.4 78784.4 16308.3 104839 14800.3 41070.3 2080.87 78984 
57136.1 3162.28 63020.8 67217.3 76759.4 24374.2 77442.8 61610.5 30096.2 109011 2483.95 113867 64158.6 105940 54136.1 
7611.83 46394.9 38774.3 51233.8 84641.6 57438.1 31712 31896.1 47183.2 87284.6 47632.1 89800.7 42203.6 76667.6 5903.39 
41381.8 69855.3 9741.66 17906.7 58359 63954.5 27874.4 11531.3 49523.5 44789.7 71509.5 47408.5 10744.8 35429.5 45554.4 
16020.6 43848 28051.6 39909.1 72948.5 49778.8 30672 21954.5 37940.1 77596.7 45323.9 80606.7 31277.1 68474.8 17173.5 
17998.1 44858.9 25178.2 37039 70488.4 49269.3 29908.2 19197.1 36921.8 74789.6 46378.1 77856.9 28392.4 65881.8 19646.9 
27856.8 48842.7 14561.9 25880.5 60484.9 47346.9 31031.1 10431.7 33477.3 64536.6 50473.4 67985.4 17492.9 57027.2 30338.9 
61332.5 97781.6 37568.2 39685.3 74193.4 91373.1 37777.4 38689.8 77020.3 33562.6 99429 32070.2 37423 15990.6 66240.2 
74427.2 93253.4 36828.5 27815.3 46739 79179.4 58220.4 43165.4 66372.4 14212.7 94891.6 19588 33911.8 20412 78484.9 
53933.7 60606 17147.9 7211.1 35806.4 46969.5 49590.8 24352.8 33631.1 47072.4 62228 52225.1 14001.4 46908.6 56560.1 
56552.4 43362.7 32186 28338.8 35811.3 25818.2 61602.8 36340.2 14020.7 67400 44847 72937.3 30847.5 68336.9 57383.6 
55509 55192 22389.7 14800.3 32719.6 39847 54473.7 28638.6 27066.2 53528.7 56773.3 58954 19906 54376.9 57536.1 
82297.6 63169.7 51790.4 41815.1 15431.1 39001.7 83895.9 58026.9 35720.2 67932.1 64332.4 74331.2 49080.5 75408.2 83405.3 
42670.8 58635.9 5408.33 10049.9 47905.1 50110.8 37703.7 12245 35752.6 50088.8 60299.6 54182.8 3847.08 45344.2 45710.9 
59404.1 72569 20004 7655.72 37985.4 59059.3 49463.1 27587.9 45859.4 34916.2 74203.8 39994.1 16402.7 35365.7 62776.6 
83708.8 109355 50037 43989.2 63547.2 96736 63155.8 54865.7 83537.4 8160.88 111011 4601.09 47872.4 11498.3 88256 
38525.3 78900.3 24323.9 33858.5 74115.7 76975.1 16269.3 21111.6 62654.7 50813.9 80496.5 51461.2 26385.6 36366.2 43442 
56773.3 16120.8 72484.6 78968.2 92828.5 41153.6 80427 69476.4 45217.9 120848 15008.3 125230 74292.7 115772 52697.2 
50283.7 92993.1 36776.4 43660.6 82222 90500.5 24980.4 34829.4 76103.2 48094.1 94588 46946 38071.6 30871.5 55310.4 
91704.8 115043 56891.8 49488.7 63666.1 101019 71579.3 62206.5 88316.7 7829.43 116688 3920.46 54442.4 19936.1 96177.4 
80708.7 92468.6 41550.2 29694.6 36566.2 75622.9 67263.2 48789.9 64066.4 20248.5 94056.2 26727 38111.5 31936.3 84348.1 
89394.9 88593.6 50695.2 37232.4 18309.8 67642 81061.2 58406.2 59121.9 39833.9 90031.6 46287.5 47036.7 52555.2 92190.8 
26006.9 77600.6 39169.5 51757.1 92020.1 82759 6847.63 32385.5 69584.8 72917.6 79002.3 73149.8 42440.1 57523.7 30765.7 
30929.1 61505.9 10024 23326.6 62876.5 58935.9 22779.8 3269.56 44680.6 55623.2 63132 58268.4 13565 45914.8 34901.3 
37161.8 91135.3 60142.2 72778 113026 100196 27849.1 53180.6 87904.6 90874.3 92341.1 90175.9 63449.2 74129.8 40323.8 
66414.6 42662 44073.2 39136.9 34246.8 19727.4 73283.6 48216.2 15395.1 75635 43888.3 81524 42601.6 78447.4 66669.4 
46228.1 34489 30222 31618.3 47702.6 24103.3 55060.8 31851.2 9718.54 73198.7 36096 78180.4 30276.1 71252.9 46517.2 
45305.4 80138.7 21019.3 27325.1 66631.2 75216.3 25303.2 20957.1 60782 41936.3 81778.4 43048.8 21867.3 28717.9 50012.1 
37711.7 16861.8 52187.5 59939.1 80097.8 35829.9 59934.1 48680.7 32780.8 101420 17867.6 105468 54291.5 95313.8 34363.9 
11866.3 43241.2 43397 55451.3 87314.7 56565.9 37088.3 36809.9 47460.5 92396.5 44360 95049.7 46718.4 82095.9 7840.92 
86254.8 55809.9 61938 54379.9 31453 30494.6 92481.6 66954.1 33861.5 84409.1 56638.9 90749.8 59887.3 90802.7 86390.4 
89397.2 69480.4 57999.4 47292.5 13601.5 44820.6 90303.8 64493.7 42652.2 69603.8 70578.3 76085.2 55120.4 78584.5 90565.2 
72368.5 102536 41841.7 39026.7 66716.3 92560.5 50714.2 45397.1 78682 19184.6 104200 17523.1 40407.9 1655.29 77072 
42472.1 17883.2 60903.6 68894.1 88252.5 41216.1 66324.4 57066.5 40465.4 110309 18110.8 114291 63105.3 103884 38429.3 
6946.22 56377.7 46313.1 59478.1 94975.8 68980.1 29861.3 38806.3 58845.1 92306.4 57473.9 94100.2 49932.5 79872.7 5841.23 
23740.3 32695.7 34261.5 43938.6 71615.8 40688.2 41822.6 29873.4 30642 84175.8 34169.6 87781.7 36845.6 76793.9 22588.7 
54109.7 1236.93 61724.6 66577.6 78006.4 26512.1 74918.4 59928.6 30679.1 108474 1140.18 113194 63041.7 104840 50990.7 
44937.4 21064.2 65589.3 73837.7 93239.1 45407 69499.4 61509.4 45376.6 115145 20940.2 119049 67876.1 108416 40591.9 
86802 112837 53473.1 47459.7 66087.5 100131 65849.3 58216.8 86975.5 9656.6 114494 3687.82 51336 13652.8 91386.9 
38974.1 81395.4 27892.8 37468.1 77669.3 80175.4 15021.7 24339.3 65901.8 52600.9 82975.3 52839.4 30009.7 37356.7 43966 
36680.9 70763.3 14244.3 24695.1 65209.3 67300.7 20930.8 11747.8 52916 49343.3 72391.8 51254.4 16483 37830.8 41182.5 
46442.4 12884.5 48169 52692.5 66565.2 20609 64241.2 46928.9 18577.7 94593.7 14541.7 99311.2 49324.4 91117.5 44371.7 
12414.5 53889.2 27015 40241.3 76953.1 59218.7 20664.2 19520.8 46674.3 73996 55344.7 76289.6 30641.8 62953.5 16304.9 
29684 83654.3 52070.4 64895.1 104976 91972 20135.8 44978.2 79558.6 85271.9 84910 85052.9 55443.1 69153.2 33300 
68721.5 53149.8 39864.8 31834.7 23872.4 31329.2 71341.7 45500 24123.8 64993.1 54486.1 71056.4 37571.9 69305.5 69810.2 
65205.1 79694.7 26009.4 14749.2 38640.9 65530.5 53035.6 33272.8 52642.3 27920.1 81325.1 33241.5 22594.2 30405.9 68810 
79508 67806.8 45601.1 34144 9400.53 45276.3 78054.5 52509.5 38782.7 57447.4 69126.3 63854.9 42498.6 65343.5 81219.2 
58946.1 57722.5 24872.7 15575.6 29334.3 41176.8 57207.1 31487.5 29066.3 52021.2 59280 57646 22087.1 54015 61023.4 
19859.5 62949.6 23780 37148.9 76354.6 65736.2 12180.7 16241.3 52295.4 66458.5 64459.9 68203.4 27371.5 54162.9 24613.2 
17336.7 69932.3 38327.1 51603.5 90964.7 76830.8 10965.9 30848.3 64254.3 77472.4 71281.1 78330.7 41877.9 63172.3 22023.9 
86093 111077 52073.5 45600.4 63575.6 98037.8 65651 57052.4 84978.2 7178.44 112731 2121.32 49819.7 13960.7 90619.9 
25364 79280.9 48505.7 61517.9 101372 87527.8 17317 41256.9 75165.2 83702.9 80548.4 83809.8 51949.3 68071.2 29138.6 
37589 30019.3 30904 36199.6 57473.2 28084.5 49973 30034.1 15890.2 78089.7 31683.6 82565.4 32117.4 73917.3 37335.8 
90873.8 73094.2 58135.2 46791.6 9998.5 48668.1 90568.1 64905.9 45705.4 66602.7 74232.1 73101.1 55091.3 76311.5 92257.2 
47495.8 6511.53 56053 61737.3 76317.6 27540.9 68249.7 53845.4 28352.4 103664 7805.77 108192 57581.7 99310.5 44485.5 
61799.2 29378.4 48212.6 46871.1 47835.1 6879.68 73396.5 50407.9 9013.88 86320.4 30515.9 91894.3 47732 87026 61062.7 
78715.3 108806 48229.6 44734.1 69738.9 98256 56589.5 51906.5 84522.2 17341.6 110471 13630.8 46678.7 4951.77 83450.6 
95242.4 67385.8 67479.8 58081.7 26608.6 42062.9 99155.7 73305.5 44270.6 82769.9 68229.3 89245.8 64964 91352.6 95769.8 
19944.4 68965.3 31470.8 44589.9 84315.6 73466.3 6037.38 24203.3 60284.7 70358 70408.1 71404.5 34948.2 56481.1 24972.2 
23322.5 37027.7 53218.5 64326.2 92677.9 55080 48969.5 47263.1 48784.9 102914 37806.1 105886 56288 93403.4 18565.8 
86823.3 83610.6 48807 35439.7 13201.9 62287.4 80034 56464.6 54159 43809.8 85024.5 50308.3 45198.3 55278.7 89387.4 
53403.5 31088.6 38487.9 38227.9 46592 15754.4 63649.7 40497.5 1697.06 78867.6 32548 84175.1 38206.4 78326.6 53160.3 
35636.6 62964.3 5946.43 18745.9 58722.5 58405.5 26554.8 4360.05 44000.5 51399 64611.8 54316.2 9152.6 42639.1 39498.1 
56501.4 71419.9 17114.3 5869.41 40665.1 58921.1 46376.1 24624.6 45397.1 36062.7 73065.8 40809.9 13572.4 34933.2 59947.3 
93327.2 62482.2 67823.6 59419.6 31496.8 37254.3 98865.6 73176.6 41105.7 86737.9 63239.6 93171.1 65569.6 94372.3 93540.3 
85902.1 101527 47687.3 37236.1 45639.6 85373.5 69875.6 54376.9 73512.2 11423.7 103134 17837.3 44535 26941.6 89867.1 
57867.5 93095.3 32776.8 35085.2 70487.2 86572.5 35248.3 34084.7 72216.6 33490.6 94745.2 32929.8 32619.8 17164.2 62709 
62683.4 96167.6 35405.4 35831.4 68998 88431.8 40398.3 37606.5 74192.3 28635.6 97825.4 27804.5 34753.6 11985.4 67479.5 
47178.2 91193.5 36509.9 44429.9 83653.8 89660.7 21617.8 33805.3 75322.8 51447.5 92770.8 50477.7 38139 34420.9 52210.8 
48731.1 89787.4 32837.3 39578.3 78264.3 86718.7 24200.2 31226 72304.4 45947.9 91394.7 45300.1 34045.9 29349.3 53726.4 
96907 71105.7 67642 57568.1 23512.8 45800.4 99660.4 73780.8 46996.6 80114 72001.7 86609.8 64949 89416.6 97651.3 
69851.6 90189.2 32658.8 24634.3 48040.5 77105.9 53537.3 38764 63935.6 17507.1 91837.5 22022.9 29904 19163.8 73955.8 
6118.82 48353.8 40998.2 53645.1 87460.3 60121 31572.9 33939.1 50034.5 89048.4 49539.1 91403.8 44481.9 77997.6 3041.38 
66008.6 58382.4 33213.3 23455.7 22463.5 38786.6 65481.9 39686.9 28925.4 55839.9 59841.2 61838.9 30445.5 60000.4 67737.9 
63562.3 84164.7 26129.7 18783.2 47370.1 71984.7 48246.9 32289.5 58499.9 23947 85818.9 28082.9 23408.8 22246.1 67596.6 
34410.5 87572.9 49574.3 61692.5 102163 93706.4 17235.1 43115 80635.3 78529.3 88919.1 77918.5 52684.7 61900.1 38657.6 
61682.8 78785.9 22856.9 13232.2 42346.8 65896 48826.2 29826.3 52566.9 28709.9 80431.6 33461.2 19651.2 28526 65423.1 
59669.3 88819.2 28013 26836.2 60288.6 79875.5 40140.4 31562.6 65757.8 26978.7 90482.8 28279.3 26788.4 15420.8 64214.1 
52622.9 62685.6 14549.9 3612.48 38461 50058.6 46783.1 22073.7 36448.6 44761.6 64323.6 49680.7 11125.2 43671.6 55516.8 
23883.9 74419.4 35620.4 48362.8 88512.7 79102.5 4001.25 28721.1 65866.3 71062.3 75844.6 71597.3 38946.6 56200.5 28800.9 
24789.1 70304.6 26815.1 39513.3 79683.6 72607.5 5780.14 20113.7 58935.3 64107.8 71813.8 65193.9 30108.1 50374.6 29788.1 
27406 29705.9 51552.9 61633.2 87478.3 47851.6 51977.9 46387.6 42314.3 101531 30551.1 104906 54325.8 93216.8 23242.2 
59727.7 7849.2 61969.8 65069.2 72105.6 19087.4 78704.1 61253.7 26558 106575 7984.99 111628 62796.5 104398 57089.8 
44604 13875.5 47000.5 51917.2 66960.4 22145.2 62520.5 45546.7 19059.1 93844.8 15539.6 98484.6 48261 90061.4 42541.4 
55707.2 76100.6 17620.4 11641.7 47069 65142.9 42438.2 24060.1 51292.5 32482.9 77760.2 36431.4 14869.1 28597.4 59581.4 
79357.7 42386.9 61602 57017.2 43713.8 17641.1 89462.9 65162.1 25960.9 92136 43048.8 98221.1 60332.7 96031.8 78724.1 
89765.2 76751.6 54940.1 42724.2 2596.15 53166.2 87333 62099.4 48267.3 59219 77993.3 65722 51662.4 69588.6 91549.2 
38021.7 76277.9 20808.2 30435.7 70781.4 73724.5 17781.5 17917.9 59370.9 49640.7 77887.7 50720.9 22852.8 36126 42828 
94658.8 119279 60659 53724.9 68135.8 105529 73800 65708.8 92745.9 12397.6 120928 7150.52 58334.3 21539 99213.4 
44213.7 84507.5 28095.9 35871 75363.2 81700.1 20682.8 26050.9 67306 47220.8 86114.4 47275.9 29588 31715.8 49167.5 
77701.6 86961.2 38308.4 25662.8 31598.1 69718.4 65997.3 45810.9 58348.7 25843.6 88535.3 32249 34732.4 35678.6 81114.1 
82896.8 107545 48570.5 42083.7 61147.9 94630.9 62862.2 53626.3 81514.2 6303.17 109199 5053.71 46293.4 12143.3 87385.6 
76081.3 37438.6 60660.1 57159.4 47338.1 13025 87383.6 63680.6 23165.7 93746.3 38075.7 99710.1 59675.5 96727.3 75211.2 
70375.1 95641.2 35983.6 30724.1 56722.6 84102.9 51360.9 40887.3 70531.8 15783.5 97301.8 17786.8 33882.9 10517.1 74799.2 
38525.3 73210.5 16007.8 25495.1 65909.8 69504.6 21236.1 14140 55100.4 47737.7 74840.1 49426.5 17894.1 35711.3 43112.5 
10259.1 63928.1 39713.2 53176 91276.3 72680.8 17664.1 32005.2 60829.8 82330.3 65209.9 83628 43371.1 68879.4 14675.1 
35948.9 76348.2 22902.6 33248.8 73694.1 74867.1 14616.8 19039.4 60597.8 52599 77938.7 53486.6 25249.2 38612.2 40841.8 
75572.1 87032.7 36279.1 24166.5 34754 70644 63064.2 43637.1 58806.9 23585 88627.4 29851 32783.2 32321.5 79119.2 
61509.3 30457.3 47100.4 45554.4 46595.5 8292.77 72649.1 49441.9 8319.25 84916.7 31630.4 90500.1 46555.3 85700.1 60886.9 
41387.6 85536.9 32457 41675.1 81658.9 84734.5 16115.2 28924.9 70479.1 53764.3 87103.7 53449.5 34489.6 37602.8 46417.2 
10824 51773.1 49224.9 62011.6 95811.2 66212.8 35866 42006 57105.6 96608.7 52765.1 98701.3 52751.9 84846.3 6413.27 
48234.5 57102.4 12700.4 8464.63 40981.1 45644.9 44974 19304.1 31662.3 50358.7 58748 55114.2 10255.2 48230.8 50830.3 
65397.9 39927.6 44773.3 40617.7 37047.3 16940.2 73255.2 48519.9 13313.5 77870 41136.4 83696.7 43511.8 80231.8 65455.4 
60934.9 24309.1 50942.8 50750.6 53185.3 3573.51 74338.8 52424.4 11198.7 90863.5 25371.2 96326.5 50796.3 90894.7 59771.6 
82988.3 110180 50346.8 45089.4 66226.1 98187.2 61806.5 54807.4 84812.5 11300.4 111841 7000.71 48374.1 9552.49 87609.7 
48679.6 55692.5 14258 10017 40073.9 43820.7 46324.6 20530 29900 51748.7 57332.2 56605.7 12020.8 49989.2 51111.7 
43624.1 28644.9 33807.2 36967.3 53630.2 22483.1 55423.6 34115.1 9849.37 78804.1 30280.4 83616.7 34430.5 75994.2 43283.4 
82593.1 49822.2 60811.3 54489.1 36142.5 24565.2 90378.2 65248.4 29443 86995.5 50607.7 93230.9 59079.8 92251 82435.7 
83082.7 65394.3 51608.5 41144.7 12814.4 41412.1 83877.3 58054.5 37604.8 65877 66581.8 72301.4 48774.3 73782.2 84335.6 
30802.1 64005.6 12228.7 25133.4 65111.1 61878.8 20241 6229.77 47642.2 55226.4 65622 57560.8 15561.8 44660.2 35038.3 
86500.1 93812.2 47101.7 34322.3 31033.5 75186.2 74520.1 54617.9 64736.5 26305.3 95350.4 32753.6 43513.9 39857.7 89884.6 
18186.8 35832 40835.4 51784.9 81100.6 48391 41019.1 35195.7 39605.7 90689 37056.7 93845.9 43831 81829.2 15376.9 
26454.7 71223.6 26052.6 38526.5 78823.7 72955.5 6420.28 19640 59166.4 62423.4 72747 63471.6 29251.5 48631 31441.4 
10742.4 64472.4 44949.4 58405.5 96055.5 75032.1 22451.1 37236.8 63797.3 87807.3 65659.7 89042.1 48614.8 74192.3 13644.4 
60595.7 58280.8 26550.5 16896.2 27653.9 41076.1 58907.1 33201.5 29369.5 52212 59821.4 57935.3 23720 54763.7 62631.4 
27503.6 79945.6 42483.4 55026.3 95320.4 85703 10095.5 35709 72639.9 75303.3 81319.9 75323.6 45741.1 59561.5 32066.5 
38513.4 47151.4 14358.6 19588.8 49717.8 40118 40972.3 16177.1 25700.8 61165.8 48815.2 65480.5 15036 56805.8 40459.5 
42069 49387.1 13901.4 16492.4 46150.4 40410.5 43026.2 17486.6 26009.4 58355.2 51045.1 62875.3 13630.8 54900.8 44142.6 
26898.5 58193.6 12865.5 26316.7 64913.9 57134.9 22196.4 5162.36 43107.8 59980.8 59801.1 62658.2 16532.7 50243.9 30711.9 
6228.96 59355.6 43874.5 57219.9 93796.1 70531.2 25315.8 36232.9 59701.7 88719.6 60526 90317.3 47531 75870 8448.08 
62323.4 56544.2 29723.6 20664.9 26031.1 38200.1 61893.2 36063.6 27261.9 55412.4 58045.5 61241.3 27074 58463.8 64100 
83183.3 56864.1 56858.9 48668.1 25838 31728.4 87964.6 62238.6 32289.5 78114.6 57845.5 84453.3 54624.7 84600.9 83649.6 
48638.5 49574.3 19204.4 16681.1 39659 37060.1 49780 24021.7 23150.2 58026.6 51196.3 63053 17801.7 56749.3 50450.5 
40929.3 90977.5 44247.5 54787.7 95115.4 93586.8 16459.6 39195 79745.8 66501.9 92446.8 65491.1 46795.4 49417.1 45757.8 
23136.6 58113.8 16888.2 30342.4 68789.8 58776.3 19474.3 9178.24 45028.1 63216.2 59688 65651.2 20554.8 52730.3 27145 
88019.1 67278 57309.4 46960.8 15250.6 42567.2 89505.6 63652.3 40649.8 70646.8 68365.2 77111 54521.2 79172.8 89089 
39060.1 85586.2 35285.4 45389.5 85651.9 86217.5 13200.8 30865 72122.3 58631 87118.6 58214.5 37644.3 42299.5 44082.2 
63709.7 26504.7 52523.5 51640.8 51803.6 2000 76675.2 54340.1 12801.6 91208 27465.8 96777.3 52198.9 91805.5 62610.1 
1513.27 52565.6 39618.2 52650.3 87892.3 63236.7 27236 32239.9 52499.5 86583.3 53791.9 88677 43202.9 74901.1 3860.05 
30916.2 56492.5 8528.77 21681.6 59710.4 53428.3 27225.4 2692.58 39182.9 57706.2 58131 60851.4 12100 49427.2 34314.4 
90753.4 59712.4 65874.8 57844.1 31842.7 34464.6 96684.3 71069.5 38366.3 86315.3 60482.9 92715.9 63713.3 93448.2 90907.9 
96886.8 70618.1 67900.7 57941.8 24262.1 45302.8 99864 73984.4 46738.6 80824.7 71500.3 87318.6 65238.4 90026.9 97587.1 
36482.5 82725.6 33105 43670.2 84076.5 83523.5 10756.4 28365.6 69470.7 59048.8 84257 58942.8 35614.2 43177.9 41512.4 
103871 77688.2 73890.5 63323.5 26534.5 52364.6 106083 80221.9 54043.4 83050.6 78533.7 89551.1 71077.6 93436.8 104669 
62628.1 46154.6 37037.4 31405.7 31226 25703.1 67260.2 41748.1 16868 68201.5 47538.6 74008.8 35314 70680.3 63419 
71908.4 94443.9 35918.4 28992.8 52395.8 81828.4 54113.3 41501.8 68544.1 14179.2 96097.6 17819.1 33436.8 14601.4 76180.4 
74998.9 53835.8 47606.4 39581.8 23679.9 29952.8 78840.9 53063.2 26500 71044 55015.6 77254 45370 76389.7 75753.9 
67394.7 26785.4 56914 55825.2 53819.8 3046.31 80919 58729.6 17201.2 95030.6 27513.8 100673 56560.1 95976.3 66103.7 
64324.5 60737.9 29773.3 19141.6 23952 42371.3 62209.7 36625.9 31500 51519 62247.2 57437.4 26773.9 55317.4 66367.5 
27455.4 37979.1 24690.3 33772.2 62768.9 39378.3 38831 21446.2 26775.5 74340.4 39594.9 78142.1 27000 67780.4 28100.7 
88816.7 92181.8 49552.5 36279.5 25200.4 72316 78500 57220.5 62806.8 32889.7 93672.8 39310.3 45895.5 46351.9 91931.3 
86058.4 51655 64575.7 58139.2 38003.3 26662.7 94118.8 69014.3 32746.6 90029.6 52343.6 96307.7 62828.7 95652.5 85806.3 
56528.9 88874.3 28139.1 29467.9 64907.5 81447.2 35684.9 30381.9 67151.2 31502.5 90532 32051.5 27610.1 17502.6 61221.3 
63309.1 50986.8 34527.2 27343.7 27501.6 31100.6 65806.2 39989.2 21526 62943.5 52413.7 68807.7 32385.8 65941.3 64514.3 
46757.5 68988.8 8800.57 10511.9 50772 60384.2 35421.6 14990.7 46106.9 41211.3 70653.1 44730.3 6860.03 34946.8 50554.2 
60617.2 17831.4 75830.5 81983 94521.4 42115.3 84250.2 72992.4 47279.8 123901 16480.6 128370 77554.2 119132 56527.9 
39781.9 15708.9 46208.8 52497.6 70657.6 27660.3 58957.4 43871.9 23294.8 94343.5 17269.6 98714.6 47860.2 89501.4 37449.8 
23208.6 38184.4 27239.9 37378.6 67368.4 42332.1 36954.2 22832 30442.9 77196.2 39741.7 80740.2 29917.2 69725.9 23581.6 
51794.3 14624 49416.2 52348.9 62386.6 14373.6 68202.6 49127.3 14848.6 93944.3 16075.1 98940 50128.3 91670.8 50009 
66919.1 77332.5 27530.7 14665.9 33112.7 61810.8 56647.2 35137 49462.9 31412.7 78938.3 37173.2 23907.5 35720.2 70234.5 
89595.8 107510 52239.6 42651.3 51886.9 91795.1 72100.1 58543.1 79756.3 7213.88 109129 12704.7 49283 25091.2 93740.1 
70107.6 43374.8 48229.6 43000.5 34488.5 19131.4 77422.5 52392.6 17976.9 78625.3 44489.1 84609.3 46714.9 82018.7 70208.6 
41282.6 71854.6 12300.4 20397.3 60741.5 66480.8 26135.4 12961.9 52046.3 44651.5 73503.5 46915.8 13462.9 34276.1 45623.2 
49144.4 91456 35188.9 42199.6 80925.5 88900.5 24047 33235.7 74503.3 47780.3 93053.2 46847.1 36509.9 30804.1 54164.6 
44525.3 11684.6 58224.1 65171.3 82364.3 34520.3 66974.7 55137.6 34408.9 106932 12231.9 111180 60120.7 101487 40982.1 
60474.5 9567.13 70263.6 75126 85054 32183.4 82378.7 68314.1 38509.9 117005 7924.65 121754 71612.6 113409 56949.5 
9391.49 60067 48011.4 61324.1 97556.2 72603.4 28864.7 40390.3 62296.1 92894.2 61152.9 94439.9 51662.4 79905.1 9487.36 
46920 37686.1 27964.6 28589.7 45269.1 26260.6 54191.7 30223.3 11853.3 70064.3 39290.8 75087.5 27750.5 68385.2 47539.5 
54183.1 58739.1 18526.2 9600.52 34804.2 44645.5 50955.9 25423.8 31430.2 49160.1 60351.1 54400.8 15620.8 49300 56619.8 
77466.1 88422.7 38160.8 25961.5 34311.8 71680.5 64916.6 45531.7 60040.4 23239.8 90010.2 29613.8 34655.4 33040.9 81003 
27682.7 43738.5 18898.7 28879.2 60753.4 43128.2 34808 15519.3 29637.8 68755.4 45367.9 72420 21422.7 61852.8 29357.5 
39745.4 62929.9 2220.36 13920.5 53960.7 56430.9 31284.7 7810.25 42000.6 48596.8 64590.6 51965 4393.18 41386.5 43376.1 
81484 102657 45207.1 37128.6 53788.6 88661.2 63225.6 51006.4 75885.4 4827.01 104299 10218.1 42547 16783.6 85762.1 
80164.9 69339.7 45722 33971.3 8273.45 46926.5 78171.2 52744.4 40240.5 56090.3 70669.7 62516 42546.6 64305 81966.3 
17582.4 41605.9 50063.3 61817.3 92260.7 57843.3 43387.2 43646.8 50225.2 99288.9 42517.1 102000 53309.8 89085.1 12723.6 
22420.7 76262.3 51181.2 64485.4 103683 86289.7 22000.9 43649.2 74566.7 89024.2 77446.6 89404.3 54747.5 73818.2 25371.2 
44530.7 21156.8 40561.7 44417.3 59413.8 19858.8 59440.1 40048.5 12101.7 86284 22796.9 91060.6 41465.4 83182 43338.3 
57784.8 65722.2 19474.3 6511.53 34007.4 51341.7 51374.4 27095.8 38359.5 42186.8 67338 47505.2 15921.1 43145.6 60659.8 
86441.8 61068.9 58777.6 49826.3 23193.1 35923.4 90310.9 64481 36225 77176.7 62049.2 83581.1 56354.1 84525.3 87058.7 
68307.9 26359.1 58458.4 57465.9 55174 4328.97 82195.5 60185.1 18706.7 96682 26998 102327 58139.2 97619.9 66914.9 
54744.2 49642.3 25500.2 20238.8 34105.3 33857.6 56502.2 30705.9 21140 59521.4 51200.1 64957.3 23654.4 60177.8 56274 
78266.5 92721.7 39509.2 28536.5 40410.5 76911 63782.3 46476.3 64829.8 17123.1 94331.8 23443.8 36225 27460.7 82068.5 
68628.3 58172.6 36654.2 27038.5 20570.4 37441.3 68832 42992.3 28746.7 58421.7 59580.2 64517.4 33950.6 63197 70180.4 
61360.1 61862.2 25505.5 14359 27542.7 45045.4 57953.2 32616.6 33163.4 48229.6 63420 53960.7 22348.6 51028.6 63679.3 
8780.09 60332.7 34872.6 48322.4 86093.3 67942.5 17114.3 27162.7 55836.4 78921.2 61678 80543.2 38539.5 66201 13805.8 
77609.1 43931.8 57942.9 52804.6 39331.5 18642.4 86538.4 61847 24189.7 87476.9 44744.7 93577.6 56509.9 91571 77258 
58551.2 34714.4 40770.7 38680.7 42177 15123.8 67636.2 43637.8 6296.82 78083.4 36062.7 83631.7 40018 78811.3 58462.4 
57891.1 14705.4 72384.9 78521.5 91475.5 39446.8 81225.2 69600.3 44056 120438 13461.8 124904 74095.7 115687 53918.2 
72155 88460.4 33621.6 23389.3 41923.7 73875.6 57638.6 40440.1 61228.8 19335.2 90089.4 24977.6 30442.4 25079.9 76008.5 
80184.3 69502 45671.1 33885.1 8203.66 47117 78117.9 52707.7 40388.7 55878.9 70834.2 62305.9 42486.7 64120.7 81998.6 
23754.8 73469.7 33821 46561.9 86711.3 77708.8 2657.07 26945.3 64386.5 69641.9 74912.3 70284.6 37144.2 54985.9 28734 
83815 95000.7 44646.7 32702.9 36711 77698.7 70242.2 51895.5 66413.9 20072.1 96578.5 26568 41199 33317 87450.8 
99184.8 71905.8 70463.7 60535.8 26448.4 46584.2 102394 76515.4 48642.5 83103.9 72743 89602 67814.6 92491.1 99821.1 
43002.9 88920.8 36845.6 46074.4 85972.6 88798.2 17159.3 33094.6 74594.6 56285.9 90468.4 55523.1 38913.4 39500 48027.7 
80231.2 50401.6 57034.9 50332.2 32456.3 25109.8 87052.7 61715.9 27721.8 82637.8 51309.7 88866.2 55187.4 87905 80305.9 
65368.2 71199.8 26721.7 13296.6 28439.8 54777.1 57983.9 34415.4 42805.7 38594.9 72780.2 44438.9 23086.8 42709.5 68269 
77759.8 41451.3 59998.4 55539.7 43217.1 16477 87808 63523.2 24340.3 90965.1 42162.8 97021.6 58755.3 94661.1 77157 
59778.7 90223.3 29361.5 28862.6 62522.4 81710.3 39493 32465.5 67540.4 27618.1 91885.6 28407.9 28349.4 14586.6 64398.8 
58082.2 19241.9 75101.3 81816 95960.4 44201.9 82139 71912.4 48340.1 123664 18102.5 127990 76980.1 118360 53858.1 
91962.7 82068.6 55656.2 42804.9 5366.56 58944.1 87730.3 63082.5 53180.5 54588 83357.7 61076 52206.7 66098.4 94047.3 
87262.6 60100.7 60553.8 51959.7 25879.1 34828.1 91844.2 66072.8 36213.8 79884 61023.7 86281.2 58228.6 87078.6 87727.4 
51931.2 7611.83 63846.1 69813.8 83631.6 32887.7 74183.8 61299 35867 111734 7130.92 116221 65484.7 107141 48369.6 
80753 110305 49857.8 45924.4 69754.5 99384.7 58714.9 53703.4 85740.1 16152.4 111969 11900 48208.4 6800.74 85474.3 
74908.3 60970.3 43174.1 33094.6 15947.7 38501.9 75400 49568.2 32045.6 61337.3 62283 67617.2 40401.1 67612.5 76316.3 
39904.5 61893.5 1029.56 13251.8 53023.9 55155.2 32253.1 8050.47 40727.6 49083.2 63555.4 52581.8 3488.55 42283.4 43423.5 
20283.2 37928.9 50119.3 61410.8 90559 54635 45786.7 44059.6 47540.5 99729.6 38828 102653 53235.4 90108 15667.8 
26224.6 80230.9 51244.7 64316.2 104072 89221.6 20252.9 43932.3 77075.2 86600.2 81460.2 86659.4 54713.2 70887.6 29633.1 
48144.9 56230.4 13257.5 9360.02 40806.5 44697.2 45398.2 19643.1 30714.8 51218.2 57874.4 56004 10978.6 49176.9 50658.3 
28017.9 76494 33022 45201.8 85630.5 79506.3 2147.09 26740.6 65883 65968.2 77971.3 66383.3 36124.8 50924.5 33026.2 
77424.7 40524.7 60219.3 55985.9 44233 15660.5 87778.9 63625.5 24077.6 91691.1 41216.7 97727.2 59037.1 95222.9 76756.6 
81042.3 48911.5 59229.5 53007.4 35648.3 23602.8 88765.8 63643.1 27960.9 85864.4 49736.3 92075.8 57517.5 90918.2 80915.1 
48191.8 91638 36323.3 43871.7 82880.7 89720.1 22754.8 33909.4 75355.8 50089.9 93222.8 49085.7 37829.2 33025.6 53222.6 
39332.6 78954.8 23659.2 32881.8 73069.1 76631.6 17441.3 20806 62282.3 49638.1 80558.1 50344.1 25597.9 35328.9 44223.3 
69291.6 54916.8 39475.7 30907.6 22289.5 33233.9 71214.1 45339.8 25781.6 63291.8 56265.8 69386 37047.5 67891.8 70507.1 
101820 78310.8 70610.2 59604.1 21758.9 53054.3 102955 77162.5 53366.7 78108.3 79246 84606 67675.5 88744.6 102842 
45766.6 28252.6 35196.7 37665.1 52523.5 20457 57473.9 35835.7 7710.38 79364 29861.3 84286.4 35639.6 77017.7 45378.5 
30121.9 77964.7 32737.1 44573.2 85070.6 80375.4 4252.06 26807.6 66621.9 64122.5 79458 64424 35709 48892.2 35140 
64518.7 23711.8 55581.4 55255.2 55633.4 2080.87 78663.7 57008.8 15831.9 95096 24516.5 100625 55428 95414.9 63113.6 
18242.8 49106.5 22259.6 34814.4 70063 52337.8 26030.2 15626.3 39446.3 71296.1 50642.7 74162.7 25682.7 61861.3 20923.9 
55758.4 10348.4 55548.6 58467.1 66662.3 15146.3 73444.2 55090.7 20181.4 99982.6 11454.3 105026 56293.9 97841.2 53544.1 
24812.9 54644.4 14608.6 27762.6 65164.6 54390.2 23992.7 7463.24 40564.1 63076.5 56244.1 65928 18201.1 53766.3 28259.7 
22227.2 50981.6 17846.6 30500 66485 52072.4 25838.3 11317.7 38612.2 66992.8 52563.2 69955.2 21285 57921.1 25200 
76248.3 65977.6 42257.4 30923.1 12248.3 44116.3 74708.6 49150.6 36718 55952.9 67338.5 62296.9 39174 63090.6 78014.2 
28829.3 82682.3 50033 62820.8 102938 90523 18027.2 42982.9 77982.7 83247.1 83962.2 83082.4 53390.4 67209.3 32661.3 
78920.8 104511 45060.8 39262.3 60945 92262.7 58803.1 49896.8 78931.1 9377.63 106169 9013.88 42921.9 8798.3 83433.4 
67993.5 65911.8 31794.5 19698.7 21111.6 47150.1 64158 39067.4 36629.6 47554.3 67416.6 53636.7 28487.2 52700.9 70276.1 
60835.7 46736 34516.2 28920.9 31463.6 27302.9 64900.9 39319.2 17272.2 66197.1 48166.6 71938.9 32768.6 68334.5 61776.8 
22853.7 49922.3 17734.1 30123.9 65640.3 50811.2 27101.7 11593.5 37348.4 67180.1 51510.9 70246.8 21082.9 58415.5 25628.1 
79879.9 94503.8 41213.2 30329.5 41248.8 78582.8 65085.6 48130 66566.1 15831.9 96112.6 22241 37952.6 27275.3 83713.1 
54743.1 60697.6 18069.3 7877.18 34892 46695.8 50512.8 25262 33485.8 47120.3 62313.8 52345.5 14920.1 47300.4 57333.1 
16521.8 45387.4 26188.5 38242.5 71942 50423 29206.2 19960.2 38218.8 75624.5 46885.5 78598 29468.1 66426.9 18214.8 
47523.7 87437.1 30088 36828.5 75680.4 84037.2 23714.3 28675.4 69616.2 44952.5 89051.6 44687.8 31261.8 28936.5 52482.5 
87921.8 60700 61112.8 52441.6 25836.8 35417.1 92441.8 66661.1 36881.6 80089 61615.9 86495 58769.4 87405.8 88392.6 
44931.9 91787.6 40098.5 49202 88975.6 91981.6 19059.1 36323.3 77798.3 57795.6 93324.6 56695.1 42143.6 40618.5 49932.5 
16404.9 53275.2 23000.2 36160.2 72895.7 56889.8 21545.5 15616 43919.1 70620.2 54787.2 73119.8 26606.8 60172.6 19991.2 
45951 20655.3 41541.5 45040.5 58986.9 18444 60815.3 41206.9 11335.8 86849.1 22274.9 91689.7 42352 84009.3 44730.3 
64179.8 47185.8 38181.1 32110 29954.8 26163.3 68616.6 43040.1 18048.8 68229.8 48546.2 74100 36360 71107.3 64982 
79062.6 102635 43960.6 37140 57162.6 89666.3 59892.7 49266.6 76540.5 7200.69 104288 9620.81 41575.2 12175.4 83463.1 
56694.3 93087.5 33136.8 36235.3 72250.3 87158.1 33616.2 33945 72767.1 35609.1 94731.8 34903.6 33218.1 19016.3 61576.4 
69923.5 56194.8 39497.5 30550 21114.9 34530.7 71392.5 45512.6 27022.4 62267.6 57548.1 68389.8 36977 67119.3 71216.6 
15443.4 51451 24167.1 37138.9 73216.9 55653.7 23201.9 16985.9 42906.1 72285.3 52951.5 74874 27721.8 62053.2 18677.5 
35733.7 18285.8 47752.8 55391.2 76127.3 33868.1 56809.6 44436.5 29295.9 96893 19574 100969 49804.6 90937.6 32858.6 
80069 85371.9 40795.3 27535.6 25653.3 66804.9 70026.4 48465.3 56272.4 31264 86905.8 37742.9 37138.3 41786.7 83211.8 
52143.3 42209.6 28610 26315 39156.4 27230.3 57341.5 32294 13845.2 66693.7 43761.2 72005.7 27606.5 66480.8 53053.3 
42185.5 12126.4 54044.5 60892.2 78602 32184.6 63804.5 51113.2 30765.1 102662 13173.5 106928 55896.5 97327.5 38972.4 
40325.2 84602.9 31958.3 41440.1 81535.4 83992.2 15088.1 28229.4 69760.2 54406.3 86166.4 54188.7 34078.1 38388.8 45354.7 
60502.3 9972.96 61189.9 63834.6 69923.2 16748.7 78864.9 60764.5 24891.8 105183 10278.6 110310 61886.4 103361 58029.8 
18309.8 35980.6 37790.2 48640 78140.2 46870.2 39607.3 32305.6 37420 87692.6 37297.9 90917.6 40746.2 79071.2 16308.3 
43304.2 14000.7 58728.2 66100.3 84247.6 36878.7 66262.5 55347 36359.3 107744 14446.1 111888 60747.4 101914 39592.2 
31350 43565.2 17681.9 26315.4 57126.2 40919.6 37371.2 15861.9 27060.1 66981 45217 70893.7 19708.4 60973.4 32984.4 
56039.4 54728.4 23326 15800.3 32175.3 39044.8 55342 29488.5 26414 54256.1 56301.1 59724.8 20885.6 55298.6 57993.8 
43902.8 63881.5 4570.56 9525.75 49788.4 55583.5 35490.4 12041.6 41243.8 45763 65545.9 49526.2 1749.29 40052.5 47395.5 
33802.4 87454 51805.5 64169.8 104564 94505.3 19350.7 45117 81674.5 81872.4 88761.3 81310.4 55007.3 65300.7 37781.6 
61520.8 24252.8 51638.2 51400.9 53455.1 2915.48 75016.9 53124.1 11887 91456.7 25278.6 96933.2 51484.1 91549.6 60324.8 
53300.8 68807 13900 3613.86 42290.9 57146.2 43873.1 21475.6 43375.7 38854.2 70459.2 43386.6 10323.8 36566.7 56708.1 
57244.1 3301.51 63800.3 68143.5 77896.7 25495.1 77816.5 62283.9 31185.3 109962 2061.55 114792 64982.2 106774 54162.2 
78865.1 79867.2 40326.8 26879.4 19015.8 60323.2 71217.8 48025.4 50507.9 38508.3 81360.6 44960.9 36683.8 47977.1 81643.7 
22458.9 51443.7 17477.1 30202.6 66374.2 52388.6 25536.1 10867.4 38882 66546.6 53027.2 69491.4 20938 57432.6 25503.1 
59649.4 32709.9 43416.6 41608.3 44061.4 12180.3 69673.5 46029.7 6280.13 81017.2 33994.9 86577.4 42767.4 81748.7 59323 
81015.1 44605.2 62346.5 57305.6 42360.5 19804 90642.6 66124.5 27553.6 91706.6 45269.1 97842.8 60959.4 96017.1 80470.7 
7158.91 49808 44393.9 57122.4 90988.2 62735.2 33020.3 37244.7 53050.4 92116.9 50914.1 94347.1 47902.5 80724.3 2126.03 
57778.2 76744.1 19277.2 11539.5 45070.8 65028.1 44810.8 26005 51356.5 31250.8 78399.2 35514.8 16282.5 28725.3 61584.5 
40655.3 90192 42807.7 53256.5 93564.4 92457.7 15733.4 37863.6 78566.3 65069.2 91673 64131.2 45319.4 48065.1 45532 
35890.5 78122.1 25759.7 36158.1 76587 77299.7 12899.6 21592.8 63084.1 54200.6 79697.2 54783.7 28155.5 39577.4 40859 
37805.4 26401.5 61797.2 71110.1 93761.5 48967.9 62881.6 57036.2 46647 111717 26665.5 115302 64375.8 103969 33279.4 
62787.3 89528.8 29160.6 25882.2 57013.8 79375.7 44100.1 33584.7 65463.4 23299.8 91192.8 25267.6 27423.5 14490.3 67221.7 
19545.1 35609 35413.3 46017.9 75347.5 45034.4 39242.1 30205.5 35095.6 85372.8 37000.1 88703.2 38285.9 77102.1 18157.1 
41422.9 34417 27748.3 31151.6 51340.8 27574.8 50756.8 28402.8 13631.2 73065.5 36068 77771.5 28338.3 69933.1 41769 
56054.7 5099.02 59457.7 63180.5 72324.3 20300.2 75303.3 58414.5 25655 104889 5913.54 109816 60447.7 102171 53384.6 
84880.7 108379 49943.4 42828.6 59975.1 94901.3 65205.1 55246.1 81973.3 3883.3 110028 3858.76 47528.2 14832.7 89319.7 
18317.5 35920.2 42590.6 53598.6 82833.4 49380.6 41880.8 36868 40958.5 92410.5 37087.1 95527.2 45608.4 83413.2 15068.5 
76615.2 105102 44778.6 40644.4 65449.9 94112.3 55361 48863.6 80459.9 14822.3 106765 12725.2 43040.6 3395.59 81263.2 
67485.5 82165.9 28398.9 17304.6 38879.9 67718.4 54722 35572.6 54962.7 25576.6 83793.6 31042.1 25029.8 29144 71146.3 
52887.8 59328.3 16629.2 7840.92 36496.8 45959.7 49080 23658 32509.8 48289.2 60952.8 53393.1 13649.9 47825.7 55451.3 
79288.5 76163.8 41863.2 28743.3 13423.9 55568.8 73651.7 49427.1 46692.7 44758.1 77607.3 51207 38328.3 53821.2 81732.8 
25038 59333.4 15344.4 28804.5 67639 59233.2 19572.7 7655.06 45330 61249.1 60921.1 63683.3 18997.4 50803.5 29093.1 
69838.7 88268.3 31869.3 22772.8 44905.5 74601.1 54564.2 38364.8 61610.5 19173.2 89909.5 24221.1 28890.1 22316.4 73810.9 
88147.1 59148.7 62442.7 54214.8 28714.1 33825 93458.3 67769.2 36363.9 82709.2 60008.3 89098.3 60218.9 89740.6 88454.1 
79753.9 72310.5 43877.2 31441.4 9078.55 50672.4 76180.4 51175.2 42942.4 51164.9 73694 57603 40525.1 59759.7 81840.1 
52580 24820.4 42540 43631.4 52453.8 12587.7 65318.4 43601.8 4652.96 84721.7 26265.2 89917.7 42678.6 83522.9 51748.7 
80591.8 69487.3 46208.8 34470.3 7930.95 46973.7 78659.1 53222.7 40430.8 56448.3 70810.5 62879.7 43037.7 64742.7 82377.5 
36367.6 49031.5 11910.1 19276.9 51902.4 43100 37781.6 12983.8 28717.4 60175.8 50695.2 64250.3 13213.6 54948.2 38615.7 
88460.2 56985.8 64354.6 56753.6 32773.9 31735.2 94873.6 69361.2 35849.1 86376 57760.3 92738.6 62301 93000.5 88535.3 
27666.9 76004.8 32599.5 44826.1 85239.7 78996.8 1780.45 26280 65375.9 65893 77483.5 66357.8 35719.2 50938.4 32681 
61793.4 15255.5 58631.5 60170.6 64190.3 10817.1 78529 58918.6 20524.4 101061 15867.6 106349 59008.6 100058 59752.6 
55061.6 65274.6 16434.4 3397.06 37139.7 52038.5 48237.4 24097.3 38649.3 42227.1 66907.2 47269.9 12844.5 41870.8 58053.9 
57453.4 19267.6 50924.5 52108.1 57722.2 7627.58 72333.3 51625.7 12461.9 92999.8 20424.7 98274.2 51157.5 92041.1 55973.2 
56008.9 26664.8 44183.8 44228.5 50151.2 10102 68120.8 45768.3 4464.3 84760.2 28002.9 90112 44047.7 84324.3 55258 
71335.8 84553.9 32145.5 20510.5 36935.9 69175.5 58628.7 39406.9 56831.8 24105 86167.5 29997.7 28712.4 30205 74949.9 
59540.3 56225.4 26522.4 17790.2 28684 39115.2 58703.7 32886.6 27312.3 54120.1 57764.4 59796.7 23892.5 56313.1 61444.8 
87752.5 99701.6 48775.5 37138.9 39866.3 82289.3 73322.1 55892 71093.8 17932.4 101279 24255.3 45392.7 33190.4 91485.8 
13846.3 40162.8 39129.7 50755.1 81904.9 51773.4 36849 32962.1 42198.2 88637.7 41408.2 91553.4 42319.3 79100.6 11439 
10581.6 62422 35275.5 48738.2 86944.4 69801.1 15367.5 27568.3 57559 78344.5 63770.6 79807.6 38932.9 65277 15559.6 
14707.8 66581.2 50936.5 64385.4 101768 78810.5 27561.7 43226.1 68162.2 93609 67664.2 94714.4 54603.3 79705.1 15876.1 
64248.3 57131.8 31750.6 22424.3 24232.4 38040.2 63941.4 38114.7 27718.9 56047.1 58607.6 61968.1 29066.3 59666.2 65967.6 
31177.1 80967.2 37395.5 49217.6 89722.5 84330.4 6519.2 31368.3 70721 67419 82426 67378.4 40375.9 51610.9 36094.3 
20753.1 39053 51779.5 63182 92481.8 56287.8 46476.2 45616.3 49382.2 101296 39894.5 104153 54929.9 91476.4 15953.1 
21823.4 33109.7 36699.5 46828.4 74953.3 43021.5 41709.6 31845.3 33562.6 86676.2 34500.1 90138.8 39434.2 78800.3 20122.9 
57369.4 32222 41400 40067.6 44675.4 13483.3 67373.6 43846.2 4204.76 79934.6 33576.9 85410.4 40858.9 80233 57093.8 
46009.2 54787.8 12167.2 10820.8 42754.8 44147.5 43885.3 18031.4 29982.7 52750.2 56438.7 57400.8 10423.5 50063.7 48483.6 
40890.2 16269 44852.9 50605.6 67993 25415.3 59100.1 42924.2 20587.9 92510.8 17901.1 96983.6 46340.2 88083.9 38835.6 
56435.8 19165.9 50016.5 51365.4 57680 8464.63 71295.2 50650.4 11856.2 92359.1 20384.3 97600.9 50289.2 91251.8 54979.4 
65025 66890.1 27721.8 15074.8 25446.6 49591.3 59868.7 35196.7 38068.6 44029.1 68442.5 49934.9 24274.5 48150.3 67574.3 
51201.6 30994.4 36697.3 37030.3 47493.4 17528.5 61455.4 38478.3 3100 78022.6 32506.6 83232.8 36556.8 77024.8 51011.9 
78922.9 66249.9 45612.8 34481.6 10692.1 43578.5 78042.6 52392.7 37324.1 58920.7 67556.9 65309.4 42591.3 66508.6 80536 
27328 63560.4 15730.5 28866.9 68622.2 62976.3 17094.2 8786.35 48931.1 58600.8 65150.4 60718.4 19194.3 47372.6 31717 
39772.5 40680.7 21225 25124.7 49794.1 33507.3 45965.4 22389.5 19175.5 67039.1 42340.2 71594.2 21791.1 63444.9 40900.4 
76172.6 78994 37406.6 23943.7 21822 60220 68071.2 45116.7 49800.1 36662.9 80515 43048.8 33750 45273.4 79051.4 
53788.6 13805.8 69051.4 75615.1 90156.8 39106.3 77203.2 66037.6 42375.7 117478 12938.7 121835 70873.2 112336 49814.5 
48135.8 53265.8 15617 12519.6 40208 41373.1 47139.9 21260.3 27408.9 54187.2 54902.3 59081.6 13808 52478.6 50350.1 
55474.8 26779.8 43599.3 43722.4 50089.6 10704.2 67517.3 45163.8 3921.73 84320.3 28139.1 89654.7 43479.3 83804.8 54752.2 
28552.4 79239.4 38124.1 50362.7 90783.8 83474.1 5852.35 31690.1 70066 70100 80671.7 70201.6 41260.6 54505.2 33407.3 
35296.6 31412.7 29463.5 35564.7 58622.3 30492.3 47617 28145.5 18225.8 77332.5 33072.8 81672.3 30900.6 72650.2 35171 
77980.1 40562.3 60992.5 56790.2 44836.3 15861.9 88477.1 64368.4 24684.4 92474.5 41224.4 98515.2 59822.2 96028.2 77273.2 
84211.2 73365.5 49160.1 36983.4 4026.16 50584.6 81554.2 56329.8 44387.8 55786.2 74673.8 62267.6 45883.9 65131 86088.4 
38882 89793.7 45058.2 56081.1 96531.5 93242.1 15482.9 39588.5 79560 69300.1 91237.1 68417 47774.6 52355 43623.2 
34308.3 82285.7 35235.4 46391.6 86888.4 84238.3 8459.91 29880.4 70362 62849.7 83786 62727.7 37966.6 46935.3 39307.1 
71744.9 73830.6 33485.8 20135.8 22051.1 55458.3 64895.1 41147.7 44713.5 39808 75359.5 46033.6 29878.6 46569.2 74475.2 
84937.2 109719 50757.9 44240.4 62521.8 96693.5 64674.6 55782.2 83623 6488.45 111373 3008.32 48486.4 13318 89446.4 
12800.4 48007.7 49355 61810.8 94450.3 63084.1 38544 42395.4 54479.7 97556.2 48971.9 99883.8 52794.4 86365.6 7798.72 
58975.4 5115.66 65530.5 69731.6 78792.1 26009.4 79634 64070.6 32426.1 111515 3733.63 116381 66679.1 108462 55848.8 
63552.5 63786 27261.9 15484.2 25655 46418.2 59659.1 34505.9 34898.3 47095.8 65331.8 52946.2 23994.2 50682.7 65915.5 
29813.6 83749.7 51614 64399.1 104519 91868.6 19588.8 44558.8 79394 84581 85014.6 84346.5 54971.4 68441.6 33507.3 
49419.8 11354.7 63839.3 70525.2 86153.9 36331.9 72382.4 60825.2 38200.1 112357 11094.1 116676 65680.4 107120 45639.6 
19160.4 73133.1 47887.5 61243.4 100259 82771.1 19758.8 40307.1 70980.9 86816 74345.4 87412.2 51477.4 71988.5 22437.7 
35401.8 89407.2 57782.5 70421.4 110666 98122.5 25493.9 50827.6 85746.7 88836.9 90633.2 88230 61089.2 72203.4 38732.4 
84486.3 85289.2 45693.9 32233.2 19226 65135.6 76042.4 53406.4 55858.5 37543.2 86762.3 44045.4 42032.6 49024.1 87340.1 
47841.8 12524 63009.6 69966.8 86408.9 37172.7 70966.3 59830.6 38421 111739 12425.8 115990 64924.9 106259 44019.2 
67758.5 102507 41782.5 41963.4 73669.9 94771 44438.9 43793.7 80552.2 28454.2 104164 26184.2 41141.3 10361.9 72633.3 
9972.96 48701.6 30787.8 43505.6 78312.7 56040.4 26316.7 23769.7 44340.2 79115.4 50102.5 81663 34279.1 68674.6 12220.1 
81051.9 73430.8 45070.8 32550.4 7990.62 51621.1 77340.9 52395.5 44093.8 51225.4 74805.4 57683.7 41699 60189.5 83148.1 
87200.2 94445.6 47802.6 35029.1 31226 75743.1 75164.2 55315.3 65349.6 26338.8 95981.7 32764.9 44216.3 40143 90588.4 
93914.4 69323.4 64403.8 54334.2 21102.1 44095.5 96442.8 70564.2 44511.2 77470.3 70272.9 83957.3 61705.1 86467.7 94727.9 
55756.1 68727.4 16447.8 3546.83 39041.5 55932.5 47047.3 24133.8 42459 38712.9 70368.3 43600.5 12788.3 37941.5 59014.3 
7034.91 60811.2 39382.5 52816 90251.3 70049.3 20082.3 31681.1 58460.4 83393.3 62079.4 84919.1 43049.9 70423.1 11516.9 
7261.54 61109.9 42776.6 56189.8 93322.1 71552.5 22895.4 35087.5 60383.1 86871.1 62314.8 88350.9 46442.8 73776.8 10511.9 
41025 14277.3 47523.7 53640 71109.8 27097.2 60369.7 45260.7 23510.4 95514.8 15838.2 99925.2 49133 90806.7 38604.7 
60564.8 16767.2 56026.1 57339.1 61570.2 8609.3 76594 56508.8 17640.9 98169.8 17600.3 103471 56326.6 97270.4 58730.7 
34689.8 34102.3 26771.1 33062.7 57478.3 32252.3 45671.1 25563.3 19328 74759.1 35762.8 79054.7 28223.7 69962.6 34946.4 
60306.7 41716.3 37529.3 33432 35544.9 21780 66583 41523.5 12466.4 71596.4 43102 77281 36206.4 73246.2 60799.8 
50843.4 56427.3 16140 9962.43 37884.2 43582.8 48366.3 22625.9 29918.9 51112.4 58055.6 56136 13640 50128.3 53236.5 
11884.9 48729.7 28708.9 41405.9 76337 55109 25910.6 21744.2 43108.2 77182 50167.4 79796.6 32190.8 66948.1 14317.1 
89022.5 82431.4 51834.8 38698.8 8377.35 60180.1 83581.2 59389.1 53158 49171.2 83787.3 55666.3 48301.1 60601.2 91340.7 
33621.6 85302.9 43750.7 55556.9 96068.4 89833.8 12083 37629.4 76415.7 72158.3 86714.8 71701.1 46739.8 55735.9 38284.5 
87303.8 70947.4 54386.9 43082.2 8372.57 46922.2 86820.3 61164.9 43042 64085 72136 70568.1 51345.5 73244.9 88753.9 
47020.8 64066.6 7679.19 5909.31 46184.2 54333.9 39118.4 15376 40152.3 44370.8 65728.2 48510.8 4019.95 40124.1 50357.2 
68975.7 25785.7 59826.4 58978.4 56611.7 5614.27 83244.5 61443.1 20048.9 98255.3 26338.8 103894 59553.8 99137.5 67479.3 
8700 59591.4 34045.9 47486.5 85158 67009.9 17321.7 26341 54868.9 78414.9 60947.3 80105.7 37713.3 65855.4 13729.5 
20393.1 35000.1 35106.3 45536.8 74555.3 44140.3 39725.7 30056.3 34173.8 85081.9 36408.8 88468.9 37924.7 76990.5 19068.6 
42142.7 81912.8 25772.1 34091.8 73912.4 79202.3 19376.3 23494 64819.8 47912.6 83520.1 48301.7 27419.2 33008 47063.6 
94861.8 73362.5 63481.4 52595.1 16302.8 48354.2 95814.2 70017.9 47335.5 73001.7 74389.2 79503.1 60567 82801.6 95972.5 
30617.8 23418.4 46097.7 54829.3 78301 38575.1 52481.6 42041.5 32643.5 95791.1 24627 99594.8 48460.8 88910.3 27596 
17041.7 38125.7 34803.6 45912.3 76409.4 47429.2 36889.7 29181.5 37179.7 84647.6 39503.2 87819.1 37826.2 75904.4 15910.1 
45132 11107.2 58551.9 65392.5 82270 34162.1 67522.8 55530.2 34296.5 107179 11625 111453 60419.4 101827 41601.6 
44297.6 21559.5 65276.7 73628.8 93340.8 45766.5 68916.8 61130.8 45519.8 114881 21475.6 118755 67592 108053 39932.6 
50744.2 71986.2 12627 9904.04 48814.4 62238.9 38525.3 19016 48131.9 37366.6 73649.5 41076.1 10117.8 32083.2 54569 
18309.6 47034.6 23324 35526.9 69912.1 50655.8 27971.6 17055.8 37968 72717.6 48567.5 75700.6 26639.1 63596.4 20520.5 
84994.2 94800.8 45702.7 33422.9 34769.7 76999.9 71961.2 53058.9 66012.9 22203.6 96365 28679.1 42197.3 35702.2 88544.2 
55600.4 19848.7 48757.1 50119.9 56928.9 8982.76 70191 49424.1 10688.8 91152 21124.4 96379.4 49024.5 89993.9 54230 
79833.1 89724.6 40483.6 28070.8 33127.2 72433.4 67472.1 47906.7 61110.4 23792.9 91299.3 30259.7 36947.7 34785.8 83323.6 
24329.8 33004.4 50631.7 61224.3 88477.3 50441.7 49267.5 45097.7 44177.5 100543 33882.4 103741 53549.4 91707.6 20021.2 
59937.1 16524.5 55492.3 56900.4 61523.7 8802.27 75971.6 55933.6 17253.4 97791.7 17407.2 103075 55816.2 96805.2 58111.1 
79360 66408.6 46106.8 34981.3 10456.1 43635.8 78534.8 52879.6 37536.6 59266.3 67708.3 65661.9 43088.4 66936.2 80957.9 
49926.8 20792.8 69876.5 77688.9 95413.3 45942.6 74485.2 66033.7 47423.6 119208 20277.3 123234 72050.6 112866 45555.5 
11186.6 44936.1 32887.8 45124.9 78465.3 53389.2 30341.6 26294.5 42286.8 81925.9 46308.7 84677.5 36242.8 72006.9 11700 
42026.8 50362.3 12909.7 15640 46239.5 41440.3 42385.1 16735.9 27044 57451.2 52021.2 61933.3 12587.7 53878.8 44210.9 
59817.8 76999.9 20909.3 11447.7 42605.8 64446.6 47383.1 27933 51000 30563 78648.1 35201.8 17685.3 29634.6 63526.5 
40013.6 27364.9 33783.1 38396 57400.8 25087.4 53108.4 33163.4 13612.5 80327.8 29027.1 84930.6 34832.3 76617 39469 
63298.7 30104.2 49400.4 47760.3 47468.4 6505.38 74821.7 51717.8 10440.3 86912.5 31187.3 92537 48848 87890.2 62554.5 
17298.6 70464.5 40121.4 53416.1 92712.1 77908 12492 32618.1 65478 79212.9 71788.6 80015.6 43681.1 64797.1 21792 
41550.2 56830 6044.01 11531.7 48329.3 48636.3 37696.8 11933.1 34244.6 51913.9 58493.9 56020.7 5442.43 47129.6 44459.5 
37980.3 18191.5 43701.8 50180.7 69366.3 28260.4 56619.9 41322.6 22533.8 91982.7 19769.2 96308 45392.7 87000 35876.6 
49570.7 4569.46 58217.7 63710.7 77394.6 27613.4 70500.1 56085.7 29536.8 105643 5671.86 110217 59701.3 101454 46472.4 
29706.9 75535 28852.2 40714.9 81201.5 77100.3 5514.53 23020.9 63229.5 61564.7 77056 62180.7 31819.8 46923.3 34735.1 
48966.2 37451.3 29708.2 29565.7 44005.6 24643.5 56328.5 32225.6 10374 70726.5 39028.8 75863.4 29317.1 69554.4 49501.9 
88514.9 86674.2 50068.5 36619.7 16140 65540.6 80811.7 57766.6 57207.1 41539.5 88101.1 48016 46425 53784.2 91215.2 
66377.4 47023.9 40988.4 34836.8 29767.4 24957 71309.8 45786.7 18445.9 70367.4 48325.6 76305.3 39176 73635.5 67039.8 
58459 93394.5 32984.4 35020.3 70153.3 86690.1 35920.1 34437.2 72347.8 32798.9 95045.8 32230.4 32751.5 16475.4 63291.8 
26448.6 53189.8 13336.4 26119.2 62923.5 52164.5 26436.7 7060.45 38247.9 62616.3 54805.6 65690.6 16796.7 53981.2 29616.9 
32981.2 85907.7 47600.1 59763.9 100221 91802.9 15239.8 41119.6 78693.1 77182.7 87266.3 76700.1 50724.4 60718.5 37334.3 
60758.6 69908.5 21755.5 8297.59 33509 55158.9 52755.5 29468.1 42385.1 38164.4 71522.1 43601 18094.5 40039.1 63825.4 
58102.2 90536.5 29770 30713.2 65507.3 82940 36957.9 32083 68666.2 30413.3 92194.7 30714.8 29166.1 15921.1 62813.5 
29210.4 53461.9 10881.2 23401.9 60195.8 51107.7 28304.8 5780.14 36993.5 60569.5 55096 63822.3 14221.5 52541.9 32301.4 
51466.9 4318.56 56656.2 61241.2 73094 22809 71155.1 55139.3 25486.7 103122 5966.57 107873 57876.1 99674.8 48730.8 
32556.4 21811.2 43770.4 51770.6 74103.3 34646.9 52888.7 40315 28306.4 93100.2 23200.9 97091.8 45907.7 86894.5 30056.1 
62312.3 51753.7 32801.4 25443.7 27646.3 32485.2 64249.9 38400.5 22291 61271.9 53208.5 67097.8 30594.4 64082.8 63644.7 
44214.3 54177.6 10973.1 11741.4 44542.6 44383 42304.3 16426.8 30098.7 53552.7 55834.2 58066.2 9700.52 50268.1 46712.4 
66918.2 26618 56421.4 55378.1 53663.9 2549.51 80410.1 58224.1 16700.3 94642.5 27373.2 100274 56077.2 95532.7 65641.8 
66864.4 54920.5 36389 27795.9 23300 34234.5 68224.6 42344.9 25516.3 61001.1 56322.4 67018.9 33927.1 65105.5 68226.8 
59066.5 52814 28195.4 20840.6 29634.6 35311.5 59884.7 34006.6 23700.2 57927.5 54333.1 63595.7 25912.4 59914 60676.5 
74701.9 81820.4 35383.6 22200.2 27997.3 64344.1 64631 43040.1 53075.4 30778.2 83384.2 37086 31732.8 39028.3 77900.1 
71677.1 102461 41691.5 39285.2 67603.6 92785.5 49799.8 45052.1 78850.9 20431.3 104125 18660.4 40361 2601.92 76405.5 
94234.3 78232 60207.1 48228 8325.86 53928.2 92647.6 67243.4 50525.3 64437 79391.3 70936.6 56999.1 75219.1 95825.9 
68174.5 59391.3 35371.3 25343.2 20437.7 39106.1 67671 41889.6 29923.4 56404.7 60822.7 62490.5 32560.1 61178.6 69864.5 
17779.2 71408.8 49374.2 62803.3 101356 81995.4 22615.3 41713.8 70581.4 89527 72574.5 90265.6 53002.8 74944.5 20456.1 
13647.3 65611.3 50088.1 63529.3 100806 77754.1 27245.9 42381.2 67099.5 93056.5 66702.7 94225.1 53755.5 79280.6 14849.9 
34328.4 19678.7 47305.5 55253.6 76762.6 35188.2 55632.8 43782.4 30222 96627.4 20938 100629 49445.3 90412.9 31408.4 
77959.3 97347.6 40741.4 31918.8 48974.4 83090.9 60989.3 46922.2 70380.3 10160.7 98984.9 15802.8 37892.6 19228.4 82092.6 
79568.5 65141.8 47041.8 36262.7 11637.9 42052.9 79411.9 53666 36501.6 61353.8 66414.6 67742.2 44112.8 68861.9 81040.1 
17910.9 68801.8 34484.3 47721.3 87206.1 74509.4 8287.94 27063.3 61631.9 73836.1 70201.1 74833.3 38015.8 59831.9 22864.2 
68893 67163.1 32368.2 20011.2 20584.7 48324.9 64661.1 39716.6 37873.7 46617.2 68667.1 52737.9 29004.3 52106.1 71229.8 
56824.3 17986.9 51223.5 52721.9 58949 8732.12 72105.5 51732.6 13265.4 93755.1 19160.4 98986.6 51546.1 92577 55249.7 
52878.7 80485.1 19664.4 19900.8 56781.9 72053.7 35765.5 23505.3 57826 33049.2 82148.4 35382.8 18540.8 23700.2 57234 
86057.2 85894.1 47378.7 33915.9 18060.2 65364.4 77866.7 55088.4 56432.8 38931.7 87350.6 45427.4 43722.4 50754 88857 
33118.6 39765.4 21162.5 28404.2 56349.8 36931.4 41141.8 19926.4 23247.6 69733.9 41423.7 73861.1 22804.4 64426.9 34188.4 
38510.5 17892.2 55527.7 63600.2 83963.1 38857.3 61684.4 51728.5 36526.8 104958 18593 108921 57736.1 98520.7 34782.9 
28888.2 30927.3 54922.9 65142.7 90949.5 50392.5 54034.1 49604.9 45467.4 104889 31609.7 108195 57743.7 96335.1 24397.1 
80513.7 109783 49385.2 45328.2 69047.6 98771.4 58612.1 53302.6 85145.6 15566.6 111447 11496.5 47701.7 6500 85220.9 
80835.6 53972.7 55465.8 47835.1 27718.9 28864.7 86229.3 60607.8 29529.8 78655.3 54960.7 84939.2 53370.4 84537 81202.3 
51990.5 91296.7 32918.4 38295.8 76077.1 87100.1 27973.2 32267.2 72665.4 41922.8 92920.7 41200.1 33692.9 25244.6 56950.9 
73363.2 39724.7 55142.1 50913.7 41314.6 14403.1 82984.9 58648.3 19891 87056.1 40600 93036 53934.8 90258.4 72910.4 
82445 51371 59504.6 52741.4 33517.9 26049.2 89489.4 64175.2 29681.6 84624.5 52216.2 90883.3 57652.1 90144.4 82447.7 
17674 70871.7 40385.4 53665 93004.1 78314.4 12461.9 32897.6 65875.2 79267.9 72194.8 80037.3 43938.3 64789.3 22145 
70159.9 43133.5 48466.5 43301.8 34805.9 18830.8 77590.2 52592.5 17910.9 78978.6 44240.4 84960.3 46970.3 82347.6 70235.2 
71232.1 53523.8 42854.4 34757 23247.6 30817.2 74269.4 48443.5 25006 67103.8 54803.4 73235.6 40568.6 71888.3 72200.3 
76375.7 39626.8 59401.2 55337.6 44390.7 14673.1 86823.2 62736 23048.2 91326.7 40340.7 97337 58260.2 94675.5 75698.6 
51833.7 83542.6 22905.5 25514.9 62823.3 76560.7 32300.2 25005 62210.1 34931.4 85198.9 36208.4 22612.6 22471.5 56439 
69393.9 37134.5 51775.4 48175.1 41886.8 12105 79191.2 55044.2 15922.6 85334.7 38118.2 91208 50714.1 87846.3 68956 
43475.2 20742.2 40586 44828.2 60549.9 20948 58780.4 39825.2 13375.4 86732.9 22395.8 91448 41601.6 83366.2 42204.3 
90655.1 73451.3 57660.8 46212.8 9079.65 49120 90104.9 64479.5 45900.4 65701.2 74603.1 72200.3 54588.8 75472.4 92086.1 
91290.5 85217 53772.9 40517.7 10511.9 62922.9 85291.1 61377 55941.1 48465.3 86572.5 54935.1 50203.2 60593.9 93684.8 
38707.2 92705.2 59287.1 71668.8 112062 100949 26836.5 52540.4 88389.4 88360.3 93949 87492.5 62501.6 71423.6 42162.8 
53250.8 94811.9 37419.2 43294.9 81099.3 91470.9 28182.3 36153.1 77043.9 45087.7 96420.6 43742.5 38401.2 27663.2 58267.1 
64819.8 46212.7 39634 33802.4 30685.8 24700.8 69817.8 44335.3 17353.1 69941.2 47543.2 75823.6 37889.3 72851.2 65495.4 
92330 67632.6 63141.8 53268.6 21208.5 42420.9 95102.3 69222.5 42791.7 77262 68589.4 83737.7 60491.5 85933 93109.2 
83523.9 75634 47339.6 34671.2 6226.56 53535 79536.9 54713.2 46359 51351.5 76993.1 57838.1 43932.3 61004.7 85642.6 
36473.7 33994.4 26922.9 32485.2 55867.8 30899.2 47010.6 26224.6 17717.8 74311.4 35658.5 78717.8 28151.9 69948.6 36749.1 
55439.8 7528.61 66538 72060 84299.8 32518.6 77580 64231.2 36912.1 113991 6350.59 118586 68060 109796 51881.8 
26870.1 52341.7 13269.9 25800 62215.9 51129.7 27469.4 7495.33 37205 62818.2 53961.8 65982.6 16637.3 54453.8 29900 
68307.8 39642.5 48579.1 44363 38237.4 15352.2 76836 52241.2 15317 81147.3 40738.2 87039.4 47332.4 83861.9 68170.7 
96970.8 79947.6 63098.7 51126.2 11063.9 55398.2 95541.6 70120.8 52601.5 66598.6 81071.1 73089.6 59896 77727.8 98511.4 
53528 63231.2 15388.3 3748.33 37687.3 50287.2 47560.1 22939.3 36776.6 44243.2 64865.8 49231 11926.9 43495.4 56421.4 
51870.3 66003.8 12630.1 1253 41699 54391.2 43825.6 20338.4 40574.4 41589.7 67654.8 46185 8962.7 39337.6 55111 
78048.7 74962.7 40741.3 27687.5 13929.1 54515.4 72613.6 48282.7 45494.3 45015.2 76411.8 51439.5 37223.6 53659.1 80472.7 
51586.1 62890.5 13237.8 2773.08 39844.8 50789.4 45400.4 20816.6 37044.8 44562.1 64534.7 49352.7 9763.71 42923.3 54557.3 
90369.2 84213.4 52941.9 39719 9811.22 61963 84531.9 60532.5 54929.9 48535.9 85571 55017.3 49382.2 60409.4 92743.6 
24110.8 77518.8 54392.1 67724.8 106795 88358.5 25309.7 46828.7 76900.6 92295.6 78655.3 92620.1 57971.8 76988.9 26539.8 
11423.2 44532.5 44628.7 56820.5 88976.9 58231.6 37043.8 37916.4 49201.6 93411.5 45617.7 95972.5 47990.5 82856.1 6935.42 
23663.1 68349.5 25446.6 38348.1 78352 70613.4 7566.37 18526.7 56964.6 64237.8 69863.4 65521 28822.6 50923.1 28616.3 
50166.2 94370.9 39229.6 46609.1 85387.9 92626.1 24466.3 36803.4 78265.4 51005.3 95950 49640 40704.4 33563.8 55198.7 
70074.6 45267.4 46867 41123.8 32200.2 21377.6 76560 51308.6 18874.3 76265.5 46424.7 82275 45209 79891.2 70353.5 
37442.9 89810.9 48516.6 60103.3 100620 94740.2 17048.8 42520.7 81360.6 74755.3 91201.4 73913.8 51437 57854 41923.7 
33687.5 47423.6 13509.3 22051.1 54529.7 42997.9 36539.6 12901.6 28765.6 62600.3 49082.9 66537.3 15357.4 56800.1 35815.6 
78932.5 102327 43723.3 36820.9 56766.5 89308.7 59861.9 49069.7 76196.9 7217.34 103979 9899.49 41317.6 12448.3 83321.6 
31332.1 49121.2 12532 22832 57015.4 45821.5 33407.3 10357.6 31681.1 62348.5 50771.1 66030.3 15023.3 55670.5 33757.5 
35908.9 68280.7 11720.1 22865 63355.3 64600.3 22203.6 9148.22 50214.3 50027.4 69914.3 52250.6 14200.4 39320.9 40250.5 
23354 39156.1 26045 36272.4 66674.8 42701.1 36216.3 21639.1 30550 76006.6 40723.6 79540.5 28740.4 68524.8 23976.7 
33643 56945.1 5966.57 18916.9 57024.6 52609.5 29424.5 3623.53 38252.3 55679.3 58595.6 59019.1 9426.03 48083.8 36959.7 
14145 43002.9 31211.7 43078.1 75727.5 50595 31729 25006 39341.2 80677.4 44422.1 83623.6 34451.1 71325.3 14579.8 
77056.1 97572.2 40289 32038.3 50651.9 83767.3 59627.2 46261.5 70891.7 9908.58 99215.2 14988.3 37558.6 17269.9 81252.8 
62001.4 53930.3 30985.5 22900.9 26945.3 35223 62812.9 36933 24545.9 58407.2 55412.4 64222.8 28579.2 61256.9 63554.1 
20723.9 46466.9 21547.4 33440.1 67503 48983.8 29203.6 15741 36046.8 71230.1 48030 74366.3 24752.4 62592.8 22852.8 
73758.7 66605.5 38747.5 27004.1 14499.7 45762.1 71189.1 45827.9 37151.7 52194.3 68023.7 58486.6 35551.9 58922.7 75740.7 
58234.4 61624.2 21803.7 10754.1 31148.2 46177.5 54236.5 29002.2 33577.4 47076.3 63214.3 52578 18607.8 48658.5 60712.6 
75997.4 75228.3 38158.1 24917.7 17318.5 55583.1 69770.5 45773.9 45834.5 42172.3 76712.5 48551.9 34586.3 50357.2 78576 
71729 37130.3 54848.5 51252.4 43516.5 11806.8 82046.3 58040.4 18321.6 88163.1 38000.1 94074.1 53807.5 90873.2 71140 
65214.1 53677.3 35108 26946.6 24905 33452.2 66809.7 40935.3 24226.6 61149.4 55097.4 67100.7 32736.5 64783.5 66559.5 
43507.8 15953.1 44932.4 49859.5 65521.1 22257.6 60864.4 43546 17801.1 91789.4 17617.3 96416 46181.5 87982.1 41641.6 
54022.4 27253.1 41936.3 42267 49873.8 12410.1 65831.7 43455.7 2500 83037.6 28666.7 88323.9 41857.1 82307.7 53388.9 
81100.1 80801.3 42722.5 29296.1 17031.7 60698 73736.1 50409.9 51366.2 39950.1 82272.4 46434.9 39089.9 50056.4 83810.8 
27180.3 76021.6 33390.1 45697.4 86085.1 79333.9 1503.33 26971.3 65776.1 66886.5 77490.2 67331.8 36542.7 51890.4 32179.5 
35514.1 48882.9 11988.3 19909 52756.5 43407.4 37113.9 12544.7 29055.8 60623.6 50545.5 64637.2 13514.8 55159.9 37773.3 
70024.6 27241.5 60120.2 58944.8 55628.9 6082.76 83966.2 61910.7 20400 97935.6 27790.8 103620 59759.9 99082.6 68596.4 
89932.3 114040 55502.3 48487.6 64105 100412 69595.5 60664.4 87563.1 7571 115689 2012.46 53137.7 17813.8 94435.6 
64539.8 20807.9 57819.5 58116.6 59300.6 5745.43 79766.2 58841.1 18373.1 98304.3 21470.4 103769 57849.6 98234.2 62859 
6649.06 47363.5 38502.5 51071.4 84825.3 58198.6 30768.8 31531.7 47803.8 86813 48606.7 89269.8 41962 76045.1 5420.33 
34357.2 49313.8 11593.5 20431.8 53969.3 44432.5 35796.8 11443.8 30121.3 60743.8 50973.9 64646.7 13461.8 54880.2 36710.4 
58193.6 56820.5 24520.4 15700.3 30046.6 40461 56781.8 31010.3 28228.5 52736 58381 58322.2 21828.9 54481.2 60228.6 
76457.7 95432.8 39008.3 30021.7 47676 81193.4 59892.7 45286.6 68463.5 12080.1 97069.6 17647.7 36113.4 19945.9 80548.2 
95040.4 119789 61126.5 54236.5 68647.7 106062 74106.2 66149.7 93273 12935.6 121438 7638.06 58813.9 21816 99603.3 
37678.9 68817.8 10852.2 21270.2 61786.7 64422.4 23972.7 9660.23 50004.9 48292.5 70459.2 50625.3 12965.3 37952.1 41968.7 
88331.8 103263 50002.9 39323.5 45612.7 86702.1 72383.5 56756.3 75056 12439.1 104863 18601.1 46811.3 28884.6 92273.6 
73149.8 44109.1 51703.5 46308.7 35223.9 19165.9 80847.6 55861.6 20428.7 81296.8 45124.9 87346 50168.7 85108.2 73124.9 
36565.7 19494.1 42765.4 49545.2 69583.1 29427.9 55229.3 40212.6 23138.7 91278.1 21054.5 95539.6 44538.2 86066.8 34501.3 
22931.4 68405.4 26462 39411.8 79367.3 71063.4 6907.97 19461 57490.5 65285.4 69908 66525.6 29860.5 51864.9 27911.6 
74152.9 92528.6 36372 27139.8 45880.8 78344.1 58222.3 42796.8 65573.2 14980.7 94165 20439.4 33407.3 21222.9 78176.9 
43546 90485.8 39239 48605 88521.9 90863.1 17670.9 35284.7 76707.4 58264.6 92019.4 57307 41367.3 41243.8 48547.7 
41770 83462.1 28557.7 37275.9 77158.3 81551.6 17779.2 25700.8 67213.2 50214.3 85053.7 50280.1 30379.8 34693.1 46754.7 
15602.9 65500.7 32354.3 45728 84809.3 71137.6 10324.7 24777.6 58316.7 73586.5 66910.8 74876.2 35950.7 60186.8 20630.6 
93450.8 64723.7 66542.2 57565.7 27922.9 39406.9 97980.1 72178.2 42025.9 83583.7 65551.6 90038.5 64134.6 91667.5 93869.1 
31218.7 82608.7 41440.3 53458.9 93940.7 87100.5 9441.4 35162.1 73705.5 71480.9 84026.2 71267.5 44501.8 55399.7 35953.9 
104201 77719 74351.1 63827.4 27127.1 52397.8 106525 80659.8 54235.1 83649.6 78553.5 90150.1 71550.4 94021.3 104975 
1700 55069.4 40914.8 54095.9 89899.3 65872.8 26159.9 33407.3 55071.8 87124 56277.6 89034.4 44536.4 74998.2 4939.64 
30519.7 30381.9 56492.5 66593.2 91913.9 50532 55728.6 51240.3 46083.4 106467 30984 109806 59282.8 98001.3 25978.8 
32005.6 58392.9 7454.53 20869.1 59583.4 54961.5 26631.7 905.539 40659.7 55992.6 60033.3 59056.8 11115.8 47517.8 35573.2 
77937.2 67818.9 43548.8 31922.6 10413.9 45791.9 76002.2 50540.8 38591.4 55403.2 69172.3 61788.8 40398.1 63067.7 79753.9 
57008.8 26976.5 44916 44723.6 49797.4 9308.6 69059.5 46603.2 5135.17 85091.8 28279.3 90482.8 44721.4 84848.7 56252.4 
53506.8 20619.7 72625.7 80062.1 96449.8 45943.6 77969.5 68997.7 48511.5 121726 19833.8 125857 74700.6 115732 49155.4 
62957.5 80180.4 24233 14638.6 42459 67119.3 49730.5 31137.3 53856.8 27294.3 81825 32100.6 21058.3 27574.8 66731.3 
36977 41243.3 19869.8 25342.8 52198.1 35702.2 43239.4 20200 21520.5 67067.8 42907.6 71424.6 20892.6 62691.9 38223.7 
88402.1 89457.6 49422.3 35991.8 21027.8 69038 79283 57131.9 60008.3 36776.4 90922.2 43232.5 45755.1 49596.1 91331.6 
13280.1 66103.9 48637.1 62092.8 99660.3 77632.3 25283.4 40924.6 66717.4 91209.5 67230.9 92334.7 52302.6 77355.9 15147.6 
19988.2 49030.6 20688.6 33129.6 68336 51428.6 26649.2 14270.6 38337.7 69944.3 50588.2 72904.4 24069.3 60806.7 22643.3 
58724.6 8023.09 60425.9 63488.1 70791 18011.4 77418.7 59765.2 25023.4 104997 8472.31 110047 61235.4 102826 56180.5 
80829.5 98995.9 43254.1 33828.5 47943 84079.2 64124.9 49616.2 71641.9 9360.56 100624 15634.9 40294 21584.5 84912.3 
78486.3 77304.7 40539 27237.1 16082.3 57264.7 72012.8 48175.1 47867.8 41998.7 78774.7 48438.4 36950 51043.9 81078 
29795.5 28762.8 54102.5 64012 89114.4 48125.3 54571.1 49023 43366.3 104081 29483.7 107500 56832.8 95878.3 25489.2 
79702.3 59581.4 50369.8 41094.6 18640 35440.1 82200 56323.8 32262.1 69348.5 60742.5 75687.3 47831.5 76029 80664.9 
59105.4 27553.6 46616.9 45985.8 49302.8 7648.53 71102.9 48482.3 6918.09 86008.6 28777.2 91476 46316.8 86145.1 58321.2 
53569.6 41272.4 30731.3 28211 38800 25366.3 59316.5 34363.4 12390.7 68256.1 42795.6 73641.6 29713.6 68368.7 54327.2 
29690.6 27749.2 52864.4 62626.6 87511.2 46662.2 54149.8 47911.7 41767.5 102835 28536.5 106308 55549.3 94814.6 25544.1 
52352 25942.2 41511.7 42459 51482.1 13300.4 64657.4 42701.9 3546.83 83522.5 27400.2 88724.6 41599.6 82375.1 51634.5 
76585.2 44228.9 56294.4 51011.9 37860.9 18906.6 85106.2 60301.3 23289.9 85645.8 45100.4 91741.6 54815.1 89733.2 76336.4 
59236 77462.3 20586.6 12010.8 43993.6 65290.5 46327.6 27423.3 51742.9 30283.5 79114.2 34731.5 17495.7 28619.6 63014.7 
30602.3 23696.6 47682.8 56594.2 80200.2 39960.6 53092.5 43455.3 34408.9 97450.6 24811.7 101201 50104.9 90373.7 27322.7 
76453 39641.5 59500 55437.4 44454.5 14705.4 86915.4 62832.5 23131.1 91419.7 40351.7 97431 58359.7 94773.8 75771.6 
55530.2 92138 32339.6 35813.4 72235.9 86428.8 32476.6 32973 72025.9 36501.6 93780.4 35916.8 32520.8 20082.3 60414 
44941.9 88842 34591.3 42960.6 82496.8 87500.9 19523.3 31635.6 73185 51987.1 90417.3 51303.5 36353.4 35314.2 49973 
54278 42882.3 30182.3 27048.5 37408.6 26643 59321.9 34139.7 13931.6 66815.9 44403.8 72240.7 28991.4 67172.6 55164.9 
77032.8 92517.2 38476.2 27902.9 41792.9 77142.1 62192.8 45323 64859.4 16386.6 94135.3 22555.9 35262.6 25780 80892 
84016.3 65405.6 52867.5 42506.7 13588.2 41208.9 85096.9 59257.1 37908.4 67226.9 66567.4 73657.9 50063.4 75205.6 85204.8 
58011.1 15948 73184.2 79471.8 92718.3 40742.1 81550.2 70292.6 45248.2 121376 14729.9 125807 74939.2 116482 53967.6 
66011 73288.5 26998.1 13551.8 29656.2 57110.6 57677.9 34710.9 45036.2 36224.3 74876.8 42062 23333.5 40500 69049 
41664.6 37670.3 24862.2 27895.9 49390.7 29813.6 49285.4 26062.2 15516.8 69810.4 39320.5 74518.5 25273.3 66768 42396.8 
33050.6 43747.6 17196.8 25095.4 55420.6 40100.5 38515.6 16150.5 26076.2 66068.8 45405.9 70092.8 18951 60481.1 34691.4 
58938.8 23328.3 49511.7 49741.9 53722.6 5503.64 72494.5 50801.6 9962.43 90167.9 24480.6 95559.4 49471 89839.4 57772.1 
61486 20519.7 77902.5 84299.8 97243.3 44858.9 85476.8 74884.8 49938 126197 19195.1 130608 79699 121191 57270.1 
92944.9 77290.7 58912.2 46959.6 7273.24 53094.7 91354.7 65942.6 49453.5 63675.5 78463.7 70177.6 55709.6 74252.1 94548 
81500.1 89623.9 42100.5 29334.3 30623.5 71674.6 69797.5 49625.8 60752.4 26103.1 91180.4 32600.6 38510.5 37673.3 84880.7 
23584.1 68335.8 25528 38436.1 78433.7 70636 7517.98 18598.1 56994.4 64336.1 69848.8 65617.1 28906.9 51015.4 28539.4 
42562 48289.2 15301.3 17409.2 45668.6 39021.7 44182 18753.7 24627 59328.3 49944.4 63922 14990.7 56136.4 44493.3 
58631 37047.1 39126.1 36477.4 40013.2 17578.7 66738.7 42348.3 8030.57 75617 38421.3 81194.2 38204.7 76559.1 58760.3 
83626.8 54311.1 59174.7 51727.1 30360.7 29000 89705.7 64175.8 31485.9 82358.8 55200.8 88667.1 57142.4 88424.9 83820.4 
4570.56 49436.2 38827.8 51604.7 85988.7 60187 29274.6 31673.5 49640.7 86645.6 50673.2 88959.6 42344.9 75511.4 4159.33 
23409.4 33781.8 32864.1 42635.7 70775.8 40979.6 40759.4 28460.9 30527.5 82789.9 35275.5 86380.7 35468.3 75379.7 22557.7 
61500 16162.3 57578.5 58950.2 62860.2 9570.79 77870.9 57988.4 19251 99776.2 16866.8 105082 57903.8 98875.1 59561.2 
34038.9 27472.2 58382.4 67994.5 91824 48702.6 59042.5 53455.5 45260.4 108344 27955.1 111842 61038.1 100353 29574.3 
19589.8 66046.4 27600.2 40837.7 80362.8 69712.1 8500 20219.3 56396.9 68228.8 67523.3 69605.3 31128.1 55070.3 24573.4 
54147.7 93765.8 35256.8 40232.9 77518.1 89458.8 29789.3 34724.8 75024.5 41466.4 95390 40371.4 35935.6 24313.2 59125.1 
27553.6 33058.9 30200.2 38907.6 65789.5 37210.3 42379.8 26828.7 25955.5 79764.2 34643.9 83621.2 32453 73291.9 27195 
68393.7 61320.9 34578.2 23935.3 19865.5 41366.3 66990.2 41330.4 31852.9 54056 62770.9 60156.1 31618 59033.9 70243.9 
51687.1 61204 14148.1 4808.33 38758 48741.9 46543 21513.3 35062.9 46240.4 62842.7 51140 10897.7 44970.4 54494.5 
62336.2 58281.8 28692.3 18973.7 25878.6 40282.6 61024.3 35286.5 29111 53264.3 59798.3 59087.9 25880.5 56374.6 64272 
99137.1 71261.8 70783.4 61005.2 27396.7 45949.2 102635 76762.6 48318.2 84013.4 72080.2 90509.3 68174.5 93265.7 99716.2 
88584.4 103932 50375.1 39842.2 46518.2 87480.1 72409.2 57069.3 75781.3 11672.6 105534 17772.5 47214.4 28363.7 92556 
8765.84 50946 46836.4 59612.1 93501.3 64635.4 34264.4 39636.6 55225.4 94338.8 51995.4 96485.5 50359.1 82723.8 4080.44 
27627.9 38170.3 24403.5 33457.1 62497.7 39373.2 38783.1 21213.2 26703 74038.2 39788.7 77847 26700.2 67508.8 28317.7 
27902.9 28895 51357 61308.2 86855.3 47016.8 52311.6 46290.5 41561.8 101336 29753.2 104755 54092.2 93160.8 23813.4 
70926.2 49335.2 45195.8 38314.6 27719.5 25914.1 75800.4 50200.1 21783 72124.9 50547.5 78203.9 43233.4 76363.4 71528.7 
71000.1 56824.1 40502.8 31402.7 20294.1 34880.4 72435.6 46556.3 27748.2 62551.9 58162.3 68708.2 37952.7 67671 72283.5 
4837.35 58838.8 40323.8 53693.2 90549.1 68788.4 22562.1 32667.1 57519.8 85180.3 60077.9 86836.5 43984.1 72485.7 9013.88 
18405.4 47890 22726.4 35069.1 69815.3 51271.1 27206.1 16324.8 38476.6 72001.7 49426.3 74944.9 26083.7 62776.6 20816.6 
57378.5 73908.3 18201.6 8381.53 42200.1 61632.6 46009.8 25444.3 48076 33677.3 75557.7 38283.3 14848.9 32214.4 60980.3 
28890.1 43454.5 18607.8 28146 59589.4 42227.1 35769.4 15730.9 28629.5 68324.3 45092.3 72076.8 20972.4 61728.6 30519.7 
17065.8 36941.2 39965.1 51081.9 80903 49038.9 39754.4 34206.7 39954.6 89761.1 38183.8 92866.5 43007.4 80759.5 14446.1 
39985.1 26412.1 34665.5 39385.9 58207 24845.5 53549.4 33917.1 13860 81317.4 28075.1 85910.7 35757.7 77549.5 39315.1 
69791.5 73889.1 31182.4 17745.1 24935.3 56307.2 62302.6 38878.4 45036.2 38019.5 75442.2 44136.7 27543.6 44031.5 72648.2 
50701.1 6630.99 61972 67903.5 81952.8 31617.2 72664.5 59481.9 34121.1 109824 6560.49 114315 63594 105263 47249.2 
94630.5 80515 59729.1 47385.8 6868.04 56491.1 92091.3 66925.7 52402.3 61583.3 81712 68073.9 56422.8 72833.9 96392.2 
35866.6 22138.2 39481.6 46106.9 66714.7 28962 53209.4 37172.2 21095 87854.5 23748.9 92139.3 41185.1 82780 34254.6 
58760.9 42043.4 35565.9 31630.4 35759.5 23048.9 64684.2 39577 12592.5 70179 43469.5 75805.7 34258.4 71533.6 59360.7 
3466.99 55470.4 36566.2 49827.1 86202.1 64523.9 22694.7 29002.8 53071 82594.2 56767.1 84532.8 40204.7 70573.9 8422 
75713.7 61349 44019.1 33898.8 15478 38691.6 76248.3 50416.8 32521.4 61777.8 62648.9 68076.2 41240.4 68226.5 77103.2 
39063.3 19033.9 42102.9 48042.7 66573.3 26236 56614.9 40154.2 19795.2 89920 20669.3 94346 43625 85349.4 37270 
52057.8 18560.7 46761.1 49016.8 58500 12593.6 67107.7 46972 10917.9 90443.5 20000.2 95520.9 47263.2 88593.1 50637.7 
79408.1 46896.1 58341.2 52530.5 36848.5 21583.8 87547.1 62569.4 26190.5 86153.8 47726.8 92320.4 56733.1 90808.9 79209.3 
8178.63 54915.4 31463.6 44739.4 81423.9 61996.5 20624.3 23900.8 49923.1 77792.7 56301.4 79877 35104 66174.4 12567.4 
84217 87589.8 45047.2 31693.8 23430.7 68113.8 74523.6 52739.4 58272.2 33360 89092.9 39860.8 41382.4 45223.9 87270.2 
45459.1 8945.39 52807.6 58490.1 73764.6 26369.7 65575.9 50680.7 25778.3 100414 10456.1 104931 54320.6 96056.3 42690.7 
47921.3 7234.64 58803.1 64900.3 79928.8 30717.4 69581.6 56266.6 31966.2 106803 7877.18 111249 60460.3 102100 44605.2 
38723.8 79120.2 24479 33952.5 74190.4 77170.6 16388.4 21308.4 62847.3 50701.1 80716.6 51324.9 26520.4 36208.4 43643.1 
67272.6 54900.7 36916.8 28330.2 23105.4 34038.4 68734.6 42855.3 25528.2 61393.2 56293.9 67424.8 34461.6 65584.3 68608.8 
76640 42812.4 57400 52501.5 39973.1 17514.6 85789 61195.2 23193.1 87563.1 43633.1 93635.1 56027.6 91432.2 76251.8 
91756.4 69095.9 61487.6 51178.9 17875.7 44052.8 93643.2 67778.6 43363.2 74092.4 70111.3 80576.1 58720 83046.1 92714 
59652.4 71418.3 20319.4 7316.42 36453.4 57517.3 50459.1 27987.3 44438.3 36187.6 73046.9 41393.4 16667.6 37104.9 62913.4 
68781.2 93801.9 34157.6 28936 55751 82355.9 50112.1 39124.5 68750.7 17224.4 95462.7 19535.9 32041.4 11915.1 73174.9 
33288 40800 20110.2 27400.2 55856 37598.1 40609.6 19006.6 23784.4 68686.2 42459 72803.4 21741.4 63368.2 34508 
53263.2 86088.9 25551.5 28112.8 64908.9 79273.2 32720 27354.2 64918.7 34364.2 87743.3 35167.7 25321.3 20776.2 57949.1 
31187.8 65681.1 13505.9 26072.2 66260.2 63681.2 18990.8 7981.23 49441.4 54741.7 67293.4 56890.2 16681.7 43690 35561.4 
44265.1 58142 7521.3 8984.43 45866.1 48775.5 39820.7 14283.6 34489 50013.7 59803 54310.4 5458.94 46041.9 47171.7 
30611.1 28517.5 54983.7 64841 89704.5 48278.5 55451 49928.9 43780.9 104961 29192.5 108393 57701.3 96791 26261.9 
24112.4 60295.9 16890.8 30329 69338.7 60723.1 17853.3 9261.21 46888.2 61926.7 61870.9 64200.1 20523.4 51034.6 28335.1 
45537.9 17577.5 63996.3 71773.1 90157.4 41922 69542.3 60256.1 42221.4 113289 17502.6 117328 66146.1 107036 41408.8 
88859.9 62915.6 61058.1 51923.4 23568.2 37683 92662 66820.5 38486 78402.4 63861.4 84833.6 58594.2 86145.6 89466.5 
46281.3 89956.9 35220.6 43241.6 82569.8 88358 20865.5 32503.8 74019.3 51129.7 91536.7 50322.4 36872.2 34300.1 51312.1 
45452.5 12006.7 48857.5 53827.6 68477.5 22466.4 63900.7 47308 20506.1 95754.9 13669.3 100394 50145.1 91944.4 43208.3 
27684.8 67652.8 19698.7 32327.9 72520.1 67742.2 12756.2 13369 53737.9 58823.3 69222.3 60435.5 22940.1 46337.6 32413.9 
88829.9 65938.2 59200.1 49286.9 18571.5 40951.8 91212.3 65333.1 40145.4 73922.7 66966.9 80379.7 56529.3 82227.6 89718.1 
47528.2 54520.6 13954.2 11080.2 41056.2 43081.3 45728.3 19870.8 29049.6 52923.5 56163.8 57722.2 12030.4 50855.2 49900.1 
8670.06 62341.6 39320.5 52777.4 90570.7 71264.7 18693.8 31607.8 59518.9 82652.3 63620.2 84068.8 42985.7 69450.8 13157.5 
63370.4 23717.1 54179.3 53911.5 54933.1 1612.45 77324.3 55610.9 14436.1 93846.8 24605.1 99354.2 54033.4 94066.6 62030.5 
25800.2 79533.9 47177.3 60095.3 100075 87213.9 15623.7 40021.6 74677.6 81800.2 80827.3 81874.6 50583.1 66123 29794.6 
81750.9 93621.6 42629.8 30835.9 37119.4 76707.9 68105.4 49841.4 65195.9 19604.1 95208.2 26100.8 39204.7 31889.3 85411.2 
75023.5 47030.4 52178.5 46057 32607.5 22084.4 81915.1 56673.9 22812.3 79943.6 48050.5 86064.5 50457.2 84336.8 75146.9 
72974.7 42642.3 52509.5 47502.6 37054 17558.2 81261.1 56461 19891 82917.4 43625 88940.9 51081.3 86507.8 72823.7 
39891.9 75902.1 18690.4 27522.4 67750.3 72306.9 20831.9 16909.8 57900 46986.1 77528.1 48326.6 20390.2 34135.3 44592 
37652.2 16914.5 46479.7 53422.9 72915.4 30482.1 57617.4 43685.8 25851.9 95136.2 18369.8 99369.7 48322.8 89770 35116.1 
32031.5 35347.6 25821.1 33169 59381.1 34820.8 43170 23908.2 22038.4 74560.4 36996.5 78681.1 27590.2 69120.2 32404.5 
60236.6 29188 46627.5 45505.7 47733.1 8062.26 71720.6 48758.3 7337.57 85201.1 30391.6 90728 46193.6 85670.4 59555.2 
32524.8 21733.2 44194.2 52247.3 74604.3 34958.4 53050.6 40687.1 28754.3 93555.8 23101.9 97534.4 46349.3 87299 29954.1 
