750 15 15
777 335 649 27 763 426 211 429 862 135 22 167 11 373 784 
53700 19800 32400 31500 37000 41300 52600 9100 98000 95600 87300 86200 17000 99600 28100 
0 12 1 2 12 12 3 3 8 11 12 3 1 14 14 6 12 11 11 14 10 7 6 7 2 5 14 6 3 3 10 8 11 5 14 5 14 4 3 10 7 13 9 10 0 8 3 4 8 10 3 12 14 8 7 0 14 2 7 4 2 3 10 10 1 5 4 5 12 12 0 14 8 11 13 3 14 3 5 11 10 12 0 3 13 9 12 6 1 4 4 2 2 13 7 1 7 5 2 2 8 5 9 10 14 11 10 4 11 13 6 7 14 3 7 3 13 13 0 6 5 2 13 2 6 1 12 0 0 7 1 12 14 3 2 11 4 12 4 4 12 11 2 5 9 5 11 12 3 9 11 9 4 8 2 6 1 4 2 0 7 1 2 9 9 11 12 1 11 10 0 3 13 2 7 4 0 13 9 1 10 4 7 7 12 1 11 11 6 5 8 1 6 4 3 12 12 9 2 4 2 10 3 6 1 9 3 7 2 14 6 9 14 5 5 2 7 8 0 3 8 8 11 0 9 10 0 14 7 12 10 5 6 1 5 2 3 10 0 14 12 0 4 6 4 3 13 12 6 12 9 13 2 11 9 13 3 11 11 4 0 3 3 7 7 2 0 4 3 11 5 11 1 7 12 6 7 4 3 2 12 6 12 1 0 1 12 4 11 8 12 10 5 8 3 12 14 9 9 10 0 7 12 1 11 8 6 13 8 12 9 5 7 11 4 14 14 7 12 2 9 6 5 2 14 5 10 12 14 8 5 12 7 0 2 1 4 4 6 9 12 0 1 0 2 8 5 11 13 13 0 5 5 4 4 4 1 14 9 0 2 14 1 2 8 7 7 12 6 14 10 5 13 4 11 10 4 13 8 5 8 10 9 3 4 6 14 0 7 14 14 10 14 6 3 12 9 9 9 8 5 9 5 3 2 12 5 1 13 11 8 3 0 7 4 11 11 2 1 6 8 14 11 5 4 2 4 11 10 2 12 12 14 6 14 11 2 5 8 2 11 0 1 14 1 12 11 1 1 4 7 12 10 11 13 13 12 0 3 14 14 14 4 14 4 11 9 7 11 13 9 1 12 13 10 6 3 5 7 0 13 13 6 9 3 8 7 4 9 14 13 10 5 2 14 9 5 11 12 4 1 3 12 10 9 13 5 10 3 14 13 13 12 0 1 11 0 11 12 11 14 13 10 2 13 5 9 0 4 3 2 8 11 0 8 7 9 12 10 7 8 5 11 14 7 7 8 12 13 2 10 8 9 1 7 4 5 2 3 5 5 10 7 7 3 2 13 6 8 8 3 4 7 2 9 7 3 3 14 10 8 5 7 2 5 8 10 13 13 4 7 13 7 6 1 3 6 7 12 0 7 1 14 3 13 2 14 8 1 0 14 8 7 3 14 7 4 9 4 9 0 12 6 5 7 14 13 3 7 4 12 14 12 4 10 12 4 1 10 12 6 14 6 11 10 11 4 2 7 14 11 12 6 7 12 14 10 6 5 7 1 14 0 0 5 1 9 1 10 7 4 0 9 12 14 3 11 14 6 9 14 10 1 7 14 3 4 10 7 5 5 7 13 5 8 11 0 7 10 12 4 6 2 2 1 0 9 0 4 12 10 12 6 9 13 1 14 4 10 3 2 3 0 12 0 8 3 6 11 5 0 0 12 0 4 10 2 6 13 6 4 10 13 5 9 9 4 10 13 11 
967971 709071 676007 575587 236326 456001 996049 737250 468364 802180 718011 867130 649159 894826 975316 
383888 646672 51662.4 166355 569414 591037 283297 69771.1 446700 487045 663218 517088 75166.5 403252 422636 
669362 514778 386898 311873 256977 300563 699413 441403 223379 654028 528319 713987 365164 692116 679779 
259156 797549 480680 610162 1.00958e+06 877057 166087 408803 752455 828001 810354 828633 514861 671029 297968 
177279 370595 359117 468700 768798 469294 381068 303872 369899 857959 384187 890053 388932 771514 162484 
524485 644517 136704 13152.9 398197 522532 455003 213460 385565 430035 660961 477913 100722 414595 555152 
879255 725025 544537 428796 66211.8 485989 869071 613453 444154 627319 737066 692234 513430 722100 894687 
716040 886874 332710 234267 430763 744005 567609 399731 616393 189024 903208 243731 301617 239493 755054 
523154 511528 217083 168077 359961 368420 529748 271205 235230 570453 527471 623083 198217 569245 541133 
612217 425625 379569 335049 345971 222407 672527 420975 133959 713011 439356 770270 365472 732014 617486 
385265 862968 374342 478453 881810 876614 127059 326719 736614 612250 878087 607003 399110 447362 435167 
943722 800585 595826 472889 67897 560137 919600 667582 519782 618450 812527 683381 562896 729999 961131 
817602 772555 445426 314721 109731 560817 763911 520820 478029 463787 786710 528592 410235 560501 841338 
519230 253237 416371 427949 521676 134391 644736 427011 42059.5 839400 267918 891162 417852 826614 511544 
419030 628208 26248.8 113464 513622 552841 338817 100499 408883 474368 644846 510690 18601.1 411752 454041 
286447 825230 501618 629743 1.03068e+06 904591 182157 430890 779493 835405 837988 833912 535287 675244 324446 
258141 445881 191927 298565 625182 448219 330841 150336 314617 691655 462027 726805 219584 617599 276279 
611523 800103 228405 145341 447395 676923 473896 294717 542089 277584 816620 321823 198595 263973 650170 
61684.7 479437 377033 503397 843586 583824 298332 306811 478023 859027 492050 883349 411807 750798 57584.7 
273880 502113 139617 258027 611650 488431 296096 92086.9 349521 638549 518376 671935 170792 560093 300880 
922356 784372 574604 452134 48010.4 545793 898484 646233 501807 607068 796518 672075 541776 714964 939898 
308255 818296 401699 521783 926603 860582 82764.7 339201 726158 704480 832577 703082 432251 544783 356202 
341457 254275 361400 430029 650173 302592 503724 338250 208543 846681 270490 888982 378857 794411 329569 
186430 353657 406518 515123 806435 478265 412826 350887 390514 905349 366005 937257 436206 817774 159013 
301496 598910 99624.3 234094 625538 574843 235077 24207.4 432640 567680 615168 595243 136015 473466 339872 
217113 618855 207077 340978 732688 636277 144101 131529 499985 642608 634263 662193 243101 525178 262528 
431561 393581 240707 262231 473621 302238 497562 258954 158013 680825 410001 728723 241961 654313 440556 
353624 186507 482996 561079 771145 348076 567670 448486 303152 975461 198842 1.01581e+06 504034 914385 323761 
715508 1.03747e+06 428921 412393 703393 946335 490474 458268 806083 228090 1.0541e+06 204749 417698 47010.6 763417 
367241 221208 391680 454948 656247 279551 536411 370815 199251 873000 237508 916415 407806 824471 352115 
250711 766006 385467 512191 914248 818086 64257.3 316863 686619 729464 780023 732673 418493 577008 298518 
682720 623308 338870 229124 199449 426484 663323 407657 328818 526031 637942 587006 308457 576222 702200 
76478.8 481331 433896 559804 894519 608922 334763 363600 512291 914822 492590 938271 468603 803831 30066.6 
398020 616702 8062.26 132816 529870 549466 323037 79762.1 405183 492724 633321 527828 34928.5 425029 433042 
161400 688675 383099 516420 908277 760135 119000 307695 635324 781090 702084 790496 418868 639641 208166 
430228 779187 193166 266511 664447 734091 236932 187387 589764 438622 795550 451648 204783 310229 477017 
851942 685829 527549 417484 98493.7 446430 851474 594193 406399 643529 697789 708139 497860 729595 865837 
604745 95671.3 702636 751260 850540 321834 823787 683141 385099 1.17005e+06 79246.5 1.21754e+06 716126 1.13409e+06 569495 
667791 707200 285044 152069 260432 535905 600701 361565 420107 401278 722820 460926 249088 449004 695531 
478619 153574 648741 722025 893135 401628 715520 614200 413237 1.1388e+06 151182 1.18038e+06 668996 1.08043e+06 438330 
479401 509148 173925 150083 402747 388888 482744 224475 249018 565760 525461 615202 159138 549859 499223 
491024 747393 139807 152778 541599 664447 344746 185065 521707 372430 764029 401663 127769 293212 532410 
263492 796656 451864 579669 980899 865534 132231 381694 737906 791003 809938 791511 485374 633942 306139 
739268 1.04601e+06 438719 411447 684547 946794 519086 473097 807996 194258 1.06265e+06 170485 424802 15264.3 786631 
415601 124535 521464 588490 765957 308177 626390 493585 288210 1.00643e+06 136938 1.04939e+06 539485 954422 385467 
907317 1.09887e+06 538897 447756 549102 944950 725580 599801 823214 59464.3 1.11511e+06 102903 510416 240260 949604 
182800 386374 317970 427855 734854 461850 359234 263822 352881 817017 400844 849523 347701 732378 179201 
136854 472952 276930 401603 746073 531994 272342 209859 411351 766039 487562 793638 311045 667800 157544 
320039 420830 190000 270601 567726 393573 388402 174416 255562 680254 437375 720256 208626 623013 334153 
525419 27313 612046 664248 788592 278869 736579 591859 312775 1.0835e+06 29681.6 1.12992e+06 626231 1.04401e+06 493447 
600262 480942 326087 267092 310006 293061 633202 376303 186432 640647 495550 697782 307561 660996 611383 
545212 203010 732105 804967 964105 456089 789066 696737 485161 1.22208e+06 194371 1.26381e+06 752447 1.16358e+06 501941 
550142 365941 357677 339629 414403 195931 629918 387342 71561.2 739465 380552 793742 350280 741271 552526 
401520 516779 104235 153395 483322 437924 396602 139671 293641 566845 533414 609528 106104 523072 425630 
418961 241456 371517 414656 586046 226312 560601 365210 127456 833866 258031 880633 381534 799196 409928 
756897 771891 372518 238296 201556 581414 683592 449392 479176 388726 786985 452448 336204 471666 784510 
457710 178933 437412 476942 617508 190371 617645 430265 139058 895529 195290 943390 447010 864370 442408 
450960 497363 158493 158256 431195 391449 459221 202200 248910 577209 513822 624725 149215 552472 470814 
545286 598588 182784 86284.4 348001 458024 507332 253505 325960 480000 614730 532350 152306 481769 570519 
277218 595494 124920 259480 649360 582344 215873 48332.2 441494 588694 611590 614706 161400 489449 316533 
736610 501602 482300 411847 276847 260163 788229 532376 235536 742192 513040 803617 462465 789111 741653 
482590 281400 367935 384787 512071 182165 598080 378001 52345 799456 297061 849909 370342 781369 478358 
576321 689473 184545 51009.8 367870 553586 493077 261633 421380 385924 705783 437104 147872 388747 608001 
237716 310103 378737 476001 746853 413717 437852 333054 323682 878112 324002 913801 404931 802591 218586 
347092 203593 517042 601446 819976 390717 575785 477247 351864 1.013e+06 213019 1.0517e+06 540049 945804 311708 
162693 597724 252769 387398 771511 636908 148000 175684 505846 697402 612566 716612 289360 578215 209022 
437659 396184 241868 260048 467402 300540 501908 261895 156205 678258 412564 726521 242167 653380 446804 
571424 430091 330847 292036 357453 250799 624256 372023 135912 681195 444789 736824 317530 691755 579118 
130648 669933 450564 585161 966876 770506 206737 373563 655600 867568 682001 878080 487082 727792 163077 
414349 869580 349857 444438 844754 868074 156984 311264 726110 560330 885084 555014 371194 395506 464657 
555666 942827 352278 395380 762997 894340 314884 351353 750067 394707 959140 383631 357022 223081 605239 
336024 588511 58420.9 192634 581207 547091 278289 20248.5 403496 546649 604983 578275 95036.8 465414 371383 
323903 862981 574966 704146 1.10388e+06 958391 257624 503036 837717 907491 874874 904093 609076 744565 354141 
499940 141156 660961 730906 891696 392588 735063 628441 412069 1.14862e+06 136704 1.19107e+06 680309 1.09331e+06 460132 
558746 134648 535059 559047 634679 124193 725989 534158 171593 972672 146250 1.02381e+06 540941 954811 539268 
207077 740270 523536 657606 1.04459e+06 850300 246483 447166 737082 917154 751626 922835 559697 768214 230495 
617331 184708 768238 828875 950598 424807 853642 740303 479413 1.24812e+06 170699 1.29304e+06 785250 1.20126e+06 576390 
482104 161335 461850 497293 621297 170742 644597 456318 141439 915042 177234 963756 470472 887222 465473 
290765 830716 522529 651438 1.05153e+06 916273 205010 451010 792960 859456 843168 857798 556511 699012 326075 
622509 946451 338095 337717 667980 865427 405660 363573 723398 275772 963052 272244 330056 118680 669933 
592200 476707 319781 263372 317057 292335 625895 369238 182538 640470 491428 697227 301796 658614 603339 
955327 686321 671361 574674 250639 433115 989615 730906 450161 813983 695035 878822 645484 902286 961545 
799361 634253 484633 381725 136953 399025 807035 548715 351962 642832 646574 706614 456616 715749 812296 
691876 382027 507347 468675 404250 133810 784985 541651 157953 838285 392255 897157 495956 864589 688625 
309919 754987 271450 387569 792669 763333 77000 216518 623491 594024 770388 600913 300083 449222 360001 
677632 821663 286398 174152 384860 676018 550974 358431 548923 256550 837922 311713 252517 294613 714077 
709941 672423 349567 227798 179494 475896 673146 422235 378155 484373 687154 546452 316443 545485 732069 
610816 466953 348323 292171 313844 271280 652056 396295 172409 664172 481203 721688 330841 686069 620059 
144475 660512 352264 486215 875685 726693 117380 276176 601041 763497 674214 775441 388346 627271 193794 
338479 223511 531008 619487 845568 417757 574130 488035 378942 1.02868e+06 231664 1.06621e+06 555237 957427 300375 
431393 180069 617518 697269 889270 416203 670773 579118 411024 1.11152e+06 181571 1.15137e+06 639515 1.04732e+06 390565 
732563 602764 414074 314025 169664 382341 736310 478006 311662 603858 616159 666251 386430 663001 747086 
252771 788483 545674 678473 1.07109e+06 894043 248974 470545 778165 917397 799978 919614 581234 762685 278686 
852416 569022 597478 517731 283064 316057 906448 649887 335678 812316 578070 875825 575806 878014 855585 
503086 758238 151344 155756 539268 672596 353566 197590 530212 359940 774878 389166 137753 281812 544640 
839174 764137 475395 347800 65000 543647 796786 549484 471190 507285 777769 572197 441082 605615 860759 
626671 133754 613022 632219 674754 139786 802556 613059 237200 1.04251e+06 136927 1.09499e+06 617978 1.03012e+06 603829 
556386 500564 261859 205292 332417 338565 573071 314917 213715 594246 516047 649111 242621 603511 571640 
259946 634716 171677 303592 700316 634924 159201 100449 495368 599421 650495 619776 206620 484737 304508 
543281 81786.3 557660 592225 686280 175251 726364 549742 216668 1.00893e+06 94244.4 1.05846e+06 566634 983358 519582 
410235 773296 198595 282144 682807 736174 212763 183120 592030 461885 789560 473760 214086 330044 457587 
351142 737143 198116 304803 709820 718171 159355 159615 575265 521145 753154 533802 222443 389606 398984 
161012 582204 245153 379638 760424 620455 164049 168074 489612 698279 597117 718925 281824 582619 205412 
1.07296e+06 792945 779620 675643 308935 540296 1.10069e+06 841929 567116 873275 800643 938254 752001 978227 1.07961e+06 
724407 540107 441192 359201 228116 309739 755499 497229 257329 678050 552667 739687 418169 728330 733771 
785016 541912 521023 442143 253014 294959 831291 574167 283283 750915 552675 813548 499249 808418 790530 
390295 802075 259046 353454 755450 784969 159841 226318 641873 512352 817984 516871 279517 364005 439819 
914254 593151 671430 593155 336341 341634 977754 722267 387487 880877 600421 944839 650385 951303 914866 
424005 452355 181397 203666 461686 360800 458093 208734 216566 622981 468880 669557 180499 592663 439933 
592881 60307.5 631877 667281 745966 216843 789205 621786 286735 1.08361e+06 57688.8 1.13342e+06 641427 1.05839e+06 564646 
136894 673155 469503 604126 984371 779811 225462 392441 667027 887482 684882 897790 506063 747204 163918 
420905 768595 184532 262101 661780 724798 231948 176853 580496 446052 784949 460114 197436 319889 467472 
364664 895342 505693 624820 1.02988e+06 954059 184491 442757 822475 781683 908881 773885 536078 613360 407344 
711923 717346 334624 203416 207711 530665 652645 410468 425202 422976 732509 485077 299189 487643 737800 
529914 165148 699743 769666 925054 418387 768752 666694 446161 1.18748e+06 157407 1.22997e+06 719186 1.13199e+06 488559 
355659 879128 471546 589187 994342 929475 153883 410250 796116 746090 893020 739327 501351 579031 400682 
598426 827641 234019 182784 504876 718229 439619 289993 580246 267060 844252 301423 210794 218888 639832 
345172 795329 297229 405882 810660 800321 96254.9 248568 659640 581086 810760 583837 323209 428768 395455 
489287 277483 375565 391042 512016 174106 606040 386000 46400.4 805084 293002 855815 377680 788155 484554 
357315 607376 41146.1 175208 569723 558108 285070 38000 414001 522943 623899 554707 77162.2 443030 393585 
350960 869014 450795 567539 972716 914278 136308 390544 779910 725100 883111 719100 480243 559014 397223 
169623 694525 516501 651128 1.03017e+06 812914 265415 439420 704052 931561 705510 940597 553075 788651 186078 
629308 981236 375832 388001 723923 910372 398058 392226 767392 309380 997766 295061 371819 134302 677997 
130138 669362 421532 555989 940669 759495 175775 344746 641003 835180 681965 845786 457926 695766 170156 
778023 1.01734e+06 428627 362927 572603 890025 585888 480910 757980 85023.5 1.03388e+06 106668 405265 113217 822134 
915242 607968 662825 580682 312835 355394 972169 715605 392700 860549 615721 924689 640740 933900 917212 
567641 402548 347541 316765 379012 222767 632652 384034 107912 709505 417080 764807 336595 717508 572846 
46754.7 517093 429913 559044 905108 638205 304613 356976 536940 902218 528570 923385 465474 785651 7280.11 
861629 979054 471190 353900 387243 805623 720200 542786 693172 185154 994837 249393 437156 330220 898649 
360462 866170 422412 535385 940383 900355 122589 365903 763772 684901 880657 679047 450459 519062 408512 
527091 13038.4 597880 646518 764963 255131 732300 580246 289993 1.06554e+06 28160.3 1.11264e+06 611003 1.02899e+06 496977 
900281 780484 547330 423137 18357.6 546386 870619 619788 494022 576500 793083 641527 514009 682821 919054 
595756 983257 389297 424166 780708 930763 351801 391506 786641 380739 999602 363341 392001 202980 645478 
236038 429848 220719 328637 650372 448728 332579 174413 319883 720503 445738 754923 249147 643481 250769 
743340 737621 366051 234303 181945 543788 683290 442000 444046 425075 752549 488365 330506 500915 768953 
767208 760711 387769 254912 172192 563664 702974 464088 466717 417412 775539 481408 351920 502070 793235 
738730 619526 412753 308302 156013 400476 736098 478414 327605 587933 633039 650594 384034 650151 754359 
284060 442512 180812 279603 599580 431283 348817 149466 295102 678973 458862 715902 205548 611101 301644 
835920 510358 613949 548432 355179 257816 911408 659348 305203 868795 518183 931393 596055 923699 834748 
552450 732767 162782 82540.9 443379 617992 435938 233343 480360 346733 749323 389847 130924 319119 589186 
828971 555203 573334 494790 275937 303117 882036 625512 314941 795594 564745 858793 551881 858047 832588 
822657 505146 598480 533023 346383 252052 896403 644085 293206 855313 513390 917759 580539 908982 822000 
847857 506290 634353 571305 378276 255633 928974 678251 314770 893784 513401 956362 617188 948095 845351 
824721 671405 498551 388855 100170 436240 822499 565291 387965 624763 683784 689094 468875 706135 839231 
204120 536606 190042 321498 691469 554491 224589 117085 420438 670458 552197 697132 226020 571238 239019 
354193 435950 173072 239268 531320 386091 405031 173012 244135 653244 452585 695190 186207 603822 370000 
642982 865744 277627 214294 500568 747982 478774 334861 612259 222524 882321 259114 252875 192676 684606 
769344 874643 375900 252480 335058 706601 646920 450071 590468 242217 890498 305791 340602 337147 804316 
889331 728464 556369 441091 74330.3 487756 880878 625016 449491 638154 740314 703102 525404 734074 904347 
499770 813049 207135 239437 619642 744930 311520 227702 601240 364216 829608 379684 205353 245601 545341 
209612 560143 185973 319595 697318 575543 203730 110005 440266 656990 575733 682015 222524 553470 247952 
402305 280203 332223 376904 567000 251181 529551 327361 132966 796222 296811 842421 342212 759943 397756 
424570 876473 350892 442719 841852 872145 167657 314531 729850 550967 892036 545001 371295 385292 474891 
557197 832661 225204 216037 569760 743616 379438 265047 602091 302333 849301 324238 212009 207870 601146 
786006 871831 392000 264327 306752 696563 671038 467347 584565 265062 887498 329462 356069 367392 819748 
359601 275902 606304 701747 935693 496101 611130 557219 467367 1.10587e+06 279415 1.14099e+06 632719 1.0262e+06 314086 
351319 421893 186955 252620 537034 375926 411539 184329 234955 667205 438526 709307 200412 617981 365297 
819869 503954 595318 529914 344814 250799 893304 640947 290682 852677 512282 915087 577378 906056 819308 
1.02068e+06 744036 731804 630969 280114 490976 1.05168e+06 792881 514573 847151 752118 912178 704950 944917 1.02705e+06 
383866 347356 265002 312187 537249 299723 480760 264282 163615 731259 363985 776470 274614 692399 387783 
623708 560629 300801 211981 260726 376012 621933 363464 267486 560394 575590 618716 274758 590859 641003 
557245 826586 219893 207118 560528 735642 383308 262031 594348 302035 843228 325779 205529 213214 600787 
557248 908728 306620 334755 696139 845742 334215 318291 701989 346575 925214 344489 306178 189190 605483 
241698 352138 526977 635744 913510 532820 496118 469221 471492 1.02507e+06 360069 1.0558e+06 557008 932858 195502 
542072 776354 176955 147167 510560 677738 394417 231905 537298 325185 792991 358402 156083 264008 582842 
511251 465430 241323 211287 380494 324168 540845 285412 188820 617224 481292 669582 228162 612944 525164 
745204 455800 525090 467616 342118 205543 819183 568191 219317 811582 465808 872503 508870 852993 745419 
715663 529250 436715 357610 238799 299787 749605 491623 246293 682421 541853 743753 414383 730075 724587 
282057 531952 118140 244033 611341 513261 277354 62625.9 372828 613968 548234 645949 151908 531746 313026 
798972 559904 528577 445880 238673 312631 841029 583319 300563 745638 570636 808644 505863 807040 805176 
743328 1.03175e+06 427263 389960 650481 925212 531159 466884 787844 163083 1.04839e+06 148003 410703 20808.7 789840 
571361 31622.8 630208 672173 767594 243742 774428 616105 300962 1.09011e+06 24839.5 1.13867e+06 641586 1.0594e+06 541361 
76118.3 463949 387743 512338 846416 574381 317120 318961 471832 872846 476321 898007 422036 766676 59033.9 
413818 698553 97416.6 179067 583590 639545 278744 115313 495235 447897 715095 474085 107448 354295 455544 
160206 438480 280516 399091 729485 497788 306720 219545 379401 775967 453239 806067 312771 684748 171735 
179981 448589 251782 370390 704884 492693 299082 191971 369218 747896 463781 778569 283924 658818 196469 
278568 488427 145619 258805 604849 473469 310311 104317 334773 645366 504734 679854 174929 570272 303389 
613325 977816 375682 396853 741934 913731 377774 386898 770203 335626 994290 320702 374230 159906 662402 
744272 932534 368285 278153 467390 791794 582204 431654 663724 142127 948916 195880 339118 204120 784849 
539337 606060 171479 72111 358064 469695 495908 243528 336311 470724 622280 522251 140014 469086 565601 
565524 433627 321860 283388 358113 258182 616028 363402 140207 674000 448470 729373 308475 683369 573836 
555090 551920 223897 148003 327196 398470 544737 286386 270662 535287 567733 589540 199060 543769 575361 
822976 631697 517904 418151 154311 390017 838959 580269 357202 679321 643324 743312 490805 754082 834053 
426708 586359 54083.3 100499 479051 501108 377037 122450 357526 500888 602996 541828 38470.8 453442 457109 
594041 725690 200040 76557.2 379854 590593 494631 275879 458594 349162 742038 399941 164027 353657 627766 
837088 1.09355e+06 500370 439892 635472 967360 631558 548657 835374 81608.8 1.11011e+06 46010.9 478724 114983 882560 
385253 789003 243239 338585 741157 769751 162693 211116 626547 508139 804965 514612 263856 363662 434420 
567733 161208 724846 789682 928285 411536 804270 694764 452179 1.20848e+06 150083 1.2523e+06 742927 1.15772e+06 526972 
502837 929931 367764 436606 822220 905005 249804 348294 761032 480941 945880 469460 380716 308715 553104 
917048 1.15043e+06 568918 494887 636661 1.01019e+06 715793 622065 883167 78294.3 1.16688e+06 39204.6 544424 199361 961774 
807087 924686 415502 296946 365662 756229 672632 487899 640664 202485 940562 267270 381115 319363 843481 
893949 885936 506952 372324 183098 676420 810612 584062 591219 398339 900316 462875 470367 525552 921908 
260069 776006 391695 517571 920201 827590 68476.3 323855 695848 729176 790023 731498 424401 575237 307657 
309291 615059 100240 233266 628765 589359 227798 32695.6 446806 556232 631320 582684 135650 459148 349013 
371618 911353 601422 727780 1.13026e+06 1.00196e+06 278491 531806 879046 908743 923411 901759 634492 741298 403238 
664146 426620 440732 391369 342468 197274 732836 482162 153951 756350 438883 815240 426016 784474 666694 
462281 344890 302220 316183 477026 241033 550608 318512 97185.4 731987 360960 781804 302761 712529 465172 
453054 801387 210193 273251 666312 752163 253032 209571 607820 419363 817784 430488 218673 287179 500121 
377117 168618 521875 599391 800978 358299 599341 486807 327808 1.0142e+06 178676 1.05468e+06 542915 953138 343639 
118663 432412 433970 554513 873147 565659 370883 368099 474605 923965 443600 950497 467184 820959 78409.2 
862548 558099 619380 543799 314530 304946 924816 669541 338615 844091 566389 907498 598873 908027 863904 
893972 694804 579994 472925 136015 448206 903038 644937 426522 696038 705783 760852 551204 785845 905652 
723685 1.02536e+06 418417 390267 667163 925605 507142 453971 786820 191846 1.042e+06 175231 404079 16552.9 770720 
424721 178832 609036 688941 882525 412161 663244 570665 404654 1.10309e+06 181108 1.14291e+06 631053 1.03884e+06 384293 
69462.2 563777 463131 594781 949758 689801 298613 388063 588451 923064 574739 941002 499325 798727 58412.3 
237403 326957 342615 439386 716158 406882 418226 298734 306420 841758 341696 877817 368456 767939 225887 
541097 12369.3 617246 665776 780064 265121 749184 599286 306791 1.08474e+06 11401.8 1.13194e+06 630417 1.0484e+06 509907 
449374 210642 655893 738377 932391 454070 694994 615094 453766 1.15145e+06 209402 1.19049e+06 678761 1.08416e+06 405919 
868020 1.12837e+06 534731 474597 660875 1.00131e+06 658493 582168 869755 96566 1.14494e+06 36878.2 513360 136528 913869 
389741 813954 278928 374681 776693 801754 150217 243393 659018 526009 829753 528394 300097 373567 439660 
366809 707633 142443 246951 652093 673007 209308 117478 529160 493433 723918 512544 164830 378308 411825 
464424 128845 481690 526925 665652 206090 642412 469289 185777 945937 145417 993112 493244 911175 443717 
124145 538892 270150 402413 769531 592187 206642 195208 466743 739960 553447 762896 306418 629535 163049 
296840 836543 520704 648951 1.04976e+06 919720 201358 449782 795586 852719 849100 850529 554431 691532 333000 
687215 531498 398648 318347 238724 313292 713417 455000 241238 649931 544861 710564 375719 693055 698102 
652051 796947 260094 147492 386409 655305 530356 332728 526423 279201 813251 332415 225942 304059 688100 
795080 678068 456011 341440 94005.3 452763 780545 525095 387827 574474 691263 638549 424986 653435 812192 
589461 577225 248727 155756 293343 411768 572071 314875 290663 520212 592800 576460 220871 540150 610234 
198595 629496 237800 371489 763546 657362 121807 162413 522954 664585 644599 682034 273715 541629 246132 
173367 699323 383271 516035 909647 768308 109659 308483 642543 774724 712811 783307 418779 631723 220239 
860930 1.11077e+06 520735 456004 635756 980378 656510 570524 849782 71784.4 1.12731e+06 21213.2 498197 139607 906199 
253640 792809 485057 615179 1.01372e+06 875278 173170 412569 751652 837029 805484 838098 519493 680712 291386 
375890 300193 309040 361996 574732 280845 499730 300341 158902 780897 316836 825654 321174 739173 373358 
908738 730942 581352 467916 99985 486681 905681 649059 457054 666027 742321 731011 550913 763115 922572 
474958 65115.3 560530 617373 763176 275409 682497 538454 283524 1.03664e+06 78057.7 1.08192e+06 575817 993105 444855 
617992 293784 482126 468711 478351 68796.8 733965 504079 90138.8 863204 305159 918943 477320 870260 610627 
787153 1.08806e+06 482296 447341 697389 982560 565895 519065 845222 173416 1.10471e+06 136308 466787 49517.7 834506 
952424 673858 674798 580817 266086 420629 991557 733055 442706 827699 682293 892458 649640 913526 957698 
199444 689653 314708 445899 843156 734663 60373.8 242033 602847 703580 704081 714045 349482 564811 249722 
233225 370277 532185 643262 926779 550800 489695 472631 487849 1.02914e+06 378061 1.05886e+06 562880 934034 185658 
868233 836106 488070 354397 132019 622874 800340 564646 541590 438098 850245 503083 451983 552787 893874 
534035 310886 384879 382279 465920 157544 636497 404975 16970.6 788676 325480 841751 382064 783266 531603 
356366 629643 59464.3 187459 587225 584055 265548 43600.5 440005 513990 646118 543162 91526 426391 394981 
565014 714199 171143 58694.1 406651 589211 463761 246246 453971 360627 730658 408099 135724 349332 599473 
933272 624822 678236 594196 314968 372543 988656 731766 411057 867379 632396 931711 655696 943723 935403 
859021 1.01527e+06 476873 372361 456396 853735 698756 543769 735122 114237 1.03134e+06 178373 445350 269416 898671 
578675 930953 327768 350852 704872 865725 352483 340847 722166 334906 947452 329298 326198 171642 627090 
626834 961676 354054 358314 689980 884318 403983 376065 741923 286356 978254 278045 347536 119854 674795 
471782 911935 365099 444299 836538 896607 216178 338053 753228 514475 927708 504777 381390 344209 522108 
487311 897874 328373 395783 782643 867187 242002 312260 723044 459479 913947 453001 340459 293493 537264 
969070 711057 676420 575681 235128 458004 996604 737808 469966 801140 720017 866098 649490 894166 976513 
698516 901892 326588 246343 480405 771059 535373 387640 639356 175071 918375 220229 299040 191638 739558 
61188.2 483538 409982 536451 874603 601210 315729 339391 500345 890484 495391 914038 444819 779976 30413.8 
660086 583824 332133 234557 224635 387866 654819 396869 289254 558399 598412 618389 304455 600004 677379 
635623 841647 261297 187832 473701 719847 482469 322895 584999 239470 858189 280829 234088 222461 675966 
344105 875729 495743 616925 1.02163e+06 937064 172351 431150 806353 785293 889191 779185 526847 619001 386576 
616828 787859 228569 132322 423468 658960 488262 298263 525669 287099 804316 334612 196512 285260 654231 
596693 888192 280130 268362 602886 798755 401404 315626 657578 269787 904828 282793 267884 154208 642141 
526229 626856 145499 36124.8 384610 500586 467831 220737 364486 447616 643236 496807 111252 436716 555168 
238839 744194 356204 483628 885127 791025 40012.5 287211 658663 710623 758446 715973 389466 562005 288009 
247891 703046 268151 395133 796836 726075 57801.4 201137 589353 641078 718138 651939 301081 503746 297881 
274060 297059 515529 616332 874783 478516 519779 463876 423143 1.01531e+06 305511 1.04906e+06 543258 932168 232422 
597277 78492 619698 650692 721056 190874 787041 612537 265580 1.06575e+06 79849.9 1.11628e+06 627965 1.04398e+06 570898 
446040 138755 470005 519172 669604 221452 625205 455467 190591 938448 155396 984846 482610 900614 425414 
557072 761006 176204 116417 470690 651429 424382 240601 512925 324829 777602 364314 148691 285974 595814 
793577 423869 616020 570172 437138 176411 894629 651621 259609 921360 430488 982211 603327 960318 787241 
897652 767516 549401 427242 25961.5 531662 873330 620994 482673 592190 779933 657220 516624 695886 915492 
380217 762779 208082 304357 707814 737245 177815 179179 593709 496407 778877 507209 228528 361260 428280 
946588 1.19279e+06 606590 537249 681358 1.05529e+06 738000 657088 927459 123976 1.20928e+06 71505.2 583343 215390 992134 
442137 845075 280959 358710 753632 817001 206828 260509 673060 472208 861144 472759 295880 317158 491675 
777016 869612 383084 256628 315981 697184 659973 458109 583487 258436 885353 322490 347324 356786 811141 
828968 1.07545e+06 485705 420837 611479 946309 628622 536263 815142 63031.7 1.09199e+06 50537.1 462934 121433 873856 
760813 374386 606601 571594 473381 130250 873836 636806 231657 937463 380757 997101 596755 967273 752112 
703751 956412 359836 307241 567226 841029 513609 408873 705318 157835 973018 177868 338829 105171 747992 
385253 732105 160078 254951 659098 695046 212361 141400 551004 477377 748401 494265 178941 357113 431125 
102591 639281 397132 531760 912763 726808 176641 320052 608298 823303 652099 836280 433711 688794 146751 
359489 763482 229026 332488 736941 748671 146168 190394 605978 525990 779387 534866 252492 386122 408418 
755721 870327 362791 241665 347540 706440 630642 436371 588069 235850 886274 298510 327832 323215 791192 
615093 304573 471004 455544 465955 82927.7 726491 494419 83192.5 849167 316304 905001 465553 857001 608869 
413876 855369 324570 416751 816589 847345 161152 289249 704791 537643 871037 534495 344896 376028 464172 
108240 517731 492249 620116 958112 662128 358660 420060 571056 966087 527651 987013 527519 848463 64132.7 
482345 571024 127004 84646.3 409811 456449 449740 193041 316623 503587 587480 551142 102552 482308 508303 
653979 399276 447733 406177 370473 169402 732552 485199 133135 778700 411364 836967 435118 802318 654554 
609349 243091 509428 507506 531853 35735.1 743388 524244 111987 908635 253712 963265 507963 908947 597716 
829883 1.1018e+06 503468 450894 662261 981872 618065 548074 848125 113004 1.11841e+06 70007.1 483741 95524.9 876097 
486796 556925 142580 100170 400739 438207 463246 205300 299000 517487 573322 566057 120208 499892 511117 
436241 286449 338072 369673 536302 224831 554236 341151 98493.7 788041 302804 836167 344305 759942 432834 
825931 498222 608113 544891 361425 245652 903782 652484 294430 869955 506077 932309 590798 922510 824357 
830827 653943 516085 411447 128144 414121 838773 580545 376048 658770 665818 723014 487743 737822 843356 
308021 640056 122287 251334 651111 618788 202410 62297.7 476422 552264 656220 575608 155618 446602 350383 
865001 938122 471017 343223 310335 751862 745201 546179 647365 263053 953504 327536 435139 398577 898846 
181868 358320 408354 517849 811006 483910 410191 351957 396057 906890 370567 938459 438310 818292 153769 
264547 712236 260526 385265 788237 729555 64202.8 196400 591664 624234 727470 634716 292515 486310 314414 
107424 644724 449494 584055 960555 750321 224511 372368 637973 878073 656597 890421 486148 741923 136444 
605957 582808 265505 168962 276539 410761 589071 332015 293695 522120 598214 579353 237200 547637 626314 
275036 799456 424834 550263 953204 857030 100955 357090 726399 753033 813199 753236 457411 595615 320665 
385134 471514 143586 195888 497178 401180 409723 161771 257008 611658 488152 654805 150360 568058 404595 
420690 493871 139014 164924 461504 404105 430262 174866 260094 583552 510451 628753 136308 549008 441426 
268985 581936 128655 263167 649139 571349 221964 51623.6 431078 599808 598011 626582 165327 502439 307119 
62289.6 593556 438745 572199 937961 705312 253158 362329 597017 887196 605260 903173 475310 758700 84480.8 
623234 565442 297236 206649 260311 382001 618932 360636 272619 554124 580455 612413 270740 584638 641000 
831833 568641 568589 486681 258380 317284 879646 622386 322895 781146 578455 844533 546247 846009 836496 
486385 495743 192044 166811 396590 370601 497800 240217 231502 580266 511963 630530 178017 567493 504505 
409293 909775 442475 547877 951154 935868 164596 391950 797458 665019 924468 654911 467954 494171 457578 
231366 581138 168882 303424 687898 587763 194743 91782.4 450281 632162 596880 656512 205548 527303 271450 
880191 672780 573094 469608 152506 425672 895056 636523 406498 706468 683652 771110 545212 791728 890890 
390601 855862 352854 453895 856519 862175 132008 308650 721223 586310 871186 582145 376443 422995 440822 
637097 265047 525235 516408 518036 20000 766752 543401 128016 912080 274658 967773 521989 918055 626101 
15132.7 525656 396182 526503 878923 632367 272360 322399 524995 865833 537919 886770 432029 749011 38600.5 
309162 564925 85287.7 216816 597104 534283 272254 26925.8 391829 577062 581310 608514 121000 494272 343144 
907534 597124 658748 578441 318427 344646 966843 710695 383663 863153 604829 927159 637133 934482 909079 
968868 706181 679007 579418 242621 453028 998640 739844 467386 808247 715003 873186 652384 900269 975871 
364825 827256 331050 436702 840765 835235 107564 283656 694707 590488 842570 589428 356142 431779 415124 
1.03871e+06 776882 738905 633235 265345 523646 1.06083e+06 802219 540434 830506 785337 895511 710776 934368 1.04669e+06 
626281 461546 370374 314057 312260 257031 672602 417481 168680 682015 475386 740088 353140 706803 634190 
719084 944439 359184 289928 523958 818284 541133 415018 685441 141792 960976 178191 334368 146014 761804 
749989 538358 476064 395818 236799 299528 788409 530632 265000 710440 550156 772540 453700 763897 757539 
673947 267854 569140 558252 538198 30463.1 809190 587296 172012 950306 275138 1.00673e+06 565601 959763 661037 
643245 607379 297733 191416 239520 423713 622097 366259 315000 515190 622472 574374 267739 553174 663675 
274554 379791 246903 337722 627689 393783 388310 214462 267755 743404 395949 781421 270000 677804 281007 
888167 921818 495525 362795 252004 723160 785000 572205 628068 328897 936728 393103 458955 463519 919313 
860584 516550 645757 581392 380033 266627 941188 690143 327466 900296 523436 963077 628287 956525 858063 
565289 888743 281391 294679 649075 814472 356849 303819 671512 315025 905320 320515 276101 175026 612213 
633091 509868 345272 273437 275016 311006 658062 399892 215260 629435 524137 688077 323858 659413 645143 
467575 689888 88005.7 105119 507720 603842 354216 149907 461069 412113 706531 447303 68600.3 349468 505542 
606172 178314 758305 819830 945214 421153 842502 729924 472798 1.23901e+06 164806 1.2837e+06 775542 1.19132e+06 565279 
397819 157089 462088 524976 706576 276603 589574 438719 232948 943435 172696 987146 478602 895014 374498 
232086 381844 272399 373786 673684 423321 369542 228320 304429 771962 397417 807402 299172 697259 235816 
517943 146240 494162 523489 623866 143736 682026 491273 148486 939443 160751 989400 501283 916708 500090 
669191 773325 275307 146659 331127 618108 566472 351370 494629 314127 789383 371732 239075 357202 702345 
895958 1.0751e+06 522396 426513 518869 917951 721001 585431 797563 72138.8 1.09129e+06 127047 492830 250912 937401 
701076 433748 482296 430005 344885 191314 774225 523926 179769 786253 444891 846093 467149 820187 702086 
412826 718546 123004 203973 607415 664808 261354 129619 520463 446515 735035 469158 134629 342761 456232 
491444 914560 351889 421996 809255 889005 240470 332357 745033 477803 930532 468471 365099 308041 541646 
445253 116846 582241 651713 823643 345203 669747 551376 344089 1.06932e+06 122319 1.1118e+06 601207 1.01487e+06 409821 
604745 95671.3 702636 751260 850540 321834 823787 683141 385099 1.17005e+06 79246.5 1.21754e+06 716126 1.13409e+06 569495 
93914.9 600670 480114 613241 975562 726034 288647 403903 622961 928942 611529 944399 516624 799051 94873.6 
469200 376861 279646 285897 452691 262606 541917 302233 118533 700643 392908 750875 277505 683852 475395 
541831 587391 185262 96005.2 348042 446455 509559 254238 314302 491601 603511 544008 156208 493000 566198 
774661 884227 381608 259615 343118 716805 649166 455317 600404 232398 900102 296138 346554 330409 810030 
276827 437385 188987 288792 607534 431282 348080 155193 296378 687554 453679 724200 214227 618528 293575 
397454 629299 22203.6 139205 539607 564309 312847 78102.5 420006 485968 645906 519650 43931.8 413865 433761 
814840 1.02657e+06 452071 371286 537886 886612 632256 510064 758854 48270.1 1.04299e+06 102181 425470 167836 857621 
801649 693397 457220 339713 82734.5 469265 781712 527444 402405 560903 706697 625160 425466 643050 819663 
175824 416059 500633 618173 922607 578433 433872 436468 502252 992889 425171 1.02e+06 533098 890851 127236 
224207 762623 511812 644854 1.03683e+06 862897 220009 436492 745667 890242 774466 894043 547475 738182 253712 
445307 211568 405617 444173 594138 198588 594401 400485 121017 862840 227969 910606 414654 831820 433383 
577848 657222 194743 65115.3 340074 513417 513744 270958 383595 421868 673380 475052 159211 431456 606598 
864418 610689 587776 498263 231931 359234 903109 644810 362250 771767 620492 835811 563541 845253 870587 
683079 263591 584584 574659 551740 43289.7 821955 601851 187067 966820 269980 1.02327e+06 581392 976199 669149 
547442 496423 255002 202388 341053 338576 565022 307059 211400 595214 512001 649573 236544 601778 562740 
782665 927217 395092 285365 404105 769110 637823 464763 648298 171231 943318 234438 362250 274607 820685 
686283 581726 366542 270385 205704 374413 688320 429923 287467 584217 595802 645174 339506 631970 701804 
613601 618622 255055 143590 275427 450454 579532 326166 331634 482296 634200 539607 223486 510286 636793 
87800.9 603327 348726 483224 860933 679425 171143 271627 558364 789212 616780 805432 385395 662010 138058 
776091 439318 579429 528046 393315 186424 865384 618470 241897 874769 447447 935776 565099 915710 772580 
585512 347144 407707 386807 421770 151238 676362 436378 62968.2 780834 360627 836317 400180 788113 584624 
578911 147054 723849 785215 914755 394468 812252 696003 440560 1.20438e+06 134618 1.24904e+06 740957 1.15687e+06 539182 
721550 884604 336216 233893 419237 738756 576386 404401 612288 193352 900894 249776 304424 250799 760085 
801843 695020 456711 338851 82036.6 471170 781179 527077 403887 558789 708342 623059 424867 641207 819986 
237548 734697 338210 465619 867113 777088 26570.7 269453 643865 696419 749123 702846 371442 549859 287340 
838150 950007 446467 327029 367110 776987 702422 518955 664139 200721 965785 265680 411990 333170 874508 
991848 719058 704637 605358 264484 465842 1.02394e+06 765154 486425 831039 727430 896020 678146 924911 998211 
430029 889208 368456 460744 859726 887982 171593 330946 745946 562859 904684 555231 389134 395000 480277 
802312 504016 570349 503322 324563 251098 870527 617159 277218 826378 513097 888662 551874 879050 803059 
653682 711998 267217 132966 284398 547771 579839 344154 428057 385949 727802 444389 230868 427095 682690 
777598 414513 599984 555397 432171 164770 878080 635232 243403 909651 421628 970216 587553 946611 771570 
597787 902233 293615 288626 625224 817103 394930 324655 675404 276181 918856 284079 283494 145866 643988 
580822 192419 751013 818160 959604 442019 821390 719124 483401 1.23664e+06 181025 1.2799e+06 769801 1.1836e+06 538581 
919627 820686 556562 428049 53665.6 589441 877303 630825 531805 545880 833577 610760 522067 660984 940473 
872626 601007 605538 519597 258791 348281 918442 660728 362138 798840 610237 862812 582286 870786 877274 
519312 76118.3 638461 698138 836316 328877 741838 612990 358670 1.11734e+06 71309.2 1.16221e+06 654847 1.07141e+06 483696 
807530 1.10305e+06 498578 459244 697545 993847 587149 537034 857401 161524 1.11969e+06 119000 482084 68007.4 854743 
749083 609703 431741 330946 159477 385019 754000 495682 320456 613373 622830 676172 404011 676125 763163 
399045 618935 10295.6 132518 530239 551552 322531 80504.7 407276 490832 635554 525818 34885.5 422834 434235 
202832 379289 501193 614108 905590 546350 457867 440596 475405 997296 388280 1.02653e+06 532354 901080 156678 
262246 802309 512447 643162 1.04072e+06 892216 202529 439323 770752 866002 814602 866594 547132 708876 296331 
481449 562304 132575 93600.2 408065 446972 453982 196431 307148 512182 578744 560040 109786 491769 506583 
280179 764940 330220 452018 856305 795063 21470.9 267406 658830 659682 779713 663833 361248 509245 330262 
774247 405247 602193 559859 442330 156605 877789 636255 240776 916911 412167 977272 590371 952229 767566 
810423 489115 592295 530074 356483 236028 887658 636431 279609 858644 497363 920758 575175 909182 809151 
481918 916380 363233 438717 828807 897201 227548 339094 753558 500899 932228 490857 378292 330256 532226 
393326 789548 236592 328818 730691 766316 174413 208060 622823 496381 805581 503441 255979 353289 442233 
692916 549168 394757 309076 222895 332339 712141 453398 257816 632918 562658 693860 370475 678918 705071 
1.0182e+06 783108 706102 596041 217589 530543 1.02955e+06 771625 533667 781083 792460 846060 676755 887446 1.02842e+06 
457666 282526 351967 376651 525235 204570 574739 358357 77103.8 793640 298613 842864 356396 770177 453785 
301219 779647 327371 445732 850706 803754 42520.6 268076 666219 641225 794580 644240 357090 488922 351400 
645187 237118 555814 552552 556334 20808.7 786637 570088 158319 950960 245165 1.00625e+06 554280 954149 631136 
182428 491065 222596 348144 700630 523378 260302 156263 394463 712961 506427 741627 256827 618613 209239 
557584 103484 555486 584671 666623 151463 734442 550907 201814 999826 114543 1.05026e+06 562939 978412 535441 
248129 546444 146086 277626 651646 543902 239927 74632.4 405641 630765 562441 659280 182011 537663 282597 
222272 509816 178466 305000 664850 520724 258383 113177 386122 669928 525632 699552 212850 579211 252000 
762483 659776 422574 309231 122483 441163 747086 491506 367180 559529 673385 622969 391740 630906 780142 
288293 826823 500330 628208 1.02938e+06 905230 180272 429829 779827 832471 839622 830824 533904 672093 326613 
789208 1.04511e+06 450608 392623 609450 922627 588031 498968 789311 93776.3 1.06169e+06 90138.8 429219 87983 834334 
679935 659118 317945 196987 211116 471501 641580 390674 366296 475543 674166 536367 284872 527009 702761 
608357 467360 345162 289209 314636 273029 649009 393192 172722 661971 481666 719389 327686 683345 617768 
228537 499223 177341 301239 656403 508112 271017 115935 373484 671801 515109 702468 210829 584155 256281 
798799 945038 412132 303295 412488 785828 650856 481300 665661 158319 961126 222410 379526 272753 837131 
547431 606976 180693 78771.8 348920 466958 505128 252620 334858 471203 623138 523455 149201 473004 573331 
165218 453874 261885 382425 719420 504230 292062 199602 382188 756245 468855 785980 294681 664269 182148 
475237 874371 300880 368285 756804 840372 237143 286754 696162 449525 890516 446878 312618 289365 524825 
879218 607000 611128 524416 258368 354171 924418 666611 368816 800890 616159 864950 587694 874058 883926 
449319 917876 400985 492020 889756 919816 190591 363233 777983 577956 933246 566951 421436 406185 499325 
164049 532752 230002 361602 728957 568898 215455 156160 439191 706202 547872 731198 266068 601726 199912 
459510 206553 415415 450405 589869 184440 608153 412069 113358 868491 222749 916897 423520 840093 447303 
641798 471858 381811 321100 299548 261633 686166 430401 180488 682298 485462 741000 363600 711073 649820 
790626 1.02635e+06 439606 371400 571626 896663 598927 492666 765405 72006.9 1.04288e+06 96208.1 415752 121754 834631 
566943 930875 331368 362353 722503 871581 336162 339450 727671 356091 947318 349036 332181 190163 615764 
699235 561948 394975 305500 211149 345307 713925 455126 270224 622676 575481 683898 369770 671193 712166 
154434 514510 241671 371389 732169 556537 232019 169859 429061 722853 529515 748740 277218 620532 186775 
357337 182858 477528 553912 761273 338681 568096 444365 292959 968930 195740 1.00969e+06 498046 909376 328586 
800690 853719 407953 275356 256533 668049 700264 484653 562724 312640 869058 377429 371383 417867 832118 
521433 422096 286100 263150 391564 272303 573415 322940 138452 666937 437612 720057 276065 664808 530533 
421855 121264 540445 608922 786020 321846 638045 511132 307651 1.02662e+06 131735 1.06928e+06 558965 973275 389724 
403252 846029 319583 414401 815354 839922 150881 282294 697602 544063 861664 541887 340781 383888 453547 
605023 99729.6 611899 638346 699232 167487 788649 607645 248918 1.05183e+06 102786 1.1031e+06 618864 1.03361e+06 580298 
183098 359806 377902 486400 781402 468702 396073 323056 374200 876926 372979 909176 407462 790712 163083 
433042 140007 587282 661003 842476 368787 662625 553470 363593 1.07744e+06 144461 1.11888e+06 607474 1.01914e+06 395922 
313500 435652 176819 263154 571262 409196 373712 158619 270601 669810 452170 708937 197084 609734 329844 
560394 547284 233260 158003 321753 390448 553420 294885 264140 542561 563011 597248 208856 552986 579938 
439028 638815 45705.6 95257.5 497884 555835 354904 120416 412438 457630 655459 495262 17492.9 400525 473955 
338024 874540 518055 641698 1.04564e+06 945053 193507 451170 816745 818724 887613 813104 550073 653007 377816 
615208 242528 516382 514009 534551 29154.8 750169 531241 118870 914567 252786 969332 514841 915496 603248 
533008 688070 139000 36138.6 422909 571462 438731 214756 433757 388542 704592 433866 103238 365667 567081 
572441 33015.1 638003 681435 778967 254951 778165 622839 311853 1.09962e+06 20615.5 1.14792e+06 649822 1.06774e+06 541622 
788651 798672 403268 268794 190158 603232 712178 480254 505079 385083 813606 449609 366838 479771 816437 
224589 514437 174771 302026 663742 523886 255361 108674 388820 665466 530272 694914 209380 574326 255031 
596494 327099 434166 416083 440614 121803 696735 460297 62801.3 810172 339949 865774 427674 817487 593230 
810151 446052 623465 573056 423605 198040 906426 661245 275536 917066 452691 978428 609594 960171 804707 
71589.1 498080 443939 571224 909882 627352 330203 372447 530504 921169 509141 943471 479025 807243 21260.3 
577782 767441 192772 115395 450708 650281 448108 260050 513565 312508 783992 355148 162825 287253 615845 
406553 901920 428077 532565 935644 924577 157334 378636 785663 650692 916730 641312 453194 480651 455320 
358905 781221 257597 361581 765870 772997 128996 215928 630841 542006 796972 547837 281555 395774 408590 
378054 264015 617972 711101 937615 489679 628816 570362 466470 1.11717e+06 266655 1.15302e+06 643758 1.03969e+06 332794 
627873 895288 291606 258822 570138 793757 441001 335847 654634 232998 911928 252676 274235 144903 672217 
195451 356090 354133 460179 753475 450344 392421 302055 350956 853728 370001 887032 382859 771021 181571 
414229 344170 277483 311516 513408 275748 507568 284028 136312 730655 360680 777715 283383 699331 417690 
560547 50990.2 594577 631805 723243 203002 753033 584145 256550 1.04889e+06 59135.4 1.09816e+06 604477 1.02171e+06 533846 
848807 1.08379e+06 499434 428286 599751 949013 652051 552461 819733 38833 1.10028e+06 38587.6 475282 148327 893197 
183175 359202 425906 535986 828334 493806 418808 368680 409585 924105 370871 955272 456084 834132 150685 
766152 1.05102e+06 447786 406444 654499 941123 553610 488636 804599 148223 1.06765e+06 127252 430406 33955.9 812632 
674855 821659 283989 173046 388799 677184 547220 355726 549627 255766 837936 310421 250298 291440 711463 
528878 593283 166292 78409.2 364968 459597 490800 236580 325098 482892 609528 533931 136499 478257 554513 
792885 761638 418632 287433 134239 555688 736517 494271 466927 447581 776073 512070 383283 538212 817328 
250380 593334 153444 288045 676390 592332 195727 76550.6 453300 612491 609211 636833 189974 508035 290931 
698387 882683 318693 227728 449055 746011 545642 383648 616105 191732 899095 242211 288901 223164 738109 
881471 591487 624427 542148 287141 338250 934583 677692 363639 827092 600083 890983 602189 897406 884541 
797539 723105 438772 314414 90785.5 506724 761804 511752 429424 511649 736940 576030 405251 597597 818401 
525800 248204 425400 436314 524538 125877 653184 436018 46529.6 847217 262652 899177 426786 835229 517487 
805918 694873 462088 344703 79309.5 469737 786591 532227 404308 564483 708105 628797 430377 647427 823775 
363676 490315 119101 192769 519024 431000 377816 129838 287174 601758 506952 642503 132136 549482 386157 
884602 569858 643546 567536 327739 317352 948736 693612 358491 863760 577603 927386 623010 930005 885353 
276669 760048 325995 448261 852397 789968 17804.5 262800 653759 658930 774835 663578 357192 509384 326810 
617934 152555 586315 601706 641903 108171 785290 589186 205244 1.01061e+06 158676 1.06349e+06 590086 1.00058e+06 597526 
550616 652746 164344 33970.6 371397 520385 482374 240973 386493 422271 669072 472699 128445 418708 580539 
574534 192676 509245 521081 577222 76275.8 723333 516257 124619 929998 204247 982742 511575 920411 559732 
560089 266648 441838 442285 501512 101020 681208 457683 44643 847602 280029 901120 440477 843243 552580 
713358 845539 321455 205105 369359 691755 586287 394069 568318 241050 861675 299977 287124 302050 749499 
595403 562254 265224 177902 286840 391152 587037 328866 273123 541201 577644 597967 238925 563131 614448 
877525 997016 487755 371389 398663 822893 733221 558920 710938 179324 1.01279e+06 242553 453927 331904 914858 
138463 401628 391297 507551 819049 517734 368490 329621 421982 886377 414082 915534 423193 791006 114390 
105816 624220 352755 487382 869444 698011 153675 275683 575590 783445 637706 798076 389329 652770 155596 
147078 665812 509365 643854 1.01768e+06 788105 275617 432261 681622 936090 676642 947144 546033 797051 158761 
642483 571318 317506 224243 242324 380402 639414 381147 277189 560471 586076 619681 290663 596662 659676 
311771 809672 373955 492176 897225 843304 65192 313683 707210 674190 824260 673784 403759 516109 360943 
207531 390530 517795 631820 924818 562878 464762 456163 493822 1.01296e+06 398945 1.04153e+06 549299 914764 159531 
218234 331097 366995 468284 749533 430215 417096 318453 335626 866762 345001 901388 394342 788003 201229 
573694 322220 414000 400676 446754 134833 673736 438462 42047.6 799346 335769 854104 408589 802330 570938 
460092 547878 121672 108208 427548 441475 438853 180314 299827 527502 564387 574008 104235 500637 484836 
408902 162690 448529 506056 679930 254153 591001 429242 205879 925108 179011 969836 463402 880839 388356 
564358 191659 500165 513654 576800 84646.3 712952 506504 118562 923591 203843 976009 502892 912518 549794 
650250 668901 277218 150748 254466 495913 598687 351967 380686 440291 684425 499349 242745 481503 675743 
512016 309944 366973 370303 474934 175285 614554 384783 31000 780226 325066 832328 365568 770248 510119 
789229 662499 456128 344816 106921 435785 780426 523927 373241 589207 675569 653094 425913 665086 805360 
273280 635604 157305 288669 686222 629763 170942 87863.5 489311 586008 651504 607184 191943 473726 317170 
397725 406807 212250 251247 497941 335073 459654 223895 191755 670391 423402 715942 217911 634449 409004 
761726 789940 374066 239437 218220 602200 680712 451167 498001 366629 805150 430488 337500 452734 790514 
537886 138058 690514 756151 901568 391063 772032 660376 423757 1.17478e+06 129387 1.21835e+06 708732 1.12336e+06 498145 
481358 532658 156170 125196 402080 413731 471399 212603 274089 541872 549023 590816 138080 524786 503501 
554748 267798 435993 437224 500896 107042 675173 451638 39217.3 843203 281391 896547 434793 838048 547522 
285524 792394 381241 503627 907838 834741 58523.5 316901 700660 701000 806717 702016 412606 545052 334073 
352966 314127 294635 355647 586223 304923 476170 281455 182258 773325 330728 816723 309006 726502 351710 
779801 405623 609925 567902 448363 158619 884771 643684 246844 924745 412244 985152 598222 960282 772732 
842112 733655 491601 369834 40261.6 505846 815542 563298 443878 557862 746738 622676 458839 651310 860884 
388820 897937 450582 560811 965315 932421 154829 395885 795600 693001 912371 684170 477746 523550 436232 
343083 822857 352354 463916 868884 842383 84599.1 298804 703620 628497 837860 627277 379666 469353 393071 
717449 738306 334858 201358 220511 554583 648951 411477 447135 398080 753595 460336 298786 465692 744752 
849372 1.09719e+06 507579 442404 625218 966935 646746 557822 836230 64884.5 1.11373e+06 30083.2 484864 133180 894464 
128004 480077 493550 618108 944503 630841 385440 423954 544797 975562 489719 998838 527944 863656 77987.2 
589754 51156.6 655305 697316 787921 260094 796340 640706 324261 1.11515e+06 37336.3 1.16381e+06 666791 1.08462e+06 558488 
635525 637860 272619 154842 256550 464182 596591 345059 348983 470958 653318 529462 239942 506827 659155 
298136 837497 516140 643991 1.04519e+06 918686 195888 445588 793940 845810 850146 843465 549714 684416 335073 
494198 113547 638393 705252 861539 363319 723824 608252 382001 1.12357e+06 110941 1.16676e+06 656804 1.0712e+06 456396 
191604 731331 478875 612434 1.00259e+06 827711 197588 403071 709809 868160 743454 874122 514774 719885 224377 
354018 894072 577825 704214 1.10666e+06 981225 254939 508276 857467 888369 906332 882300 610892 722034 387324 
844863 852892 456939 322332 192260 651356 760424 534064 558585 375432 867623 440454 420326 490241 873401 
478418 125240 630096 699668 864089 371727 709663 598306 384210 1.11739e+06 124258 1.1599e+06 649249 1.06259e+06 440192 
677585 1.02507e+06 417825 419634 736699 947710 444389 437937 805522 284542 1.04164e+06 261842 411413 103619 726333 
99729.6 487016 307878 435056 783127 560404 263167 237697 443402 791154 501025 816630 342791 686746 122201 
810519 734308 450708 325504 79906.2 516211 773409 523955 440938 512254 748054 576837 416990 601895 831481 
872002 944456 478026 350291 312260 757431 751642 553153 653496 263388 959817 327649 442163 401430 905884 
939144 693234 644038 543342 211021 440955 964428 705642 445112 774703 702729 839573 617051 864677 947279 
557561 687274 164478 35468.3 390415 559325 470473 241338 424590 387129 703683 436005 127883 379415 590143 
70349.1 608112 393825 528160 902513 700493 200823 316811 584604 833933 620794 849191 430499 704231 115169 
72615.4 611099 427766 561898 933221 715525 228954 350875 603831 868711 623148 883509 464428 737768 105119 
410250 142773 475237 536400 711098 270972 603697 452607 235104 955148 158382 999252 491330 908067 386047 
605648 167672 560261 573391 615702 86093 765940 565088 176409 981698 176003 1.03471e+06 563266 972704 587307 
346898 341023 267711 330627 574783 322523 456711 255633 193280 747591 357628 790547 282237 699626 349464 
603067 417163 375293 334320 355449 217800 665830 415235 124664 715964 431020 772810 362064 732462 607998 
508434 564273 161400 99624.3 378842 435828 483663 226259 299189 511124 580556 561360 136400 501283 532365 
118849 487297 287089 414059 763370 551090 259106 217442 431082 771820 501674 797966 321908 669481 143171 
890225 824314 518348 386988 83773.5 601801 835812 593891 531580 491712 837873 556663 483011 606012 913407 
336216 853029 437507 555569 960684 898338 120830 376294 764157 721583 867148 717011 467398 557359 382845 
873038 709474 543869 430822 83725.7 469222 868203 611649 430420 640850 721360 705681 513455 732449 887539 
470208 640666 76791.9 59093.1 461842 543339 391184 153760 401523 443708 657282 485108 40199.5 401241 503572 
689757 257857 598264 589784 566117 56142.7 832445 614431 200489 982553 263388 1.03894e+06 595538 991375 674793 
87000 595914 340459 474865 851580 670099 173217 263410 548689 784149 609473 801057 377133 658554 137295 
203931 350001 351063 455368 745553 441403 397257 300563 341738 850819 364088 884689 379247 769905 190686 
421427 819128 257721 340918 739124 792023 193763 234940 648198 479126 835201 483017 274192 330080 470636 
948618 733625 634814 525951 163028 483542 958142 700179 473355 730017 743892 795031 605670 828016 959725 
306178 234184 460977 548293 783010 385751 524816 420415 326435 957911 246270 995948 484608 889103 275960 
170417 381257 348036 459123 764094 474292 368897 291815 371797 846476 395032 878191 378262 759044 159101 
451320 111072 585519 653925 822700 341621 675228 555302 342965 1.07179e+06 116250 1.11453e+06 604194 1.01827e+06 416016 
442976 215595 652767 736288 933408 457665 689168 611308 455198 1.14881e+06 214756 1.18755e+06 675920 1.08053e+06 399326 
507442 719862 126270 99040.4 488144 622389 385253 190160 481319 373666 736495 410761 101178 320832 545690 
183096 470346 233240 355269 699121 506558 279716 170558 379680 727176 485675 757006 266391 635964 205205 
849942 948008 457027 334229 347697 769999 719612 530589 660129 222036 963650 286791 421973 357022 885442 
556004 198487 487571 501199 569289 89827.6 701910 494241 106888 911520 211244 963794 490245 899939 542300 
798331 897246 404836 280708 331272 724334 674721 479067 611104 237929 912993 302597 369477 347858 833236 
243298 330044 506317 612243 884773 504417 492675 450977 441775 1.00543e+06 338824 1.03741e+06 535494 917076 200212 
599371 165245 554923 569004 615237 88022.7 759716 559336 172534 977917 174072 1.03075e+06 558162 968052 581111 
793600 664086 461068 349813 104561 436358 785348 528796 375366 592663 677083 656619 430884 669362 809579 
499268 207928 698765 776889 954133 459426 744852 660337 474236 1.19208e+06 202773 1.23234e+06 720506 1.12866e+06 455555 
111866 449361 328878 451249 784653 533892 303416 262945 422868 819259 463087 846775 362428 720069 117000 
420268 503623 129097 156400 462395 414403 423851 167359 270440 574512 520212 619333 125877 538788 442109 
598178 769999 209093 114477 426058 644466 473831 279330 510000 305630 786481 352018 176853 296346 635265 
400136 273649 337831 383960 574008 250874 531084 331634 136125 803278 290271 849306 348323 766170 394690 
632987 301042 494004 477603 474684 65053.8 748217 517178 104403 869125 311873 925370 488480 878902 625545 
172986 704645 401214 534161 927121 779080 124920 326181 654780 792129 717886 800156 436811 647971 217920 
415502 568300 60440.1 115317 483293 486363 376968 119331 342446 519139 584939 560207 54424.3 471296 444595 
379803 181915 437018 501807 693663 282604 566199 413226 225338 919827 197692 963080 453927 870000 358766 
495707 45694.6 582177 637107 773946 276134 705001 560857 295368 1.05643e+06 56718.6 1.10217e+06 597013 1.01454e+06 464724 
297069 755350 288522 407149 812015 771003 55145.3 230209 632295 615647 770560 621807 318198 469233 347351 
489662 374513 297082 295657 440056 246435 563285 322256 103740 707265 390288 758634 293171 695544 495019 
885149 866742 500685 366197 161400 655406 808117 577666 572071 415395 881011 480160 464250 537842 912152 
663774 470239 409884 348368 297674 249570 713098 457867 184459 703674 483256 763053 391760 736355 670398 
584590 933945 329844 350203 701533 866901 359201 344372 723478 327989 950458 322304 327515 164754 632918 
264486 531898 133364 261192 629235 521645 264367 70604.5 382479 626163 548056 656906 167967 539812 296169 
329812 859077 476001 597639 1.00221e+06 918029 152398 411196 786931 771827 872663 767001 507244 607185 373343 
607586 699085 217555 82975.9 335090 551589 527555 294681 423851 381644 715221 436010 180945 400391 638254 
581022 905365 297700 307132 655073 829400 369579 320830 686662 304133 921947 307148 291661 159211 628135 
292104 534619 108812 234019 601958 511077 283048 57801.4 369935 605695 550960 638223 142215 525419 323014 
514669 43185.6 566562 612412 730940 228090 711551 551393 254867 1.03122e+06 59665.7 1.07873e+06 578761 996748 487308 
325564 218112 437704 517706 741033 346469 528887 403150 283064 931002 232009 970918 459077 868945 300561 
623123 517537 328014 254437 276463 324852 642499 384005 222910 612719 532085 670978 305944 640828 636447 
442143 541776 109731 117414 445426 443830 423043 164268 300987 535527 558342 580662 97005.2 502681 467124 
669182 266180 564214 553781 536639 25495.1 804101 582241 167003 946425 273732 1.00274e+06 560772 955327 656418 
668644 549205 363890 277959 233000 342345 682246 423449 255163 610011 563224 670189 339271 651055 682268 
590665 528140 281954 208406 296346 353115 598847 340066 237002 579275 543331 635957 259124 599140 606765 
747019 818204 353836 222002 279973 643441 646310 430401 530754 307782 833842 370860 317328 390283 779001 
716771 1.02461e+06 416915 392852 676036 927855 497998 450521 788509 204313 1.04125e+06 186604 403610 26019.2 764055 
942343 782320 602071 482280 83258.6 539282 926476 672434 505253 644370 793913 709366 569991 752191 958259 
681745 593913 353713 253432 204377 391061 676710 418896 299234 564047 608227 624905 325601 611786 698645 
177792 714088 493742 628033 1.01356e+06 819954 226153 417138 705814 895270 725745 902656 530028 749445 204561 
136473 656113 500881 635293 1.00806e+06 777541 272459 423812 670995 930565 667027 942251 537555 792806 148499 
343284 196787 473055 552536 767626 351882 556328 437824 302220 966274 209380 1.00629e+06 494453 904129 314084 
779593 973476 407414 319188 489744 830909 609893 469222 703803 101607 989849 158028 378926 192284 820926 
795685 651418 470418 362627 116379 420529 794119 536660 365016 613538 664146 677422 441128 688619 810401 
179109 688018 344843 477213 872061 745094 82879.4 270633 616319 738361 702011 748333 380158 598319 228642 
688930 671631 323682 200112 205847 483249 646611 397166 378737 466172 686671 527379 290043 521061 712298 
568243 179869 512235 527219 589490 87321.2 721055 517326 132654 937551 191604 989866 515461 925770 552497 
528787 804851 196644 199008 567819 720537 357655 235053 578260 330492 821484 353828 185408 237002 572340 
860572 858941 473787 339159 180602 653644 778667 550884 564328 389317 873506 454274 437224 507540 888570 
331186 397654 211625 284042 563498 369314 411418 199264 232476 697339 414237 738611 228044 644269 341884 
385105 178922 555277 636002 839631 388573 616844 517285 365268 1.04958e+06 185930 1.08921e+06 577361 985207 347829 
288882 309273 549229 651427 909495 503925 540341 496049 454674 1.04889e+06 316097 1.08195e+06 577437 963351 243971 
805137 1.09783e+06 493852 453282 690476 987714 586121 533026 851456 155666 1.11447e+06 114965 477017 65000 852209 
808356 539727 554658 478351 277189 288647 862293 606078 295298 786553 549607 849392 533704 845370 812023 
519905 912967 329184 382958 760771 871001 279732 322672 726654 419228 929207 412001 336929 252446 569509 
733632 397247 551421 509137 413146 144031 829849 586483 198910 870561 406000 930360 539348 902584 729104 
824450 513710 595046 527414 335179 260492 894894 641752 296816 846245 522162 908833 576521 901444 824477 
176740 708717 403854 536650 930041 783144 124619 328976 658752 792679 721948 800373 439383 647893 221450 
701599 431335 484665 433018 348059 188308 775902 525925 179109 789786 442404 849603 469703 823476 702352 
712321 535238 428544 347570 232476 308172 742694 484435 250060 671038 548034 732356 405686 718883 722003 
763757 396268 594012 553376 443907 146731 868232 627360 230482 913267 403407 973370 582602 946755 756986 
518337 835426 229055 255149 628233 765607 323002 250050 622101 349314 851989 362084 226126 224715 564390 
693939 371345 517754 481751 418868 121050 791912 550442 159226 853347 381182 912080 507141 878463 689560 
434752 207422 405860 448282 605499 209480 587804 398252 133754 867329 223958 914480 416016 833662 422043 
906551 734513 576608 462128 90796.5 491200 901049 644795 459004 657012 746031 722003 545888 754724 920861 
912905 852170 537729 405177 105119 629229 852911 613770 559411 484653 865725 549351 502032 605939 936848 
387072 927052 592871 716688 1.12062e+06 1.00949e+06 268365 525404 883894 883603 939490 874925 625016 714236 421628 
532508 948119 374192 432949 810993 914709 281823 361531 770439 450877 964206 437425 384012 276632 582671 
648198 462127 396340 338024 306858 247008 698178 443353 173531 699412 475432 758236 378893 728512 654954 
923300 676326 631418 532686 212085 424209 951023 692225 427917 772620 685894 837377 604915 859330 931092 
835239 756340 473396 346712 62265.6 535350 795369 547132 463590 513515 769931 578381 439323 610047 856426 
364737 339944 269229 324852 558678 308992 470106 262246 177178 743114 356585 787178 281519 699486 367491 
554398 75286.1 665380 720600 842998 325186 775800 642312 369121 1.13991e+06 63505.9 1.18586e+06 680600 1.09796e+06 518818 
268701 523417 132699 258000 622159 511297 274694 74953.3 372050 628182 539618 659826 166373 544538 299000 
683078 396425 485791 443630 382374 153522 768360 522412 153170 811473 407382 870394 473324 838619 681707 
969708 799476 630987 511262 110639 553982 955416 701208 526015 665986 810711 730896 598960 777278 985114 
535280 632312 153883 37483.3 376873 502872 475601 229393 367766 442432 648658 492310 119269 434954 564214 
518703 660038 126301 12530 416990 543912 438256 203384 405744 415897 676548 461850 89627 393376 551110 
780487 749627 407413 276875 139291 545154 726136 482827 454943 450152 764118 514395 372236 536591 804727 
515861 628905 132378 27730.8 398448 507894 454004 208166 370448 445621 645347 493527 97637.1 429233 545573 
903692 842134 529419 397190 98112.2 619630 845319 605325 549299 485359 855710 550173 493822 604094 927436 
241108 775188 543921 677248 1.06795e+06 883585 253097 468287 769006 922956 786553 926201 579718 769889 265398 
114232 445325 446287 568205 889769 582316 370438 379164 492016 934115 456177 959725 479905 828561 69354.2 
236631 683495 254466 383481 783520 706134 75663.7 185267 569646 642378 698634 655210 288226 509231 286163 
501662 943709 392296 466091 853879 926261 244663 368034 782654 510053 959500 496400 407044 335638 551987 
700746 452674 468670 411238 322002 213776 765600 513086 188743 762655 464247 822750 452090 798912 703535 
374429 898109 485166 601033 1.0062e+06 947402 170488 425207 813606 747553 912014 739138 514370 578540 419237 
336875 474236 135093 220511 545297 429979 365396 129016 287656 626003 490829 665373 153574 568001 358156 
789325 1.02327e+06 437233 368209 567665 893087 598619 490697 761969 72173.4 1.03979e+06 98994.9 413176 124483 833216 
313321 491212 125320 228320 570154 458215 334073 103576 316811 623485 507711 660303 150233 556705 337575 
359089 682807 117201 228650 633553 646003 222036 91482.2 502143 500274 699143 522506 142004 393209 402505 
233540 391561 260450 362724 666748 427011 362163 216391 305500 760066 407236 795405 287404 685248 239767 
336430 569451 59665.7 189169 570246 526095 294245 36235.3 382523 556793 585956 590191 94260.3 480838 369597 
141450 430029 312117 430781 757275 505950 317290 250060 393412 806774 444221 836236 344511 713253 145798 
770561 975722 402890 320383 506519 837673 596272 462615 708917 99085.8 992152 149883 375586 172699 812528 
620014 539303 309855 229009 269453 352230 628129 369330 245459 584072 554124 642228 285792 612569 635541 
207239 464669 215474 334401 675030 489838 292036 157410 360468 712301 480300 743663 247524 625928 228528 
737587 666055 387475 270041 144997 457621 711891 458279 371517 521943 680237 584866 355519 589227 757407 
582344 616242 218037 107541 311482 461775 542365 290022 335774 470763 632143 525780 186078 486585 607126 
759974 752283 381581 249177 173185 555831 697705 457739 458345 421723 767125 485519 345863 503572 785760 
717290 371303 548485 512524 435165 118068 820463 580404 183216 881631 380001 940741 538075 908732 711400 
652141 536773 351080 269466 249050 334522 668097 409353 242266 611494 550974 671007 327365 647835 665595 
435078 159531 449324 498595 655211 222576 608644 435460 178011 917894 176173 964160 461815 879821 416416 
540224 272531 419363 422670 498738 124101 658317 434557 25000 830376 286667 883239 418571 823077 533889 
811001 808013 427225 292961 170317 606980 737361 504099 513662 399501 822724 464349 390899 500564 838108 
271803 760216 333901 456974 860851 793339 15033.3 269713 657761 668865 774902 673318 365427 518904 321795 
355141 488829 119883 199090 527565 434074 371139 125447 290558 606236 505455 646372 135148 551599 377733 
700246 272415 601202 589448 556289 60827.6 839662 619107 204000 979356 277908 1.0362e+06 597599 990826 685964 
899323 1.1404e+06 555023 484876 641050 1.00412e+06 695955 606644 875631 75710 1.15689e+06 20124.6 531377 178138 944356 
645398 208079 578195 581166 593006 57454.3 797662 588411 183731 983043 214704 1.03769e+06 578496 982342 628590 
66490.6 473635 385025 510714 848253 581986 307688 315317 478038 868130 486067 892698 419620 760451 54203.3 
343572 493138 115935 204318 539693 444325 357968 114438 301213 607438 509739 646467 134618 548802 367104 
581936 568205 245204 157003 300466 404610 567818 310103 282285 527360 583810 583222 218289 544812 602286 
764577 954328 390083 300217 476760 811934 598927 452866 684635 120801 970696 176477 361134 199459 805482 
950404 1.19789e+06 611265 542365 686477 1.06062e+06 741062 661497 932730 129356 1.21438e+06 76380.6 588139 218160 996033 
376789 688178 108522 212702 617867 644224 239727 96602.3 500049 482925 704592 506253 129653 379521 419687 
883318 1.03263e+06 500029 393235 456127 867021 723835 567563 750560 124391 1.04863e+06 186011 468113 288846 922736 
731498 441091 517035 463087 352239 191659 808476 558616 204287 812968 451249 873460 501687 851082 731249 
365657 194941 427654 495452 695831 294279 552293 402126 231387 912781 210545 955396 445382 860668 345013 
229314 684054 264620 394118 793673 710634 69079.7 194610 574905 652854 699080 665256 298605 518649 279116 
741529 925286 363720 271398 458808 783441 582223 427968 655732 149807 941650 204394 334073 212229 781769 
435460 904858 392390 486050 885219 908631 176709 352847 767074 582646 920194 573070 413673 412438 485477 
417700 834621 285577 372759 771583 815516 177792 257008 672132 502143 850537 502801 303798 346931 467547 
156029 655007 323543 457280 848093 711376 103247 247776 583167 735865 669108 748762 359507 601868 206306 
934508 647237 665422 575657 279229 394069 979801 721782 420259 835837 655516 900385 641346 916675 938691 
312187 826087 414403 534589 939407 871005 94414 351621 737055 714809 840262 712675 445018 553997 359539 
1.04201e+06 777190 743511 638274 271271 523978 1.06525e+06 806598 542351 836496 785535 901501 715504 940213 1.04975e+06 
17000 550694 409148 540959 898993 658728 261599 334073 550718 871240 562776 890344 445364 749982 49396.4 
305197 303819 564925 665932 919139 505320 557286 512403 460834 1.06467e+06 309840 1.09806e+06 592828 980013 259788 
320056 583929 74545.3 208691 595834 549615 266317 9055.39 406597 559926 600333 590568 111158 475178 355732 
779372 678189 435488 319226 104139 457919 760022 505408 385914 554032 691723 617888 403981 630677 797539 
570088 269765 449160 447236 497974 93086 690595 466032 51351.7 850918 282793 904828 447214 848487 562524 
535068 206197 726257 800621 964498 459436 779695 689977 485115 1.21726e+06 198338 1.25857e+06 747006 1.15732e+06 491554 
629575 801804 242330 146386 424590 671193 497305 311373 538568 272943 818250 321006 210583 275748 667313 
369770 412433 198698 253428 521981 357022 432394 202000 215205 670678 429076 714246 208926 626919 382237 
884021 894576 494223 359918 210278 690380 792830 571319 600083 367764 909222 432325 457551 495961 913316 
132801 661039 486371 620928 996603 776323 252834 409246 667174 912095 672309 923347 523026 773559 151476 
199882 490306 206886 331296 683360 514286 266492 142706 383377 699443 505882 729044 240693 608067 226433 
587246 80230.9 604259 634881 707910 180114 774187 597652 250234 1.04997e+06 84723.1 1.10047e+06 612354 1.02826e+06 561805 
808295 989959 432541 338285 479430 840792 641249 496162 716419 93605.6 1.00624e+06 156349 402940 215845 849123 
784863 773047 405390 272371 160823 572647 720128 481751 478678 419987 787747 484384 369500 510439 810780 
297955 287628 541025 640120 891144 481253 545711 490230 433663 1.04081e+06 294837 1.075e+06 568328 958783 254892 
797023 595814 503698 410946 186400 354401 822000 563238 322621 693485 607425 756873 478315 760290 806649 
591054 275536 466169 459858 493028 76485.3 711029 484823 69180.9 860086 287772 914760 463168 861451 583212 
535696 412724 307313 282110 388000 253663 593165 343634 123907 682561 427956 736416 297136 683687 543272 
296906 277492 528644 626266 875112 466622 541498 479117 417675 1.02835e+06 285365 1.06308e+06 555493 948146 255441 
523520 259422 415117 424590 514821 133004 646574 427019 35468.3 835225 274002 887246 415996 823751 516345 
765852 442289 562944 510119 378609 189066 851062 603013 232899 856458 451004 917416 548151 897332 763364 
592360 774623 205866 120108 439936 652905 463276 274233 517429 302835 791142 347315 174957 286196 630147 
306023 236966 476828 565942 802002 399606 530925 434553 344089 974506 248117 1.01201e+06 501049 903737 273227 
764530 396415 595000 554374 444545 147054 869154 628325 231311 914197 403517 974310 583597 947738 757716 
555302 921380 323396 358134 722359 864288 324766 329730 720259 365016 937804 359168 325208 200823 604140 
449419 888420 345913 429606 824968 875009 195233 316356 731850 519871 904173 513035 363534 353142 499730 
542780 428823 301823 270485 374086 266430 593219 341397 139316 668159 444038 722407 289914 671726 551649 
770328 925172 384762 279029 417929 771421 621928 453230 648594 163866 941353 225559 352626 257800 808920 
840163 654056 528675 425067 135882 412089 850969 592571 379084 672269 665674 736579 500634 752056 852048 
580111 159480 731842 794718 927183 407421 815502 702926 452482 1.21376e+06 147299 1.25807e+06 749392 1.16482e+06 539676 
660110 732885 269981 135518 296562 571106 576779 347109 450362 362243 748768 420620 233335 405000 690490 
416646 376703 248622 278959 493907 298136 492854 260622 155168 698104 393205 745185 252733 667680 423968 
330506 437476 171968 250954 554206 401005 385156 161505 260762 660688 454059 700928 189510 604811 346914 
589388 233283 495117 497419 537226 55036.4 724945 508016 99624.3 901679 244806 955594 494710 898394 577721 
614860 205197 779025 842998 972433 448589 854768 748848 499380 1.26197e+06 191951 1.30608e+06 796990 1.21191e+06 572701 
929449 772907 589122 469596 72732.4 530947 913547 659426 494535 636755 784637 701776 557096 742521 945480 
815001 896239 421005 293343 306235 716746 697975 496258 607524 261031 911804 326006 385105 376733 848807 
235841 683358 255280 384361 784337 706360 75179.8 185981 569944 643361 698488 656171 289069 510154 285394 
425620 482892 153013 174092 456686 390217 441820 187537 246270 593283 499444 639220 149907 561364 444933 
586310 370471 391261 364774 400132 175787 667387 423483 80305.7 756170 384213 811942 382047 765591 587603 
836268 543111 591747 517271 303607 290000 897057 641758 314859 823588 552008 886671 571424 884249 838204 
45705.6 494362 388278 516047 859887 601870 292746 316735 496407 866456 506732 889596 423449 755114 41593.3 
234094 337818 328641 426357 707758 409796 407594 284609 305275 827899 352755 863807 354683 753797 225577 
615000 161623 575785 589502 628602 95707.9 778709 579884 192510 997762 168668 1.05082e+06 579038 988751 595612 
340389 274722 583824 679945 918240 487026 590425 534555 452604 1.08344e+06 279551 1.11842e+06 610381 1.00353e+06 295743 
195898 660464 276002 408377 803628 697121 85000 202193 563969 682288 675233 696053 311281 550703 245734 
541477 937658 352568 402329 775181 894588 297893 347248 750245 414664 953900 403714 359356 243132 591251 
275536 330589 302002 389076 657895 372103 423798 268287 259555 797642 346439 836212 324530 732919 271950 
683937 613209 345782 239353 198655 413663 669902 413304 318529 540560 627709 601561 316180 590339 702439 
516871 612040 141481 48083.3 387580 487419 465430 215133 350629 462404 628427 511400 108977 449704 544945 
623362 582818 286923 189737 258786 402826 610243 352865 291110 532643 597983 590879 258805 563746 642720 
991371 712618 707834 610052 273967 459492 1.02635e+06 767626 483182 840134 720802 905093 681745 932657 997162 
885844 1.03932e+06 503751 398422 465182 874801 724092 570693 757813 116726 1.05534e+06 177725 472144 283637 925560 
87658.4 509460 468364 596121 935013 646354 342644 396366 552254 943388 519954 964855 503591 827238 40804.4 
276279 381703 244035 334571 624977 393732 387831 212132 267030 740382 397887 778470 267002 675088 283177 
279029 288950 513570 613082 868553 470168 523116 462905 415618 1.01336e+06 297532 1.04755e+06 540922 931608 238134 
709262 493352 451958 383146 277195 259141 758004 502001 217830 721249 505475 782039 432334 763634 715287 
710001 568241 405028 314027 202941 348804 724356 465563 277482 625519 581623 687082 379527 676710 722835 
48373.5 588388 403238 536932 905491 687884 225621 326671 575198 851803 600779 868365 439841 724857 90138.8 
184054 478900 227264 350691 698153 512711 272061 163248 384766 720017 494263 749449 260837 627766 208166 
573785 739083 182016 83815.3 422001 616326 460098 254443 480760 336773 755577 382833 148489 322144 609803 
288901 434545 186078 281460 595894 422271 357694 157309 286295 683243 450923 720768 209724 617286 305197 
170658 369412 399651 510819 809030 490389 397544 342067 399546 897611 381838 928665 430074 807595 144461 
399851 264121 346655 393859 582070 248455 535494 339171 138600 813174 280751 859107 357577 775495 393151 
697915 738891 311824 177451 249353 563072 623026 388784 450362 380195 754422 441367 275436 440315 726482 
507011 66309.9 619720 679035 819528 316172 726645 594819 341211 1.09824e+06 65604.9 1.14315e+06 635940 1.05263e+06 472492 
946305 805150 597291 473858 68680.4 564911 920913 669257 524023 615833 817120 680739 564228 728339 963922 
358666 221382 394816 461069 667147 289620 532094 371722 210950 878545 237489 921393 411851 827800 342546 
587609 420434 355659 316304 357595 230489 646842 395770 125925 701790 434695 758057 342584 715336 593607 
34669.9 554704 365662 498271 862021 645239 226947 290028 530710 825942 567671 845328 402047 705739 84220 
757137 613490 440191 338988 154780 386916 762483 504168 325214 617778 626489 680762 412404 682265 771032 
390633 190339 421029 480427 665733 262360 566149 401542 197952 899200 206693 943460 436250 853494 372700 
520578 185607 467611 490168 585000 125936 671077 469720 109179 904435 200002 955209 472632 885931 506377 
794081 468961 583412 525305 368485 215838 875471 625694 261905 861538 477268 923204 567331 908089 792093 
81786.3 549154 314636 447394 814239 619965 206243 239008 499231 777927 563014 798770 351040 661744 125674 
842170 875898 450472 316938 234307 681138 745236 527394 582722 333600 890929 398608 413824 452239 872702 
454591 89453.9 528076 584901 737646 263697 655759 506807 257783 1.00414e+06 104561 1.04931e+06 543206 960563 426907 
479213 72346.4 588031 649003 799288 307174 695816 562666 319662 1.06803e+06 78771.8 1.11249e+06 604603 1.021e+06 446052 
387238 791202 244790 339525 741904 771706 163884 213084 628473 507011 807166 513249 265204 362084 436431 
672726 549007 369168 283302 231054 340384 687346 428553 255282 613932 562939 674248 344616 655843 686088 
766400 428124 574000 525015 399731 175146 857890 611952 231931 875631 436331 936351 560276 914322 762518 
917564 690959 614876 511789 178757 440528 936432 677786 433632 740924 701113 805761 587200 830461 927140 
596524 714183 203194 73164.2 364534 575173 504591 279873 444383 361876 730469 413934 166676 371049 629134 
687812 938019 341576 289360 557510 823559 501121 391245 687507 172244 954627 195359 320414 119151 731749 
332880 408000 201102 274002 558560 375981 406096 190066 237844 686862 424590 728034 217414 633682 345080 
532632 860889 255515 281128 649089 792732 327200 273542 649187 343642 877433 351677 253213 207762 579491 
311878 656811 135059 260722 662602 636812 189908 79812.3 494414 547417 672934 568902 166817 436900 355614 
442651 581420 75213 89844.3 458661 487755 398207 142836 344890 500137 598030 543104 54589.4 460419 471717 
306111 285175 549837 648410 897045 482785 554510 499289 437809 1.04961e+06 291925 1.08393e+06 577013 967910 262619 
241124 602959 168908 303290 693387 607231 178533 92612.1 468882 619267 618709 642001 205234 510346 283351 
455379 175775 639963 717731 901574 419220 695423 602561 422214 1.13289e+06 175026 1.17328e+06 661461 1.07036e+06 414088 
888599 629156 610581 519234 235682 376830 926620 668205 384860 784024 638614 848336 585942 861456 894665 
462813 899569 352206 432416 825698 883580 208655 325038 740193 511297 915367 503224 368722 343001 513121 
454525 120067 488575 538276 684775 224664 639007 473080 205061 957549 136693 1.00394e+06 501451 919444 432083 
276848 676528 196987 323279 725201 677422 127562 133690 537379 588233 692223 604355 229401 463376 324139 
888299 659382 592001 492869 185715 409518 912123 653331 401454 739227 669669 803797 565293 822276 897181 
475282 545206 139542 110802 410562 430813 457283 198708 290496 529235 561638 577222 120304 508552 499001 
86700.6 623416 393205 527774 905707 712647 186938 316078 595189 826523 636202 840688 429857 694508 131575 
633704 237171 541793 539115 549331 16124.5 773243 556109 144361 938468 246051 993542 540334 940666 620305 
258002 795339 471773 600953 1.00075e+06 872139 156237 400216 746776 818002 808273 818746 505831 661230 297946 
817509 936216 426298 308359 371194 767079 681054 498414 651959 196041 952082 261008 392047 318893 854112 
750235 470304 521785 460570 326075 220844 819151 566739 228123 799436 480505 860645 504572 843368 751469 
729747 426423 525095 475026 370540 175582 812611 564610 198910 829174 436250 889409 510813 865078 728237 
398919 759021 186904 275224 677503 723069 208319 169098 579000 469861 775281 483266 203902 341353 445920 
376522 169145 464797 534229 729154 304821 576174 436858 258519 951362 183698 993697 483228 897700 351161 
320315 353476 258211 331690 593811 348208 431700 239082 220384 745604 369965 786811 275902 691202 324045 
602366 291880 466275 455057 477331 80622.6 717206 487583 73375.7 852011 303916 907280 461936 856704 595552 
325248 217332 441942 522473 746043 349584 530506 406871 287543 935558 231019 975344 463493 872990 299541 
