750 15 15
777 335 649 27 763 426 211 429 862 135 22 167 11 373 784 
537 198 324 315 370 413 526 91 980 956 873 862 170 996 281 
0 12 1 2 12 12 3 3 8 11 12 3 1 14 14 6 12 11 11 14 10 7 6 7 2 5 14 6 3 3 10 8 11 5 14 5 14 4 3 10 7 13 9 10 0 8 3 4 8 10 3 12 14 8 7 0 14 2 7 4 2 3 10 10 1 5 4 5 12 12 0 14 8 11 13 3 14 3 5 11 10 12 0 3 13 9 12 6 1 4 4 2 2 13 7 1 7 5 2 2 8 5 9 10 14 11 10 4 11 13 6 7 14 3 7 3 13 13 0 6 5 2 13 2 6 1 12 0 0 7 1 12 14 3 2 11 4 12 4 4 12 11 2 5 9 5 11 12 3 9 11 9 4 8 2 6 1 4 2 0 7 1 2 9 9 11 12 1 11 10 0 3 13 2 7 4 0 13 9 1 10 4 7 7 12 1 11 11 6 5 8 1 6 4 3 12 12 9 2 4 2 10 3 6 1 9 3 7 2 14 6 9 14 5 5 2 7 8 0 3 8 8 11 0 9 10 0 14 7 12 10 5 6 1 5 2 3 10 0 14 12 0 4 6 4 3 13 12 6 12 9 13 2 11 9 13 3 11 11 4 0 3 3 7 7 2 0 4 3 11 5 11 1 7 12 6 7 4 3 2 12 6 12 1 0 1 12 4 11 8 12 10 5 8 3 12 14 9 9 10 0 7 12 1 11 8 6 13 8 12 9 5 7 11 4 14 14 7 12 2 9 6 5 2 14 5 10 12 14 8 5 12 7 0 2 1 4 4 6 9 12 0 1 0 2 8 5 11 13 13 0 5 5 4 4 4 1 14 9 0 2 14 1 2 8 7 7 12 6 14 10 5 13 4 11 10 4 13 8 5 8 10 9 3 4 6 14 0 7 14 14 10 14 6 3 12 9 9 9 8 5 9 5 3 2 12 5 1 13 11 8 3 0 7 4 11 11 2 1 6 8 14 11 5 4 2 4 11 10 2 12 12 14 6 14 11 2 5 8 2 11 0 1 14 1 12 11 1 1 4 7 12 10 11 13 13 12 0 3 14 14 14 4 14 4 11 9 7 11 13 9 1 12 13 10 6 3 5 7 0 13 13 6 9 3 8 7 4 9 14 13 10 5 2 14 9 5 11 12 4 1 3 12 10 9 13 5 10 3 14 13 13 12 0 1 11 0 11 12 11 14 13 10 2 13 5 9 0 4 3 2 8 11 0 8 7 9 12 10 7 8 5 11 14 7 7 8 12 13 2 10 8 9 1 7 4 5 2 3 5 5 10 7 7 3 2 13 6 8 8 3 4 7 2 9 7 3 3 14 10 8 5 7 2 5 8 10 13 13 4 7 13 7 6 1 3 6 7 12 0 7 1 14 3 13 2 14 8 1 0 14 8 7 3 14 7 4 9 4 9 0 12 6 5 7 14 13 3 7 4 12 14 12 4 10 12 4 1 10 12 6 14 6 11 10 11 4 2 7 14 11 12 6 7 12 14 10 6 5 7 1 14 0 0 5 1 9 1 10 7 4 0 9 12 14 3 11 14 6 9 14 10 1 7 14 3 4 10 7 5 5 7 13 5 8 11 0 7 10 12 4 6 2 2 1 0 9 0 4 12 10 12 6 9 13 1 14 4 10 3 2 3 0 12 0 8 3 6 11 5 0 0 12 0 4 10 2 6 13 6 4 10 13 5 9 9 4 10 13 11 
96.7971 70.9071 67.6007 57.5587 23.6326 45.6001 99.6049 73.725 46.8364 80.218 71.8011 86.713 64.9159 89.4826 97.5316 
38.3888 64.6672 5.16624 16.6355 56.9414 59.1037 28.3297 6.97711 44.67 48.7045 66.3218 51.7088 7.51665 40.3252 42.2636 
66.9362 51.4778 38.6898 31.1873 25.6977 30.0563 69.9413 44.1403 22.3379 65.4028 52.8319 71.3987 36.5164 69.2116 67.9779 
25.9156 79.7549 48.068 61.0162 100.958 87.7057 16.6087 40.8803 75.2455 82.8001 81.0354 82.8633 51.4861 67.1029 29.7968 
17.7279 37.0595 35.9117 46.87 76.8798 46.9294 38.1068 30.3872 36.9899 85.7959 38.4187 89.0053 38.8932 77.1514 16.2484 
52.4485 64.4517 13.6704 1.31529 39.8197 52.2532 45.5003 21.346 38.5565 43.0035 66.0961 47.7913 10.0722 41.4595 55.5152 
87.9255 72.5025 54.4537 42.8796 6.62118 48.5989 86.9071 61.3453 44.4154 62.7319 73.7066 69.2234 51.343 72.21 89.4687 
71.604 88.6874 33.271 23.4267 43.0763 74.4005 56.7609 39.9731 61.6393 18.9024 90.3208 24.3731 30.1617 23.9493 75.5054 
52.3154 51.1528 21.7083 16.8077 35.9961 36.842 52.9748 27.1205 23.523 57.0453 52.7471 62.3083 19.8217 56.9245 54.1133 
61.2217 42.5625 37.9569 33.5049 34.5971 22.2407 67.2527 42.0975 13.3959 71.3011 43.9356 77.027 36.5472 73.2014 61.7486 
38.5265 86.2968 37.4342 47.8453 88.181 87.6614 12.7059 32.6719 73.6614 61.225 87.8087 60.7003 39.911 44.7362 43.5167 
94.3722 80.0585 59.5826 47.2889 6.7897 56.0137 91.96 66.7582 51.9782 61.845 81.2527 68.3381 56.2896 72.9999 96.1131 
81.7602 77.2555 44.5426 31.4721 10.9731 56.0817 76.3911 52.082 47.8029 46.3787 78.671 52.8592 41.0235 56.0501 84.1338 
51.923 25.3237 41.6371 42.7949 52.1676 13.4391 64.4736 42.7011 4.20595 83.94 26.7918 89.1162 41.7852 82.6614 51.1544 
41.903 62.8208 2.62488 11.3464 51.3622 55.2841 33.8817 10.0499 40.8883 47.4368 64.4846 51.069 1.86011 41.1752 45.4041 
28.6447 82.523 50.1618 62.9743 103.068 90.4591 18.2157 43.089 77.9493 83.5405 83.7988 83.3912 53.5287 67.5244 32.4446 
25.8141 44.5881 19.1927 29.8565 62.5182 44.8219 33.0841 15.0336 31.4617 69.1655 46.2027 72.6805 21.9584 61.7599 27.6279 
61.1523 80.0103 22.8405 14.5341 44.7395 67.6923 47.3896 29.4717 54.2089 27.7584 81.662 32.1823 19.8595 26.3973 65.017 
6.16847 47.9437 37.7033 50.3397 84.3586 58.3824 29.8332 30.6811 47.8023 85.9027 49.205 88.3349 41.1807 75.0798 5.75847 
27.388 50.2113 13.9617 25.8027 61.165 48.8431 29.6096 9.20869 34.9521 63.8549 51.8376 67.1935 17.0792 56.0093 30.088 
92.2356 78.4372 57.4604 45.2134 4.80104 54.5793 89.8484 64.6233 50.1807 60.7068 79.6518 67.2075 54.1776 71.4964 93.9898 
30.8255 81.8296 40.1699 52.1783 92.6603 86.0582 8.27647 33.9201 72.6158 70.448 83.2577 70.3082 43.2251 54.4783 35.6202 
34.1457 25.4275 36.14 43.0029 65.0173 30.2592 50.3724 33.825 20.8543 84.6681 27.049 88.8982 37.8857 79.4411 32.9569 
18.643 35.3657 40.6518 51.5123 80.6435 47.8265 41.2826 35.0887 39.0514 90.5349 36.6005 93.7257 43.6206 81.7774 15.9013 
30.1496 59.891 9.96243 23.4094 62.5538 57.4843 23.5077 2.42074 43.264 56.768 61.5168 59.5243 13.6015 47.3466 33.9872 
21.7113 61.8855 20.7077 34.0978 73.2688 63.6277 14.4101 13.1529 49.9985 64.2608 63.4263 66.2193 24.3101 52.5178 26.2528 
43.1561 39.3581 24.0707 26.2231 47.3621 30.2238 49.7562 25.8954 15.8013 68.0825 41.0001 72.8723 24.1961 65.4313 44.0556 
35.3624 18.6507 48.2996 56.1079 77.1145 34.8076 56.767 44.8486 30.3152 97.5461 19.8842 101.581 50.4034 91.4385 32.3761 
71.5508 103.747 42.8921 41.2393 70.3393 94.6335 49.0474 45.8268 80.6083 22.809 105.41 20.4749 41.7698 4.70106 76.3417 
36.7241 22.1208 39.168 45.4948 65.6247 27.9551 53.6411 37.0815 19.9251 87.3 23.7508 91.6415 40.7806 82.4471 35.2115 
25.0711 76.6006 38.5467 51.2191 91.4248 81.8086 6.42573 31.6863 68.6619 72.9464 78.0023 73.2673 41.8493 57.7008 29.8518 
68.272 62.3308 33.887 22.9124 19.9449 42.6484 66.3323 40.7657 32.8818 52.6031 63.7942 58.7006 30.8457 57.6222 70.22 
7.64788 48.1331 43.3896 55.9804 89.4519 60.8922 33.4763 36.36 51.2291 91.4822 49.259 93.8271 46.8603 80.3831 3.00666 
39.802 61.6702 0.806226 13.2816 52.987 54.9466 32.3037 7.97621 40.5183 49.2724 63.3321 52.7828 3.49285 42.5029 43.3042 
16.14 68.8675 38.3099 51.642 90.8277 76.0135 11.9 30.7695 63.5324 78.109 70.2084 79.0496 41.8868 63.9641 20.8166 
43.0228 77.9187 19.3166 26.6511 66.4447 73.4091 23.6932 18.7387 58.9764 43.8622 79.555 45.1648 20.4783 31.0229 47.7017 
85.1942 68.5829 52.7549 41.7484 9.84937 44.643 85.1474 59.4193 40.6399 64.3529 69.7789 70.8139 49.786 72.9595 86.5837 
60.4745 9.56713 70.2636 75.126 85.054 32.1834 82.3787 68.3141 38.5099 117.005 7.92465 121.754 71.6126 113.409 56.9495 
66.7791 70.72 28.5044 15.2069 26.0432 53.5905 60.0701 36.1565 42.0107 40.1278 72.282 46.0926 24.9088 44.9004 69.5531 
47.8619 15.3574 64.8741 72.2025 89.3135 40.1628 71.552 61.42 41.3237 113.88 15.1182 118.038 66.8996 108.043 43.833 
47.9401 50.9148 17.3925 15.0083 40.2747 38.8888 48.2744 22.4475 24.9018 56.576 52.5461 61.5202 15.9138 54.9859 49.9223 
49.1024 74.7393 13.9807 15.2778 54.1599 66.4447 34.4746 18.5065 52.1707 37.243 76.4029 40.1663 12.7769 29.3212 53.241 
26.3492 79.6656 45.1864 57.9669 98.0899 86.5534 13.2231 38.1694 73.7906 79.1003 80.9938 79.1511 48.5374 63.3942 30.6139 
73.9268 104.601 43.8719 41.1447 68.4547 94.6794 51.9086 47.3097 80.7996 19.4258 106.265 17.0485 42.4802 1.52643 78.6631 
41.5601 12.4535 52.1464 58.849 76.5957 30.8177 62.639 49.3585 28.821 100.643 13.6938 104.939 53.9485 95.4422 38.5467 
90.7317 109.887 53.8897 44.7756 54.9102 94.495 72.558 59.9801 82.3214 5.94643 111.511 10.2903 51.0416 24.026 94.9604 
18.28 38.6374 31.797 42.7855 73.4854 46.185 35.9234 26.3822 35.2881 81.7017 40.0844 84.9523 34.7701 73.2378 17.9201 
13.6854 47.2952 27.693 40.1603 74.6073 53.1994 27.2342 20.9859 41.1351 76.6039 48.7562 79.3638 31.1045 66.78 15.7544 
32.0039 42.083 19 27.0601 56.7726 39.3573 38.8402 17.4416 25.5562 68.0254 43.7375 72.0256 20.8626 62.3013 33.4153 
52.5419 2.7313 61.2046 66.4248 78.8592 27.8869 73.6579 59.1859 31.2775 108.35 2.96816 112.992 62.6231 104.401 49.3447 
60.0262 48.0942 32.6087 26.7092 31.0006 29.3061 63.3202 37.6303 18.6432 64.0647 49.555 69.7782 30.7561 66.0996 61.1383 
54.5212 20.301 73.2105 80.4967 96.4105 45.6089 78.9066 69.6737 48.5161 122.208 19.4371 126.381 75.2447 116.358 50.1941 
55.0142 36.5941 35.7677 33.9629 41.4403 19.5931 62.9918 38.7342 7.15612 73.9465 38.0552 79.3742 35.028 74.1271 55.2526 
40.152 51.6779 10.4235 15.3395 48.3322 43.7924 39.6602 13.9671 29.3641 56.6845 53.3414 60.9528 10.6104 52.3072 42.563 
41.8961 24.1456 37.1517 41.4656 58.6046 22.6312 56.0601 36.521 12.7456 83.3866 25.8031 88.0633 38.1534 79.9196 40.9928 
75.6897 77.1891 37.2518 23.8296 20.1556 58.1414 68.3592 44.9392 47.9176 38.8726 78.6985 45.2448 33.6204 47.1666 78.451 
45.771 17.8933 43.7412 47.6942 61.7508 19.0371 61.7645 43.0265 13.9058 89.5529 19.529 94.339 44.701 86.437 44.2408 
45.096 49.7363 15.8493 15.8256 43.1195 39.1449 45.9221 20.22 24.891 57.7209 51.3822 62.4725 14.9215 55.2472 47.0814 
54.5286 59.8588 18.2784 8.62844 34.8001 45.8024 50.7332 25.3505 32.596 48 61.473 53.235 15.2306 48.1769 57.0519 
27.7218 59.5494 12.492 25.948 64.936 58.2344 21.5873 4.83322 44.1494 58.8694 61.159 61.4706 16.14 48.9449 31.6533 
73.661 50.1602 48.23 41.1847 27.6847 26.0163 78.8229 53.2376 23.5536 74.2192 51.304 80.3617 46.2465 78.9111 74.1653 
48.259 28.14 36.7935 38.4787 51.2071 18.2165 59.808 37.8001 5.2345 79.9456 29.7061 84.9909 37.0342 78.1369 47.8358 
57.6321 68.9473 18.4545 5.10098 36.787 55.3586 49.3077 26.1633 42.138 38.5924 70.5783 43.7104 14.7872 38.8747 60.8001 
23.7716 31.0103 37.8737 47.6001 74.6853 41.3717 43.7852 33.3054 32.3682 87.8112 32.4002 91.3801 40.4931 80.2591 21.8586 
34.7092 20.3593 51.7042 60.1446 81.9976 39.0717 57.5785 47.7247 35.1864 101.3 21.3019 105.17 54.0049 94.5804 31.1708 
16.2693 59.7724 25.2769 38.7398 77.1511 63.6908 14.8 17.5684 50.5846 69.7402 61.2566 71.6612 28.936 57.8215 20.9022 
43.7659 39.6184 24.1868 26.0048 46.7402 30.054 50.1908 26.1895 15.6205 67.8258 41.2564 72.6521 24.2167 65.338 44.6804 
57.1424 43.0091 33.0847 29.2036 35.7453 25.0799 62.4256 37.2023 13.5912 68.1195 44.4789 73.6824 31.753 69.1755 57.9118 
13.0648 66.9933 45.0564 58.5161 96.6876 77.0506 20.6737 37.3563 65.56 86.7568 68.2001 87.808 48.7082 72.7792 16.3077 
41.4349 86.958 34.9857 44.4438 84.4754 86.8074 15.6984 31.1264 72.611 56.033 88.5084 55.5014 37.1194 39.5506 46.4657 
55.5666 94.2827 35.2278 39.538 76.2997 89.434 31.4884 35.1353 75.0067 39.4707 95.914 38.3631 35.7022 22.3081 60.5239 
33.6024 58.8511 5.84209 19.2634 58.1207 54.7091 27.8289 2.02485 40.3496 54.6649 60.4983 57.8275 9.50368 46.5414 37.1383 
32.3903 86.2981 57.4966 70.4146 110.388 95.8391 25.7624 50.3036 83.7717 90.7491 87.4874 90.4093 60.9076 74.4565 35.4141 
49.994 14.1156 66.0961 73.0906 89.1696 39.2588 73.5063 62.8441 41.2069 114.862 13.6704 119.107 68.0309 109.331 46.0132 
55.8746 13.4648 53.5059 55.9047 63.4679 12.4193 72.5989 53.4158 17.1593 97.2672 14.625 102.381 54.0941 95.4811 53.9268 
20.7077 74.027 52.3536 65.7606 104.459 85.03 24.6483 44.7166 73.7082 91.7154 75.1626 92.2835 55.9697 76.8214 23.0495 
61.7331 18.4708 76.8238 82.8875 95.0598 42.4807 85.3642 74.0303 47.9413 124.812 17.0699 129.304 78.525 120.126 57.639 
48.2104 16.1335 46.185 49.7293 62.1297 17.0742 64.4597 45.6318 14.1439 91.5042 17.7234 96.3756 47.0472 88.7222 46.5473 
29.0765 83.0716 52.2529 65.1438 105.153 91.6273 20.501 45.101 79.296 85.9456 84.3168 85.7798 55.6511 69.9012 32.6075 
62.2509 94.6451 33.8095 33.7717 66.798 86.5427 40.566 36.3573 72.3398 27.5772 96.3052 27.2244 33.0056 11.868 66.9933 
59.22 47.6707 31.9781 26.3372 31.7057 29.2335 62.5895 36.9238 18.2538 64.047 49.1428 69.7227 30.1796 65.8614 60.3339 
95.5327 68.6321 67.1361 57.4674 25.0639 43.3115 98.9615 73.0906 45.0161 81.3983 69.5035 87.8822 64.5484 90.2286 96.1545 
79.9361 63.4253 48.4633 38.1725 13.6953 39.9025 80.7035 54.8715 35.1962 64.2832 64.6574 70.6614 45.6616 71.5749 81.2296 
69.1876 38.2027 50.7347 46.8675 40.425 13.381 78.4985 54.1651 15.7953 83.8285 39.2255 89.7157 49.5956 86.4589 68.8625 
30.9919 75.4987 27.145 38.7569 79.2669 76.3333 7.7 21.6518 62.3491 59.4024 77.0388 60.0913 30.0083 44.9222 36.0001 
67.7632 82.1663 28.6398 17.4152 38.486 67.6018 55.0974 35.8431 54.8923 25.655 83.7922 31.1713 25.2517 29.4613 71.4077 
70.9941 67.2423 34.9567 22.7798 17.9494 47.5896 67.3146 42.2235 37.8155 48.4373 68.7154 54.6452 31.6443 54.5485 73.2069 
61.0816 46.6953 34.8323 29.2171 31.3844 27.128 65.2056 39.6295 17.2409 66.4172 48.1203 72.1688 33.0841 68.6069 62.0059 
14.4475 66.0512 35.2264 48.6215 87.5685 72.6693 11.738 27.6176 60.1041 76.3497 67.4214 77.5441 38.8346 62.7271 19.3794 
33.8479 22.3511 53.1008 61.9487 84.5568 41.7757 57.413 48.8035 37.8942 102.868 23.1664 106.621 55.5237 95.7427 30.0375 
43.1393 18.0069 61.7518 69.7269 88.927 41.6203 67.0773 57.9118 41.1024 111.152 18.1571 115.137 63.9515 104.732 39.0565 
73.2563 60.2764 41.4074 31.4025 16.9664 38.2341 73.631 47.8006 31.1662 60.3858 61.6159 66.6251 38.643 66.3001 74.7086 
25.2771 78.8483 54.5674 67.8473 107.109 89.4043 24.8974 47.0545 77.8165 91.7397 79.9978 91.9614 58.1234 76.2685 27.8686 
85.2416 56.9022 59.7478 51.7731 28.3064 31.6057 90.6448 64.9887 33.5678 81.2316 57.807 87.5825 57.5806 87.8014 85.5585 
50.3086 75.8238 15.1344 15.5756 53.9268 67.2596 35.3566 19.759 53.0212 35.994 77.4878 38.9166 13.7753 28.1812 54.464 
83.9174 76.4137 47.5395 34.78 6.5 54.3647 79.6786 54.9484 47.119 50.7285 77.7769 57.2197 44.1082 60.5615 86.0759 
62.6671 13.3754 61.3022 63.2219 67.4754 13.9786 80.2556 61.3059 23.72 104.251 13.6927 109.499 61.7978 103.012 60.3829 
55.6386 50.0564 26.1859 20.5292 33.2417 33.8565 57.3071 31.4917 21.3715 59.4246 51.6047 64.9111 24.2621 60.3511 57.164 
25.9946 63.4716 17.1677 30.3592 70.0316 63.4924 15.9201 10.0449 49.5368 59.9421 65.0495 61.9776 20.662 48.4737 30.4508 
54.3281 8.17863 55.766 59.2225 68.628 17.5251 72.6364 54.9742 21.6668 100.893 9.42444 105.846 56.6634 98.3358 51.9582 
41.0235 77.3296 19.8595 28.2144 68.2807 73.6174 21.2763 18.312 59.203 46.1885 78.956 47.376 21.4086 33.0044 45.7587 
35.1142 73.7143 19.8116 30.4803 70.982 71.8171 15.9355 15.9615 57.5265 52.1145 75.3154 53.3802 22.2443 38.9606 39.8984 
16.1012 58.2204 24.5153 37.9638 76.0424 62.0455 16.4049 16.8074 48.9612 69.8279 59.7117 71.8925 28.1824 58.2619 20.5412 
107.296 79.2945 77.962 67.5643 30.8935 54.0296 110.069 84.1929 56.7116 87.3275 80.0643 93.8254 75.2001 97.8227 107.961 
72.4407 54.0107 44.1192 35.9201 22.8116 30.9739 75.5499 49.7229 25.7329 67.805 55.2667 73.9687 41.8169 72.833 73.3771 
78.5016 54.1912 52.1023 44.2143 25.3014 29.4959 83.1291 57.4167 28.3283 75.0915 55.2675 81.3548 49.9249 80.8418 79.053 
39.0295 80.2075 25.9046 35.3454 75.545 78.4969 15.9841 22.6318 64.1873 51.2352 81.7984 51.6871 27.9517 36.4005 43.9819 
91.4254 59.3151 67.143 59.3155 33.6341 34.1634 97.7754 72.2267 38.7487 88.0877 60.0421 94.4839 65.0385 95.1303 91.4866 
42.4005 45.2355 18.1397 20.3666 46.1686 36.08 45.8093 20.8734 21.6566 62.2981 46.888 66.9557 18.0499 59.2663 43.9933 
59.2881 6.03075 63.1877 66.7281 74.5966 21.6843 78.9205 62.1786 28.6735 108.361 5.76888 113.342 64.1427 105.839 56.4646 
13.6894 67.3155 46.9503 60.4126 98.4371 77.9811 22.5462 39.2441 66.7027 88.7482 68.4882 89.779 50.6063 74.7204 16.3918 
42.0905 76.8595 18.4532 26.2101 66.178 72.4798 23.1948 17.6853 58.0496 44.6052 78.4949 46.0114 19.7436 31.9889 46.7472 
36.4664 89.5342 50.5693 62.482 102.988 95.4059 18.4491 44.2757 82.2475 78.1683 90.8881 77.3885 53.6078 61.336 40.7344 
71.1923 71.7346 33.4624 20.3416 20.7711 53.0665 65.2645 41.0468 42.5202 42.2976 73.2509 48.5077 29.9189 48.7643 73.78 
52.9914 16.5148 69.9743 76.9666 92.5054 41.8387 76.8752 66.6694 44.6161 118.748 15.7407 122.997 71.9186 113.199 48.8559 
35.5659 87.9128 47.1546 58.9187 99.4342 92.9475 15.3883 41.025 79.6116 74.609 89.302 73.9327 50.1351 57.9031 40.0682 
59.8426 82.7641 23.4019 18.2784 50.4876 71.8229 43.9619 28.9993 58.0246 26.706 84.4252 30.1423 21.0794 21.8888 63.9832 
34.5172 79.5329 29.7229 40.5882 81.066 80.0321 9.62549 24.8568 65.964 58.1086 81.076 58.3837 32.3209 42.8768 39.5455 
48.9287 27.7483 37.5565 39.1042 51.2016 17.4106 60.604 38.6 4.64004 80.5084 29.3002 85.5815 37.768 78.8155 48.4554 
35.7315 60.7376 4.11461 17.5208 56.9723 55.8108 28.507 3.8 41.4001 52.2943 62.3899 55.4707 7.71622 44.303 39.3585 
35.096 86.9014 45.0795 56.7539 97.2716 91.4278 13.6308 39.0544 77.991 72.51 88.3111 71.91 48.0243 55.9014 39.7223 
16.9623 69.4525 51.6501 65.1128 103.017 81.2914 26.5415 43.942 70.4052 93.1561 70.551 94.0597 55.3075 78.8651 18.6078 
62.9308 98.1236 37.5832 38.8001 72.3923 91.0372 39.8058 39.2226 76.7392 30.938 99.7766 29.5061 37.1819 13.4302 67.7997 
13.0138 66.9362 42.1532 55.5989 94.0669 75.9495 17.5775 34.4746 64.1003 83.518 68.1965 84.5786 45.7926 69.5766 17.0156 
77.8023 101.734 42.8627 36.2927 57.2603 89.0025 58.5888 48.091 75.798 8.50235 103.388 10.6668 40.5265 11.3217 82.2134 
91.5242 60.7968 66.2825 58.0682 31.2835 35.5394 97.2169 71.5605 39.27 86.0549 61.5721 92.4689 64.074 93.39 91.7212 
56.7641 40.2548 34.7541 31.6765 37.9012 22.2767 63.2652 38.4034 10.7912 70.9505 41.708 76.4807 33.6595 71.7508 57.2846 
4.67547 51.7093 42.9913 55.9044 90.5108 63.8205 30.4613 35.6976 53.694 90.2218 52.857 92.3385 46.5474 78.5651 0.728011 
86.1629 97.9054 47.119 35.39 38.7243 80.5623 72.02 54.2786 69.3172 18.5154 99.4837 24.9393 43.7156 33.022 89.8649 
36.0462 86.617 42.2412 53.5385 94.0383 90.0355 12.2589 36.5903 76.3772 68.4901 88.0657 67.9047 45.0459 51.9062 40.8512 
52.7091 1.30384 59.788 64.6518 76.4963 25.5131 73.23 58.0246 28.9993 106.554 2.81603 111.264 61.1003 102.899 49.6977 
90.0281 78.0484 54.733 42.3137 1.83576 54.6386 87.0619 61.9788 49.4022 57.65 79.3083 64.1527 51.4009 68.2821 91.9054 
59.5756 98.3257 38.9297 42.4166 78.0708 93.0763 35.1801 39.1506 78.6641 38.0739 99.9602 36.3341 39.2001 20.298 64.5478 
23.6038 42.9848 22.0719 32.8637 65.0372 44.8728 33.2579 17.4413 31.9883 72.0503 44.5738 75.4923 24.9147 64.3481 25.0769 
74.334 73.7621 36.6051 23.4303 18.1945 54.3788 68.329 44.2 44.4046 42.5075 75.2549 48.8365 33.0506 50.0915 76.8953 
76.7208 76.0711 38.7769 25.4912 17.2192 56.3664 70.2974 46.4088 46.6717 41.7412 77.5539 48.1408 35.192 50.207 79.3235 
73.873 61.9526 41.2753 30.8302 15.6013 40.0476 73.6098 47.8414 32.7605 58.7933 63.3039 65.0594 38.4034 65.0151 75.4359 
28.406 44.2512 18.0812 27.9603 59.958 43.1283 34.8817 14.9466 29.5102 67.8973 45.8862 71.5902 20.5548 61.1101 30.1644 
83.592 51.0358 61.3949 54.8432 35.5179 25.7816 91.1408 65.9348 30.5203 86.8795 51.8183 93.1393 59.6055 92.3699 83.4748 
55.245 73.2767 16.2782 8.25409 44.3379 61.7992 43.5938 23.3343 48.036 34.6733 74.9323 38.9847 13.0924 31.9119 58.9186 
82.8971 55.5203 57.3334 49.479 27.5937 30.3117 88.2036 62.5512 31.4941 79.5594 56.4745 85.8793 55.1881 85.8047 83.2588 
82.2657 50.5146 59.848 53.3023 34.6383 25.2052 89.6403 64.4085 29.3206 85.5313 51.339 91.7759 58.0539 90.8982 82.2 
84.7857 50.629 63.4353 57.1305 37.8276 25.5633 92.8974 67.8251 31.477 89.3784 51.3401 95.6362 61.7188 94.8095 84.5351 
82.4721 67.1405 49.8551 38.8855 10.017 43.624 82.2499 56.5291 38.7965 62.4763 68.3784 68.9094 46.8875 70.6135 83.9231 
20.412 53.6606 19.0042 32.1498 69.1469 55.4491 22.4589 11.7085 42.0438 67.0458 55.2197 69.7132 22.602 57.1238 23.9019 
35.4193 43.595 17.3072 23.9268 53.132 38.6091 40.5031 17.3012 24.4135 65.3244 45.2585 69.519 18.6207 60.3822 37 
64.2982 86.5744 27.7627 21.4294 50.0568 74.7982 47.8774 33.4861 61.2259 22.2524 88.2321 25.9114 25.2875 19.2676 68.4606 
76.9344 87.4643 37.59 25.248 33.5058 70.6601 64.692 45.0071 59.0468 24.2217 89.0498 30.5791 34.0602 33.7147 80.4316 
88.9331 72.8464 55.6369 44.1091 7.43303 48.7756 88.0878 62.5016 44.9491 63.8154 74.0314 70.3102 52.5404 73.4074 90.4347 
49.977 81.3049 20.7135 23.9437 61.9642 74.493 31.152 22.7702 60.124 36.4216 82.9608 37.9684 20.5353 24.5601 54.5341 
20.9612 56.0143 18.5973 31.9595 69.7318 57.5543 20.373 11.0005 44.0266 65.699 57.5733 68.2015 22.2524 55.347 24.7952 
40.2305 28.0203 33.2223 37.6904 56.7 25.1181 52.9551 32.7361 13.2966 79.6222 29.6811 84.2421 34.2212 75.9943 39.7756 
42.457 87.6473 35.0892 44.2719 84.1852 87.2145 16.7657 31.4531 72.985 55.0967 89.2036 54.5001 37.1295 38.5292 47.4891 
55.7197 83.2661 22.5204 21.6037 56.976 74.3616 37.9438 26.5047 60.2091 30.2333 84.9301 32.4238 21.2009 20.787 60.1146 
78.6006 87.1831 39.2 26.4327 30.6752 69.6563 67.1038 46.7347 58.4565 26.5062 88.7498 32.9462 35.6069 36.7392 81.9748 
35.9601 27.5902 60.6304 70.1747 93.5693 49.6101 61.113 55.7219 46.7367 110.587 27.9415 114.099 63.2719 102.62 31.4086 
35.1319 42.1893 18.6955 25.262 53.7034 37.5926 41.1539 18.4329 23.4955 66.7205 43.8526 70.9307 20.0412 61.7981 36.5297 
81.9869 50.3954 59.5318 52.9914 34.4814 25.0799 89.3304 64.0947 29.0682 85.2677 51.2282 91.5087 57.7378 90.6056 81.9308 
102.068 74.4036 73.1804 63.0969 28.0114 49.0976 105.168 79.2881 51.4573 84.7151 75.2118 91.2178 70.495 94.4917 102.705 
38.3866 34.7356 26.5002 31.2187 53.7249 29.9723 48.076 26.4282 16.3615 73.1259 36.3985 77.647 27.4614 69.2399 38.7783 
62.3708 56.0629 30.0801 21.1981 26.0726 37.6012 62.1933 36.3464 26.7486 56.0394 57.559 61.8716 27.4758 59.0859 64.1003 
55.7245 82.6586 21.9893 20.7118 56.0528 73.5642 38.3308 26.2031 59.4348 30.2035 84.3228 32.5779 20.5529 21.3214 60.0787 
55.7248 90.8728 30.662 33.4755 69.6139 84.5742 33.4215 31.8291 70.1989 34.6575 92.5214 34.4489 30.6178 18.919 60.5483 
24.1698 35.2138 52.6977 63.5744 91.351 53.282 49.6118 46.9221 47.1492 102.507 36.0069 105.58 55.7008 93.2858 19.5502 
54.2072 77.6354 17.6955 14.7167 51.056 67.7738 39.4417 23.1905 53.7298 32.5185 79.2991 35.8402 15.6083 26.4008 58.2842 
51.1251 46.543 24.1323 21.1287 38.0494 32.4168 54.0845 28.5412 18.882 61.7224 48.1292 66.9582 22.8162 61.2944 52.5164 
74.5204 45.58 52.509 46.7616 34.2118 20.5543 81.9183 56.8191 21.9317 81.1582 46.5808 87.2503 50.887 85.2993 74.5419 
71.5663 52.925 43.6715 35.761 23.8799 29.9787 74.9605 49.1623 24.6293 68.2421 54.1853 74.3753 41.4383 73.0075 72.4587 
28.2057 53.1952 11.814 24.4033 61.1341 51.3261 27.7354 6.26259 37.2828 61.3968 54.8234 64.5949 15.1908 53.1746 31.3026 
79.8972 55.9904 52.8577 44.588 23.8673 31.2631 84.1029 58.3319 30.0563 74.5638 57.0636 80.8644 50.5863 80.704 80.5176 
74.3328 103.175 42.7263 38.996 65.0481 92.5212 53.1159 46.6884 78.7844 16.3083 104.839 14.8003 41.0703 2.08087 78.984 
57.1361 3.16228 63.0208 67.2173 76.7594 24.3742 77.4428 61.6105 30.0962 109.011 2.48395 113.867 64.1586 105.94 54.1361 
7.61183 46.3949 38.7743 51.2338 84.6416 57.4381 31.712 31.8961 47.1832 87.2846 47.6321 89.8007 42.2036 76.6676 5.90339 
41.3818 69.8553 9.74166 17.9067 58.359 63.9545 27.8744 11.5313 49.5235 44.7897 71.5095 47.4085 10.7448 35.4295 45.5544 
16.0206 43.848 28.0516 39.9091 72.9485 49.7788 30.672 21.9545 37.9401 77.5967 45.3239 80.6067 31.2771 68.4748 17.1735 
17.9981 44.8589 25.1782 37.039 70.4884 49.2693 29.9082 19.1971 36.9218 74.7896 46.3781 77.8569 28.3924 65.8818 19.6469 
27.8568 48.8427 14.5619 25.8805 60.4849 47.3469 31.0311 10.4317 33.4773 64.5366 50.4734 67.9854 17.4929 57.0272 30.3389 
61.3325 97.7816 37.5682 39.6853 74.1934 91.3731 37.7774 38.6898 77.0203 33.5626 99.429 32.0702 37.423 15.9906 66.2402 
74.4272 93.2534 36.8285 27.8153 46.739 79.1794 58.2204 43.1654 66.3724 14.2127 94.8916 19.588 33.9118 20.412 78.4849 
53.9337 60.606 17.1479 7.2111 35.8064 46.9695 49.5908 24.3528 33.6311 47.0724 62.228 52.2251 14.0014 46.9086 56.5601 
56.5524 43.3627 32.186 28.3388 35.8113 25.8182 61.6028 36.3402 14.0207 67.4 44.847 72.9373 30.8475 68.3369 57.3836 
55.509 55.192 22.3897 14.8003 32.7196 39.847 54.4737 28.6386 27.0662 53.5287 56.7733 58.954 19.906 54.3769 57.5361 
82.2976 63.1697 51.7904 41.8151 15.4311 39.0017 83.8959 58.0269 35.7202 67.9321 64.3324 74.3312 49.0805 75.4082 83.4053 
42.6708 58.6359 5.40833 10.0499 47.9051 50.1108 37.7037 12.245 35.7526 50.0888 60.2996 54.1828 3.84708 45.3442 45.7109 
59.4041 72.569 20.004 7.65572 37.9854 59.0593 49.4631 27.5879 45.8594 34.9162 74.2038 39.9941 16.4027 35.3657 62.7766 
83.7088 109.355 50.037 43.9892 63.5472 96.736 63.1558 54.8657 83.5374 8.16088 111.011 4.60109 47.8724 11.4983 88.256 
38.5253 78.9003 24.3239 33.8585 74.1157 76.9751 16.2693 21.1116 62.6547 50.8139 80.4965 51.4612 26.3856 36.3662 43.442 
56.7733 16.1208 72.4846 78.9682 92.8285 41.1536 80.427 69.4764 45.2179 120.848 15.0083 125.23 74.2927 115.772 52.6972 
50.2837 92.9931 36.7764 43.6606 82.222 90.5005 24.9804 34.8294 76.1032 48.0941 94.588 46.946 38.0716 30.8715 55.3104 
91.7048 115.043 56.8918 49.4887 63.6661 101.019 71.5793 62.2065 88.3167 7.82943 116.688 3.92046 54.4424 19.9361 96.1774 
80.7087 92.4686 41.5502 29.6946 36.5662 75.6229 67.2632 48.7899 64.0664 20.2485 94.0562 26.727 38.1115 31.9363 84.3481 
89.3949 88.5936 50.6952 37.2324 18.3098 67.642 81.0612 58.4062 59.1219 39.8339 90.0316 46.2875 47.0367 52.5552 92.1908 
26.0069 77.6006 39.1695 51.7571 92.0201 82.759 6.84763 32.3855 69.5848 72.9176 79.0023 73.1498 42.4401 57.5237 30.7657 
30.9291 61.5059 10.024 23.3266 62.8765 58.9359 22.7798 3.26956 44.6806 55.6232 63.132 58.2684 13.565 45.9148 34.9013 
37.1618 91.1353 60.1422 72.778 113.026 100.196 27.8491 53.1806 87.9046 90.8743 92.3411 90.1759 63.4492 74.1298 40.3238 
66.4146 42.662 44.0732 39.1369 34.2468 19.7274 73.2836 48.2162 15.3951 75.635 43.8883 81.524 42.6016 78.4474 66.6694 
46.2281 34.489 30.222 31.6183 47.7026 24.1033 55.0608 31.8512 9.71854 73.1987 36.096 78.1804 30.2761 71.2529 46.5172 
45.3054 80.1387 21.0193 27.3251 66.6312 75.2163 25.3032 20.9571 60.782 41.9363 81.7784 43.0488 21.8673 28.7179 50.0121 
37.7117 16.8618 52.1875 59.9391 80.0978 35.8299 59.9341 48.6807 32.7808 101.42 17.8676 105.468 54.2915 95.3138 34.3639 
11.8663 43.2412 43.397 55.4513 87.3147 56.5659 37.0883 36.8099 47.4605 92.3965 44.36 95.0497 46.7184 82.0959 7.84092 
86.2548 55.8099 61.938 54.3799 31.453 30.4946 92.4816 66.9541 33.8615 84.4091 56.6389 90.7498 59.8873 90.8027 86.3904 
89.3972 69.4804 57.9994 47.2925 13.6015 44.8206 90.3038 64.4937 42.6522 69.6038 70.5783 76.0852 55.1204 78.5845 90.5652 
72.3685 102.536 41.8417 39.0267 66.7163 92.5605 50.7142 45.3971 78.682 19.1846 104.2 17.5231 40.4079 1.65529 77.072 
42.4721 17.8832 60.9036 68.8941 88.2525 41.2161 66.3244 57.0665 40.4654 110.309 18.1108 114.291 63.1053 103.884 38.4293 
6.94622 56.3777 46.3131 59.4781 94.9758 68.9801 29.8613 38.8063 58.8451 92.3064 57.4739 94.1002 49.9325 79.8727 5.84123 
23.7403 32.6957 34.2615 43.9386 71.6158 40.6882 41.8226 29.8734 30.642 84.1758 34.1696 87.7817 36.8456 76.7939 22.5887 
54.1097 1.23693 61.7246 66.5776 78.0064 26.5121 74.9184 59.9286 30.6791 108.474 1.14018 113.194 63.0417 104.84 50.9907 
44.9374 21.0642 65.5893 73.8377 93.2391 45.407 69.4994 61.5094 45.3766 115.145 20.9402 119.049 67.8761 108.416 40.5919 
86.802 112.837 53.4731 47.4597 66.0875 100.131 65.8493 58.2168 86.9755 9.6566 114.494 3.68782 51.336 13.6528 91.3869 
38.9741 81.3954 27.8928 37.4681 77.6693 80.1754 15.0217 24.3393 65.9018 52.6009 82.9753 52.8394 30.0097 37.3567 43.966 
36.6809 70.7633 14.2443 24.6951 65.2093 67.3007 20.9308 11.7478 52.916 49.3433 72.3918 51.2544 16.483 37.8308 41.1825 
46.4424 12.8845 48.169 52.6925 66.5652 20.609 64.2412 46.9289 18.5777 94.5937 14.5417 99.3112 49.3244 91.1175 44.3717 
12.4145 53.8892 27.015 40.2413 76.9531 59.2187 20.6642 19.5208 46.6743 73.996 55.3447 76.2896 30.6418 62.9535 16.3049 
29.684 83.6543 52.0704 64.8951 104.976 91.972 20.1358 44.9782 79.5586 85.2719 84.91 85.0529 55.4431 69.1532 33.3 
68.7215 53.1498 39.8648 31.8347 23.8724 31.3292 71.3417 45.5 24.1238 64.9931 54.4861 71.0564 37.5719 69.3055 69.8102 
65.2051 79.6947 26.0094 14.7492 38.6409 65.5305 53.0356 33.2728 52.6423 27.9201 81.3251 33.2415 22.5942 30.4059 68.81 
79.508 67.8068 45.6011 34.144 9.40053 45.2763 78.0545 52.5095 38.7827 57.4474 69.1263 63.8549 42.4986 65.3435 81.2192 
58.9461 57.7225 24.8727 15.5756 29.3343 41.1768 57.2071 31.4875 29.0663 52.0212 59.28 57.646 22.0871 54.015 61.0234 
19.8595 62.9496 23.78 37.1489 76.3546 65.7362 12.1807 16.2413 52.2954 66.4585 64.4599 68.2034 27.3715 54.1629 24.6132 
17.3367 69.9323 38.3271 51.6035 90.9647 76.8308 10.9659 30.8483 64.2543 77.4724 71.2811 78.3307 41.8779 63.1723 22.0239 
86.093 111.077 52.0735 45.6004 63.5756 98.0378 65.651 57.0524 84.9782 7.17844 112.731 2.12132 49.8197 13.9607 90.6199 
25.364 79.2809 48.5057 61.5179 101.372 87.5278 17.317 41.2569 75.1652 83.7029 80.5484 83.8098 51.9493 68.0712 29.1386 
37.589 30.0193 30.904 36.1996 57.4732 28.0845 49.973 30.0341 15.8902 78.0897 31.6836 82.5654 32.1174 73.9173 37.3358 
90.8738 73.0942 58.1352 46.7916 9.9985 48.6681 90.5681 64.9059 45.7054 66.6027 74.2321 73.1011 55.0913 76.3115 92.2572 
47.4958 6.51153 56.053 61.7373 76.3176 27.5409 68.2497 53.8454 28.3524 103.664 7.80577 108.192 57.5817 99.3105 44.4855 
61.7992 29.3784 48.2126 46.8711 47.8351 6.87968 73.3965 50.4079 9.01388 86.3204 30.5159 91.8943 47.732 87.026 61.0627 
78.7153 108.806 48.2296 44.7341 69.7389 98.256 56.5895 51.9065 84.5222 17.3416 110.471 13.6308 46.6787 4.95177 83.4506 
95.2424 67.3858 67.4798 58.0817 26.6086 42.0629 99.1557 73.3055 44.2706 82.7699 68.2293 89.2458 64.964 91.3526 95.7698 
19.9444 68.9653 31.4708 44.5899 84.3156 73.4663 6.03738 24.2033 60.2847 70.358 70.4081 71.4045 34.9482 56.4811 24.9722 
23.3225 37.0277 53.2185 64.3262 92.6779 55.08 48.9695 47.2631 48.7849 102.914 37.8061 105.886 56.288 93.4034 18.5658 
86.8233 83.6106 48.807 35.4397 13.2019 62.2874 80.034 56.4646 54.159 43.8098 85.0245 50.3083 45.1983 55.2787 89.3874 
53.4035 31.0886 38.4879 38.2279 46.592 15.7544 63.6497 40.4975 1.69706 78.8676 32.548 84.1751 38.2064 78.3266 53.1603 
35.6366 62.9643 5.94643 18.7459 58.7225 58.4055 26.5548 4.36005 44.0005 51.399 64.6118 54.3162 9.1526 42.6391 39.4981 
56.5014 71.4199 17.1143 5.86941 40.6651 58.9211 46.3761 24.6246 45.3971 36.0627 73.0658 40.8099 13.5724 34.9332 59.9473 
93.3272 62.4822 67.8236 59.4196 31.4968 37.2543 98.8656 73.1766 41.1057 86.7379 63.2396 93.1711 65.5696 94.3723 93.5403 
85.9021 101.527 47.6873 37.2361 45.6396 85.3735 69.8756 54.3769 73.5122 11.4237 103.134 17.8373 44.535 26.9416 89.8671 
57.8675 93.0953 32.7768 35.0852 70.4872 86.5725 35.2483 34.0847 72.2166 33.4906 94.7452 32.9298 32.6198 17.1642 62.709 
62.6834 96.1676 35.4054 35.8314 68.998 88.4318 40.3983 37.6065 74.1923 28.6356 97.8254 27.8045 34.7536 11.9854 67.4795 
47.1782 91.1935 36.5099 44.4299 83.6538 89.6607 21.6178 33.8053 75.3228 51.4475 92.7708 50.4777 38.139 34.4209 52.2108 
48.7311 89.7874 32.8373 39.5783 78.2643 86.7187 24.2002 31.226 72.3044 45.9479 91.3947 45.3001 34.0459 29.3493 53.7264 
96.907 71.1057 67.642 57.5681 23.5128 45.8004 99.6604 73.7808 46.9966 80.114 72.0017 86.6098 64.949 89.4166 97.6513 
69.8516 90.1892 32.6588 24.6343 48.0405 77.1059 53.5373 38.764 63.9356 17.5071 91.8375 22.0229 29.904 19.1638 73.9558 
6.11882 48.3538 40.9982 53.6451 87.4603 60.121 31.5729 33.9391 50.0345 89.0484 49.5391 91.4038 44.4819 77.9976 3.04138 
66.0086 58.3824 33.2133 23.4557 22.4635 38.7866 65.4819 39.6869 28.9254 55.8399 59.8412 61.8389 30.4455 60.0004 67.7379 
63.5623 84.1647 26.1297 18.7832 47.3701 71.9847 48.2469 32.2895 58.4999 23.947 85.8189 28.0829 23.4088 22.2461 67.5966 
34.4105 87.5729 49.5743 61.6925 102.163 93.7064 17.2351 43.115 80.6353 78.5293 88.9191 77.9185 52.6847 61.9001 38.6576 
61.6828 78.7859 22.8569 13.2322 42.3468 65.896 48.8262 29.8263 52.5669 28.7099 80.4316 33.4612 19.6512 28.526 65.4231 
59.6693 88.8192 28.013 26.8362 60.2886 79.8755 40.1404 31.5626 65.7578 26.9787 90.4828 28.2793 26.7884 15.4208 64.2141 
52.6229 62.6856 14.5499 3.61248 38.461 50.0586 46.7831 22.0737 36.4486 44.7616 64.3236 49.6807 11.1252 43.6716 55.5168 
23.8839 74.4194 35.6204 48.3628 88.5127 79.1025 4.00125 28.7211 65.8663 71.0623 75.8446 71.5973 38.9466 56.2005 28.8009 
24.7891 70.3046 26.8151 39.5133 79.6836 72.6075 5.78014 20.1137 58.9353 64.1078 71.8138 65.1939 30.1081 50.3746 29.7881 
27.406 29.7059 51.5529 61.6332 87.4783 47.8516 51.9779 46.3876 42.3143 101.531 30.5511 104.906 54.3258 93.2168 23.2422 
59.7277 7.8492 61.9698 65.0692 72.1056 19.0874 78.7041 61.2537 26.558 106.575 7.98499 111.628 62.7965 104.398 57.0898 
44.604 13.8755 47.0005 51.9172 66.9604 22.1452 62.5205 45.5467 19.0591 93.8448 15.5396 98.4846 48.261 90.0614 42.5414 
55.7072 76.1006 17.6204 11.6417 47.069 65.1429 42.4382 24.0601 51.2925 32.4829 77.7602 36.4314 14.8691 28.5974 59.5814 
79.3577 42.3869 61.602 57.0172 43.7138 17.6411 89.4629 65.1621 25.9609 92.136 43.0488 98.2211 60.3327 96.0318 78.7241 
89.7652 76.7516 54.9401 42.7242 2.59615 53.1662 87.333 62.0994 48.2673 59.219 77.9933 65.722 51.6624 69.5886 91.5492 
38.0217 76.2779 20.8082 30.4357 70.7814 73.7245 17.7815 17.9179 59.3709 49.6407 77.8877 50.7209 22.8528 36.126 42.828 
94.6588 119.279 60.659 53.7249 68.1358 105.529 73.8 65.7088 92.7459 12.3976 120.928 7.15052 58.3343 21.539 99.2134 
44.2137 84.5075 28.0959 35.871 75.3632 81.7001 20.6828 26.0509 67.306 47.2208 86.1144 47.2759 29.588 31.7158 49.1675 
77.7016 86.9612 38.3084 25.6628 31.5981 69.7184 65.9973 45.8109 58.3487 25.8436 88.5353 32.249 34.7324 35.6786 81.1141 
82.8968 107.545 48.5705 42.0837 61.1479 94.6309 62.8622 53.6263 81.5142 6.30317 109.199 5.05371 46.2934 12.1433 87.3856 
76.0813 37.4386 60.6601 57.1594 47.3381 13.025 87.3836 63.6806 23.1657 93.7463 38.0757 99.7101 59.6755 96.7273 75.2112 
70.3751 95.6412 35.9836 30.7241 56.7226 84.1029 51.3609 40.8873 70.5318 15.7835 97.3018 17.7868 33.8829 10.5171 74.7992 
38.5253 73.2105 16.0078 25.4951 65.9098 69.5046 21.2361 14.14 55.1004 47.7377 74.8401 49.4265 17.8941 35.7113 43.1125 
10.2591 63.9281 39.7132 53.176 91.2763 72.6808 17.6641 32.0052 60.8298 82.3303 65.2099 83.628 43.3711 68.8794 14.6751 
35.9489 76.3482 22.9026 33.2488 73.6941 74.8671 14.6168 19.0394 60.5978 52.599 77.9387 53.4866 25.2492 38.6122 40.8418 
75.5721 87.0327 36.2791 24.1665 34.754 70.644 63.0642 43.6371 58.8069 23.585 88.6274 29.851 32.7832 32.3215 79.1192 
61.5093 30.4573 47.1004 45.5544 46.5955 8.29277 72.6491 49.4419 8.31925 84.9167 31.6304 90.5001 46.5553 85.7001 60.8869 
41.3876 85.5369 32.457 41.6751 81.6589 84.7345 16.1152 28.9249 70.4791 53.7643 87.1037 53.4495 34.4896 37.6028 46.4172 
10.824 51.7731 49.2249 62.0116 95.8112 66.2128 35.866 42.006 57.1056 96.6087 52.7651 98.7013 52.7519 84.8463 6.41327 
48.2345 57.1024 12.7004 8.46463 40.9811 45.6449 44.974 19.3041 31.6623 50.3587 58.748 55.1142 10.2552 48.2308 50.8303 
65.3979 39.9276 44.7733 40.6177 37.0473 16.9402 73.2552 48.5199 13.3135 77.87 41.1364 83.6967 43.5118 80.2318 65.4554 
60.9349 24.3091 50.9428 50.7506 53.1853 3.57351 74.3388 52.4244 11.1987 90.8635 25.3712 96.3265 50.7963 90.8947 59.7716 
82.9883 110.18 50.3468 45.0894 66.2261 98.1872 61.8065 54.8074 84.8125 11.3004 111.841 7.00071 48.3741 9.55249 87.6097 
48.6796 55.6925 14.258 10.017 40.0739 43.8207 46.3246 20.53 29.9 51.7487 57.3322 56.6057 12.0208 49.9892 51.1117 
43.6241 28.6449 33.8072 36.9673 53.6302 22.4831 55.4236 34.1151 9.84937 78.8041 30.2804 83.6167 34.4305 75.9942 43.2834 
82.5931 49.8222 60.8113 54.4891 36.1425 24.5652 90.3782 65.2484 29.443 86.9955 50.6077 93.2309 59.0798 92.251 82.4357 
83.0827 65.3943 51.6085 41.1447 12.8144 41.4121 83.8773 58.0545 37.6048 65.877 66.5818 72.3014 48.7743 73.7822 84.3356 
30.8021 64.0056 12.2287 25.1334 65.1111 61.8788 20.241 6.22977 47.6422 55.2264 65.622 57.5608 15.5618 44.6602 35.0383 
86.5001 93.8122 47.1017 34.3223 31.0335 75.1862 74.5201 54.6179 64.7365 26.3053 95.3504 32.7536 43.5139 39.8577 89.8846 
18.1868 35.832 40.8354 51.7849 81.1006 48.391 41.0191 35.1957 39.6057 90.689 37.0567 93.8459 43.831 81.8292 15.3769 
26.4547 71.2236 26.0526 38.5265 78.8237 72.9555 6.42028 19.64 59.1664 62.4234 72.747 63.4716 29.2515 48.631 31.4414 
10.7424 64.4724 44.9494 58.4055 96.0555 75.0321 22.4511 37.2368 63.7973 87.8073 65.6597 89.0421 48.6148 74.1923 13.6444 
60.5957 58.2808 26.5505 16.8962 27.6539 41.0761 58.9071 33.2015 29.3695 52.212 59.8214 57.9353 23.72 54.7637 62.6314 
27.5036 79.9456 42.4834 55.0263 95.3204 85.703 10.0955 35.709 72.6399 75.3033 81.3199 75.3236 45.7411 59.5615 32.0665 
38.5134 47.1514 14.3586 19.5888 49.7178 40.118 40.9723 16.1771 25.7008 61.1658 48.8152 65.4805 15.036 56.8058 40.4595 
42.069 49.3871 13.9014 16.4924 46.1504 40.4105 43.0262 17.4866 26.0094 58.3552 51.0451 62.8753 13.6308 54.9008 44.1426 
26.8985 58.1936 12.8655 26.3167 64.9139 57.1349 22.1964 5.16236 43.1078 59.9808 59.8011 62.6582 16.5327 50.2439 30.7119 
6.22896 59.3556 43.8745 57.2199 93.7961 70.5312 25.3158 36.2329 59.7017 88.7196 60.526 90.3173 47.531 75.87 8.44808 
62.3234 56.5442 29.7236 20.6649 26.0311 38.2001 61.8932 36.0636 27.2619 55.4124 58.0455 61.2413 27.074 58.4638 64.1 
83.1833 56.8641 56.8589 48.6681 25.838 31.7284 87.9646 62.2386 32.2895 78.1146 57.8455 84.4533 54.6247 84.6009 83.6496 
48.6385 49.5743 19.2044 16.6811 39.659 37.0601 49.78 24.0217 23.1502 58.0266 51.1963 63.053 17.8017 56.7493 50.4505 
40.9293 90.9775 44.2475 54.7877 95.1154 93.5868 16.4596 39.195 79.7458 66.5019 92.4468 65.4911 46.7954 49.4171 45.7578 
23.1366 58.1138 16.8882 30.3424 68.7898 58.7763 19.4743 9.17824 45.0281 63.2162 59.688 65.6512 20.5548 52.7303 27.145 
88.0191 67.278 57.3094 46.9608 15.2506 42.5672 89.5056 63.6523 40.6498 70.6468 68.3652 77.111 54.5212 79.1728 89.089 
39.0601 85.5862 35.2854 45.3895 85.6519 86.2175 13.2008 30.865 72.1223 58.631 87.1186 58.2145 37.6443 42.2995 44.0822 
63.7097 26.5047 52.5235 51.6408 51.8036 2 76.6752 54.3401 12.8016 91.208 27.4658 96.7773 52.1989 91.8055 62.6101 
1.51327 52.5656 39.6182 52.6503 87.8923 63.2367 27.236 32.2399 52.4995 86.5833 53.7919 88.677 43.2029 74.9011 3.86005 
30.9162 56.4925 8.52877 21.6816 59.7104 53.4283 27.2254 2.69258 39.1829 57.7062 58.131 60.8514 12.1 49.4272 34.3144 
90.7534 59.7124 65.8748 57.8441 31.8427 34.4646 96.6843 71.0695 38.3663 86.3153 60.4829 92.7159 63.7133 93.4482 90.9079 
96.8868 70.6181 67.9007 57.9418 24.2621 45.3028 99.864 73.9844 46.7386 80.8247 71.5003 87.3186 65.2384 90.0269 97.5871 
36.4825 82.7256 33.105 43.6702 84.0765 83.5235 10.7564 28.3656 69.4707 59.0488 84.257 58.9428 35.6142 43.1779 41.5124 
103.871 77.6882 73.8905 63.3235 26.5345 52.3646 106.083 80.2219 54.0434 83.0506 78.5337 89.5511 71.0776 93.4368 104.669 
62.6281 46.1546 37.0374 31.4057 31.226 25.7031 67.2602 41.7481 16.868 68.2015 47.5386 74.0088 35.314 70.6803 63.419 
71.9084 94.4439 35.9184 28.9928 52.3958 81.8284 54.1133 41.5018 68.5441 14.1792 96.0976 17.8191 33.4368 14.6014 76.1804 
74.9989 53.8358 47.6064 39.5818 23.6799 29.9528 78.8409 53.0632 26.5 71.044 55.0156 77.254 45.37 76.3897 75.7539 
67.3947 26.7854 56.914 55.8252 53.8198 3.04631 80.919 58.7296 17.2012 95.0306 27.5138 100.673 56.5601 95.9763 66.1037 
64.3245 60.7379 29.7733 19.1416 23.952 42.3713 62.2097 36.6259 31.5 51.519 62.2472 57.4374 26.7739 55.3174 66.3675 
27.4554 37.9791 24.6903 33.7722 62.7689 39.3783 38.831 21.4462 26.7755 74.3404 39.5949 78.1421 27 67.7804 28.1007 
88.8167 92.1818 49.5525 36.2795 25.2004 72.316 78.5 57.2205 62.8068 32.8897 93.6728 39.3103 45.8955 46.3519 91.9313 
86.0584 51.655 64.5757 58.1392 38.0033 26.6627 94.1188 69.0143 32.7466 90.0296 52.3436 96.3077 62.8287 95.6525 85.8063 
56.5289 88.8743 28.1391 29.4679 64.9075 81.4472 35.6849 30.3819 67.1512 31.5025 90.532 32.0515 27.6101 17.5026 61.2213 
63.3091 50.9868 34.5272 27.3437 27.5016 31.1006 65.8062 39.9892 21.526 62.9435 52.4137 68.8077 32.3858 65.9413 64.5143 
46.7575 68.9888 8.80057 10.5119 50.772 60.3842 35.4216 14.9907 46.1069 41.2113 70.6531 44.7303 6.86003 34.9468 50.5542 
60.6172 17.8314 75.8305 81.983 94.5214 42.1153 84.2502 72.9924 47.2798 123.901 16.4806 128.37 77.5542 119.132 56.5279 
39.7819 15.7089 46.2088 52.4976 70.6576 27.6603 58.9574 43.8719 23.2948 94.3435 17.2696 98.7146 47.8602 89.5014 37.4498 
23.2086 38.1844 27.2399 37.3786 67.3684 42.3321 36.9542 22.832 30.4429 77.1962 39.7417 80.7402 29.9172 69.7259 23.5816 
51.7943 14.624 49.4162 52.3489 62.3866 14.3736 68.2026 49.1273 14.8486 93.9443 16.0751 98.94 50.1283 91.6708 50.009 
66.9191 77.3325 27.5307 14.6659 33.1127 61.8108 56.6472 35.137 49.4629 31.4127 78.9383 37.1732 23.9075 35.7202 70.2345 
89.5958 107.51 52.2396 42.6513 51.8869 91.7951 72.1001 58.5431 79.7563 7.21388 109.129 12.7047 49.283 25.0912 93.7401 
70.1076 43.3748 48.2296 43.0005 34.4885 19.1314 77.4225 52.3926 17.9769 78.6253 44.4891 84.6093 46.7149 82.0187 70.2086 
41.2826 71.8546 12.3004 20.3973 60.7415 66.4808 26.1354 12.9619 52.0463 44.6515 73.5035 46.9158 13.4629 34.2761 45.6232 
49.1444 91.456 35.1889 42.1996 80.9255 88.9005 24.047 33.2357 74.5033 47.7803 93.0532 46.8471 36.5099 30.8041 54.1646 
44.5253 11.6846 58.2241 65.1713 82.3643 34.5203 66.9747 55.1376 34.4089 106.932 12.2319 111.18 60.1207 101.487 40.9821 
60.4745 9.56713 70.2636 75.126 85.054 32.1834 82.3787 68.3141 38.5099 117.005 7.92465 121.754 71.6126 113.409 56.9495 
9.39149 60.067 48.0114 61.3241 97.5562 72.6034 28.8647 40.3903 62.2961 92.8942 61.1529 94.4399 51.6624 79.9051 9.48736 
46.92 37.6861 27.9646 28.5897 45.2691 26.2606 54.1917 30.2233 11.8533 70.0643 39.2908 75.0875 27.7505 68.3852 47.5395 
54.1831 58.7391 18.5262 9.60052 34.8042 44.6455 50.9559 25.4238 31.4302 49.1601 60.3511 54.4008 15.6208 49.3 56.6198 
77.4661 88.4227 38.1608 25.9615 34.3118 71.6805 64.9166 45.5317 60.0404 23.2398 90.0102 29.6138 34.6554 33.0409 81.003 
27.6827 43.7385 18.8987 28.8792 60.7534 43.1282 34.808 15.5193 29.6378 68.7554 45.3679 72.42 21.4227 61.8528 29.3575 
39.7454 62.9299 2.22036 13.9205 53.9607 56.4309 31.2847 7.81025 42.0006 48.5968 64.5906 51.965 4.39318 41.3865 43.3761 
81.484 102.657 45.2071 37.1286 53.7886 88.6612 63.2256 51.0064 75.8854 4.82701 104.299 10.2181 42.547 16.7836 85.7621 
80.1649 69.3397 45.722 33.9713 8.27345 46.9265 78.1712 52.7444 40.2405 56.0903 70.6697 62.516 42.5466 64.305 81.9663 
17.5824 41.6059 50.0633 61.8173 92.2607 57.8433 43.3872 43.6468 50.2252 99.2889 42.5171 102 53.3098 89.0851 12.7236 
22.4207 76.2623 51.1812 64.4854 103.683 86.2897 22.0009 43.6492 74.5667 89.0242 77.4466 89.4043 54.7475 73.8182 25.3712 
44.5307 21.1568 40.5617 44.4173 59.4138 19.8588 59.4401 40.0485 12.1017 86.284 22.7969 91.0606 41.4654 83.182 43.3383 
57.7848 65.7222 19.4743 6.51153 34.0074 51.3417 51.3744 27.0958 38.3595 42.1868 67.338 47.5052 15.9211 43.1456 60.6598 
86.4418 61.0689 58.7776 49.8263 23.1931 35.9234 90.3109 64.481 36.225 77.1767 62.0492 83.5811 56.3541 84.5253 87.0587 
68.3079 26.3591 58.4584 57.4659 55.174 4.32897 82.1955 60.1851 18.7067 96.682 26.998 102.327 58.1392 97.6199 66.9149 
54.7442 49.6423 25.5002 20.2388 34.1053 33.8576 56.5022 30.7059 21.14 59.5214 51.2001 64.9573 23.6544 60.1778 56.274 
78.2665 92.7217 39.5092 28.5365 40.4105 76.911 63.7823 46.4763 64.8298 17.1231 94.3318 23.4438 36.225 27.4607 82.0685 
68.6283 58.1726 36.6542 27.0385 20.5704 37.4413 68.832 42.9923 28.7467 58.4217 59.5802 64.5174 33.9506 63.197 70.1804 
61.3601 61.8622 25.5055 14.359 27.5427 45.0454 57.9532 32.6166 33.1634 48.2296 63.42 53.9607 22.3486 51.0286 63.6793 
8.78009 60.3327 34.8726 48.3224 86.0933 67.9425 17.1143 27.1627 55.8364 78.9212 61.678 80.5432 38.5395 66.201 13.8058 
77.6091 43.9318 57.9429 52.8046 39.3315 18.6424 86.5384 61.847 24.1897 87.4769 44.7447 93.5776 56.5099 91.571 77.258 
58.5512 34.7144 40.7707 38.6807 42.177 15.1238 67.6362 43.6378 6.29682 78.0834 36.0627 83.6317 40.018 78.8113 58.4624 
57.8911 14.7054 72.3849 78.5215 91.4755 39.4468 81.2252 69.6003 44.056 120.438 13.4618 124.904 74.0957 115.687 53.9182 
72.155 88.4604 33.6216 23.3893 41.9237 73.8756 57.6386 40.4401 61.2288 19.3352 90.0894 24.9776 30.4424 25.0799 76.0085 
80.1843 69.502 45.6711 33.8851 8.20366 47.117 78.1179 52.7077 40.3887 55.8789 70.8342 62.3059 42.4867 64.1207 81.9986 
23.7548 73.4697 33.821 46.5619 86.7113 77.7088 2.65707 26.9453 64.3865 69.6419 74.9123 70.2846 37.1442 54.9859 28.734 
83.815 95.0007 44.6467 32.7029 36.711 77.6987 70.2422 51.8955 66.4139 20.0721 96.5785 26.568 41.199 33.317 87.4508 
99.1848 71.9058 70.4637 60.5358 26.4484 46.5842 102.394 76.5154 48.6425 83.1039 72.743 89.602 67.8146 92.4911 99.8211 
43.0029 88.9208 36.8456 46.0744 85.9726 88.7982 17.1593 33.0946 74.5946 56.2859 90.4684 55.5231 38.9134 39.5 48.0277 
80.2312 50.4016 57.0349 50.3322 32.4563 25.1098 87.0527 61.7159 27.7218 82.6378 51.3097 88.8662 55.1874 87.905 80.3059 
65.3682 71.1998 26.7217 13.2966 28.4398 54.7771 57.9839 34.4154 42.8057 38.5949 72.7802 44.4389 23.0868 42.7095 68.269 
77.7598 41.4513 59.9984 55.5397 43.2171 16.477 87.808 63.5232 24.3403 90.9651 42.1628 97.0216 58.7553 94.6611 77.157 
59.7787 90.2233 29.3615 28.8626 62.5224 81.7103 39.493 32.4655 67.5404 27.6181 91.8856 28.4079 28.3494 14.5866 64.3988 
58.0822 19.2419 75.1013 81.816 95.9604 44.2019 82.139 71.9124 48.3401 123.664 18.1025 127.99 76.9801 118.36 53.8581 
91.9627 82.0686 55.6562 42.8049 5.36656 58.9441 87.7303 63.0825 53.1805 54.588 83.3577 61.076 52.2067 66.0984 94.0473 
87.2626 60.1007 60.5538 51.9597 25.8791 34.8281 91.8442 66.0728 36.2138 79.884 61.0237 86.2812 58.2286 87.0786 87.7274 
51.9312 7.61183 63.8461 69.8138 83.6316 32.8877 74.1838 61.299 35.867 111.734 7.13092 116.221 65.4847 107.141 48.3696 
80.753 110.305 49.8578 45.9244 69.7545 99.3847 58.7149 53.7034 85.7401 16.1524 111.969 11.9 48.2084 6.80074 85.4743 
74.9083 60.9703 43.1741 33.0946 15.9477 38.5019 75.4 49.5682 32.0456 61.3373 62.283 67.6172 40.4011 67.6125 76.3163 
39.9045 61.8935 1.02956 13.2518 53.0239 55.1552 32.2531 8.05047 40.7276 49.0832 63.5554 52.5818 3.48855 42.2834 43.4235 
20.2832 37.9289 50.1193 61.4108 90.559 54.635 45.7867 44.0596 47.5405 99.7296 38.828 102.653 53.2354 90.108 15.6678 
26.2246 80.2309 51.2447 64.3162 104.072 89.2216 20.2529 43.9323 77.0752 86.6002 81.4602 86.6594 54.7132 70.8876 29.6331 
48.1449 56.2304 13.2575 9.36002 40.8065 44.6972 45.3982 19.6431 30.7148 51.2182 57.8744 56.004 10.9786 49.1769 50.6583 
28.0179 76.494 33.022 45.2018 85.6305 79.5063 2.14709 26.7406 65.883 65.9682 77.9713 66.3833 36.1248 50.9245 33.0262 
77.4247 40.5247 60.2193 55.9859 44.233 15.6605 87.7789 63.6255 24.0776 91.6911 41.2167 97.7272 59.0371 95.2229 76.7566 
81.0423 48.9115 59.2295 53.0074 35.6483 23.6028 88.7658 63.6431 27.9609 85.8644 49.7363 92.0758 57.5175 90.9182 80.9151 
48.1918 91.638 36.3233 43.8717 82.8807 89.7201 22.7548 33.9094 75.3558 50.0899 93.2228 49.0857 37.8292 33.0256 53.2226 
39.3326 78.9548 23.6592 32.8818 73.0691 76.6316 17.4413 20.806 62.2823 49.6381 80.5581 50.3441 25.5979 35.3289 44.2233 
69.2916 54.9168 39.4757 30.9076 22.2895 33.2339 71.2141 45.3398 25.7816 63.2918 56.2658 69.386 37.0475 67.8918 70.5071 
101.82 78.3108 70.6102 59.6041 21.7589 53.0543 102.955 77.1625 53.3667 78.1083 79.246 84.606 67.6755 88.7446 102.842 
45.7666 28.2526 35.1967 37.6651 52.5235 20.457 57.4739 35.8357 7.71038 79.364 29.8613 84.2864 35.6396 77.0177 45.3785 
30.1219 77.9647 32.7371 44.5732 85.0706 80.3754 4.25206 26.8076 66.6219 64.1225 79.458 64.424 35.709 48.8922 35.14 
64.5187 23.7118 55.5814 55.2552 55.6334 2.08087 78.6637 57.0088 15.8319 95.096 24.5165 100.625 55.428 95.4149 63.1136 
18.2428 49.1065 22.2596 34.8144 70.063 52.3378 26.0302 15.6263 39.4463 71.2961 50.6427 74.1627 25.6827 61.8613 20.9239 
55.7584 10.3484 55.5486 58.4671 66.6623 15.1463 73.4442 55.0907 20.1814 99.9826 11.4543 105.026 56.2939 97.8412 53.5441 
24.8129 54.6444 14.6086 27.7626 65.1646 54.3902 23.9927 7.46324 40.5641 63.0765 56.2441 65.928 18.2011 53.7663 28.2597 
22.2272 50.9816 17.8466 30.5 66.485 52.0724 25.8383 11.3177 38.6122 66.9928 52.5632 69.9552 21.285 57.9211 25.2 
76.2483 65.9776 42.2574 30.9231 12.2483 44.1163 74.7086 49.1506 36.718 55.9529 67.3385 62.2969 39.174 63.0906 78.0142 
28.8293 82.6823 50.033 62.8208 102.938 90.523 18.0272 42.9829 77.9827 83.2471 83.9622 83.0824 53.3904 67.2093 32.6613 
78.9208 104.511 45.0608 39.2623 60.945 92.2627 58.8031 49.8968 78.9311 9.37763 106.169 9.01388 42.9219 8.7983 83.4334 
67.9935 65.9118 31.7945 19.6987 21.1116 47.1501 64.158 39.0674 36.6296 47.5543 67.4166 53.6367 28.4872 52.7009 70.2761 
60.8357 46.736 34.5162 28.9209 31.4636 27.3029 64.9009 39.3192 17.2722 66.1971 48.1666 71.9389 32.7686 68.3345 61.7768 
22.8537 49.9223 17.7341 30.1239 65.6403 50.8112 27.1017 11.5935 37.3484 67.1801 51.5109 70.2468 21.0829 58.4155 25.6281 
79.8799 94.5038 41.2132 30.3295 41.2488 78.5828 65.0856 48.13 66.5661 15.8319 96.1126 22.241 37.9526 27.2753 83.7131 
54.7431 60.6976 18.0693 7.87718 34.892 46.6958 50.5128 25.262 33.4858 47.1203 62.3138 52.3455 14.9201 47.3004 57.3331 
16.5218 45.3874 26.1885 38.2425 71.942 50.423 29.2062 19.9602 38.2188 75.6245 46.8855 78.598 29.4681 66.4269 18.2148 
47.5237 87.4371 30.088 36.8285 75.6804 84.0372 23.7143 28.6754 69.6162 44.9525 89.0516 44.6878 31.2618 28.9365 52.4825 
87.9218 60.7 61.1128 52.4416 25.8368 35.4171 92.4418 66.6611 36.8816 80.089 61.6159 86.495 58.7694 87.4058 88.3926 
44.9319 91.7876 40.0985 49.202 88.9756 91.9816 19.0591 36.3233 77.7983 57.7956 93.3246 56.6951 42.1436 40.6185 49.9325 
16.4049 53.2752 23.0002 36.1602 72.8957 56.8898 21.5455 15.616 43.9191 70.6202 54.7872 73.1198 26.6068 60.1726 19.9912 
45.951 20.6553 41.5415 45.0405 58.9869 18.444 60.8153 41.2069 11.3358 86.8491 22.2749 91.6897 42.352 84.0093 44.7303 
64.1798 47.1858 38.1811 32.11 29.9548 26.1633 68.6166 43.0401 18.0488 68.2298 48.5462 74.1 36.36 71.1073 64.982 
79.0626 102.635 43.9606 37.14 57.1626 89.6663 59.8927 49.2666 76.5405 7.20069 104.288 9.62081 41.5752 12.1754 83.4631 
56.6943 93.0875 33.1368 36.2353 72.2503 87.1581 33.6162 33.945 72.7671 35.6091 94.7318 34.9036 33.2181 19.0163 61.5764 
69.9235 56.1948 39.4975 30.55 21.1149 34.5307 71.3925 45.5126 27.0224 62.2676 57.5481 68.3898 36.977 67.1193 71.2166 
15.4434 51.451 24.1671 37.1389 73.2169 55.6537 23.2019 16.9859 42.9061 72.2853 52.9515 74.874 27.7218 62.0532 18.6775 
35.7337 18.2858 47.7528 55.3912 76.1273 33.8681 56.8096 44.4365 29.2959 96.893 19.574 100.969 49.8046 90.9376 32.8586 
80.069 85.3719 40.7953 27.5356 25.6533 66.8049 70.0264 48.4653 56.2724 31.264 86.9058 37.7429 37.1383 41.7867 83.2118 
52.1433 42.2096 28.61 26.315 39.1564 27.2303 57.3415 32.294 13.8452 66.6937 43.7612 72.0057 27.6065 66.4808 53.0533 
42.1855 12.1264 54.0445 60.8922 78.602 32.1846 63.8045 51.1132 30.7651 102.662 13.1735 106.928 55.8965 97.3275 38.9724 
40.3252 84.6029 31.9583 41.4401 81.5354 83.9922 15.0881 28.2294 69.7602 54.4063 86.1664 54.1887 34.0781 38.3888 45.3547 
60.5023 9.97296 61.1899 63.8346 69.9232 16.7487 78.8649 60.7645 24.8918 105.183 10.2786 110.31 61.8864 103.361 58.0298 
18.3098 35.9806 37.7902 48.64 78.1402 46.8702 39.6073 32.3056 37.42 87.6926 37.2979 90.9176 40.7462 79.0712 16.3083 
43.3042 14.0007 58.7282 66.1003 84.2476 36.8787 66.2625 55.347 36.3593 107.744 14.4461 111.888 60.7474 101.914 39.5922 
31.35 43.5652 17.6819 26.3154 57.1262 40.9196 37.3712 15.8619 27.0601 66.981 45.217 70.8937 19.7084 60.9734 32.9844 
56.0394 54.7284 23.326 15.8003 32.1753 39.0448 55.342 29.4885 26.414 54.2561 56.3011 59.7248 20.8856 55.2986 57.9938 
43.9028 63.8815 4.57056 9.52575 49.7884 55.5835 35.4904 12.0416 41.2438 45.763 65.5459 49.5262 1.74929 40.0525 47.3955 
33.8024 87.454 51.8055 64.1698 104.564 94.5053 19.3507 45.117 81.6745 81.8724 88.7613 81.3104 55.0073 65.3007 37.7816 
61.5208 24.2528 51.6382 51.4009 53.4551 2.91548 75.0169 53.1241 11.887 91.4567 25.2786 96.9332 51.4841 91.5496 60.3248 
53.3008 68.807 13.9 3.61386 42.2909 57.1462 43.8731 21.4756 43.3757 38.8542 70.4592 43.3866 10.3238 36.5667 56.7081 
57.2441 3.30151 63.8003 68.1435 77.8967 25.4951 77.8165 62.2839 31.1853 109.962 2.06155 114.792 64.9822 106.774 54.1622 
78.8651 79.8672 40.3268 26.8794 19.0158 60.3232 71.2178 48.0254 50.5079 38.5083 81.3606 44.9609 36.6838 47.9771 81.6437 
22.4589 51.4437 17.4771 30.2026 66.3742 52.3886 25.5361 10.8674 38.882 66.5466 53.0272 69.4914 20.938 57.4326 25.5031 
59.6494 32.7099 43.4166 41.6083 44.0614 12.1803 69.6735 46.0297 6.28013 81.0172 33.9949 86.5774 42.7674 81.7487 59.323 
81.0151 44.6052 62.3465 57.3056 42.3605 19.804 90.6426 66.1245 27.5536 91.7066 45.2691 97.8428 60.9594 96.0171 80.4707 
7.15891 49.808 44.3939 57.1224 90.9882 62.7352 33.0203 37.2447 53.0504 92.1169 50.9141 94.3471 47.9025 80.7243 2.12603 
57.7782 76.7441 19.2772 11.5395 45.0708 65.0281 44.8108 26.005 51.3565 31.2508 78.3992 35.5148 16.2825 28.7253 61.5845 
40.6553 90.192 42.8077 53.2565 93.5644 92.4577 15.7334 37.8636 78.5663 65.0692 91.673 64.1312 45.3194 48.0651 45.532 
35.8905 78.1221 25.7597 36.1581 76.587 77.2997 12.8996 21.5928 63.0841 54.2006 79.6972 54.7837 28.1555 39.5774 40.859 
37.8054 26.4015 61.7972 71.1101 93.7615 48.9679 62.8816 57.0362 46.647 111.717 26.6655 115.302 64.3758 103.969 33.2794 
62.7873 89.5288 29.1606 25.8822 57.0138 79.3757 44.1001 33.5847 65.4634 23.2998 91.1928 25.2676 27.4235 14.4903 67.2217 
19.5451 35.609 35.4133 46.0179 75.3475 45.0344 39.2421 30.2055 35.0956 85.3728 37.0001 88.7032 38.2859 77.1021 18.1571 
41.4229 34.417 27.7483 31.1516 51.3408 27.5748 50.7568 28.4028 13.6312 73.0655 36.068 77.7715 28.3383 69.9331 41.769 
56.0547 5.09902 59.4577 63.1805 72.3243 20.3002 75.3033 58.4145 25.655 104.889 5.91354 109.816 60.4477 102.171 53.3846 
84.8807 108.379 49.9434 42.8286 59.9751 94.9013 65.2051 55.2461 81.9733 3.8833 110.028 3.85876 47.5282 14.8327 89.3197 
18.3175 35.9202 42.5906 53.5986 82.8334 49.3806 41.8808 36.868 40.9585 92.4105 37.0871 95.5272 45.6084 83.4132 15.0685 
76.6152 105.102 44.7786 40.6444 65.4499 94.1123 55.361 48.8636 80.4599 14.8223 106.765 12.7252 43.0406 3.39559 81.2632 
67.4855 82.1659 28.3989 17.3046 38.8799 67.7184 54.722 35.5726 54.9627 25.5766 83.7936 31.0421 25.0298 29.144 71.1463 
52.8878 59.3283 16.6292 7.84092 36.4968 45.9597 49.08 23.658 32.5098 48.2892 60.9528 53.3931 13.6499 47.8257 55.4513 
79.2885 76.1638 41.8632 28.7433 13.4239 55.5688 73.6517 49.4271 46.6927 44.7581 77.6073 51.207 38.3283 53.8212 81.7328 
25.038 59.3334 15.3444 28.8045 67.639 59.2332 19.5727 7.65506 45.33 61.2491 60.9211 63.6833 18.9974 50.8035 29.0931 
69.8387 88.2683 31.8693 22.7728 44.9055 74.6011 54.5642 38.3648 61.6105 19.1732 89.9095 24.2211 28.8901 22.3164 73.8109 
88.1471 59.1487 62.4427 54.2148 28.7141 33.825 93.4583 67.7692 36.3639 82.7092 60.0083 89.0983 60.2189 89.7406 88.4541 
79.7539 72.3105 43.8772 31.4414 9.07855 50.6724 76.1804 51.1752 42.9424 51.1649 73.694 57.603 40.5251 59.7597 81.8401 
52.58 24.8204 42.54 43.6314 52.4538 12.5877 65.3184 43.6018 4.65296 84.7217 26.2652 89.9177 42.6786 83.5229 51.7487 
80.5918 69.4873 46.2088 34.4703 7.93095 46.9737 78.6591 53.2227 40.4308 56.4483 70.8105 62.8797 43.0377 64.7427 82.3775 
36.3676 49.0315 11.9101 19.2769 51.9024 43.1 37.7816 12.9838 28.7174 60.1758 50.6952 64.2503 13.2136 54.9482 38.6157 
88.4602 56.9858 64.3546 56.7536 32.7739 31.7352 94.8736 69.3612 35.8491 86.376 57.7603 92.7386 62.301 93.0005 88.5353 
27.6669 76.0048 32.5995 44.8261 85.2397 78.9968 1.78045 26.28 65.3759 65.893 77.4835 66.3578 35.7192 50.9384 32.681 
61.7934 15.2555 58.6315 60.1706 64.1903 10.8171 78.529 58.9186 20.5244 101.061 15.8676 106.349 59.0086 100.058 59.7526 
55.0616 65.2746 16.4344 3.39706 37.1397 52.0385 48.2374 24.0973 38.6493 42.2271 66.9072 47.2699 12.8445 41.8708 58.0539 
57.4534 19.2676 50.9245 52.1081 57.7222 7.62758 72.3333 51.6257 12.4619 92.9998 20.4247 98.2742 51.1575 92.0411 55.9732 
56.0089 26.6648 44.1838 44.2285 50.1512 10.102 68.1208 45.7683 4.4643 84.7602 28.0029 90.112 44.0477 84.3243 55.258 
71.3358 84.5539 32.1455 20.5105 36.9359 69.1755 58.6287 39.4069 56.8318 24.105 86.1675 29.9977 28.7124 30.205 74.9499 
59.5403 56.2254 26.5224 17.7902 28.684 39.1152 58.7037 32.8866 27.3123 54.1201 57.7644 59.7967 23.8925 56.3131 61.4448 
87.7525 99.7016 48.7755 37.1389 39.8663 82.2893 73.3221 55.892 71.0938 17.9324 101.279 24.2553 45.3927 33.1904 91.4858 
13.8463 40.1628 39.1297 50.7551 81.9049 51.7734 36.849 32.9621 42.1982 88.6377 41.4082 91.5534 42.3193 79.1006 11.439 
10.5816 62.422 35.2755 48.7382 86.9444 69.8011 15.3675 27.5683 57.559 78.3445 63.7706 79.8076 38.9329 65.277 15.5596 
14.7078 66.5812 50.9365 64.3854 101.768 78.8105 27.5617 43.2261 68.1622 93.609 67.6642 94.7144 54.6033 79.7051 15.8761 
64.2483 57.1318 31.7506 22.4243 24.2324 38.0402 63.9414 38.1147 27.7189 56.0471 58.6076 61.9681 29.0663 59.6662 65.9676 
31.1771 80.9672 37.3955 49.2176 89.7225 84.3304 6.5192 31.3683 70.721 67.419 82.426 67.3784 40.3759 51.6109 36.0943 
20.7531 39.053 51.7795 63.182 92.4818 56.2878 46.4762 45.6163 49.3822 101.296 39.8945 104.153 54.9299 91.4764 15.9531 
21.8234 33.1097 36.6995 46.8284 74.9533 43.0215 41.7096 31.8453 33.5626 86.6762 34.5001 90.1388 39.4342 78.8003 20.1229 
57.3694 32.222 41.4 40.0676 44.6754 13.4833 67.3736 43.8462 4.20476 79.9346 33.5769 85.4104 40.8589 80.233 57.0938 
46.0092 54.7878 12.1672 10.8208 42.7548 44.1475 43.8853 18.0314 29.9827 52.7502 56.4387 57.4008 10.4235 50.0637 48.4836 
40.8902 16.269 44.8529 50.6056 67.993 25.4153 59.1001 42.9242 20.5879 92.5108 17.9011 96.9836 46.3402 88.0839 38.8356 
56.4358 19.1659 50.0165 51.3654 57.68 8.46463 71.2952 50.6504 11.8562 92.3591 20.3843 97.6009 50.2892 91.2518 54.9794 
65.025 66.8901 27.7218 15.0748 25.4466 49.5913 59.8687 35.1967 38.0686 44.0291 68.4425 49.9349 24.2745 48.1503 67.5743 
51.2016 30.9944 36.6973 37.0303 47.4934 17.5285 61.4554 38.4783 3.1 78.0226 32.5066 83.2328 36.5568 77.0248 51.0119 
78.9229 66.2499 45.6128 34.4816 10.6921 43.5785 78.0426 52.3927 37.3241 58.9207 67.5569 65.3094 42.5913 66.5086 80.536 
27.328 63.5604 15.7305 28.8669 68.6222 62.9763 17.0942 8.78635 48.9311 58.6008 65.1504 60.7184 19.1943 47.3726 31.717 
39.7725 40.6807 21.225 25.1247 49.7941 33.5073 45.9654 22.3895 19.1755 67.0391 42.3402 71.5942 21.7911 63.4449 40.9004 
76.1726 78.994 37.4066 23.9437 21.822 60.22 68.0712 45.1167 49.8001 36.6629 80.515 43.0488 33.75 45.2734 79.0514 
53.7886 13.8058 69.0514 75.6151 90.1568 39.1063 77.2032 66.0376 42.3757 117.478 12.9387 121.835 70.8732 112.336 49.8145 
48.1358 53.2658 15.617 12.5196 40.208 41.3731 47.1399 21.2603 27.4089 54.1872 54.9023 59.0816 13.808 52.4786 50.3501 
55.4748 26.7798 43.5993 43.7224 50.0896 10.7042 67.5173 45.1638 3.92173 84.3203 28.1391 89.6547 43.4793 83.8048 54.7522 
28.5524 79.2394 38.1241 50.3627 90.7838 83.4741 5.85235 31.6901 70.066 70.1 80.6717 70.2016 41.2606 54.5052 33.4073 
35.2966 31.4127 29.4635 35.5647 58.6223 30.4923 47.617 28.1455 18.2258 77.3325 33.0728 81.6723 30.9006 72.6502 35.171 
77.9801 40.5623 60.9925 56.7902 44.8363 15.8619 88.4771 64.3684 24.6844 92.4745 41.2244 98.5152 59.8222 96.0282 77.2732 
84.2112 73.3655 49.1601 36.9834 4.02616 50.5846 81.5542 56.3298 44.3878 55.7862 74.6738 62.2676 45.8839 65.131 86.0884 
38.882 89.7937 45.0582 56.0811 96.5315 93.2421 15.4829 39.5885 79.56 69.3001 91.2371 68.417 47.7746 52.355 43.6232 
34.3083 82.2857 35.2354 46.3916 86.8884 84.2383 8.45991 29.8804 70.362 62.8497 83.786 62.7277 37.9666 46.9353 39.3071 
71.7449 73.8306 33.4858 20.1358 22.0511 55.4583 64.8951 41.1477 44.7135 39.808 75.3595 46.0336 29.8786 46.5692 74.4752 
84.9372 109.719 50.7579 44.2404 62.5218 96.6935 64.6746 55.7822 83.623 6.48845 111.373 3.00832 48.4864 13.318 89.4464 
12.8004 48.0077 49.355 61.8108 94.4503 63.0841 38.544 42.3954 54.4797 97.5562 48.9719 99.8838 52.7944 86.3656 7.79872 
58.9754 5.11566 65.5305 69.7316 78.7921 26.0094 79.634 64.0706 32.4261 111.515 3.73363 116.381 66.6791 108.462 55.8488 
63.5525 63.786 27.2619 15.4842 25.655 46.4182 59.6591 34.5059 34.8983 47.0958 65.3318 52.9462 23.9942 50.6827 65.9155 
29.8136 83.7497 51.614 64.3991 104.519 91.8686 19.5888 44.5588 79.394 84.581 85.0146 84.3465 54.9714 68.4416 33.5073 
49.4198 11.3547 63.8393 70.5252 86.1539 36.3319 72.3824 60.8252 38.2001 112.357 11.0941 116.676 65.6804 107.12 45.6396 
19.1604 73.1331 47.8875 61.2434 100.259 82.7711 19.7588 40.3071 70.9809 86.816 74.3454 87.4122 51.4774 71.9885 22.4377 
35.4018 89.4072 57.7825 70.4214 110.666 98.1225 25.4939 50.8276 85.7467 88.8369 90.6332 88.23 61.0892 72.2034 38.7324 
84.4863 85.2892 45.6939 32.2332 19.226 65.1356 76.0424 53.4064 55.8585 37.5432 86.7623 44.0454 42.0326 49.0241 87.3401 
47.8418 12.524 63.0096 69.9668 86.4089 37.1727 70.9663 59.8306 38.421 111.739 12.4258 115.99 64.9249 106.259 44.0192 
67.7585 102.507 41.7825 41.9634 73.6699 94.771 44.4389 43.7937 80.5522 28.4542 104.164 26.1842 41.1413 10.3619 72.6333 
9.97296 48.7016 30.7878 43.5056 78.3127 56.0404 26.3167 23.7697 44.3402 79.1154 50.1025 81.663 34.2791 68.6746 12.2201 
81.0519 73.4308 45.0708 32.5504 7.99062 51.6211 77.3409 52.3955 44.0938 51.2254 74.8054 57.6837 41.699 60.1895 83.1481 
87.2002 94.4456 47.8026 35.0291 31.226 75.7431 75.1642 55.3153 65.3496 26.3388 95.9817 32.7649 44.2163 40.143 90.5884 
93.9144 69.3234 64.4038 54.3342 21.1021 44.0955 96.4428 70.5642 44.5112 77.4703 70.2729 83.9573 61.7051 86.4677 94.7279 
55.7561 68.7274 16.4478 3.54683 39.0415 55.9325 47.0473 24.1338 42.459 38.7129 70.3683 43.6005 12.7883 37.9415 59.0143 
7.03491 60.8112 39.3825 52.816 90.2513 70.0493 20.0823 31.6811 58.4604 83.3933 62.0794 84.9191 43.0499 70.4231 11.5169 
7.26154 61.1099 42.7766 56.1898 93.3221 71.5525 22.8954 35.0875 60.3831 86.8711 62.3148 88.3509 46.4428 73.7768 10.5119 
41.025 14.2773 47.5237 53.64 71.1098 27.0972 60.3697 45.2607 23.5104 95.5148 15.8382 99.9252 49.133 90.8067 38.6047 
60.5648 16.7672 56.0261 57.3391 61.5702 8.6093 76.594 56.5088 17.6409 98.1698 17.6003 103.471 56.3266 97.2704 58.7307 
34.6898 34.1023 26.7711 33.0627 57.4783 32.2523 45.6711 25.5633 19.328 74.7591 35.7628 79.0547 28.2237 69.9626 34.9464 
60.3067 41.7163 37.5293 33.432 35.5449 21.78 66.583 41.5235 12.4664 71.5964 43.102 77.281 36.2064 73.2462 60.7998 
50.8434 56.4273 16.14 9.96243 37.8842 43.5828 48.3663 22.6259 29.9189 51.1124 58.0556 56.136 13.64 50.1283 53.2365 
11.8849 48.7297 28.7089 41.4059 76.337 55.109 25.9106 21.7442 43.1082 77.182 50.1674 79.7966 32.1908 66.9481 14.3171 
89.0225 82.4314 51.8348 38.6988 8.37735 60.1801 83.5812 59.3891 53.158 49.1712 83.7873 55.6663 48.3011 60.6012 91.3407 
33.6216 85.3029 43.7507 55.5569 96.0684 89.8338 12.083 37.6294 76.4157 72.1583 86.7148 71.7011 46.7398 55.7359 38.2845 
87.3038 70.9474 54.3869 43.0822 8.37257 46.9222 86.8203 61.1649 43.042 64.085 72.136 70.5681 51.3455 73.2449 88.7539 
47.0208 64.0666 7.67919 5.90931 46.1842 54.3339 39.1184 15.376 40.1523 44.3708 65.7282 48.5108 4.01995 40.1241 50.3572 
68.9757 25.7857 59.8264 58.9784 56.6117 5.61427 83.2445 61.4431 20.0489 98.2553 26.3388 103.894 59.5538 99.1375 67.4793 
8.7 59.5914 34.0459 47.4865 85.158 67.0099 17.3217 26.341 54.8689 78.4149 60.9473 80.1057 37.7133 65.8554 13.7295 
20.3931 35.0001 35.1063 45.5368 74.5553 44.1403 39.7257 30.0563 34.1738 85.0819 36.4088 88.4689 37.9247 76.9905 19.0686 
42.1427 81.9128 25.7721 34.0918 73.9124 79.2023 19.3763 23.494 64.8198 47.9126 83.5201 48.3017 27.4192 33.008 47.0636 
94.8618 73.3625 63.4814 52.5951 16.3028 48.3542 95.8142 70.0179 47.3355 73.0017 74.3892 79.5031 60.567 82.8016 95.9725 
30.6178 23.4184 46.0977 54.8293 78.301 38.5751 52.4816 42.0415 32.6435 95.7911 24.627 99.5948 48.4608 88.9103 27.596 
17.0417 38.1257 34.8036 45.9123 76.4094 47.4292 36.8897 29.1815 37.1797 84.6476 39.5032 87.8191 37.8262 75.9044 15.9101 
45.132 11.1072 58.5519 65.3925 82.27 34.1621 67.5228 55.5302 34.2965 107.179 11.625 111.453 60.4194 101.827 41.6016 
44.2976 21.5595 65.2767 73.6288 93.3408 45.7665 68.9168 61.1308 45.5198 114.881 21.4756 118.755 67.592 108.053 39.9326 
50.7442 71.9862 12.627 9.90404 48.8144 62.2389 38.5253 19.016 48.1319 37.3666 73.6495 41.0761 10.1178 32.0832 54.569 
18.3096 47.0346 23.324 35.5269 69.9121 50.6558 27.9716 17.0558 37.968 72.7176 48.5675 75.7006 26.6391 63.5964 20.5205 
84.9942 94.8008 45.7027 33.4229 34.7697 76.9999 71.9612 53.0589 66.0129 22.2036 96.365 28.6791 42.1973 35.7022 88.5442 
55.6004 19.8487 48.7571 50.1199 56.9289 8.98276 70.191 49.4241 10.6888 91.152 21.1244 96.3794 49.0245 89.9939 54.23 
79.8331 89.7246 40.4836 28.0708 33.1272 72.4334 67.4721 47.9067 61.1104 23.7929 91.2993 30.2597 36.9477 34.7858 83.3236 
24.3298 33.0044 50.6317 61.2243 88.4773 50.4417 49.2675 45.0977 44.1775 100.543 33.8824 103.741 53.5494 91.7076 20.0212 
59.9371 16.5245 55.4923 56.9004 61.5237 8.80227 75.9716 55.9336 17.2534 97.7917 17.4072 103.075 55.8162 96.8052 58.1111 
79.36 66.4086 46.1068 34.9813 10.4561 43.6358 78.5348 52.8796 37.5366 59.2663 67.7083 65.6619 43.0884 66.9362 80.9579 
49.9268 20.7928 69.8765 77.6889 95.4133 45.9426 74.4852 66.0337 47.4236 119.208 20.2773 123.234 72.0506 112.866 45.5555 
11.1866 44.9361 32.8878 45.1249 78.4653 53.3892 30.3416 26.2945 42.2868 81.9259 46.3087 84.6775 36.2428 72.0069 11.7 
42.0268 50.3623 12.9097 15.64 46.2395 41.4403 42.3851 16.7359 27.044 57.4512 52.0212 61.9333 12.5877 53.8788 44.2109 
59.8178 76.9999 20.9093 11.4477 42.6058 64.4466 47.3831 27.933 51 30.563 78.6481 35.2018 17.6853 29.6346 63.5265 
40.0136 27.3649 33.7831 38.396 57.4008 25.0874 53.1084 33.1634 13.6125 80.3278 29.0271 84.9306 34.8323 76.617 39.469 
63.2987 30.1042 49.4004 47.7603 47.4684 6.50538 74.8217 51.7178 10.4403 86.9125 31.1873 92.537 48.848 87.8902 62.5545 
17.2986 70.4645 40.1214 53.4161 92.7121 77.908 12.492 32.6181 65.478 79.2129 71.7886 80.0156 43.6811 64.7971 21.792 
41.5502 56.83 6.04401 11.5317 48.3293 48.6363 37.6968 11.9331 34.2446 51.9139 58.4939 56.0207 5.44243 47.1296 44.4595 
37.9803 18.1915 43.7018 50.1807 69.3663 28.2604 56.6199 41.3226 22.5338 91.9827 19.7692 96.308 45.3927 87 35.8766 
49.5707 4.56946 58.2177 63.7107 77.3946 27.6134 70.5001 56.0857 29.5368 105.643 5.67186 110.217 59.7013 101.454 46.4724 
29.7069 75.535 28.8522 40.7149 81.2015 77.1003 5.51453 23.0209 63.2295 61.5647 77.056 62.1807 31.8198 46.9233 34.7351 
48.9662 37.4513 29.7082 29.5657 44.0056 24.6435 56.3285 32.2256 10.374 70.7265 39.0288 75.8634 29.3171 69.5544 49.5019 
88.5149 86.6742 50.0685 36.6197 16.14 65.5406 80.8117 57.7666 57.2071 41.5395 88.1011 48.016 46.425 53.7842 91.2152 
66.3774 47.0239 40.9884 34.8368 29.7674 24.957 71.3098 45.7867 18.4459 70.3674 48.3256 76.3053 39.176 73.6355 67.0398 
58.459 93.3945 32.9844 35.0203 70.1533 86.6901 35.9201 34.4372 72.3478 32.7989 95.0458 32.2304 32.7515 16.4754 63.2918 
26.4486 53.1898 13.3364 26.1192 62.9235 52.1645 26.4367 7.06045 38.2479 62.6163 54.8056 65.6906 16.7967 53.9812 29.6169 
32.9812 85.9077 47.6001 59.7639 100.221 91.8029 15.2398 41.1196 78.6931 77.1827 87.2663 76.7001 50.7244 60.7185 37.3343 
60.7586 69.9085 21.7555 8.29759 33.509 55.1589 52.7555 29.4681 42.3851 38.1644 71.5221 43.601 18.0945 40.0391 63.8254 
58.1022 90.5365 29.77 30.7132 65.5073 82.94 36.9579 32.083 68.6662 30.4133 92.1947 30.7148 29.1661 15.9211 62.8135 
29.2104 53.4619 10.8812 23.4019 60.1958 51.1077 28.3048 5.78014 36.9935 60.5695 55.096 63.8223 14.2215 52.5419 32.3014 
51.4669 4.31856 56.6562 61.2412 73.094 22.809 71.1551 55.1393 25.4867 103.122 5.96657 107.873 57.8761 99.6748 48.7308 
32.5564 21.8112 43.7704 51.7706 74.1033 34.6469 52.8887 40.315 28.3064 93.1002 23.2009 97.0918 45.9077 86.8945 30.0561 
62.3123 51.7537 32.8014 25.4437 27.6463 32.4852 64.2499 38.4005 22.291 61.2719 53.2085 67.0978 30.5944 64.0828 63.6447 
44.2143 54.1776 10.9731 11.7414 44.5426 44.383 42.3043 16.4268 30.0987 53.5527 55.8342 58.0662 9.70052 50.2681 46.7124 
66.9182 26.618 56.4214 55.3781 53.6639 2.54951 80.4101 58.2241 16.7003 94.6425 27.3732 100.274 56.0772 95.5327 65.6418 
66.8644 54.9205 36.389 27.7959 23.3 34.2345 68.2246 42.3449 25.5163 61.0011 56.3224 67.0189 33.9271 65.1055 68.2268 
59.0665 52.814 28.1954 20.8406 29.6346 35.3115 59.8847 34.0066 23.7002 57.9275 54.3331 63.5957 25.9124 59.914 60.6765 
74.7019 81.8204 35.3836 22.2002 27.9973 64.3441 64.631 43.0401 53.0754 30.7782 83.3842 37.086 31.7328 39.0283 77.9001 
71.6771 102.461 41.6915 39.2852 67.6036 92.7855 49.7998 45.0521 78.8509 20.4313 104.125 18.6604 40.361 2.60192 76.4055 
94.2343 78.232 60.2071 48.228 8.32586 53.9282 92.6476 67.2434 50.5253 64.437 79.3913 70.9366 56.9991 75.2191 95.8259 
68.1745 59.3913 35.3713 25.3432 20.4377 39.1061 67.671 41.8896 29.9234 56.4047 60.8227 62.4905 32.5601 61.1786 69.8645 
17.7792 71.4088 49.3742 62.8033 101.356 81.9954 22.6153 41.7138 70.5814 89.527 72.5745 90.2656 53.0028 74.9445 20.4561 
13.6473 65.6113 50.0881 63.5293 100.806 77.7541 27.2459 42.3812 67.0995 93.0565 66.7027 94.2251 53.7555 79.2806 14.8499 
34.3284 19.6787 47.3055 55.2536 76.7626 35.1882 55.6328 43.7824 30.222 96.6274 20.938 100.629 49.4453 90.4129 31.4084 
77.9593 97.3476 40.7414 31.9188 48.9744 83.0909 60.9893 46.9222 70.3803 10.1607 98.9849 15.8028 37.8926 19.2284 82.0926 
79.5685 65.1418 47.0418 36.2627 11.6379 42.0529 79.4119 53.666 36.5016 61.3538 66.4146 67.7422 44.1128 68.8619 81.0401 
17.9109 68.8018 34.4843 47.7213 87.2061 74.5094 8.28794 27.0633 61.6319 73.8361 70.2011 74.8333 38.0158 59.8319 22.8642 
68.893 67.1631 32.3682 20.0112 20.5847 48.3249 64.6611 39.7166 37.8737 46.6172 68.6671 52.7379 29.0043 52.1061 71.2298 
56.8243 17.9869 51.2235 52.7219 58.949 8.73212 72.1055 51.7326 13.2654 93.7551 19.1604 98.9866 51.5461 92.577 55.2497 
52.8787 80.4851 19.6644 19.9008 56.7819 72.0537 35.7655 23.5053 57.826 33.0492 82.1484 35.3828 18.5408 23.7002 57.234 
86.0572 85.8941 47.3787 33.9159 18.0602 65.3644 77.8667 55.0884 56.4328 38.9317 87.3506 45.4274 43.7224 50.754 88.857 
33.1186 39.7654 21.1625 28.4042 56.3498 36.9314 41.1418 19.9264 23.2476 69.7339 41.4237 73.8611 22.8044 64.4269 34.1884 
38.5105 17.8922 55.5277 63.6002 83.9631 38.8573 61.6844 51.7285 36.5268 104.958 18.593 108.921 57.7361 98.5207 34.7829 
28.8882 30.9273 54.9229 65.1427 90.9495 50.3925 54.0341 49.6049 45.4674 104.889 31.6097 108.195 57.7437 96.3351 24.3971 
80.5137 109.783 49.3852 45.3282 69.0476 98.7714 58.6121 53.3026 85.1456 15.5666 111.447 11.4965 47.7017 6.5 85.2209 
80.8356 53.9727 55.4658 47.8351 27.7189 28.8647 86.2293 60.6078 29.5298 78.6553 54.9607 84.9392 53.3704 84.537 81.2023 
51.9905 91.2967 32.9184 38.2958 76.0771 87.1001 27.9732 32.2672 72.6654 41.9228 92.9207 41.2001 33.6929 25.2446 56.9509 
73.3632 39.7247 55.1421 50.9137 41.3146 14.4031 82.9849 58.6483 19.891 87.0561 40.6 93.036 53.9348 90.2584 72.9104 
82.445 51.371 59.5046 52.7414 33.5179 26.0492 89.4894 64.1752 29.6816 84.6245 52.2162 90.8833 57.6521 90.1444 82.4477 
17.674 70.8717 40.3854 53.665 93.0041 78.3144 12.4619 32.8976 65.8752 79.2679 72.1948 80.0373 43.9383 64.7893 22.145 
70.1599 43.1335 48.4665 43.3018 34.8059 18.8308 77.5902 52.5925 17.9109 78.9786 44.2404 84.9603 46.9703 82.3476 70.2352 
71.2321 53.5238 42.8544 34.757 23.2476 30.8172 74.2694 48.4435 25.006 67.1038 54.8034 73.2356 40.5686 71.8883 72.2003 
76.3757 39.6268 59.4012 55.3376 44.3907 14.6731 86.8232 62.736 23.0482 91.3267 40.3407 97.337 58.2602 94.6755 75.6986 
51.8337 83.5426 22.9055 25.5149 62.8233 76.5607 32.3002 25.005 62.2101 34.9314 85.1989 36.2084 22.6126 22.4715 56.439 
69.3939 37.1345 51.7754 48.1751 41.8868 12.105 79.1912 55.0442 15.9226 85.3347 38.1182 91.208 50.7141 87.8463 68.956 
43.4752 20.7422 40.586 44.8282 60.5499 20.948 58.7804 39.8252 13.3754 86.7329 22.3958 91.448 41.6016 83.3662 42.2043 
90.6551 73.4513 57.6608 46.2128 9.07965 49.12 90.1049 64.4795 45.9004 65.7012 74.6031 72.2003 54.5888 75.4724 92.0861 
91.2905 85.217 53.7729 40.5177 10.5119 62.9229 85.2911 61.377 55.9411 48.4653 86.5725 54.9351 50.2032 60.5939 93.6848 
38.7072 92.7052 59.2871 71.6688 112.062 100.949 26.8365 52.5404 88.3894 88.3603 93.949 87.4925 62.5016 71.4236 42.1628 
53.2508 94.8119 37.4192 43.2949 81.0993 91.4709 28.1823 36.1531 77.0439 45.0877 96.4206 43.7425 38.4012 27.6632 58.2671 
64.8198 46.2127 39.634 33.8024 30.6858 24.7008 69.8178 44.3353 17.3531 69.9412 47.5432 75.8236 37.8893 72.8512 65.4954 
92.33 67.6326 63.1418 53.2686 21.2085 42.4209 95.1023 69.2225 42.7917 77.262 68.5894 83.7377 60.4915 85.933 93.1092 
83.5239 75.634 47.3396 34.6712 6.22656 53.535 79.5369 54.7132 46.359 51.3515 76.9931 57.8381 43.9323 61.0047 85.6426 
36.4737 33.9944 26.9229 32.4852 55.8678 30.8992 47.0106 26.2246 17.7178 74.3114 35.6585 78.7178 28.1519 69.9486 36.7491 
55.4398 7.52861 66.538 72.06 84.2998 32.5186 77.58 64.2312 36.9121 113.991 6.35059 118.586 68.06 109.796 51.8818 
26.8701 52.3417 13.2699 25.8 62.2159 51.1297 27.4694 7.49533 37.205 62.8182 53.9618 65.9826 16.6373 54.4538 29.9 
68.3078 39.6425 48.5791 44.363 38.2374 15.3522 76.836 52.2412 15.317 81.1473 40.7382 87.0394 47.3324 83.8619 68.1707 
96.9708 79.9476 63.0987 51.1262 11.0639 55.3982 95.5416 70.1208 52.6015 66.5986 81.0711 73.0896 59.896 77.7278 98.5114 
53.528 63.2312 15.3883 3.74833 37.6873 50.2872 47.5601 22.9393 36.7766 44.2432 64.8658 49.231 11.9269 43.4954 56.4214 
51.8703 66.0038 12.6301 1.253 41.699 54.3912 43.8256 20.3384 40.5744 41.5897 67.6548 46.185 8.9627 39.3376 55.111 
78.0487 74.9627 40.7413 27.6875 13.9291 54.5154 72.6136 48.2827 45.4943 45.0152 76.4118 51.4395 37.2236 53.6591 80.4727 
51.5861 62.8905 13.2378 2.77308 39.8448 50.7894 45.4004 20.8166 37.0448 44.5621 64.5347 49.3527 9.76371 42.9233 54.5573 
90.3692 84.2134 52.9419 39.719 9.81122 61.963 84.5319 60.5325 54.9299 48.5359 85.571 55.0173 49.3822 60.4094 92.7436 
24.1108 77.5188 54.3921 67.7248 106.795 88.3585 25.3097 46.8287 76.9006 92.2956 78.6553 92.6201 57.9718 76.9889 26.5398 
11.4232 44.5325 44.6287 56.8205 88.9769 58.2316 37.0438 37.9164 49.2016 93.4115 45.6177 95.9725 47.9905 82.8561 6.93542 
23.6631 68.3495 25.4466 38.3481 78.352 70.6134 7.56637 18.5267 56.9646 64.2378 69.8634 65.521 28.8226 50.9231 28.6163 
50.1662 94.3709 39.2296 46.6091 85.3879 92.6261 24.4663 36.8034 78.2654 51.0053 95.95 49.64 40.7044 33.5638 55.1987 
70.0746 45.2674 46.867 41.1238 32.2002 21.3776 76.56 51.3086 18.8743 76.2655 46.4247 82.275 45.209 79.8912 70.3535 
37.4429 89.8109 48.5166 60.1033 100.62 94.7402 17.0488 42.5207 81.3606 74.7553 91.2014 73.9138 51.437 57.854 41.9237 
33.6875 47.4236 13.5093 22.0511 54.5297 42.9979 36.5396 12.9016 28.7656 62.6003 49.0829 66.5373 15.3574 56.8001 35.8156 
78.9325 102.327 43.7233 36.8209 56.7665 89.3087 59.8619 49.0697 76.1969 7.21734 103.979 9.89949 41.3176 12.4483 83.3216 
31.3321 49.1212 12.532 22.832 57.0154 45.8215 33.4073 10.3576 31.6811 62.3485 50.7711 66.0303 15.0233 55.6705 33.7575 
35.9089 68.2807 11.7201 22.865 63.3553 64.6003 22.2036 9.14822 50.2143 50.0274 69.9143 52.2506 14.2004 39.3209 40.2505 
23.354 39.1561 26.045 36.2724 66.6748 42.7011 36.2163 21.6391 30.55 76.0066 40.7236 79.5405 28.7404 68.5248 23.9767 
33.643 56.9451 5.96657 18.9169 57.0246 52.6095 29.4245 3.62353 38.2523 55.6793 58.5956 59.0191 9.42603 48.0838 36.9597 
14.145 43.0029 31.2117 43.0781 75.7275 50.595 31.729 25.006 39.3412 80.6774 44.4221 83.6236 34.4511 71.3253 14.5798 
77.0561 97.5722 40.289 32.0383 50.6519 83.7673 59.6272 46.2615 70.8917 9.90858 99.2152 14.9883 37.5586 17.2699 81.2528 
62.0014 53.9303 30.9855 22.9009 26.9453 35.223 62.8129 36.933 24.5459 58.4072 55.4124 64.2228 28.5792 61.2569 63.5541 
20.7239 46.4669 21.5474 33.4401 67.503 48.9838 29.2036 15.741 36.0468 71.2301 48.03 74.3663 24.7524 62.5928 22.8528 
73.7587 66.6055 38.7475 27.0041 14.4997 45.7621 71.1891 45.8279 37.1517 52.1943 68.0237 58.4866 35.5519 58.9227 75.7407 
58.2344 61.6242 21.8037 10.7541 31.1482 46.1775 54.2365 29.0022 33.5774 47.0763 63.2143 52.578 18.6078 48.6585 60.7126 
75.9974 75.2283 38.1581 24.9177 17.3185 55.5831 69.7705 45.7739 45.8345 42.1723 76.7125 48.5519 34.5863 50.3572 78.576 
71.729 37.1303 54.8485 51.2524 43.5165 11.8068 82.0463 58.0404 18.3216 88.1631 38.0001 94.0741 53.8075 90.8732 71.14 
65.2141 53.6773 35.108 26.9466 24.905 33.4522 66.8097 40.9353 24.2266 61.1494 55.0974 67.1007 32.7365 64.7835 66.5595 
43.5078 15.9531 44.9324 49.8595 65.5211 22.2576 60.8644 43.546 17.8011 91.7894 17.6173 96.416 46.1815 87.9821 41.6416 
54.0224 27.2531 41.9363 42.267 49.8738 12.4101 65.8317 43.4557 2.5 83.0376 28.6667 88.3239 41.8571 82.3077 53.3889 
81.1001 80.8013 42.7225 29.2961 17.0317 60.698 73.7361 50.4099 51.3662 39.9501 82.2724 46.4349 39.0899 50.0564 83.8108 
27.1803 76.0216 33.3901 45.6974 86.0851 79.3339 1.50333 26.9713 65.7761 66.8865 77.4902 67.3318 36.5427 51.8904 32.1795 
35.5141 48.8829 11.9883 19.909 52.7565 43.4074 37.1139 12.5447 29.0558 60.6236 50.5455 64.6372 13.5148 55.1599 37.7733 
70.0246 27.2415 60.1202 58.9448 55.6289 6.08276 83.9662 61.9107 20.4 97.9356 27.7908 103.62 59.7599 99.0826 68.5964 
89.9323 114.04 55.5023 48.4876 64.105 100.412 69.5955 60.6644 87.5631 7.571 115.689 2.01246 53.1377 17.8138 94.4356 
64.5398 20.8079 57.8195 58.1166 59.3006 5.74543 79.7662 58.8411 18.3731 98.3043 21.4704 103.769 57.8496 98.2342 62.859 
6.64906 47.3635 38.5025 51.0714 84.8253 58.1986 30.7688 31.5317 47.8038 86.813 48.6067 89.2698 41.962 76.0451 5.42033 
34.3572 49.3138 11.5935 20.4318 53.9693 44.4325 35.7968 11.4438 30.1213 60.7438 50.9739 64.6467 13.4618 54.8802 36.7104 
58.1936 56.8205 24.5204 15.7003 30.0466 40.461 56.7818 31.0103 28.2285 52.736 58.381 58.3222 21.8289 54.4812 60.2286 
76.4577 95.4328 39.0083 30.0217 47.676 81.1934 59.8927 45.2866 68.4635 12.0801 97.0696 17.6477 36.1134 19.9459 80.5482 
95.0404 119.789 61.1265 54.2365 68.6477 106.062 74.1062 66.1497 93.273 12.9356 121.438 7.63806 58.8139 21.816 99.6033 
37.6789 68.8178 10.8522 21.2702 61.7867 64.4224 23.9727 9.66023 50.0049 48.2925 70.4592 50.6253 12.9653 37.9521 41.9687 
88.3318 103.263 50.0029 39.3235 45.6127 86.7021 72.3835 56.7563 75.056 12.4391 104.863 18.6011 46.8113 28.8846 92.2736 
73.1498 44.1091 51.7035 46.3087 35.2239 19.1659 80.8476 55.8616 20.4287 81.2968 45.1249 87.346 50.1687 85.1082 73.1249 
36.5657 19.4941 42.7654 49.5452 69.5831 29.4279 55.2293 40.2126 23.1387 91.2781 21.0545 95.5396 44.5382 86.0668 34.5013 
22.9314 68.4054 26.462 39.4118 79.3673 71.0634 6.90797 19.461 57.4905 65.2854 69.908 66.5256 29.8605 51.8649 27.9116 
74.1529 92.5286 36.372 27.1398 45.8808 78.3441 58.2223 42.7968 65.5732 14.9807 94.165 20.4394 33.4073 21.2229 78.1769 
43.546 90.4858 39.239 48.605 88.5219 90.8631 17.6709 35.2847 76.7074 58.2646 92.0194 57.307 41.3673 41.2438 48.5477 
41.77 83.4621 28.5577 37.2759 77.1583 81.5516 17.7792 25.7008 67.2132 50.2143 85.0537 50.2801 30.3798 34.6931 46.7547 
15.6029 65.5007 32.3543 45.728 84.8093 71.1376 10.3247 24.7776 58.3167 73.5865 66.9108 74.8762 35.9507 60.1868 20.6306 
93.4508 64.7237 66.5422 57.5657 27.9229 39.4069 97.9801 72.1782 42.0259 83.5837 65.5516 90.0385 64.1346 91.6675 93.8691 
31.2187 82.6087 41.4403 53.4589 93.9407 87.1005 9.4414 35.1621 73.7055 71.4809 84.0262 71.2675 44.5018 55.3997 35.9539 
104.201 77.719 74.3511 63.8274 27.1271 52.3978 106.525 80.6598 54.2351 83.6496 78.5535 90.1501 71.5504 94.0213 104.975 
1.7 55.0694 40.9148 54.0959 89.8993 65.8728 26.1599 33.4073 55.0718 87.124 56.2776 89.0344 44.5364 74.9982 4.93964 
30.5197 30.3819 56.4925 66.5932 91.9139 50.532 55.7286 51.2403 46.0834 106.467 30.984 109.806 59.2828 98.0013 25.9788 
32.0056 58.3929 7.45453 20.8691 59.5834 54.9615 26.6317 0.905539 40.6597 55.9926 60.0333 59.0568 11.1158 47.5178 35.5732 
77.9372 67.8189 43.5488 31.9226 10.4139 45.7919 76.0022 50.5408 38.5914 55.4032 69.1723 61.7888 40.3981 63.0677 79.7539 
57.0088 26.9765 44.916 44.7236 49.7974 9.3086 69.0595 46.6032 5.13517 85.0918 28.2793 90.4828 44.7214 84.8487 56.2524 
53.5068 20.6197 72.6257 80.0621 96.4498 45.9436 77.9695 68.9977 48.5115 121.726 19.8338 125.857 74.7006 115.732 49.1554 
62.9575 80.1804 24.233 14.6386 42.459 67.1193 49.7305 31.1373 53.8568 27.2943 81.825 32.1006 21.0583 27.5748 66.7313 
36.977 41.2433 19.8698 25.3428 52.1981 35.7022 43.2394 20.2 21.5205 67.0678 42.9076 71.4246 20.8926 62.6919 38.2237 
88.4021 89.4576 49.4223 35.9918 21.0278 69.038 79.283 57.1319 60.0083 36.7764 90.9222 43.2325 45.7551 49.5961 91.3316 
13.2801 66.1039 48.6371 62.0928 99.6603 77.6323 25.2834 40.9246 66.7174 91.2095 67.2309 92.3347 52.3026 77.3559 15.1476 
19.9882 49.0306 20.6886 33.1296 68.336 51.4286 26.6492 14.2706 38.3377 69.9443 50.5882 72.9044 24.0693 60.8067 22.6433 
58.7246 8.02309 60.4259 63.4881 70.791 18.0114 77.4187 59.7652 25.0234 104.997 8.47231 110.047 61.2354 102.826 56.1805 
80.8295 98.9959 43.2541 33.8285 47.943 84.0792 64.1249 49.6162 71.6419 9.36056 100.624 15.6349 40.294 21.5845 84.9123 
78.4863 77.3047 40.539 27.2371 16.0823 57.2647 72.0128 48.1751 47.8678 41.9987 78.7747 48.4384 36.95 51.0439 81.078 
29.7955 28.7628 54.1025 64.012 89.1144 48.1253 54.5711 49.023 43.3663 104.081 29.4837 107.5 56.8328 95.8783 25.4892 
79.7023 59.5814 50.3698 41.0946 18.64 35.4401 82.2 56.3238 32.2621 69.3485 60.7425 75.6873 47.8315 76.029 80.6649 
59.1054 27.5536 46.6169 45.9858 49.3028 7.64853 71.1029 48.4823 6.91809 86.0086 28.7772 91.476 46.3168 86.1451 58.3212 
53.5696 41.2724 30.7313 28.211 38.8 25.3663 59.3165 34.3634 12.3907 68.2561 42.7956 73.6416 29.7136 68.3687 54.3272 
29.6906 27.7492 52.8644 62.6266 87.5112 46.6622 54.1498 47.9117 41.7675 102.835 28.5365 106.308 55.5493 94.8146 25.5441 
52.352 25.9422 41.5117 42.459 51.4821 13.3004 64.6574 42.7019 3.54683 83.5225 27.4002 88.7246 41.5996 82.3751 51.6345 
76.5852 44.2289 56.2944 51.0119 37.8609 18.9066 85.1062 60.3013 23.2899 85.6458 45.1004 91.7416 54.8151 89.7332 76.3364 
59.236 77.4623 20.5866 12.0108 43.9936 65.2905 46.3276 27.4233 51.7429 30.2835 79.1142 34.7315 17.4957 28.6196 63.0147 
30.6023 23.6966 47.6828 56.5942 80.2002 39.9606 53.0925 43.4553 34.4089 97.4506 24.8117 101.201 50.1049 90.3737 27.3227 
76.453 39.6415 59.5 55.4374 44.4545 14.7054 86.9154 62.8325 23.1311 91.4197 40.3517 97.431 58.3597 94.7738 75.7716 
55.5302 92.138 32.3396 35.8134 72.2359 86.4288 32.4766 32.973 72.0259 36.5016 93.7804 35.9168 32.5208 20.0823 60.414 
44.9419 88.842 34.5913 42.9606 82.4968 87.5009 19.5233 31.6356 73.185 51.9871 90.4173 51.3035 36.3534 35.3142 49.973 
54.278 42.8823 30.1823 27.0485 37.4086 26.643 59.3219 34.1397 13.9316 66.8159 44.4038 72.2407 28.9914 67.1726 55.1649 
77.0328 92.5172 38.4762 27.9029 41.7929 77.1421 62.1928 45.323 64.8594 16.3866 94.1353 22.5559 35.2626 25.78 80.892 
84.0163 65.4056 52.8675 42.5067 13.5882 41.2089 85.0969 59.2571 37.9084 67.2269 66.5674 73.6579 50.0634 75.2056 85.2048 
58.0111 15.948 73.1842 79.4718 92.7183 40.7421 81.5502 70.2926 45.2482 121.376 14.7299 125.807 74.9392 116.482 53.9676 
66.011 73.2885 26.9981 13.5518 29.6562 57.1106 57.6779 34.7109 45.0362 36.2243 74.8768 42.062 23.3335 40.5 69.049 
41.6646 37.6703 24.8622 27.8959 49.3907 29.8136 49.2854 26.0622 15.5168 69.8104 39.3205 74.5185 25.2733 66.768 42.3968 
33.0506 43.7476 17.1968 25.0954 55.4206 40.1005 38.5156 16.1505 26.0762 66.0688 45.4059 70.0928 18.951 60.4811 34.6914 
58.9388 23.3283 49.5117 49.7419 53.7226 5.50364 72.4945 50.8016 9.96243 90.1679 24.4806 95.5594 49.471 89.8394 57.7721 
61.486 20.5197 77.9025 84.2998 97.2433 44.8589 85.4768 74.8848 49.938 126.197 19.1951 130.608 79.699 121.191 57.2701 
92.9449 77.2907 58.9122 46.9596 7.27324 53.0947 91.3547 65.9426 49.4535 63.6755 78.4637 70.1776 55.7096 74.2521 94.548 
81.5001 89.6239 42.1005 29.3343 30.6235 71.6746 69.7975 49.6258 60.7524 26.1031 91.1804 32.6006 38.5105 37.6733 84.8807 
23.5841 68.3358 25.528 38.4361 78.4337 70.636 7.51798 18.5981 56.9944 64.3361 69.8488 65.6171 28.9069 51.0154 28.5394 
42.562 48.2892 15.3013 17.4092 45.6686 39.0217 44.182 18.7537 24.627 59.3283 49.9444 63.922 14.9907 56.1364 44.4933 
58.631 37.0471 39.1261 36.4774 40.0132 17.5787 66.7387 42.3483 8.03057 75.617 38.4213 81.1942 38.2047 76.5591 58.7603 
83.6268 54.3111 59.1747 51.7271 30.3607 29 89.7057 64.1758 31.4859 82.3588 55.2008 88.6671 57.1424 88.4249 83.8204 
4.57056 49.4362 38.8278 51.6047 85.9887 60.187 29.2746 31.6735 49.6407 86.6456 50.6732 88.9596 42.3449 75.5114 4.15933 
23.4094 33.7818 32.8641 42.6357 70.7758 40.9796 40.7594 28.4609 30.5275 82.7899 35.2755 86.3807 35.4683 75.3797 22.5577 
61.5 16.1623 57.5785 58.9502 62.8602 9.57079 77.8709 57.9884 19.251 99.7762 16.8668 105.082 57.9038 98.8751 59.5612 
34.0389 27.4722 58.3824 67.9945 91.824 48.7026 59.0425 53.4555 45.2604 108.344 27.9551 111.842 61.0381 100.353 29.5743 
19.5898 66.0464 27.6002 40.8377 80.3628 69.7121 8.5 20.2193 56.3969 68.2288 67.5233 69.6053 31.1281 55.0703 24.5734 
54.1477 93.7658 35.2568 40.2329 77.5181 89.4588 29.7893 34.7248 75.0245 41.4664 95.39 40.3714 35.9356 24.3132 59.1251 
27.5536 33.0589 30.2002 38.9076 65.7895 37.2103 42.3798 26.8287 25.9555 79.7642 34.6439 83.6212 32.453 73.2919 27.195 
68.3937 61.3209 34.5782 23.9353 19.8655 41.3663 66.9902 41.3304 31.8529 54.056 62.7709 60.1561 31.618 59.0339 70.2439 
51.6871 61.204 14.1481 4.80833 38.758 48.7419 46.543 21.5133 35.0629 46.2404 62.8427 51.14 10.8977 44.9704 54.4945 
62.3362 58.2818 28.6923 18.9737 25.8786 40.2826 61.0243 35.2865 29.111 53.2643 59.7983 59.0879 25.8805 56.3746 64.272 
99.1371 71.2618 70.7834 61.0052 27.3967 45.9492 102.635 76.7626 48.3182 84.0134 72.0802 90.5093 68.1745 93.2657 99.7162 
88.5844 103.932 50.3751 39.8422 46.5182 87.4801 72.4092 57.0693 75.7813 11.6726 105.534 17.7725 47.2144 28.3637 92.556 
8.76584 50.946 46.8364 59.6121 93.5013 64.6354 34.2644 39.6366 55.2254 94.3388 51.9954 96.4855 50.3591 82.7238 4.08044 
27.6279 38.1703 24.4035 33.4571 62.4977 39.3732 38.7831 21.2132 26.703 74.0382 39.7887 77.847 26.7002 67.5088 28.3177 
27.9029 28.895 51.357 61.3082 86.8553 47.0168 52.3116 46.2905 41.5618 101.336 29.7532 104.755 54.0922 93.1608 23.8134 
70.9262 49.3352 45.1958 38.3146 27.7195 25.9141 75.8004 50.2001 21.783 72.1249 50.5475 78.2039 43.2334 76.3634 71.5287 
71.0001 56.8241 40.5028 31.4027 20.2941 34.8804 72.4356 46.5563 27.7482 62.5519 58.1623 68.7082 37.9527 67.671 72.2835 
4.83735 58.8388 40.3238 53.6932 90.5491 68.7884 22.5621 32.6671 57.5198 85.1803 60.0779 86.8365 43.9841 72.4857 9.01388 
18.4054 47.89 22.7264 35.0691 69.8153 51.2711 27.2061 16.3248 38.4766 72.0017 49.4263 74.9449 26.0837 62.7766 20.8166 
57.3785 73.9083 18.2016 8.38153 42.2001 61.6326 46.0098 25.4443 48.076 33.6773 75.5577 38.2833 14.8489 32.2144 60.9803 
28.8901 43.4545 18.6078 28.146 59.5894 42.2271 35.7694 15.7309 28.6295 68.3243 45.0923 72.0768 20.9724 61.7286 30.5197 
17.0658 36.9412 39.9651 51.0819 80.903 49.0389 39.7544 34.2067 39.9546 89.7611 38.1838 92.8665 43.0074 80.7595 14.4461 
39.9851 26.4121 34.6655 39.3859 58.207 24.8455 53.5494 33.9171 13.86 81.3174 28.0751 85.9107 35.7577 77.5495 39.3151 
69.7915 73.8891 31.1824 17.7451 24.9353 56.3072 62.3026 38.8784 45.0362 38.0195 75.4422 44.1367 27.5436 44.0315 72.6482 
50.7011 6.63099 61.972 67.9035 81.9528 31.6172 72.6645 59.4819 34.1211 109.824 6.56049 114.315 63.594 105.263 47.2492 
94.6305 80.515 59.7291 47.3858 6.86804 56.4911 92.0913 66.9257 52.4023 61.5833 81.712 68.0739 56.4228 72.8339 96.3922 
35.8666 22.1382 39.4816 46.1069 66.7147 28.962 53.2094 37.1722 21.095 87.8545 23.7489 92.1393 41.1851 82.78 34.2546 
58.7609 42.0434 35.5659 31.6304 35.7595 23.0489 64.6842 39.577 12.5925 70.179 43.4695 75.8057 34.2584 71.5336 59.3607 
3.46699 55.4704 36.5662 49.8271 86.2021 64.5239 22.6947 29.0028 53.071 82.5942 56.7671 84.5328 40.2047 70.5739 8.422 
75.7137 61.349 44.0191 33.8988 15.478 38.6916 76.2483 50.4168 32.5214 61.7778 62.6489 68.0762 41.2404 68.2265 77.1032 
39.0633 19.0339 42.1029 48.0427 66.5733 26.236 56.6149 40.1542 19.7952 89.92 20.6693 94.346 43.625 85.3494 37.27 
52.0578 18.5607 46.7611 49.0168 58.5 12.5936 67.1077 46.972 10.9179 90.4435 20.0002 95.5209 47.2632 88.5931 50.6377 
79.4081 46.8961 58.3412 52.5305 36.8485 21.5838 87.5471 62.5694 26.1905 86.1538 47.7268 92.3204 56.7331 90.8089 79.2093 
8.17863 54.9154 31.4636 44.7394 81.4239 61.9965 20.6243 23.9008 49.9231 77.7927 56.3014 79.877 35.104 66.1744 12.5674 
84.217 87.5898 45.0472 31.6938 23.4307 68.1138 74.5236 52.7394 58.2722 33.36 89.0929 39.8608 41.3824 45.2239 87.2702 
45.4591 8.94539 52.8076 58.4901 73.7646 26.3697 65.5759 50.6807 25.7783 100.414 10.4561 104.931 54.3206 96.0563 42.6907 
47.9213 7.23464 58.8031 64.9003 79.9288 30.7174 69.5816 56.2666 31.9662 106.803 7.87718 111.249 60.4603 102.1 44.6052 
38.7238 79.1202 24.479 33.9525 74.1904 77.1706 16.3884 21.3084 62.8473 50.7011 80.7166 51.3249 26.5204 36.2084 43.6431 
67.2726 54.9007 36.9168 28.3302 23.1054 34.0384 68.7346 42.8553 25.5282 61.3932 56.2939 67.4248 34.4616 65.5843 68.6088 
76.64 42.8124 57.4 52.5015 39.9731 17.5146 85.789 61.1952 23.1931 87.5631 43.6331 93.6351 56.0276 91.4322 76.2518 
91.7564 69.0959 61.4876 51.1789 17.8757 44.0528 93.6432 67.7786 43.3632 74.0924 70.1113 80.5761 58.72 83.0461 92.714 
59.6524 71.4183 20.3194 7.31642 36.4534 57.5173 50.4591 27.9873 44.4383 36.1876 73.0469 41.3934 16.6676 37.1049 62.9134 
68.7812 93.8019 34.1576 28.936 55.751 82.3559 50.1121 39.1245 68.7507 17.2244 95.4627 19.5359 32.0414 11.9151 73.1749 
33.288 40.8 20.1102 27.4002 55.856 37.5981 40.6096 19.0066 23.7844 68.6862 42.459 72.8034 21.7414 63.3682 34.508 
53.2632 86.0889 25.5515 28.1128 64.9089 79.2732 32.72 27.3542 64.9187 34.3642 87.7433 35.1677 25.3213 20.7762 57.9491 
31.1878 65.6811 13.5059 26.0722 66.2602 63.6812 18.9908 7.98123 49.4414 54.7417 67.2934 56.8902 16.6817 43.69 35.5614 
44.2651 58.142 7.5213 8.98443 45.8661 48.7755 39.8207 14.2836 34.489 50.0137 59.803 54.3104 5.45894 46.0419 47.1717 
30.6111 28.5175 54.9837 64.841 89.7045 48.2785 55.451 49.9289 43.7809 104.961 29.1925 108.393 57.7013 96.791 26.2619 
24.1124 60.2959 16.8908 30.329 69.3387 60.7231 17.8533 9.26121 46.8882 61.9267 61.8709 64.2001 20.5234 51.0346 28.3351 
45.5379 17.5775 63.9963 71.7731 90.1574 41.922 69.5423 60.2561 42.2214 113.289 17.5026 117.328 66.1461 107.036 41.4088 
88.8599 62.9156 61.0581 51.9234 23.5682 37.683 92.662 66.8205 38.486 78.4024 63.8614 84.8336 58.5942 86.1456 89.4665 
46.2813 89.9569 35.2206 43.2416 82.5698 88.358 20.8655 32.5038 74.0193 51.1297 91.5367 50.3224 36.8722 34.3001 51.3121 
45.4525 12.0067 48.8575 53.8276 68.4775 22.4664 63.9007 47.308 20.5061 95.7549 13.6693 100.394 50.1451 91.9444 43.2083 
27.6848 67.6528 19.6987 32.3279 72.5201 67.7422 12.7562 13.369 53.7379 58.8233 69.2223 60.4355 22.9401 46.3376 32.4139 
88.8299 65.9382 59.2001 49.2869 18.5715 40.9518 91.2123 65.3331 40.1454 73.9227 66.9669 80.3797 56.5293 82.2276 89.7181 
47.5282 54.5206 13.9542 11.0802 41.0562 43.0813 45.7283 19.8708 29.0496 52.9235 56.1638 57.7222 12.0304 50.8552 49.9001 
8.67006 62.3416 39.3205 52.7774 90.5707 71.2647 18.6938 31.6078 59.5189 82.6523 63.6202 84.0688 42.9857 69.4508 13.1575 
63.3704 23.7171 54.1793 53.9115 54.9331 1.61245 77.3243 55.6109 14.4361 93.8468 24.6051 99.3542 54.0334 94.0666 62.0305 
25.8002 79.5339 47.1773 60.0953 100.075 87.2139 15.6237 40.0216 74.6776 81.8002 80.8273 81.8746 50.5831 66.123 29.7946 
81.7509 93.6216 42.6298 30.8359 37.1194 76.7079 68.1054 49.8414 65.1959 19.6041 95.2082 26.1008 39.2047 31.8893 85.4112 
75.0235 47.0304 52.1785 46.057 32.6075 22.0844 81.9151 56.6739 22.8123 79.9436 48.0505 86.0645 50.4572 84.3368 75.1469 
72.9747 42.6423 52.5095 47.5026 37.054 17.5582 81.2611 56.461 19.891 82.9174 43.625 88.9409 51.0813 86.5078 72.8237 
39.8919 75.9021 18.6904 27.5224 67.7503 72.3069 20.8319 16.9098 57.9 46.9861 77.5281 48.3266 20.3902 34.1353 44.592 
37.6522 16.9145 46.4797 53.4229 72.9154 30.4821 57.6174 43.6858 25.8519 95.1362 18.3698 99.3697 48.3228 89.77 35.1161 
32.0315 35.3476 25.8211 33.169 59.3811 34.8208 43.17 23.9082 22.0384 74.5604 36.9965 78.6811 27.5902 69.1202 32.4045 
60.2366 29.188 46.6275 45.5057 47.7331 8.06226 71.7206 48.7583 7.33757 85.2011 30.3916 90.728 46.1936 85.6704 59.5552 
32.5248 21.7332 44.1942 52.2473 74.6043 34.9584 53.0506 40.6871 28.7543 93.5558 23.1019 97.5344 46.3493 87.299 29.9541 
