750 15 15
777 335 649 27 763 426 211 429 862 135 22 167 11 373 784 
5370 1980 3240 3150 3700 4130 5260 910 9800 9560 8730 8620 1700 9960 2810 
0 12 1 2 12 12 3 3 8 11 12 3 1 14 14 6 12 11 11 14 10 7 6 7 2 5 14 6 3 3 10 8 11 5 14 5 14 4 3 10 7 13 9 10 0 8 3 4 8 10 3 12 14 8 7 0 14 2 7 4 2 3 10 10 1 5 4 5 12 12 0 14 8 11 13 3 14 3 5 11 10 12 0 3 13 9 12 6 1 4 4 2 2 13 7 1 7 5 2 2 8 5 9 10 14 11 10 4 11 13 6 7 14 3 7 3 13 13 0 6 5 2 13 2 6 1 12 0 0 7 1 12 14 3 2 11 4 12 4 4 12 11 2 5 9 5 11 12 3 9 11 9 4 8 2 6 1 4 2 0 7 1 2 9 9 11 12 1 11 10 0 3 13 2 7 4 0 13 9 1 10 4 7 7 12 1 11 11 6 5 8 1 6 4 3 12 12 9 2 4 2 10 3 6 1 9 3 7 2 14 6 9 14 5 5 2 7 8 0 3 8 8 11 0 9 10 0 14 7 12 10 5 6 1 5 2 3 10 0 14 12 0 4 6 4 3 13 12 6 12 9 13 2 11 9 13 3 11 11 4 0 3 3 7 7 2 0 4 3 11 5 11 1 7 12 6 7 4 3 2 12 6 12 1 0 1 12 4 11 8 12 10 5 8 3 12 14 9 9 10 0 7 12 1 11 8 6 13 8 12 9 5 7 11 4 14 14 7 12 2 9 6 5 2 14 5 10 12 14 8 5 12 7 0 2 1 4 4 6 9 12 0 1 0 2 8 5 11 13 13 0 5 5 4 4 4 1 14 9 0 2 14 1 2 8 7 7 12 6 14 10 5 13 4 11 10 4 13 8 5 8 10 9 3 4 6 14 0 7 14 14 10 14 6 3 12 9 9 9 8 5 9 5 3 2 12 5 1 13 11 8 3 0 7 4 11 11 2 1 6 8 14 11 5 4 2 4 11 10 2 12 12 14 6 14 11 2 5 8 2 11 0 1 14 1 12 11 1 1 4 7 12 10 11 13 13 12 0 3 14 14 14 4 14 4 11 9 7 11 13 9 1 12 13 10 6 3 5 7 0 13 13 6 9 3 8 7 4 9 14 13 10 5 2 14 9 5 11 12 4 1 3 12 10 9 13 5 10 3 14 13 13 12 0 1 11 0 11 12 11 14 13 10 2 13 5 9 0 4 3 2 8 11 0 8 7 9 12 10 7 8 5 11 14 7 7 8 12 13 2 10 8 9 1 7 4 5 2 3 5 5 10 7 7 3 2 13 6 8 8 3 4 7 2 9 7 3 3 14 10 8 5 7 2 5 8 10 13 13 4 7 13 7 6 1 3 6 7 12 0 7 1 14 3 13 2 14 8 1 0 14 8 7 3 14 7 4 9 4 9 0 12 6 5 7 14 13 3 7 4 12 14 12 4 10 12 4 1 10 12 6 14 6 11 10 11 4 2 7 14 11 12 6 7 12 14 10 6 5 7 1 14 0 0 5 1 9 1 10 7 4 0 9 12 14 3 11 14 6 9 14 10 1 7 14 3 4 10 7 5 5 7 13 5 8 11 0 7 10 12 4 6 2 2 1 0 9 0 4 12 10 12 6 9 13 1 14 4 10 3 2 3 0 12 0 8 3 6 11 5 0 0 12 0 4 10 2 6 13 6 4 10 13 5 9 9 4 10 13 11 
9679.71 7090.71 6760.07 5755.87 2363.26 4560.01 9960.49 7372.5 4683.64 8021.8 7180.11 8671.3 6491.59 8948.26 9753.16 
3838.88 6466.72 516.624 1663.55 5694.14 5910.37 2832.97 697.711 4467 4870.45 6632.18 5170.88 751.665 4032.52 4226.36 
6693.62 5147.78 3868.98 3118.73 2569.77 3005.63 6994.13 4414.03 2233.79 6540.28 5283.19 7139.87 3651.64 6921.16 6797.79 
2591.56 7975.49 4806.8 6101.62 10095.8 8770.57 1660.87 4088.03 7524.55 8280.01 8103.54 8286.33 5148.61 6710.29 2979.68 
1772.79 3705.95 3591.17 4687 7687.98 4692.94 3810.68 3038.72 3698.99 8579.59 3841.87 8900.53 3889.32 7715.14 1624.84 
5244.85 6445.17 1367.04 131.529 3981.97 5225.32 4550.03 2134.6 3855.65 4300.35 6609.61 4779.13 1007.22 4145.95 5551.52 
8792.55 7250.25 5445.37 4287.96 662.118 4859.89 8690.71 6134.53 4441.54 6273.19 7370.66 6922.34 5134.3 7221 8946.87 
7160.4 8868.74 3327.1 2342.67 4307.63 7440.05 5676.09 3997.31 6163.93 1890.24 9032.08 2437.31 3016.17 2394.93 7550.54 
5231.54 5115.28 2170.83 1680.77 3599.61 3684.2 5297.48 2712.05 2352.3 5704.53 5274.71 6230.83 1982.17 5692.45 5411.33 
6122.17 4256.25 3795.69 3350.49 3459.71 2224.07 6725.27 4209.75 1339.59 7130.11 4393.56 7702.7 3654.72 7320.14 6174.86 
3852.65 8629.68 3743.42 4784.53 8818.1 8766.14 1270.59 3267.19 7366.14 6122.5 8780.87 6070.03 3991.1 4473.62 4351.67 
9437.22 8005.85 5958.26 4728.89 678.97 5601.37 9196 6675.82 5197.82 6184.5 8125.27 6833.81 5628.96 7299.99 9611.31 
8176.02 7725.55 4454.26 3147.21 1097.31 5608.17 7639.11 5208.2 4780.29 4637.87 7867.1 5285.92 4102.35 5605.01 8413.38 
5192.3 2532.37 4163.71 4279.49 5216.76 1343.91 6447.36 4270.11 420.595 8394 2679.18 8911.62 4178.52 8266.14 5115.44 
4190.3 6282.08 262.488 1134.64 5136.22 5528.41 3388.17 1004.99 4088.83 4743.68 6448.46 5106.9 186.011 4117.52 4540.41 
2864.47 8252.3 5016.18 6297.43 10306.8 9045.91 1821.57 4308.9 7794.93 8354.05 8379.88 8339.12 5352.87 6752.44 3244.46 
2581.41 4458.81 1919.27 2985.65 6251.82 4482.19 3308.41 1503.36 3146.17 6916.55 4620.27 7268.05 2195.84 6175.99 2762.79 
6115.23 8001.03 2284.05 1453.41 4473.95 6769.23 4738.96 2947.17 5420.89 2775.84 8166.2 3218.23 1985.95 2639.73 6501.7 
616.847 4794.37 3770.33 5033.97 8435.86 5838.24 2983.32 3068.11 4780.23 8590.27 4920.5 8833.49 4118.07 7507.98 575.847 
2738.8 5021.13 1396.17 2580.27 6116.5 4884.31 2960.96 920.869 3495.21 6385.49 5183.76 6719.35 1707.92 5600.93 3008.8 
9223.56 7843.72 5746.04 4521.34 480.104 5457.93 8984.84 6462.33 5018.07 6070.68 7965.18 6720.75 5417.76 7149.64 9398.98 
3082.55 8182.96 4016.99 5217.83 9266.03 8605.82 827.647 3392.01 7261.58 7044.8 8325.77 7030.82 4322.51 5447.83 3562.02 
3414.57 2542.75 3614 4300.29 6501.73 3025.92 5037.24 3382.5 2085.43 8466.81 2704.9 8889.82 3788.57 7944.11 3295.69 
1864.3 3536.57 4065.18 5151.23 8064.35 4782.65 4128.26 3508.87 3905.14 9053.49 3660.05 9372.57 4362.06 8177.74 1590.13 
3014.96 5989.1 996.243 2340.94 6255.38 5748.43 2350.77 242.074 4326.4 5676.8 6151.68 5952.43 1360.15 4734.66 3398.72 
2171.13 6188.55 2070.77 3409.78 7326.88 6362.77 1441.01 1315.29 4999.85 6426.08 6342.63 6621.93 2431.01 5251.78 2625.28 
4315.61 3935.81 2407.07 2622.31 4736.21 3022.38 4975.62 2589.54 1580.13 6808.25 4100.01 7287.23 2419.61 6543.13 4405.56 
3536.24 1865.07 4829.96 5610.79 7711.45 3480.76 5676.7 4484.86 3031.52 9754.61 1988.42 10158.1 5040.34 9143.85 3237.61 
7155.08 10374.7 4289.21 4123.93 7033.93 9463.35 4904.74 4582.68 8060.83 2280.9 10541 2047.49 4176.98 470.106 7634.17 
3672.41 2212.08 3916.8 4549.48 6562.47 2795.51 5364.11 3708.15 1992.51 8730 2375.08 9164.15 4078.06 8244.71 3521.15 
2507.11 7660.06 3854.67 5121.91 9142.48 8180.86 642.573 3168.63 6866.19 7294.64 7800.23 7326.73 4184.93 5770.08 2985.18 
6827.2 6233.08 3388.7 2291.24 1994.49 4264.84 6633.23 4076.57 3288.18 5260.31 6379.42 5870.06 3084.57 5762.22 7022 
764.788 4813.31 4338.96 5598.04 8945.19 6089.22 3347.63 3636 5122.91 9148.22 4925.9 9382.71 4686.03 8038.31 300.666 
3980.2 6167.02 80.6226 1328.16 5298.7 5494.66 3230.37 797.621 4051.83 4927.24 6333.21 5278.28 349.285 4250.29 4330.42 
1614 6886.75 3830.99 5164.2 9082.77 7601.35 1190 3076.95 6353.24 7810.9 7020.84 7904.96 4188.68 6396.41 2081.66 
4302.28 7791.87 1931.66 2665.11 6644.47 7340.91 2369.32 1873.87 5897.64 4386.22 7955.5 4516.48 2047.83 3102.29 4770.17 
8519.42 6858.29 5275.49 4174.84 984.937 4464.3 8514.74 5941.93 4063.99 6435.29 6977.89 7081.39 4978.6 7295.95 8658.37 
6047.45 956.713 7026.36 7512.6 8505.4 3218.34 8237.87 6831.41 3850.99 11700.5 792.465 12175.4 7161.26 11340.9 5694.95 
6677.91 7072 2850.44 1520.69 2604.32 5359.05 6007.01 3615.65 4201.07 4012.78 7228.2 4609.26 2490.88 4490.04 6955.31 
4786.19 1535.74 6487.41 7220.25 8931.35 4016.28 7155.2 6142 4132.37 11388 1511.82 11803.8 6689.96 10804.3 4383.3 
4794.01 5091.48 1739.25 1500.83 4027.47 3888.88 4827.44 2244.75 2490.18 5657.6 5254.61 6152.02 1591.38 5498.59 4992.23 
4910.24 7473.93 1398.07 1527.78 5415.99 6644.47 3447.46 1850.65 5217.07 3724.3 7640.29 4016.63 1277.69 2932.12 5324.1 
2634.92 7966.56 4518.64 5796.69 9808.99 8655.34 1322.31 3816.94 7379.06 7910.03 8099.38 7915.11 4853.74 6339.42 3061.39 
7392.68 10460.1 4387.19 4114.47 6845.47 9467.94 5190.86 4730.97 8079.96 1942.58 10626.5 1704.85 4248.02 152.643 7866.31 
4156.01 1245.35 5214.64 5884.9 7659.57 3081.77 6263.9 4935.85 2882.1 10064.3 1369.38 10493.9 5394.85 9544.22 3854.67 
9073.17 10988.7 5388.97 4477.56 5491.02 9449.5 7255.8 5998.01 8232.14 594.643 11151.1 1029.03 5104.16 2402.6 9496.04 
1828 3863.74 3179.7 4278.55 7348.54 4618.5 3592.34 2638.22 3528.81 8170.17 4008.44 8495.23 3477.01 7323.78 1792.01 
1368.54 4729.52 2769.3 4016.03 7460.73 5319.94 2723.42 2098.59 4113.51 7660.39 4875.62 7936.38 3110.45 6678 1575.44 
3200.39 4208.3 1900 2706.01 5677.26 3935.73 3884.02 1744.16 2555.62 6802.54 4373.75 7202.56 2086.26 6230.13 3341.53 
5254.19 273.13 6120.46 6642.48 7885.92 2788.69 7365.79 5918.59 3127.75 10835 296.816 11299.2 6262.31 10440.1 4934.47 
6002.62 4809.42 3260.87 2670.92 3100.06 2930.61 6332.02 3763.03 1864.32 6406.47 4955.5 6977.82 3075.61 6609.96 6113.83 
5452.12 2030.1 7321.05 8049.67 9641.05 4560.89 7890.66 6967.37 4851.61 12220.8 1943.71 12638.1 7524.47 11635.8 5019.41 
5501.42 3659.41 3576.77 3396.29 4144.03 1959.31 6299.18 3873.42 715.612 7394.65 3805.52 7937.42 3502.8 7412.71 5525.26 
4015.2 5167.79 1042.35 1533.95 4833.22 4379.24 3966.02 1396.71 2936.41 5668.45 5334.14 6095.28 1061.04 5230.72 4256.3 
4189.61 2414.56 3715.17 4146.56 5860.46 2263.12 5606.01 3652.1 1274.56 8338.66 2580.31 8806.33 3815.34 7991.96 4099.28 
7568.97 7718.91 3725.18 2382.96 2015.56 5814.14 6835.92 4493.92 4791.76 3887.26 7869.85 4524.48 3362.04 4716.66 7845.1 
4577.1 1789.33 4374.12 4769.42 6175.08 1903.71 6176.45 4302.65 1390.58 8955.29 1952.9 9433.9 4470.1 8643.7 4424.08 
4509.6 4973.63 1584.93 1582.56 4311.95 3914.49 4592.21 2022 2489.1 5772.09 5138.22 6247.25 1492.15 5524.72 4708.14 
5452.86 5985.88 1827.84 862.844 3480.01 4580.24 5073.32 2535.05 3259.6 4800 6147.3 5323.5 1523.06 4817.69 5705.19 
2772.18 5954.94 1249.2 2594.8 6493.6 5823.44 2158.73 483.322 4414.94 5886.94 6115.9 6147.06 1614 4894.49 3165.33 
7366.1 5016.02 4823 4118.47 2768.47 2601.63 7882.29 5323.76 2355.36 7421.92 5130.4 8036.17 4624.65 7891.11 7416.53 
4825.9 2814 3679.35 3847.87 5120.71 1821.65 5980.8 3780.01 523.45 7994.56 2970.61 8499.09 3703.42 7813.69 4783.58 
5763.21 6894.73 1845.45 510.098 3678.7 5535.86 4930.77 2616.33 4213.8 3859.24 7057.83 4371.04 1478.72 3887.47 6080.01 
2377.16 3101.03 3787.37 4760.01 7468.53 4137.17 4378.52 3330.54 3236.82 8781.12 3240.02 9138.01 4049.31 8025.91 2185.86 
3470.92 2035.93 5170.42 6014.46 8199.76 3907.17 5757.85 4772.47 3518.64 10130 2130.19 10517 5400.49 9458.04 3117.08 
1626.93 5977.24 2527.69 3873.98 7715.11 6369.08 1480 1756.84 5058.46 6974.02 6125.66 7166.12 2893.6 5782.15 2090.22 
4376.59 3961.84 2418.68 2600.48 4674.02 3005.4 5019.08 2618.95 1562.05 6782.58 4125.64 7265.21 2421.67 6533.8 4468.04 
5714.24 4300.91 3308.47 2920.36 3574.53 2507.99 6242.56 3720.23 1359.12 6811.95 4447.89 7368.24 3175.3 6917.55 5791.18 
1306.48 6699.33 4505.64 5851.61 9668.76 7705.06 2067.37 3735.63 6556 8675.68 6820.01 8780.8 4870.82 7277.92 1630.77 
4143.49 8695.8 3498.57 4444.38 8447.54 8680.74 1569.84 3112.64 7261.1 5603.3 8850.84 5550.14 3711.94 3955.06 4646.57 
5556.66 9428.27 3522.78 3953.8 7629.97 8943.4 3148.84 3513.53 7500.67 3947.07 9591.4 3836.31 3570.22 2230.81 6052.39 
3360.24 5885.11 584.209 1926.34 5812.07 5470.91 2782.89 202.485 4034.96 5466.49 6049.83 5782.75 950.368 4654.14 3713.83 
3239.03 8629.81 5749.66 7041.46 11038.8 9583.91 2576.24 5030.36 8377.17 9074.91 8748.74 9040.93 6090.76 7445.65 3541.41 
4999.4 1411.56 6609.61 7309.06 8916.96 3925.88 7350.63 6284.41 4120.69 11486.2 1367.04 11910.7 6803.09 10933.1 4601.32 
5587.46 1346.48 5350.59 5590.47 6346.79 1241.93 7259.89 5341.58 1715.93 9726.72 1462.5 10238.1 5409.41 9548.11 5392.68 
2070.77 7402.7 5235.36 6576.06 10445.9 8503 2464.83 4471.66 7370.82 9171.54 7516.26 9228.35 5596.97 7682.14 2304.95 
6173.31 1847.08 7682.38 8288.75 9505.98 4248.07 8536.42 7403.03 4794.13 12481.2 1706.99 12930.4 7852.5 12012.6 5763.9 
4821.04 1613.35 4618.5 4972.93 6212.97 1707.42 6445.97 4563.18 1414.39 9150.42 1772.34 9637.56 4704.72 8872.22 4654.73 
2907.65 8307.16 5225.29 6514.38 10515.3 9162.73 2050.1 4510.1 7929.6 8594.56 8431.68 8577.98 5565.11 6990.12 3260.75 
6225.09 9464.51 3380.95 3377.17 6679.8 8654.27 4056.6 3635.73 7233.98 2757.72 9630.52 2722.44 3300.56 1186.8 6699.33 
5922 4767.07 3197.81 2633.72 3170.57 2923.35 6258.95 3692.38 1825.38 6404.7 4914.28 6972.27 3017.96 6586.14 6033.39 
9553.27 6863.21 6713.61 5746.74 2506.39 4331.15 9896.15 7309.06 4501.61 8139.83 6950.35 8788.22 6454.84 9022.86 9615.45 
7993.61 6342.53 4846.33 3817.25 1369.53 3990.25 8070.35 5487.15 3519.62 6428.32 6465.74 7066.14 4566.16 7157.49 8122.96 
6918.76 3820.27 5073.47 4686.75 4042.5 1338.1 7849.85 5416.51 1579.53 8382.85 3922.55 8971.57 4959.56 8645.89 6886.25 
3099.19 7549.87 2714.5 3875.69 7926.69 7633.33 770 2165.18 6234.91 5940.24 7703.88 6009.13 3000.83 4492.22 3600.01 
6776.32 8216.63 2863.98 1741.52 3848.6 6760.18 5509.74 3584.31 5489.23 2565.5 8379.22 3117.13 2525.17 2946.13 7140.77 
7099.41 6724.23 3495.67 2277.98 1794.94 4758.96 6731.46 4222.35 3781.55 4843.73 6871.54 5464.52 3164.43 5454.85 7320.69 
6108.16 4669.53 3483.23 2921.71 3138.44 2712.8 6520.56 3962.95 1724.09 6641.72 4812.03 7216.88 3308.41 6860.69 6200.59 
1444.75 6605.12 3522.64 4862.15 8756.85 7266.93 1173.8 2761.76 6010.41 7634.97 6742.14 7754.41 3883.46 6272.71 1937.94 
3384.79 2235.11 5310.08 6194.87 8455.68 4177.57 5741.3 4880.35 3789.42 10286.8 2316.64 10662.1 5552.37 9574.27 3003.75 
4313.93 1800.69 6175.18 6972.69 8892.7 4162.03 6707.73 5791.18 4110.24 11115.2 1815.71 11513.7 6395.15 10473.2 3905.65 
7325.63 6027.64 4140.74 3140.25 1696.64 3823.41 7363.1 4780.06 3116.62 6038.58 6161.59 6662.51 3864.3 6630.01 7470.86 
2527.71 7884.83 5456.74 6784.73 10710.9 8940.43 2489.74 4705.45 7781.65 9173.97 7999.78 9196.14 5812.34 7626.85 2786.86 
8524.16 5690.22 5974.78 5177.31 2830.64 3160.57 9064.48 6498.87 3356.78 8123.16 5780.7 8758.25 5758.06 8780.14 8555.85 
5030.86 7582.38 1513.44 1557.56 5392.68 6725.96 3535.66 1975.9 5302.12 3599.4 7748.78 3891.66 1377.53 2818.12 5446.4 
8391.74 7641.37 4753.95 3478 650 5436.47 7967.86 5494.84 4711.9 5072.85 7777.69 5721.97 4410.82 6056.15 8607.59 
6266.71 1337.54 6130.22 6322.19 6747.54 1397.86 8025.56 6130.59 2372 10425.1 1369.27 10949.9 6179.78 10301.2 6038.29 
5563.86 5005.64 2618.59 2052.92 3324.17 3385.65 5730.71 3149.17 2137.15 5942.46 5160.47 6491.11 2426.21 6035.11 5716.4 
2599.46 6347.16 1716.77 3035.92 7003.16 6349.24 1592.01 1004.49 4953.68 5994.21 6504.95 6197.76 2066.2 4847.37 3045.08 
5432.81 817.863 5576.6 5922.25 6862.8 1752.51 7263.64 5497.42 2166.68 10089.3 942.444 10584.6 5666.34 9833.58 5195.82 
4102.35 7732.96 1985.95 2821.44 6828.07 7361.74 2127.63 1831.2 5920.3 4618.85 7895.6 4737.6 2140.86 3300.44 4575.87 
3511.42 7371.43 1981.16 3048.03 7098.2 7181.71 1593.55 1596.15 5752.65 5211.45 7531.54 5338.02 2224.43 3896.06 3989.84 
1610.12 5822.04 2451.53 3796.38 7604.24 6204.55 1640.49 1680.74 4896.12 6982.79 5971.17 7189.25 2818.24 5826.19 2054.12 
10729.6 7929.45 7796.2 6756.43 3089.35 5402.96 11006.9 8419.29 5671.16 8732.75 8006.43 9382.54 7520.01 9782.27 10796.1 
7244.07 5401.07 4411.92 3592.01 2281.16 3097.39 7554.99 4972.29 2573.29 6780.5 5526.67 7396.87 4181.69 7283.3 7337.71 
7850.16 5419.12 5210.23 4421.43 2530.14 2949.59 8312.91 5741.67 2832.83 7509.15 5526.75 8135.48 4992.49 8084.18 7905.3 
3902.95 8020.75 2590.46 3534.54 7554.5 7849.69 1598.41 2263.18 6418.73 5123.52 8179.84 5168.71 2795.17 3640.05 4398.19 
9142.54 5931.51 6714.3 5931.55 3363.41 3416.34 9777.54 7222.67 3874.87 8808.77 6004.21 9448.39 6503.85 9513.03 9148.66 
4240.05 4523.55 1813.97 2036.66 4616.86 3608 4580.93 2087.34 2165.66 6229.81 4688.8 6695.57 1804.99 5926.63 4399.33 
5928.81 603.075 6318.77 6672.81 7459.66 2168.43 7892.05 6217.86 2867.35 10836.1 576.888 11334.2 6414.27 10583.9 5646.46 
1368.94 6731.55 4695.03 6041.26 9843.71 7798.11 2254.62 3924.41 6670.27 8874.82 6848.82 8977.9 5060.63 7472.04 1639.18 
4209.05 7685.95 1845.32 2621.01 6617.8 7247.98 2319.48 1768.53 5804.96 4460.52 7849.49 4601.14 1974.36 3198.89 4674.72 
3646.64 8953.42 5056.93 6248.2 10298.8 9540.59 1844.91 4427.57 8224.75 7816.83 9088.81 7738.85 5360.78 6133.6 4073.44 
7119.23 7173.46 3346.24 2034.16 2077.11 5306.65 6526.45 4104.68 4252.02 4229.76 7325.09 4850.77 2991.89 4876.43 7378 
5299.14 1651.48 6997.43 7696.66 9250.54 4183.87 7687.52 6666.94 4461.61 11874.8 1574.07 12299.7 7191.86 11319.9 4885.59 
3556.59 8791.28 4715.46 5891.87 9943.42 9294.75 1538.83 4102.5 7961.16 7460.9 8930.2 7393.27 5013.51 5790.31 4006.82 
5984.26 8276.41 2340.19 1827.84 5048.76 7182.29 4396.19 2899.93 5802.46 2670.6 8442.52 3014.23 2107.94 2188.88 6398.32 
3451.72 7953.29 2972.29 4058.82 8106.6 8003.21 962.549 2485.68 6596.4 5810.86 8107.6 5838.37 3232.09 4287.68 3954.55 
4892.87 2774.83 3755.65 3910.42 5120.16 1741.06 6060.4 3860 464.004 8050.84 2930.02 8558.15 3776.8 7881.55 4845.54 
3573.15 6073.76 411.461 1752.08 5697.23 5581.08 2850.7 380 4140.01 5229.43 6238.99 5547.07 771.622 4430.3 3935.85 
3509.6 8690.14 4507.95 5675.39 9727.16 9142.78 1363.08 3905.44 7799.1 7251 8831.11 7191 4802.43 5590.14 3972.23 
1696.23 6945.25 5165.01 6511.28 10301.7 8129.14 2654.15 4394.2 7040.52 9315.61 7055.1 9405.97 5530.75 7886.51 1860.78 
6293.08 9812.36 3758.32 3880.01 7239.23 9103.72 3980.58 3922.26 7673.92 3093.8 9977.66 2950.61 3718.19 1343.02 6779.97 
1301.38 6693.62 4215.32 5559.89 9406.69 7594.95 1757.75 3447.46 6410.03 8351.8 6819.65 8457.86 4579.26 6957.66 1701.56 
7780.23 10173.4 4286.27 3629.27 5726.03 8900.25 5858.88 4809.1 7579.8 850.235 10338.8 1066.68 4052.65 1132.17 8221.34 
9152.42 6079.68 6628.25 5806.82 3128.35 3553.94 9721.69 7156.05 3927 8605.49 6157.21 9246.89 6407.4 9339 9172.12 
5676.41 4025.48 3475.41 3167.65 3790.12 2227.67 6326.52 3840.34 1079.12 7095.05 4170.8 7648.07 3365.95 7175.08 5728.46 
467.547 5170.93 4299.13 5590.44 9051.08 6382.05 3046.13 3569.76 5369.4 9022.18 5285.7 9233.85 4654.74 7856.51 72.8011 
8616.29 9790.54 4711.9 3539 3872.43 8056.23 7202 5427.86 6931.72 1851.54 9948.37 2493.93 4371.56 3302.2 8986.49 
3604.62 8661.7 4224.12 5353.85 9403.83 9003.55 1225.89 3659.03 7637.72 6849.01 8806.57 6790.47 4504.59 5190.62 4085.12 
5270.91 130.384 5978.8 6465.18 7649.63 2551.31 7323 5802.46 2899.93 10655.4 281.603 11126.4 6110.03 10289.9 4969.77 
9002.81 7804.84 5473.3 4231.37 183.576 5463.86 8706.19 6197.88 4940.22 5765 7930.83 6415.27 5140.09 6828.21 9190.54 
5957.56 9832.57 3892.97 4241.66 7807.08 9307.63 3518.01 3915.06 7866.41 3807.39 9996.02 3633.41 3920.01 2029.8 6454.78 
2360.38 4298.48 2207.19 3286.37 6503.72 4487.28 3325.79 1744.13 3198.83 7205.03 4457.38 7549.23 2491.47 6434.81 2507.69 
7433.4 7376.21 3660.51 2343.03 1819.45 5437.88 6832.9 4420 4440.46 4250.75 7525.49 4883.65 3305.06 5009.15 7689.53 
7672.08 7607.11 3877.69 2549.12 1721.92 5636.64 7029.74 4640.88 4667.17 4174.12 7755.39 4814.08 3519.2 5020.7 7932.35 
7387.3 6195.26 4127.53 3083.02 1560.13 4004.76 7360.98 4784.14 3276.05 5879.33 6330.39 6505.94 3840.34 6501.51 7543.59 
2840.6 4425.12 1808.12 2796.03 5995.8 4312.83 3488.17 1494.66 2951.02 6789.73 4588.62 7159.02 2055.48 6111.01 3016.44 
8359.2 5103.58 6139.49 5484.32 3551.79 2578.16 9114.08 6593.48 3052.03 8687.95 5181.83 9313.93 5960.55 9236.99 8347.48 
5524.5 7327.67 1627.82 825.409 4433.79 6179.92 4359.38 2333.43 4803.6 3467.33 7493.23 3898.47 1309.24 3191.19 5891.86 
8289.71 5552.03 5733.34 4947.9 2759.37 3031.17 8820.36 6255.12 3149.41 7955.94 5647.45 8587.93 5518.81 8580.47 8325.88 
8226.57 5051.46 5984.8 5330.23 3463.83 2520.52 8964.03 6440.85 2932.06 8553.13 5133.9 9177.59 5805.39 9089.82 8220 
8478.57 5062.9 6343.53 5713.05 3782.76 2556.33 9289.74 6782.51 3147.7 8937.84 5134.01 9563.62 6171.88 9480.95 8453.51 
8247.21 6714.05 4985.51 3888.55 1001.7 4362.4 8224.99 5652.91 3879.65 6247.63 6837.84 6890.94 4688.75 7061.35 8392.31 
2041.2 5366.06 1900.42 3214.98 6914.69 5544.91 2245.89 1170.85 4204.38 6704.58 5521.97 6971.32 2260.2 5712.38 2390.19 
3541.93 4359.5 1730.72 2392.68 5313.2 3860.91 4050.31 1730.12 2441.35 6532.44 4525.85 6951.9 1862.07 6038.22 3700 
6429.82 8657.44 2776.27 2142.94 5005.68 7479.82 4787.74 3348.61 6122.59 2225.24 8823.21 2591.14 2528.75 1926.76 6846.06 
7693.44 8746.43 3759 2524.8 3350.58 7066.01 6469.2 4500.71 5904.68 2422.17 8904.98 3057.91 3406.02 3371.47 8043.16 
8893.31 7284.64 5563.69 4410.91 743.303 4877.56 8808.78 6250.16 4494.91 6381.54 7403.14 7031.02 5254.04 7340.74 9043.47 
4997.7 8130.49 2071.35 2394.37 6196.42 7449.3 3115.2 2277.02 6012.4 3642.16 8296.08 3796.84 2053.53 2456.01 5453.41 
2096.12 5601.43 1859.73 3195.95 6973.18 5755.43 2037.3 1100.05 4402.66 6569.9 5757.33 6820.15 2225.24 5534.7 2479.52 
4023.05 2802.03 3322.23 3769.04 5670 2511.81 5295.51 3273.61 1329.66 7962.22 2968.11 8424.21 3422.12 7599.43 3977.56 
4245.7 8764.73 3508.92 4427.19 8418.52 8721.45 1676.57 3145.31 7298.5 5509.67 8920.36 5450.01 3712.95 3852.92 4748.91 
5571.97 8326.61 2252.04 2160.37 5697.6 7436.16 3794.38 2650.47 6020.91 3023.33 8493.01 3242.38 2120.09 2078.7 6011.46 
7860.06 8718.31 3920 2643.27 3067.52 6965.63 6710.38 4673.47 5845.65 2650.62 8874.98 3294.62 3560.69 3673.92 8197.48 
3596.01 2759.02 6063.04 7017.47 9356.93 4961.01 6111.3 5572.19 4673.67 11058.7 2794.15 11409.9 6327.19 10262 3140.86 
3513.19 4218.93 1869.55 2526.2 5370.34 3759.26 4115.39 1843.29 2349.55 6672.05 4385.26 7093.07 2004.12 6179.81 3652.97 
8198.69 5039.54 5953.18 5299.14 3448.14 2507.99 8933.04 6409.47 2906.82 8526.77 5122.82 9150.87 5773.78 9060.56 8193.08 
10206.8 7440.36 7318.04 6309.69 2801.14 4909.76 10516.8 7928.81 5145.73 8471.51 7521.18 9121.78 7049.5 9449.17 10270.5 
3838.66 3473.56 2650.02 3121.87 5372.49 2997.23 4807.6 2642.82 1636.15 7312.59 3639.85 7764.7 2746.14 6923.99 3877.83 
6237.08 5606.29 3008.01 2119.81 2607.26 3760.12 6219.33 3634.64 2674.86 5603.94 5755.9 6187.16 2747.58 5908.59 6410.03 
5572.45 8265.86 2198.93 2071.18 5605.28 7356.42 3833.08 2620.31 5943.48 3020.35 8432.28 3257.79 2055.29 2132.14 6007.87 
5572.48 9087.28 3066.2 3347.55 6961.39 8457.42 3342.15 3182.91 7019.89 3465.75 9252.14 3444.89 3061.78 1891.9 6054.83 
2416.98 3521.38 5269.77 6357.44 9135.1 5328.2 4961.18 4692.21 4714.92 10250.7 3600.69 10558 5570.08 9328.58 1955.02 
5420.72 7763.54 1769.55 1471.67 5105.6 6777.38 3944.17 2319.05 5372.98 3251.85 7929.91 3584.02 1560.83 2640.08 5828.42 
5112.51 4654.3 2413.23 2112.87 3804.94 3241.68 5408.45 2854.12 1888.2 6172.24 4812.92 6695.82 2281.62 6129.44 5251.64 
7452.04 4558 5250.9 4676.16 3421.18 2055.43 8191.83 5681.91 2193.17 8115.82 4658.08 8725.03 5088.7 8529.93 7454.19 
7156.63 5292.5 4367.15 3576.1 2387.99 2997.87 7496.05 4916.23 2462.93 6824.21 5418.53 7437.53 4143.83 7300.75 7245.87 
2820.57 5319.52 1181.4 2440.33 6113.41 5132.61 2773.54 626.259 3728.28 6139.68 5482.34 6459.49 1519.08 5317.46 3130.26 
7989.72 5599.04 5285.77 4458.8 2386.73 3126.31 8410.29 5833.19 3005.63 7456.38 5706.36 8086.44 5058.63 8070.4 8051.76 
7433.28 10317.5 4272.63 3899.6 6504.81 9252.12 5311.59 4668.84 7878.44 1630.83 10483.9 1480.03 4107.03 208.087 7898.4 
5713.61 316.228 6302.08 6721.73 7675.94 2437.42 7744.28 6161.05 3009.62 10901.1 248.395 11386.7 6415.86 10594 5413.61 
761.183 4639.49 3877.43 5123.38 8464.16 5743.81 3171.2 3189.61 4718.32 8728.46 4763.21 8980.07 4220.36 7666.76 590.339 
4138.18 6985.53 974.166 1790.67 5835.9 6395.45 2787.44 1153.13 4952.35 4478.97 7150.95 4740.85 1074.48 3542.95 4555.44 
1602.06 4384.8 2805.16 3990.91 7294.85 4977.88 3067.2 2195.45 3794.01 7759.67 4532.39 8060.67 3127.71 6847.48 1717.35 
1799.81 4485.89 2517.82 3703.9 7048.84 4926.93 2990.82 1919.71 3692.18 7478.96 4637.81 7785.69 2839.24 6588.18 1964.69 
2785.68 4884.27 1456.19 2588.05 6048.49 4734.69 3103.11 1043.17 3347.73 6453.66 5047.34 6798.54 1749.29 5702.72 3033.89 
6133.25 9778.16 3756.82 3968.53 7419.34 9137.31 3777.74 3868.98 7702.03 3356.26 9942.9 3207.02 3742.3 1599.06 6624.02 
7442.72 9325.34 3682.85 2781.53 4673.9 7917.94 5822.04 4316.54 6637.24 1421.27 9489.16 1958.8 3391.18 2041.2 7848.49 
5393.37 6060.6 1714.79 721.11 3580.64 4696.95 4959.08 2435.28 3363.11 4707.24 6222.8 5222.51 1400.14 4690.86 5656.01 
5655.24 4336.27 3218.6 2833.88 3581.13 2581.82 6160.28 3634.02 1402.07 6740 4484.7 7293.73 3084.75 6833.69 5738.36 
5550.9 5519.2 2238.97 1480.03 3271.96 3984.7 5447.37 2863.86 2706.62 5352.87 5677.33 5895.4 1990.6 5437.69 5753.61 
8229.76 6316.97 5179.04 4181.51 1543.11 3900.17 8389.59 5802.69 3572.02 6793.21 6433.24 7433.12 4908.05 7540.82 8340.53 
4267.08 5863.59 540.833 1004.99 4790.51 5011.08 3770.37 1224.5 3575.26 5008.88 6029.96 5418.28 384.708 4534.42 4571.09 
5940.41 7256.9 2000.4 765.572 3798.54 5905.93 4946.31 2758.79 4585.94 3491.62 7420.38 3999.41 1640.27 3536.57 6277.66 
8370.88 10935.5 5003.7 4398.92 6354.72 9673.6 6315.58 5486.57 8353.74 816.088 11101.1 460.109 4787.24 1149.83 8825.6 
3852.53 7890.03 2432.39 3385.85 7411.57 7697.51 1626.93 2111.16 6265.47 5081.39 8049.65 5146.12 2638.56 3636.62 4344.2 
5677.33 1612.08 7248.46 7896.82 9282.85 4115.36 8042.7 6947.64 4521.79 12084.8 1500.83 12523 7429.27 11577.2 5269.72 
5028.37 9299.31 3677.64 4366.06 8222.2 9050.05 2498.04 3482.94 7610.32 4809.41 9458.8 4694.6 3807.16 3087.15 5531.04 
9170.48 11504.3 5689.18 4948.87 6366.61 10101.9 7157.93 6220.65 8831.67 782.943 11668.8 392.046 5444.24 1993.61 9617.74 
8070.87 9246.86 4155.02 2969.46 3656.62 7562.29 6726.32 4878.99 6406.64 2024.85 9405.62 2672.7 3811.15 3193.63 8434.81 
8939.49 8859.36 5069.52 3723.24 1830.98 6764.2 8106.12 5840.62 5912.19 3983.39 9003.16 4628.75 4703.67 5255.52 9219.08 
2600.69 7760.06 3916.95 5175.71 9202.01 8275.9 684.763 3238.55 6958.48 7291.76 7900.23 7314.98 4244.01 5752.37 3076.57 
3092.91 6150.59 1002.4 2332.66 6287.65 5893.59 2277.98 326.956 4468.06 5562.32 6313.2 5826.84 1356.5 4591.48 3490.13 
3716.18 9113.53 6014.22 7277.8 11302.6 10019.6 2784.91 5318.06 8790.46 9087.43 9234.11 9017.59 6344.92 7412.98 4032.38 
6641.46 4266.2 4407.32 3913.69 3424.68 1972.74 7328.36 4821.62 1539.51 7563.5 4388.83 8152.4 4260.16 7844.74 6666.94 
4622.81 3448.9 3022.2 3161.83 4770.26 2410.33 5506.08 3185.12 971.854 7319.87 3609.6 7818.04 3027.61 7125.29 4651.72 
4530.54 8013.87 2101.93 2732.51 6663.12 7521.63 2530.32 2095.71 6078.2 4193.63 8177.84 4304.88 2186.73 2871.79 5001.21 
3771.17 1686.18 5218.75 5993.91 8009.78 3582.99 5993.41 4868.07 3278.08 10142 1786.76 10546.8 5429.15 9531.38 3436.39 
1186.63 4324.12 4339.7 5545.13 8731.47 5656.59 3708.83 3680.99 4746.05 9239.65 4436 9504.97 4671.84 8209.59 784.092 
8625.48 5580.99 6193.8 5437.99 3145.3 3049.46 9248.16 6695.41 3386.15 8440.91 5663.89 9074.98 5988.73 9080.27 8639.04 
8939.72 6948.04 5799.94 4729.25 1360.15 4482.06 9030.38 6449.37 4265.22 6960.38 7057.83 7608.52 5512.04 7858.45 9056.52 
7236.85 10253.6 4184.17 3902.67 6671.63 9256.05 5071.42 4539.71 7868.2 1918.46 10420 1752.31 4040.79 165.529 7707.2 
4247.21 1788.32 6090.36 6889.41 8825.25 4121.61 6632.44 5706.65 4046.54 11030.9 1811.08 11429.1 6310.53 10388.4 3842.93 
694.622 5637.77 4631.31 5947.81 9497.58 6898.01 2986.13 3880.63 5884.51 9230.64 5747.39 9410.02 4993.25 7987.27 584.123 
2374.03 3269.57 3426.15 4393.86 7161.58 4068.82 4182.26 2987.34 3064.2 8417.58 3416.96 8778.17 3684.56 7679.39 2258.87 
5410.97 123.693 6172.46 6657.76 7800.64 2651.21 7491.84 5992.86 3067.91 10847.4 114.018 11319.4 6304.17 10484 5099.07 
4493.74 2106.42 6558.93 7383.77 9323.91 4540.7 6949.94 6150.94 4537.66 11514.5 2094.02 11904.9 6787.61 10841.6 4059.19 
8680.2 11283.7 5347.31 4745.97 6608.75 10013.1 6584.93 5821.68 8697.55 965.66 11449.4 368.782 5133.6 1365.28 9138.69 
3897.41 8139.54 2789.28 3746.81 7766.93 8017.54 1502.17 2433.93 6590.18 5260.09 8297.53 5283.94 3000.97 3735.67 4396.6 
3668.09 7076.33 1424.43 2469.51 6520.93 6730.07 2093.08 1174.78 5291.6 4934.33 7239.18 5125.44 1648.3 3783.08 4118.25 
4644.24 1288.45 4816.9 5269.25 6656.52 2060.9 6424.12 4692.89 1857.77 9459.37 1454.17 9931.12 4932.44 9111.75 4437.17 
1241.45 5388.92 2701.5 4024.13 7695.31 5921.87 2066.42 1952.08 4667.43 7399.6 5534.47 7628.96 3064.18 6295.35 1630.49 
2968.4 8365.43 5207.04 6489.51 10497.6 9197.2 2013.58 4497.82 7955.86 8527.19 8491 8505.29 5544.31 6915.32 3330 
6872.15 5314.98 3986.48 3183.47 2387.24 3132.92 7134.17 4550 2412.38 6499.31 5448.61 7105.64 3757.19 6930.55 6981.02 
6520.51 7969.47 2600.94 1474.92 3864.09 6553.05 5303.56 3327.28 5264.23 2792.01 8132.51 3324.15 2259.42 3040.59 6881 
7950.8 6780.68 4560.11 3414.4 940.053 4527.63 7805.45 5250.95 3878.27 5744.74 6912.63 6385.49 4249.86 6534.35 8121.92 
5894.61 5772.25 2487.27 1557.56 2933.43 4117.68 5720.71 3148.75 2906.63 5202.12 5928 5764.6 2208.71 5401.5 6102.34 
1985.95 6294.96 2378 3714.89 7635.46 6573.62 1218.07 1624.13 5229.54 6645.85 6445.99 6820.34 2737.15 5416.29 2461.32 
1733.67 6993.23 3832.71 5160.35 9096.47 7683.08 1096.59 3084.83 6425.43 7747.24 7128.11 7833.07 4187.79 6317.23 2202.39 
8609.3 11107.7 5207.35 4560.04 6357.56 9803.78 6565.1 5705.24 8497.82 717.844 11273.1 212.132 4981.97 1396.07 9061.99 
2536.4 7928.09 4850.57 6151.79 10137.2 8752.78 1731.7 4125.69 7516.52 8370.29 8054.84 8380.98 5194.93 6807.12 2913.86 
3758.9 3001.93 3090.4 3619.96 5747.32 2808.45 4997.3 3003.41 1589.02 7808.97 3168.36 8256.54 3211.74 7391.73 3733.58 
9087.38 7309.42 5813.52 4679.16 999.85 4866.81 9056.81 6490.59 4570.54 6660.27 7423.21 7310.11 5509.13 7631.15 9225.72 
4749.58 651.153 5605.3 6173.73 7631.76 2754.09 6824.97 5384.54 2835.24 10366.4 780.577 10819.2 5758.17 9931.05 4448.55 
6179.92 2937.84 4821.26 4687.11 4783.51 687.968 7339.65 5040.79 901.388 8632.04 3051.59 9189.43 4773.2 8702.6 6106.27 
7871.53 10880.6 4822.96 4473.41 6973.89 9825.6 5658.95 5190.65 8452.22 1734.16 11047.1 1363.08 4667.87 495.177 8345.06 
9524.24 6738.58 6747.98 5808.17 2660.86 4206.29 9915.57 7330.55 4427.06 8276.99 6822.93 8924.58 6496.4 9135.26 9576.98 
1994.44 6896.53 3147.08 4458.99 8431.56 7346.63 603.738 2420.33 6028.47 7035.8 7040.81 7140.45 3494.82 5648.11 2497.22 
2332.25 3702.77 5321.85 6432.62 9267.79 5508 4896.95 4726.31 4878.49 10291.4 3780.61 10588.6 5628.8 9340.34 1856.58 
8682.33 8361.06 4880.7 3543.97 1320.19 6228.74 8003.4 5646.46 5415.9 4380.98 8502.45 5030.83 4519.83 5527.87 8938.74 
5340.35 3108.86 3848.79 3822.79 4659.2 1575.44 6364.97 4049.75 169.706 7886.76 3254.8 8417.51 3820.64 7832.66 5316.03 
3563.66 6296.43 594.643 1874.59 5872.25 5840.55 2655.48 436.005 4400.05 5139.9 6461.18 5431.62 915.26 4263.91 3949.81 
5650.14 7141.99 1711.43 586.941 4066.51 5892.11 4637.61 2462.46 4539.71 3606.27 7306.58 4080.99 1357.24 3493.32 5994.73 
9332.72 6248.22 6782.36 5941.96 3149.68 3725.43 9886.56 7317.66 4110.57 8673.79 6323.96 9317.11 6556.96 9437.23 9354.03 
8590.21 10152.7 4768.73 3723.61 4563.96 8537.35 6987.56 5437.69 7351.22 1142.37 10313.4 1783.73 4453.5 2694.16 8986.71 
5786.75 9309.53 3277.68 3508.52 7048.72 8657.25 3524.83 3408.47 7221.66 3349.06 9474.52 3292.98 3261.98 1716.42 6270.9 
6268.34 9616.76 3540.54 3583.14 6899.8 8843.18 4039.83 3760.65 7419.23 2863.56 9782.54 2780.45 3475.36 1198.54 6747.95 
4717.82 9119.35 3650.99 4442.99 8365.38 8966.07 2161.78 3380.53 7532.28 5144.75 9277.08 5047.77 3813.9 3442.09 5221.08 
4873.11 8978.74 3283.73 3957.83 7826.43 8671.87 2420.02 3122.6 7230.44 4594.79 9139.47 4530.01 3404.59 2934.93 5372.64 
9690.7 7110.57 6764.2 5756.81 2351.28 4580.04 9966.04 7378.08 4699.66 8011.4 7200.17 8660.98 6494.9 8941.66 9765.13 
6985.16 9018.92 3265.88 2463.43 4804.05 7710.59 5353.73 3876.4 6393.56 1750.71 9183.75 2202.29 2990.4 1916.38 7395.58 
611.882 4835.38 4099.82 5364.51 8746.03 6012.1 3157.29 3393.91 5003.45 8904.84 4953.91 9140.38 4448.19 7799.76 304.138 
6600.86 5838.24 3321.33 2345.57 2246.35 3878.66 6548.19 3968.69 2892.54 5583.99 5984.12 6183.89 3044.55 6000.04 6773.79 
6356.23 8416.47 2612.97 1878.32 4737.01 7198.47 4824.69 3228.95 5849.99 2394.7 8581.89 2808.29 2340.88 2224.61 6759.66 
3441.05 8757.29 4957.43 6169.25 10216.3 9370.64 1723.51 4311.5 8063.53 7852.93 8891.91 7791.85 5268.47 6190.01 3865.76 
6168.28 7878.59 2285.69 1323.22 4234.68 6589.6 4882.62 2982.63 5256.69 2870.99 8043.16 3346.12 1965.12 2852.6 6542.31 
5966.93 8881.92 2801.3 2683.62 6028.86 7987.55 4014.04 3156.26 6575.78 2697.87 9048.28 2827.93 2678.84 1542.08 6421.41 
5262.29 6268.56 1454.99 361.248 3846.1 5005.86 4678.31 2207.37 3644.86 4476.16 6432.36 4968.07 1112.52 4367.16 5551.68 
2388.39 7441.94 3562.04 4836.28 8851.27 7910.25 400.125 2872.11 6586.63 7106.23 7584.46 7159.73 3894.66 5620.05 2880.09 
2478.91 7030.46 2681.51 3951.33 7968.36 7260.75 578.014 2011.37 5893.53 6410.78 7181.38 6519.39 3010.81 5037.46 2978.81 
2740.6 2970.59 5155.29 6163.32 8747.83 4785.16 5197.79 4638.76 4231.43 10153.1 3055.11 10490.6 5432.58 9321.68 2324.22 
5972.77 784.92 6196.98 6506.92 7210.56 1908.74 7870.41 6125.37 2655.8 10657.5 798.499 11162.8 6279.65 10439.8 5708.98 
4460.4 1387.55 4700.05 5191.72 6696.04 2214.52 6252.05 4554.67 1905.91 9384.48 1553.96 9848.46 4826.1 9006.14 4254.14 
5570.72 7610.06 1762.04 1164.17 4706.9 6514.29 4243.82 2406.01 5129.25 3248.29 7776.02 3643.14 1486.91 2859.74 5958.14 
7935.77 4238.69 6160.2 5701.72 4371.38 1764.11 8946.29 6516.21 2596.09 9213.6 4304.88 9822.11 6033.27 9603.18 7872.41 
8976.52 7675.16 5494.01 4272.42 259.615 5316.62 8733.3 6209.94 4826.73 5921.9 7799.33 6572.2 5166.24 6958.86 9154.92 
3802.17 7627.79 2080.82 3043.57 7078.14 7372.45 1778.15 1791.79 5937.09 4964.07 7788.77 5072.09 2285.28 3612.6 4282.8 
9465.88 11927.9 6065.9 5372.49 6813.58 10552.9 7380 6570.88 9274.59 1239.76 12092.8 715.052 5833.43 2153.9 9921.34 
4421.37 8450.75 2809.59 3587.1 7536.32 8170.01 2068.28 2605.09 6730.6 4722.08 8611.44 4727.59 2958.8 3171.58 4916.75 
7770.16 8696.12 3830.84 2566.28 3159.81 6971.84 6599.73 4581.09 5834.87 2584.36 8853.53 3224.9 3473.24 3567.86 8111.41 
8289.68 10754.5 4857.05 4208.37 6114.79 9463.09 6286.22 5362.63 8151.42 630.317 10919.9 505.371 4629.34 1214.33 8738.56 
7608.13 3743.86 6066.01 5715.94 4733.81 1302.5 8738.36 6368.06 2316.57 9374.63 3807.57 9971.01 5967.55 9672.73 7521.12 
7037.51 9564.12 3598.36 3072.41 5672.26 8410.29 5136.09 4088.73 7053.18 1578.35 9730.18 1778.68 3388.29 1051.71 7479.92 
3852.53 7321.05 1600.78 2549.51 6590.98 6950.46 2123.61 1414 5510.04 4773.77 7484.01 4942.65 1789.41 3571.13 4311.25 
1025.91 6392.81 3971.32 5317.6 9127.63 7268.08 1766.41 3200.52 6082.98 8233.03 6520.99 8362.8 4337.11 6887.94 1467.51 
3594.89 7634.82 2290.26 3324.88 7369.41 7486.71 1461.68 1903.94 6059.78 5259.9 7793.87 5348.66 2524.92 3861.22 4084.18 
7557.21 8703.27 3627.91 2416.65 3475.4 7064.4 6306.42 4363.71 5880.69 2358.5 8862.74 2985.1 3278.32 3232.15 7911.92 
6150.93 3045.73 4710.04 4555.44 4659.55 829.277 7264.91 4944.19 831.925 8491.67 3163.04 9050.01 4655.53 8570.01 6088.69 
4138.76 8553.69 3245.7 4167.51 8165.89 8473.45 1611.52 2892.49 7047.91 5376.43 8710.37 5344.95 3448.96 3760.28 4641.72 
1082.4 5177.31 4922.49 6201.16 9581.12 6621.28 3586.6 4200.6 5710.56 9660.87 5276.51 9870.13 5275.19 8484.63 641.327 
4823.45 5710.24 1270.04 846.463 4098.11 4564.49 4497.4 1930.41 3166.23 5035.87 5874.8 5511.42 1025.52 4823.08 5083.03 
6539.79 3992.76 4477.33 4061.77 3704.73 1694.02 7325.52 4851.99 1331.35 7787 4113.64 8369.67 4351.18 8023.18 6545.54 
6093.49 2430.91 5094.28 5075.06 5318.53 357.351 7433.88 5242.44 1119.87 9086.35 2537.12 9632.65 5079.63 9089.47 5977.16 
8298.83 11018 5034.68 4508.94 6622.61 9818.72 6180.65 5480.74 8481.25 1130.04 11184.1 700.071 4837.41 955.249 8760.97 
4867.96 5569.25 1425.8 1001.7 4007.39 4382.07 4632.46 2053 2990 5174.87 5733.22 5660.57 1202.08 4998.92 5111.17 
4362.41 2864.49 3380.72 3696.73 5363.02 2248.31 5542.36 3411.51 984.937 7880.41 3028.04 8361.67 3443.05 7599.42 4328.34 
8259.31 4982.22 6081.13 5448.91 3614.25 2456.52 9037.82 6524.84 2944.3 8699.55 5060.77 9323.09 5907.98 9225.1 8243.57 
8308.27 6539.43 5160.85 4114.47 1281.44 4141.21 8387.73 5805.45 3760.48 6587.7 6658.18 7230.14 4877.43 7378.22 8433.56 
3080.21 6400.56 1222.87 2513.34 6511.11 6187.88 2024.1 622.977 4764.22 5522.64 6562.2 5756.08 1556.18 4466.02 3503.83 
8650.01 9381.22 4710.17 3432.23 3103.35 7518.62 7452.01 5461.79 6473.65 2630.53 9535.04 3275.36 4351.39 3985.77 8988.46 
1818.68 3583.2 4083.54 5178.49 8110.06 4839.1 4101.91 3519.57 3960.57 9068.9 3705.67 9384.59 4383.1 8182.92 1537.69 
2645.47 7122.36 2605.26 3852.65 7882.37 7295.55 642.028 1964 5916.64 6242.34 7274.7 6347.16 2925.15 4863.1 3144.14 
1074.24 6447.24 4494.94 5840.55 9605.55 7503.21 2245.11 3723.68 6379.73 8780.73 6565.97 8904.21 4861.48 7419.23 1364.44 
6059.57 5828.08 2655.05 1689.62 2765.39 4107.61 5890.71 3320.15 2936.95 5221.2 5982.14 5793.53 2372 5476.37 6263.14 
2750.36 7994.56 4248.34 5502.63 9532.04 8570.3 1009.55 3570.9 7263.99 7530.33 8131.99 7532.36 4574.11 5956.15 3206.65 
3851.34 4715.14 1435.86 1958.88 4971.78 4011.8 4097.23 1617.71 2570.08 6116.58 4881.52 6548.05 1503.6 5680.58 4045.95 
4206.9 4938.71 1390.14 1649.24 4615.04 4041.05 4302.62 1748.66 2600.94 5835.52 5104.51 6287.53 1363.08 5490.08 4414.26 
2689.85 5819.36 1286.55 2631.67 6491.39 5713.49 2219.64 516.236 4310.78 5998.08 5980.11 6265.82 1653.27 5024.39 3071.19 
622.896 5935.56 4387.45 5721.99 9379.61 7053.12 2531.58 3623.29 5970.17 8871.96 6052.6 9031.73 4753.1 7587 844.808 
6232.34 5654.42 2972.36 2066.49 2603.11 3820.01 6189.32 3606.36 2726.19 5541.24 5804.55 6124.13 2707.4 5846.38 6410 
8318.33 5686.41 5685.89 4866.81 2583.8 3172.84 8796.46 6223.86 3228.95 7811.46 5784.55 8445.33 5462.47 8460.09 8364.96 
4863.85 4957.43 1920.44 1668.11 3965.9 3706.01 4978 2402.17 2315.02 5802.66 5119.63 6305.3 1780.17 5674.93 5045.05 
4092.93 9097.75 4424.75 5478.77 9511.54 9358.68 1645.96 3919.5 7974.58 6650.19 9244.68 6549.11 4679.54 4941.71 4575.78 
2313.66 5811.38 1688.82 3034.24 6878.98 5877.63 1947.43 917.824 4502.81 6321.62 5968.8 6565.12 2055.48 5273.03 2714.5 
8801.91 6727.8 5730.94 4696.08 1525.06 4256.72 8950.56 6365.23 4064.98 7064.68 6836.52 7711.1 5452.12 7917.28 8908.9 
3906.01 8558.62 3528.54 4538.95 8565.19 8621.75 1320.08 3086.5 7212.23 5863.1 8711.86 5821.45 3764.43 4229.95 4408.22 
6370.97 2650.47 5252.35 5164.08 5180.36 200 7667.52 5434.01 1280.16 9120.8 2746.58 9677.73 5219.89 9180.55 6261.01 
151.327 5256.56 3961.82 5265.03 8789.23 6323.67 2723.6 3223.99 5249.95 8658.33 5379.19 8867.7 4320.29 7490.11 386.005 
3091.62 5649.25 852.877 2168.16 5971.04 5342.83 2722.54 269.258 3918.29 5770.62 5813.1 6085.14 1210 4942.72 3431.44 
9075.34 5971.24 6587.48 5784.41 3184.27 3446.46 9668.43 7106.95 3836.63 8631.53 6048.29 9271.59 6371.33 9344.82 9090.79 
9688.68 7061.81 6790.07 5794.18 2426.21 4530.28 9986.4 7398.44 4673.86 8082.47 7150.03 8731.86 6523.84 9002.69 9758.71 
3648.25 8272.56 3310.5 4367.02 8407.65 8352.35 1075.64 2836.56 6947.07 5904.88 8425.7 5894.28 3561.42 4317.79 4151.24 
10387.1 7768.82 7389.05 6332.35 2653.45 5236.46 10608.3 8022.19 5404.34 8305.06 7853.37 8955.11 7107.76 9343.68 10466.9 
6262.81 4615.46 3703.74 3140.57 3122.6 2570.31 6726.02 4174.81 1686.8 6820.15 4753.86 7400.88 3531.4 7068.03 6341.9 
7190.84 9444.39 3591.84 2899.28 5239.58 8182.84 5411.33 4150.18 6854.41 1417.92 9609.76 1781.91 3343.68 1460.14 7618.04 
7499.89 5383.58 4760.64 3958.18 2367.99 2995.28 7884.09 5306.32 2650 7104.4 5501.56 7725.4 4537 7638.97 7575.39 
6739.47 2678.54 5691.4 5582.52 5381.98 304.631 8091.9 5872.96 1720.12 9503.06 2751.38 10067.3 5656.01 9597.63 6610.37 
6432.45 6073.79 2977.33 1914.16 2395.2 4237.13 6220.97 3662.59 3150 5151.9 6224.72 5743.74 2677.39 5531.74 6636.75 
2745.54 3797.91 2469.03 3377.22 6276.89 3937.83 3883.1 2144.62 2677.55 7434.04 3959.49 7814.21 2700 6778.04 2810.07 
8881.67 9218.18 4955.25 3627.95 2520.04 7231.6 7850 5722.05 6280.68 3288.97 9367.28 3931.03 4589.55 4635.19 9193.13 
8605.84 5165.5 6457.57 5813.92 3800.33 2666.27 9411.88 6901.43 3274.66 9002.96 5234.36 9630.77 6282.87 9565.25 8580.63 
5652.89 8887.43 2813.91 2946.79 6490.75 8144.72 3568.49 3038.19 6715.12 3150.25 9053.2 3205.15 2761.01 1750.26 6122.13 
6330.91 5098.68 3452.72 2734.37 2750.16 3110.06 6580.62 3998.92 2152.6 6294.35 5241.37 6880.77 3238.58 6594.13 6451.43 
4675.75 6898.88 880.057 1051.19 5077.2 6038.42 3542.16 1499.07 4610.69 4121.13 7065.31 4473.03 686.003 3494.68 5055.42 
6061.72 1783.14 7583.05 8198.3 9452.14 4211.53 8425.02 7299.24 4727.98 12390.1 1648.06 12837 7755.42 11913.2 5652.79 
3978.19 1570.89 4620.88 5249.76 7065.76 2766.03 5895.74 4387.19 2329.48 9434.35 1726.96 9871.46 4786.02 8950.14 3744.98 
2320.86 3818.44 2723.99 3737.86 6736.84 4233.21 3695.42 2283.2 3044.29 7719.62 3974.17 8074.02 2991.72 6972.59 2358.16 
5179.43 1462.4 4941.62 5234.89 6238.66 1437.36 6820.26 4912.73 1484.86 9394.43 1607.51 9894 5012.83 9167.08 5000.9 
6691.91 7733.25 2753.07 1466.59 3311.27 6181.08 5664.72 3513.7 4946.29 3141.27 7893.83 3717.32 2390.75 3572.02 7023.45 
8959.58 10751 5223.96 4265.13 5188.69 9179.51 7210.01 5854.31 7975.63 721.388 10912.9 1270.47 4928.3 2509.12 9374.01 
7010.76 4337.48 4822.96 4300.05 3448.85 1913.14 7742.25 5239.26 1797.69 7862.53 4448.91 8460.93 4671.49 8201.87 7020.86 
4128.26 7185.46 1230.04 2039.73 6074.15 6648.08 2613.54 1296.19 5204.63 4465.15 7350.35 4691.58 1346.29 3427.61 4562.32 
4914.44 9145.6 3518.89 4219.96 8092.55 8890.05 2404.7 3323.57 7450.33 4778.03 9305.32 4684.71 3650.99 3080.41 5416.46 
4452.53 1168.46 5822.41 6517.13 8236.43 3452.03 6697.47 5513.76 3440.89 10693.2 1223.19 11118 6012.07 10148.7 4098.21 
6047.45 956.713 7026.36 7512.6 8505.4 3218.34 8237.87 6831.41 3850.99 11700.5 792.465 12175.4 7161.26 11340.9 5694.95 
939.149 6006.7 4801.14 6132.41 9755.62 7260.34 2886.47 4039.03 6229.61 9289.42 6115.29 9443.99 5166.24 7990.51 948.736 
4692 3768.61 2796.46 2858.97 4526.91 2626.06 5419.17 3022.33 1185.33 7006.43 3929.08 7508.75 2775.05 6838.52 4753.95 
5418.31 5873.91 1852.62 960.052 3480.42 4464.55 5095.59 2542.38 3143.02 4916.01 6035.11 5440.08 1562.08 4930 5661.98 
7746.61 8842.27 3816.08 2596.15 3431.18 7168.05 6491.66 4553.17 6004.04 2323.98 9001.02 2961.38 3465.54 3304.09 8100.3 
2768.27 4373.85 1889.87 2887.92 6075.34 4312.82 3480.8 1551.93 2963.78 6875.54 4536.79 7242 2142.27 6185.28 2935.75 
3974.54 6292.99 222.036 1392.05 5396.07 5643.09 3128.47 781.025 4200.06 4859.68 6459.06 5196.5 439.318 4138.65 4337.61 
8148.4 10265.7 4520.71 3712.86 5378.86 8866.12 6322.56 5100.64 7588.54 482.701 10429.9 1021.81 4254.7 1678.36 8576.21 
8016.49 6933.97 4572.2 3397.13 827.345 4692.65 7817.12 5274.44 4024.05 5609.03 7066.97 6251.6 4254.66 6430.5 8196.63 
1758.24 4160.59 5006.33 6181.73 9226.07 5784.33 4338.72 4364.68 5022.52 9928.89 4251.71 10200 5330.98 8908.51 1272.36 
2242.07 7626.23 5118.12 6448.54 10368.3 8628.97 2200.09 4364.92 7456.67 8902.42 7744.66 8940.43 5474.75 7381.82 2537.12 
4453.07 2115.68 4056.17 4441.73 5941.38 1985.88 5944.01 4004.85 1210.17 8628.4 2279.69 9106.06 4146.54 8318.2 4333.83 
5778.48 6572.22 1947.43 651.153 3400.74 5134.17 5137.44 2709.58 3835.95 4218.68 6733.8 4750.52 1592.11 4314.56 6065.98 
8644.18 6106.89 5877.76 4982.63 2319.31 3592.34 9031.09 6448.1 3622.5 7717.67 6204.92 8358.11 5635.41 8452.53 8705.87 
6830.79 2635.91 5845.84 5746.59 5517.4 432.897 8219.55 6018.51 1870.67 9668.2 2699.8 10232.7 5813.92 9761.99 6691.49 
5474.42 4964.23 2550.02 2023.88 3410.53 3385.76 5650.22 3070.59 2114 5952.14 5120.01 6495.73 2365.44 6017.78 5627.4 
7826.65 9272.17 3950.92 2853.65 4041.05 7691.1 6378.23 4647.63 6482.98 1712.31 9433.18 2344.38 3622.5 2746.07 8206.85 
6862.83 5817.26 3665.42 2703.85 2057.04 3744.13 6883.2 4299.23 2874.67 5842.17 5958.02 6451.74 3395.06 6319.7 7018.04 
6136.01 6186.22 2550.55 1435.9 2754.27 4504.54 5795.32 3261.66 3316.34 4822.96 6342 5396.07 2234.86 5102.86 6367.93 
878.009 6033.27 3487.26 4832.24 8609.33 6794.25 1711.43 2716.27 5583.64 7892.12 6167.8 8054.32 3853.95 6620.1 1380.58 
7760.91 4393.18 5794.29 5280.46 3933.15 1864.24 8653.84 6184.7 2418.97 8747.69 4474.47 9357.76 5650.99 9157.1 7725.8 
5855.12 3471.44 4077.07 3868.07 4217.7 1512.38 6763.62 4363.78 629.682 7808.34 3606.27 8363.17 4001.8 7881.13 5846.24 
5789.11 1470.54 7238.49 7852.15 9147.55 3944.68 8122.52 6960.03 4405.6 12043.8 1346.18 12490.4 7409.57 11568.7 5391.82 
7215.5 8846.04 3362.16 2338.93 4192.37 7387.56 5763.86 4044.01 6122.88 1933.52 9008.94 2497.76 3044.24 2507.99 7600.85 
8018.43 6950.2 4567.11 3388.51 820.366 4711.7 7811.79 5270.77 4038.87 5587.89 7083.42 6230.59 4248.67 6412.07 8199.86 
2375.48 7346.97 3382.1 4656.19 8671.13 7770.88 265.707 2694.53 6438.65 6964.19 7491.23 7028.46 3714.42 5498.59 2873.4 
8381.5 9500.07 4464.67 3270.29 3671.1 7769.87 7024.22 5189.55 6641.39 2007.21 9657.85 2656.8 4119.9 3331.7 8745.08 
9918.48 7190.58 7046.37 6053.58 2644.84 4658.42 10239.4 7651.54 4864.25 8310.39 7274.3 8960.2 6781.46 9249.11 9982.11 
4300.29 8892.08 3684.56 4607.44 8597.26 8879.82 1715.93 3309.46 7459.46 5628.59 9046.84 5552.31 3891.34 3950 4802.77 
8023.12 5040.16 5703.49 5033.22 3245.63 2510.98 8705.27 6171.59 2772.18 8263.78 5130.97 8886.62 5518.74 8790.5 8030.59 
6536.82 7119.98 2672.17 1329.66 2843.98 5477.71 5798.39 3441.54 4280.57 3859.49 7278.02 4443.89 2308.68 4270.95 6826.9 
7775.98 4145.13 5999.84 5553.97 4321.71 1647.7 8780.8 6352.32 2434.03 9096.51 4216.28 9702.16 5875.53 9466.11 7715.7 
5977.87 9022.33 2936.15 2886.26 6252.24 8171.03 3949.3 3246.55 6754.04 2761.81 9188.56 2840.79 2834.94 1458.66 6439.88 
5808.22 1924.19 7510.13 8181.6 9596.04 4420.19 8213.9 7191.24 4834.01 12366.4 1810.25 12799 7698.01 11836 5385.81 
9196.27 8206.86 5565.62 4280.49 536.656 5894.41 8773.03 6308.25 5318.05 5458.8 8335.77 6107.6 5220.67 6609.84 9404.73 
8726.26 6010.07 6055.38 5195.97 2587.91 3482.81 9184.42 6607.28 3621.38 7988.4 6102.37 8628.12 5822.86 8707.86 8772.74 
5193.12 761.183 6384.61 6981.38 8363.16 3288.77 7418.38 6129.9 3586.7 11173.4 713.092 11622.1 6548.47 10714.1 4836.96 
8075.3 11030.5 4985.78 4592.44 6975.45 9938.47 5871.49 5370.34 8574.01 1615.24 11196.9 1190 4820.84 680.074 8547.43 
7490.83 6097.03 4317.41 3309.46 1594.77 3850.19 7540 4956.82 3204.56 6133.73 6228.3 6761.72 4040.11 6761.25 7631.63 
3990.45 6189.35 102.956 1325.18 5302.39 5515.52 3225.31 805.047 4072.76 4908.32 6355.54 5258.18 348.855 4228.34 4342.35 
2028.32 3792.89 5011.93 6141.08 9055.9 5463.5 4578.67 4405.96 4754.05 9972.96 3882.8 10265.3 5323.54 9010.8 1566.78 
2622.46 8023.09 5124.47 6431.62 10407.2 8922.16 2025.29 4393.23 7707.52 8660.02 8146.02 8665.94 5471.32 7088.76 2963.31 
4814.49 5623.04 1325.75 936.002 4080.65 4469.72 4539.82 1964.31 3071.48 5121.82 5787.44 5600.4 1097.86 4917.69 5065.83 
2801.79 7649.4 3302.2 4520.18 8563.05 7950.63 214.709 2674.06 6588.3 6596.82 7797.13 6638.33 3612.48 5092.45 3302.62 
7742.47 4052.47 6021.93 5598.59 4423.3 1566.05 8777.89 6362.55 2407.76 9169.11 4121.67 9772.72 5903.71 9522.29 7675.66 
8104.23 4891.15 5922.95 5300.74 3564.83 2360.28 8876.58 6364.31 2796.09 8586.44 4973.63 9207.58 5751.75 9091.82 8091.51 
4819.18 9163.8 3632.33 4387.17 8288.07 8972.01 2275.48 3390.94 7535.58 5008.99 9322.28 4908.57 3782.92 3302.56 5322.26 
3933.26 7895.48 2365.92 3288.18 7306.91 7663.16 1744.13 2080.6 6228.23 4963.81 8055.81 5034.41 2559.79 3532.89 4422.33 
6929.16 5491.68 3947.57 3090.76 2228.95 3323.39 7121.41 4533.98 2578.16 6329.18 5626.58 6938.6 3704.75 6789.18 7050.71 
10182 7831.08 7061.02 5960.41 2175.89 5305.43 10295.5 7716.25 5336.67 7810.83 7924.6 8460.6 6767.55 8874.46 10284.2 
4576.66 2825.26 3519.67 3766.51 5252.35 2045.7 5747.39 3583.57 771.038 7936.4 2986.13 8428.64 3563.96 7701.77 4537.85 
3012.19 7796.47 3273.71 4457.32 8507.06 8037.54 425.206 2680.76 6662.19 6412.25 7945.8 6442.4 3570.9 4889.22 3514 
6451.87 2371.18 5558.14 5525.52 5563.34 208.087 7866.37 5700.88 1583.19 9509.6 2451.65 10062.5 5542.8 9541.49 6311.36 
1824.28 4910.65 2225.96 3481.44 7006.3 5233.78 2603.02 1562.63 3944.63 7129.61 5064.27 7416.27 2568.27 6186.13 2092.39 
5575.84 1034.84 5554.86 5846.71 6666.23 1514.63 7344.42 5509.07 2018.14 9998.26 1145.43 10502.6 5629.39 9784.12 5354.41 
2481.29 5464.44 1460.86 2776.26 6516.46 5439.02 2399.27 746.324 4056.41 6307.65 5624.41 6592.8 1820.11 5376.63 2825.97 
2222.72 5098.16 1784.66 3050 6648.5 5207.24 2583.83 1131.77 3861.22 6699.28 5256.32 6995.52 2128.5 5792.11 2520 
7624.83 6597.76 4225.74 3092.31 1224.83 4411.63 7470.86 4915.06 3671.8 5595.29 6733.85 6229.69 3917.4 6309.06 7801.42 
2882.93 8268.23 5003.3 6282.08 10293.8 9052.3 1802.72 4298.29 7798.27 8324.71 8396.22 8308.24 5339.04 6720.93 3266.13 
7892.08 10451.1 4506.08 3926.23 6094.5 9226.27 5880.31 4989.68 7893.11 937.763 10616.9 901.388 4292.19 879.83 8343.34 
6799.35 6591.18 3179.45 1969.87 2111.16 4715.01 6415.8 3906.74 3662.96 4755.43 6741.66 5363.67 2848.72 5270.09 7027.61 
6083.57 4673.6 3451.62 2892.09 3146.36 2730.29 6490.09 3931.92 1727.22 6619.71 4816.66 7193.89 3276.86 6833.45 6177.68 
2285.37 4992.23 1773.41 3012.39 6564.03 5081.12 2710.17 1159.35 3734.84 6718.01 5151.09 7024.68 2108.29 5841.55 2562.81 
7987.99 9450.38 4121.32 3032.95 4124.88 7858.28 6508.56 4813 6656.61 1583.19 9611.26 2224.1 3795.26 2727.53 8371.31 
5474.31 6069.76 1806.93 787.718 3489.2 4669.58 5051.28 2526.2 3348.58 4712.03 6231.38 5234.55 1492.01 4730.04 5733.31 
1652.18 4538.74 2618.85 3824.25 7194.2 5042.3 2920.62 1996.02 3821.88 7562.45 4688.55 7859.8 2946.81 6642.69 1821.48 
4752.37 8743.71 3008.8 3682.85 7568.04 8403.72 2371.43 2867.54 6961.62 4495.25 8905.16 4468.78 3126.18 2893.65 5248.25 
8792.18 6070 6111.28 5244.16 2583.68 3541.71 9244.18 6666.11 3688.16 8008.9 6161.59 8649.5 5876.94 8740.58 8839.26 
4493.19 9178.76 4009.85 4920.2 8897.56 9198.16 1905.91 3632.33 7779.83 5779.56 9332.46 5669.51 4214.36 4061.85 4993.25 
1640.49 5327.52 2300.02 3616.02 7289.57 5688.98 2154.55 1561.6 4391.91 7062.02 5478.72 7311.98 2660.68 6017.26 1999.12 
4595.1 2065.53 4154.15 4504.05 5898.69 1844.4 6081.53 4120.69 1133.58 8684.91 2227.49 9168.97 4235.2 8400.93 4473.03 
6417.98 4718.58 3818.11 3211 2995.48 2616.33 6861.66 4304.01 1804.88 6822.98 4854.62 7410 3636 7110.73 6498.2 
7906.26 10263.5 4396.06 3714 5716.26 8966.63 5989.27 4926.66 7654.05 720.069 10428.8 962.081 4157.52 1217.54 8346.31 
5669.43 9308.75 3313.68 3623.53 7225.03 8715.81 3361.62 3394.5 7276.71 3560.91 9473.18 3490.36 3321.81 1901.63 6157.64 
6992.35 5619.48 3949.75 3055 2111.49 3453.07 7139.25 4551.26 2702.24 6226.76 5754.81 6838.98 3697.7 6711.93 7121.66 
1544.34 5145.1 2416.71 3713.89 7321.69 5565.37 2320.19 1698.59 4290.61 7228.53 5295.15 7487.4 2772.18 6205.32 1867.75 
3573.37 1828.58 4775.28 5539.12 7612.73 3386.81 5680.96 4443.65 2929.59 9689.3 1957.4 10096.9 4980.46 9093.76 3285.86 
8006.9 8537.19 4079.53 2753.56 2565.33 6680.49 7002.64 4846.53 5627.24 3126.4 8690.58 3774.29 3713.83 4178.67 8321.18 
5214.33 4220.96 2861 2631.5 3915.64 2723.03 5734.15 3229.4 1384.52 6669.37 4376.12 7200.57 2760.65 6648.08 5305.33 
4218.55 1212.64 5404.45 6089.22 7860.2 3218.46 6380.45 5111.32 3076.51 10266.2 1317.35 10692.8 5589.65 9732.75 3897.24 
4032.52 8460.29 3195.83 4144.01 8153.54 8399.22 1508.81 2822.94 6976.02 5440.63 8616.64 5418.87 3407.81 3838.88 4535.47 
6050.23 997.296 6118.99 6383.46 6992.32 1674.87 7886.49 6076.45 2489.18 10518.3 1027.86 11031 6188.64 10336.1 5802.98 
1830.98 3598.06 3779.02 4864 7814.02 4687.02 3960.73 3230.56 3742 8769.26 3729.79 9091.76 4074.62 7907.12 1630.83 
4330.42 1400.07 5872.82 6610.03 8424.76 3687.87 6626.25 5534.7 3635.93 10774.4 1444.61 11188.8 6074.74 10191.4 3959.22 
3135 4356.52 1768.19 2631.54 5712.62 4091.96 3737.12 1586.19 2706.01 6698.1 4521.7 7089.37 1970.84 6097.34 3298.44 
5603.94 5472.84 2332.6 1580.03 3217.53 3904.48 5534.2 2948.85 2641.4 5425.61 5630.11 5972.48 2088.56 5529.86 5799.38 
4390.28 6388.15 457.056 952.575 4978.84 5558.35 3549.04 1204.16 4124.38 4576.3 6554.59 4952.62 174.929 4005.25 4739.55 
3380.24 8745.4 5180.55 6416.98 10456.4 9450.53 1935.07 4511.7 8167.45 8187.24 8876.13 8131.04 5500.73 6530.07 3778.16 
6152.08 2425.28 5163.82 5140.09 5345.51 291.548 7501.69 5312.41 1188.7 9145.67 2527.86 9693.32 5148.41 9154.96 6032.48 
5330.08 6880.7 1390 361.386 4229.09 5714.62 4387.31 2147.56 4337.57 3885.42 7045.92 4338.66 1032.38 3656.67 5670.81 
5724.41 330.151 6380.03 6814.35 7789.67 2549.51 7781.65 6228.39 3118.53 10996.2 206.155 11479.2 6498.22 10677.4 5416.22 
7886.51 7986.72 4032.68 2687.94 1901.58 6032.32 7121.78 4802.54 5050.79 3850.83 8136.06 4496.09 3668.38 4797.71 8164.37 
2245.89 5144.37 1747.71 3020.26 6637.42 5238.86 2553.61 1086.74 3888.2 6654.66 5302.72 6949.14 2093.8 5743.26 2550.31 
5964.94 3270.99 4341.66 4160.83 4406.14 1218.03 6967.35 4602.97 628.013 8101.72 3399.49 8657.74 4276.74 8174.87 5932.3 
8101.51 4460.52 6234.65 5730.56 4236.05 1980.4 9064.26 6612.45 2755.36 9170.66 4526.91 9784.28 6095.94 9601.71 8047.07 
715.891 4980.8 4439.39 5712.24 9098.82 6273.52 3302.03 3724.47 5305.04 9211.69 5091.41 9434.71 4790.25 8072.43 212.603 
5777.82 7674.41 1927.72 1153.95 4507.08 6502.81 4481.08 2600.5 5135.65 3125.08 7839.92 3551.48 1628.25 2872.53 6158.45 
4065.53 9019.2 4280.77 5325.65 9356.44 9245.77 1573.34 3786.36 7856.63 6506.92 9167.3 6413.12 4531.94 4806.51 4553.2 
3589.05 7812.21 2575.97 3615.81 7658.7 7729.97 1289.96 2159.28 6308.41 5420.06 7969.72 5478.37 2815.55 3957.74 4085.9 
3780.54 2640.15 6179.72 7111.01 9376.15 4896.79 6288.16 5703.62 4664.7 11171.7 2666.55 11530.2 6437.58 10396.9 3327.94 
6278.73 8952.88 2916.06 2588.22 5701.38 7937.57 4410.01 3358.47 6546.34 2329.98 9119.28 2526.76 2742.35 1449.03 6722.17 
1954.51 3560.9 3541.33 4601.79 7534.75 4503.44 3924.21 3020.55 3509.56 8537.28 3700.01 8870.32 3828.59 7710.21 1815.71 
4142.29 3441.7 2774.83 3115.16 5134.08 2757.48 5075.68 2840.28 1363.12 7306.55 3606.8 7777.15 2833.83 6993.31 4176.9 
5605.47 509.902 5945.77 6318.05 7232.43 2030.02 7530.33 5841.45 2565.5 10488.9 591.354 10981.6 6044.77 10217.1 5338.46 
8488.07 10837.9 4994.34 4282.86 5997.51 9490.13 6520.51 5524.61 8197.33 388.33 11002.8 385.876 4752.82 1483.27 8931.97 
1831.75 3592.02 4259.06 5359.86 8283.34 4938.06 4188.08 3686.8 4095.85 9241.05 3708.71 9552.72 4560.84 8341.32 1506.85 
7661.52 10510.2 4477.86 4064.44 6544.99 9411.23 5536.1 4886.36 8045.99 1482.23 10676.5 1272.52 4304.06 339.559 8126.32 
6748.55 8216.59 2839.89 1730.46 3887.99 6771.84 5472.2 3557.26 5496.27 2557.66 8379.36 3104.21 2502.98 2914.4 7114.63 
5288.78 5932.83 1662.92 784.092 3649.68 4595.97 4908 2365.8 3250.98 4828.92 6095.28 5339.31 1364.99 4782.57 5545.13 
7928.85 7616.38 4186.32 2874.33 1342.39 5556.88 7365.17 4942.71 4669.27 4475.81 7760.73 5120.7 3832.83 5382.12 8173.28 
2503.8 5933.34 1534.44 2880.45 6763.9 5923.32 1957.27 765.506 4533 6124.91 6092.11 6368.33 1899.74 5080.35 2909.31 
6983.87 8826.83 3186.93 2277.28 4490.55 7460.11 5456.42 3836.48 6161.05 1917.32 8990.95 2422.11 2889.01 2231.64 7381.09 
8814.71 5914.87 6244.27 5421.48 2871.41 3382.5 9345.83 6776.92 3636.39 8270.92 6000.83 8909.83 6021.89 8974.06 8845.41 
7975.39 7231.05 4387.72 3144.14 907.855 5067.24 7618.04 5117.52 4294.24 5116.49 7369.4 5760.3 4052.51 5975.97 8184.01 
5258 2482.04 4254 4363.14 5245.38 1258.77 6531.84 4360.18 465.296 8472.17 2626.52 8991.77 4267.86 8352.29 5174.87 
8059.18 6948.73 4620.88 3447.03 793.095 4697.37 7865.91 5322.27 4043.08 5644.83 7081.05 6287.97 4303.77 6474.27 8237.75 
3636.76 4903.15 1191.01 1927.69 5190.24 4310 3778.16 1298.38 2871.74 6017.58 5069.52 6425.03 1321.36 5494.82 3861.57 
8846.02 5698.58 6435.46 5675.36 3277.39 3173.52 9487.36 6936.12 3584.91 8637.6 5776.03 9273.86 6230.1 9300.05 8853.53 
2766.69 7600.48 3259.95 4482.61 8523.97 7899.68 178.045 2628 6537.59 6589.3 7748.35 6635.78 3571.92 5093.84 3268.1 
6179.34 1525.55 5863.15 6017.06 6419.03 1081.71 7852.9 5891.86 2052.44 10106.1 1586.76 10634.9 5900.86 10005.8 5975.26 
5506.16 6527.46 1643.44 339.706 3713.97 5203.85 4823.74 2409.73 3864.93 4222.71 6690.72 4726.99 1284.45 4187.08 5805.39 
5745.34 1926.76 5092.45 5210.81 5772.22 762.758 7233.33 5162.57 1246.19 9299.98 2042.47 9827.42 5115.75 9204.11 5597.32 
5600.89 2666.48 4418.38 4422.85 5015.12 1010.2 6812.08 4576.83 446.43 8476.02 2800.29 9011.2 4404.77 8432.43 5525.8 
7133.58 8455.39 3214.55 2051.05 3693.59 6917.55 5862.87 3940.69 5683.18 2410.5 8616.75 2999.77 2871.24 3020.5 7494.99 
5954.03 5622.54 2652.24 1779.02 2868.4 3911.52 5870.37 3288.66 2731.23 5412.01 5776.44 5979.67 2389.25 5631.31 6144.48 
8775.25 9970.16 4877.55 3713.89 3986.63 8228.93 7332.21 5589.2 7109.38 1793.24 10127.9 2425.53 4539.27 3319.04 9148.58 
1384.63 4016.28 3912.97 5075.51 8190.49 5177.34 3684.9 3296.21 4219.82 8863.77 4140.82 9155.34 4231.93 7910.06 1143.9 
1058.16 6242.2 3527.55 4873.82 8694.44 6980.11 1536.75 2756.83 5755.9 7834.45 6377.06 7980.76 3893.29 6527.7 1555.96 
1470.78 6658.12 5093.65 6438.54 10176.8 7881.05 2756.17 4322.61 6816.22 9360.9 6766.42 9471.44 5460.33 7970.51 1587.61 
6424.83 5713.18 3175.06 2242.43 2423.24 3804.02 6394.14 3811.47 2771.89 5604.71 5860.76 6196.81 2906.63 5966.62 6596.76 
3117.71 8096.72 3739.55 4921.76 8972.25 8433.04 651.92 3136.83 7072.1 6741.9 8242.6 6737.84 4037.59 5161.09 3609.43 
2075.31 3905.3 5177.95 6318.2 9248.18 5628.78 4647.62 4561.63 4938.22 10129.6 3989.45 10415.3 5492.99 9147.64 1595.31 
2182.34 3310.97 3669.95 4682.84 7495.33 4302.15 4170.96 3184.53 3356.26 8667.62 3450.01 9013.88 3943.42 7880.03 2012.29 
5736.94 3222.2 4140 4006.76 4467.54 1348.33 6737.36 4384.62 420.476 7993.46 3357.69 8541.04 4085.89 8023.3 5709.38 
4600.92 5478.78 1216.72 1082.08 4275.48 4414.75 4388.53 1803.14 2998.27 5275.02 5643.87 5740.08 1042.35 5006.37 4848.36 
4089.02 1626.9 4485.29 5060.56 6799.3 2541.53 5910.01 4292.42 2058.79 9251.08 1790.11 9698.36 4634.02 8808.39 3883.56 
5643.58 1916.59 5001.65 5136.54 5768 846.463 7129.52 5065.04 1185.62 9235.91 2038.43 9760.09 5028.92 9125.18 5497.94 
6502.5 6689.01 2772.18 1507.48 2544.66 4959.13 5986.87 3519.67 3806.86 4402.91 6844.25 4993.49 2427.45 4815.03 6757.43 
5120.16 3099.44 3669.73 3703.03 4749.34 1752.85 6145.54 3847.83 310 7802.26 3250.66 8323.28 3655.68 7702.48 5101.19 
7892.29 6624.99 4561.28 3448.16 1069.21 4357.85 7804.26 5239.27 3732.41 5892.07 6755.69 6530.94 4259.13 6650.86 8053.6 
2732.8 6356.04 1573.05 2886.69 6862.22 6297.63 1709.42 878.635 4893.11 5860.08 6515.04 6071.84 1919.43 4737.26 3171.7 
3977.25 4068.07 2122.5 2512.47 4979.41 3350.73 4596.54 2238.95 1917.55 6703.91 4234.02 7159.42 2179.11 6344.49 4090.04 
7617.26 7899.4 3740.66 2394.37 2182.2 6022 6807.12 4511.67 4980.01 3666.29 8051.5 4304.88 3375 4527.34 7905.14 
5378.86 1380.58 6905.14 7561.51 9015.68 3910.63 7720.32 6603.76 4237.57 11747.8 1293.87 12183.5 7087.32 11233.6 4981.45 
4813.58 5326.58 1561.7 1251.96 4020.8 4137.31 4713.99 2126.03 2740.89 5418.72 5490.23 5908.16 1380.8 5247.86 5035.01 
5547.48 2677.98 4359.93 4372.24 5008.96 1070.42 6751.73 4516.38 392.173 8432.03 2813.91 8965.47 4347.93 8380.48 5475.22 
2855.24 7923.94 3812.41 5036.27 9078.38 8347.41 585.235 3169.01 7006.6 7010 8067.17 7020.16 4126.06 5450.52 3340.73 
3529.66 3141.27 2946.35 3556.47 5862.23 3049.23 4761.7 2814.55 1822.58 7733.25 3307.28 8167.23 3090.06 7265.02 3517.1 
7798.01 4056.23 6099.25 5679.02 4483.63 1586.19 8847.71 6436.84 2468.44 9247.45 4122.44 9851.52 5982.22 9602.82 7727.32 
8421.12 7336.55 4916.01 3698.34 402.616 5058.46 8155.42 5632.98 4438.78 5578.62 7467.38 6226.76 4588.39 6513.1 8608.84 
3888.2 8979.37 4505.82 5608.11 9653.15 9324.21 1548.29 3958.85 7956 6930.01 9123.71 6841.7 4777.46 5235.5 4362.32 
3430.83 8228.57 3523.54 4639.16 8688.84 8423.83 845.991 2988.04 7036.2 6284.97 8378.6 6272.77 3796.66 4693.53 3930.71 
7174.49 7383.06 3348.58 2013.58 2205.11 5545.83 6489.51 4114.77 4471.35 3980.8 7535.95 4603.36 2987.86 4656.92 7447.52 
8493.72 10971.9 5075.79 4424.04 6252.18 9669.35 6467.46 5578.22 8362.3 648.845 11137.3 300.832 4848.64 1331.8 8944.64 
1280.04 4800.77 4935.5 6181.08 9445.03 6308.41 3854.4 4239.54 5447.97 9755.62 4897.19 9988.38 5279.44 8636.56 779.872 
5897.54 511.566 6553.05 6973.16 7879.21 2600.94 7963.4 6407.06 3242.61 11151.5 373.363 11638.1 6667.91 10846.2 5584.88 
6355.25 6378.6 2726.19 1548.42 2565.5 4641.82 5965.91 3450.59 3489.83 4709.58 6533.18 5294.62 2399.42 5068.27 6591.55 
2981.36 8374.97 5161.4 6439.91 10451.9 9186.86 1958.88 4455.88 7939.4 8458.1 8501.46 8434.65 5497.14 6844.16 3350.73 
4941.98 1135.47 6383.93 7052.52 8615.39 3633.19 7238.24 6082.52 3820.01 11235.7 1109.41 11667.6 6568.04 10712 4563.96 
1916.04 7313.31 4788.75 6124.34 10025.9 8277.11 1975.88 4030.71 7098.09 8681.6 7434.54 8741.22 5147.74 7198.85 2243.77 
3540.18 8940.72 5778.25 7042.14 11066.6 9812.25 2549.39 5082.76 8574.67 8883.69 9063.32 8823 6108.92 7220.34 3873.24 
8448.63 8528.92 4569.39 3223.32 1922.6 6513.56 7604.24 5340.64 5585.85 3754.32 8676.23 4404.54 4203.26 4902.41 8734.01 
4784.18 1252.4 6300.96 6996.68 8640.89 3717.27 7096.63 5983.06 3842.1 11173.9 1242.58 11599 6492.49 10625.9 4401.92 
6775.85 10250.7 4178.25 4196.34 7366.99 9477.1 4443.89 4379.37 8055.22 2845.42 10416.4 2618.42 4114.13 1036.19 7263.33 
997.296 4870.16 3078.78 4350.56 7831.27 5604.04 2631.67 2376.97 4434.02 7911.54 5010.25 8166.3 3427.91 6867.46 1222.01 
8105.19 7343.08 4507.08 3255.04 799.062 5162.11 7734.09 5239.55 4409.38 5122.54 7480.54 5768.37 4169.9 6018.95 8314.81 
8720.02 9444.56 4780.26 3502.91 3122.6 7574.31 7516.42 5531.53 6534.96 2633.88 9598.17 3276.49 4421.63 4014.3 9058.84 
9391.44 6932.34 6440.38 5433.42 2110.21 4409.55 9644.28 7056.42 4451.12 7747.03 7027.29 8395.73 6170.51 8646.77 9472.79 
5575.61 6872.74 1644.78 354.683 3904.15 5593.25 4704.73 2413.38 4245.9 3871.29 7036.83 4360.05 1278.83 3794.15 5901.43 
703.491 6081.12 3938.25 5281.6 9025.13 7004.93 2008.23 3168.11 5846.04 8339.33 6207.94 8491.91 4304.99 7042.31 1151.69 
726.154 6110.99 4277.66 5618.98 9332.21 7155.25 2289.54 3508.75 6038.31 8687.11 6231.48 8835.09 4644.28 7377.68 1051.19 
4102.5 1427.73 4752.37 5364 7110.98 2709.72 6036.97 4526.07 2351.04 9551.48 1583.82 9992.52 4913.3 9080.67 3860.47 
6056.48 1676.72 5602.61 5733.91 6157.02 860.93 7659.4 5650.88 1764.09 9816.98 1760.03 10347.1 5632.66 9727.04 5873.07 
3468.98 3410.23 2677.11 3306.27 5747.83 3225.23 4567.11 2556.33 1932.8 7475.91 3576.28 7905.47 2822.37 6996.26 3494.64 
6030.67 4171.63 3752.93 3343.2 3554.49 2178 6658.3 4152.35 1246.64 7159.64 4310.2 7728.1 3620.64 7324.62 6079.98 
5084.34 5642.73 1614 996.243 3788.42 4358.28 4836.63 2262.59 2991.89 5111.24 5805.56 5613.6 1364 5012.83 5323.65 
1188.49 4872.97 2870.89 4140.59 7633.7 5510.9 2591.06 2174.42 4310.82 7718.2 5016.74 7979.66 3219.08 6694.81 1431.71 
8902.25 8243.14 5183.48 3869.88 837.735 6018.01 8358.12 5938.91 5315.8 4917.12 8378.73 5566.63 4830.11 6060.12 9134.07 
3362.16 8530.29 4375.07 5555.69 9606.84 8983.38 1208.3 3762.94 7641.57 7215.83 8671.48 7170.11 4673.98 5573.59 3828.45 
8730.38 7094.74 5438.69 4308.22 837.257 4692.22 8682.03 6116.49 4304.2 6408.5 7213.6 7056.81 5134.55 7324.49 8875.39 
4702.08 6406.66 767.919 590.931 4618.42 5433.39 3911.84 1537.6 4015.23 4437.08 6572.82 4851.08 401.995 4012.41 5035.72 
6897.57 2578.57 5982.64 5897.84 5661.17 561.427 8324.45 6144.31 2004.89 9825.53 2633.88 10389.4 5955.38 9913.75 6747.93 
870 5959.14 3404.59 4748.65 8515.8 6700.99 1732.17 2634.1 5486.89 7841.49 6094.73 8010.57 3771.33 6585.54 1372.95 
2039.31 3500.01 3510.63 4553.68 7455.53 4414.03 3972.57 3005.63 3417.38 8508.19 3640.88 8846.89 3792.47 7699.05 1906.86 
4214.27 8191.28 2577.21 3409.18 7391.24 7920.23 1937.63 2349.4 6481.98 4791.26 8352.01 4830.17 2741.92 3300.8 4706.36 
9486.18 7336.25 6348.14 5259.51 1630.28 4835.42 9581.42 7001.79 4733.55 7300.17 7438.92 7950.31 6056.7 8280.16 9597.25 
3061.78 2341.84 4609.77 5482.93 7830.1 3857.51 5248.16 4204.15 3264.35 9579.11 2462.7 9959.48 4846.08 8891.03 2759.6 
1704.17 3812.57 3480.36 4591.23 7640.94 4742.92 3688.97 2918.15 3717.97 8464.76 3950.32 8781.91 3782.62 7590.44 1591.01 
4513.2 1110.72 5855.19 6539.25 8227 3416.21 6752.28 5553.02 3429.65 10717.9 1162.5 11145.3 6041.94 10182.7 4160.16 
4429.76 2155.95 6527.67 7362.88 9334.08 4576.65 6891.68 6113.08 4551.98 11488.1 2147.56 11875.5 6759.2 10805.3 3993.26 
5074.42 7198.62 1262.7 990.404 4881.44 6223.89 3852.53 1901.6 4813.19 3736.66 7364.95 4107.61 1011.78 3208.32 5456.9 
1830.96 4703.46 2332.4 3552.69 6991.21 5065.58 2797.16 1705.58 3796.8 7271.76 4856.75 7570.06 2663.91 6359.64 2052.05 
8499.42 9480.08 4570.27 3342.29 3476.97 7699.99 7196.12 5305.89 6601.29 2220.36 9636.5 2867.91 4219.73 3570.22 8854.42 
5560.04 1984.87 4875.71 5011.99 5692.89 898.276 7019.1 4942.41 1068.88 9115.2 2112.44 9637.94 4902.45 8999.39 5423 
7983.31 8972.46 4048.36 2807.08 3312.72 7243.34 6747.21 4790.67 6111.04 2379.29 9129.93 3025.97 3694.77 3478.58 8332.36 
2432.98 3300.44 5063.17 6122.43 8847.73 5044.17 4926.75 4509.77 4417.75 10054.3 3388.24 10374.1 5354.94 9170.76 2002.12 
5993.71 1652.45 5549.23 5690.04 6152.37 880.227 7597.16 5593.36 1725.34 9779.17 1740.72 10307.5 5581.62 9680.52 5811.11 
7936 6640.86 4610.68 3498.13 1045.61 4363.58 7853.48 5287.96 3753.66 5926.63 6770.83 6566.19 4308.84 6693.62 8095.79 
4992.68 2079.28 6987.65 7768.89 9541.33 4594.26 7448.52 6603.37 4742.36 11920.8 2027.73 12323.4 7205.06 11286.6 4555.55 
1118.66 4493.61 3288.78 4512.49 7846.53 5338.92 3034.16 2629.45 4228.68 8192.59 4630.87 8467.75 3624.28 7200.69 1170 
4202.68 5036.23 1290.97 1564 4623.95 4144.03 4238.51 1673.59 2704.4 5745.12 5202.12 6193.33 1258.77 5387.88 4421.09 
5981.78 7699.99 2090.93 1144.77 4260.58 6444.66 4738.31 2793.3 5100 3056.3 7864.81 3520.18 1768.53 2963.46 6352.65 
4001.36 2736.49 3378.31 3839.6 5740.08 2508.74 5310.84 3316.34 1361.25 8032.78 2902.71 8493.06 3483.23 7661.7 3946.9 
6329.87 3010.42 4940.04 4776.03 4746.84 650.538 7482.17 5171.78 1044.03 8691.25 3118.73 9253.7 4884.8 8789.02 6255.45 
1729.86 7046.45 4012.14 5341.61 9271.21 7790.8 1249.2 3261.81 6547.8 7921.29 7178.86 8001.56 4368.11 6479.71 2179.2 
4155.02 5683 604.401 1153.17 4832.93 4863.63 3769.68 1193.31 3424.46 5191.39 5849.39 5602.07 544.243 4712.96 4445.95 
3798.03 1819.15 4370.18 5018.07 6936.63 2826.04 5661.99 4132.26 2253.38 9198.27 1976.92 9630.8 4539.27 8700 3587.66 
4957.07 456.946 5821.77 6371.07 7739.46 2761.34 7050.01 5608.57 2953.68 10564.3 567.186 11021.7 5970.13 10145.4 4647.24 
2970.69 7553.5 2885.22 4071.49 8120.15 7710.03 551.453 2302.09 6322.95 6156.47 7705.6 6218.07 3181.98 4692.33 3473.51 
4896.62 3745.13 2970.82 2956.57 4400.56 2464.35 5632.85 3222.56 1037.4 7072.65 3902.88 7586.34 2931.71 6955.44 4950.19 
8851.49 8667.42 5006.85 3661.97 1614 6554.06 8081.17 5776.66 5720.71 4153.95 8810.11 4801.6 4642.5 5378.42 9121.52 
6637.74 4702.39 4098.84 3483.68 2976.74 2495.7 7130.98 4578.67 1844.59 7036.74 4832.56 7630.53 3917.6 7363.55 6703.98 
5845.9 9339.45 3298.44 3502.03 7015.33 8669.01 3592.01 3443.72 7234.78 3279.89 9504.58 3223.04 3275.15 1647.54 6329.18 
2644.86 5318.98 1333.64 2611.92 6292.35 5216.45 2643.67 706.045 3824.79 6261.63 5480.56 6569.06 1679.67 5398.12 2961.69 
3298.12 8590.77 4760.01 5976.39 10022.1 9180.29 1523.98 4111.96 7869.31 7718.27 8726.63 7670.01 5072.44 6071.85 3733.43 
6075.86 6990.85 2175.55 829.759 3350.9 5515.89 5275.55 2946.81 4238.51 3816.44 7152.21 4360.1 1809.45 4003.91 6382.54 
5810.22 9053.65 2977 3071.32 6550.73 8294 3695.79 3208.3 6866.62 3041.33 9219.47 3071.48 2916.61 1592.11 6281.35 
2921.04 5346.19 1088.12 2340.19 6019.58 5110.77 2830.48 578.014 3699.35 6056.95 5509.6 6382.23 1422.15 5254.19 3230.14 
5146.69 431.856 5665.62 6124.12 7309.4 2280.9 7115.51 5513.93 2548.67 10312.2 596.657 10787.3 5787.61 9967.48 4873.08 
3255.64 2181.12 4377.04 5177.06 7410.33 3464.69 5288.87 4031.5 2830.64 9310.02 2320.09 9709.18 4590.77 8689.45 3005.61 
6231.23 5175.37 3280.14 2544.37 2764.63 3248.52 6424.99 3840.05 2229.1 6127.19 5320.85 6709.78 3059.44 6408.28 6364.47 
4421.43 5417.76 1097.31 1174.14 4454.26 4438.3 4230.43 1642.68 3009.87 5355.27 5583.42 5806.62 970.052 5026.81 4671.24 
6691.82 2661.8 5642.14 5537.81 5366.39 254.951 8041.01 5822.41 1670.03 9464.25 2737.32 10027.4 5607.72 9553.27 6564.18 
6686.44 5492.05 3638.9 2779.59 2330 3423.45 6822.46 4234.49 2551.63 6100.11 5632.24 6701.89 3392.71 6510.55 6822.68 
5906.65 5281.4 2819.54 2084.06 2963.46 3531.15 5988.47 3400.66 2370.02 5792.75 5433.31 6359.57 2591.24 5991.4 6067.65 
7470.19 8182.04 3538.36 2220.02 2799.73 6434.41 6463.1 4304.01 5307.54 3077.82 8338.42 3708.6 3173.28 3902.83 7790.01 
7167.71 10246.1 4169.15 3928.52 6760.36 9278.55 4979.98 4505.21 7885.09 2043.13 10412.5 1866.04 4036.1 260.192 7640.55 
9423.43 7823.2 6020.71 4822.8 832.586 5392.82 9264.76 6724.34 5052.53 6443.7 7939.13 7093.66 5699.91 7521.91 9582.59 
6817.45 5939.13 3537.13 2534.32 2043.77 3910.61 6767.1 4188.96 2992.34 5640.47 6082.27 6249.05 3256.01 6117.86 6986.45 
1777.92 7140.88 4937.42 6280.33 10135.6 8199.54 2261.53 4171.38 7058.14 8952.7 7257.45 9026.56 5300.28 7494.45 2045.61 
1364.73 6561.13 5008.81 6352.93 10080.6 7775.41 2724.59 4238.12 6709.95 9305.65 6670.27 9422.51 5375.55 7928.06 1484.99 
3432.84 1967.87 4730.55 5525.36 7676.26 3518.82 5563.28 4378.24 3022.2 9662.74 2093.8 10062.9 4944.53 9041.29 3140.84 
7795.93 9734.76 4074.14 3191.88 4897.44 8309.09 6098.93 4692.22 7038.03 1016.07 9898.49 1580.28 3789.26 1922.84 8209.26 
7956.85 6514.18 4704.18 3626.27 1163.79 4205.29 7941.19 5366.6 3650.16 6135.38 6641.46 6774.22 4411.28 6886.19 8104.01 
1791.09 6880.18 3448.43 4772.13 8720.61 7450.94 828.794 2706.33 6163.19 7383.61 7020.11 7483.33 3801.58 5983.19 2286.42 
6889.3 6716.31 3236.82 2001.12 2058.47 4832.49 6466.11 3971.66 3787.37 4661.72 6866.71 5273.79 2900.43 5210.61 7122.98 
5682.43 1798.69 5122.35 5272.19 5894.9 873.212 7210.55 5173.26 1326.54 9375.51 1916.04 9898.66 5154.61 9257.7 5524.97 
5287.87 8048.51 1966.44 1990.08 5678.19 7205.37 3576.55 2350.53 5782.6 3304.92 8214.84 3538.28 1854.08 2370.02 5723.4 
8605.72 8589.41 4737.87 3391.59 1806.02 6536.44 7786.67 5508.84 5643.28 3893.17 8735.06 4542.74 4372.24 5075.4 8885.7 
3311.86 3976.54 2116.25 2840.42 5634.98 3693.14 4114.18 1992.64 2324.76 6973.39 4142.37 7386.11 2280.44 6442.69 3418.84 
3851.05 1789.22 5552.77 6360.02 8396.31 3885.73 6168.44 5172.85 3652.68 10495.8 1859.3 10892.1 5773.61 9852.07 3478.29 
2888.82 3092.73 5492.29 6514.27 9094.95 5039.25 5403.41 4960.49 4546.74 10488.9 3160.97 10819.5 5774.37 9633.51 2439.71 
8051.37 10978.3 4938.52 4532.82 6904.76 9877.14 5861.21 5330.26 8514.56 1556.66 11144.7 1149.65 4770.17 650 8522.09 
8083.56 5397.27 5546.58 4783.51 2771.89 2886.47 8622.93 6060.78 2952.98 7865.53 5496.07 8493.92 5337.04 8453.7 8120.23 
5199.05 9129.67 3291.84 3829.58 7607.71 8710.01 2797.32 3226.72 7266.54 4192.28 9292.07 4120.01 3369.29 2524.46 5695.09 
7336.32 3972.47 5514.21 5091.37 4131.46 1440.31 8298.49 5864.83 1989.1 8705.61 4060 9303.6 5393.48 9025.84 7291.04 
8244.5 5137.1 5950.46 5274.14 3351.79 2604.92 8948.94 6417.52 2968.16 8462.45 5221.62 9088.33 5765.21 9014.44 8244.77 
1767.4 7087.17 4038.54 5366.5 9300.41 7831.44 1246.19 3289.76 6587.52 7926.79 7219.48 8003.73 4393.83 6478.93 2214.5 
7015.99 4313.35 4846.65 4330.18 3480.59 1883.08 7759.02 5259.25 1791.09 7897.86 4424.04 8496.03 4697.03 8234.76 7023.52 
7123.21 5352.38 4285.44 3475.7 2324.76 3081.72 7426.94 4844.35 2500.6 6710.38 5480.34 7323.56 4056.86 7188.83 7220.03 
7637.57 3962.68 5940.12 5533.76 4439.07 1467.31 8682.32 6273.6 2304.82 9132.67 4034.07 9733.7 5826.02 9467.55 7569.86 
5183.37 8354.26 2290.55 2551.49 6282.33 7656.07 3230.02 2500.5 6221.01 3493.14 8519.89 3620.84 2261.26 2247.15 5643.9 
6939.39 3713.45 5177.54 4817.51 4188.68 1210.5 7919.12 5504.42 1592.26 8533.47 3811.82 9120.8 5071.41 8784.63 6895.6 
4347.52 2074.22 4058.6 4482.82 6054.99 2094.8 5878.04 3982.52 1337.54 8673.29 2239.58 9144.8 4160.16 8336.62 4220.43 
9065.51 7345.13 5766.08 4621.28 907.965 4912 9010.49 6447.95 4590.04 6570.12 7460.31 7220.03 5458.88 7547.24 9208.61 
9129.05 8521.7 5377.29 4051.77 1051.19 6292.29 8529.11 6137.7 5594.11 4846.53 8657.25 5493.51 5020.32 6059.39 9368.48 
3870.72 9270.52 5928.71 7166.88 11206.2 10094.9 2683.65 5254.04 8838.94 8836.03 9394.9 8749.25 6250.16 7142.36 4216.28 
5325.08 9481.19 3741.92 4329.49 8109.93 9147.09 2818.23 3615.31 7704.39 4508.77 9642.06 4374.25 3840.12 2766.32 5826.71 
6481.98 4621.27 3963.4 3380.24 3068.58 2470.08 6981.78 4433.53 1735.31 6994.12 4754.32 7582.36 3788.93 7285.12 6549.54 
9233 6763.26 6314.18 5326.86 2120.85 4242.09 9510.23 6922.25 4279.17 7726.2 6858.94 8373.77 6049.15 8593.3 9310.92 
8352.39 7563.4 4733.96 3467.12 622.656 5353.5 7953.69 5471.32 4635.9 5135.15 7699.31 5783.81 4393.23 6100.47 8564.26 
3647.37 3399.44 2692.29 3248.52 5586.78 3089.92 4701.06 2622.46 1771.78 7431.14 3565.85 7871.78 2815.19 6994.86 3674.91 
5543.98 752.861 6653.8 7206 8429.98 3251.86 7758 6423.12 3691.21 11399.1 635.059 11858.6 6806 10979.6 5188.18 
2687.01 5234.17 1326.99 2580 6221.59 5112.97 2746.94 749.533 3720.5 6281.82 5396.18 6598.26 1663.73 5445.38 2990 
6830.78 3964.25 4857.91 4436.3 3823.74 1535.22 7683.6 5224.12 1531.7 8114.73 4073.82 8703.94 4733.24 8386.19 6817.07 
9697.08 7994.76 6309.87 5112.62 1106.39 5539.82 9554.16 7012.08 5260.15 6659.86 8107.11 7308.96 5989.6 7772.78 9851.14 
5352.8 6323.12 1538.83 374.833 3768.73 5028.72 4756.01 2293.93 3677.66 4424.32 6486.58 4923.1 1192.69 4349.54 5642.14 
5187.03 6600.38 1263.01 125.3 4169.9 5439.12 4382.56 2033.84 4057.44 4158.97 6765.48 4618.5 896.27 3933.76 5511.1 
7804.87 7496.27 4074.13 2768.75 1392.91 5451.54 7261.36 4828.27 4549.43 4501.52 7641.18 5143.95 3722.36 5365.91 8047.27 
5158.61 6289.05 1323.78 277.308 3984.48 5078.94 4540.04 2081.66 3704.48 4456.21 6453.47 4935.27 976.371 4292.33 5455.73 
9036.92 8421.34 5294.19 3971.9 981.122 6196.3 8453.19 6053.25 5492.99 4853.59 8557.1 5501.73 4938.22 6040.94 9274.36 
2411.08 7751.88 5439.21 6772.48 10679.5 8835.85 2530.97 4682.87 7690.06 9229.56 7865.53 9262.01 5797.18 7698.89 2653.98 
1142.32 4453.25 4462.87 5682.05 8897.69 5823.16 3704.38 3791.64 4920.16 9341.15 4561.77 9597.25 4799.05 8285.61 693.542 
2366.31 6834.95 2544.66 3834.81 7835.2 7061.34 756.637 1852.67 5696.46 6423.78 6986.34 6552.1 2882.26 5092.31 2861.63 
5016.62 9437.09 3922.96 4660.91 8538.79 9262.61 2446.63 3680.34 7826.54 5100.53 9595 4964 4070.44 3356.38 5519.87 
7007.46 4526.74 4686.7 4112.38 3220.02 2137.76 7656 5130.86 1887.43 7626.55 4642.47 8227.5 4520.9 7989.12 7035.35 
3744.29 8981.09 4851.66 6010.33 10062 9474.02 1704.88 4252.07 8136.06 7475.53 9120.14 7391.38 5143.7 5785.4 4192.37 
3368.75 4742.36 1350.93 2205.11 5452.97 4299.79 3653.96 1290.16 2876.56 6260.03 4908.29 6653.73 1535.74 5680.01 3581.56 
7893.25 10232.7 4372.33 3682.09 5676.65 8930.87 5986.19 4906.97 7619.69 721.734 10397.9 989.949 4131.76 1244.83 8332.16 
3133.21 4912.12 1253.2 2283.2 5701.54 4582.15 3340.73 1035.76 3168.11 6234.85 5077.11 6603.03 1502.33 5567.05 3375.75 
3590.89 6828.07 1172.01 2286.5 6335.53 6460.03 2220.36 914.822 5021.43 5002.74 6991.43 5225.06 1420.04 3932.09 4025.05 
2335.4 3915.61 2604.5 3627.24 6667.48 4270.11 3621.63 2163.91 3055 7600.66 4072.36 7954.05 2874.04 6852.48 2397.67 
3364.3 5694.51 596.657 1891.69 5702.46 5260.95 2942.45 362.353 3825.23 5567.93 5859.56 5901.91 942.603 4808.38 3695.97 
1414.5 4300.29 3121.17 4307.81 7572.75 5059.5 3172.9 2500.6 3934.12 8067.74 4442.21 8362.36 3445.11 7132.53 1457.98 
7705.61 9757.22 4028.9 3203.83 5065.19 8376.73 5962.72 4626.15 7089.17 990.858 9921.52 1498.83 3755.86 1726.99 8125.28 
6200.14 5393.03 3098.55 2290.09 2694.53 3522.3 6281.29 3693.3 2454.59 5840.72 5541.24 6422.28 2857.92 6125.69 6355.41 
2072.39 4646.69 2154.74 3344.01 6750.3 4898.38 2920.36 1574.1 3604.68 7123.01 4803 7436.63 2475.24 6259.28 2285.28 
7375.87 6660.55 3874.75 2700.41 1449.97 4576.21 7118.91 4582.79 3715.17 5219.43 6802.37 5848.66 3555.19 5892.27 7574.07 
5823.44 6162.42 2180.37 1075.41 3114.82 4617.75 5423.65 2900.22 3357.74 4707.63 6321.43 5257.8 1860.78 4865.85 6071.26 
7599.74 7522.83 3815.81 2491.77 1731.85 5558.31 6977.05 4577.39 4583.45 4217.23 7671.25 4855.19 3458.63 5035.72 7857.6 
7172.9 3713.03 5484.85 5125.24 4351.65 1180.68 8204.63 5804.04 1832.16 8816.31 3800.01 9407.41 5380.75 9087.32 7114 
6521.41 5367.73 3510.8 2694.66 2490.5 3345.22 6680.97 4093.53 2422.66 6114.94 5509.74 6710.07 3273.65 6478.35 6655.95 
4350.78 1595.31 4493.24 4985.95 6552.11 2225.76 6086.44 4354.6 1780.11 9178.94 1761.73 9641.6 4618.15 8798.21 4164.16 
5402.24 2725.31 4193.63 4226.7 4987.38 1241.01 6583.17 4345.57 250 8303.76 2866.67 8832.39 4185.71 8230.77 5338.89 
8110.01 8080.13 4272.25 2929.61 1703.17 6069.8 7373.61 5040.99 5136.62 3995.01 8227.24 4643.49 3908.99 5005.64 8381.08 
2718.03 7602.16 3339.01 4569.74 8608.51 7933.39 150.333 2697.13 6577.61 6688.65 7749.02 6733.18 3654.27 5189.04 3217.95 
3551.41 4888.29 1198.83 1990.9 5275.65 4340.74 3711.39 1254.47 2905.58 6062.36 5054.55 6463.72 1351.48 5515.99 3777.33 
7002.46 2724.15 6012.02 5894.48 5562.89 608.276 8396.62 6191.07 2040 9793.56 2779.08 10362 5975.99 9908.26 6859.64 
8993.23 11404 5550.23 4848.76 6410.5 10041.2 6959.55 6066.44 8756.31 757.1 11568.9 201.246 5313.77 1781.38 9443.56 
6453.98 2080.79 5781.95 5811.66 5930.06 574.543 7976.62 5884.11 1837.31 9830.43 2147.04 10376.9 5784.96 9823.42 6285.9 
664.906 4736.35 3850.25 5107.14 8482.53 5819.86 3076.88 3153.17 4780.38 8681.3 4860.67 8926.98 4196.2 7604.51 542.033 
3435.72 4931.38 1159.35 2043.18 5396.93 4443.25 3579.68 1144.38 3012.13 6074.38 5097.39 6464.67 1346.18 5488.02 3671.04 
5819.36 5682.05 2452.04 1570.03 3004.66 4046.1 5678.18 3101.03 2822.85 5273.6 5838.1 5832.22 2182.89 5448.12 6022.86 
7645.77 9543.28 3900.83 3002.17 4767.6 8119.34 5989.27 4528.66 6846.35 1208.01 9706.96 1764.77 3611.34 1994.59 8054.82 
9504.04 11978.9 6112.65 5423.65 6864.77 10606.2 7410.62 6614.97 9327.3 1293.56 12143.8 763.806 5881.39 2181.6 9960.33 
3767.89 6881.78 1085.22 2127.02 6178.67 6442.24 2397.27 966.023 5000.49 4829.25 7045.92 5062.53 1296.53 3795.21 4196.87 
8833.18 10326.3 5000.29 3932.35 4561.27 8670.21 7238.35 5675.63 7505.6 1243.91 10486.3 1860.11 4681.13 2888.46 9227.36 
7314.98 4410.91 5170.35 4630.87 3522.39 1916.59 8084.76 5586.16 2042.87 8129.68 4512.49 8734.6 5016.87 8510.82 7312.49 
3656.57 1949.41 4276.54 4954.52 6958.31 2942.79 5522.93 4021.26 2313.87 9127.81 2105.45 9553.96 4453.82 8606.68 3450.13 
2293.14 6840.54 2646.2 3941.18 7936.73 7106.34 690.797 1946.1 5749.05 6528.54 6990.8 6652.56 2986.05 5186.49 2791.16 
7415.29 9252.86 3637.2 2713.98 4588.08 7834.41 5822.23 4279.68 6557.32 1498.07 9416.5 2043.94 3340.73 2122.29 7817.69 
4354.6 9048.58 3923.9 4860.5 8852.19 9086.31 1767.09 3528.47 7670.74 5826.46 9201.94 5730.7 4136.73 4124.38 4854.77 
4177 8346.21 2855.77 3727.59 7715.83 8155.16 1777.92 2570.08 6721.32 5021.43 8505.37 5028.01 3037.98 3469.31 4675.47 
1560.29 6550.07 3235.43 4572.8 8480.93 7113.76 1032.47 2477.76 5831.67 7358.65 6691.08 7487.62 3595.07 6018.68 2063.06 
9345.08 6472.37 6654.22 5756.57 2792.29 3940.69 9798.01 7217.82 4202.59 8358.37 6555.16 9003.85 6413.46 9166.75 9386.91 
3121.87 8260.87 4144.03 5345.89 9394.07 8710.05 944.14 3516.21 7370.55 7148.09 8402.62 7126.75 4450.18 5539.97 3595.39 
10420.1 7771.9 7435.11 6382.74 2712.71 5239.78 10652.5 8065.98 5423.51 8364.96 7855.35 9015.01 7155.04 9402.13 10497.5 
170 5506.94 4091.48 5409.59 8989.93 6587.28 2615.99 3340.73 5507.18 8712.4 5627.76 8903.44 4453.64 7499.82 493.964 
3051.97 3038.19 5649.25 6659.32 9191.39 5053.2 5572.86 5124.03 4608.34 10646.7 3098.4 10980.6 5928.28 9800.13 2597.88 
3200.56 5839.29 745.453 2086.91 5958.34 5496.15 2663.17 90.5539 4065.97 5599.26 6003.33 5905.68 1111.58 4751.78 3557.32 
7793.72 6781.89 4354.88 3192.26 1041.39 4579.19 7600.22 5054.08 3859.14 5540.32 6917.23 6178.88 4039.81 6306.77 7975.39 
5700.88 2697.65 4491.6 4472.36 4979.74 930.86 6905.95 4660.32 513.517 8509.18 2827.93 9048.28 4472.14 8484.87 5625.24 
5350.68 2061.97 7262.57 8006.21 9644.98 4594.36 7796.95 6899.77 4851.15 12172.6 1983.38 12585.7 7470.06 11573.2 4915.54 
6295.75 8018.04 2423.3 1463.86 4245.9 6711.93 4973.05 3113.73 5385.68 2729.43 8182.5 3210.06 2105.83 2757.48 6673.13 
3697.7 4124.33 1986.98 2534.28 5219.81 3570.22 4323.94 2020 2152.05 6706.78 4290.76 7142.46 2089.26 6269.19 3822.37 
8840.21 8945.76 4942.23 3599.18 2102.78 6903.8 7928.3 5713.19 6000.83 3677.64 9092.22 4323.25 4575.51 4959.61 9133.16 
1328.01 6610.39 4863.71 6209.28 9966.03 7763.23 2528.34 4092.46 6671.74 9120.95 6723.09 9233.47 5230.26 7735.59 1514.76 
1998.82 4903.06 2068.86 3312.96 6833.6 5142.86 2664.92 1427.06 3833.77 6994.43 5058.82 7290.44 2406.93 6080.67 2264.33 
5872.46 802.309 6042.59 6348.81 7079.1 1801.14 7741.87 5976.52 2502.34 10499.7 847.231 11004.7 6123.54 10282.6 5618.05 
8082.95 9899.59 4325.41 3382.85 4794.3 8407.92 6412.49 4961.62 7164.19 936.056 10062.4 1563.49 4029.4 2158.45 8491.23 
7848.63 7730.47 4053.9 2723.71 1608.23 5726.47 7201.28 4817.51 4786.78 4199.87 7877.47 4843.84 3695 5104.39 8107.8 
2979.55 2876.28 5410.25 6401.2 8911.44 4812.53 5457.11 4902.3 4336.63 10408.1 2948.37 10750 5683.28 9587.83 2548.92 
7970.23 5958.14 5036.98 4109.46 1864 3544.01 8220 5632.38 3226.21 6934.85 6074.25 7568.73 4783.15 7602.9 8066.49 
5910.54 2755.36 4661.69 4598.58 4930.28 764.853 7110.29 4848.23 691.809 8600.86 2877.72 9147.6 4631.68 8614.51 5832.12 
5356.96 4127.24 3073.13 2821.1 3880 2536.63 5931.65 3436.34 1239.07 6825.61 4279.56 7364.16 2971.36 6836.87 5432.72 
2969.06 2774.92 5286.44 6262.66 8751.12 4666.22 5414.98 4791.17 4176.75 10283.5 2853.65 10630.8 5554.93 9481.46 2554.41 
5235.2 2594.22 4151.17 4245.9 5148.21 1330.04 6465.74 4270.19 354.683 8352.25 2740.02 8872.46 4159.96 8237.51 5163.45 
7658.52 4422.89 5629.44 5101.19 3786.09 1890.66 8510.62 6030.13 2328.99 8564.58 4510.04 9174.16 5481.51 8973.32 7633.64 
5923.6 7746.23 2058.66 1201.08 4399.36 6529.05 4632.76 2742.33 5174.29 3028.35 7911.42 3473.15 1749.57 2861.96 6301.47 
3060.23 2369.66 4768.28 5659.42 8020.02 3996.06 5309.25 4345.53 3440.89 9745.06 2481.17 10120.1 5010.49 9037.37 2732.27 
7645.3 3964.15 5950 5543.74 4445.45 1470.54 8691.54 6283.25 2313.11 9141.97 4035.17 9743.1 5835.97 9477.38 7577.16 
5553.02 9213.8 3233.96 3581.34 7223.59 8642.88 3247.66 3297.3 7202.59 3650.16 9378.04 3591.68 3252.08 2008.23 6041.4 
4494.19 8884.2 3459.13 4296.06 8249.68 8750.09 1952.33 3163.56 7318.5 5198.71 9041.73 5130.35 3635.34 3531.42 4997.3 
5427.8 4288.23 3018.23 2704.85 3740.86 2664.3 5932.19 3413.97 1393.16 6681.59 4440.38 7224.07 2899.14 6717.26 5516.49 
7703.28 9251.72 3847.62 2790.29 4179.29 7714.21 6219.28 4532.3 6485.94 1638.66 9413.53 2255.59 3526.26 2578 8089.2 
8401.63 6540.56 5286.75 4250.67 1358.82 4120.89 8509.69 5925.71 3790.84 6722.69 6656.74 7365.79 5006.34 7520.56 8520.48 
5801.11 1594.8 7318.42 7947.18 9271.83 4074.21 8155.02 7029.26 4524.82 12137.6 1472.99 12580.7 7493.92 11648.2 5396.76 
6601.1 7328.85 2699.81 1355.18 2965.62 5711.06 5767.79 3471.09 4503.62 3622.43 7487.68 4206.2 2333.35 4050 6904.9 
4166.46 3767.03 2486.22 2789.59 4939.07 2981.36 4928.54 2606.22 1551.68 6981.04 3932.05 7451.85 2527.33 6676.8 4239.68 
3305.06 4374.76 1719.68 2509.54 5542.06 4010.05 3851.56 1615.05 2607.62 6606.88 4540.59 7009.28 1895.1 6048.11 3469.14 
5893.88 2332.83 4951.17 4974.19 5372.26 550.364 7249.45 5080.16 996.243 9016.79 2448.06 9555.94 4947.1 8983.94 5777.21 
6148.6 2051.97 7790.25 8429.98 9724.33 4485.89 8547.68 7488.48 4993.8 12619.7 1919.51 13060.8 7969.9 12119.1 5727.01 
9294.49 7729.07 5891.22 4695.96 727.324 5309.47 9135.47 6594.26 4945.35 6367.55 7846.37 7017.76 5570.96 7425.21 9454.8 
8150.01 8962.39 4210.05 2933.43 3062.35 7167.46 6979.75 4962.58 6075.24 2610.31 9118.04 3260.06 3851.05 3767.33 8488.07 
2358.41 6833.58 2552.8 3843.61 7843.37 7063.6 751.798 1859.81 5699.44 6433.61 6984.88 6561.71 2890.69 5101.54 2853.94 
4256.2 4828.92 1530.13 1740.92 4566.86 3902.17 4418.2 1875.37 2462.7 5932.83 4994.44 6392.2 1499.07 5613.64 4449.33 
5863.1 3704.71 3912.61 3647.74 4001.32 1757.87 6673.87 4234.83 803.057 7561.7 3842.13 8119.42 3820.47 7655.91 5876.03 
8362.68 5431.11 5917.47 5172.71 3036.07 2900 8970.57 6417.58 3148.59 8235.88 5520.08 8866.71 5714.24 8842.49 8382.04 
457.056 4943.62 3882.78 5160.47 8598.87 6018.7 2927.46 3167.35 4964.07 8664.56 5067.32 8895.96 4234.49 7551.14 415.933 
2340.94 3378.18 3286.41 4263.57 7077.58 4097.96 4075.94 2846.09 3052.75 8278.99 3527.55 8638.07 3546.83 7537.97 2255.77 
6150 1616.23 5757.85 5895.02 6286.02 957.079 7787.09 5798.84 1925.1 9977.62 1686.68 10508.2 5790.38 9887.51 5956.12 
3403.89 2747.22 5838.24 6799.45 9182.4 4870.26 5904.25 5345.55 4526.04 10834.4 2795.51 11184.2 6103.81 10035.3 2957.43 
1958.98 6604.64 2760.02 4083.77 8036.28 6971.21 850 2021.93 5639.69 6822.88 6752.33 6960.53 3112.81 5507.03 2457.34 
5414.77 9376.58 3525.68 4023.29 7751.81 8945.88 2978.93 3472.48 7502.45 4146.64 9539 4037.14 3593.56 2431.32 5912.51 
2755.36 3305.89 3020.02 3890.76 6578.95 3721.03 4237.98 2682.87 2595.55 7976.42 3464.39 8362.12 3245.3 7329.19 2719.5 
6839.37 6132.09 3457.82 2393.53 1986.55 4136.63 6699.02 4133.04 3185.29 5405.6 6277.09 6015.61 3161.8 5903.39 7024.39 
5168.71 6120.4 1414.81 480.833 3875.8 4874.19 4654.3 2151.33 3506.29 4624.04 6284.27 5114 1089.77 4497.04 5449.45 
6233.62 5828.18 2869.23 1897.37 2587.86 4028.26 6102.43 3528.65 2911.1 5326.43 5979.83 5908.79 2588.05 5637.46 6427.2 
9913.71 7126.18 7078.34 6100.52 2739.67 4594.92 10263.5 7676.26 4831.82 8401.34 7208.02 9050.93 6817.45 9326.57 9971.62 
8858.44 10393.2 5037.51 3984.22 4651.82 8748.01 7240.92 5706.93 7578.13 1167.26 10553.4 1777.25 4721.44 2836.37 9255.6 
876.584 5094.6 4683.64 5961.21 9350.13 6463.54 3426.44 3963.66 5522.54 9433.88 5199.54 9648.55 5035.91 8272.38 408.044 
2762.79 3817.03 2440.35 3345.71 6249.77 3937.32 3878.31 2121.32 2670.3 7403.82 3978.87 7784.7 2670.02 6750.88 2831.77 
2790.29 2889.5 5135.7 6130.82 8685.53 4701.68 5231.16 4629.05 4156.18 10133.6 2975.32 10475.5 5409.22 9316.08 2381.34 
7092.62 4933.52 4519.58 3831.46 2771.95 2591.41 7580.04 5020.01 2178.3 7212.49 5054.75 7820.39 4323.34 7636.34 7152.87 
7100.01 5682.41 4050.28 3140.27 2029.41 3488.04 7243.56 4655.63 2774.82 6255.19 5816.23 6870.82 3795.27 6767.1 7228.35 
483.735 5883.88 4032.38 5369.32 9054.91 6878.84 2256.21 3266.71 5751.98 8518.03 6007.79 8683.65 4398.41 7248.57 901.388 
1840.54 4789 2272.64 3506.91 6981.53 5127.11 2720.61 1632.48 3847.66 7200.17 4942.63 7494.49 2608.37 6277.66 2081.66 
5737.85 7390.83 1820.16 838.153 4220.01 6163.26 4600.98 2544.43 4807.6 3367.73 7555.77 3828.33 1484.89 3221.44 6098.03 
2889.01 4345.45 1860.78 2814.6 5958.94 4222.71 3576.94 1573.09 2862.95 6832.43 4509.23 7207.68 2097.24 6172.86 3051.97 
1706.58 3694.12 3996.51 5108.19 8090.3 4903.89 3975.44 3420.67 3995.46 8976.11 3818.38 9286.65 4300.74 8075.95 1444.61 
3998.51 2641.21 3466.55 3938.59 5820.7 2484.55 5354.94 3391.71 1386 8131.74 2807.51 8591.07 3575.77 7754.95 3931.51 
6979.15 7388.91 3118.24 1774.51 2493.53 5630.72 6230.26 3887.84 4503.62 3801.95 7544.22 4413.67 2754.36 4403.15 7264.82 
5070.11 663.099 6197.2 6790.35 8195.28 3161.72 7266.45 5948.19 3412.11 10982.4 656.049 11431.5 6359.4 10526.3 4724.92 
9463.05 8051.5 5972.91 4738.58 686.804 5649.11 9209.13 6692.57 5240.23 6158.33 8171.2 6807.39 5642.28 7283.39 9639.22 
3586.66 2213.82 3948.16 4610.69 6671.47 2896.2 5320.94 3717.22 2109.5 8785.45 2374.89 9213.93 4118.51 8278 3425.46 
5876.09 4204.34 3556.59 3163.04 3575.95 2304.89 6468.42 3957.7 1259.25 7017.9 4346.95 7580.57 3425.84 7153.36 5936.07 
346.699 5547.04 3656.62 4982.71 8620.21 6452.39 2269.47 2900.28 5307.1 8259.42 5676.71 8453.28 4020.47 7057.39 842.2 
7571.37 6134.9 4401.91 3389.88 1547.8 3869.16 7624.83 5041.68 3252.14 6177.78 6264.89 6807.62 4124.04 6822.65 7710.32 
3906.33 1903.39 4210.29 4804.27 6657.33 2623.6 5661.49 4015.42 1979.52 8992 2066.93 9434.6 4362.5 8534.94 3727 
5205.78 1856.07 4676.11 4901.68 5850 1259.36 6710.77 4697.2 1091.79 9044.35 2000.02 9552.09 4726.32 8859.31 5063.77 
7940.81 4689.61 5834.12 5253.05 3684.85 2158.38 8754.71 6256.94 2619.05 8615.38 4772.68 9232.04 5673.31 9080.89 7920.93 
817.863 5491.54 3146.36 4473.94 8142.39 6199.65 2062.43 2390.08 4992.31 7779.27 5630.14 7987.7 3510.4 6617.44 1256.74 
8421.7 8758.98 4504.72 3169.38 2343.07 6811.38 7452.36 5273.94 5827.22 3336 8909.29 3986.08 4138.24 4522.39 8727.02 
4545.91 894.539 5280.76 5849.01 7376.46 2636.97 6557.59 5068.07 2577.83 10041.4 1045.61 10493.1 5432.06 9605.63 4269.07 
4792.13 723.464 5880.31 6490.03 7992.88 3071.74 6958.16 5626.66 3196.62 10680.3 787.718 11124.9 6046.03 10210 4460.52 
3872.38 7912.02 2447.9 3395.25 7419.04 7717.06 1638.84 2130.84 6284.73 5070.11 8071.66 5132.49 2652.04 3620.84 4364.31 
6727.26 5490.07 3691.68 2833.02 2310.54 3403.84 6873.46 4285.53 2552.82 6139.32 5629.39 6742.48 3446.16 6558.43 6860.88 
7664 4281.24 5740 5250.15 3997.31 1751.46 8578.9 6119.52 2319.31 8756.31 4363.31 9363.51 5602.76 9143.22 7625.18 
9175.64 6909.59 6148.76 5117.89 1787.57 4405.28 9364.32 6777.86 4336.32 7409.24 7011.13 8057.61 5872 8304.61 9271.4 
5965.24 7141.83 2031.94 731.642 3645.34 5751.73 5045.91 2798.73 4443.83 3618.76 7304.69 4139.34 1666.76 3710.49 6291.34 
6878.12 9380.19 3415.76 2893.6 5575.1 8235.59 5011.21 3912.45 6875.07 1722.44 9546.27 1953.59 3204.14 1191.51 7317.49 
3328.8 4080 2011.02 2740.02 5585.6 3759.81 4060.96 1900.66 2378.44 6868.62 4245.9 7280.34 2174.14 6336.82 3450.8 
5326.32 8608.89 2555.15 2811.28 6490.89 7927.32 3272 2735.42 6491.87 3436.42 8774.33 3516.77 2532.13 2077.62 5794.91 
3118.78 6568.11 1350.59 2607.22 6626.02 6368.12 1899.08 798.123 4944.14 5474.17 6729.34 5689.02 1668.17 4369 3556.14 
4426.51 5814.2 752.13 898.443 4586.61 4877.55 3982.07 1428.36 3448.9 5001.37 5980.3 5431.04 545.894 4604.19 4717.17 
3061.11 2851.75 5498.37 6484.1 8970.45 4827.85 5545.1 4992.89 4378.09 10496.1 2919.25 10839.3 5770.13 9679.1 2626.19 
2411.24 6029.59 1689.08 3032.9 6933.87 6072.31 1785.33 926.121 4688.82 6192.67 6187.09 6420.01 2052.34 5103.46 2833.51 
4553.79 1757.75 6399.63 7177.31 9015.74 4192.2 6954.23 6025.61 4222.14 11328.9 1750.26 11732.8 6614.61 10703.6 4140.88 
8885.99 6291.56 6105.81 5192.34 2356.82 3768.3 9266.2 6682.05 3848.6 7840.24 6386.14 8483.36 5859.42 8614.56 8946.65 
4628.13 8995.69 3522.06 4324.16 8256.98 8835.8 2086.55 3250.38 7401.93 5112.97 9153.67 5032.24 3687.22 3430.01 5131.21 
4545.25 1200.67 4885.75 5382.76 6847.75 2246.64 6390.07 4730.8 2050.61 9575.49 1366.93 10039.4 5014.51 9194.44 4320.83 
2768.48 6765.28 1969.87 3232.79 7252.01 6774.22 1275.62 1336.9 5373.79 5882.33 6922.23 6043.55 2294.01 4633.76 3241.39 
8882.99 6593.82 5920.01 4928.69 1857.15 4095.18 9121.23 6533.31 4014.54 7392.27 6696.69 8037.97 5652.93 8222.76 8971.81 
4752.82 5452.06 1395.42 1108.02 4105.62 4308.13 4572.83 1987.08 2904.96 5292.35 5616.38 5772.22 1203.04 5085.52 4990.01 
867.006 6234.16 3932.05 5277.74 9057.07 7126.47 1869.38 3160.78 5951.89 8265.23 6362.02 8406.88 4298.57 6945.08 1315.75 
6337.04 2371.71 5417.93 5391.15 5493.31 161.245 7732.43 5561.09 1443.61 9384.68 2460.51 9935.42 5403.34 9406.66 6203.05 
2580.02 7953.39 4717.73 6009.53 10007.5 8721.39 1562.37 4002.16 7467.76 8180.02 8082.73 8187.46 5058.31 6612.3 2979.46 
8175.09 9362.16 4262.98 3083.59 3711.94 7670.79 6810.54 4984.14 6519.59 1960.41 9520.82 2610.08 3920.47 3188.93 8541.12 
7502.35 4703.04 5217.85 4605.7 3260.75 2208.44 8191.51 5667.39 2281.23 7994.36 4805.05 8606.45 5045.72 8433.68 7514.69 
7297.47 4264.23 5250.95 4750.26 3705.4 1755.82 8126.11 5646.1 1989.1 8291.74 4362.5 8894.09 5108.13 8650.78 7282.37 
3989.19 7590.21 1869.04 2752.24 6775.03 7230.69 2083.19 1690.98 5790 4698.61 7752.81 4832.66 2039.02 3413.53 4459.2 
3765.22 1691.45 4647.97 5342.29 7291.54 3048.21 5761.74 4368.58 2585.19 9513.62 1836.98 9936.97 4832.28 8977 3511.61 
3203.15 3534.76 2582.11 3316.9 5938.11 3482.08 4317 2390.82 2203.84 7456.04 3699.65 7868.11 2759.02 6912.02 3240.45 
6023.66 2918.8 4662.75 4550.57 4773.31 806.226 7172.06 4875.83 733.757 8520.11 3039.16 9072.8 4619.36 8567.04 5955.52 
3252.48 2173.32 4419.42 5224.73 7460.43 3495.84 5305.06 4068.71 2875.43 9355.58 2310.19 9753.44 4634.93 8729.9 2995.41 
