100 5 19
777 335 649 27 763 
92600 54000 42600 17200 73600 21100 36800 56700 42900 78200 53000 86200 12300 6700 13500 92900 80200 2200 5800 
4 15 0 1 9 14 8 15 3 9 13 8 3 6 5 3 10 8 12 18 18 5 1 12 3 0 14 10 2 11 2 10 15 13 4 16 15 17 13 5 17 5 17 10 14 6 14 8 14 2 12 1 11 4 8 5 14 8 1 7 7 12 17 18 3 0 1 4 10 3 12 8 4 8 16 16 1 18 4 3 1 5 0 7 17 11 12 17 9 8 0 10 12 2 17 15 17 4 0 12 
5382.43 8482.36 2403.37 2558.85 6205.52 
9223.45 11752.5 5857.69 5200.96 6792.13 
4651.08 6573.8 721.803 760.592 4811.79 
5316.03 2875.71 4005.36 4029.81 4871.55 
5740.4 7601.09 1875.45 1077.87 4466.45 
3612.48 5685.89 434.166 1641.95 5429.71 
6010.9 1754.82 7537.45 8156.7 9427.14 
8614.51 6252.5 5746.83 4809.83 2047.07 
5898.86 8000.62 2144.62 1511.59 4772.81 
6339.42 9527.42 3441.35 3388.13 6626.16 
1283.9 4134.11 3734.66 4912.35 8084.52 
757.694 6053.92 3722.28 5066.45 8825.72 
5954.49 2119.46 5168.96 5225.67 5617.42 
6746.27 4378.09 4458.8 3930.32 3320.24 
8432.14 9306.45 4495.39 3240.52 3263.92 
3061.05 8281.36 4350.37 5572 9615.66 
2272.2 7370.17 3617.73 4904.33 8908.34 
2358.5 5313.27 1599.06 2895.6 6579 
487.032 5343.94 4401.92 5704.24 9202.23 
5951.24 4875.92 3153.98 2550.71 3093.17 
7571.27 10662.5 4589.47 4310.19 6982.64 
4515.86 8593.93 2957.58 3718.31 7652.56 
4891.55 4979.02 1929.25 1654.84 3937.32 
2971.21 4874.09 1358.01 2433.87 5860.83 
7701.44 4761.77 5448.68 4831 3339.28 
2987.66 2655.9 3747.69 4567.24 6980.35 
6087.77 8125.72 2316.72 1601.78 4686.46 
5207.04 1153.95 5179.29 5514.21 6538.54 
5045.91 4606.79 2387.32 2128.1 3875.59 
8457.33 11128.5 5163.82 4605.7 6615.47 
5608.65 3436.28 3851.57 3696.77 4297.03 
3285.68 2457.48 5418.06 6341.68 8682.08 
6124.13 3018.23 4700.27 4554.67 4684.02 
2178.3 3712.48 5135.46 6251.67 9119.5 
7313.61 6191.12 4034.08 2984.85 1601.53 
1457.74 3947.82 4047.28 5201.25 8280.02 
5878.82 3024.83 4431.37 4316.77 4652.49 
5301.82 7724.31 1698 1511.19 5214.22 
6390.15 4951.86 3624.16 2948.22 2821.1 
4440.02 1380.62 4705.96 5205.25 6724.08 
1436.8 6720.93 3810.47 5150.07 9040.98 
6316.68 2380.76 5386.97 5359.56 5471.54 
1609.63 4279.84 2904.96 4075.45 7333.68 
7050.25 4491.38 4766.43 4201.71 3278.44 
8599.96 8650.47 4719.75 3373.8 1916.38 
2605.09 8002.01 4967.17 6268.28 10253.7 
4941.44 773.369 5328.24 5782.61 7038.55 
5438.54 8102.64 2034.94 1940.23 5549.82 
7154.89 3616.1 5532.63 5197.36 4468.17 
6602.12 7400.74 2688.81 1349.52 3042.53 
4126.98 5998.54 276.586 1128.72 5023.09 
6831.59 4020.61 4818.64 4382.44 3756.59 
6671.71 8780.93 2970.69 2235.73 4859.89 
6316.56 3776.69 4367.15 4024.49 3905.7 
3743.63 9140.25 5750.83 6988.96 11028.2 
6219.11 4130.88 3998.05 3574.76 3555.57 
4678.98 2355.93 3959.42 4242.23 5587.89 
2276.95 3125.54 4117.09 5125.51 7855.04 
8739.5 6720.37 5649.07 4608.31 1454.13 
340.147 5599.04 4253.4 5574.31 9160.81 
8316.33 4759.43 6327.12 5762.54 4047.97 
7083.63 7550.66 3202.14 1855.86 2525.39 
1626.41 4165.3 3019.42 4173.54 7381.4 
3946.35 3386 2759.86 3189.25 5329.89 
2532.98 7925.26 5238.83 6557.35 10510.1 
8533.53 7523.54 4981.86 3740.37 311.448 
6937.45 7474.07 3051.38 1705.11 2648.02 
866.487 5601.08 3135.36 4469 8168.54 
3488.27 3487.94 2598.56 3220.25 5685.16 
5494.59 7628.6 1725.4 1234.71 4832.57 
5764.9 5706.29 2371.24 1486.37 3063.41 
1046.9 6042.39 3267.25 4613.07 8412.15 
4747.09 1744.13 4480.92 4835.3 6121.48 
7632.73 4894.01 5263.39 4605.41 3096.13 
5656.62 3922.27 3532.76 3254.98 3877.38 
4433.53 5118.92 1386.54 1442.57 4393.86 
6049.01 7142.28 2121.32 801.561 3532.78 
5955.52 1562.59 5571.97 5732.66 6235.7 
3740.01 3491.85 2613.58 3128.15 5450.11 
702.14 4749.79 4123.17 5378.94 8730.66 
4501.26 4887.23 1657.47 1669.64 4322.97 
9581.88 6645.36 6891.23 5983.85 2920.15 
5490.15 1408.01 7002.98 7649.33 9063.53 
7742.47 6796.51 4281.55 3110.02 1082.4 
5981.41 1248.68 7208.84 7758.67 8889.78 
5869.8 483.322 6381.93 6770.27 7629.92 
7520.91 6516.27 4131.92 3009.87 1328.34 
6864.76 3271.85 5406.26 5155.98 4704.73 
7971.61 9082.04 4046.23 2838.05 3513.7 
3440.71 5945.77 509.902 1855.4 5760.95 
5202.47 8797.55 2829.31 3247.85 6992.03 
5105.29 8260.27 2198.29 2483.95 6245.01 
5387.81 6715.91 1463.28 166.433 4010.05 
9194.05 8247.38 5548.13 4257.38 588.303 
5708.46 8369.15 2312.49 2119.46 5572.15 
6111.91 8629.86 2624.52 2234.86 5411.28 
5651.07 7194.67 1715.72 638.905 4120.29 
5219.82 2164.53 4460.25 4632.2 5551.95 
5236.89 1464.14 6842.02 7524.75 9056.47 
5985.06 1284.56 5809.83 6019.85 6573.92 
