10 40 23
777 335 649 27 763 426 211 429 862 135 22 167 11 373 784 324 413 980 862 281 84 505 313 895 814 364 87 178 403 399 676 12 94 570 467 902 652 280 865 619 
44 72.9 3.1 11.7 9.7 77.1 48.1 67.5 70.9 92.7 56.7 85.6 49.7 35.3 58.6 96.5 30.6 68.3 21.9 62.4 52.8 87.1 73.2 
4 0 8 1 10 21 20 22 19 17 
87526.5 87682.4 48725.6 35266.6 19123 67109.6 78971.5 56438.4 58220.4 38302 89138.4 44780 45063.2 50657.8 90372.8 18220 39817.7 7558.44 96670.8 103219 92738.3 36258.1 78851.1 36924.4 53189.9 43671.6 86369 39884.1 63281.1 74975.3 43095.5 73254.7 63104.5 77683.5 36557.1 12525.2 50825.7 37885.7 47452.4 46391.9 
17863.1 55356.5 21674.9 35003.6 72448.9 58274.2 19799 14100 45064.4 68622.6 56882.1 71022.6 25323.7 57941.1 21755.5 53727.2 34213 63690.9 61071.2 34949.7 22596 37425.3 47846.1 76169.4 26900.7 27400.2 32770.3 61662.3 43792.2 28671.4 85906.9 3100 18721.1 19185.9 33653.5 65391.9 22193.9 56231 27930.8 41561.6 
73825.3 86334.3 34607.1 22788.2 36138.6 70446.9 61056.8 41893.7 58354.5 23197.6 87939.2 29312.8 31154.1 30855.1 77424.9 20300.2 22241 19483.3 95059.6 86389.2 77678.9 18745.1 76969.9 51760.4 46409.1 28627.6 67038 48492.6 62444.3 68025.4 59865.3 59066.4 45162.5 67595.6 24754.2 26613 34377 44290 29695.1 45697.5 
43292.5 25978.6 35978.5 39590.4 55997.3 21747 56349.4 35864.5 10594.8 81461.7 27621 86233.8 36761.9 78427.2 42638.6 45934.3 47746 56261.7 34541.9 66984.6 51862.6 48614.8 16568 51185.2 15877.7 40073.9 69269.3 35240.5 7335.53 15388.3 59585.7 37505.5 49802.9 25531.4 37566.1 53509.3 42510.2 31871.3 47148.5 17729.1 
63529 34889.1 46182.4 43421.9 42190 11967 73177.9 49187.4 10167.1 81864.8 36068 87571 45302.8 83408.6 63217.8 39936.2 53714.2 48166.4 43610.1 86833.2 71927.5 53158.8 27800 32718.5 28023.6 47930.2 85686.1 17907.8 14509.7 36032.5 40034.6 55805.7 63452.7 46106.9 41841.7 43051.2 53058.6 17492.9 56008.9 15715.6 
53538.1 54863.1 20329.8 13507.4 34731.1 40442.8 52358.2 26516.6 27263.5 53288.6 56462.8 58575.5 17936.8 53448 55637.8 18189.3 24016.9 28945.6 63626.8 72726.5 60051.3 23201.9 45517.1 39525.8 16818.1 19588 63228.6 27316.3 31034.5 38709.3 49385.2 40567.1 38870.3 41630.8 12100.4 28572.7 26346.3 21560.4 27605.3 14893.3 
76034.5 58483 46106.4 36824.6 18449.1 35155.1 78008.2 52128.4 30253.6 66091 59724.5 72368.3 43546 72200.1 77144.7 22897.4 47091.9 27461.4 67297 97090.7 83456 45014.8 50766.6 13951.7 36553.1 44726.4 89012.6 6511.53 35680.8 53800.1 23758.8 64648 64622.6 61001.1 36249.1 20911.7 51913.9 7343.7 52331 22865 
69378.5 82415.1 30115.9 18330.8 36545.3 67244.7 57143.1 37443.3 54789.9 25962.5 84031.1 31723.8 26649.2 31009.7 72946.4 18706.7 18042.7 20342.1 91084.4 82292.7 73338.2 14483.8 73028.2 51167.4 42157.8 24159.9 63600.2 46546 58713.3 63664.9 59700.3 54629.7 41209.8 63097.1 20317.7 26873.2 30081.6 42011.9 25612.5 42180.8 
36970.9 88147.7 44484.6 55800.8 96299.6 91969.6 14081.2 38776.9 78374.7 70265.9 89580.6 69541.4 47301.7 53506 41688.6 75720.9 48393.9 83366.2 92842.1 26892.4 31521.7 51868.4 81275.4 104256 59014 46881.7 1664.33 91499.7 77518.8 61708.1 114106 33493.4 26181.7 50595.1 55587.4 87543 39252.1 85770.2 40967.4 72898.9 
54052 19400.3 72374.7 79603.6 95465.2 44716.1 78330.4 68885.1 47568.2 121329 18560.7 125517 74391 115540 49766.8 87444.3 85993.6 97640.2 12149.1 74405.4 61214.8 87656.7 26681.1 86488 55280 77782.9 90266.8 71885.8 42223.8 35136.6 92717.5 59968.3 79633.2 42129.4 77542.3 94343.5 77552.2 70396 83216.6 58777 
