10 40 23
777 335 649 27 763 426 211 429 862 135 22 167 11 373 784 324 413 980 862 281 84 505 313 895 814 364 87 178 403 399 676 12 94 570 467 902 652 280 865 619 
4.4 7.29 0.31 1.17 0.97 7.71 4.81 6.75 7.09 9.27 5.67 8.56 4.97 3.53 5.86 9.65 3.06 6.83 2.19 6.24 5.28 8.71 7.32 
4 0 8 1 10 21 20 22 19 17 
875265 876824 487256 352666 191230 671096 789715 564384 582204 383020 891384 447800 450632 506578 903728 182200 398177 75584.4 966708 1.03219e+06 927383 362581 788511 369244 531899 436716 863690 398841 632811 749753 430955 732547 631045 776835 365571 125252 508257 378857 474524 463919 
178631 553565 216749 350036 724489 582742 197990 141000 450644 686226 568821 710226 253237 579411 217555 537272 342130 636909 610712 349497 225960 374253 478461 761694 269007 274002 327703 616623 437922 286714 859069 31000 187211 191859 336535 653919 221939 562310 279308 415616 
738253 863343 346071 227882 361386 704469 610568 418937 583545 231976 879392 293128 311541 308551 774249 203002 222410 194833 950596 863892 776789 187451 769699 517604 464091 286276 670380 484926 624443 680254 598653 590664 451625 675956 247542 266130 343770 442900 296951 456975 
432925 259786 359785 395904 559973 217470 563494 358645 105948 814617 276210 862338 367619 784272 426386 459343 477460 562617 345419 669846 518626 486148 165680 511852 158777 400739 692693 352405 73355.3 153883 595857 375055 498029 255314 375661 535093 425102 318713 471485 177291 
635290 348891 461824 434219 421900 119670 731779 491874 101671 818648 360680 875710 453028 834086 632178 399362 537142 481664 436101 868332 719275 531588 278000 327185 280236 479302 856861 179078 145097 360325 400346 558057 634527 461069 418417 430512 530586 174929 560089 157156 
535381 548631 203298 135074 347311 404428 523582 265166 272635 532886 564628 585755 179368 534480 556378 181893 240169 289456 636268 727265 600513 232019 455171 395258 168181 195880 632286 273163 310345 387093 493852 405671 388703 416308 121004 285727 263463 215604 276053 148933 
760345 584830 461064 368246 184491 351551 780082 521284 302536 660910 597245 723683 435460 722001 771447 228974 470919 274614 672970 970907 834560 450148 507666 139517 365531 447264 890126 65115.3 356808 538001 237588 646480 646226 610011 362491 209117 519139 73437 523310 228650 
693785 824151 301159 183308 365453 672447 571431 374433 547899 259625 840311 317238 266492 310097 729464 187067 180427 203421 910844 822927 733382 144838 730282 511674 421578 241599 636002 465460 587133 636649 597003 546297 412098 630971 203177 268732 300816 420119 256125 421808 
369709 881477 444846 558008 962996 919696 140812 387769 783747 702659 895806 695414 473017 535060 416886 757209 483939 833662 928421 268924 315217 518684 812754 1.04256e+06 590140 468817 16643.3 914997 775188 617081 1.14106e+06 334934 261817 505951 555874 875430 392521 857702 409674 728989 
540520 194003 723747 796036 954652 447161 783304 688851 475682 1.21329e+06 185607 1.25517e+06 743910 1.1554e+06 497668 874443 859936 976402 121491 744054 612148 876567 266811 864880 552800 777829 902668 718858 422238 351366 927175 599683 796332 421294 775423 943435 775522 703960 832166 587770 
