10 40 23
777 335 649 27 763 426 211 429 862 135 22 167 11 373 784 324 413 980 862 281 84 505 313 895 814 364 87 178 403 399 676 12 94 570 467 902 652 280 865 619 
4400 7290 310 1170 970 7710 4810 6750 7090 9270 5670 8560 4970 3530 5860 9650 3060 6830 2190 6240 5280 8710 7320 
4 0 8 1 10 21 20 22 19 17 
8.75265 8.76824 4.87256 3.52666 1.9123 6.71096 7.89715 5.64384 5.82204 3.8302 8.91384 4.478 4.50632 5.06578 9.03728 1.822 3.98177 0.755844 9.66708 10.3219 9.27383 3.62581 7.88511 3.69244 5.31899 4.36716 8.6369 3.98841 6.32811 7.49753 4.30955 7.32547 6.31045 7.76835 3.65571 1.25252 5.08257 3.78857 4.74524 4.63919 
1.78631 5.53565 2.16749 3.50036 7.24489 5.82742 1.9799 1.41 4.50644 6.86226 5.68821 7.10226 2.53237 5.79411 2.17555 5.37272 3.4213 6.36909 6.10712 3.49497 2.2596 3.74253 4.78461 7.61694 2.69007 2.74002 3.27703 6.16623 4.37922 2.86714 8.59069 0.31 1.87211 1.91859 3.36535 6.53919 2.21939 5.6231 2.79308 4.15616 
7.38253 8.63343 3.46071 2.27882 3.61386 7.04469 6.10568 4.18937 5.83545 2.31976 8.79392 2.93128 3.11541 3.08551 7.74249 2.03002 2.2241 1.94833 9.50596 8.63892 7.76789 1.87451 7.69699 5.17604 4.64091 2.86276 6.7038 4.84926 6.24443 6.80254 5.98653 5.90664 4.51625 6.75956 2.47542 2.6613 3.4377 4.429 2.96951 4.56975 
4.32925 2.59786 3.59785 3.95904 5.59973 2.1747 5.63494 3.58645 1.05948 8.14617 2.7621 8.62338 3.67619 7.84272 4.26386 4.59343 4.7746 5.62617 3.45419 6.69846 5.18626 4.86148 1.6568 5.11852 1.58777 4.00739 6.92693 3.52405 0.733553 1.53883 5.95857 3.75055 4.98029 2.55314 3.75661 5.35093 4.25102 3.18713 4.71485 1.77291 
6.3529 3.48891 4.61824 4.34219 4.219 1.1967 7.31779 4.91874 1.01671 8.18648 3.6068 8.7571 4.53028 8.34086 6.32178 3.99362 5.37142 4.81664 4.36101 8.68332 7.19275 5.31588 2.78 3.27185 2.80236 4.79302 8.56861 1.79078 1.45097 3.60325 4.00346 5.58057 6.34527 4.61069 4.18417 4.30512 5.30586 1.74929 5.60089 1.57156 
5.35381 5.48631 2.03298 1.35074 3.47311 4.04428 5.23582 2.65166 2.72635 5.32886 5.64628 5.85755 1.79368 5.3448 5.56378 1.81893 2.40169 2.89456 6.36268 7.27265 6.00513 2.32019 4.55171 3.95258 1.68181 1.9588 6.32286 2.73163 3.10345 3.87093 4.93852 4.05671 3.88703 4.16308 1.21004 2.85727 2.63463 2.15604 2.76053 1.48933 
7.60345 5.8483 4.61064 3.68246 1.84491 3.51551 7.80082 5.21284 3.02536 6.6091 5.97245 7.23683 4.3546 7.22001 7.71447 2.28974 4.70919 2.74614 6.7297 9.70907 8.3456 4.50148 5.07666 1.39517 3.65531 4.47264 8.90126 0.651153 3.56808 5.38001 2.37588 6.4648 6.46226 6.10011 3.62491 2.09117 5.19139 0.73437 5.2331 2.2865 
6.93785 8.24151 3.01159 1.83308 3.65453 6.72447 5.71431 3.74433 5.47899 2.59625 8.40311 3.17238 2.66492 3.10097 7.29464 1.87067 1.80427 2.03421 9.10844 8.22927 7.33382 1.44838 7.30282 5.11674 4.21578 2.41599 6.36002 4.6546 5.87133 6.36649 5.97003 5.46297 4.12098 6.30971 2.03177 2.68732 3.00816 4.20119 2.56125 4.21808 
3.69709 8.81477 4.44846 5.58008 9.62996 9.19696 1.40812 3.87769 7.83747 7.02659 8.95806 6.95414 4.73017 5.3506 4.16886 7.57209 4.83939 8.33662 9.28421 2.68924 3.15217 5.18684 8.12754 10.4256 5.9014 4.68817 0.166433 9.14997 7.75188 6.17081 11.4106 3.34934 2.61817 5.05951 5.55874 8.7543 3.92521 8.57702 4.09674 7.28989 
5.4052 1.94003 7.23747 7.96036 9.54652 4.47161 7.83304 6.88851 4.75682 12.1329 1.85607 12.5517 7.4391 11.554 4.97668 8.74443 8.59936 9.76402 1.21491 7.44054 6.12148 8.76567 2.66811 8.6488 5.528 7.77829 9.02668 7.18858 4.22238 3.51366 9.27175 5.99683 7.96332 4.21294 7.75423 9.43435 7.75522 7.0396 8.32166 5.8777 
