15 60 20
777 335 649 27 763 426 211 429 862 135 22 167 11 373 784 324 413 980 862 281 84 505 313 895 814 364 87 178 403 399 676 12 94 570 467 902 652 280 865 619 31 771 709 856 586 683 528 829 270 715 796 245 921 488 841 500 124 856 227 936 
43200 55100 43700 22800 27500 40700 47400 12100 85800 39500 2900 23700 23500 79300 81800 42800 14300 1100 92800 52900 
16 3 6 18 9 16 10 19 4 19 9 4 15 11 19 
44349.7 61937.1 5220.15 8276.47 47880.3 53093.6 37372.9 12912 38788.3 46940.1 63600.8 50950.2 1702.94 42052.3 47630.3 27877.2 11510.9 37254.3 69971.7 60047.1 49206.2 13182.6 52646 55404.9 20515.4 3807.89 47388.8 43715.6 40906.8 39715.2 65228.3 29818.1 22832.7 37700 7158.91 39815.2 9984.99 37956.3 11801.7 28500.2 28825.7 44953.9 24444.4 53749.9 12941.8 57748.6 25881.7 54919 43540.4 26743.4 30088.5 36384.9 44207.2 16400.3 41931.5 25576.6 48983.8 74567.8 34238.1 41782.4 
41713.8 39525.8 23161.4 26046.1 48514.9 31300.6 48341 24671 16918.9 67966.2 41176.7 72662.6 23478.5 64924.7 42664.4 34839.1 34209.4 45538.8 47945.2 63719.1 49460.4 35014.3 30128.1 48055.4 3178.05 26708.1 60814.8 32660.2 18094.5 21931.7 57466.9 31690.1 38996.5 26744.2 24008.5 44116.3 29955.3 27680 34108.4 12088 25770.1 66369.9 19024.5 31533.6 21836 42157.8 40327.7 32280 53052.9 29820.3 47523.7 13601.5 24871.3 16924.8 34482 43381.3 62154.4 54055.7 13823.5 40564.1 
45735.4 13396.3 61307.4 68507.3 85821 37402.1 68880.2 57995.9 37847.1 110212 13537 114401 63286.1 104519 41926.8 76827.4 74885.3 87153 12007.1 67628.7 53541.2 76537.1 17510.3 78018.5 44209.2 66680.5 81174.2 62881.5 32419.7 24129 84899.9 50000.9 69146.2 32012.8 66446.4 84164.7 66578.8 60882.3 72200.1 48415 43660.6 108350 42581.9 34804.9 64903.8 61092.5 68120.6 17477.1 94699.2 51107.7 90555.2 30900.6 45304 59736.9 68025.9 86349.3 81806.8 11119.8 42423.8 47712.7 
32284.5 79397.4 32400.6 43832.1 84349.6 81160.8 6511.53 26877.7 67281.5 62102 80907.2 62294.5 35220.6 46698.7 37310.9 63826.4 36890.8 71750.5 84841.6 31085 29580.1 40435.8 71917 92170.3 47598.8 34876.5 10520.9 79507.5 66814.4 52714.8 102020 24535.9 14145 42470 43558.7 75697.4 27228.1 73766.7 29321.2 61176.5 31468.2 59110.2 35323.9 80811 49838.3 92005.1 11125.2 74430.2 76693.3 24083.2 57919.3 59910.3 75610.4 52707.7 78491.8 54250.3 12088 84095 64578.2 29225 
53489.9 12401.6 68013.7 74433.9 88752.1 37710.7 76667.2 65107.7 40987.1 116316 11562.4 120706 69792.3 111309 49600.4 81324.1 81339.6 91386.9 5879.63 75116.6 61205.2 82804.6 20096 79526.7 50060.9 73197.6 88981.2 65020.2 35711.3 31197 85713.1 57713.5 76618.7 39720 72374.7 87878.1 73527.2 63669.2 79040.3 52508.4 51271.1 114560 49865.8 35014.3 70320.4 61288.3 75700.3 19063.3 98883.8 58743.7 96060 35642.3 47137.8 64845 70578.3 91960 89615.7 7006.43 46016.5 55503.9 
15469.3 59311.1 25854.4 39315.4 77576.5 63530.5 15216.1 18141.7 50510.7 70525 60787 72459.1 29517.8 58627.6 20096 58514.4 37310.9 68257.5 64523.2 29618.4 18298.9 40701.1 52218.8 81685.4 32522 31197.8 28108.7 67256.6 49048.6 32718.5 91441.4 4418.14 18507.6 22119.9 38121.5 70288.3 25109.8 61805.2 30438.1 47183.3 11684.2 67835.5 17109.4 62816 42664.9 77579 15870.1 54711.1 74580 5622.28 59421.5 41812.2 59812 43111.1 67736.6 55061.4 29075.9 63846.4 48894.3 12303.3 
44363.9 79223.3 20301 27023.7 66544 74468 24624.6 20038.5 60033.4 42723.4 80861.6 43916.5 21273.5 29665.1 49059.7 45889 17839.3 52616.5 86268.1 50616.7 45178.4 21083.6 70476.2 76696.3 40277.3 19233.3 29529.6 66062.2 61225.9 53732.7 86365.6 31020.3 10519 46878.7 27485.5 57373.6 13401.5 60336.6 11406.1 50808.7 35095.6 39850.3 35075.5 74797.4 34258.6 80335.5 13875.2 72932 56942.2 28591.8 37540.6 55496.3 66414.6 38820.7 63734.2 34073.2 31189.3 88395.1 56000.1 41144.3 
42100.1 15834.5 45087.1 50494.6 67102.9 24070.9 60010.1 43379.7 19525.6 92421 17486.6 96960.4 46476 88256.2 40104.5 57702.2 57868.3 68005.3 23613.6 66018.6 50802.5 59105.5 7410.8 60698.1 26172.5 49870.4 72942.9 45044.1 14190.5 12442.7 68397.7 40424.3 56341.5 24328.8 48441 65086.5 51118.9 42430.2 56289.6 29300.2 33202.4 90741.9 29526.4 22133.5 46261.1 46131.3 56214.8 9924.72 75551.1 40435.8 72000 11768.6 28381.7 40841.8 49706.4 67904.9 73903 29800.7 23579 42849.2 
43360.1 43424.5 20441.4 22138.2 45707.3 33781.8 47758.2 23049.5 19362.1 64026 45069.9 68783.7 20300.2 61358 44716.6 31154.1 30634.9 41891.8 51901.8 64612.8 50756.8 31261.8 34016.5 46524.2 4079.22 23403 59936.1 31617.2 21317.8 25636.3 56123.9 32255.2 37290.3 29445 20115.9 40814.8 27330.9 26300.6 31066.4 11628.4 26958.5 62465.4 20194.3 34265.6 17819.4 42453 38961.8 36123.4 49372.6 30082.1 43501.3 17452.2 26163.3 13077.1 32711.6 39362.9 61336.5 58077.5 15363.9 41945.3 
57969 3962.32 63957.8 68107.6 77345 24758.8 78359.7 62558.5 30841.5 109887 2968.16 114756 65086.2 106864 54934.3 72085.6 76248.1 81621.6 8702.3 81163.8 66371.8 77177 12211.9 66906.9 44324.4 68445.1 91171.1 53048.7 26145.7 30468.5 72633.3 58788.2 75497.3 41509.8 66095.7 77416.4 70157.3 52386 75183 43265.3 51715.1 108411 48585 22065.8 62955.4 48012.6 75264.1 9902.02 88977 59116.8 88474 28563.1 35197.9 56995.6 58946.1 84644.3 92026.3 20494.1 36269.3 59350.7 
45709.6 86999.4 30808.4 38382.4 77650 84400.2 21386 28709.1 70010.3 47676.6 88600.7 47360.8 32267.2 31554.6 50700.1 57040.4 28960.8 63288 93457.9 46245 44319.1 32009.5 78655.3 88053.9 50000.9 30477.7 21162.5 77319.6 70724.8 60721.1 97715.1 34728.2 15057.2 52235.8 38833 68365.6 24026 71579.1 22763.3 61486 40389.7 44637.4 42058.3 84537 45601.1 91399.4 15966.5 81155.5 67139.4 33068.4 47012 64549 76940 50029.8 75081.3 44002.8 22713 94353 66296.5 42494.5 
42218.1 77286.5 18959.4 26683.5 66614.8 72974.7 23036.1 18122.1 58545.2 44617.9 78920.8 45952.7 20252.7 31829.1 46895.6 45943.6 18081.2 53037.4 84263.7 48974.5 43172.7 21480.5 68591.9 76307.9 38687.1 18501.1 28768.9 65320.9 59599.5 51684.1 86025.2 28821 8415.46 44711.1 26983.3 57560.1 12093.4 59574.9 11080.2 49601.7 32914 41773.2 32997 73246.2 33721.8 79386.7 11905 71056.4 57600.3 26389.8 38550.4 53758.4 65141.2 38019.5 63192.6 34929.2 30433.2 86283.8 54623.4 39003.6 
68314.3 45863.5 44210.9 38325.6 31067.2 22748.2 74159.8 48791.1 18332.5 73669.7 47089.4 79646.5 42495.3 77123.6 68755.4 30625 48949.5 37859.3 54656.1 90656.5 76284.3 47715.1 38330.8 23018.5 29680.5 44538.2 86065.4 7211.1 23654.2 43387.2 31516.3 58564.2 62508.2 51964.8 37121.4 32281.6 50784.3 6717.89 52628.2 14980.3 52693.2 73141.6 45962.8 25117.7 30704.1 16638.8 64683.9 38980.1 44591.7 56541.7 50487.3 28188.8 11123.4 25092.2 12649.1 47973 87518.9 64839.9 15546.7 67367.8 
24593.7 29508.3 41060 50750.1 77200.1 41876 45930.8 36419.4 33823.7 91001.2 30809.9 94560.9 43683.5 83378.7 22064 63570.8 55137.4 74322.6 33701.8 48221.2 33150.9 57366.3 24490.2 74218.7 28581.3 46932 58423 58249.5 29511.4 7947.96 82820.5 26914.1 46409.1 8931.97 48769.3 73130.2 45378.5 54376.9 51250.9 38980.1 20718.3 88847.4 20806.2 40143 49117.2 62460.6 45169.1 26686.5 81770.5 28092 73523.1 23302.6 43852.6 45397.1 61657.4 69080.3 59147.3 33248.3 35806.4 25886.3 
14560.2 57392.8 25761.4 39184.2 76966.1 61832.4 17129.2 18073.7 48926.2 71375.1 58867 73454.3 29427.9 59823.9 18977.1 58132.6 37704.1 68008.4 62601.8 30402.1 18298.9 41031.2 50328.7 80689.5 31228.5 31292.2 30002.7 66115.4 47357 30810.4 90416.6 2596.15 19821.5 20203.2 37908.4 69840.2 25532.7 60711.9 31028.1 45926 9847.84 68722.4 15519.3 61081.7 42209.6 76189.5 17395.4 52818.6 74439.8 4548.63 59700.8 40097.9 58312.4 42383.1 66750.7 55304.4 30952.4 61977.6 47436.8 11512.2 
