15 60 20
777 335 649 27 763 426 211 429 862 135 22 167 11 373 784 324 413 980 862 281 84 505 313 895 814 364 87 178 403 399 676 12 94 570 467 902 652 280 865 619 31 771 709 856 586 683 528 829 270 715 796 245 921 488 841 500 124 856 227 936 
43.2 55.1 43.7 22.8 27.5 40.7 47.4 12.1 85.8 39.5 2.9 23.7 23.5 79.3 81.8 42.8 14.3 1.1 92.8 52.9 
16 3 6 18 9 16 10 19 4 19 9 4 15 11 19 
443497 619371 52201.5 82764.7 478803 530936 373729 129120 387883 469401 636008 509502 17029.4 420523 476303 278772 115109 372543 699717 600471 492062 131826 526460 554049 205154 38078.9 473888 437156 409068 397152 652283 298181 228327 377000 71589.1 398152 99849.9 379563 118017 285002 288257 449539 244444 537499 129418 577486 258817 549190 435404 267434 300885 363849 442072 164003 419315 255766 489838 745678 342381 417824 
417138 395258 231614 260461 485149 313006 483410 246710 169189 679662 411767 726626 234785 649247 426644 348391 342094 455388 479452 637191 494604 350143 301281 480554 31780.5 267081 608148 326602 180945 219317 574669 316901 389965 267442 240085 441163 299553 276800 341084 120880 257701 663699 190245 315336 218360 421578 403277 322800 530529 298203 475237 136015 248713 169248 344820 433813 621544 540557 138235 405641 
457354 133963 613074 685073 858210 374021 688802 579959 378471 1.10212e+06 135370 1.14401e+06 632861 1.04519e+06 419268 768274 748853 871530 120071 676287 535412 765371 175103 780185 442092 666805 811742 628815 324197 241290 848999 500009 691462 320128 664464 841647 665788 608823 722001 484150 436606 1.0835e+06 425819 348049 649038 610925 681206 174771 946992 511077 905552 309006 453040 597369 680259 863493 818068 111198 424238 477127 
322845 793974 324006 438321 843496 811608 65115.3 268777 672815 621020 809072 622945 352206 466987 373109 638264 368908 717505 848416 310850 295801 404358 719170 921703 475988 348765 105209 795075 668144 527148 1.0202e+06 245359 141450 424700 435587 756974 272281 737667 293212 611765 314682 591102 353239 808110 498383 920051 111252 744302 766933 240832 579193 599103 756104 527077 784918 542503 120880 840950 645782 292250 
534899 124016 680137 744339 887521 377107 766672 651077 409871 1.16316e+06 115624 1.20706e+06 697923 1.11309e+06 496004 813241 813396 913869 58796.3 751166 612052 828046 200960 795267 500609 731976 889812 650202 357113 311970 857131 577135 766187 397200 723747 878781 735272 636692 790403 525084 512711 1.1456e+06 498658 350143 703204 612883 757003 190633 988838 587437 960600 356423 471378 648450 705783 919600 896157 70064.3 460165 555039 
154693 593111 258544 393154 775765 635305 152161 181417 505107 705250 607870 724591 295178 586276 200960 585144 373109 682575 645232 296184 182989 407011 522188 816854 325220 311978 281087 672566 490486 327185 914414 44181.4 185076 221199 381215 702883 251098 618052 304381 471833 116842 678355 171094 628160 426649 775790 158701 547111 745800 56222.8 594215 418122 598120 431111 677366 550614 290759 638464 488943 123033 
443639 792233 203010 270237 665440 744680 246246 200385 600334 427234 808616 439165 212735 296651 490597 458890 178393 526165 862681 506167 451784 210836 704762 766963 402773 192333 295296 660622 612259 537327 863656 310203 105190 468787 274855 573736 134015 603366 114061 508087 350956 398503 350755 747974 342586 803355 138752 729320 569422 285918 375406 554963 664146 388207 637342 340732 311893 883951 560001 411443 
421001 158345 450871 504946 671029 240709 600101 433797 195256 924210 174866 969604 464760 882562 401045 577022 578683 680053 236136 660186 508025 591055 74108 606981 261725 498704 729429 450441 141905 124427 683977 404243 563415 243288 484410 650865 511189 424302 562896 293002 332024 907419 295264 221335 462611 461313 562148 99247.2 755511 404358 720000 117686 283817 408418 497064 679049 739030 298007 235790 428492 
433601 434245 204414 221382 457073 337818 477582 230495 193621 640260 450699 687837 203002 613580 447166 311541 306349 418918 519018 646128 507568 312618 340165 465242 40792.2 234030 599361 316172 213178 256363 561239 322552 372903 294450 201159 408148 273309 263006 310664 116284 269585 624654 201943 342656 178194 424530 389618 361234 493726 300821 435013 174522 261633 130771 327116 393629 613365 580775 153639 419453 
579690 39623.2 639578 681076 773450 247588 783597 625585 308415 1.09887e+06 29681.6 1.14756e+06 650862 1.06864e+06 549343 720856 762481 816216 87023 811638 663718 771770 122119 669069 443244 684451 911711 530487 261457 304685 726333 587882 754973 415098 660957 774164 701573 523860 751830 432653 517151 1.08411e+06 485850 220658 629554 480126 752641 99020.2 889770 591168 884740 285631 351979 569956 589461 846443 920263 204941 362693 593507 
457096 869994 308084 383824 776500 844002 213860 287091 700103 476766 886007 473608 322672 315546 507001 570404 289608 632880 934579 462450 443191 320095 786553 880539 500009 304777 211625 773196 707248 607211 977151 347282 150572 522358 388330 683656 240260 715791 227633 614860 403897 446374 420583 845370 456011 913994 159665 811555 671394 330684 470120 645490 769400 500298 750813 440028 227130 943530 662965 424945 
422181 772865 189594 266835 666148 729747 230361 181221 585452 446179 789208 459527 202527 318291 468956 459436 180812 530374 842637 489745 431727 214805 685919 763079 386871 185011 287689 653209 595995 516841 860252 288210 84154.6 447111 269833 575601 120934 595749 110802 496017 329140 417732 329970 732462 337218 793867 119050 710564 576003 263898 385504 537584 651412 380195 631926 349292 304332 862838 546234 390036 
683143 458635 442109 383256 310672 227482 741598 487911 183325 736697 470894 796465 424953 771236 687554 306250 489495 378593 546561 906565 762843 477151 383308 230185 296805 445382 860654 72111 236542 433872 315163 585642 625082 519648 371214 322816 507843 67178.9 526282 149803 526932 731416 459628 251177 307041 166388 646839 389801 445917 565417 504873 281888 111234 250922 126491 479730 875189 648399 155467 673678 
245937 295083 410600 507501 772001 418760 459308 364194 338237 910012 308099 945609 436835 833787 220640 635708 551374 743226 337018 482212 331509 573663 244902 742187 285813 469320 584230 582495 295114 79479.6 828205 269141 464091 89319.7 487693 731302 453785 543769 512509 389801 207183 888474 208062 401430 491172 624606 451691 266865 817705 280920 735231 233026 438526 453971 616574 690803 591473 332483 358064 258863 
145602 573928 257614 391842 769661 618324 171292 180737 489262 713751 588670 734543 294279 598239 189771 581326 377041 680084 626018 304021 182989 410312 503287 806895 312285 312922 300027 661154 473570 308104 904166 25961.5 198215 202032 379084 698402 255327 607119 310281 459260 98478.4 687224 155193 610817 422096 761895 173954 528186 744398 45486.3 597008 400979 583124 423831 667507 553044 309524 619776 474368 115122 
