15 60 20
777 335 649 27 763 426 211 429 862 135 22 167 11 373 784 324 413 980 862 281 84 505 313 895 814 364 87 178 403 399 676 12 94 570 467 902 652 280 865 619 31 771 709 856 586 683 528 829 270 715 796 245 921 488 841 500 124 856 227 936 
43.2 55.1 43.7 22.8 27.5 40.7 47.4 12.1 85.8 39.5 2.9 23.7 23.5 79.3 81.8 42.8 14.3 1.1 92.8 52.9 
16 3 6 18 9 16 10 19 4 19 9 4 15 11 19 
4434.97 6193.71 522.015 827.647 4788.03 5309.36 3737.29 1291.2 3878.83 4694.01 6360.08 5095.02 170.294 4205.23 4763.03 2787.72 1151.09 3725.43 6997.17 6004.71 4920.62 1318.26 5264.6 5540.49 2051.54 380.789 4738.88 4371.56 4090.68 3971.52 6522.83 2981.81 2283.27 3770 715.891 3981.52 998.499 3795.63 1180.17 2850.02 2882.57 4495.39 2444.44 5374.99 1294.18 5774.86 2588.17 5491.9 4354.04 2674.34 3008.85 3638.49 4420.72 1640.03 4193.15 2557.66 4898.38 7456.78 3423.81 4178.24 
4171.38 3952.58 2316.14 2604.61 4851.49 3130.06 4834.1 2467.1 1691.89 6796.62 4117.67 7266.26 2347.85 6492.47 4266.44 3483.91 3420.94 4553.88 4794.52 6371.91 4946.04 3501.43 3012.81 4805.54 317.805 2670.81 6081.48 3266.02 1809.45 2193.17 5746.69 3169.01 3899.65 2674.42 2400.85 4411.63 2995.53 2768 3410.84 1208.8 2577.01 6636.99 1902.45 3153.36 2183.6 4215.78 4032.77 3228 5305.29 2982.03 4752.37 1360.15 2487.13 1692.48 3448.2 4338.13 6215.44 5405.57 1382.35 4056.41 
4573.54 1339.63 6130.74 6850.73 8582.1 3740.21 6888.02 5799.59 3784.71 11021.2 1353.7 11440.1 6328.61 10451.9 4192.68 7682.74 7488.53 8715.3 1200.71 6762.87 5354.12 7653.71 1751.03 7801.85 4420.92 6668.05 8117.42 6288.15 3241.97 2412.9 8489.99 5000.09 6914.62 3201.28 6644.64 8416.47 6657.88 6088.23 7220.01 4841.5 4366.06 10835 4258.19 3480.49 6490.38 6109.25 6812.06 1747.71 9469.92 5110.77 9055.52 3090.06 4530.4 5973.69 6802.59 8634.93 8180.68 1111.98 4242.38 4771.27 
3228.45 7939.74 3240.06 4383.21 8434.96 8116.08 651.153 2687.77 6728.15 6210.2 8090.72 6229.45 3522.06 4669.87 3731.09 6382.64 3689.08 7175.05 8484.16 3108.5 2958.01 4043.58 7191.7 9217.03 4759.88 3487.65 1052.09 7950.75 6681.44 5271.48 10202 2453.59 1414.5 4247 4355.87 7569.74 2722.81 7376.67 2932.12 6117.65 3146.82 5911.02 3532.39 8081.1 4983.83 9200.51 1112.52 7443.02 7669.33 2408.32 5791.93 5991.03 7561.04 5270.77 7849.18 5425.03 1208.8 8409.5 6457.82 2922.5 
5348.99 1240.16 6801.37 7443.39 8875.21 3771.07 7666.72 6510.77 4098.71 11631.6 1156.24 12070.6 6979.23 11130.9 4960.04 8132.41 8133.96 9138.69 587.963 7511.66 6120.52 8280.46 2009.6 7952.67 5006.09 7319.76 8898.12 6502.02 3571.13 3119.7 8571.31 5771.35 7661.87 3972 7237.47 8787.81 7352.72 6366.92 7904.03 5250.84 5127.11 11456 4986.58 3501.43 7032.04 6128.83 7570.03 1906.33 9888.38 5874.37 9606 3564.23 4713.78 6484.5 7057.83 9196 8961.57 700.643 4601.65 5550.39 
1546.93 5931.11 2585.44 3931.54 7757.65 6353.05 1521.61 1814.17 5051.07 7052.5 6078.7 7245.91 2951.78 5862.76 2009.6 5851.44 3731.09 6825.75 6452.32 2961.84 1829.89 4070.11 5221.88 8168.54 3252.2 3119.78 2810.87 6725.66 4904.86 3271.85 9144.14 441.814 1850.76 2211.99 3812.15 7028.83 2510.98 6180.52 3043.81 4718.33 1168.42 6783.55 1710.94 6281.6 4266.49 7757.9 1587.01 5471.11 7458 562.228 5942.15 4181.22 5981.2 4311.11 6773.66 5506.14 2907.59 6384.64 4889.43 1230.33 
4436.39 7922.33 2030.1 2702.37 6654.4 7446.8 2462.46 2003.85 6003.34 4272.34 8086.16 4391.65 2127.35 2966.51 4905.97 4588.9 1783.93 5261.65 8626.81 5061.67 4517.84 2108.36 7047.62 7669.63 4027.73 1923.33 2952.96 6606.22 6122.59 5373.27 8636.56 3102.03 1051.9 4687.87 2748.55 5737.36 1340.15 6033.66 1140.61 5080.87 3509.56 3985.03 3507.55 7479.74 3425.86 8033.55 1387.52 7293.2 5694.22 2859.18 3754.06 5549.63 6641.46 3882.07 6373.42 3407.32 3118.93 8839.51 5600.01 4114.43 
4210.01 1583.45 4508.71 5049.46 6710.29 2407.09 6001.01 4337.97 1952.56 9242.1 1748.66 9696.04 4647.6 8825.62 4010.45 5770.22 5786.83 6800.53 2361.36 6601.86 5080.25 5910.55 741.08 6069.81 2617.25 4987.04 7294.29 4504.41 1419.05 1244.27 6839.77 4042.43 5634.15 2432.88 4844.1 6508.65 5111.89 4243.02 5628.96 2930.02 3320.24 9074.19 2952.64 2213.35 4626.11 4613.13 5621.48 992.472 7555.11 4043.58 7200 1176.86 2838.17 4084.18 4970.64 6790.49 7390.3 2980.07 2357.9 4284.92 
4336.01 4342.45 2044.14 2213.82 4570.73 3378.18 4775.82 2304.95 1936.21 6402.6 4506.99 6878.37 2030.02 6135.8 4471.66 3115.41 3063.49 4189.18 5190.18 6461.28 5075.68 3126.18 3401.65 4652.42 407.922 2340.3 5993.61 3161.72 2131.78 2563.63 5612.39 3225.52 3729.03 2944.5 2011.59 4081.48 2733.09 2630.06 3106.64 1162.84 2695.85 6246.54 2019.43 3426.56 1781.94 4245.3 3896.18 3612.34 4937.26 3008.21 4350.13 1745.22 2616.33 1307.71 3271.16 3936.29 6133.65 5807.75 1536.39 4194.53 
5796.9 396.232 6395.78 6810.76 7734.5 2475.88 7835.97 6255.85 3084.15 10988.7 296.816 11475.6 6508.62 10686.4 5493.43 7208.56 7624.81 8162.16 870.23 8116.38 6637.18 7717.7 1221.19 6690.69 4432.44 6844.51 9117.11 5304.87 2614.57 3046.85 7263.33 5878.82 7549.73 4150.98 6609.57 7741.64 7015.73 5238.6 7518.3 4326.53 5171.51 10841.1 4858.5 2206.58 6295.54 4801.26 7526.41 990.202 8897.7 5911.68 8847.4 2856.31 3519.79 5699.56 5894.61 8464.43 9202.63 2049.41 3626.93 5935.07 
4570.96 8699.94 3080.84 3838.24 7765 8440.02 2138.6 2870.91 7001.03 4767.66 8860.07 4736.08 3226.72 3155.46 5070.01 5704.04 2896.08 6328.8 9345.79 4624.5 4431.91 3200.95 7865.53 8805.39 5000.09 3047.77 2116.25 7731.96 7072.48 6072.11 9771.51 3472.82 1505.72 5223.58 3883.3 6836.56 2402.6 7157.91 2276.33 6148.6 4038.97 4463.74 4205.83 8453.7 4560.11 9139.94 1596.65 8115.55 6713.94 3306.84 4701.2 6454.9 7694 5002.98 7508.13 4400.28 2271.3 9435.3 6629.65 4249.45 
4221.81 7728.65 1895.94 2668.35 6661.48 7297.47 2303.61 1812.21 5854.52 4461.79 7892.08 4595.27 2025.27 3182.91 4689.56 4594.36 1808.12 5303.74 8426.37 4897.45 4317.27 2148.05 6859.19 7630.79 3868.71 1850.11 2876.89 6532.09 5959.95 5168.41 8602.52 2882.1 841.546 4471.11 2698.33 5756.01 1209.34 5957.49 1108.02 4960.17 3291.4 4177.32 3299.7 7324.62 3372.18 7938.67 1190.5 7105.64 5760.03 2638.98 3855.04 5375.84 6514.12 3801.95 6319.26 3492.92 3043.32 8628.38 5462.34 3900.36 
6831.43 4586.35 4421.09 3832.56 3106.72 2274.82 7415.98 4879.11 1833.25 7366.97 4708.94 7964.65 4249.53 7712.36 6875.54 3062.5 4894.95 3785.93 5465.61 9065.65 7628.43 4771.51 3833.08 2301.85 2968.05 4453.82 8606.54 721.11 2365.42 4338.72 3151.63 5856.42 6250.82 5196.48 3712.14 3228.16 5078.43 671.789 5262.82 1498.03 5269.32 7314.16 4596.28 2511.77 3070.41 1663.88 6468.39 3898.01 4459.17 5654.17 5048.73 2818.88 1112.34 2509.22 1264.91 4797.3 8751.89 6483.99 1554.67 6736.78 
2459.37 2950.83 4106 5075.01 7720.01 4187.6 4593.08 3641.94 3382.37 9100.12 3080.99 9456.09 4368.35 8337.87 2206.4 6357.08 5513.74 7432.26 3370.18 4822.12 3315.09 5736.63 2449.02 7421.87 2858.13 4693.2 5842.3 5824.95 2951.14 794.796 8282.05 2691.41 4640.91 893.197 4876.93 7313.02 4537.85 5437.69 5125.09 3898.01 2071.83 8884.74 2080.62 4014.3 4911.72 6246.06 4516.91 2668.65 8177.05 2809.2 7352.31 2330.26 4385.26 4539.71 6165.74 6908.03 5914.73 3324.83 3580.64 2588.63 
1456.02 5739.28 2576.14 3918.42 7696.61 6183.24 1712.92 1807.37 4892.62 7137.51 5886.7 7345.43 2942.79 5982.39 1897.71 5813.26 3770.41 6800.84 6260.18 3040.21 1829.89 4103.12 5032.87 8068.95 3122.85 3129.22 3000.27 6611.54 4735.7 3081.04 9041.66 259.615 1982.15 2020.32 3790.84 6984.02 2553.27 6071.19 3102.81 4592.6 984.784 6872.24 1551.93 6108.17 4220.96 7618.95 1739.54 5281.86 7443.98 454.863 5970.08 4009.79 5831.24 4238.31 6675.07 5530.44 3095.24 6197.76 4743.68 1151.22 
