20 80 25
777 335 649 27 763 426 211 429 862 135 22 167 11 373 784 324 413 980 862 281 84 505 313 895 814 364 87 178 403 399 676 12 94 570 467 902 652 280 865 619 31 771 709 856 586 683 528 829 270 715 796 245 921 488 841 500 124 856 227 936 437 407 858 237 818 11 776 763 606 818 369 996 470 499 644 139 669 464 355 611 
6.22 8.28 2.99 3.43 7.46 5.68 3.4 4.22 3.11 8.1 6.05 8.01 6.61 7.3 8.78 3.05 3.2 7.36 4.44 6.26 5.22 4.65 7.08 4.16 2.82 
8 12 11 4 21 6 19 24 21 13 20 9 9 11 6 12 22 11 12 13 
5.95552 1.56259 5.57197 5.73266 6.2357 0.970206 7.58489 5.60389 1.778 9.83108 1.65076 10.3565 5.61001 9.71796 5.76657 5.85226 6.64959 6.75663 2.3816 8.35103 6.82719 6.68588 1.20615 5.17357 3.54158 5.92839 8.88217 3.79179 1.45962 2.97015 5.77055 5.65279 6.99861 4.1616 5.54239 6.29229 6.24079 3.75659 6.67428 3.04095 4.92666 9.71004 4.44627 0.700643 5.12821 3.3353 7.0512 1.08784 7.47773 5.60515 7.61052 2.01896 2.01693 4.5025 4.39182 7.2568 8.99016 3.50143 2.32545 6.01469 4.9946 7.84513 6.84658 8.05919 7.0644 7.00037 1.08074 5.5501 3.26377 2.79902 7.97632 2.80087 6.09291 7.5544 1.75636 3.59138 1.5199 8.47342 7.38532 3.12923 
3.74001 3.49185 2.61358 3.12815 5.45011 3.07903 4.72017 2.58118 1.72812 7.31498 3.65826 7.76091 2.72208 6.90192 3.78114 4.11306 3.85203 5.18348 4.29829 6.02438 4.55397 3.97373 2.56759 5.29967 0.692026 3.05949 6.00051 3.72602 1.64779 1.56349 6.21662 2.91302 3.98246 2.1272 2.92205 5.03526 3.25443 3.26841 3.7353 1.69 2.24715 7.14183 1.61474 3.04792 2.77737 4.50241 4.0571 2.80059 5.93466 2.77849 5.3297 1.00623 2.67367 2.31521 3.97472 4.90637 6.12369 4.836 1.61375 3.66281 1.98154 5.1229 5.01937 6.15209 4.34246 4.97257 3.12181 2.70276 0.629682 3.72924 5.03746 4.31669 3.32339 4.54512 1.93724 1.00901 3.78809 5.45094 4.3701 3.09684 
0.70214 4.74979 4.12317 5.37894 8.73066 5.94607 3.23989 3.42462 4.95036 8.94687 4.86763 9.18769 4.46912 7.85493 0.368917 7.06135 5.46452 8.11382 5.0467 2.98216 1.49282 5.7671 4.29111 8.74443 3.77115 4.72705 4.35295 7.17541 4.60566 2.46223 9.66603 1.8071 3.86063 1.35591 5.21311 8.15724 4.28805 6.70835 4.87155 5.13024 1.70423 8.69154 2.25869 5.79525 5.47851 7.84103 3.60436 4.51054 8.81477 2.08655 7.58317 3.90387 5.96607 5.30103 7.3999 7.1333 4.3926 4.70306 5.01144 0.957549 3.48574 6.62987 7.78311 8.71865 2.41506 7.56381 6.0289 4.58519 3.95275 3.88032 3.86648 4.65348 2.01792 4.89532 3.64247 4.17469 5.14561 5.14149 4.67642 6.53839 
4.50126 4.88723 1.65747 1.66964 4.32297 3.82832 4.63366 2.07183 2.40142 5.85773 5.0517 6.33455 1.57458 5.61413 4.69086 2.70313 2.54615 3.77763 5.73464 6.50526 5.18531 2.59139 3.94635 4.61069 0.833847 1.86132 5.80149 3.21602 2.64764 3.0331 5.58917 3.26443 3.44819 3.27185 1.4682 3.74489 2.34233 2.65189 2.65377 1.41057 2.83233 5.70202 2.18197 3.89782 1.26625 4.45499 3.65919 4.15616 4.51453 3.01204 3.81918 2.28974 2.96488 0.891403 3.21552 3.40037 5.94871 6.33922 1.94366 4.32558 1.44267 3.7541 3.55225 4.6556 4.52604 3.47144 3.8289 1.48125 0.941754 5.23637 4.75903 5.79905 3.55951 3.67659 3.39607 0.544885 5.1414 4.73814 3.55148 2.8092 
9.58188 6.64536 6.89123 5.98385 2.92015 4.11692 10.0381 7.45735 4.4236 8.52406 6.72441 9.17098 6.6485 9.36144 9.62106 4.41118 7.00061 4.48786 7.42195 11.8027 10.3762 6.77747 6.11337 1.16211 5.69453 6.77529 11.1717 2.19659 4.8932 7.01294 0.819878 8.57723 8.74662 7.93254 5.929 3.73551 7.4877 2.75661 7.53704 4.22641 8.01057 8.56675 7.33485 4.3842 5.25224 1.75183 9.00869 6.09594 4.8316 8.36035 6.33256 5.4742 3.4428 4.86033 2.30413 6.26077 11.3244 8.58031 4.272 9.48498 6.84895 7.58789 4.991 5.86931 9.91407 5.45132 4.00536 6.48926 5.43368 7.84358 10.1206 7.87992 8.92045 8.67745 6.27086 5.35318 6.55276 9.81225 8.62295 2.75045 
5.49015 1.40801 7.00298 7.64933 9.06353 3.9302 7.83181 6.70671 4.29317 11.8373 1.31004 12.2755 7.1826 11.3321 5.09192 8.33471 8.33783 9.33906 0.653911 7.62607 6.25051 8.48539 2.20617 8.12287 5.21199 7.5231 9.05681 6.68231 3.76782 3.31485 8.73002 5.94542 7.84873 4.14638 7.44339 8.98408 7.55149 6.55515 8.10432 5.45162 5.30769 11.6613 5.17847 3.66012 7.23802 6.27976 7.75243 2.0948 10.0882 6.05367 9.81201 3.76927 4.89265 6.68985 7.2428 9.40213 9.11799 0.563205 4.7993 5.69825 6.27637 9.62168 9.31279 10.5045 7.08961 9.36004 4.04005 7.18871 5.06472 0.945569 8.38588 0.206155 6.35087 8.6848 2.61205 5.46611 1.48946 9.33801 8.478 5.98415 
7.74247 6.79651 4.28155 3.11002 1.0824 4.61395 7.52644 4.98478 3.86747 5.45514 6.93312 6.09295 3.96406 6.21514 7.92879 1.27883 4.02336 1.52118 7.69231 9.66431 8.40636 3.75257 5.95778 2.00823 3.89882 3.99112 8.51621 1.86207 4.40028 5.91069 2.90849 6.45786 6.0604 6.43479 3.11931 0.885268 4.75279 1.68107 4.66004 2.82492 6.07253 5.46996 5.42388 4.84257 2.50338 3.36859 6.37967 6.06862 2.13038 6.18295 3.20306 4.59341 3.42841 2.40169 1.22642 3.11448 8.678 8.6226 3.38339 7.55937 4.50031 4.46282 1.90683 2.96953 7.59951 2.3286 4.5363 3.79389 3.77934 7.62549 7.47428 7.96596 6.70295 5.78323 5.73051 3.4909 6.88887 6.91177 5.76806 2.34438 
5.98141 1.24868 7.20884 7.75867 8.88978 3.63189 8.25258 6.97132 4.1924 11.9515 1.10059 12.413 7.36202 11.5353 5.60357 8.29781 8.50527 9.27302 0.360694 8.1678 6.765 8.62951 2.17083 7.84857 5.33401 7.70208 9.4976 6.46574 3.69424 3.60451 8.4043 6.33537 8.17309 4.5407 7.55414 8.87471 7.7881 6.38928 8.32339 5.40638 5.67081 11.7886 5.47883 3.36363 7.29638 5.93216 8.10104 1.99972 10.0144 6.42067 9.86601 3.81477 4.67898 6.72217 7.05216 9.46888 9.56574 1.10603 4.72343 6.17297 6.50004 9.77949 9.28619 10.4895 7.53493 9.36667 3.73777 7.35435 5.15505 1.41089 8.78709 0.664831 6.75267 8.96708 2.7195 5.55083 1.16181 9.6729 8.76539 5.78731 
5.8698 0.483322 6.38193 6.77027 7.62992 2.35325 7.87869 6.25873 3.00629 10.9423 0.417253 11.4342 6.48726 10.6622 5.57459 7.13238 7.59701 8.07845 1.00045 8.19909 6.71431 7.6837 1.21264 6.56967 4.40583 6.82191 9.16289 5.19432 2.54876 3.08585 7.13511 5.91977 7.56477 4.20576 6.57001 7.64944 7.00803 5.13802 7.50435 4.25607 5.20862 10.7979 4.87943 2.08471 6.24375 4.67039 7.54852 0.970824 8.81165 5.94564 8.78941 2.82349 3.41252 5.64316 5.78835 8.41 9.25044 2.1868 3.55218 6.00193 5.71851 8.84514 8.12606 9.33612 7.24276 8.2393 2.45961 6.45697 4.18259 1.7698 8.35336 1.5 6.35708 8.25993 1.93062 4.56054 0.139284 9.06912 8.07094 4.52383 
7.52091 6.51627 4.13192 3.00987 1.32834 4.34815 7.37653 4.81798 3.58603 5.58707 6.65331 6.21885 3.82598 6.27214 7.69708 1.31244 3.96244 1.73104 7.41237 9.47439 8.19752 3.70941 5.67631 2.00192 3.65268 3.87475 8.39181 1.64305 4.11869 5.64256 2.94272 6.2562 5.93448 6.186 3.00167 1.14621 4.63039 1.41651 4.57083 2.54867 5.85239 5.58793 5.19802 4.57395 2.36241 3.18849 6.24465 5.78769 2.37626 5.98602 3.30553 4.31519 3.15919 2.20204 1.03247 3.18014 8.55238 8.34101 3.10203 7.34418 4.31297 4.48135 2.05905 3.16938 7.4236 2.44559 4.27225 3.65657 3.52319 7.34425 7.34577 7.68459 6.51264 5.70285 5.45015 3.24513 6.61069 6.83593 5.67741 2.08471 
6.86476 3.27185 5.40626 5.15598 4.70473 0.74 8.00885 5.67067 1.57582 8.96666 3.36013 9.5448 5.33094 9.15219 6.78405 4.72382 6.18496 5.48293 4.08104 9.23275 7.72219 6.12945 2.74898 3.48891 3.52955 5.59915 9.27548 2.2366 1.81571 3.98207 4.06044 6.21203 7.10211 5.07947 4.99808 4.91717 6.09555 2.36907 6.40488 2.38019 5.52598 8.89181 4.91636 1.01005 4.43633 1.64685 7.2444 2.71627 6.15417 6.08217 6.66247 2.536 0.813941 3.81064 2.87903 6.37421 9.40462 5.21138 1.847 6.8496 5.01259 7.23661 5.6862 6.87699 7.64467 5.93576 0.630317 5.22506 3.21174 4.46363 8.28304 4.5109 6.62671 7.43388 3.01325 3.38256 3.21223 8.47415 7.30152 1.69729 
7.97161 9.08204 4.04623 2.83805 3.5137 7.38848 6.67488 4.77821 6.2367 2.18215 9.24048 2.82781 3.69818 3.28824 8.32948 2.24662 2.81114 1.86003 9.96266 9.21811 8.35733 2.46343 8.15081 5.18117 5.15353 3.45058 7.23747 5.03607 6.66888 7.33224 5.9276 6.49604 5.08932 7.32548 3.02952 2.61094 4.02657 4.66451 3.5513 4.97109 6.46777 2.2311 6.01752 7.56372 3.06297 6.61272 5.47537 8.33142 1.77792 6.18634 0.59 6.52283 6.21576 3.60203 4.45892 1.03484 7.40211 10.6493 5.68516 7.69406 4.7009 2.16261 1.37539 0.82134 7.10798 1.02728 7.33802 3.58755 5.24627 9.55299 6.34467 10.0839 6.53196 4.29708 7.68016 4.84484 9.28123 5.2045 4.40838 5.30905 
3.44071 5.94577 0.509902 1.8554 5.76095 5.50004 2.81517 0.262488 4.06177 5.38177 6.11072 5.69959 0.876641 4.57739 3.79676 3.79812 1.82497 4.7529 6.67803 4.9855 3.89525 2.11747 5.05835 6.37248 2.06022 1.08374 3.92623 5.07326 4.14135 3.4723 7.3584 1.97162 1.5632 3.00962 1.73954 4.98648 0.773369 4.49979 1.35281 3.27983 1.97649 5.14884 1.69452 5.51567 2.24415 6.34521 1.77124 5.30212 5.38199 1.66193 3.94645 3.55225 4.78729 2.42095 4.99139 3.49967 4.07735 6.9819 3.70527 3.17191 0.567186 3.05275 4.32256 5.13352 2.87892 4.02374 5.52153 1.02883 2.37034 5.88507 2.87785 6.5826 2.07617 1.99882 4.3624 2.17175 6.27391 2.94 1.8239 4.69915 
5.20247 8.79755 2.82931 3.24785 6.99203 8.24491 2.98171 2.88106 6.80331 3.78338 8.96177 3.79179 2.86211 2.25568 5.6857 4.95892 2.21109 5.48523 9.50781 5.5459 5.19234 2.45522 7.91692 8.15807 4.85412 2.60233 3.11642 7.21084 6.95041 6.25633 9.10412 3.93137 1.84505 5.55989 3.33793 6.04268 2.15195 6.64783 1.79045 5.82001 4.37659 3.48144 4.39063 8.29026 4.00704 8.69186 2.11152 8.16128 5.81629 3.70527 3.76703 6.39832 7.39024 4.52836 6.91909 3.50076 3.27246 9.72118 6.37661 4.87811 3.41849 2.08665 4.89556 5.05964 3.70794 4.40732 8.25286 2.97007 5.14475 8.64853 2.43906 9.37488 3.68637 0.883233 7.21543 4.86712 9.13066 1.0017 1.09289 7.03717 
5.10529 8.26027 2.19829 2.48395 6.24501 7.56897 3.18077 2.4067 6.13313 3.55439 8.42589 3.69381 2.17348 2.33431 5.56386 4.20195 1.44222 4.768 9.00419 5.7807 5.22422 1.69198 7.35942 7.38999 4.22538 1.8868 3.58776 6.44829 6.31219 5.79379 8.3377 3.72508 1.74451 5.21276 2.58118 5.30212 1.56589 5.88743 1.09444 5.10662 4.06007 3.26933 3.96551 7.62696 3.24575 7.9394 2.09848 7.59908 5.13982 3.46152 3.135 5.796 6.67816 3.78017 6.15081 2.82606 3.75155 9.29508 5.68705 4.7862 2.85829 1.51162 4.1861 4.44946 3.79158 3.7098 7.5718 2.26385 4.50284 8.20437 2.74774 8.90868 3.55879 0.72111 6.67756 4.20107 8.57933 1.57433 0.90802 6.28908 
5.38781 6.71591 1.46328 0.166433 4.01005 5.48689 4.56228 2.23376 4.1234 4.03091 6.88044 4.50729 1.09659 3.88666 5.71071 1.95256 0.994636 2.81149 7.56017 6.91714 5.86837 0.858429 5.77509 4.98198 2.6021 0.970618 5.45678 4.02492 4.43928 4.71123 5.94427 3.93468 3.0206 4.64691 0.372022 3.14201 1.72514 3.47196 1.56605 2.93164 3.82027 3.87332 3.34201 5.5963 0.851469 5.54593 3.36786 5.98445 3.41353 3.62679 2.11625 4.11851 4.46055 1.46322 3.71892 1.6694 5.62085 8.12604 3.60569 5.13157 2.03983 1.97952 2.35315 3.19453 4.78909 2.05623 5.46824 0.953362 2.76588 7.01655 4.43008 7.6078 4.04684 2.69453 5.21276 2.37346 6.96856 3.828 2.67406 3.92 
9.19405 8.24738 5.54813 4.25738 0.588303 5.94348 8.75042 6.29321 5.35322 5.39129 8.37705 6.03988 5.20159 6.55049 9.40608 2.24956 4.98655 1.56247 9.13622 11.0149 9.82024 4.65997 7.43888 2.28974 5.41503 5.15644 9.63606 3.05761 5.89293 7.45043 2.77723 7.85863 7.214 7.95108 4.32187 1.05394 5.91822 3.0769 5.70748 4.36033 7.5257 5.49097 6.89377 6.19022 3.80237 4.26433 7.56191 7.53441 1.5632 7.57154 3.48369 6.12354 4.7993 3.84338 2.4287 3.59635 9.80128 10.107 4.89265 8.99409 5.87616 5.06475 2.16261 2.64756 8.91309 2.67052 5.85458 5.0337 5.30996 9.13119 8.61976 9.43943 8.06834 6.7671 7.24862 5.00776 8.31116 7.85505 6.793 3.68709 
5.70846 8.36915 2.31249 2.11946 5.57215 7.42873 3.95828 2.74935 6.02103 2.88434 8.53558 3.12463 2.15604 2.02467 6.1437 3.57302 1.08669 4.03555 9.15684 6.55222 5.90689 1.17154 7.4449 6.82739 4.23784 1.8197 4.40855 6.01631 6.26616 6.03511 7.75118 4.27286 2.44524 5.59866 2.26874 4.61417 1.84253 5.47537 1.24808 4.8974 4.50188 2.62057 4.29337 7.51475 2.87211 7.55858 2.82144 7.67477 4.36094 3.98648 2.32699 5.82533 6.45273 3.46978 5.65608 2.04453 4.57231 9.54799 5.53435 5.39735 3.04902 0.693758 3.44292 3.63585 4.51692 2.95169 7.41952 2.18717 4.48135 8.44242 3.55584 9.11303 4.1689 1.50443 6.80098 4.13484 8.66413 2.37453 1.65511 5.9403 
6.11191 8.62986 2.62452 2.23486 5.41128 7.58631 4.36327 3.11448 6.19852 2.48284 8.79619 2.75187 2.42887 1.79109 6.54331 3.46655 1.29004 3.82753 9.43231 6.95932 6.31805 1.2596 7.69925 6.74633 4.48232 2.0883 4.77671 6.02519 6.47158 6.35007 7.64956 4.66999 2.85701 5.95756 2.40651 4.44568 2.20912 5.5 1.61245 5.03724 4.87791 2.22569 4.64221 7.68503 2.9561 7.59016 3.23262 7.92456 4.09552 4.38056 2.02633 6.06447 6.57343 3.5761 5.62755 1.8 4.93916 9.8583 5.69622 5.80211 3.3701 0.340588 3.22837 3.31217 4.92854 2.72485 7.57145 2.43655 4.70976 8.74966 3.94782 9.40732 4.5748 1.90394 7.072 4.34824 8.91476 2.7103 2.06197 5.99844 
5.65107 7.19467 1.71572 0.638905 4.12029 5.95716 4.60679 2.46033 4.60197 3.55692 7.35942 4.02616 1.36624 3.42584 6.00004 2.05801 0.751665 2.76796 8.03592 7.04577 6.07705 0.474342 6.25412 5.23483 3.07044 1.13111 5.40631 4.38316 4.92164 5.15102 6.17836 4.18019 3.02557 5.02558 0.8422 3.20339 1.79627 3.8452 1.47635 3.40026 4.13628 3.39413 3.70401 6.07076 1.29031 5.9319 3.39438 6.46469 3.29188 3.87021 1.74951 4.59793 4.91504 1.91971 4.02881 1.29877 5.57219 8.58673 4.08094 5.38046 2.37697 1.51169 2.24508 2.92904 4.9148 1.86601 5.93633 1.26127 3.24299 7.47605 4.4071 8.07614 4.24721 2.53539 5.68521 2.85272 7.44949 3.64611 2.55384 4.32843 
