20 80 25
777 335 649 27 763 426 211 429 862 135 22 167 11 373 784 324 413 980 862 281 84 505 313 895 814 364 87 178 403 399 676 12 94 570 467 902 652 280 865 619 31 771 709 856 586 683 528 829 270 715 796 245 921 488 841 500 124 856 227 936 437 407 858 237 818 11 776 763 606 818 369 996 470 499 644 139 669 464 355 611 
62.2 82.8 29.9 34.3 74.6 56.8 34 42.2 31.1 81 60.5 80.1 66.1 73 87.8 30.5 32 73.6 44.4 62.6 52.2 46.5 70.8 41.6 28.2 
8 12 11 4 21 6 19 24 21 13 20 9 9 11 6 12 22 11 12 13 
595552 156259 557197 573266 623570 97020.6 758489 560389 177800 983108 165076 1.03565e+06 561001 971796 576657 585226 664959 675663 238160 835103 682719 668588 120615 517357 354158 592839 888217 379179 145962 297015 577055 565279 699861 416160 554239 629229 624079 375659 667428 304095 492666 971004 444627 70064.3 512821 333530 705120 108784 747773 560515 761052 201896 201693 450250 439182 725680 899016 350143 232545 601469 499460 784513 684658 805919 706440 700037 108074 555010 326377 279902 797632 280087 609291 755440 175636 359138 151990 847342 738532 312923 
374001 349185 261358 312815 545011 307903 472017 258118 172812 731498 365826 776091 272208 690192 378114 411306 385203 518348 429829 602438 455397 397373 256759 529967 69202.6 305949 600051 372602 164779 156349 621662 291302 398246 212720 292205 503526 325443 326841 373530 169000 224715 714183 161474 304792 277737 450241 405710 280059 593466 277849 532970 100623 267367 231521 397472 490637 612369 483600 161375 366281 198154 512290 501937 615209 434246 497257 312181 270276 62968.2 372924 503746 431669 332339 454512 193724 100901 378809 545094 437010 309684 
70214 474979 412317 537894 873066 594607 323989 342462 495036 894687 486763 918769 446912 785493 36891.7 706135 546452 811382 504670 298216 149282 576710 429111 874443 377115 472705 435295 717541 460566 246223 966603 180710 386063 135591 521311 815724 428805 670835 487155 513024 170423 869154 225869 579525 547851 784103 360436 451054 881477 208655 758317 390387 596607 530103 739990 713330 439260 470306 501144 95754.9 348574 662987 778311 871865 241506 756381 602890 458519 395275 388032 386648 465348 201792 489532 364247 417469 514561 514149 467642 653839 
450126 488723 165747 166964 432297 382832 463366 207183 240142 585773 505170 633455 157458 561413 469086 270313 254615 377763 573464 650526 518531 259139 394635 461069 83384.7 186132 580149 321602 264764 303310 558917 326443 344819 327185 146820 374489 234233 265189 265377 141057 283233 570202 218197 389782 126625 445499 365919 415616 451453 301204 381918 228974 296488 89140.3 321552 340037 594871 633922 194366 432558 144267 375410 355225 465560 452604 347144 382890 148125 94175.4 523637 475903 579905 355951 367659 339607 54488.5 514140 473814 355148 280920 
958188 664536 689123 598385 292015 411692 1.00381e+06 745735 442360 852406 672441 917098 664850 936144 962106 441118 700061 448786 742195 1.18027e+06 1.03762e+06 677747 611337 116211 569453 677529 1.11717e+06 219659 489320 701294 81987.8 857723 874662 793254 592900 373551 748770 275661 753704 422641 801057 856675 733485 438420 525224 175183 900869 609594 483160 836035 633256 547420 344280 486033 230413 626077 1.13244e+06 858031 427200 948498 684895 758789 499100 586931 991407 545132 400536 648926 543368 784358 1.01206e+06 787992 892045 867745 627086 535318 655276 981225 862295 275045 
549015 140801 700298 764933 906353 393020 783181 670671 429317 1.18373e+06 131004 1.22755e+06 718260 1.13321e+06 509192 833471 833783 933906 65391.1 762607 625051 848539 220617 812287 521199 752310 905681 668231 376782 331485 873002 594542 784873 414638 744339 898408 755149 655515 810432 545162 530769 1.16613e+06 517847 366012 723802 627976 775243 209480 1.00882e+06 605367 981201 376927 489265 668985 724280 940213 911799 56320.5 479930 569825 627637 962168 931279 1.05045e+06 708961 936004 404005 718871 506472 94556.9 838588 20615.5 635087 868480 261205 546611 148946 933801 847800 598415 
774247 679651 428155 311002 108240 461395 752644 498478 386747 545514 693312 609295 396406 621514 792879 127883 402336 152118 769231 966431 840636 375257 595778 200823 389882 399112 851621 186207 440028 591069 290849 645786 606040 643479 311931 88526.8 475279 168107 466004 282492 607253 546996 542388 484257 250338 336859 637967 606862 213038 618295 320306 459341 342841 240169 122642 311448 867800 862260 338339 755937 450031 446282 190683 296953 759951 232860 453630 379389 377934 762549 747428 796596 670295 578323 573051 349090 688887 691177 576806 234438 
598141 124868 720884 775867 888978 363189 825258 697132 419240 1.19515e+06 110059 1.2413e+06 736202 1.15353e+06 560357 829781 850527 927302 36069.4 816780 676500 862951 217083 784857 533401 770208 949760 646574 369424 360451 840430 633537 817309 454070 755414 887471 778810 638928 832339 540638 567081 1.17886e+06 547883 336363 729638 593216 810104 199972 1.00144e+06 642067 986601 381477 467898 672217 705216 946888 956574 110603 472343 617297 650004 977949 928619 1.04895e+06 753493 936667 373777 735435 515505 141089 878709 66483.1 675267 896708 271950 555083 116181 967290 876539 578731 
586980 48332.2 638193 677027 762992 235325 787869 625873 300629 1.09423e+06 41725.3 1.14342e+06 648726 1.06622e+06 557459 713238 759701 807845 100045 819909 671431 768370 121264 656967 440583 682191 916289 519432 254876 308585 713511 591977 756477 420576 657001 764944 700803 513802 750435 425607 520862 1.07979e+06 487943 208471 624375 467039 754852 97082.4 881165 594564 878941 282349 341252 564316 578835 841000 925044 218680 355218 600193 571851 884514 812606 933612 724276 823930 245961 645697 418259 176980 835336 150000 635708 825993 193062 456054 13928.4 906912 807094 452383 
752091 651627 413192 300987 132834 434815 737653 481798 358603 558707 665331 621885 382598 627214 769708 131244 396244 173104 741237 947439 819752 370941 567631 200192 365268 387475 839181 164305 411869 564256 294272 625620 593448 618600 300167 114621 463039 141651 457083 254867 585239 558793 519802 457395 236241 318849 624465 578769 237626 598602 330553 431519 315919 220204 103247 318014 855238 834101 310203 734418 431297 448135 205905 316938 742360 244559 427225 365657 352319 734425 734577 768459 651264 570285 545015 324513 661069 683593 567741 208471 
686476 327185 540626 515598 470473 74000 800885 567067 157582 896666 336013 954480 533094 915219 678405 472382 618496 548293 408104 923275 772219 612945 274898 348891 352955 559915 927548 223660 181571 398207 406044 621203 710211 507947 499808 491717 609555 236907 640488 238019 552598 889181 491636 101005 443633 164685 724440 271627 615417 608217 666247 253600 81394.1 381064 287903 637421 940462 521138 184700 684960 501259 723661 568620 687699 764467 593576 63031.7 522506 321174 446363 828304 451090 662671 743388 301325 338256 321223 847415 730152 169729 
797161 908204 404623 283805 351370 738848 667488 477821 623670 218215 924048 282781 369818 328824 832948 224662 281114 186003 996266 921811 835733 246343 815081 518117 515353 345058 723747 503607 666888 733224 592760 649604 508932 732548 302952 261094 402657 466451 355130 497109 646777 223110 601752 756372 306297 661272 547537 833142 177792 618634 59000 652283 621576 360203 445892 103484 740211 1.06493e+06 568516 769406 470090 216261 137539 82134 710798 102728 733802 358755 524627 955299 634467 1.00839e+06 653196 429708 768016 484484 928123 520450 440838 530905 
344071 594577 50990.2 185540 576095 550004 281517 26248.8 406177 538177 611072 569959 87664.1 457739 379676 379812 182497 475290 667803 498550 389525 211747 505835 637248 206022 108374 392623 507326 414135 347230 735840 197162 156320 300962 173954 498648 77336.9 449979 135281 327983 197649 514884 169452 551567 224415 634521 177124 530212 538199 166193 394645 355225 478729 242095 499139 349967 407735 698190 370527 317191 56718.6 305275 432256 513352 287892 402374 552153 102883 237034 588507 287785 658260 207617 199882 436240 217175 627391 294000 182390 469915 
520247 879755 282931 324785 699203 824491 298171 288106 680331 378338 896177 379179 286211 225568 568570 495892 221109 548523 950781 554590 519234 245522 791692 815807 485412 260233 311642 721084 695041 625633 910412 393137 184505 555989 333793 604268 215195 664783 179045 582001 437659 348144 439063 829026 400704 869186 211152 816128 581629 370527 376703 639832 739024 452836 691909 350076 327246 972118 637661 487811 341849 208665 489556 505964 370794 440732 825286 297007 514475 864853 243906 937488 368637 88323.3 721543 486712 913066 100170 109289 703717 
510529 826027 219829 248395 624501 756897 318077 240670 613313 355439 842589 369381 217348 233431 556386 420195 144222 476800 900419 578070 522422 169198 735942 738999 422538 188680 358776 644829 631219 579379 833770 372508 174451 521276 258118 530212 156589 588743 109444 510662 406007 326933 396551 762696 324575 793940 209848 759908 513982 346152 313500 579600 667816 378017 615081 282606 375155 929508 568705 478620 285829 151162 418610 444946 379158 370980 757180 226385 450284 820437 274774 890868 355879 72111 667756 420107 857933 157433 90802 628908 
538781 671591 146328 16643.3 401005 548689 456228 223376 412340 403091 688044 450729 109659 388666 571071 195256 99463.6 281149 756017 691714 586837 85842.9 577509 498198 260210 97061.8 545678 402492 443928 471123 594427 393468 302060 464691 37202.2 314201 172514 347196 156605 293164 382027 387332 334201 559630 85146.9 554593 336786 598445 341353 362679 211625 411851 446055 146322 371892 166940 562085 812604 360569 513157 203983 197952 235315 319453 478909 205623 546824 95336.2 276588 701655 443008 760780 404684 269453 521276 237346 696856 382800 267406 392000 
919405 824738 554813 425738 58830.3 594348 875042 629321 535322 539129 837705 603988 520159 655049 940608 224956 498655 156247 913622 1.10149e+06 982024 465997 743888 228974 541503 515644 963606 305761 589293 745043 277723 785863 721400 795108 432187 105394 591822 307690 570748 436033 752570 549097 689377 619022 380237 426433 756191 753441 156320 757154 348369 612354 479930 384338 242870 359635 980128 1.0107e+06 489265 899409 587616 506475 216261 264756 891309 267052 585458 503370 530996 913119 861976 943943 806834 676710 724862 500776 831116 785505 679300 368709 
570846 836915 231249 211946 557215 742873 395828 274935 602103 288434 853558 312463 215604 202467 614370 357302 108669 403555 915684 655222 590689 117154 744490 682739 423784 181970 440855 601631 626616 603511 775118 427286 244524 559866 226874 461417 184253 547537 124808 489740 450188 262057 429337 751475 287211 755858 282144 767477 436094 398648 232699 582533 645273 346978 565608 204453 457231 954799 553435 539735 304902 69375.8 344292 363585 451692 295169 741952 218717 448135 844242 355584 911303 416890 150443 680098 413484 866413 237453 165511 594030 
611191 862986 262452 223486 541128 758631 436327 311448 619852 248284 879619 275187 242887 179109 654331 346655 129004 382753 943231 695932 631805 125960 769925 674633 448232 208830 477671 602519 647158 635007 764956 466999 285701 595756 240651 444568 220912 550000 161245 503724 487791 222569 464221 768503 295610 759016 323262 792456 409552 438056 202633 606447 657343 357610 562755 180000 493916 985830 569622 580211 337010 34058.8 322837 331217 492854 272485 757145 243655 470976 874966 394782 940732 457480 190394 707200 434824 891476 271030 206197 599844 
565107 719467 171572 63890.5 412029 595716 460679 246033 460197 355692 735942 402616 136624 342584 600004 205801 75166.5 276796 803592 704577 607705 47434.2 625412 523483 307044 113111 540631 438316 492164 515102 617836 418019 302557 502558 84220 320339 179627 384520 147635 340026 413628 339413 370401 607076 129031 593190 339438 646469 329188 387021 174951 459793 491504 191971 402881 129877 557219 858673 408094 538046 237697 151169 224508 292904 491480 186601 593633 126127 324299 747605 440710 807614 424721 253539 568521 285272 744949 364611 255384 432843 
