20 80 25
777 335 649 27 763 426 211 429 862 135 22 167 11 373 784 324 413 980 862 281 84 505 313 895 814 364 87 178 403 399 676 12 94 570 467 902 652 280 865 619 31 771 709 856 586 683 528 829 270 715 796 245 921 488 841 500 124 856 227 936 437 407 858 237 818 11 776 763 606 818 369 996 470 499 644 139 669 464 355 611 
6220 8280 2990 3430 7460 5680 3400 4220 3110 8100 6050 8010 6610 7300 8780 3050 3200 7360 4440 6260 5220 4650 7080 4160 2820 
8 12 11 4 21 6 19 24 21 13 20 9 9 11 6 12 22 11 12 13 
59555.2 15625.9 55719.7 57326.6 62357 9702.06 75848.9 56038.9 17780 98310.8 16507.6 103565 56100.1 97179.6 57665.7 58522.6 66495.9 67566.3 23816 83510.3 68271.9 66858.8 12061.5 51735.7 35415.8 59283.9 88821.7 37917.9 14596.2 29701.5 57705.5 56527.9 69986.1 41616 55423.9 62922.9 62407.9 37565.9 66742.8 30409.5 49266.6 97100.4 44462.7 7006.43 51282.1 33353 70512 10878.4 74777.3 56051.5 76105.2 20189.6 20169.3 45025 43918.2 72568 89901.6 35014.3 23254.5 60146.9 49946 78451.3 68465.8 80591.9 70644 70003.7 10807.4 55501 32637.7 27990.2 79763.2 28008.7 60929.1 75544 17563.6 35913.8 15199 84734.2 73853.2 31292.3 
37400.1 34918.5 26135.8 31281.5 54501.1 30790.3 47201.7 25811.8 17281.2 73149.8 36582.6 77609.1 27220.8 69019.2 37811.4 41130.6 38520.3 51834.8 42982.9 60243.8 45539.7 39737.3 25675.9 52996.7 6920.26 30594.9 60005.1 37260.2 16477.9 15634.9 62166.2 29130.2 39824.6 21272 29220.5 50352.6 32544.3 32684.1 37353 16900 22471.5 71418.3 16147.4 30479.2 27773.7 45024.1 40571 28005.9 59346.6 27784.9 53297 10062.3 26736.7 23152.1 39747.2 49063.7 61236.9 48360 16137.5 36628.1 19815.4 51229 50193.7 61520.9 43424.6 49725.7 31218.1 27027.6 6296.82 37292.4 50374.6 43166.9 33233.9 45451.2 19372.4 10090.1 37880.9 54509.4 43701 30968.4 
7021.4 47497.9 41231.7 53789.4 87306.6 59460.7 32398.9 34246.2 49503.6 89468.7 48676.3 91876.9 44691.2 78549.3 3689.17 70613.5 54645.2 81138.2 50467 29821.6 14928.2 57671 42911.1 87444.3 37711.5 47270.5 43529.5 71754.1 46056.6 24622.3 96660.3 18071 38606.3 13559.1 52131.1 81572.4 42880.5 67083.5 48715.5 51302.4 17042.3 86915.4 22586.9 57952.5 54785.1 78410.3 36043.6 45105.4 88147.7 20865.5 75831.7 39038.7 59660.7 53010.3 73999 71333 43926 47030.6 50114.4 9575.49 34857.4 66298.7 77831.1 87186.5 24150.6 75638.1 60289 45851.9 39527.5 38803.2 38664.8 46534.8 20179.2 48953.2 36424.7 41746.9 51456.1 51414.9 46764.2 65383.9 
45012.6 48872.3 16574.7 16696.4 43229.7 38283.2 46336.6 20718.3 24014.2 58577.3 50517 63345.5 15745.8 56141.3 46908.6 27031.3 25461.5 37776.3 57346.4 65052.6 51853.1 25913.9 39463.5 46106.9 8338.47 18613.2 58014.9 32160.2 26476.4 30331 55891.7 32644.3 34481.9 32718.5 14682 37448.9 23423.3 26518.9 26537.7 14105.7 28323.3 57020.2 21819.7 38978.2 12662.5 44549.9 36591.9 41561.6 45145.3 30120.4 38191.8 22897.4 29648.8 8914.03 32155.2 34003.7 59487.1 63392.2 19436.6 43255.8 14426.7 37541 35522.5 46556 45260.4 34714.4 38289 14812.5 9417.54 52363.7 47590.3 57990.5 35595.1 36765.9 33960.7 5448.85 51414 47381.4 35514.8 28092 
95818.8 66453.6 68912.3 59838.5 29201.5 41169.2 100381 74573.5 44236 85240.6 67244.1 91709.8 66485 93614.4 96210.6 44111.8 70006.1 44878.6 74219.5 118027 103762 67774.7 61133.7 11621.1 56945.3 67752.9 111717 21965.9 48932 70129.4 8198.78 85772.3 87466.2 79325.4 59290 37355.1 74877 27566.1 75370.4 42264.1 80105.7 85667.5 73348.5 43842 52522.4 17518.3 90086.9 60959.4 48316 83603.5 63325.6 54742 34428 48603.3 23041.3 62607.7 113244 85803.1 42720 94849.8 68489.5 75878.9 49910 58693.1 99140.7 54513.2 40053.6 64892.6 54336.8 78435.8 101206 78799.2 89204.5 86774.5 62708.6 53531.8 65527.6 98122.5 86229.5 27504.5 
54901.5 14080.1 70029.8 76493.3 90635.3 39302 78318.1 67067.1 42931.7 118373 13100.4 122755 71826 113321 50919.2 83347.1 83378.3 93390.6 6539.11 76260.7 62505.1 84853.9 22061.7 81228.7 52119.9 75231 90568.1 66823.1 37678.2 33148.5 87300.2 59454.2 78487.3 41463.8 74433.9 89840.8 75514.9 65551.5 81043.2 54516.2 53076.9 116613 51784.7 36601.2 72380.2 62797.6 77524.3 20948 100882 60536.7 98120.1 37692.7 48926.5 66898.5 72428 94021.3 91179.9 5632.05 47993 56982.5 62763.7 96216.8 93127.9 105045 70896.1 93600.4 40400.5 71887.1 50647.2 9455.69 83858.8 2061.55 63508.7 86848 26120.5 54661.1 14894.6 93380.1 84780 59841.5 
77424.7 67965.1 42815.5 31100.2 10824 46139.5 75264.4 49847.8 38674.7 54551.4 69331.2 60929.5 39640.6 62151.4 79287.9 12788.3 40233.6 15211.8 76923.1 96643.1 84063.6 37525.7 59577.8 20082.3 38988.2 39911.2 85162.1 18620.7 44002.8 59106.9 29084.9 64578.6 60604 64347.9 31193.1 8852.68 47527.9 16810.7 46600.4 28249.2 60725.3 54699.6 54238.8 48425.7 25033.8 33685.9 63796.7 60686.2 21303.8 61829.5 32030.6 45934.1 34284.1 24016.9 12264.2 31144.8 86780 86226 33833.9 75593.7 45003.1 44628.2 19068.3 29695.3 75995.1 23286 45363 37938.9 37793.4 76254.9 74742.8 79659.6 67029.5 57832.3 57305.1 34909 68888.7 69117.7 57680.6 23443.8 
59814.1 12486.8 72088.4 77586.7 88897.8 36318.9 82525.8 69713.2 41924 119515 11005.9 124130 73620.2 115353 56035.7 82978.1 85052.7 92730.2 3606.94 81678 67650 86295.1 21708.3 78485.7 53340.1 77020.8 94976 64657.4 36942.4 36045.1 84043 63353.7 81730.9 45407 75541.4 88747.1 77881 63892.8 83233.9 54063.8 56708.1 117886 54788.3 33636.3 72963.8 59321.6 81010.4 19997.2 100144 64206.7 98660.1 38147.7 46789.8 67221.7 70521.6 94688.8 95657.4 11060.3 47234.3 61729.7 65000.4 97794.9 92861.9 104895 75349.3 93666.7 37377.7 73543.5 51550.5 14108.9 87870.9 6648.31 67526.7 89670.8 27195 55508.3 11618.1 96729 87653.9 57873.1 
58698 4833.22 63819.3 67702.7 76299.2 23532.5 78786.9 62587.3 30062.9 109423 4172.53 114342 64872.6 106622 55745.9 71323.8 75970.1 80784.5 10004.5 81990.9 67143.1 76837 12126.4 65696.7 44058.3 68219.1 91628.9 51943.2 25487.6 30858.5 71351.1 59197.7 75647.7 42057.6 65700.1 76494.4 70080.3 51380.2 75043.5 42560.7 52086.2 107979 48794.3 20847.1 62437.5 46703.9 75485.2 9708.24 88116.5 59456.4 87894.1 28234.9 34125.2 56431.6 57883.5 84100 92504.4 21868 35521.8 60019.3 57185.1 88451.4 81260.6 93361.2 72427.6 82393 24596.1 64569.7 41825.9 17698 83533.6 15000 63570.8 82599.3 19306.2 45605.4 1392.84 90691.2 80709.4 45238.3 
75209.1 65162.7 41319.2 30098.7 13283.4 43481.5 73765.3 48179.8 35860.3 55870.7 66533.1 62188.5 38259.8 62721.4 76970.8 13124.4 39624.4 17310.4 74123.7 94743.9 81975.2 37094.1 56763.1 20019.2 36526.8 38747.5 83918.1 16430.5 41186.9 56425.6 29427.2 62562 59344.8 61860 30016.7 11462.1 46303.9 14165.1 45708.3 25486.7 58523.9 55879.3 51980.2 45739.5 23624.1 31884.9 62446.5 57876.9 23762.6 59860.2 33055.3 43151.9 31591.9 22020.4 10324.7 31801.4 85523.8 83410.1 31020.3 73441.8 43129.7 44813.5 20590.5 31693.8 74236 24455.9 42722.5 36565.7 35231.9 73442.5 73457.7 76845.9 65126.4 57028.5 54501.5 32451.3 66106.9 68359.3 56774.1 20847.1 
68647.6 32718.5 54062.6 51559.8 47047.3 7400 80088.5 56706.7 15758.2 89666.6 33601.3 95448 53309.4 91521.9 67840.5 47238.2 61849.6 54829.3 40810.4 92327.5 77221.9 61294.5 27489.8 34889.1 35295.5 55991.5 92754.8 22366 18157.1 39820.7 40604.4 62120.3 71021.1 50794.7 49980.8 49171.7 60955.5 23690.7 64048.8 23801.9 55259.8 88918.1 49163.6 10100.5 44363.3 16468.5 72444 27162.7 61541.7 60821.7 66624.7 25360 8139.41 38106.4 28790.3 63742.1 94046.2 52113.8 18470 68496 50125.9 72366.1 56862 68769.9 76446.7 59357.6 6303.17 52250.6 32117.4 44636.3 82830.4 45109 66267.1 74338.8 30132.5 33825.6 32122.3 84741.5 73015.2 16972.9 
79716.1 90820.4 40462.3 28380.5 35137 73884.8 66748.8 47782.1 62367 21821.5 92404.8 28278.1 36981.8 32882.4 83294.8 22466.2 28111.4 18600.3 99626.6 92181.1 83573.3 24634.3 81508.1 51811.7 51535.3 34505.8 72374.7 50360.7 66688.8 73322.4 59276 64960.4 50893.2 73254.8 30295.2 26109.4 40265.7 46645.1 35513 49710.9 64677.7 22311 60175.2 75637.2 30629.7 66127.2 54753.7 83314.2 17779.2 61863.4 5900 65228.3 62157.6 36020.3 44589.2 10348.4 74021.1 106493 56851.6 76940.6 47009 21626.1 13753.9 8213.4 71079.8 10272.8 73380.2 35875.5 52462.7 95529.9 63446.7 100839 65319.6 42970.8 76801.6 48448.4 92812.3 52045 44083.8 53090.5 
34407.1 59457.7 5099.02 18554 57609.5 55000.4 28151.7 2624.88 40617.7 53817.7 61107.2 56995.9 8766.41 45773.9 37967.6 37981.2 18249.7 47529 66780.3 49855 38952.5 21174.7 50583.5 63724.8 20602.2 10837.4 39262.3 50732.6 41413.5 34723 73584 19716.2 15632 30096.2 17395.4 49864.8 7733.69 44997.9 13528.1 32798.3 19764.9 51488.4 16945.2 55156.7 22441.5 63452.1 17712.4 53021.2 53819.9 16619.3 39464.5 35522.5 47872.9 24209.5 49913.9 34996.7 40773.5 69819 37052.7 31719.1 5671.86 30527.5 43225.6 51335.2 28789.2 40237.4 55215.3 10288.3 23703.4 58850.7 28778.5 65826 20761.7 19988.2 43624 21717.5 62739.1 29400 18239 46991.5 
52024.7 87975.5 28293.1 32478.5 69920.3 82449.1 29817.1 28810.6 68033.1 37833.8 89617.7 37917.9 28621.1 22556.8 56857 49589.2 22110.9 54852.3 95078.1 55459 51923.4 24552.2 79169.2 81580.7 48541.2 26023.3 31164.2 72108.4 69504.1 62563.3 91041.2 39313.7 18450.5 55598.9 33379.3 60426.8 21519.5 66478.3 17904.5 58200.1 43765.9 34814.4 43906.3 82902.6 40070.4 86918.6 21115.2 81612.8 58162.9 37052.7 37670.3 63983.2 73902.4 45283.6 69190.9 35007.6 32724.6 97211.8 63766.1 48781.1 34184.9 20866.5 48955.6 50596.4 37079.4 44073.2 82528.6 29700.7 51447.5 86485.3 24390.6 93748.8 36863.7 8832.33 72154.3 48671.2 91306.6 10017 10928.9 70371.7 
51052.9 82602.7 21982.9 24839.5 62450.1 75689.7 31807.7 24067 61331.3 35543.9 84258.9 36938.1 21734.8 23343.1 55638.6 42019.5 14422.2 47680 90041.9 57807 52242.2 16919.8 73594.2 73899.9 42253.8 18868 35877.6 64482.9 63121.9 57937.9 83377 37250.8 17445.1 52127.6 25811.8 53021.2 15658.9 58874.3 10944.4 51066.2 40600.7 32693.3 39655.1 76269.6 32457.5 79394 20984.8 75990.8 51398.2 34615.2 31350 57960 66781.6 37801.7 61508.1 28260.6 37515.5 92950.8 56870.5 47862 28582.9 15116.2 41861 44494.6 37915.8 37098 75718 22638.5 45028.4 82043.7 27477.4 89086.8 35587.9 7211.1 66775.6 42010.7 85793.3 15743.3 9080.2 62890.8 
53878.1 67159.1 14632.8 1664.33 40100.5 54868.9 45622.8 22337.6 41234 40309.1 68804.4 45072.9 10965.9 38866.6 57107.1 19525.6 9946.36 28114.9 75601.7 69171.4 58683.7 8584.29 57750.9 49819.8 26021 9706.18 54567.8 40249.2 44392.8 47112.3 59442.7 39346.8 30206 46469.1 3720.22 31420.1 17251.4 34719.6 15660.5 29316.4 38202.7 38733.2 33420.1 55963 8514.69 55459.3 33678.6 59844.5 34135.3 36267.9 21162.5 41185.1 44605.5 14632.2 37189.2 16694 56208.5 81260.4 36056.9 51315.7 20398.3 19795.2 23531.5 31945.3 47890.9 20562.3 54682.4 9533.62 27658.8 70165.5 44300.8 76078 40468.4 26945.3 52127.6 23734.6 69685.6 38280 26740.6 39200 
91940.5 82473.8 55481.3 42573.8 5883.03 59434.8 87504.2 62932.1 53532.2 53912.9 83770.5 60398.8 52015.9 65504.9 94060.8 22495.6 49865.5 15624.7 91362.2 110149 98202.4 46599.7 74388.8 22897.4 54150.3 51564.4 96360.6 30576.1 58929.3 74504.3 27772.3 78586.3 72140 79510.8 43218.7 10539.4 59182.2 30769 57074.8 43603.3 75257 54909.7 68937.7 61902.2 38023.7 42643.3 75619.1 75344.1 15632 75715.4 34836.9 61235.4 47993 38433.8 24287 35963.5 98012.8 101070 48926.5 89940.9 58761.6 50647.5 21626.1 26475.6 89130.9 26705.2 58545.8 50337 53099.6 91311.9 86197.6 94394.3 80683.4 67671 72486.2 50077.6 83111.6 78550.5 67930 36870.9 
57084.6 83691.5 23124.9 21194.6 55721.5 74287.3 39582.8 27493.5 60210.3 28843.4 85355.8 31246.3 21560.4 20246.7 61437 35730.2 10866.9 40355.5 91568.4 65522.2 59068.9 11715.4 74449 68273.9 42378.4 18197 44085.5 60163.1 62661.6 60351.1 77511.8 42728.6 24452.4 55986.6 22687.4 46141.7 18425.3 54753.7 12480.8 48974 45018.8 26205.7 42933.7 75147.5 28721.1 75585.8 28214.4 76747.7 43609.4 39864.8 23269.9 58253.3 64527.3 34697.8 56560.8 20445.3 45723.1 95479.9 55343.5 53973.5 30490.2 6937.58 34429.2 36358.5 45169.2 29516.9 74195.2 21871.7 44813.5 84424.2 35558.4 91130.3 41689 15044.3 68009.8 41348.4 86641.3 23745.3 16551.1 59403 
61119.1 86298.6 26245.2 22348.6 54112.8 75863.1 43632.7 31144.8 61985.2 24828.4 87961.9 27518.7 24288.7 17910.9 65433.1 34665.5 12900.4 38275.3 94323.1 69593.2 63180.5 12596 76992.5 67463.3 44823.2 20883 47767.1 60251.9 64715.8 63500.7 76495.6 46699.9 28570.1 59575.6 24065.1 44456.8 22091.2 55000 16124.5 50372.4 48779.1 22256.9 46422.1 76850.3 29561 75901.6 32326.2 79245.6 40955.2 43805.6 20263.3 60644.7 65734.3 35761 56275.5 18000 49391.6 98583 56962.2 58021.1 33701 3405.88 32283.7 33121.7 49285.4 27248.5 75714.5 24365.5 47097.6 87496.6 39478.2 94073.2 45748 19039.4 70720 43482.4 89147.6 27103 20619.7 59984.4 
56510.7 71946.7 17157.2 6389.05 41202.9 59571.6 46067.9 24603.3 46019.7 35569.2 73594.2 40261.6 13662.4 34258.4 60000.4 20580.1 7516.65 27679.6 80359.2 70457.7 60770.5 4743.42 62541.2 52348.3 30704.4 11311.1 54063.1 43831.6 49216.4 51510.2 61783.6 41801.9 30255.7 50255.8 8422 32033.9 17962.7 38452 14763.5 34002.6 41362.8 33941.3 37040.1 60707.6 12903.1 59319 33943.8 64646.9 32918.8 38702.1 17495.1 45979.3 49150.4 19197.1 40288.1 12987.7 55721.9 85867.3 40809.4 53804.6 23769.7 15116.9 22450.8 29290.4 49148 18660.1 59363.3 12612.7 32429.9 74760.5 44071 80761.4 42472.1 25353.9 56852.1 28527.2 74494.9 36461.1 25538.4 43284.3 
