20 80 25
777 335 649 27 763 426 211 429 862 135 22 167 11 373 784 324 413 980 862 281 84 505 313 895 814 364 87 178 403 399 676 12 94 570 467 902 652 280 865 619 31 771 709 856 586 683 528 829 270 715 796 245 921 488 841 500 124 856 227 936 437 407 858 237 818 11 776 763 606 818 369 996 470 499 644 139 669 464 355 611 
622 828 299 343 746 568 340 422 311 810 605 801 661 730 878 305 320 736 444 626 522 465 708 416 282 
8 12 11 4 21 6 19 24 21 13 20 9 9 11 6 12 22 11 12 13 
59.5552 15.6259 55.7197 57.3266 62.357 9.70206 75.8489 56.0389 17.78 98.3108 16.5076 103.565 56.1001 97.1796 57.6657 58.5226 66.4959 67.5663 23.816 83.5103 68.2719 66.8588 12.0615 51.7357 35.4158 59.2839 88.8217 37.9179 14.5962 29.7015 57.7055 56.5279 69.9861 41.616 55.4239 62.9229 62.4079 37.5659 66.7428 30.4095 49.2666 97.1004 44.4627 7.00643 51.2821 33.353 70.512 10.8784 74.7773 56.0515 76.1052 20.1896 20.1693 45.025 43.9182 72.568 89.9016 35.0143 23.2545 60.1469 49.946 78.4513 68.4658 80.5919 70.644 70.0037 10.8074 55.501 32.6377 27.9902 79.7632 28.0087 60.9291 75.544 17.5636 35.9138 15.199 84.7342 73.8532 31.2923 
37.4001 34.9185 26.1358 31.2815 54.5011 30.7903 47.2017 25.8118 17.2812 73.1498 36.5826 77.6091 27.2208 69.0192 37.8114 41.1306 38.5203 51.8348 42.9829 60.2438 45.5397 39.7373 25.6759 52.9967 6.92026 30.5949 60.0051 37.2602 16.4779 15.6349 62.1662 29.1302 39.8246 21.272 29.2205 50.3526 32.5443 32.6841 37.353 16.9 22.4715 71.4183 16.1474 30.4792 27.7737 45.0241 40.571 28.0059 59.3466 27.7849 53.297 10.0623 26.7367 23.1521 39.7472 49.0637 61.2369 48.36 16.1375 36.6281 19.8154 51.229 50.1937 61.5209 43.4246 49.7257 31.2181 27.0276 6.29682 37.2924 50.3746 43.1669 33.2339 45.4512 19.3724 10.0901 37.8809 54.5094 43.701 30.9684 
7.0214 47.4979 41.2317 53.7894 87.3066 59.4607 32.3989 34.2462 49.5036 89.4687 48.6763 91.8769 44.6912 78.5493 3.68917 70.6135 54.6452 81.1382 50.467 29.8216 14.9282 57.671 42.9111 87.4443 37.7115 47.2705 43.5295 71.7541 46.0566 24.6223 96.6603 18.071 38.6063 13.5591 52.1311 81.5724 42.8805 67.0835 48.7155 51.3024 17.0423 86.9154 22.5869 57.9525 54.7851 78.4103 36.0436 45.1054 88.1477 20.8655 75.8317 39.0387 59.6607 53.0103 73.999 71.333 43.926 47.0306 50.1144 9.57549 34.8574 66.2987 77.8311 87.1865 24.1506 75.6381 60.289 45.8519 39.5275 38.8032 38.6648 46.5348 20.1792 48.9532 36.4247 41.7469 51.4561 51.4149 46.7642 65.3839 
45.0126 48.8723 16.5747 16.6964 43.2297 38.2832 46.3366 20.7183 24.0142 58.5773 50.517 63.3455 15.7458 56.1413 46.9086 27.0313 25.4615 37.7763 57.3464 65.0526 51.8531 25.9139 39.4635 46.1069 8.33847 18.6132 58.0149 32.1602 26.4764 30.331 55.8917 32.6443 34.4819 32.7185 14.682 37.4489 23.4233 26.5189 26.5377 14.1057 28.3233 57.0202 21.8197 38.9782 12.6625 44.5499 36.5919 41.5616 45.1453 30.1204 38.1918 22.8974 29.6488 8.91403 32.1552 34.0037 59.4871 63.3922 19.4366 43.2558 14.4267 37.541 35.5225 46.556 45.2604 34.7144 38.289 14.8125 9.41754 52.3637 47.5903 57.9905 35.5951 36.7659 33.9607 5.44885 51.414 47.3814 35.5148 28.092 
95.8188 66.4536 68.9123 59.8385 29.2015 41.1692 100.381 74.5735 44.236 85.2406 67.2441 91.7098 66.485 93.6144 96.2106 44.1118 70.0061 44.8786 74.2195 118.027 103.762 67.7747 61.1337 11.6211 56.9453 67.7529 111.717 21.9659 48.932 70.1294 8.19878 85.7723 87.4662 79.3254 59.29 37.3551 74.877 27.5661 75.3704 42.2641 80.1057 85.6675 73.3485 43.842 52.5224 17.5183 90.0869 60.9594 48.316 83.6035 63.3256 54.742 34.428 48.6033 23.0413 62.6077 113.244 85.8031 42.72 94.8498 68.4895 75.8789 49.91 58.6931 99.1407 54.5132 40.0536 64.8926 54.3368 78.4358 101.206 78.7992 89.2045 86.7745 62.7086 53.5318 65.5276 98.1225 86.2295 27.5045 
54.9015 14.0801 70.0298 76.4933 90.6353 39.302 78.3181 67.0671 42.9317 118.373 13.1004 122.755 71.826 113.321 50.9192 83.3471 83.3783 93.3906 6.53911 76.2607 62.5051 84.8539 22.0617 81.2287 52.1199 75.231 90.5681 66.8231 37.6782 33.1485 87.3002 59.4542 78.4873 41.4638 74.4339 89.8408 75.5149 65.5515 81.0432 54.5162 53.0769 116.613 51.7847 36.6012 72.3802 62.7976 77.5243 20.948 100.882 60.5367 98.1201 37.6927 48.9265 66.8985 72.428 94.0213 91.1799 5.63205 47.993 56.9825 62.7637 96.2168 93.1279 105.045 70.8961 93.6004 40.4005 71.8871 50.6472 9.45569 83.8588 2.06155 63.5087 86.848 26.1205 54.6611 14.8946 93.3801 84.78 59.8415 
77.4247 67.9651 42.8155 31.1002 10.824 46.1395 75.2644 49.8478 38.6747 54.5514 69.3312 60.9295 39.6406 62.1514 79.2879 12.7883 40.2336 15.2118 76.9231 96.6431 84.0636 37.5257 59.5778 20.0823 38.9882 39.9112 85.1621 18.6207 44.0028 59.1069 29.0849 64.5786 60.604 64.3479 31.1931 8.85268 47.5279 16.8107 46.6004 28.2492 60.7253 54.6996 54.2388 48.4257 25.0338 33.6859 63.7967 60.6862 21.3038 61.8295 32.0306 45.9341 34.2841 24.0169 12.2642 31.1448 86.78 86.226 33.8339 75.5937 45.0031 44.6282 19.0683 29.6953 75.9951 23.286 45.363 37.9389 37.7934 76.2549 74.7428 79.6596 67.0295 57.8323 57.3051 34.909 68.8887 69.1177 57.6806 23.4438 
59.8141 12.4868 72.0884 77.5867 88.8978 36.3189 82.5258 69.7132 41.924 119.515 11.0059 124.13 73.6202 115.353 56.0357 82.9781 85.0527 92.7302 3.60694 81.678 67.65 86.2951 21.7083 78.4857 53.3401 77.0208 94.976 64.6574 36.9424 36.0451 84.043 63.3537 81.7309 45.407 75.5414 88.7471 77.881 63.8928 83.2339 54.0638 56.7081 117.886 54.7883 33.6363 72.9638 59.3216 81.0104 19.9972 100.144 64.2067 98.6601 38.1477 46.7898 67.2217 70.5216 94.6888 95.6574 11.0603 47.2343 61.7297 65.0004 97.7949 92.8619 104.895 75.3493 93.6667 37.3777 73.5435 51.5505 14.1089 87.8709 6.64831 67.5267 89.6708 27.195 55.5083 11.6181 96.729 87.6539 57.8731 
58.698 4.83322 63.8193 67.7027 76.2992 23.5325 78.7869 62.5873 30.0629 109.423 4.17253 114.342 64.8726 106.622 55.7459 71.3238 75.9701 80.7845 10.0045 81.9909 67.1431 76.837 12.1264 65.6967 44.0583 68.2191 91.6289 51.9432 25.4876 30.8585 71.3511 59.1977 75.6477 42.0576 65.7001 76.4944 70.0803 51.3802 75.0435 42.5607 52.0862 107.979 48.7943 20.8471 62.4375 46.7039 75.4852 9.70824 88.1165 59.4564 87.8941 28.2349 34.1252 56.4316 57.8835 84.1 92.5044 21.868 35.5218 60.0193 57.1851 88.4514 81.2606 93.3612 72.4276 82.393 24.5961 64.5697 41.8259 17.698 83.5336 15 63.5708 82.5993 19.3062 45.6054 1.39284 90.6912 80.7094 45.2383 
75.2091 65.1627 41.3192 30.0987 13.2834 43.4815 73.7653 48.1798 35.8603 55.8707 66.5331 62.1885 38.2598 62.7214 76.9708 13.1244 39.6244 17.3104 74.1237 94.7439 81.9752 37.0941 56.7631 20.0192 36.5268 38.7475 83.9181 16.4305 41.1869 56.4256 29.4272 62.562 59.3448 61.86 30.0167 11.4621 46.3039 14.1651 45.7083 25.4867 58.5239 55.8793 51.9802 45.7395 23.6241 31.8849 62.4465 57.8769 23.7626 59.8602 33.0553 43.1519 31.5919 22.0204 10.3247 31.8014 85.5238 83.4101 31.0203 73.4418 43.1297 44.8135 20.5905 31.6938 74.236 24.4559 42.7225 36.5657 35.2319 73.4425 73.4577 76.8459 65.1264 57.0285 54.5015 32.4513 66.1069 68.3593 56.7741 20.8471 
68.6476 32.7185 54.0626 51.5598 47.0473 7.4 80.0885 56.7067 15.7582 89.6666 33.6013 95.448 53.3094 91.5219 67.8405 47.2382 61.8496 54.8293 40.8104 92.3275 77.2219 61.2945 27.4898 34.8891 35.2955 55.9915 92.7548 22.366 18.1571 39.8207 40.6044 62.1203 71.0211 50.7947 49.9808 49.1717 60.9555 23.6907 64.0488 23.8019 55.2598 88.9181 49.1636 10.1005 44.3633 16.4685 72.444 27.1627 61.5417 60.8217 66.6247 25.36 8.13941 38.1064 28.7903 63.7421 94.0462 52.1138 18.47 68.496 50.1259 72.3661 56.862 68.7699 76.4467 59.3576 6.30317 52.2506 32.1174 44.6363 82.8304 45.109 66.2671 74.3388 30.1325 33.8256 32.1223 84.7415 73.0152 16.9729 
79.7161 90.8204 40.4623 28.3805 35.137 73.8848 66.7488 47.7821 62.367 21.8215 92.4048 28.2781 36.9818 32.8824 83.2948 22.4662 28.1114 18.6003 99.6266 92.1811 83.5733 24.6343 81.5081 51.8117 51.5353 34.5058 72.3747 50.3607 66.6888 73.3224 59.276 64.9604 50.8932 73.2548 30.2952 26.1094 40.2657 46.6451 35.513 49.7109 64.6777 22.311 60.1752 75.6372 30.6297 66.1272 54.7537 83.3142 17.7792 61.8634 5.9 65.2283 62.1576 36.0203 44.5892 10.3484 74.0211 106.493 56.8516 76.9406 47.009 21.6261 13.7539 8.2134 71.0798 10.2728 73.3802 35.8755 52.4627 95.5299 63.4467 100.839 65.3196 42.9708 76.8016 48.4484 92.8123 52.045 44.0838 53.0905 
34.4071 59.4577 5.09902 18.554 57.6095 55.0004 28.1517 2.62488 40.6177 53.8177 61.1072 56.9959 8.76641 45.7739 37.9676 37.9812 18.2497 47.529 66.7803 49.855 38.9525 21.1747 50.5835 63.7248 20.6022 10.8374 39.2623 50.7326 41.4135 34.723 73.584 19.7162 15.632 30.0962 17.3954 49.8648 7.73369 44.9979 13.5281 32.7983 19.7649 51.4884 16.9452 55.1567 22.4415 63.4521 17.7124 53.0212 53.8199 16.6193 39.4645 35.5225 47.8729 24.2095 49.9139 34.9967 40.7735 69.819 37.0527 31.7191 5.67186 30.5275 43.2256 51.3352 28.7892 40.2374 55.2153 10.2883 23.7034 58.8507 28.7785 65.826 20.7617 19.9882 43.624 21.7175 62.7391 29.4 18.239 46.9915 
52.0247 87.9755 28.2931 32.4785 69.9203 82.4491 29.8171 28.8106 68.0331 37.8338 89.6177 37.9179 28.6211 22.5568 56.857 49.5892 22.1109 54.8523 95.0781 55.459 51.9234 24.5522 79.1692 81.5807 48.5412 26.0233 31.1642 72.1084 69.5041 62.5633 91.0412 39.3137 18.4505 55.5989 33.3793 60.4268 21.5195 66.4783 17.9045 58.2001 43.7659 34.8144 43.9063 82.9026 40.0704 86.9186 21.1152 81.6128 58.1629 37.0527 37.6703 63.9832 73.9024 45.2836 69.1909 35.0076 32.7246 97.2118 63.7661 48.7811 34.1849 20.8665 48.9556 50.5964 37.0794 44.0732 82.5286 29.7007 51.4475 86.4853 24.3906 93.7488 36.8637 8.83233 72.1543 48.6712 91.3066 10.017 10.9289 70.3717 
51.0529 82.6027 21.9829 24.8395 62.4501 75.6897 31.8077 24.067 61.3313 35.5439 84.2589 36.9381 21.7348 23.3431 55.6386 42.0195 14.4222 47.68 90.0419 57.807 52.2422 16.9198 73.5942 73.8999 42.2538 18.868 35.8776 64.4829 63.1219 57.9379 83.377 37.2508 17.4451 52.1276 25.8118 53.0212 15.6589 58.8743 10.9444 51.0662 40.6007 32.6933 39.6551 76.2696 32.4575 79.394 20.9848 75.9908 51.3982 34.6152 31.35 57.96 66.7816 37.8017 61.5081 28.2606 37.5155 92.9508 56.8705 47.862 28.5829 15.1162 41.861 44.4946 37.9158 37.098 75.718 22.6385 45.0284 82.0437 27.4774 89.0868 35.5879 7.2111 66.7756 42.0107 85.7933 15.7433 9.0802 62.8908 
53.8781 67.1591 14.6328 1.66433 40.1005 54.8689 45.6228 22.3376 41.234 40.3091 68.8044 45.0729 10.9659 38.8666 57.1071 19.5256 9.94636 28.1149 75.6017 69.1714 58.6837 8.58429 57.7509 49.8198 26.021 9.70618 54.5678 40.2492 44.3928 47.1123 59.4427 39.3468 30.206 46.4691 3.72022 31.4201 17.2514 34.7196 15.6605 29.3164 38.2027 38.7332 33.4201 55.963 8.51469 55.4593 33.6786 59.8445 34.1353 36.2679 21.1625 41.1851 44.6055 14.6322 37.1892 16.694 56.2085 81.2604 36.0569 51.3157 20.3983 19.7952 23.5315 31.9453 47.8909 20.5623 54.6824 9.53362 27.6588 70.1655 44.3008 76.078 40.4684 26.9453 52.1276 23.7346 69.6856 38.28 26.7406 39.2 
91.9405 82.4738 55.4813 42.5738 5.88303 59.4348 87.5042 62.9321 53.5322 53.9129 83.7705 60.3988 52.0159 65.5049 94.0608 22.4956 49.8655 15.6247 91.3622 110.149 98.2024 46.5997 74.3888 22.8974 54.1503 51.5644 96.3606 30.5761 58.9293 74.5043 27.7723 78.5863 72.14 79.5108 43.2187 10.5394 59.1822 30.769 57.0748 43.6033 75.257 54.9097 68.9377 61.9022 38.0237 42.6433 75.6191 75.3441 15.632 75.7154 34.8369 61.2354 47.993 38.4338 24.287 35.9635 98.0128 101.07 48.9265 89.9409 58.7616 50.6475 21.6261 26.4756 89.1309 26.7052 58.5458 50.337 53.0996 91.3119 86.1976 94.3943 80.6834 67.671 72.4862 50.0776 83.1116 78.5505 67.93 36.8709 
57.0846 83.6915 23.1249 21.1946 55.7215 74.2873 39.5828 27.4935 60.2103 28.8434 85.3558 31.2463 21.5604 20.2467 61.437 35.7302 10.8669 40.3555 91.5684 65.5222 59.0689 11.7154 74.449 68.2739 42.3784 18.197 44.0855 60.1631 62.6616 60.3511 77.5118 42.7286 24.4524 55.9866 22.6874 46.1417 18.4253 54.7537 12.4808 48.974 45.0188 26.2057 42.9337 75.1475 28.7211 75.5858 28.2144 76.7477 43.6094 39.8648 23.2699 58.2533 64.5273 34.6978 56.5608 20.4453 45.7231 95.4799 55.3435 53.9735 30.4902 6.93758 34.4292 36.3585 45.1692 29.5169 74.1952 21.8717 44.8135 84.4242 35.5584 91.1303 41.689 15.0443 68.0098 41.3484 86.6413 23.7453 16.5511 59.403 
61.1191 86.2986 26.2452 22.3486 54.1128 75.8631 43.6327 31.1448 61.9852 24.8284 87.9619 27.5187 24.2887 17.9109 65.4331 34.6655 12.9004 38.2753 94.3231 69.5932 63.1805 12.596 76.9925 67.4633 44.8232 20.883 47.7671 60.2519 64.7158 63.5007 76.4956 46.6999 28.5701 59.5756 24.0651 44.4568 22.0912 55 16.1245 50.3724 48.7791 22.2569 46.4221 76.8503 29.561 75.9016 32.3262 79.2456 40.9552 43.8056 20.2633 60.6447 65.7343 35.761 56.2755 18 49.3916 98.583 56.9622 58.0211 33.701 3.40588 32.2837 33.1217 49.2854 27.2485 75.7145 24.3655 47.0976 87.4966 39.4782 94.0732 45.748 19.0394 70.72 43.4824 89.1476 27.103 20.6197 59.9844 
56.5107 71.9467 17.1572 6.38905 41.2029 59.5716 46.0679 24.6033 46.0197 35.5692 73.5942 40.2616 13.6624 34.2584 60.0004 20.5801 7.51665 27.6796 80.3592 70.4577 60.7705 4.74342 62.5412 52.3483 30.7044 11.3111 54.0631 43.8316 49.2164 51.5102 61.7836 41.8019 30.2557 50.2558 8.422 32.0339 17.9627 38.452 14.7635 34.0026 41.3628 33.9413 37.0401 60.7076 12.9031 59.319 33.9438 64.6469 32.9188 38.7021 17.4951 45.9793 49.1504 19.1971 40.2881 12.9877 55.7219 85.8673 40.8094 53.8046 23.7697 15.1169 22.4508 29.2904 49.148 18.6601 59.3633 12.6127 32.4299 74.7605 44.071 80.7614 42.4721 25.3539 56.8521 28.5272 74.4949 36.4611 25.5384 43.2843 
