20 80 25
777 335 649 27 763 426 211 429 862 135 22 167 11 373 784 324 413 980 862 281 84 505 313 895 814 364 87 178 403 399 676 12 94 570 467 902 652 280 865 619 31 771 709 856 586 683 528 829 270 715 796 245 921 488 841 500 124 856 227 936 437 407 858 237 818 11 776 763 606 818 369 996 470 499 644 139 669 464 355 611 
6220 8280 2990 3430 7460 5680 3400 4220 3110 8100 6050 8010 6610 7300 8780 3050 3200 7360 4440 6260 5220 4650 7080 4160 2820 
8 12 11 4 21 6 19 24 21 13 20 9 9 11 6 12 22 11 12 13 
5955.52 1562.59 5571.97 5732.66 6235.7 970.206 7584.89 5603.89 1778 9831.08 1650.76 10356.5 5610.01 9717.96 5766.57 5852.26 6649.59 6756.63 2381.6 8351.03 6827.19 6685.88 1206.15 5173.57 3541.58 5928.39 8882.17 3791.79 1459.62 2970.15 5770.55 5652.79 6998.61 4161.6 5542.39 6292.29 6240.79 3756.59 6674.28 3040.95 4926.66 9710.04 4446.27 700.643 5128.21 3335.3 7051.2 1087.84 7477.73 5605.15 7610.52 2018.96 2016.93 4502.5 4391.82 7256.8 8990.16 3501.43 2325.45 6014.69 4994.6 7845.13 6846.58 8059.19 7064.4 7000.37 1080.74 5550.1 3263.77 2799.02 7976.32 2800.87 6092.91 7554.4 1756.36 3591.38 1519.9 8473.42 7385.32 3129.23 
3740.01 3491.85 2613.58 3128.15 5450.11 3079.03 4720.17 2581.18 1728.12 7314.98 3658.26 7760.91 2722.08 6901.92 3781.14 4113.06 3852.03 5183.48 4298.29 6024.38 4553.97 3973.73 2567.59 5299.67 692.026 3059.49 6000.51 3726.02 1647.79 1563.49 6216.62 2913.02 3982.46 2127.2 2922.05 5035.26 3254.43 3268.41 3735.3 1690 2247.15 7141.83 1614.74 3047.92 2777.37 4502.41 4057.1 2800.59 5934.66 2778.49 5329.7 1006.23 2673.67 2315.21 3974.72 4906.37 6123.69 4836 1613.75 3662.81 1981.54 5122.9 5019.37 6152.09 4342.46 4972.57 3121.81 2702.76 629.682 3729.24 5037.46 4316.69 3323.39 4545.12 1937.24 1009.01 3788.09 5450.94 4370.1 3096.84 
702.14 4749.79 4123.17 5378.94 8730.66 5946.07 3239.89 3424.62 4950.36 8946.87 4867.63 9187.69 4469.12 7854.93 368.917 7061.35 5464.52 8113.82 5046.7 2982.16 1492.82 5767.1 4291.11 8744.43 3771.15 4727.05 4352.95 7175.41 4605.66 2462.23 9666.03 1807.1 3860.63 1355.91 5213.11 8157.24 4288.05 6708.35 4871.55 5130.24 1704.23 8691.54 2258.69 5795.25 5478.51 7841.03 3604.36 4510.54 8814.77 2086.55 7583.17 3903.87 5966.07 5301.03 7399.9 7133.3 4392.6 4703.06 5011.44 957.549 3485.74 6629.87 7783.11 8718.65 2415.06 7563.81 6028.9 4585.19 3952.75 3880.32 3866.48 4653.48 2017.92 4895.32 3642.47 4174.69 5145.61 5141.49 4676.42 6538.39 
4501.26 4887.23 1657.47 1669.64 4322.97 3828.32 4633.66 2071.83 2401.42 5857.73 5051.7 6334.55 1574.58 5614.13 4690.86 2703.13 2546.15 3777.63 5734.64 6505.26 5185.31 2591.39 3946.35 4610.69 833.847 1861.32 5801.49 3216.02 2647.64 3033.1 5589.17 3264.43 3448.19 3271.85 1468.2 3744.89 2342.33 2651.89 2653.77 1410.57 2832.33 5702.02 2181.97 3897.82 1266.25 4454.99 3659.19 4156.16 4514.53 3012.04 3819.18 2289.74 2964.88 891.403 3215.52 3400.37 5948.71 6339.22 1943.66 4325.58 1442.67 3754.1 3552.25 4655.6 4526.04 3471.44 3828.9 1481.25 941.754 5236.37 4759.03 5799.05 3559.51 3676.59 3396.07 544.885 5141.4 4738.14 3551.48 2809.2 
9581.88 6645.36 6891.23 5983.85 2920.15 4116.92 10038.1 7457.35 4423.6 8524.06 6724.41 9170.98 6648.5 9361.44 9621.06 4411.18 7000.61 4487.86 7421.95 11802.7 10376.2 6777.47 6113.37 1162.11 5694.53 6775.29 11171.7 2196.59 4893.2 7012.94 819.878 8577.23 8746.62 7932.54 5929 3735.51 7487.7 2756.61 7537.04 4226.41 8010.57 8566.75 7334.85 4384.2 5252.24 1751.83 9008.69 6095.94 4831.6 8360.35 6332.56 5474.2 3442.8 4860.33 2304.13 6260.77 11324.4 8580.31 4272 9484.98 6848.95 7587.89 4991 5869.31 9914.07 5451.32 4005.36 6489.26 5433.68 7843.58 10120.6 7879.92 8920.45 8677.45 6270.86 5353.18 6552.76 9812.25 8622.95 2750.45 
5490.15 1408.01 7002.98 7649.33 9063.53 3930.2 7831.81 6706.71 4293.17 11837.3 1310.04 12275.5 7182.6 11332.1 5091.92 8334.71 8337.83 9339.06 653.911 7626.07 6250.51 8485.39 2206.17 8122.87 5211.99 7523.1 9056.81 6682.31 3767.82 3314.85 8730.02 5945.42 7848.73 4146.38 7443.39 8984.08 7551.49 6555.15 8104.32 5451.62 5307.69 11661.3 5178.47 3660.12 7238.02 6279.76 7752.43 2094.8 10088.2 6053.67 9812.01 3769.27 4892.65 6689.85 7242.8 9402.13 9117.99 563.205 4799.3 5698.25 6276.37 9621.68 9312.79 10504.5 7089.61 9360.04 4040.05 7188.71 5064.72 945.569 8385.88 206.155 6350.87 8684.8 2612.05 5466.11 1489.46 9338.01 8478 5984.15 
7742.47 6796.51 4281.55 3110.02 1082.4 4613.95 7526.44 4984.78 3867.47 5455.14 6933.12 6092.95 3964.06 6215.14 7928.79 1278.83 4023.36 1521.18 7692.31 9664.31 8406.36 3752.57 5957.78 2008.23 3898.82 3991.12 8516.21 1862.07 4400.28 5910.69 2908.49 6457.86 6060.4 6434.79 3119.31 885.268 4752.79 1681.07 4660.04 2824.92 6072.53 5469.96 5423.88 4842.57 2503.38 3368.59 6379.67 6068.62 2130.38 6182.95 3203.06 4593.41 3428.41 2401.69 1226.42 3114.48 8678 8622.6 3383.39 7559.37 4500.31 4462.82 1906.83 2969.53 7599.51 2328.6 4536.3 3793.89 3779.34 7625.49 7474.28 7965.96 6702.95 5783.23 5730.51 3490.9 6888.87 6911.77 5768.06 2344.38 
5981.41 1248.68 7208.84 7758.67 8889.78 3631.89 8252.58 6971.32 4192.4 11951.5 1100.59 12413 7362.02 11535.3 5603.57 8297.81 8505.27 9273.02 360.694 8167.8 6765 8629.51 2170.83 7848.57 5334.01 7702.08 9497.6 6465.74 3694.24 3604.51 8404.3 6335.37 8173.09 4540.7 7554.14 8874.71 7788.1 6389.28 8323.39 5406.38 5670.81 11788.6 5478.83 3363.63 7296.38 5932.16 8101.04 1999.72 10014.4 6420.67 9866.01 3814.77 4678.98 6722.17 7052.16 9468.88 9565.74 1106.03 4723.43 6172.97 6500.04 9779.49 9286.19 10489.5 7534.93 9366.67 3737.77 7354.35 5155.05 1410.89 8787.09 664.831 6752.67 8967.08 2719.5 5550.83 1161.81 9672.9 8765.39 5787.31 
5869.8 483.322 6381.93 6770.27 7629.92 2353.25 7878.69 6258.73 3006.29 10942.3 417.253 11434.2 6487.26 10662.2 5574.59 7132.38 7597.01 8078.45 1000.45 8199.09 6714.31 7683.7 1212.64 6569.67 4405.83 6821.91 9162.89 5194.32 2548.76 3085.85 7135.11 5919.77 7564.77 4205.76 6570.01 7649.44 7008.03 5138.02 7504.35 4256.07 5208.62 10797.9 4879.43 2084.71 6243.75 4670.39 7548.52 970.824 8811.65 5945.64 8789.41 2823.49 3412.52 5643.16 5788.35 8410 9250.44 2186.8 3552.18 6001.93 5718.51 8845.14 8126.06 9336.12 7242.76 8239.3 2459.61 6456.97 4182.59 1769.8 8353.36 1500 6357.08 8259.93 1930.62 4560.54 139.284 9069.12 8070.94 4523.83 
7520.91 6516.27 4131.92 3009.87 1328.34 4348.15 7376.53 4817.98 3586.03 5587.07 6653.31 6218.85 3825.98 6272.14 7697.08 1312.44 3962.44 1731.04 7412.37 9474.39 8197.52 3709.41 5676.31 2001.92 3652.68 3874.75 8391.81 1643.05 4118.69 5642.56 2942.72 6256.2 5934.48 6186 3001.67 1146.21 4630.39 1416.51 4570.83 2548.67 5852.39 5587.93 5198.02 4573.95 2362.41 3188.49 6244.65 5787.69 2376.26 5986.02 3305.53 4315.19 3159.19 2202.04 1032.47 3180.14 8552.38 8341.01 3102.03 7344.18 4312.97 4481.35 2059.05 3169.38 7423.6 2445.59 4272.25 3656.57 3523.19 7344.25 7345.77 7684.59 6512.64 5702.85 5450.15 3245.13 6610.69 6835.93 5677.41 2084.71 
6864.76 3271.85 5406.26 5155.98 4704.73 740 8008.85 5670.67 1575.82 8966.66 3360.13 9544.8 5330.94 9152.19 6784.05 4723.82 6184.96 5482.93 4081.04 9232.75 7722.19 6129.45 2748.98 3488.91 3529.55 5599.15 9275.48 2236.6 1815.71 3982.07 4060.44 6212.03 7102.11 5079.47 4998.08 4917.17 6095.55 2369.07 6404.88 2380.19 5525.98 8891.81 4916.36 1010.05 4436.33 1646.85 7244.4 2716.27 6154.17 6082.17 6662.47 2536 813.941 3810.64 2879.03 6374.21 9404.62 5211.38 1847 6849.6 5012.59 7236.61 5686.2 6876.99 7644.67 5935.76 630.317 5225.06 3211.74 4463.63 8283.04 4510.9 6626.71 7433.88 3013.25 3382.56 3212.23 8474.15 7301.52 1697.29 
7971.61 9082.04 4046.23 2838.05 3513.7 7388.48 6674.88 4778.21 6236.7 2182.15 9240.48 2827.81 3698.18 3288.24 8329.48 2246.62 2811.14 1860.03 9962.66 9218.11 8357.33 2463.43 8150.81 5181.17 5153.53 3450.58 7237.47 5036.07 6668.88 7332.24 5927.6 6496.04 5089.32 7325.48 3029.52 2610.94 4026.57 4664.51 3551.3 4971.09 6467.77 2231.1 6017.52 7563.72 3062.97 6612.72 5475.37 8331.42 1777.92 6186.34 590 6522.83 6215.76 3602.03 4458.92 1034.84 7402.11 10649.3 5685.16 7694.06 4700.9 2162.61 1375.39 821.34 7107.98 1027.28 7338.02 3587.55 5246.27 9552.99 6344.67 10083.9 6531.96 4297.08 7680.16 4844.84 9281.23 5204.5 4408.38 5309.05 
3440.71 5945.77 509.902 1855.4 5760.95 5500.04 2815.17 262.488 4061.77 5381.77 6110.72 5699.59 876.641 4577.39 3796.76 3798.12 1824.97 4752.9 6678.03 4985.5 3895.25 2117.47 5058.35 6372.48 2060.22 1083.74 3926.23 5073.26 4141.35 3472.3 7358.4 1971.62 1563.2 3009.62 1739.54 4986.48 773.369 4499.79 1352.81 3279.83 1976.49 5148.84 1694.52 5515.67 2244.15 6345.21 1771.24 5302.12 5381.99 1661.93 3946.45 3552.25 4787.29 2420.95 4991.39 3499.67 4077.35 6981.9 3705.27 3171.91 567.186 3052.75 4322.56 5133.52 2878.92 4023.74 5521.53 1028.83 2370.34 5885.07 2877.85 6582.6 2076.17 1998.82 4362.4 2171.75 6273.91 2940 1823.9 4699.15 
5202.47 8797.55 2829.31 3247.85 6992.03 8244.91 2981.71 2881.06 6803.31 3783.38 8961.77 3791.79 2862.11 2255.68 5685.7 4958.92 2211.09 5485.23 9507.81 5545.9 5192.34 2455.22 7916.92 8158.07 4854.12 2602.33 3116.42 7210.84 6950.41 6256.33 9104.12 3931.37 1845.05 5559.89 3337.93 6042.68 2151.95 6647.83 1790.45 5820.01 4376.59 3481.44 4390.63 8290.26 4007.04 8691.86 2111.52 8161.28 5816.29 3705.27 3767.03 6398.32 7390.24 4528.36 6919.09 3500.76 3272.46 9721.18 6376.61 4878.11 3418.49 2086.65 4895.56 5059.64 3707.94 4407.32 8252.86 2970.07 5144.75 8648.53 2439.06 9374.88 3686.37 883.233 7215.43 4867.12 9130.66 1001.7 1092.89 7037.17 
5105.29 8260.27 2198.29 2483.95 6245.01 7568.97 3180.77 2406.7 6133.13 3554.39 8425.89 3693.81 2173.48 2334.31 5563.86 4201.95 1442.22 4768 9004.19 5780.7 5224.22 1691.98 7359.42 7389.99 4225.38 1886.8 3587.76 6448.29 6312.19 5793.79 8337.7 3725.08 1744.51 5212.76 2581.18 5302.12 1565.89 5887.43 1094.44 5106.62 4060.07 3269.33 3965.51 7626.96 3245.75 7939.4 2098.48 7599.08 5139.82 3461.52 3135 5796 6678.16 3780.17 6150.81 2826.06 3751.55 9295.08 5687.05 4786.2 2858.29 1511.62 4186.1 4449.46 3791.58 3709.8 7571.8 2263.85 4502.84 8204.37 2747.74 8908.68 3558.79 721.11 6677.56 4201.07 8579.33 1574.33 908.02 6289.08 
5387.81 6715.91 1463.28 166.433 4010.05 5486.89 4562.28 2233.76 4123.4 4030.91 6880.44 4507.29 1096.59 3886.66 5710.71 1952.56 994.636 2811.49 7560.17 6917.14 5868.37 858.429 5775.09 4981.98 2602.1 970.618 5456.78 4024.92 4439.28 4711.23 5944.27 3934.68 3020.6 4646.91 372.022 3142.01 1725.14 3471.96 1566.05 2931.64 3820.27 3873.32 3342.01 5596.3 851.469 5545.93 3367.86 5984.45 3413.53 3626.79 2116.25 4118.51 4460.55 1463.22 3718.92 1669.4 5620.85 8126.04 3605.69 5131.57 2039.83 1979.52 2353.15 3194.53 4789.09 2056.23 5468.24 953.362 2765.88 7016.55 4430.08 7607.8 4046.84 2694.53 5212.76 2373.46 6968.56 3828 2674.06 3920 
9194.05 8247.38 5548.13 4257.38 588.303 5943.48 8750.42 6293.21 5353.22 5391.29 8377.05 6039.88 5201.59 6550.49 9406.08 2249.56 4986.55 1562.47 9136.22 11014.9 9820.24 4659.97 7438.88 2289.74 5415.03 5156.44 9636.06 3057.61 5892.93 7450.43 2777.23 7858.63 7214 7951.08 4321.87 1053.94 5918.22 3076.9 5707.48 4360.33 7525.7 5490.97 6893.77 6190.22 3802.37 4264.33 7561.91 7534.41 1563.2 7571.54 3483.69 6123.54 4799.3 3843.38 2428.7 3596.35 9801.28 10107 4892.65 8994.09 5876.16 5064.75 2162.61 2647.56 8913.09 2670.52 5854.58 5033.7 5309.96 9131.19 8619.76 9439.43 8068.34 6767.1 7248.62 5007.76 8311.16 7855.05 6793 3687.09 
5708.46 8369.15 2312.49 2119.46 5572.15 7428.73 3958.28 2749.35 6021.03 2884.34 8535.58 3124.63 2156.04 2024.67 6143.7 3573.02 1086.69 4035.55 9156.84 6552.22 5906.89 1171.54 7444.9 6827.39 4237.84 1819.7 4408.55 6016.31 6266.16 6035.11 7751.18 4272.86 2445.24 5598.66 2268.74 4614.17 1842.53 5475.37 1248.08 4897.4 4501.88 2620.57 4293.37 7514.75 2872.11 7558.58 2821.44 7674.77 4360.94 3986.48 2326.99 5825.33 6452.73 3469.78 5656.08 2044.53 4572.31 9547.99 5534.35 5397.35 3049.02 693.758 3442.92 3635.85 4516.92 2951.69 7419.52 2187.17 4481.35 8442.42 3555.84 9113.03 4168.9 1504.43 6800.98 4134.84 8664.13 2374.53 1655.11 5940.3 
6111.91 8629.86 2624.52 2234.86 5411.28 7586.31 4363.27 3114.48 6198.52 2482.84 8796.19 2751.87 2428.87 1791.09 6543.31 3466.55 1290.04 3827.53 9432.31 6959.32 6318.05 1259.6 7699.25 6746.33 4482.32 2088.3 4776.71 6025.19 6471.58 6350.07 7649.56 4669.99 2857.01 5957.56 2406.51 4445.68 2209.12 5500 1612.45 5037.24 4877.91 2225.69 4642.21 7685.03 2956.1 7590.16 3232.62 7924.56 4095.52 4380.56 2026.33 6064.47 6573.43 3576.1 5627.55 1800 4939.16 9858.3 5696.22 5802.11 3370.1 340.588 3228.37 3312.17 4928.54 2724.85 7571.45 2436.55 4709.76 8749.66 3947.82 9407.32 4574.8 1903.94 7072 4348.24 8914.76 2710.3 2061.97 5998.44 
5651.07 7194.67 1715.72 638.905 4120.29 5957.16 4606.79 2460.33 4601.97 3556.92 7359.42 4026.16 1366.24 3425.84 6000.04 2058.01 751.665 2767.96 8035.92 7045.77 6077.05 474.342 6254.12 5234.83 3070.44 1131.11 5406.31 4383.16 4921.64 5151.02 6178.36 4180.19 3025.57 5025.58 842.2 3203.39 1796.27 3845.2 1476.35 3400.26 4136.28 3394.13 3704.01 6070.76 1290.31 5931.9 3394.38 6464.69 3291.88 3870.21 1749.51 4597.93 4915.04 1919.71 4028.81 1298.77 5572.19 8586.73 4080.94 5380.46 2376.97 1511.69 2245.08 2929.04 4914.8 1866.01 5936.33 1261.27 3242.99 7476.05 4407.1 8076.14 4247.21 2535.39 5685.21 2852.72 7449.49 3646.11 2553.84 4328.43 
