25 100 11
777 335 649 27 763 426 211 429 862 135 22 167 11 373 784 324 413 980 862 281 84 505 313 895 814 364 87 178 403 399 676 12 94 570 467 902 652 280 865 619 31 771 709 856 586 683 528 829 270 715 796 245 921 488 841 500 124 856 227 936 437 407 858 237 818 11 776 763 606 818 369 996 470 499 644 139 669 464 355 611 299 568 311 801 878 736 522 416 924 624 452 550 973 930 660 981 959 668 926 340 
90000 684000 376000 542000 936000 107000 445000 756000 179000 418000 887000 
1 1 4 5 5 9 3 2 7 10 8 3 1 2 4 8 5 2 7 6 1 0 1 10 6 
714857 840910 322248 203541 360185 685207 590823 395506 562601 248294 857007 307748 287543 311264 750558 190780 200731 195563 927936 843007 754227 165339 747163 511258 440324 262688 653536 471610 602780 656150 594643 567353 431602 651621 223231 263883 321498 427908 276053 436194 564547 242870 520286 700904 234440 631383 470048 766243 217793 536373 24351.6 582701 570828 292742 419752 21095 670119 992261 507726 687210 388197 158142 135930 150526 631197 85094.1 681065 276725 451864 881980 560942 937436 571504 358258 696839 411647 862689 455693 367459 488786 710923 574022 250128 633193 639791 154120 464039 548621 108407 309226 286356 588600 156847 741465 929252 186960 991250 769094 175764 147201 
665114 1.01473e+06 408001 412820 735180 939417 431936 426898 796972 292159 1.03129e+06 271459 402313 111973 713886 545736 307883 572114 1.08866e+06 679353 659194 318000 924672 874098 609926 371171 415394 801250 817524 766086 963382 539713 331042 701128 427070 638424 345254 747819 296233 688523 583275 262269 581124 946618 488296 956471 356432 948610 586963 516977 380171 767672 844863 547691 762685 369770 428730 1.11482e+06 750187 632665 474504 227337 512299 493199 509828 461313 939047 409236 636883 1.00657e+06 371571 1.07797e+06 514659 232362 856440 605080 1.04667e+06 218552 254136 795091 786024 528825 341990 844963 761800 296432 522805 588490 283924 685172 662783 891038 530006 558488 1.07942e+06 206119 1.10802e+06 900680 301400 521875 
301798 608905 104695 238466 632367 585888 226055 32802.4 443677 564235 625135 590745 140577 467080 341270 435139 218673 529029 677342 443695 340019 251448 523622 692527 243647 155029 340544 560247 446010 351241 791094 154208 116004 286484 228353 554239 98234.4 503182 156371 375311 172534 539189 164514 585342 280680 683440 128445 548513 590377 123762 438005 382259 522027 297713 554044 394081 355237 697986 412331 272971 96933 332175 484335 560511 232131 452252 588863 156780 275394 590333 236637 662967 157035 186253 451602 261205 643541 263865 165605 520159 369433 159003 165012 468346 349585 269551 109202 172540 334426 602204 608412 594570 531161 361880 665980 427300 691035 486659 514945 518059 
191450 619190 236783 370946 760945 648501 131034 160639 514636 670075 634275 688320 272971 548942 238403 566499 343286 661445 674259 311849 212038 377895 545235 809973 327391 286700 260640 669341 503796 352393 908058 71867.9 147492 251730 360436 685169 221578 613815 272413 472128 139918 642893 183967 642800 409898 778810 121017 570317 722800 67186.3 565347 432561 604706 419609 670518 522304 271827 671450 494619 159411 208339 444042 616760 690429 103711 583977 653441 288979 357728 571841 174797 648901 37802.1 252295 471153 356069 657068 277852 230764 621477 340978 53413.5 293602 520332 360401 393020 167386 164076 455397 732596 740088 684953 663365 239006 657408 532203 661584 482477 627889 650281 
634039 801424 245752 146455 417824 668768 503549 315520 536792 273035 817847 322126 213506 280209 671488 223394 115156 262528 886086 756229 670191 81221.9 707320 551776 390155 184816 567723 487453 571253 598248 641363 486277 344363 582344 167027 321503 237034 437425 189264 413697 488710 258031 449444 681601 201445 646016 382838 728031 298027 455432 107689 541639 560394 264824 443822 68447.1 584337 942058 483508 605601 316128 95126.2 203384 237807 544830 154897 665977 205507 406636 831001 474065 890764 488009 272523 651384 367234 826226 373484 280856 491872 647248 491493 168077 601349 584145 66940.3 390858 475337 39115.2 370277 354686 591151 235510 654199 884797 167631 939769 718100 206787 224201 
271811 324099 312746 400706 668225 373751 427263 277627 264518 808883 339796 847222 335650 743178 266248 526662 451505 634215 388012 509574 357844 471390 247130 650364 176819 369043 556756 491636 233431 61587.3 740142 231700 396679 95268 380623 624003 363270 448385 419963 291254 159201 788480 126649 362353 381874 553336 392185 272222 708534 231366 627905 161199 365936 344819 519879 583768 566634 412288 271360 271662 238304 580135 612883 721443 371053 602764 380927 339572 183535 302605 472155 373551 275879 475833 173046 216187 360902 547111 455412 425622 109444 257218 395578 240784 62649.8 497229 181797 134629 561122 660095 685001 454933 663069 494595 376145 680132 406971 196825 747768 650737 
561036 30000 638412 685511 792152 271312 770658 620948 321885 1.10426e+06 13453.6 1.15184e+06 651261 1.06927e+06 529139 733057 764105 830042 64288.4 790940 644168 774706 123988 691876 445202 685064 898074 550805 272635 293586 751033 575522 747659 400320 665217 789962 699031 541839 750539 444060 505693 1.0888e+06 477766 244295 636497 505669 743888 104235 904080 580215 892774 289664 371819 577997 608699 853724 906220 177767 375255 576003 569780 890403 832061 952607 704230 841038 282214 649345 425212 135831 820274 108259 618748 821326 187843 464152 29154.8 898226 801860 482280 317456 599534 714228 243058 289560 801896 528441 485062 858754 807592 845900 433848 877178 811027 83216.6 988291 189275 166012 1.03617e+06 867328 
336774 263150 352605 422096 646409 307093 495970 329310 209404 838439 279380 880555 370239 785621 326055 523401 485931 629982 334283 575925 423608 501758 180602 611278 181177 404278 625620 451577 171120 51546.1 697316 300927 456773 156474 401520 611572 409718 413687 463527 261926 228265 819856 188404 294354 390902 498001 455264 205779 705331 299015 645031 103465 310736 344703 486763 602190 635744 374877 227095 338999 280964 614509 615065 728670 440872 610709 314797 371232 175514 263685 539268 327787 345099 529605 106888 214311 298211 607284 510004 382385 130973 326584 432456 174496 25709.9 528459 236580 202022 589944 643699 672347 400125 664498 564156 326308 714179 372163 151327 774357 652719 
779251 1.01705e+06 429005 362464 570307 889101 587725 481633 757248 83096.3 1.03359e+06 106405 405453 116043 823284 412800 289386 403339 1.09999e+06 847092 795179 273123 923148 730463 602536 371828 605851 692558 790745 799620 810015 636398 447098 765355 382404 476954 391234 646871 331605 634255 658187 53935.1 633199 902158 422030 852397 482846 944595 398167 607820 213002 757786 779463 485412 641758 227108 621003 1.14889e+06 704086 747880 503811 160705 348210 294049 652007 301081 886139 403210 621884 1.03773e+06 538001 1.10109e+06 624866 344581 864089 583433 1.04328e+06 394574 363798 705360 839469 633934 345475 820679 788388 246138 571896 652386 188915 517536 486544 805248 350031 731011 1.09689e+06 60803 1.14529e+06 925681 83630.1 345365 
277094 286667 507117 606245 861594 464999 519665 456847 409238 1.00689e+06 295576 1.04125e+06 534342 925709 237002 732069 648189 839443 301684 493883 353035 671280 268002 820498 382624 566460 638063 661238 360272 166148 902594 341849 546059 172586 586464 824972 547234 626710 606486 477008 289836 984891 302248 443813 589415 686473 529469 284100 914235 359227 834005 308916 505277 550718 700071 789552 643204 264622 437340 299282 432709 775194 819913 929005 441654 810326 475164 540412 384641 182702 578553 259017 378001 640722 225878 420534 324918 688956 618943 590339 98792.7 359862 590871 349756 190024 696139 363637 286693 761328 858257 885901 592252 870001 528441 276226 874566 252699 157080 948498 857765 
618231 719462 225887 93005.4 340476 572239 529707 302853 444658 360839 735621 415326 189235 382099 650001 135152 147139 206155 806208 769437 666352 116250 625601 458530 319024 173925 612374 386063 482888 536345 551163 473092 372700 538855 109659 248244 246483 335529 219272 319240 460352 350156 410265 586369 112610 544259 408943 644957 262795 442309 145341 460871 461411 172595 344449 104690 628943 870395 390288 592747 282177 194093 156869 241514 556368 126143 568890 174929 329912 760230 511856 815432 484025 325518 574836 289689 741831 436038 327519 390083 593701 483498 173589 513264 519271 127632 357677 441101 140431 298453 293212 489519 203273 677661 807308 268293 869516 647408 290000 190160 
395904 849779 334767 432925 834819 849779 139703 293833 708097 564564 865268 561471 357239 402892 446230 628140 349794 698961 908116 376666 370407 383343 771379 926397 508159 346716 125873 808607 708495 583332 1.02426e+06 307002 151529 486815 433720 744640 273386 750910 278830 635814 372400 534214 402523 848343 499785 941505 138130 796558 742566 297410 546298 642112 785663 536355 792523 513157 142004 906277 676436 364825 359780 384232 643063 678083 224243 597978 853001 373226 539896 806943 74652.5 883892 267989 173217 697500 524124 886829 88005.7 169071 776050 576095 286531 332182 729429 588558 382460 363022 391842 422830 794833 788795 855643 679890 255932 891964 438731 896147 715788 545991 668088 
125208 648205 489118 623491 995978 767190 264756 412069 659897 920644 659294 932826 525792 783932 139463 811850 602439 911546 671340 124338 48764.7 636962 604950 1.01898e+06 516168 543203 333594 866413 629730 420006 1.11416e+06 245082 391602 303872 610737 927958 480651 815805 531034 660600 284522 892328 352037 753160 652063 946829 355574 626770 976079 274722 824399 557743 760498 648705 881090 781156 331403 622181 659365 134529 443668 699932 870244 948608 187856 840082 775077 540726 539812 552203 327951 627415 231225 494171 539823 553979 687634 478539 474605 807168 360050 231683 552091 634833 441277 652130 377915 315634 714070 973203 985373 848586 918029 184938 645728 783690 607474 506598 882912 904887 
534986 180136 482685 503200 588180 114022 687026 485477 116829 916457 193830 967678 487247 899822 520074 529432 592663 624605 269704 774623 622113 597537 104077 501049 279686 519394 816624 351518 74330.3 237154 570919 495298 625218 354431 483803 583768 549343 337360 593255 242244 422985 903368 372372 96400.2 445638 339096 631001 109041 698316 489094 697622 127193 174046 384111 406208 660775 827754 367614 171479 538499 424500 713711 628802 749827 637534 640631 123693 481705 252464 279179 724743 299588 539073 680525 126823 286356 191669 772472 663576 280794 305275 521239 548916 44721.4 216208 624540 406001 393845 676249 601945 639860 250833 672934 763215 281514 808359 374222 203158 846463 663428 
608679 851049 253269 208734 525951 744108 439851 305188 605773 252240 867674 282482 232142 193132 651154 330796 117004 368348 931790 698937 631478 111328 757810 658673 436023 198116 485224 586451 633704 625353 749147 463590 287028 588647 226241 429471 215114 534004 155756 488993 482104 227660 456571 754221 280252 743033 325014 780186 396688 434278 190851 593938 642246 342475 546631 166193 501567 975811 555252 577970 328030 24738.6 308526 320670 494171 258403 742520 232078 458260 864840 400196 930026 455566 194941 695684 421735 879200 280444 209497 584059 663205 463087 170449 662857 615209 85615.4 395238 475742 72670.5 477906 460492 681710 335410 589071 927117 116108 971668 753523 206495 325209 
341211 879292 532139 656458 1.06011e+06 953740 207711 464583 826453 834938 892180 829154 564416 669000 379581 857336 594401 941013 914342 161208 264382 630134 821570 1.12397e+06 645143 566499 148003 986732 809390 625793 1.22243e+06 362708 362215 507561 651202 976771 490368 930701 518059 790395 432394 804504 492392 944874 709965 1.09654e+06 326198 845457 992553 377327 806105 736316 919905 729747 984979 769343 134239 876530 810586 325346 522024 650173 889018 937961 219713 847951 959769 581437 675012 798023 226927 875206 321790 431677 750219 674354 918851 358240 420602 939757 584209 337202 561587 821993 641393 635022 485374 463712 683520 1.02612e+06 1.02684e+06 1.0019e+06 930271 90609.1 891009 709396 862585 735925 816525 917808 
701171 862727 314560 211454 413310 718946 560350 383444 591486 213902 879036 268777 282455 258954 739304 239134 180801 248566 948395 816100 735033 148852 768651 562883 454622 253569 615325 517200 628758 665361 647191 553445 402492 651234 232034 316951 302597 471259 251287 466259 557391 203494 518376 733328 257235 677012 441131 788729 266957 522708 58694.1 603166 606980 319014 467547 52086.5 631801 1.00731e+06 537239 672347 385068 110114 189042 187963 606282 138235 715417 274308 469392 896415 526217 954825 553611 321286 714773 429522 886314 412989 332701 530094 715556 557818 235771 659067 650668 130188 459796 544255 69857 362360 338999 630017 207511 710894 948072 135300 1.0054e+06 783425 143837 198645 
707939 668342 348862 227969 180278 471653 672646 421246 374039 488112 683059 550113 315940 548365 729836 54129.5 318663 134239 758190 892059 770637 292058 579600 280203 336095 316787 769344 228064 424062 548403 373048 574616 524047 588215 229993 112539 393215 189789 382413 255002 541202 486079 478578 491664 171421 387342 556656 593709 208971 546155 257099 430081 352278 173566 175034 240533 785596 842769 320832 687841 376733 367967 145602 265377 683433 174929 465450 298918 329803 738597 665496 779867 596584 494581 547156 296000 682221 607415 493207 255180 619827 591082 328434 453008 525816 305853 441820 514418 311873 154331 173289 352677 184196 813797 766077 427117 845488 631114 415928 176071 
701852 466974 460245 398848 305565 230358 760664 506717 197497 746175 478807 806480 442579 784333 705899 313955 505146 381935 554200 925635 781740 492000 393926 215379 315991 462502 879529 61000 249930 450498 298236 604822 643544 537663 387284 323489 525681 72069.4 543244 169009 545976 741569 478712 255000 322448 149050 665540 399400 447599 584624 514208 297893 118127 267479 121198 490316 894097 657895 172630 692564 442712 594140 406510 523474 741556 436039 221653 428572 288513 568388 775490 589207 640839 654379 391829 284609 469814 765248 645078 19209.4 529975 628232 486659 269151 424500 514249 474052 513517 542635 328938 371431 90824 439802 877707 569526 670153 664831 479213 673589 433720 
252286 786130 552598 685697 1.07724e+06 894739 258559 477177 780016 927552 797458 930072 588292 773301 276371 882916 644186 976243 810088 15132.7 165109 680109 740072 1.1179e+06 619621 598785 268477 970532 754181 551014 1.21494e+06 332256 414132 432501 676237 1.00176e+06 527492 917306 568304 766587 389166 897805 456111 882220 726529 1.06275e+06 375494 762430 1.03524e+06 356602 865014 681175 878823 733638 978589 824394 259887 759032 773791 249650 522473 722696 929457 994397 216335 893717 902083 604650 646297 690887 307189 765881 302592 504777 673090 654481 825630 457857 488808 915706 495626 311204 601173 761804 570729 690490 467916 421777 746877 1.04926e+06 1.05631e+06 965278 974627 115521 784400 795040 744003 643960 899681 961676 
117068 536537 277088 409161 775126 593001 209614 202299 468540 747222 550989 770092 313313 636529 155769 592457 404100 693753 586298 308561 172662 436111 468710 802813 302300 335215 336537 653521 448894 272413 899161 31953.1 238533 162099 394849 707720 283854 600960 340930 449138 72945.2 721268 138708 584045 432412 746837 215928 493389 760182 61983.9 621225 375682 564989 427874 664008 576730 345036 577710 458017 91082.4 224350 516563 654927 740173 145986 627915 599167 326957 328811 480360 263746 557986 60835.8 340965 395455 337960 575251 373815 319011 598219 250060 42720 349185 461147 284684 455057 157080 105437 520125 752604 765591 650000 703651 272118 567927 609554 567388 396449 699998 690503 
394645 150233 529400 603464 795661 344384 614664 496541 320056 1.01956e+06 160353 1.06089e+06 549477 961456 361643 694424 665523 799113 181463 623339 476934 682493 139789 730505 361471 583384 739790 574891 266271 157610 805255 422830 610079 243298 582879 773068 582104 549364 638264 415217 357123 1.00064e+06 343001 320765 569956 575897 601103 151489 874694 432005 825528 237977 405094 520271 622116 783023 746967 194456 360514 411099 455782 794310 789079 905098 543994 788006 355169 551392 352013 83737.7 667943 156109 464492 693721 125064 391945 189156 759276 672971 502780 155563 445314 610966 247348 166208 709042 400500 341884 771038 800166 832810 486796 837678 645745 163049 894187 190906 37121.4 955731 826351 
883779 653319 589216 491041 189180 403435 908944 650145 395763 740806 663597 805315 562748 822614 892440 327819 590770 337871 737277 1.09791e+06 959747 567208 587167 18248.3 489585 572986 1.01841e+06 143736 447826 646703 109124 773610 774010 727633 487003 262880 646026 189992 647207 347052 721782 744361 654011 430249 419869 194733 802001 590103 377595 749947 520047 495323 309317 386256 128888 512544 1.034e+06 846724 368090 871271 592001 645843 386571 478533 902456 432001 392929 546385 466717 762262 913203 777093 805293 761205 589604 452404 650824 874805 756832 213476 726113 795050 590593 465692 620762 582846 638210 690204 589525 236916 280777 240187 398378 1.03806e+06 755535 699327 854890 676617 671646 398246 
512299 202388 706403 782643 953935 454943 756963 669128 474102 1.19858e+06 196229 1.23938e+06 727633 1.13695e+06 468876 867430 843736 970447 139943 714006 582979 861335 266721 869419 540285 761426 875403 721017 420115 333781 934234 575128 773701 397780 762053 939630 756631 703739 813823 582603 516558 1.17945e+06 513355 428165 747910 691759 760517 261324 1.04587e+06 589475 1.00413e+06 408100 543330 696590 774355 961850 880307 30594.1 521426 536020 632193 972553 963579 1.08093e+06 679118 964591 466082 730000 529590 99282.4 815206 82855.3 613270 862792 290462 569719 218515 920111 841525 649942 309627 594718 788655 394994 344816 887789 572965 506741 950068 963208 998251 614183 1.0115e+06 761284 110463 1.07251e+06 15297.1 211473 1.13492e+06 1.0005e+06 
398001 370826 246678 286400 512665 306193 479752 253000 165197 705694 387413 751647 253584 670436 404851 378440 363930 485387 453719 622448 477514 373894 277253 501941 44777.2 286714 606278 345905 167863 189391 594786 305930 395457 242297 265876 470425 313115 298297 357912 140545 242909 689141 176816 306000 247330 431807 406021 299541 560560 289638 503672 114039 253142 199249 367927 461863 619175 512103 143736 388330 189676 489605 469601 583541 447294 465859 309343 249930 30083.2 401908 507632 458384 345232 444717 218552 69318.1 398560 539579 428224 285394 261002 330643 316206 192782 167836 401080 186574 210278 458696 505253 531415 335601 519062 581976 451966 587527 511200 289171 639175 507261 
