25 100 11
777 335 649 27 763 426 211 429 862 135 22 167 11 373 784 324 413 980 862 281 84 505 313 895 814 364 87 178 403 399 676 12 94 570 467 902 652 280 865 619 31 771 709 856 586 683 528 829 270 715 796 245 921 488 841 500 124 856 227 936 437 407 858 237 818 11 776 763 606 818 369 996 470 499 644 139 669 464 355 611 299 568 311 801 878 736 522 416 924 624 452 550 973 930 660 981 959 668 926 340 
90 684 376 542 936 107 445 756 179 418 887 
1 1 4 5 5 9 3 2 7 10 8 3 1 2 4 8 5 2 7 6 1 0 1 10 6 
71485.7 84091 32224.8 20354.1 36018.5 68520.7 59082.3 39550.6 56260.1 24829.4 85700.7 30774.8 28754.3 31126.4 75055.8 19078 20073.1 19556.3 92793.6 84300.7 75422.7 16533.9 74716.3 51125.8 44032.4 26268.8 65353.6 47161 60278 65615 59464.3 56735.3 43160.2 65162.1 22323.1 26388.3 32149.8 42790.8 27605.3 43619.4 56454.7 24287 52028.6 70090.4 23444 63138.3 47004.8 76624.3 21779.3 53637.3 2435.16 58270.1 57082.8 29274.2 41975.2 2109.5 67011.9 99226.1 50772.6 68721 38819.7 15814.2 13593 15052.6 63119.7 8509.41 68106.5 27672.5 45186.4 88198 56094.2 93743.6 57150.4 35825.8 69683.9 41164.7 86268.9 45569.3 36745.9 48878.6 71092.3 57402.2 25012.8 63319.3 63979.1 15412 46403.9 54862.1 10840.7 30922.6 28635.6 58860 15684.7 74146.5 92925.2 18696 99125 76909.4 17576.4 14720.1 
66511.4 101473 40800.1 41282 73518 93941.7 43193.6 42689.8 79697.2 29215.9 103129 27145.9 40231.3 11197.3 71388.6 54573.6 30788.3 57211.4 108866 67935.3 65919.4 31800 92467.2 87409.8 60992.6 37117.1 41539.4 80125 81752.4 76608.6 96338.2 53971.3 33104.2 70112.8 42707 63842.4 34525.4 74781.9 29623.3 68852.3 58327.5 26226.9 58112.4 94661.8 48829.6 95647.1 35643.2 94861 58696.3 51697.7 38017.1 76767.2 84486.3 54769.1 76268.5 36977 42873 111482 75018.7 63266.5 47450.4 22733.7 51229.9 49319.9 50982.8 46131.3 93904.7 40923.6 63688.3 100657 37157.1 107797 51465.9 23236.2 85644 60508 104667 21855.2 25413.6 79509.1 78602.4 52882.5 34199 84496.3 76180 29643.2 52280.5 58849 28392.4 68517.2 66278.3 89103.8 53000.6 55848.8 107942 20611.9 110802 90068 30140 52187.5 
30179.8 60890.5 10469.5 23846.6 63236.7 58588.8 22605.5 3280.24 44367.7 56423.5 62513.5 59074.5 14057.7 46708 34127 43513.9 21867.3 52902.9 67734.2 44369.5 34001.9 25144.8 52362.2 69252.7 24364.7 15502.9 34054.4 56024.7 44601 35124.1 79109.4 15420.8 11600.4 28648.4 22835.3 55423.9 9823.44 50318.2 15637.1 37531.1 17253.4 53918.9 16451.4 58534.2 28068 68344 12844.5 54851.3 59037.7 12376.2 43800.5 38225.9 52202.7 29771.3 55404.4 39408.1 35523.7 69798.6 41233.1 27297.1 9693.3 33217.5 48433.5 56051.1 23213.1 45225.2 58886.3 15678 27539.4 59033.3 23663.7 66296.7 15703.5 18625.3 45160.2 26120.5 64354.1 26386.5 16560.5 52015.9 36943.3 15900.3 16501.2 46834.6 34958.5 26955.1 10920.2 17254 33442.6 60220.4 60841.2 59457 53116.1 36188 66598 42730 69103.5 48665.9 51494.5 51805.9 
19145 61919 23678.3 37094.6 76094.5 64850.1 13103.4 16063.9 51463.6 67007.5 63427.5 68832 27297.1 54894.2 23840.3 56649.9 34328.6 66144.5 67425.9 31184.9 21203.8 37789.5 54523.5 80997.3 32739.1 28670 26064 66934.1 50379.6 35239.3 90805.8 7186.79 14749.2 25173 36043.6 68516.9 22157.8 61381.5 27241.3 47212.8 13991.8 64289.3 18396.7 64280 40989.8 77881 12101.7 57031.7 72280 6718.63 56534.7 43256.1 60470.6 41960.9 67051.8 52230.4 27182.7 67145 49461.9 15941.1 20833.9 44404.2 61676 69042.9 10371.1 58397.7 65344.1 28897.9 35772.8 57184.1 17479.7 64890.1 3780.21 25229.5 47115.3 35606.9 65706.8 27785.2 23076.4 62147.7 34097.8 5341.35 29360.2 52033.2 36040.1 39302 16738.6 16407.6 45539.7 73259.6 74008.8 68495.3 66336.5 23900.6 65740.8 53220.3 66158.4 48247.7 62788.9 65028.1 
63403.9 80142.4 24575.2 14645.5 41782.4 66876.8 50354.9 31552 53679.2 27303.5 81784.7 32212.6 21350.6 28020.9 67148.8 22339.4 11515.6 26252.8 88608.6 75622.9 67019.1 8122.19 70732 55177.6 39015.5 18481.6 56772.3 48745.3 57125.3 59824.8 64136.3 48627.7 34436.3 58234.4 16702.7 32150.3 23703.4 43742.5 18926.4 41369.7 48871 25803.1 44944.4 68160.1 20144.5 64601.6 38283.8 72803.1 29802.7 45543.2 10768.9 54163.9 56039.4 26482.4 44382.2 6844.71 58433.7 94205.8 48350.8 60560.1 31612.8 9512.62 20338.4 23780.7 54483 15489.7 66597.7 20550.7 40663.6 83100.1 47406.5 89076.4 48800.9 27252.3 65138.4 36723.4 82622.6 37348.4 28085.6 49187.2 64724.8 49149.3 16807.7 60134.9 58414.5 6694.03 39085.8 47533.7 3911.52 37027.7 35468.6 59115.1 23551 65419.9 88479.7 16763.1 93976.9 71810 20678.7 22420.1 
27181.1 32409.9 31274.6 40070.6 66822.5 37375.1 42726.3 27762.7 26451.8 80888.3 33979.6 84722.2 33565 74317.8 26624.8 52666.2 45150.5 63421.5 38801.2 50957.4 35784.4 47139 24713 65036.4 17681.9 36904.3 55675.6 49163.6 23343.1 6158.73 74014.2 23170 39667.9 9526.8 38062.3 62400.3 36327 44838.5 41996.3 29125.4 15920.1 78848 12664.9 36235.3 38187.4 55333.6 39218.5 27222.2 70853.4 23136.6 62790.5 16119.9 36593.6 34481.9 51987.9 58376.8 56663.4 41228.8 27136 27166.2 23830.4 58013.5 61288.3 72144.3 37105.3 60276.4 38092.7 33957.2 18353.5 30260.5 47215.5 37355.1 27587.9 47583.3 17304.6 21618.7 36090.2 54711.1 45541.2 42562.2 10944.4 25721.8 39557.8 24078.4 6264.98 49722.9 18179.7 13462.9 56112.2 66009.5 68500.1 45493.3 66306.9 49459.5 37614.5 68013.2 40697.1 19682.5 74776.8 65073.7 
56103.6 3000 63841.2 68551.1 79215.2 27131.2 77065.8 62094.8 32188.5 110426 1345.36 115184 65126.1 106927 52913.9 73305.7 76410.5 83004.2 6428.84 79094 64416.8 77470.6 12398.8 69187.6 44520.2 68506.4 89807.4 55080.5 27263.5 29358.6 75103.3 57552.2 74765.9 40032 66521.7 78996.2 69903.1 54183.9 75053.9 44406 50569.3 108880 47776.6 24429.5 63649.7 50566.9 74388.8 10423.5 90408 58021.5 89277.4 28966.4 37181.9 57799.7 60869.9 85372.4 90622 17776.7 37525.5 57600.3 56978 89040.3 83206.1 95260.7 70423 84103.8 28221.4 64934.5 42521.2 13583.1 82027.4 10825.9 61874.8 82132.6 18784.3 46415.2 2915.48 89822.6 80186 48228 31745.6 59953.4 71422.8 24305.8 28956 80189.6 52844.1 48506.2 85875.4 80759.2 84590 43384.8 87717.8 81102.7 8321.66 98829.1 18927.5 16601.2 103617 86732.8 
33677.4 26315 35260.5 42209.6 64640.9 30709.3 49597 32931 20940.4 83843.9 27938 88055.5 37023.9 78562.1 32605.5 52340.1 48593.1 62998.2 33428.3 57592.5 42360.8 50175.8 18060.2 61127.8 18117.7 40427.8 62562 45157.7 17112 5154.61 69731.6 30092.7 45677.3 15647.4 40152 61157.2 40971.8 41368.7 46352.7 26192.6 22826.5 81985.6 18840.4 29435.4 39090.2 49800.1 45526.4 20577.9 70533.1 29901.5 64503.1 10346.5 31073.6 34470.3 48676.3 60219 63574.4 37487.7 22709.5 33899.9 28096.4 61450.9 61506.5 72867 44087.2 61070.9 31479.7 37123.2 17551.4 26368.5 53926.8 32778.7 34509.9 52960.5 10688.8 21431.1 29821.1 60728.4 51000.4 38238.5 13097.3 32658.4 43245.6 17449.6 2570.99 52845.9 23658 20202.2 58994.4 64369.9 67234.7 40012.5 66449.8 56415.6 32630.8 71417.9 37216.3 15132.7 77435.7 65271.9 
77925.1 101705 42900.5 36246.4 57030.7 88910.1 58772.5 48163.3 75724.8 8309.63 103359 10640.5 40545.3 11604.3 82328.4 41280 28938.6 40333.9 109999 84709.2 79517.9 27312.3 92314.8 73046.3 60253.6 37182.8 60585.1 69255.8 79074.5 79962 81001.5 63639.8 44709.8 76535.5 38240.4 47695.4 39123.4 64687.1 33160.5 63425.5 65818.7 5393.51 63319.9 90215.8 42203 85239.7 48284.6 94459.5 39816.7 60782 21300.2 75778.6 77946.3 48541.2 64175.8 22710.8 62100.3 114889 70408.6 74788 50381.1 16070.5 34821 29404.9 65200.7 30108.1 88613.9 40321 62188.4 103773 53800.1 110109 62486.6 34458.1 86408.9 58343.3 104328 39457.4 36379.8 70536 83946.9 63393.4 34547.5 82067.9 78838.8 24613.8 57189.6 65238.6 18891.5 51753.6 48654.4 80524.8 35003.1 73101.1 109689 6080.3 114529 92568.1 8363.01 34536.5 
27709.4 28666.7 50711.7 60624.5 86159.4 46499.9 51966.5 45684.7 40923.8 100689 29557.6 104125 53434.2 92570.9 23700.2 73206.9 64818.9 83944.3 30168.4 49388.3 35303.5 67128 26800.2 82049.8 38262.4 56646 63806.3 66123.8 36027.2 16614.8 90259.4 34184.9 54605.9 17258.6 58646.4 82497.2 54723.4 62671 60648.6 47700.8 28983.6 98489.1 30224.8 44381.3 58941.5 68647.3 52946.9 28410 91423.5 35922.7 83400.5 30891.6 50527.7 55071.8 70007.1 78955.2 64320.4 26462.2 43734 29928.2 43270.9 77519.4 81991.3 92900.5 44165.4 81032.6 47516.4 54041.2 38464.1 18270.2 57855.3 25901.7 37800.1 64072.2 22587.8 42053.4 32491.8 68895.6 61894.3 59033.9 9879.27 35986.2 59087.1 34975.6 19002.4 69613.9 36363.7 28669.3 76132.8 85825.7 88590.1 59225.2 87000.1 52844.1 27622.6 87456.6 25269.9 15708 94849.8 85776.5 
61823.1 71946.2 22588.7 9300.54 34047.6 57223.9 52970.7 30285.3 44465.8 36083.9 73562.1 41532.6 18923.5 38209.9 65000.1 13515.2 14713.9 20615.5 80620.8 76943.7 66635.2 11625 62560.1 45853 31902.4 17392.5 61237.4 38606.3 48288.8 53634.5 55116.3 47309.2 37270 53885.5 10965.9 24824.4 24648.3 33552.9 21927.2 31924 46035.2 35015.6 41026.5 58636.9 11261 54425.9 40894.3 64495.7 26279.5 44230.9 14534.1 46087.1 46141.1 17259.5 34444.9 10469 62894.3 87039.5 39028.8 59274.7 28217.7 19409.3 15686.9 24151.4 55636.8 12614.3 56889 17492.9 32991.2 76023 51185.6 81543.2 48402.5 32551.8 57483.6 28968.9 74183.1 43603.8 32751.9 39008.3 59370.1 48349.8 17358.9 51326.4 51927.1 12763.2 35767.7 44110.1 14043.1 29845.3 29321.2 48951.9 20327.3 67766.1 80730.8 26829.3 86951.6 64740.8 29000 19016 
39590.4 84977.9 33476.7 43292.5 83481.9 84977.9 13970.3 29383.3 70809.7 56456.4 86526.8 56147.1 35723.9 40289.2 44623 62814 34979.4 69896.1 90811.6 37666.6 37040.7 38334.3 77137.9 92639.7 50815.9 34671.6 12587.3 80860.7 70849.5 58333.2 102426 30700.2 15152.9 48681.5 43372 74464 27338.6 75091 27883 63581.4 37240 53421.4 40252.3 84834.3 49978.5 94150.5 13813 79655.8 74256.6 29741 54629.8 64211.2 78566.3 53635.5 79252.3 51315.7 14200.4 90627.7 67643.6 36482.5 35978 38423.2 64306.3 67808.3 22424.3 59797.8 85300.1 37322.6 53989.6 80694.3 7465.25 88389.2 26798.9 17321.7 69750 52412.4 88682.9 8800.57 16907.1 77605 57609.5 28653.1 33218.2 72942.9 58855.8 38246 36302.2 39184.2 42283 79483.3 78879.5 85564.3 67989 25593.2 89196.4 43873.1 89614.7 71578.8 54599.1 66808.8 
12520.8 64820.5 48911.8 62349.1 99597.8 76719 26475.6 41206.9 65989.7 92064.4 65929.4 93282.6 52579.2 78393.2 13946.3 81185 60243.9 91154.6 67134 12433.8 4876.47 63696.2 60495 101898 51616.8 54320.3 33359.4 86641.3 62973 42000.6 111416 24508.2 39160.2 30387.2 61073.7 92795.8 48065.1 81580.5 53103.4 66060 28452.2 89232.8 35203.7 75316 65206.3 94682.9 35557.4 62677 97607.9 27472.2 82439.9 55774.3 76049.8 64870.5 88109 78115.6 33140.3 62218.1 65936.5 13452.9 44366.8 69993.2 87024.4 94860.8 18785.6 84008.2 77507.7 54072.6 53981.2 55220.3 32795.1 62741.5 23122.5 49417.1 53982.3 55397.9 68763.4 47853.9 47460.5 80716.8 36005 23168.3 55209.1 63483.3 44127.7 65213 37791.5 31563.4 71407 97320.3 98537.3 84858.6 91802.9 18493.8 64572.8 78369 60747.4 50659.8 88291.2 90488.7 
53498.6 18013.6 48268.5 50320 58818 11402.2 68702.6 48547.7 11682.9 91645.7 19383 96767.8 48724.7 89982.2 52007.4 52943.2 59266.3 62460.5 26970.4 77462.3 62211.3 59753.7 10407.7 50104.9 27968.6 51939.4 81662.4 35151.8 7433.03 23715.4 57091.9 49529.8 62521.8 35443.1 48380.3 58376.8 54934.3 33736 59325.5 24224.4 42298.5 90336.8 37237.2 9640.02 44563.8 33909.6 63100.1 10904.1 69831.6 48909.4 69762.2 12719.3 17404.6 38411.1 40620.8 66077.5 82775.4 36761.4 17147.9 53849.9 42450 71371.1 62880.2 74982.7 63753.4 64063.1 12369.3 48170.5 25246.4 27917.9 72474.3 29958.8 53907.3 68052.5 12682.3 28635.6 19166.9 77247.2 66357.6 28079.4 30527.5 52123.9 54891.6 4472.14 21620.8 62454 40600.1 39384.5 67624.9 60194.5 63986 25083.3 67293.4 76321.5 28151.4 80835.9 37422.2 20315.8 84646.3 66342.8 
60867.9 85104.9 25326.9 20873.4 52595.1 74410.8 43985.1 30518.8 60577.3 25224 86767.4 28248.2 23214.2 19313.2 65115.4 33079.6 11700.4 36834.8 93179 69893.7 63147.8 11132.8 75781 65867.3 43602.3 19811.6 48522.4 58645.1 63370.4 62535.3 74914.7 46359 28702.8 58864.7 22624.1 42947.1 21511.4 53400.4 15575.6 48899.3 48210.4 22766 45657.1 75422.1 28025.2 74303.3 32501.4 78018.6 39668.8 43427.8 19085.1 59393.8 64224.6 34247.5 54663.1 16619.3 50156.7 97581.1 55525.2 57797 32803 2473.86 30852.6 32067 49417.1 25840.3 74252 23207.8 45826 86484 40019.6 93002.6 45556.6 19494.1 69568.4 42173.5 87920 28044.4 20949.7 58405.9 66320.5 46308.7 17044.9 66285.7 61520.9 8561.54 39523.8 47574.2 7267.05 47790.6 46049.2 68171 33541 58907.1 92711.7 11610.8 97166.8 75352.3 20649.5 32520.9 
34121.1 87929.2 53213.9 65645.8 106011 95374 20771.1 46458.3 82645.3 83493.8 89218 82915.4 56441.6 66900 37958.1 85733.6 59440.1 94101.3 91434.2 16120.8 26438.2 63013.4 82157 112397 64514.3 56649.9 14800.3 98673.2 80939 62579.3 122243 36270.8 36221.5 50756.1 65120.2 97677.1 49036.8 93070.1 51805.9 79039.5 43239.4 80450.4 49239.2 94487.4 70996.5 109654 32619.8 84545.7 99255.3 37732.7 80610.5 73631.6 91990.5 72974.7 98497.9 76934.3 13423.9 87653 81058.6 32534.6 52202.4 65017.3 88901.8 93796.1 21971.3 84795.1 95976.9 58143.7 67501.2 79802.3 22692.7 87520.6 32179 43167.7 75021.9 67435.4 91885.1 35824 42060.2 93975.7 58420.9 33720.2 56158.7 82199.3 64139.3 63502.2 48537.4 46371.2 68352 102612 102684 100190 93027.1 9060.91 89100.9 70939.6 86258.5 73592.5 81652.5 91780.8 
70117.1 86272.7 31456 21145.4 41331 71894.6 56035 38344.4 59148.6 21390.2 87903.6 26877.7 28245.5 25895.4 73930.4 23913.4 18080.1 24856.6 94839.5 81610 73503.3 14885.2 76865.1 56288.3 45462.2 25356.9 61532.5 51720 62875.8 66536.1 64719.1 55344.5 40249.2 65123.4 23203.4 31695.1 30259.7 47125.9 25128.7 46625.9 55739.1 20349.4 51837.6 73332.8 25723.5 67701.2 44113.1 78872.9 26695.7 52270.8 5869.41 60316.6 60698 31901.4 46754.7 5208.65 63180.1 100731 53723.9 67234.7 38506.8 11011.4 18904.2 18796.3 60628.2 13823.5 71541.7 27430.8 46939.2 89641.5 52621.7 95482.5 55361.1 32128.6 71477.3 42952.2 88631.4 41298.9 33270.1 53009.4 71555.6 55781.8 23577.1 65906.7 65066.8 13018.8 45979.6 54425.5 6985.7 36236 33899.9 63001.7 20751.1 71089.4 94807.2 13530 100540 78342.5 14383.7 19864.5 
70793.9 66834.2 34886.2 22796.9 18027.8 47165.3 67264.6 42124.6 37403.9 48811.2 68305.9 55011.3 31594 54836.5 72983.6 5412.95 31866.3 13423.9 75819 89205.9 77063.7 29205.8 57960 28020.3 33609.5 31678.7 76934.4 22806.4 42406.2 54840.3 37304.8 57461.6 52404.7 58821.5 22999.3 11253.9 39321.5 18978.9 38241.3 25500.2 54120.2 48607.9 47857.8 49166.4 17142.1 38734.2 55665.6 59370.9 20897.1 54615.5 25709.9 43008.1 35227.8 17356.6 17503.4 24053.3 78559.6 84276.9 32083.2 68784.1 37673.3 36796.7 14560.2 26537.7 68343.3 17492.9 46545 29891.8 32980.3 73859.7 66549.6 77986.7 59658.4 49458.1 54715.6 29600 68222.1 60741.5 49320.7 25518 61982.7 59108.2 32843.4 45300.8 52581.6 30585.3 44182 51441.8 31187.3 15433.1 17328.9 35267.7 18419.6 81379.7 76607.7 42711.7 84548.8 63111.4 41592.8 17607.1 
70185.2 46697.4 46024.5 39884.8 30556.5 23035.8 76066.4 50671.7 19749.7 74617.5 47880.7 80648 44257.9 78433.3 70589.9 31395.5 50514.6 38193.5 55420 92563.5 78174 49200 39392.6 21537.9 31599.1 46250.2 87952.9 6100 24993 45049.8 29823.6 60482.2 64354.4 53766.3 38728.4 32348.9 52568.1 7206.94 54324.4 16900.9 54597.6 74156.9 47871.2 25500 32244.8 14905 66554 39940 44759.9 58462.4 51420.8 29789.3 11812.7 26747.9 12119.8 49031.6 89409.7 65789.5 17263 69256.4 44271.2 59414 40651 52347.4 74155.6 43603.9 22165.3 42857.2 28851.3 56838.8 77549 58920.7 64083.9 65437.9 39182.9 28460.9 46981.4 76524.8 64507.8 1920.94 52997.5 62823.2 48665.9 26915.1 42450 51424.9 47405.2 51351.7 54263.5 32893.8 37143.1 9082.4 43980.2 87770.7 56952.6 67015.3 66483.1 47921.3 67358.9 43372 
25228.6 78613 55259.8 68569.7 107724 89473.9 25855.9 47717.7 78001.6 92755.2 79745.8 93007.2 58829.2 77330.1 27637.1 88291.6 64418.6 97624.3 81008.8 1513.27 16510.9 68010.9 74007.2 111790 61962.1 59878.5 26847.7 97053.2 75418.1 55101.4 121494 33225.6 41413.2 43250.1 67623.7 100176 52749.2 91730.6 56830.4 76658.7 38916.6 89780.5 45611.1 88222 72652.9 106275 37549.4 76243 103524 35660.2 86501.4 68117.5 87882.3 73363.8 97858.9 82439.4 25988.7 75903.2 77379.1 24965 52247.3 72269.6 92945.7 99439.7 21633.5 89371.7 90208.3 60465 64629.7 69088.7 30718.9 76588.1 30259.2 50477.7 67309 65448.1 82563 45785.7 48880.8 91570.6 49562.6 31120.4 60117.3 76180.4 57072.9 69049 46791.6 42177.7 74687.7 104926 105631 96527.8 97462.7 11552.1 78440 79504 74400.3 64396 89968.1 96167.6 
11706.8 53653.7 27708.8 40916.1 77512.6 59300.1 20961.4 20229.9 46854 74722.2 55098.9 77009.2 31331.3 63652.9 15576.9 59245.7 40410 69375.3 58629.8 30856.1 17266.2 43611.1 46871 80281.3 30230 33521.5 33653.7 65352.1 44889.4 27241.3 89916.1 3195.31 23853.3 16209.9 39484.9 70772 28385.4 60096 34093 44913.8 7294.52 72126.8 13870.8 58404.5 43241.2 74683.7 21592.8 49338.9 76018.2 6198.39 62122.5 37568.2 56498.9 42787.4 66400.8 57673 34503.6 57771 45801.7 9108.24 22435 51656.3 65492.7 74017.3 14598.6 62791.5 59916.7 32695.7 32881.1 48036 26374.6 55798.6 6083.58 34096.5 39545.5 33796 57525.1 37381.5 31901.1 59821.9 25006 4272 34918.5 46114.7 28468.4 45505.7 15708 10543.7 52012.5 75260.4 76559.1 65000 70365.1 27211.8 56792.7 60955.4 56738.8 39644.9 69999.8 69050.3 
39464.5 15023.3 52940 60346.4 79566.1 34438.4 61466.4 49654.1 32005.6 101956 16035.3 106089 54947.7 96145.6 36164.3 69442.4 66552.3 79911.3 18146.3 62333.9 47693.4 68249.3 13978.9 73050.5 36147.1 58338.4 73979 57489.1 26627.1 15761 80525.5 42283 61007.9 24329.8 58287.9 77306.8 58210.4 54936.4 63826.4 41521.7 35712.3 100064 34300.1 32076.5 56995.6 57589.7 60110.3 15148.9 87469.4 43200.5 82552.8 23797.7 40509.4 52027.1 62211.6 78302.3 74696.7 19445.6 36051.4 41109.9 45578.2 79431 78907.9 90509.8 54399.4 78800.6 35516.9 55139.2 35201.3 8373.77 66794.3 15610.9 46449.2 69372.1 12506.4 39194.5 18915.6 75927.6 67297.1 50278 15556.3 44531.4 61096.6 24734.8 16620.8 70904.2 40050 34188.4 77103.8 80016.6 83281 48679.6 83767.8 64574.5 16304.9 89418.7 19090.6 3712.14 95573.1 82635.1 
88377.9 65331.9 58921.6 49104.1 18918 40343.5 90894.4 65014.5 39576.3 74080.6 66359.7 80531.5 56274.8 82261.4 89244 32781.9 59077 33787.1 73727.7 109791 95974.7 56720.8 58716.7 1824.83 48958.5 57298.6 101841 14373.6 44782.6 64670.3 10912.4 77361 77401 72763.3 48700.3 26288 64602.6 18999.2 64720.7 34705.2 72178.2 74436.1 65401.1 43024.9 41986.9 19473.3 80200.1 59010.3 37759.5 74994.7 52004.7 49532.3 30931.7 38625.6 12888.8 51254.4 103400 84672.4 36809 87127.1 59200.1 64584.3 38657.1 47853.3 90245.6 43200.1 39292.9 54638.5 46671.7 76226.2 91320.3 77709.3 80529.3 76120.5 58960.4 45240.4 65082.4 87480.5 75683.2 21347.6 72611.3 79505 59059.3 46569.2 62076.2 58284.6 63821 69020.4 58952.5 23691.6 28077.7 24018.7 39837.8 103806 75553.5 69932.7 85489 67661.7 67164.6 39824.6 
51229.9 20238.8 70640.3 78264.3 95393.5 45494.3 75696.3 66912.8 47410.2 119858 19622.9 123938 72763.3 113695 46887.6 86743 84373.6 97044.7 13994.3 71400.6 58297.9 86133.5 26672.1 86941.9 54028.5 76142.6 87540.3 72101.7 42011.5 33378.1 93423.4 57512.8 77370.1 39778 76205.3 93963 75663.1 70373.9 81382.3 58260.3 51655.8 117945 51335.5 42816.5 74791 69175.9 76051.7 26132.4 104587 58947.5 100413 40810 54333 69659 77435.5 96185 88030.7 3059.41 52142.6 53602 63219.3 97255.3 96357.9 108093 67911.8 96459.1 46608.2 73000 52959 9928.24 81520.6 8285.53 61327 86279.2 29046.2 56971.9 21851.5 92011.1 84152.5 64994.2 30962.7 59471.8 78865.5 39499.4 34481.6 88778.9 57296.5 50674.1 95006.8 96320.8 99825.1 61418.3 101150 76128.4 11046.3 107251 1529.71 21147.3 113492 100050 
39800.1 37082.6 24667.8 28640 51266.5 30619.3 47975.2 25300 16519.7 70569.4 38741.3 75164.7 25358.4 67043.6 40485.1 37844 36393 48538.7 45371.9 62244.8 47751.4 37389.4 27725.3 50194.1 4477.72 28671.4 60627.8 34590.5 16786.3 18939.1 59478.6 30593 39545.7 24229.7 26587.6 47042.5 31311.5 29829.7 35791.2 14054.5 24290.9 68914.1 17681.6 30600 24733 43180.7 40602.1 29954.1 56056 28963.8 50367.2 11403.9 25314.2 19924.9 36792.7 46186.3 61917.5 51210.3 14373.6 38833 18967.6 48960.5 46960.1 58354.1 44729.4 46585.9 30934.3 24993 3008.32 40190.8 50763.2 45838.4 34523.2 44471.7 21855.2 6931.81 39856 53957.9 42822.4 28539.4 26100.2 33064.3 31620.6 19278.2 16783.6 40108 18657.4 21027.8 45869.6 50525.3 53141.5 33560.1 51906.2 58197.6 45196.6 58752.7 51120 28917.1 63917.5 50726.1 
