25 100 11
777 335 649 27 763 426 211 429 862 135 22 167 11 373 784 324 413 980 862 281 84 505 313 895 814 364 87 178 403 399 676 12 94 570 467 902 652 280 865 619 31 771 709 856 586 683 528 829 270 715 796 245 921 488 841 500 124 856 227 936 437 407 858 237 818 11 776 763 606 818 369 996 470 499 644 139 669 464 355 611 299 568 311 801 878 736 522 416 924 624 452 550 973 930 660 981 959 668 926 340 
0.9 6.84 3.76 5.42 9.36 1.07 4.45 7.56 1.79 4.18 8.87 
1 1 4 5 5 9 3 2 7 10 8 3 1 2 4 8 5 2 7 6 1 0 1 10 6 
71.4857 84.091 32.2248 20.3541 36.0185 68.5207 59.0823 39.5506 56.2601 24.8294 85.7007 30.7748 28.7543 31.1264 75.0558 19.078 20.0731 19.5563 92.7936 84.3007 75.4227 16.5339 74.7163 51.1258 44.0324 26.2688 65.3536 47.161 60.278 65.615 59.4643 56.7353 43.1602 65.1621 22.3231 26.3883 32.1498 42.7908 27.6053 43.6194 56.4547 24.287 52.0286 70.0904 23.444 63.1383 47.0048 76.6243 21.7793 53.6373 2.43516 58.2701 57.0828 29.2742 41.9752 2.1095 67.0119 99.2261 50.7726 68.721 38.8197 15.8142 13.593 15.0526 63.1197 8.50941 68.1065 27.6725 45.1864 88.198 56.0942 93.7436 57.1504 35.8258 69.6839 41.1647 86.2689 45.5693 36.7459 48.8786 71.0923 57.4022 25.0128 63.3193 63.9791 15.412 46.4039 54.8621 10.8407 30.9226 28.6356 58.86 15.6847 74.1465 92.9252 18.696 99.125 76.9094 17.5764 14.7201 
66.5114 101.473 40.8001 41.282 73.518 93.9417 43.1936 42.6898 79.6972 29.2159 103.129 27.1459 40.2313 11.1973 71.3886 54.5736 30.7883 57.2114 108.866 67.9353 65.9194 31.8 92.4672 87.4098 60.9926 37.1171 41.5394 80.125 81.7524 76.6086 96.3382 53.9713 33.1042 70.1128 42.707 63.8424 34.5254 74.7819 29.6233 68.8523 58.3275 26.2269 58.1124 94.6618 48.8296 95.6471 35.6432 94.861 58.6963 51.6977 38.0171 76.7672 84.4863 54.7691 76.2685 36.977 42.873 111.482 75.0187 63.2665 47.4504 22.7337 51.2299 49.3199 50.9828 46.1313 93.9047 40.9236 63.6883 100.657 37.1571 107.797 51.4659 23.2362 85.644 60.508 104.667 21.8552 25.4136 79.5091 78.6024 52.8825 34.199 84.4963 76.18 29.6432 52.2805 58.849 28.3924 68.5172 66.2783 89.1038 53.0006 55.8488 107.942 20.6119 110.802 90.068 30.14 52.1875 
30.1798 60.8905 10.4695 23.8466 63.2367 58.5888 22.6055 3.28024 44.3677 56.4235 62.5135 59.0745 14.0577 46.708 34.127 43.5139 21.8673 52.9029 67.7342 44.3695 34.0019 25.1448 52.3622 69.2527 24.3647 15.5029 34.0544 56.0247 44.601 35.1241 79.1094 15.4208 11.6004 28.6484 22.8353 55.4239 9.82344 50.3182 15.6371 37.5311 17.2534 53.9189 16.4514 58.5342 28.068 68.344 12.8445 54.8513 59.0377 12.3762 43.8005 38.2259 52.2027 29.7713 55.4044 39.4081 35.5237 69.7986 41.2331 27.2971 9.6933 33.2175 48.4335 56.0511 23.2131 45.2252 58.8863 15.678 27.5394 59.0333 23.6637 66.2967 15.7035 18.6253 45.1602 26.1205 64.3541 26.3865 16.5605 52.0159 36.9433 15.9003 16.5012 46.8346 34.9585 26.9551 10.9202 17.254 33.4426 60.2204 60.8412 59.457 53.1161 36.188 66.598 42.73 69.1035 48.6659 51.4945 51.8059 
19.145 61.919 23.6783 37.0946 76.0945 64.8501 13.1034 16.0639 51.4636 67.0075 63.4275 68.832 27.2971 54.8942 23.8403 56.6499 34.3286 66.1445 67.4259 31.1849 21.2038 37.7895 54.5235 80.9973 32.7391 28.67 26.064 66.9341 50.3796 35.2393 90.8058 7.18679 14.7492 25.173 36.0436 68.5169 22.1578 61.3815 27.2413 47.2128 13.9918 64.2893 18.3967 64.28 40.9898 77.881 12.1017 57.0317 72.28 6.71863 56.5347 43.2561 60.4706 41.9609 67.0518 52.2304 27.1827 67.145 49.4619 15.9411 20.8339 44.4042 61.676 69.0429 10.3711 58.3977 65.3441 28.8979 35.7728 57.1841 17.4797 64.8901 3.78021 25.2295 47.1153 35.6069 65.7068 27.7852 23.0764 62.1477 34.0978 5.34135 29.3602 52.0332 36.0401 39.302 16.7386 16.4076 45.5397 73.2596 74.0088 68.4953 66.3365 23.9006 65.7408 53.2203 66.1584 48.2477 62.7889 65.0281 
63.4039 80.1424 24.5752 14.6455 41.7824 66.8768 50.3549 31.552 53.6792 27.3035 81.7847 32.2126 21.3506 28.0209 67.1488 22.3394 11.5156 26.2528 88.6086 75.6229 67.0191 8.12219 70.732 55.1776 39.0155 18.4816 56.7723 48.7453 57.1253 59.8248 64.1363 48.6277 34.4363 58.2344 16.7027 32.1503 23.7034 43.7425 18.9264 41.3697 48.871 25.8031 44.9444 68.1601 20.1445 64.6016 38.2838 72.8031 29.8027 45.5432 10.7689 54.1639 56.0394 26.4824 44.3822 6.84471 58.4337 94.2058 48.3508 60.5601 31.6128 9.51262 20.3384 23.7807 54.483 15.4897 66.5977 20.5507 40.6636 83.1001 47.4065 89.0764 48.8009 27.2523 65.1384 36.7234 82.6226 37.3484 28.0856 49.1872 64.7248 49.1493 16.8077 60.1349 58.4145 6.69403 39.0858 47.5337 3.91152 37.0277 35.4686 59.1151 23.551 65.4199 88.4797 16.7631 93.9769 71.81 20.6787 22.4201 
27.1811 32.4099 31.2746 40.0706 66.8225 37.3751 42.7263 27.7627 26.4518 80.8883 33.9796 84.7222 33.565 74.3178 26.6248 52.6662 45.1505 63.4215 38.8012 50.9574 35.7844 47.139 24.713 65.0364 17.6819 36.9043 55.6756 49.1636 23.3431 6.15873 74.0142 23.17 39.6679 9.5268 38.0623 62.4003 36.327 44.8385 41.9963 29.1254 15.9201 78.848 12.6649 36.2353 38.1874 55.3336 39.2185 27.2222 70.8534 23.1366 62.7905 16.1199 36.5936 34.4819 51.9879 58.3768 56.6634 41.2288 27.136 27.1662 23.8304 58.0135 61.2883 72.1443 37.1053 60.2764 38.0927 33.9572 18.3535 30.2605 47.2155 37.3551 27.5879 47.5833 17.3046 21.6187 36.0902 54.7111 45.5412 42.5622 10.9444 25.7218 39.5578 24.0784 6.26498 49.7229 18.1797 13.4629 56.1122 66.0095 68.5001 45.4933 66.3069 49.4595 37.6145 68.0132 40.6971 19.6825 74.7768 65.0737 
56.1036 3 63.8412 68.5511 79.2152 27.1312 77.0658 62.0948 32.1885 110.426 1.34536 115.184 65.1261 106.927 52.9139 73.3057 76.4105 83.0042 6.42884 79.094 64.4168 77.4706 12.3988 69.1876 44.5202 68.5064 89.8074 55.0805 27.2635 29.3586 75.1033 57.5522 74.7659 40.032 66.5217 78.9962 69.9031 54.1839 75.0539 44.406 50.5693 108.88 47.7766 24.4295 63.6497 50.5669 74.3888 10.4235 90.408 58.0215 89.2774 28.9664 37.1819 57.7997 60.8699 85.3724 90.622 17.7767 37.5255 57.6003 56.978 89.0403 83.2061 95.2607 70.423 84.1038 28.2214 64.9345 42.5212 13.5831 82.0274 10.8259 61.8748 82.1326 18.7843 46.4152 2.91548 89.8226 80.186 48.228 31.7456 59.9534 71.4228 24.3058 28.956 80.1896 52.8441 48.5062 85.8754 80.7592 84.59 43.3848 87.7178 81.1027 8.32166 98.8291 18.9275 16.6012 103.617 86.7328 
33.6774 26.315 35.2605 42.2096 64.6409 30.7093 49.597 32.931 20.9404 83.8439 27.938 88.0555 37.0239 78.5621 32.6055 52.3401 48.5931 62.9982 33.4283 57.5925 42.3608 50.1758 18.0602 61.1278 18.1177 40.4278 62.562 45.1577 17.112 5.15461 69.7316 30.0927 45.6773 15.6474 40.152 61.1572 40.9718 41.3687 46.3527 26.1926 22.8265 81.9856 18.8404 29.4354 39.0902 49.8001 45.5264 20.5779 70.5331 29.9015 64.5031 10.3465 31.0736 34.4703 48.6763 60.219 63.5744 37.4877 22.7095 33.8999 28.0964 61.4509 61.5065 72.867 44.0872 61.0709 31.4797 37.1232 17.5514 26.3685 53.9268 32.7787 34.5099 52.9605 10.6888 21.4311 29.8211 60.7284 51.0004 38.2385 13.0973 32.6584 43.2456 17.4496 2.57099 52.8459 23.658 20.2022 58.9944 64.3699 67.2347 40.0125 66.4498 56.4156 32.6308 71.4179 37.2163 15.1327 77.4357 65.2719 
77.9251 101.705 42.9005 36.2464 57.0307 88.9101 58.7725 48.1633 75.7248 8.30963 103.359 10.6405 40.5453 11.6043 82.3284 41.28 28.9386 40.3339 109.999 84.7092 79.5179 27.3123 92.3148 73.0463 60.2536 37.1828 60.5851 69.2558 79.0745 79.962 81.0015 63.6398 44.7098 76.5355 38.2404 47.6954 39.1234 64.6871 33.1605 63.4255 65.8187 5.39351 63.3199 90.2158 42.203 85.2397 48.2846 94.4595 39.8167 60.782 21.3002 75.7786 77.9463 48.5412 64.1758 22.7108 62.1003 114.889 70.4086 74.788 50.3811 16.0705 34.821 29.4049 65.2007 30.1081 88.6139 40.321 62.1884 103.773 53.8001 110.109 62.4866 34.4581 86.4089 58.3433 104.328 39.4574 36.3798 70.536 83.9469 63.3934 34.5475 82.0679 78.8388 24.6138 57.1896 65.2386 18.8915 51.7536 48.6544 80.5248 35.0031 73.1011 109.689 6.0803 114.529 92.5681 8.36301 34.5365 
27.7094 28.6667 50.7117 60.6245 86.1594 46.4999 51.9665 45.6847 40.9238 100.689 29.5576 104.125 53.4342 92.5709 23.7002 73.2069 64.8189 83.9443 30.1684 49.3883 35.3035 67.128 26.8002 82.0498 38.2624 56.646 63.8063 66.1238 36.0272 16.6148 90.2594 34.1849 54.6059 17.2586 58.6464 82.4972 54.7234 62.671 60.6486 47.7008 28.9836 98.4891 30.2248 44.3813 58.9415 68.6473 52.9469 28.41 91.4235 35.9227 83.4005 30.8916 50.5277 55.0718 70.0071 78.9552 64.3204 26.4622 43.734 29.9282 43.2709 77.5194 81.9913 92.9005 44.1654 81.0326 47.5164 54.0412 38.4641 18.2702 57.8553 25.9017 37.8001 64.0722 22.5878 42.0534 32.4918 68.8956 61.8943 59.0339 9.87927 35.9862 59.0871 34.9756 19.0024 69.6139 36.3637 28.6693 76.1328 85.8257 88.5901 59.2252 87.0001 52.8441 27.6226 87.4566 25.2699 15.708 94.8498 85.7765 
61.8231 71.9462 22.5887 9.30054 34.0476 57.2239 52.9707 30.2853 44.4658 36.0839 73.5621 41.5326 18.9235 38.2099 65.0001 13.5152 14.7139 20.6155 80.6208 76.9437 66.6352 11.625 62.5601 45.853 31.9024 17.3925 61.2374 38.6063 48.2888 53.6345 55.1163 47.3092 37.27 53.8855 10.9659 24.8244 24.6483 33.5529 21.9272 31.924 46.0352 35.0156 41.0265 58.6369 11.261 54.4259 40.8943 64.4957 26.2795 44.2309 14.5341 46.0871 46.1411 17.2595 34.4449 10.469 62.8943 87.0395 39.0288 59.2747 28.2177 19.4093 15.6869 24.1514 55.6368 12.6143 56.889 17.4929 32.9912 76.023 51.1856 81.5432 48.4025 32.5518 57.4836 28.9689 74.1831 43.6038 32.7519 39.0083 59.3701 48.3498 17.3589 51.3264 51.9271 12.7632 35.7677 44.1101 14.0431 29.8453 29.3212 48.9519 20.3273 67.7661 80.7308 26.8293 86.9516 64.7408 29 19.016 
39.5904 84.9779 33.4767 43.2925 83.4819 84.9779 13.9703 29.3833 70.8097 56.4564 86.5268 56.1471 35.7239 40.2892 44.623 62.814 34.9794 69.8961 90.8116 37.6666 37.0407 38.3343 77.1379 92.6397 50.8159 34.6716 12.5873 80.8607 70.8495 58.3332 102.426 30.7002 15.1529 48.6815 43.372 74.464 27.3386 75.091 27.883 63.5814 37.24 53.4214 40.2523 84.8343 49.9785 94.1505 13.813 79.6558 74.2566 29.741 54.6298 64.2112 78.5663 53.6355 79.2523 51.3157 14.2004 90.6277 67.6436 36.4825 35.978 38.4232 64.3063 67.8083 22.4243 59.7978 85.3001 37.3226 53.9896 80.6943 7.46525 88.3892 26.7989 17.3217 69.75 52.4124 88.6829 8.80057 16.9071 77.605 57.6095 28.6531 33.2182 72.9429 58.8558 38.246 36.3022 39.1842 42.283 79.4833 78.8795 85.5643 67.989 25.5932 89.1964 43.8731 89.6147 71.5788 54.5991 66.8088 
12.5208 64.8205 48.9118 62.3491 99.5978 76.719 26.4756 41.2069 65.9897 92.0644 65.9294 93.2826 52.5792 78.3932 13.9463 81.185 60.2439 91.1546 67.134 12.4338 4.87647 63.6962 60.495 101.898 51.6168 54.3203 33.3594 86.6413 62.973 42.0006 111.416 24.5082 39.1602 30.3872 61.0737 92.7958 48.0651 81.5805 53.1034 66.06 28.4522 89.2328 35.2037 75.316 65.2063 94.6829 35.5574 62.677 97.6079 27.4722 82.4399 55.7743 76.0498 64.8705 88.109 78.1156 33.1403 62.2181 65.9365 13.4529 44.3668 69.9932 87.0244 94.8608 18.7856 84.0082 77.5077 54.0726 53.9812 55.2203 32.7951 62.7415 23.1225 49.4171 53.9823 55.3979 68.7634 47.8539 47.4605 80.7168 36.005 23.1683 55.2091 63.4833 44.1277 65.213 37.7915 31.5634 71.407 97.3203 98.5373 84.8586 91.8029 18.4938 64.5728 78.369 60.7474 50.6598 88.2912 90.4887 
53.4986 18.0136 48.2685 50.32 58.818 11.4022 68.7026 48.5477 11.6829 91.6457 19.383 96.7678 48.7247 89.9822 52.0074 52.9432 59.2663 62.4605 26.9704 77.4623 62.2113 59.7537 10.4077 50.1049 27.9686 51.9394 81.6624 35.1518 7.43303 23.7154 57.0919 49.5298 62.5218 35.4431 48.3803 58.3768 54.9343 33.736 59.3255 24.2244 42.2985 90.3368 37.2372 9.64002 44.5638 33.9096 63.1001 10.9041 69.8316 48.9094 69.7622 12.7193 17.4046 38.4111 40.6208 66.0775 82.7754 36.7614 17.1479 53.8499 42.45 71.3711 62.8802 74.9827 63.7534 64.0631 12.3693 48.1705 25.2464 27.9179 72.4743 29.9588 53.9073 68.0525 12.6823 28.6356 19.1669 77.2472 66.3576 28.0794 30.5275 52.1239 54.8916 4.47214 21.6208 62.454 40.6001 39.3845 67.6249 60.1945 63.986 25.0833 67.2934 76.3215 28.1514 80.8359 37.4222 20.3158 84.6463 66.3428 
60.8679 85.1049 25.3269 20.8734 52.5951 74.4108 43.9851 30.5188 60.5773 25.224 86.7674 28.2482 23.2142 19.3132 65.1154 33.0796 11.7004 36.8348 93.179 69.8937 63.1478 11.1328 75.781 65.8673 43.6023 19.8116 48.5224 58.6451 63.3704 62.5353 74.9147 46.359 28.7028 58.8647 22.6241 42.9471 21.5114 53.4004 15.5756 48.8993 48.2104 22.766 45.6571 75.4221 28.0252 74.3033 32.5014 78.0186 39.6688 43.4278 19.0851 59.3938 64.2246 34.2475 54.6631 16.6193 50.1567 97.5811 55.5252 57.797 32.803 2.47386 30.8526 32.067 49.4171 25.8403 74.252 23.2078 45.826 86.484 40.0196 93.0026 45.5566 19.4941 69.5684 42.1735 87.92 28.0444 20.9497 58.4059 66.3205 46.3087 17.0449 66.2857 61.5209 8.56154 39.5238 47.5742 7.26705 47.7906 46.0492 68.171 33.541 58.9071 92.7117 11.6108 97.1668 75.3523 20.6495 32.5209 
34.1211 87.9292 53.2139 65.6458 106.011 95.374 20.7711 46.4583 82.6453 83.4938 89.218 82.9154 56.4416 66.9 37.9581 85.7336 59.4401 94.1013 91.4342 16.1208 26.4382 63.0134 82.157 112.397 64.5143 56.6499 14.8003 98.6732 80.939 62.5793 122.243 36.2708 36.2215 50.7561 65.1202 97.6771 49.0368 93.0701 51.8059 79.0395 43.2394 80.4504 49.2392 94.4874 70.9965 109.654 32.6198 84.5457 99.2553 37.7327 80.6105 73.6316 91.9905 72.9747 98.4979 76.9343 13.4239 87.653 81.0586 32.5346 52.2024 65.0173 88.9018 93.7961 21.9713 84.7951 95.9769 58.1437 67.5012 79.8023 22.6927 87.5206 32.179 43.1677 75.0219 67.4354 91.8851 35.824 42.0602 93.9757 58.4209 33.7202 56.1587 82.1993 64.1393 63.5022 48.5374 46.3712 68.352 102.612 102.684 100.19 93.0271 9.06091 89.1009 70.9396 86.2585 73.5925 81.6525 91.7808 
70.1171 86.2727 31.456 21.1454 41.331 71.8946 56.035 38.3444 59.1486 21.3902 87.9036 26.8777 28.2455 25.8954 73.9304 23.9134 18.0801 24.8566 94.8395 81.61 73.5033 14.8852 76.8651 56.2883 45.4622 25.3569 61.5325 51.72 62.8758 66.5361 64.7191 55.3445 40.2492 65.1234 23.2034 31.6951 30.2597 47.1259 25.1287 46.6259 55.7391 20.3494 51.8376 73.3328 25.7235 67.7012 44.1131 78.8729 26.6957 52.2708 5.86941 60.3166 60.698 31.9014 46.7547 5.20865 63.1801 100.731 53.7239 67.2347 38.5068 11.0114 18.9042 18.7963 60.6282 13.8235 71.5417 27.4308 46.9392 89.6415 52.6217 95.4825 55.3611 32.1286 71.4773 42.9522 88.6314 41.2989 33.2701 53.0094 71.5556 55.7818 23.5771 65.9067 65.0668 13.0188 45.9796 54.4255 6.9857 36.236 33.8999 63.0017 20.7511 71.0894 94.8072 13.53 100.54 78.3425 14.3837 19.8645 
70.7939 66.8342 34.8862 22.7969 18.0278 47.1653 67.2646 42.1246 37.4039 48.8112 68.3059 55.0113 31.594 54.8365 72.9836 5.41295 31.8663 13.4239 75.819 89.2059 77.0637 29.2058 57.96 28.0203 33.6095 31.6787 76.9344 22.8064 42.4062 54.8403 37.3048 57.4616 52.4047 58.8215 22.9993 11.2539 39.3215 18.9789 38.2413 25.5002 54.1202 48.6079 47.8578 49.1664 17.1421 38.7342 55.6656 59.3709 20.8971 54.6155 25.7099 43.0081 35.2278 17.3566 17.5034 24.0533 78.5596 84.2769 32.0832 68.7841 37.6733 36.7967 14.5602 26.5377 68.3433 17.4929 46.545 29.8918 32.9803 73.8597 66.5496 77.9867 59.6584 49.4581 54.7156 29.6 68.2221 60.7415 49.3207 25.518 61.9827 59.1082 32.8434 45.3008 52.5816 30.5853 44.182 51.4418 31.1873 15.4331 17.3289 35.2677 18.4196 81.3797 76.6077 42.7117 84.5488 63.1114 41.5928 17.6071 
70.1852 46.6974 46.0245 39.8848 30.5565 23.0358 76.0664 50.6717 19.7497 74.6175 47.8807 80.648 44.2579 78.4333 70.5899 31.3955 50.5146 38.1935 55.42 92.5635 78.174 49.2 39.3926 21.5379 31.5991 46.2502 87.9529 6.1 24.993 45.0498 29.8236 60.4822 64.3544 53.7663 38.7284 32.3489 52.5681 7.20694 54.3244 16.9009 54.5976 74.1569 47.8712 25.5 32.2448 14.905 66.554 39.94 44.7599 58.4624 51.4208 29.7893 11.8127 26.7479 12.1198 49.0316 89.4097 65.7895 17.263 69.2564 44.2712 59.414 40.651 52.3474 74.1556 43.6039 22.1653 42.8572 28.8513 56.8388 77.549 58.9207 64.0839 65.4379 39.1829 28.4609 46.9814 76.5248 64.5078 1.92094 52.9975 62.8232 48.6659 26.9151 42.45 51.4249 47.4052 51.3517 54.2635 32.8938 37.1431 9.0824 43.9802 87.7707 56.9526 67.0153 66.4831 47.9213 67.3589 43.372 
25.2286 78.613 55.2598 68.5697 107.724 89.4739 25.8559 47.7177 78.0016 92.7552 79.7458 93.0072 58.8292 77.3301 27.6371 88.2916 64.4186 97.6243 81.0088 1.51327 16.5109 68.0109 74.0072 111.79 61.9621 59.8785 26.8477 97.0532 75.4181 55.1014 121.494 33.2256 41.4132 43.2501 67.6237 100.176 52.7492 91.7306 56.8304 76.6587 38.9166 89.7805 45.6111 88.222 72.6529 106.275 37.5494 76.243 103.524 35.6602 86.5014 68.1175 87.8823 73.3638 97.8589 82.4394 25.9887 75.9032 77.3791 24.965 52.2473 72.2696 92.9457 99.4397 21.6335 89.3717 90.2083 60.465 64.6297 69.0887 30.7189 76.5881 30.2592 50.4777 67.309 65.4481 82.563 45.7857 48.8808 91.5706 49.5626 31.1204 60.1173 76.1804 57.0729 69.049 46.7916 42.1777 74.6877 104.926 105.631 96.5278 97.4627 11.5521 78.44 79.504 74.4003 64.396 89.9681 96.1676 
11.7068 53.6537 27.7088 40.9161 77.5126 59.3001 20.9614 20.2299 46.854 74.7222 55.0989 77.0092 31.3313 63.6529 15.5769 59.2457 40.41 69.3753 58.6298 30.8561 17.2662 43.6111 46.871 80.2813 30.23 33.5215 33.6537 65.3521 44.8894 27.2413 89.9161 3.19531 23.8533 16.2099 39.4849 70.772 28.3854 60.096 34.093 44.9138 7.29452 72.1268 13.8708 58.4045 43.2412 74.6837 21.5928 49.3389 76.0182 6.19839 62.1225 37.5682 56.4989 42.7874 66.4008 57.673 34.5036 57.771 45.8017 9.10824 22.435 51.6563 65.4927 74.0173 14.5986 62.7915 59.9167 32.6957 32.8811 48.036 26.3746 55.7986 6.08358 34.0965 39.5455 33.796 57.5251 37.3815 31.9011 59.8219 25.006 4.272 34.9185 46.1147 28.4684 45.5057 15.708 10.5437 52.0125 75.2604 76.5591 65 70.3651 27.2118 56.7927 60.9554 56.7388 39.6449 69.9998 69.0503 
39.4645 15.0233 52.94 60.3464 79.5661 34.4384 61.4664 49.6541 32.0056 101.956 16.0353 106.089 54.9477 96.1456 36.1643 69.4424 66.5523 79.9113 18.1463 62.3339 47.6934 68.2493 13.9789 73.0505 36.1471 58.3384 73.979 57.4891 26.6271 15.761 80.5255 42.283 61.0079 24.3298 58.2879 77.3068 58.2104 54.9364 63.8264 41.5217 35.7123 100.064 34.3001 32.0765 56.9956 57.5897 60.1103 15.1489 87.4694 43.2005 82.5528 23.7977 40.5094 52.0271 62.2116 78.3023 74.6967 19.4456 36.0514 41.1099 45.5782 79.431 78.9079 90.5098 54.3994 78.8006 35.5169 55.1392 35.2013 8.37377 66.7943 15.6109 46.4492 69.3721 12.5064 39.1945 18.9156 75.9276 67.2971 50.278 15.5563 44.5314 61.0966 24.7348 16.6208 70.9042 40.05 34.1884 77.1038 80.0166 83.281 48.6796 83.7678 64.5745 16.3049 89.4187 19.0906 3.71214 95.5731 82.6351 
88.3779 65.3319 58.9216 49.1041 18.918 40.3435 90.8944 65.0145 39.5763 74.0806 66.3597 80.5315 56.2748 82.2614 89.244 32.7819 59.077 33.7871 73.7277 109.791 95.9747 56.7208 58.7167 1.82483 48.9585 57.2986 101.841 14.3736 44.7826 64.6703 10.9124 77.361 77.401 72.7633 48.7003 26.288 64.6026 18.9992 64.7207 34.7052 72.1782 74.4361 65.4011 43.0249 41.9869 19.4733 80.2001 59.0103 37.7595 74.9947 52.0047 49.5323 30.9317 38.6256 12.8888 51.2544 103.4 84.6724 36.809 87.1271 59.2001 64.5843 38.6571 47.8533 90.2456 43.2001 39.2929 54.6385 46.6717 76.2262 91.3203 77.7093 80.5293 76.1205 58.9604 45.2404 65.0824 87.4805 75.6832 21.3476 72.6113 79.505 59.0593 46.5692 62.0762 58.2846 63.821 69.0204 58.9525 23.6916 28.0777 24.0187 39.8378 103.806 75.5535 69.9327 85.489 67.6617 67.1646 39.8246 
51.2299 20.2388 70.6403 78.2643 95.3935 45.4943 75.6963 66.9128 47.4102 119.858 19.6229 123.938 72.7633 113.695 46.8876 86.743 84.3736 97.0447 13.9943 71.4006 58.2979 86.1335 26.6721 86.9419 54.0285 76.1426 87.5403 72.1017 42.0115 33.3781 93.4234 57.5128 77.3701 39.778 76.2053 93.963 75.6631 70.3739 81.3823 58.2603 51.6558 117.945 51.3355 42.8165 74.791 69.1759 76.0517 26.1324 104.587 58.9475 100.413 40.81 54.333 69.659 77.4355 96.185 88.0307 3.05941 52.1426 53.602 63.2193 97.2553 96.3579 108.093 67.9118 96.4591 46.6082 73 52.959 9.92824 81.5206 8.28553 61.327 86.2792 29.0462 56.9719 21.8515 92.0111 84.1525 64.9942 30.9627 59.4718 78.8655 39.4994 34.4816 88.7789 57.2965 50.6741 95.0068 96.3208 99.8251 61.4183 101.15 76.1284 11.0463 107.251 1.52971 21.1473 113.492 100.05 
39.8001 37.0826 24.6678 28.64 51.2665 30.6193 47.9752 25.3 16.5197 70.5694 38.7413 75.1647 25.3584 67.0436 40.4851 37.844 36.393 48.5387 45.3719 62.2448 47.7514 37.3894 27.7253 50.1941 4.47772 28.6714 60.6278 34.5905 16.7863 18.9391 59.4786 30.593 39.5457 24.2297 26.5876 47.0425 31.3115 29.8297 35.7912 14.0545 24.2909 68.9141 17.6816 30.6 24.733 43.1807 40.6021 29.9541 56.056 28.9638 50.3672 11.4039 25.3142 19.9249 36.7927 46.1863 61.9175 51.2103 14.3736 38.833 18.9676 48.9605 46.9601 58.3541 44.7294 46.5859 30.9343 24.993 3.00832 40.1908 50.7632 45.8384 34.5232 44.4717 21.8552 6.93181 39.856 53.9579 42.8224 28.5394 26.1002 33.0643 31.6206 19.2782 16.7836 40.108 18.6574 21.0278 45.8696 50.5253 53.1415 33.5601 51.9062 58.1976 45.1966 58.7527 51.12 28.9171 63.9175 50.7261 
