25 100 11
777 335 649 27 763 426 211 429 862 135 22 167 11 373 784 324 413 980 862 281 84 505 313 895 814 364 87 178 403 399 676 12 94 570 467 902 652 280 865 619 31 771 709 856 586 683 528 829 270 715 796 245 921 488 841 500 124 856 227 936 437 407 858 237 818 11 776 763 606 818 369 996 470 499 644 139 669 464 355 611 299 568 311 801 878 736 522 416 924 624 452 550 973 930 660 981 959 668 926 340 
9 68.4 37.6 54.2 93.6 10.7 44.5 75.6 17.9 41.8 88.7 
1 1 4 5 5 9 3 2 7 10 8 3 1 2 4 8 5 2 7 6 1 0 1 10 6 
7.14857 8.4091 3.22248 2.03541 3.60185 6.85207 5.90823 3.95506 5.62601 2.48294 8.57007 3.07748 2.87543 3.11264 7.50558 1.9078 2.00731 1.95563 9.27936 8.43007 7.54227 1.65339 7.47163 5.11258 4.40324 2.62688 6.53536 4.7161 6.0278 6.5615 5.94643 5.67353 4.31602 6.51621 2.23231 2.63883 3.21498 4.27908 2.76053 4.36194 5.64547 2.4287 5.20286 7.00904 2.3444 6.31383 4.70048 7.66243 2.17793 5.36373 0.243516 5.82701 5.70828 2.92742 4.19752 0.21095 6.70119 9.92261 5.07726 6.8721 3.88197 1.58142 1.3593 1.50526 6.31197 0.850941 6.81065 2.76725 4.51864 8.8198 5.60942 9.37436 5.71504 3.58258 6.96839 4.11647 8.62689 4.55693 3.67459 4.88786 7.10923 5.74022 2.50128 6.33193 6.39791 1.5412 4.64039 5.48621 1.08407 3.09226 2.86356 5.886 1.56847 7.41465 9.29252 1.8696 9.9125 7.69094 1.75764 1.47201 
6.65114 10.1473 4.08001 4.1282 7.3518 9.39417 4.31936 4.26898 7.96972 2.92159 10.3129 2.71459 4.02313 1.11973 7.13886 5.45736 3.07883 5.72114 10.8866 6.79353 6.59194 3.18 9.24672 8.74098 6.09926 3.71171 4.15394 8.0125 8.17524 7.66086 9.63382 5.39713 3.31042 7.01128 4.2707 6.38424 3.45254 7.47819 2.96233 6.88523 5.83275 2.62269 5.81124 9.46618 4.88296 9.56471 3.56432 9.4861 5.86963 5.16977 3.80171 7.67672 8.44863 5.47691 7.62685 3.6977 4.2873 11.1482 7.50187 6.32665 4.74504 2.27337 5.12299 4.93199 5.09828 4.61313 9.39047 4.09236 6.36883 10.0657 3.71571 10.7797 5.14659 2.32362 8.5644 6.0508 10.4667 2.18552 2.54136 7.95091 7.86024 5.28825 3.4199 8.44963 7.618 2.96432 5.22805 5.8849 2.83924 6.85172 6.62783 8.91038 5.30006 5.58488 10.7942 2.06119 11.0802 9.0068 3.014 5.21875 
3.01798 6.08905 1.04695 2.38466 6.32367 5.85888 2.26055 0.328024 4.43677 5.64235 6.25135 5.90745 1.40577 4.6708 3.4127 4.35139 2.18673 5.29029 6.77342 4.43695 3.40019 2.51448 5.23622 6.92527 2.43647 1.55029 3.40544 5.60247 4.4601 3.51241 7.91094 1.54208 1.16004 2.86484 2.28353 5.54239 0.982344 5.03182 1.56371 3.75311 1.72534 5.39189 1.64514 5.85342 2.8068 6.8344 1.28445 5.48513 5.90377 1.23762 4.38005 3.82259 5.22027 2.97713 5.54044 3.94081 3.55237 6.97986 4.12331 2.72971 0.96933 3.32175 4.84335 5.60511 2.32131 4.52252 5.88863 1.5678 2.75394 5.90333 2.36637 6.62967 1.57035 1.86253 4.51602 2.61205 6.43541 2.63865 1.65605 5.20159 3.69433 1.59003 1.65012 4.68346 3.49585 2.69551 1.09202 1.7254 3.34426 6.02204 6.08412 5.9457 5.31161 3.6188 6.6598 4.273 6.91035 4.86659 5.14945 5.18059 
1.9145 6.1919 2.36783 3.70946 7.60945 6.48501 1.31034 1.60639 5.14636 6.70075 6.34275 6.8832 2.72971 5.48942 2.38403 5.66499 3.43286 6.61445 6.74259 3.11849 2.12038 3.77895 5.45235 8.09973 3.27391 2.867 2.6064 6.69341 5.03796 3.52393 9.08058 0.718679 1.47492 2.5173 3.60436 6.85169 2.21578 6.13815 2.72413 4.72128 1.39918 6.42893 1.83967 6.428 4.09898 7.7881 1.21017 5.70317 7.228 0.671863 5.65347 4.32561 6.04706 4.19609 6.70518 5.22304 2.71827 6.7145 4.94619 1.59411 2.08339 4.44042 6.1676 6.90429 1.03711 5.83977 6.53441 2.88979 3.57728 5.71841 1.74797 6.48901 0.378021 2.52295 4.71153 3.56069 6.57068 2.77852 2.30764 6.21477 3.40978 0.534135 2.93602 5.20332 3.60401 3.9302 1.67386 1.64076 4.55397 7.32596 7.40088 6.84953 6.63365 2.39006 6.57408 5.32203 6.61584 4.82477 6.27889 6.50281 
6.34039 8.01424 2.45752 1.46455 4.17824 6.68768 5.03549 3.1552 5.36792 2.73035 8.17847 3.22126 2.13506 2.80209 6.71488 2.23394 1.15156 2.62528 8.86086 7.56229 6.70191 0.812219 7.0732 5.51776 3.90155 1.84816 5.67723 4.87453 5.71253 5.98248 6.41363 4.86277 3.44363 5.82344 1.67027 3.21503 2.37034 4.37425 1.89264 4.13697 4.8871 2.58031 4.49444 6.81601 2.01445 6.46016 3.82838 7.28031 2.98027 4.55432 1.07689 5.41639 5.60394 2.64824 4.43822 0.684471 5.84337 9.42058 4.83508 6.05601 3.16128 0.951262 2.03384 2.37807 5.4483 1.54897 6.65977 2.05507 4.06636 8.31001 4.74065 8.90764 4.88009 2.72523 6.51384 3.67234 8.26226 3.73484 2.80856 4.91872 6.47248 4.91493 1.68077 6.01349 5.84145 0.669403 3.90858 4.75337 0.391152 3.70277 3.54686 5.91151 2.3551 6.54199 8.84797 1.67631 9.39769 7.181 2.06787 2.24201 
2.71811 3.24099 3.12746 4.00706 6.68225 3.73751 4.27263 2.77627 2.64518 8.08883 3.39796 8.47222 3.3565 7.43178 2.66248 5.26662 4.51505 6.34215 3.88012 5.09574 3.57844 4.7139 2.4713 6.50364 1.76819 3.69043 5.56756 4.91636 2.33431 0.615873 7.40142 2.317 3.96679 0.95268 3.80623 6.24003 3.6327 4.48385 4.19963 2.91254 1.59201 7.8848 1.26649 3.62353 3.81874 5.53336 3.92185 2.72222 7.08534 2.31366 6.27905 1.61199 3.65936 3.44819 5.19879 5.83768 5.66634 4.12288 2.7136 2.71662 2.38304 5.80135 6.12883 7.21443 3.71053 6.02764 3.80927 3.39572 1.83535 3.02605 4.72155 3.73551 2.75879 4.75833 1.73046 2.16187 3.60902 5.47111 4.55412 4.25622 1.09444 2.57218 3.95578 2.40784 0.626498 4.97229 1.81797 1.34629 5.61122 6.60095 6.85001 4.54933 6.63069 4.94595 3.76145 6.80132 4.06971 1.96825 7.47768 6.50737 
5.61036 0.3 6.38412 6.85511 7.92152 2.71312 7.70658 6.20948 3.21885 11.0426 0.134536 11.5184 6.51261 10.6927 5.29139 7.33057 7.64105 8.30042 0.642884 7.9094 6.44168 7.74706 1.23988 6.91876 4.45202 6.85064 8.98074 5.50805 2.72635 2.93586 7.51033 5.75522 7.47659 4.0032 6.65217 7.89962 6.99031 5.41839 7.50539 4.4406 5.05693 10.888 4.77766 2.44295 6.36497 5.05669 7.43888 1.04235 9.0408 5.80215 8.92774 2.89664 3.71819 5.77997 6.08699 8.53724 9.0622 1.77767 3.75255 5.76003 5.6978 8.90403 8.32061 9.52607 7.0423 8.41038 2.82214 6.49345 4.25212 1.35831 8.20274 1.08259 6.18748 8.21326 1.87843 4.64152 0.291548 8.98226 8.0186 4.8228 3.17456 5.99534 7.14228 2.43058 2.8956 8.01896 5.28441 4.85062 8.58754 8.07592 8.459 4.33848 8.77178 8.11027 0.832166 9.88291 1.89275 1.66012 10.3617 8.67328 
3.36774 2.6315 3.52605 4.22096 6.46409 3.07093 4.9597 3.2931 2.09404 8.38439 2.7938 8.80555 3.70239 7.85621 3.26055 5.23401 4.85931 6.29982 3.34283 5.75925 4.23608 5.01758 1.80602 6.11278 1.81177 4.04278 6.2562 4.51577 1.7112 0.515461 6.97316 3.00927 4.56773 1.56474 4.0152 6.11572 4.09718 4.13687 4.63527 2.61926 2.28265 8.19856 1.88404 2.94354 3.90902 4.98001 4.55264 2.05779 7.05331 2.99015 6.45031 1.03465 3.10736 3.44703 4.86763 6.0219 6.35744 3.74877 2.27095 3.38999 2.80964 6.14509 6.15065 7.2867 4.40872 6.10709 3.14797 3.71232 1.75514 2.63685 5.39268 3.27787 3.45099 5.29605 1.06888 2.14311 2.98211 6.07284 5.10004 3.82385 1.30973 3.26584 4.32456 1.74496 0.257099 5.28459 2.3658 2.02022 5.89944 6.43699 6.72347 4.00125 6.64498 5.64156 3.26308 7.14179 3.72163 1.51327 7.74357 6.52719 
7.79251 10.1705 4.29005 3.62464 5.70307 8.89101 5.87725 4.81633 7.57248 0.830963 10.3359 1.06405 4.05453 1.16043 8.23284 4.128 2.89386 4.03339 10.9999 8.47092 7.95179 2.73123 9.23148 7.30463 6.02536 3.71828 6.05851 6.92558 7.90745 7.9962 8.10015 6.36398 4.47098 7.65355 3.82404 4.76954 3.91234 6.46871 3.31605 6.34255 6.58187 0.539351 6.33199 9.02158 4.2203 8.52397 4.82846 9.44595 3.98167 6.0782 2.13002 7.57786 7.79463 4.85412 6.41758 2.27108 6.21003 11.4889 7.04086 7.4788 5.03811 1.60705 3.4821 2.94049 6.52007 3.01081 8.86139 4.0321 6.21884 10.3773 5.38001 11.0109 6.24866 3.44581 8.64089 5.83433 10.4328 3.94574 3.63798 7.0536 8.39469 6.33934 3.45475 8.20679 7.88388 2.46138 5.71896 6.52386 1.88915 5.17536 4.86544 8.05248 3.50031 7.31011 10.9689 0.60803 11.4529 9.25681 0.836301 3.45365 
2.77094 2.86667 5.07117 6.06245 8.61594 4.64999 5.19665 4.56847 4.09238 10.0689 2.95576 10.4125 5.34342 9.25709 2.37002 7.32069 6.48189 8.39443 3.01684 4.93883 3.53035 6.7128 2.68002 8.20498 3.82624 5.6646 6.38063 6.61238 3.60272 1.66148 9.02594 3.41849 5.46059 1.72586 5.86464 8.24972 5.47234 6.2671 6.06486 4.77008 2.89836 9.84891 3.02248 4.43813 5.89415 6.86473 5.29469 2.841 9.14235 3.59227 8.34005 3.08916 5.05277 5.50718 7.00071 7.89552 6.43204 2.64622 4.3734 2.99282 4.32709 7.75194 8.19913 9.29005 4.41654 8.10326 4.75164 5.40412 3.84641 1.82702 5.78553 2.59017 3.78001 6.40722 2.25878 4.20534 3.24918 6.88956 6.18943 5.90339 0.987927 3.59862 5.90871 3.49756 1.90024 6.96139 3.63637 2.86693 7.61328 8.58257 8.85901 5.92252 8.70001 5.28441 2.76226 8.74566 2.52699 1.5708 9.48498 8.57765 
6.18231 7.19462 2.25887 0.930054 3.40476 5.72239 5.29707 3.02853 4.44658 3.60839 7.35621 4.15326 1.89235 3.82099 6.50001 1.35152 1.47139 2.06155 8.06208 7.69437 6.66352 1.1625 6.25601 4.5853 3.19024 1.73925 6.12374 3.86063 4.82888 5.36345 5.51163 4.73092 3.727 5.38855 1.09659 2.48244 2.46483 3.35529 2.19272 3.1924 4.60352 3.50156 4.10265 5.86369 1.1261 5.44259 4.08943 6.44957 2.62795 4.42309 1.45341 4.60871 4.61411 1.72595 3.44449 1.0469 6.28943 8.70395 3.90288 5.92747 2.82177 1.94093 1.56869 2.41514 5.56368 1.26143 5.6889 1.74929 3.29912 7.6023 5.11856 8.15432 4.84025 3.25518 5.74836 2.89689 7.41831 4.36038 3.27519 3.90083 5.93701 4.83498 1.73589 5.13264 5.19271 1.27632 3.57677 4.41101 1.40431 2.98453 2.93212 4.89519 2.03273 6.77661 8.07308 2.68293 8.69516 6.47408 2.9 1.9016 
3.95904 8.49779 3.34767 4.32925 8.34819 8.49779 1.39703 2.93833 7.08097 5.64564 8.65268 5.61471 3.57239 4.02892 4.4623 6.2814 3.49794 6.98961 9.08116 3.76666 3.70407 3.83343 7.71379 9.26397 5.08159 3.46716 1.25873 8.08607 7.08495 5.83332 10.2426 3.07002 1.51529 4.86815 4.3372 7.4464 2.73386 7.5091 2.7883 6.35814 3.724 5.34214 4.02523 8.48343 4.99785 9.41505 1.3813 7.96558 7.42566 2.9741 5.46298 6.42112 7.85663 5.36355 7.92523 5.13157 1.42004 9.06277 6.76436 3.64825 3.5978 3.84232 6.43063 6.78083 2.24243 5.97978 8.53001 3.73226 5.39896 8.06943 0.746525 8.83892 2.67989 1.73217 6.975 5.24124 8.86829 0.880057 1.69071 7.7605 5.76095 2.86531 3.32182 7.29429 5.88558 3.8246 3.63022 3.91842 4.2283 7.94833 7.88795 8.55643 6.7989 2.55932 8.91964 4.38731 8.96147 7.15788 5.45991 6.68088 
1.25208 6.48205 4.89118 6.23491 9.95978 7.6719 2.64756 4.12069 6.59897 9.20644 6.59294 9.32826 5.25792 7.83932 1.39463 8.1185 6.02439 9.11546 6.7134 1.24338 0.487647 6.36962 6.0495 10.1898 5.16168 5.43203 3.33594 8.66413 6.2973 4.20006 11.1416 2.45082 3.91602 3.03872 6.10737 9.27958 4.80651 8.15805 5.31034 6.606 2.84522 8.92328 3.52037 7.5316 6.52063 9.46829 3.55574 6.2677 9.76079 2.74722 8.24399 5.57743 7.60498 6.48705 8.8109 7.81156 3.31403 6.22181 6.59365 1.34529 4.43668 6.99932 8.70244 9.48608 1.87856 8.40082 7.75077 5.40726 5.39812 5.52203 3.27951 6.27415 2.31225 4.94171 5.39823 5.53979 6.87634 4.78539 4.74605 8.07168 3.6005 2.31683 5.52091 6.34833 4.41277 6.5213 3.77915 3.15634 7.1407 9.73203 9.85373 8.48586 9.18029 1.84938 6.45728 7.8369 6.07474 5.06598 8.82912 9.04887 
5.34986 1.80136 4.82685 5.032 5.8818 1.14022 6.87026 4.85477 1.16829 9.16457 1.9383 9.67678 4.87247 8.99822 5.20074 5.29432 5.92663 6.24605 2.69704 7.74623 6.22113 5.97537 1.04077 5.01049 2.79686 5.19394 8.16624 3.51518 0.743303 2.37154 5.70919 4.95298 6.25218 3.54431 4.83803 5.83768 5.49343 3.3736 5.93255 2.42244 4.22985 9.03368 3.72372 0.964002 4.45638 3.39096 6.31001 1.09041 6.98316 4.89094 6.97622 1.27193 1.74046 3.84111 4.06208 6.60775 8.27754 3.67614 1.71479 5.38499 4.245 7.13711 6.28802 7.49827 6.37534 6.40631 1.23693 4.81705 2.52464 2.79179 7.24743 2.99588 5.39073 6.80525 1.26823 2.86356 1.91669 7.72472 6.63576 2.80794 3.05275 5.21239 5.48916 0.447214 2.16208 6.2454 4.06001 3.93845 6.76249 6.01945 6.3986 2.50833 6.72934 7.63215 2.81514 8.08359 3.74222 2.03158 8.46463 6.63428 
6.08679 8.51049 2.53269 2.08734 5.25951 7.44108 4.39851 3.05188 6.05773 2.5224 8.67674 2.82482 2.32142 1.93132 6.51154 3.30796 1.17004 3.68348 9.3179 6.98937 6.31478 1.11328 7.5781 6.58673 4.36023 1.98116 4.85224 5.86451 6.33704 6.25353 7.49147 4.6359 2.87028 5.88647 2.26241 4.29471 2.15114 5.34004 1.55756 4.88993 4.82104 2.2766 4.56571 7.54221 2.80252 7.43033 3.25014 7.80186 3.96688 4.34278 1.90851 5.93938 6.42246 3.42475 5.46631 1.66193 5.01567 9.75811 5.55252 5.7797 3.2803 0.247386 3.08526 3.2067 4.94171 2.58403 7.4252 2.32078 4.5826 8.6484 4.00196 9.30026 4.55566 1.94941 6.95684 4.21735 8.792 2.80444 2.09497 5.84059 6.63205 4.63087 1.70449 6.62857 6.15209 0.856154 3.95238 4.75742 0.726705 4.77906 4.60492 6.8171 3.3541 5.89071 9.27117 1.16108 9.71668 7.53523 2.06495 3.25209 
3.41211 8.79292 5.32139 6.56458 10.6011 9.5374 2.07711 4.64583 8.26453 8.34938 8.9218 8.29154 5.64416 6.69 3.79581 8.57336 5.94401 9.41013 9.14342 1.61208 2.64382 6.30134 8.2157 11.2397 6.45143 5.66499 1.48003 9.86732 8.0939 6.25793 12.2243 3.62708 3.62215 5.07561 6.51202 9.76771 4.90368 9.30701 5.18059 7.90395 4.32394 8.04504 4.92392 9.44874 7.09965 10.9654 3.26198 8.45457 9.92553 3.77327 8.06105 7.36316 9.19905 7.29747 9.84979 7.69343 1.34239 8.7653 8.10586 3.25346 5.22024 6.50173 8.89018 9.37961 2.19713 8.47951 9.59769 5.81437 6.75012 7.98023 2.26927 8.75206 3.2179 4.31677 7.50219 6.74354 9.18851 3.5824 4.20602 9.39757 5.84209 3.37202 5.61587 8.21993 6.41393 6.35022 4.85374 4.63712 6.8352 10.2612 10.2684 10.019 9.30271 0.906091 8.91009 7.09396 8.62585 7.35925 8.16525 9.17808 
7.01171 8.62727 3.1456 2.11454 4.1331 7.18946 5.6035 3.83444 5.91486 2.13902 8.79036 2.68777 2.82455 2.58954 7.39304 2.39134 1.80801 2.48566 9.48395 8.161 7.35033 1.48852 7.68651 5.62883 4.54622 2.53569 6.15325 5.172 6.28758 6.65361 6.47191 5.53445 4.02492 6.51234 2.32034 3.16951 3.02597 4.71259 2.51287 4.66259 5.57391 2.03494 5.18376 7.33328 2.57235 6.77012 4.41131 7.88729 2.66957 5.22708 0.586941 6.03166 6.0698 3.19014 4.67547 0.520865 6.31801 10.0731 5.37239 6.72347 3.85068 1.10114 1.89042 1.87963 6.06282 1.38235 7.15417 2.74308 4.69392 8.96415 5.26217 9.54825 5.53611 3.21286 7.14773 4.29522 8.86314 4.12989 3.32701 5.30094 7.15556 5.57818 2.35771 6.59067 6.50668 1.30188 4.59796 5.44255 0.69857 3.6236 3.38999 6.30017 2.07511 7.10894 9.48072 1.353 10.054 7.83425 1.43837 1.98645 
7.07939 6.68342 3.48862 2.27969 1.80278 4.71653 6.72646 4.21246 3.74039 4.88112 6.83059 5.50113 3.1594 5.48365 7.29836 0.541295 3.18663 1.34239 7.5819 8.92059 7.70637 2.92058 5.796 2.80203 3.36095 3.16787 7.69344 2.28064 4.24062 5.48403 3.73048 5.74616 5.24047 5.88215 2.29993 1.12539 3.93215 1.89789 3.82413 2.55002 5.41202 4.86079 4.78578 4.91664 1.71421 3.87342 5.56656 5.93709 2.08971 5.46155 2.57099 4.30081 3.52278 1.73566 1.75034 2.40533 7.85596 8.42769 3.20832 6.87841 3.76733 3.67967 1.45602 2.65377 6.83433 1.74929 4.6545 2.98918 3.29803 7.38597 6.65496 7.79867 5.96584 4.94581 5.47156 2.96 6.82221 6.07415 4.93207 2.5518 6.19827 5.91082 3.28434 4.53008 5.25816 3.05853 4.4182 5.14418 3.11873 1.54331 1.73289 3.52677 1.84196 8.13797 7.66077 4.27117 8.45488 6.31114 4.15928 1.76071 
7.01852 4.66974 4.60245 3.98848 3.05565 2.30358 7.60664 5.06717 1.97497 7.46175 4.78807 8.0648 4.42579 7.84333 7.05899 3.13955 5.05146 3.81935 5.542 9.25635 7.8174 4.92 3.93926 2.15379 3.15991 4.62502 8.79529 0.61 2.4993 4.50498 2.98236 6.04822 6.43544 5.37663 3.87284 3.23489 5.25681 0.720694 5.43244 1.69009 5.45976 7.41569 4.78712 2.55 3.22448 1.4905 6.6554 3.994 4.47599 5.84624 5.14208 2.97893 1.18127 2.67479 1.21198 4.90316 8.94097 6.57895 1.7263 6.92564 4.42712 5.9414 4.0651 5.23474 7.41556 4.36039 2.21653 4.28572 2.88513 5.68388 7.7549 5.89207 6.40839 6.54379 3.91829 2.84609 4.69814 7.65248 6.45078 0.192094 5.29975 6.28232 4.86659 2.69151 4.245 5.14249 4.74052 5.13517 5.42635 3.28938 3.71431 0.90824 4.39802 8.77707 5.69526 6.70153 6.64831 4.79213 6.73589 4.3372 
2.52286 7.8613 5.52598 6.85697 10.7724 8.94739 2.58559 4.77177 7.80016 9.27552 7.97458 9.30072 5.88292 7.73301 2.76371 8.82916 6.44186 9.76243 8.10088 0.151327 1.65109 6.80109 7.40072 11.179 6.19621 5.98785 2.68477 9.70532 7.54181 5.51014 12.1494 3.32256 4.14132 4.32501 6.76237 10.0176 5.27492 9.17306 5.68304 7.66587 3.89166 8.97805 4.56111 8.8222 7.26529 10.6275 3.75494 7.6243 10.3524 3.56602 8.65014 6.81175 8.78823 7.33638 9.78589 8.24394 2.59887 7.59032 7.73791 2.4965 5.22473 7.22696 9.29457 9.94397 2.16335 8.93717 9.02083 6.0465 6.46297 6.90887 3.07189 7.65881 3.02592 5.04777 6.7309 6.54481 8.2563 4.57857 4.88808 9.15706 4.95626 3.11204 6.01173 7.61804 5.70729 6.9049 4.67916 4.21777 7.46877 10.4926 10.5631 9.65278 9.74627 1.15521 7.844 7.9504 7.44003 6.4396 8.99681 9.61676 
1.17068 5.36537 2.77088 4.09161 7.75126 5.93001 2.09614 2.02299 4.6854 7.47222 5.50989 7.70092 3.13313 6.36529 1.55769 5.92457 4.041 6.93753 5.86298 3.08561 1.72662 4.36111 4.6871 8.02813 3.023 3.35215 3.36537 6.53521 4.48894 2.72413 8.99161 0.319531 2.38533 1.62099 3.94849 7.0772 2.83854 6.0096 3.4093 4.49138 0.729452 7.21268 1.38708 5.84045 4.32412 7.46837 2.15928 4.93389 7.60182 0.619839 6.21225 3.75682 5.64989 4.27874 6.64008 5.7673 3.45036 5.7771 4.58017 0.910824 2.2435 5.16563 6.54927 7.40173 1.45986 6.27915 5.99167 3.26957 3.28811 4.8036 2.63746 5.57986 0.608358 3.40965 3.95455 3.3796 5.75251 3.73815 3.19011 5.98219 2.5006 0.4272 3.49185 4.61147 2.84684 4.55057 1.5708 1.05437 5.20125 7.52604 7.65591 6.5 7.03651 2.72118 5.67927 6.09554 5.67388 3.96449 6.99998 6.90503 
3.94645 1.50233 5.294 6.03464 7.95661 3.44384 6.14664 4.96541 3.20056 10.1956 1.60353 10.6089 5.49477 9.61456 3.61643 6.94424 6.65523 7.99113 1.81463 6.23339 4.76934 6.82493 1.39789 7.30505 3.61471 5.83384 7.3979 5.74891 2.66271 1.5761 8.05255 4.2283 6.10079 2.43298 5.82879 7.73068 5.82104 5.49364 6.38264 4.15217 3.57123 10.0064 3.43001 3.20765 5.69956 5.75897 6.01103 1.51489 8.74694 4.32005 8.25528 2.37977 4.05094 5.20271 6.22116 7.83023 7.46967 1.94456 3.60514 4.11099 4.55782 7.9431 7.89079 9.05098 5.43994 7.88006 3.55169 5.51392 3.52013 0.837377 6.67943 1.56109 4.64492 6.93721 1.25064 3.91945 1.89156 7.59276 6.72971 5.0278 1.55563 4.45314 6.10966 2.47348 1.66208 7.09042 4.005 3.41884 7.71038 8.00166 8.3281 4.86796 8.37678 6.45745 1.63049 8.94187 1.90906 0.371214 9.55731 8.26351 
8.83779 6.53319 5.89216 4.91041 1.8918 4.03435 9.08944 6.50145 3.95763 7.40806 6.63597 8.05315 5.62748 8.22614 8.9244 3.27819 5.9077 3.37871 7.37277 10.9791 9.59747 5.67208 5.87167 0.182483 4.89585 5.72986 10.1841 1.43736 4.47826 6.46703 1.09124 7.7361 7.7401 7.27633 4.87003 2.6288 6.46026 1.89992 6.47207 3.47052 7.21782 7.44361 6.54011 4.30249 4.19869 1.94733 8.02001 5.90103 3.77595 7.49947 5.20047 4.95323 3.09317 3.86256 1.28888 5.12544 10.34 8.46724 3.6809 8.71271 5.92001 6.45843 3.86571 4.78533 9.02456 4.32001 3.92929 5.46385 4.66717 7.62262 9.13203 7.77093 8.05293 7.61205 5.89604 4.52404 6.50824 8.74805 7.56832 2.13476 7.26113 7.9505 5.90593 4.65692 6.20762 5.82846 6.3821 6.90204 5.89525 2.36916 2.80777 2.40187 3.98378 10.3806 7.55535 6.99327 8.5489 6.76617 6.71646 3.98246 
5.12299 2.02388 7.06403 7.82643 9.53935 4.54943 7.56963 6.69128 4.74102 11.9858 1.96229 12.3938 7.27633 11.3695 4.68876 8.6743 8.43736 9.70447 1.39943 7.14006 5.82979 8.61335 2.66721 8.69419 5.40285 7.61426 8.75403 7.21017 4.20115 3.33781 9.34234 5.75128 7.73701 3.9778 7.62053 9.3963 7.56631 7.03739 8.13823 5.82603 5.16558 11.7945 5.13355 4.28165 7.4791 6.91759 7.60517 2.61324 10.4587 5.89475 10.0413 4.081 5.4333 6.9659 7.74355 9.6185 8.80307 0.305941 5.21426 5.3602 6.32193 9.72553 9.63579 10.8093 6.79118 9.64591 4.66082 7.3 5.2959 0.992824 8.15206 0.828553 6.1327 8.62792 2.90462 5.69719 2.18515 9.20111 8.41525 6.49942 3.09627 5.94718 7.88655 3.94994 3.44816 8.87789 5.72965 5.06741 9.50068 9.63208 9.98251 6.14183 10.115 7.61284 1.10463 10.7251 0.152971 2.11473 11.3492 10.005 
3.98001 3.70826 2.46678 2.864 5.12665 3.06193 4.79752 2.53 1.65197 7.05694 3.87413 7.51647 2.53584 6.70436 4.04851 3.7844 3.6393 4.85387 4.53719 6.22448 4.77514 3.73894 2.77253 5.01941 0.447772 2.86714 6.06278 3.45905 1.67863 1.89391 5.94786 3.0593 3.95457 2.42297 2.65876 4.70425 3.13115 2.98297 3.57912 1.40545 2.42909 6.89141 1.76816 3.06 2.4733 4.31807 4.06021 2.99541 5.6056 2.89638 5.03672 1.14039 2.53142 1.99249 3.67927 4.61863 6.19175 5.12103 1.43736 3.8833 1.89676 4.89605 4.69601 5.83541 4.47294 4.65859 3.09343 2.4993 0.300832 4.01908 5.07632 4.58384 3.45232 4.44717 2.18552 0.693181 3.9856 5.39579 4.28224 2.85394 2.61002 3.30643 3.16206 1.92782 1.67836 4.0108 1.86574 2.10278 4.58696 5.05253 5.31415 3.35601 5.19062 5.81976 4.51966 5.87527 5.112 2.89171 6.39175 5.07261 
