30 120 24
777 335 649 27 763 426 211 429 862 135 22 167 11 373 784 324 413 980 862 281 84 505 313 895 814 364 87 178 403 399 676 12 94 570 467 902 652 280 865 619 31 771 709 856 586 683 528 829 270 715 796 245 921 488 841 500 124 856 227 936 437 407 858 237 818 11 776 763 606 818 369 996 470 499 644 139 669 464 355 611 299 568 311 801 878 736 522 416 924 624 452 550 973 930 660 981 959 668 926 340 376 107 179 412 659 210 206 372 819 904 940 228 984 224 396 84 672 385 640 713 
29800 19000 52400 59000 20900 58100 81900 33600 73200 15500 99400 400 37900 76900 27300 77600 85000 25500 86000 14200 57900 88400 99300 20500 
5 13 6 10 8 12 16 18 1 13 18 18 20 5 7 17 6 4 21 12 12 19 4 9 23 3 23 23 19 15 
424005 452355 181397 203666 461686 360800 458093 208734 216566 622981 468880 669557 180499 592663 439933 307467 285412 415030 536173 632197 495868 292957 358422 478017 43657.8 211896 578871 331760 235034 263735 574770 307938 350721 292344 183208 408418 250288 277363 287976 135956 258368 606753 191408 365471 166436 444531 368109 380000 489204 284986 421372 193215 283989 125575 339094 379223 593034 594725 176479 408447 142948 409099 394129 505182 440165 386836 361865 174040 57201.4 484282 476001 541358 340837 384255 301440 23021.7 478845 486486 370012 283734 328635 329757 241357 263154 244769 320156 173243 228079 376485 447509 469162 354752 444173 576390 534842 506203 593539 371372 556246 431973 509832 432723 279979 410962 397725 582742 239821 338285 350024 219347 482320 224502 564726 425837 276134 502068 542816 307782 401310 656400 
592881 60307.5 631877 667281 745966 216843 789205 621786 286735 1.08361e+06 57688.8 1.13342e+06 641427 1.05839e+06 564646 699222 751513 792965 119105 827191 677921 759394 117686 638526 432807 674712 918009 501889 242547 310000 694606 593190 753956 423987 647383 749166 695255 497226 744039 412412 521599 1.06957e+06 486458 190066 613267 448018 753302 92649.9 866019 594781 866987 274117 324089 552685 561681 829483 927054 237693 341604 605178 566613 875631 798660 919772 727047 810808 227407 637942 409585 192720 835611 168834 637095 821572 191212 446813 32756.7 904204 802935 435299 346983 618052 704177 212137 300958 786570 532610 498128 840867 764094 803645 380091 842341 839660 142773 972023 249816 197041 1.01426e+06 833022 873808 456821 516004 559051 845277 1.03972e+06 641132 661272 811542 363501 61098.3 298055 1.02974e+06 345492 725083 888693 703623 170182 867840 930213 
136894 673155 469503 604126 984371 779811 225462 392441 667027 887482 684882 897790 506063 747204 163918 796116 576725 893811 700607 103078 49769.5 611791 625135 1.01489e+06 513352 521310 290331 864653 639876 435619 1.11103e+06 232177 359518 317177 592436 913440 455706 812686 503724 659469 281044 858821 348776 767042 637122 951567 322490 647679 956640 259956 799116 567073 766562 637841 876174 756493 288141 656410 662922 135871 429393 669718 850620 925052 152895 818634 787265 521561 538658 582375 287571 658554 211249 460317 557790 549802 712733 439241 441376 807614 381084 215081 528247 646933 455412 625693 367898 313260 686385 959587 969920 853712 897669 142664 675852 751160 642109 530431 851799 884561 310098 283113 264462 168908 777113 657392 366521 234787 691784 406607 692885 472848 804898 399721 694402 360943 43278.2 671597 646060 221822 
420905 768595 184532 262101 661780 724798 231948 176853 580496 446052 784949 460114 197436 319889 467472 455070 176819 526499 838573 491044 431474 211009 681517 758254 381996 180025 291234 648179 591168 512938 855462 286086 83522.5 443948 264968 571386 115849 590712 106212 490931 326149 417739 326193 727562 332316 788777 119218 706142 572512 261457 382744 532902 646344 375151 626999 346227 307877 859247 541208 388816 234361 232459 471390 514566 288891 427604 726364 211596 412244 751963 196469 824710 266558 24839.5 610623 388001 802436 125284 5099.02 622389 529230 278354 161555 616007 510742 212615 270118 331622 260584 621579 615877 708476 509883 381662 827590 309467 852003 648298 411175 497775 210305 548179 348639 437969 364516 257194 161744 229456 277780 451480 797618 505792 363815 615899 323371 173254 474611 658836 207964 423396 
364664 895342 505693 624820 1.02988e+06 954059 184491 442757 822475 781683 908881 773885 536078 613360 407344 825222 556076 905001 935514 214283 295880 591331 832703 1.10201e+06 634768 534958 94593.9 969394 809230 636116 1.2006e+06 361964 327965 520128 621180 944153 458384 912637 480652 777578 433970 751160 489376 946816 682420 1.08556e+06 294496 857088 953757 371974 762896 736872 912965 706771 963870 727628 79075.9 904696 802798 344420 503589 603604 851499 894899 219538 808857 959488 553073 665492 821343 187523 899133 318763 387489 760059 661309 934679 306139 378419 925810 601163 336006 527410 823826 649726 594256 474958 463780 639669 993909 992410 992599 891207 116709 913481 658493 891403 752559 765879 878970 172409 529412 432634 399542 745539 506142 409959 308287 659218 590529 918523 660367 700071 641758 699378 220327 300568 856931 579008 59808 
711923 717346 334624 203416 207711 530665 652645 410468 425202 422976 732509 485077 299189 487643 737800 12727.9 279517 98020.4 806870 882844 769042 249018 626677 335360 360072 293165 741583 293205 472890 578234 424096 572800 498812 606100 211085 117444 369229 254024 349382 301573 547123 421171 488267 549623 166904 452391 533578 642260 171828 543103 192208 471239 412029 191909 239201 178045 758064 886454 370714 689543 374513 312083 86833.2 208060 671316 110073 524976 282652 359202 780108 639532 825412 590366 457849 588924 322025 733406 568793 459004 318523 645877 586919 299388 502573 557109 258631 445000 522810 255494 167362 169095 416823 132378 797793 813050 365137 888195 670374 350828 121939 660961 747131 573043 706614 180801 539416 439318 571056 217267 536717 745523 534394 402892 742470 132801 627925 817793 542015 325171 859580 
529914 165148 699743 769666 925054 418387 768752 666694 446161 1.18748e+06 157407 1.22997e+06 719186 1.13199e+06 488559 845719 835101 947424 97616.6 738978 603902 851143 237245 835558 526161 753165 889657 689292 392780 328123 898321 582719 776858 403398 749050 914095 752620 674354 808810 558710 521023 1.16919e+06 512268 391461 731400 654487 765687 229009 1.02262e+06 595063 988486 387072 510777 678122 744067 946884 895272 29614.2 495292 551951 626279 963789 942828 1.06123e+06 692931 945846 429466 720584 513249 86833.2 825409 41976.2 622319 862930 269787 553474 178045 924842 841975 618802 314159 603464 780974 366351 336144 877868 570544 508674 939083 936086 972084 579070 990136 780806 68709.5 1.06353e+06 39051.2 198116 1.12263e+06 979408 862670 366661 505147 495117 965089 1.0932e+06 676755 654579 915848 389423 150233 349414 1.12375e+06 252872 843159 889670 616159 338013 951250 868076 
355659 879128 471546 589187 994342 929475 153883 410250 796116 746090 893020 739327 501351 579031 400682 789367 519312 868441 922293 230868 293343 554495 813843 1.0686e+06 606040 499437 58420.9 937554 784653 617366 1.16718e+06 339094 292205 503168 585921 908155 422868 880596 444060 747599 411652 715599 464450 923018 647724 1.05596e+06 259509 838452 916848 346733 725739 712790 885183 673351 930798 690522 44045.4 896061 774815 332929 472086 566527 814747 857742 199565 771938 934615 518314 637047 809711 151208 887717 295244 350333 740665 631447 918264 269948 341353 895223 586341 313198 491337 800178 629848 557230 446753 440501 602508 957975 956075 963748 854279 119808 901113 622101 883240 737017 729442 842067 135248 521939 412292 390083 708407 472772 377461 281514 622121 569682 903005 639351 664263 632003 662961 183600 304026 834317 541920 90199.8 
598426 827641 234019 182784 504876 718229 439619 289993 580246 267060 844252 301423 210794 218888 639832 307483 94752.3 349611 908936 697376 624606 85615.4 734221 634761 412456 176980 491766 560651 608737 604822 725882 452212 283854 571616 200552 408711 201201 508004 143136 462992 467269 244125 438945 728517 253970 717006 322307 756419 381682 422404 179388 569956 616042 316267 521422 150013 508249 954679 529499 568177 308804 34409.3 290172 310942 490172 240832 716572 209609 434108 843602 403268 908051 446515 197975 672800 397200 855409 290993 210278 557818 644594 453072 150416 638003 594052 59481.1 377816 459471 56400.4 457605 441807 655421 319725 589723 904713 134317 950815 731932 215935 309006 412462 697943 493982 608240 164806 241267 299152 413411 87367 545825 857639 580659 195064 740803 177291 367176 670445 682706 26305.9 629651 
345172 795329 297229 405882 810660 800321 96254.9 248568 659640 581086 810760 583837 323209 428768 395455 604745 332277 681688 853202 349961 326057 367396 717586 893729 460663 317099 136029 770720 658119 528734 992041 252004 111772 431793 404353 722928 241230 713119 257406 592243 317506 551232 349046 798121 468531 899549 89286.1 742765 729754 242539 540231 590762 739715 500445 757998 504097 152502 851400 629880 313600 314341 384908 627702 672164 177282 584850 803857 339803 492443 751921 40311.3 828865 213321 165723 643623 478851 832517 117631 154845 735011 521077 231741 306472 678364 534329 370362 311777 337378 417494 772924 769827 811860 667199 233009 836968 450001 841344 660927 555930 654969 56080.3 500225 330164 371949 522304 335738 217720 180136 435652 471683 822317 537034 498036 591277 476615 55027.3 360911 717369 360169 266047 
489287 277483 375565 391042 512016 174106 606040 386000 46400.4 805084 293002 855815 377680 788155 484554 428077 481176 527788 366661 724636 574252 485479 186301 454816 173401 409216 734173 295968 38013.2 213490 537339 422587 528342 313383 371646 494276 443389 266008 484665 139119 353327 791624 293586 173000 334432 335622 538028 202272 602748 410946 588320 59682.5 148054 273761 339147 550538 746464 449444 76791.9 486400 322397 601614 526608 646780 566072 534838 178101 371317 143951 347800 637587 386095 464625 576168 159022 175328 296582 672465 560222 224635 292481 448288 438658 67675.7 187665 512455 315565 321562 564150 518376 552881 237422 572549 697657 372787 696208 452842 246733 735445 562346 674229 425564 362218 464000 566446 779991 412485 475946 533697 218497 306204 163135 753006 365821 446126 675942 614385 112161 595691 785178 
357315 607376 41146.1 175208 569723 558108 285070 38000 414001 522943 623899 554707 77162.2 443030 393585 371648 167601 465626 681234 507241 400980 197307 518154 634938 214597 95005.3 393022 507552 423586 361544 733524 210000 153013 316223 164794 490829 63007.9 450031 120283 332063 212565 499625 184621 560290 218213 637290 176709 542419 527565 179000 381030 365986 484322 239727 497410 336482 408388 712657 376920 330014 67675.7 290028 421545 500728 295610 390635 560000 93230.9 245165 602834 287891 672269 218477 189066 449035 223294 639879 286295 172409 472077 392323 218435 110603 448486 355317 218289 123227 203593 284318 538934 544861 551780 468790 424350 672644 388491 707142 494652 469084 455663 318291 442634 239704 361475 357560 407590 63561 195819 278002 300375 636840 346954 449135 486807 265548 304253 449472 491467 272426 492379 
350960 869014 450795 567539 972716 914278 136308 390544 779910 725100 883111 719100 480243 559014 397223 767581 497076 846291 913961 242157 293002 532226 802173 1.04815e+06 588511 477867 38118.2 918035 769532 605955 1.14673e+06 325707 270562 493050 564486 886288 401319 860970 421911 729236 398393 694638 449437 908296 626599 1.03773e+06 238380 826898 894545 331789 703390 698018 868084 652964 910562 668162 26832.8 890520 757640 326806 452951 544328 792511 835393 189066 749633 919242 497181 619668 802429 129321 880501 281619 327983 728728 613209 908002 248620 319002 876450 577387 299955 469459 785611 617729 534888 429707 426569 580169 936139 934034 945986 831969 125992 893311 600508 877994 727430 707803 819766 112925 517610 400281 384948 686047 453512 357795 265801 599762 557044 893296 626522 643121 626073 640888 161830 307200 820357 519709 110073 
169623 694525 516501 651128 1.03017e+06 812914 265415 439420 704052 931561 705510 940597 553075 788651 186078 842738 623503 940707 716616 79227.5 85796.3 658635 651560 1.05812e+06 555800 568384 316285 906795 674801 466154 1.15386e+06 277780 404654 349464 639350 959871 502621 855436 550245 701225 323422 902703 391215 799133 683574 990208 367227 673385 1.00367e+06 306080 845909 602545 804320 683343 919711 803374 311931 665007 702166 174977 475615 715308 897656 972027 197497 865708 820708 568537 580345 597224 325338 671977 258136 504337 586305 592879 733922 478114 485791 848639 406661 261480 575243 680401 487180 672336 412942 355218 732743 1.00585e+06 1.01652e+06 892088 944734 160639 690704 795661 650028 553087 896943 931625 344843 297935 305241 197914 823969 696646 413592 281839 738518 441431 712840 505914 848813 414947 741465 397271 46615.4 703154 691527 226524 
629308 981236 375832 388001 723923 910372 398058 392226 767392 309380 997766 295061 371819 134302 677997 530322 282087 563057 1.05453e+06 647656 624362 295237 891586 857961 578381 341463 387129 779868 786680 731304 948689 503588 294920 665327 401280 627200 311925 725653 264751 660982 547362 278948 545938 916980 464108 933741 320495 915645 582440 480885 374226 735612 817749 522245 743361 359707 401001 1.0796e+06 721446 596858 441073 213937 503036 492544 475083 452134 910264 379527 605826 971561 338600 1.04325e+06 478624 196543 822900 574816 1.01349e+06 185586 218248 771146 750431 492736 312618 813814 727374 275378 487945 552855 270233 674846 654536 866148 523917 527189 1.04497e+06 209275 1.07268e+06 866083 310601 515102 326021 766427 569379 650231 368383 36124.8 381650 440822 307584 669716 1.01071e+06 720361 232820 837182 400196 271280 661787 857982 199542 535076 
130138 669362 421532 555989 940669 759495 175775 344746 641003 835180 681965 845786 457926 695766 170156 749861 525669 846245 703257 133060 61587.3 560903 614994 977057 478174 471975 253503 829145 617324 421246 1.0739e+06 191400 307189 302002 544938 867830 405088 776073 452206 625140 248069 806549 314759 748265 591656 922139 270148 638376 908091 216982 748076 544037 739006 595292 837865 705698 253663 667792 633167 116760 385126 617506 802049 874604 100623 769172 766416 473711 504892 587123 239251 664470 165052 408049 545206 513165 708969 389539 389051 774298 374509 171511 477984 626592 438985 574359 327471 280713 634663 914525 923658 824915 848685 122495 680003 698820 654318 525967 799486 835603 264259 292330 235287 165076 726240 607184 317720 185324 640619 385949 690766 454274 752622 405967 645515 313413 89000 653986 593810 211085 
778023 1.01734e+06 428627 362927 572603 890025 585888 480910 757980 85023.5 1.03388e+06 106668 405265 113217 822134 414560 289178 405613 1.10018e+06 845199 793681 273240 923455 732535 602742 371602 603596 694165 791324 799425 812227 635309 445597 764752 382828 479167 390466 648353 330820 635106 657384 55578.8 632665 903011 422830 854000 481269 944942 400716 606782 215021 758129 780540 486240 643504 228705 618729 1.1488e+06 704872 746625 503438 160431 350374 296697 650370 303134 887095 403140 622206 1.03766e+06 536008 1.10113e+06 623604 342940 864256 583810 1.04365e+06 392363 362228 706723 839038 632740 345145 821239 788277 246219 571347 651718 189433 519850 488959 806601 352434 729025 1.09701e+06 60440.1 1.14517e+06 925648 86452.3 347714 533150 888001 683532 791248 223895 217513 486121 587960 221416 740565 1.04732e+06 774321 2828.43 934833 319215 480021 836833 865652 176119 750603 
915242 607968 662825 580682 312835 355394 972169 715605 392700 860549 615721 924689 640740 933900 917212 438114 684634 459358 685263 1.14057e+06 996027 664686 556167 134239 530941 655881 1.08833e+06 188767 437933 652175 135030 819787 848177 747359 573394 384912 724831 246435 733982 383839 760859 862812 693689 382027 505677 118423 872715 553852 501343 799280 636197 498401 292933 461390 214758 625020 1.10329e+06 801325 381619 906830 653160 752049 505460 601399 955837 548848 344224 625353 503532 728616 983570 731304 855468 847625 574089 498712 598369 960607 840860 234182 730896 843082 676743 448457 626386 682879 688335 728354 696526 360721 404634 205565 520325 1.09206e+06 707248 812075 811566 656833 790490 519516 1.01452e+06 864288 776868 893784 627204 977272 748258 854342 657423 652277 624039 601791 848851 797692 558901 997296 1.03978e+06 454526 761137 1.17243e+06 
567641 402548 347541 316765 379012 222767 632652 384034 107912 709505 417080 764807 336595 717508 572846 305791 419228 400292 492441 791253 647223 414251 315496 337236 183003 362006 754448 178440 159327 327426 427300 471307 524890 406179 300648 362360 415788 137674 443028 40792.2 411546 699618 344420 237413 246400 269436 543548 328299 474305 452001 483415 182099 117958 183098 210924 450211 768511 581228 56753.9 558055 318487 526234 405278 526503 609496 420060 219659 325075 154467 480983 651694 516435 508207 548664 292181 155184 416083 655626 536717 115624 406341 495072 389252 187409 301761 439582 342527 379051 481137 385149 420287 179301 448716 745405 501378 613616 585235 379559 637810 439401 685438 533825 427850 547834 463527 726911 415415 509817 446346 313249 429796 276053 666483 489180 349482 676417 691567 224415 525184 827897 
46754.7 517093 429913 559044 905108 638205 304613 356976 536940 902218 528570 923385 465474 785651 7280.11 733388 559823 837523 544121 255267 109073 591434 472745 911843 411825 489263 408512 755818 503433 289928 1.00481e+06 187723 384147 177485 543368 844953 439830 708071 496774 550594 193752 875891 254961 623286 574032 825728 355294 494540 906380 217911 775539 432770 638376 560040 776369 730808 411156 504337 541425 79025.3 370438 672244 802247 892202 220057 778126 646421 478105 431613 426339 368897 503016 199459 489001 408142 451699 556619 503850 467424 693130 227844 188854 504457 506628 312234 610804 296522 219021 676013 887474 904335 727316 851714 285813 519702 764385 490765 374893 855834 838614 401429 128876 167887 34234.5 751902 711512 341672 236713 672462 272443 536400 332663 822685 244002 652049 442233 132231 526984 650959 372710 
861629 979054 471190 353900 387243 805623 720200 542786 693172 185154 994837 249393 437156 330220 898649 288425 342177 230766 1.0673e+06 977231 897001 308858 886095 561271 587003 410859 767727 561712 737151 804665 628815 713875 563425 802193 373363 304910 464182 528046 413392 566817 714071 199324 670774 823802 377987 717081 602031 903939 199203 683005 126242 723644 687527 431511 501597 171292 783962 1.13657e+06 638036 833236 538436 258428 193776 91005.5 768105 169118 800236 426878 596306 1.02697e+06 683064 1.07986e+06 715280 477582 839543 556170 998531 559893 490805 593633 860886 719058 395641 767441 787561 292002 614169 698800 231050 334731 296108 690815 169544 870367 1.07033e+06 221635 1.13624e+06 914432 132231 171406 690023 938674 741529 866532 150572 426484 560290 685007 227636 753176 1.00812e+06 768178 214972 959677 268337 641976 944076 809027 283134 908595 
360462 866170 422412 535385 940383 900355 122589 365903 763772 684901 880657 679047 450459 519062 408512 734622 461637 811311 914582 275507 310409 496460 796227 1.02011e+06 569415 446189 7280.11 892943 756003 601030 1.1186e+06 318127 239207 491253 533250 852879 369899 835611 387227 707628 390463 654439 437138 895483 596518 1.01616e+06 209612 821156 858283 320506 665508 685441 849603 625449 883287 630892 22627.4 896447 739120 333985 429806 505384 756905 797487 190394 713379 904901 467270 600890 805255 98407.3 883318 274046 290264 722366 592156 904798 208471 282294 853531 577567 293007 436321 773336 611265 498206 412456 416923 542148 902865 899691 925722 795646 155724 894989 560509 884480 725916 667839 783551 75471.8 526695 395081 393376 648521 414035 333444 253428 562574 549664 891229 618497 602937 631861 606486 122004 329757 809400 480817 150213 
527091 13038.4 597880 646518 764963 255131 732300 580246 289993 1.06554e+06 28160.3 1.11264e+06 611003 1.02899e+06 496977 698886 724117 797236 95692.2 759360 611204 735112 85796.3 671509 405464 644845 860126 526460 238948 254167 734613 536825 707276 363001 626163 759217 658353 514164 709975 409718 466550 1.04978e+06 437495 228373 598754 492050 703839 69318.1 871680 540881 855493 251032 347541 540957 582580 816030 868518 193373 342184 540920 529102 850669 797567 917755 667001 805281 266272 609266 386079 126270 781225 123911 580246 780626 147177 425282 52611.8 857848 761179 456640 282057 561057 673964 210202 249353 762289 487840 445382 819571 778491 815946 415011 843259 775893 104695 948760 202022 130392 997770 833184 819417 386994 458577 492854 832947 1.0036e+06 597033 606434 792516 311670 40718.5 251289 1.00765e+06 274612 711354 837220 635440 176819 841086 866266 
900281 780484 547330 423137 18357.6 546386 870619 619788 494022 576500 793083 641527 514009 682821 919054 224207 504366 179536 868878 1.08998e+06 966002 473532 701573 177553 515454 512938 964461 257235 548272 712618 233619 770699 720124 768833 427142 111893 589513 264221 573562 401125 733265 584500 668542 571454 370005 374066 753632 710144 197464 742823 374322 575501 433674 365557 196087 379870 980850 968174 450156 881710 573893 525038 238137 304322 881927 288862 537249 497016 502415 872469 861433 900777 794119 682690 685896 474684 785541 793530 683593 322568 788767 788001 522036 572857 688050 481627 636329 704969 469163 64846 99247.2 391019 232691 1.01236e+06 882585 558240 973760 773548 511649 236580 884173 906696 756892 889549 373955 749633 650680 779297 433391 685335 804627 662773 581922 877958 357498 852346 1.01424e+06 601269 541355 1.07827e+06 
595756 983257 389297 424166 780708 930763 351801 391506 786641 380739 999602 363341 392001 202980 645478 582344 318328 623013 1.05268e+06 592324 582081 337771 896068 907436 591683 365049 324600 820207 801331 726276 1.00016e+06 480288 274117 650429 434884 684370 321436 764621 284297 687186 531456 350408 538934 935385 500650 970697 292412 920639 646747 460821 438275 745615 844313 555167 787810 419915 337520 1.06968e+06 743673 563498 447246 272919 563057 560045 433029 512544 931492 402280 620823 963753 288922 1.03747e+06 450454 191324 825293 593020 1.01709e+06 139270 210395 805980 737835 466267 338053 827160 724903 321672 484322 541081 327567 732926 715030 898337 587031 471010 1.04111e+06 279932 1.06171e+06 861781 382404 577609 270703 741393 551210 619465 430409 92265.9 375341 413069 362891 665025 1.01225e+06 720385 304810 820000 449089 216899 616471 870582 255031 471699 
236038 429848 220719 328637 650372 448728 332579 174413 319883 720503 445738 754923 249147 643481 250769 484415 361865 590573 494773 456207 312348 385946 349314 661587 158808 280532 462180 508811 303896 167720 756482 144180 290002 120487 310105 592669 263078 458188 321552 303134 76837.5 698387 19924.9 441956 328014 597369 286723 374489 662007 134733 555539 231728 415471 306967 524314 510533 473334 514813 308462 223403 146711 488692 560603 660401 287696 542796 454189 256632 182258 406607 372066 479150 186601 370095 275536 197677 465984 440505 349407 450894 191031 169924 304436 319180 168291 410300 78492 44204.1 475871 633979 652706 500405 610839 419715 482554 588127 508356 303238 662945 597967 410011 258436 93005.4 221721 531211 600088 183848 201556 462079 106775 457844 168716 648914 286505 419318 422092 357694 354452 472449 506807 
743340 737621 366051 234303 181945 543788 683290 442000 444046 425075 752549 488365 330506 500915 768953 39012.8 307002 69050.7 827357 914327 800653 275409 647892 320914 388500 323830 770912 294260 493077 605635 406247 604401 528841 636001 242440 88391.2 399662 260169 378190 322531 578363 425541 519139 563724 198285 451595 563902 662735 144309 574718 198252 494880 424415 220656 236299 191050 787427 909373 390191 721061 406079 330992 74431.2 193259 702684 111158 537587 314025 386350 803884 669284 847470 621974 485372 612464 349886 752453 595504 487222 326308 674253 618542 329201 522398 584098 283214 476366 553832 274476 138600 137743 422754 112446 828814 834416 377127 911532 694940 353836 103966 690166 777010 604200 737824 190444 557826 470744 602565 237287 565301 765444 561032 411099 770403 159862 656270 849403 560803 345624 890021 
767208 760711 387769 254912 172192 563664 702974 464088 466717 417412 775539 481408 351920 502070 793235 64031.2 322639 43931.8 850507 936092 823760 289945 671376 322155 413679 343837 788365 307722 516245 630758 403838 627626 547526 661012 264078 75663.7 419152 277002 395285 346144 602536 419634 543688 584083 222272 463124 583057 685930 119369 597800 195576 519230 444083 245815 247542 194180 804923 933408 413174 744664 429532 337831 62369.9 175000 724073 107378 557202 335622 411461 828206 687434 871214 644517 500640 636750 375055 775026 609650 503362 343740 699432 641411 347806 545404 609173 295797 500345 578253 281753 124852 117597 438772 91967.4 849250 857907 377636 935703 719503 347197 85211.5 707478 802031 628478 762035 190822 563454 492400 624497 245839 590479 788381 586059 408314 795566 176051 672408 872521 583358 353828 909255 
738730 619526 412753 308302 156013 400476 736098 478414 327605 587933 633039 650594 384034 650151 754359 155929 407620 207200 708985 939385 808622 384533 536574 188430 347851 391900 841086 131061 381283 540557 285701 616078 595648 599841 305177 149013 466212 107201 464663 229020 572451 586983 506084 423236 238891 287767 625308 547111 272281 589936 358134 404191 281801 213694 73164.2 342707 856951 803286 280672 722264 424848 467863 237403 350435 736840 273642 392800 367325 332521 704716 736088 737176 643590 578538 516236 307415 628240 692119 574708 173876 616984 635423 408354 407460 515932 400991 480026 542750 412249 162585 201259 264093 266293 870791 720501 529242 807967 603461 516143 261222 763128 736438 594718 725713 346677 693635 510768 633155 373150 514475 645155 490637 568727 705819 275347 738611 856183 439390 477447 942862 
284060 442512 180812 279603 599580 431283 348817 149466 295102 678973 458862 715902 205548 611101 301644 432261 320628 538450 513654 496231 356675 342313 356320 616144 114630 238315 476615 465859 287543 192961 712001 174917 281306 169650 260578 540771 231815 413628 287868 261630 118727 657870 51429.6 427520 276089 562894 285044 381180 610001 157280 507244 219276 385549 255149 477913 462398 489004 544301 275980 268740 106151 448879 508885 609820 315051 491906 435633 211178 141993 434190 380601 503501 213063 349803 284675 150904 476602 430875 330353 411049 231355 199023 264093 306940 186682 367535 60075 88102.2 432348 582390 600720 467467 559160 450148 504248 548800 539179 325909 619477 546323 417637 309343 140036 271956 482892 575216 167356 219693 416371 132246 471539 179847 609565 329237 369221 423001 403228 346023 434078 534607 
