10 100 23
777 335 649 27 763 426 211 429 862 135 22 167 11 373 784 324 413 980 862 281 84 505 313 895 814 364 87 178 403 399 676 12 94 570 467 902 652 280 865 619 31 771 709 856 586 683 528 829 270 715 796 245 921 488 841 500 124 856 227 936 437 407 858 237 818 11 776 763 606 818 369 996 470 499 644 139 669 464 355 611 299 568 311 801 878 736 522 416 924 624 452 550 973 930 660 981 959 668 926 340 
90000 684000 376000 542000 936000 107000 445000 756000 179000 418000 887000 412000 348000 172000 659000 9000 336000 210000 342000 587000 206000 301000 713000 
8 1 19 13 22 22 12 8 10 2 
634039 801424 245752 146455 417824 668768 503549 315520 536792 273035 817847 322126 213506 280209 671488 223394 115156 262528 886086 756229 670191 81221.9 707320 551776 390155 184816 567723 487453 571253 598248 641363 486277 344363 582344 167027 321503 237034 437425 189264 413697 488710 258031 449444 681601 201445 646016 382838 728031 298027 455432 107689 541639 560394 264824 443822 68447.1 584337 942058 483508 605601 316128 95126.2 203384 237807 544830 154897 665977 205507 406636 831001 474065 890764 488009 272523 651384 367234 826226 373484 280856 491872 647248 491493 168077 601349 584145 66940.3 390858 475337 39115.2 370277 354686 591151 235510 654199 884797 167631 939769 718100 206787 224201 
271811 324099 312746 400706 668225 373751 427263 277627 264518 808883 339796 847222 335650 743178 266248 526662 451505 634215 388012 509574 357844 471390 247130 650364 176819 369043 556756 491636 233431 61587.3 740142 231700 396679 95268 380623 624003 363270 448385 419963 291254 159201 788480 126649 362353 381874 553336 392185 272222 708534 231366 627905 161199 365936 344819 519879 583768 566634 412288 271360 271662 238304 580135 612883 721443 371053 602764 380927 339572 183535 302605 472155 373551 275879 475833 173046 216187 360902 547111 455412 425622 109444 257218 395578 240784 62649.8 497229 181797 134629 561122 660095 685001 454933 663069 494595 376145 680132 406971 196825 747768 650737 
561036 30000 638412 685511 792152 271312 770658 620948 321885 1.10426e+06 13453.6 1.15184e+06 651261 1.06927e+06 529139 733057 764105 830042 64288.4 790940 644168 774706 123988 691876 445202 685064 898074 550805 272635 293586 751033 575522 747659 400320 665217 789962 699031 541839 750539 444060 505693 1.0888e+06 477766 244295 636497 505669 743888 104235 904080 580215 892774 289664 371819 577997 608699 853724 906220 177767 375255 576003 569780 890403 832061 952607 704230 841038 282214 649345 425212 135831 820274 108259 618748 821326 187843 464152 29154.8 898226 801860 482280 317456 599534 714228 243058 289560 801896 528441 485062 858754 807592 845900 433848 877178 811027 83216.6 988291 189275 166012 1.03617e+06 867328 
336774 263150 352605 422096 646409 307093 495970 329310 209404 838439 279380 880555 370239 785621 326055 523401 485931 629982 334283 575925 423608 501758 180602 611278 181177 404278 625620 451577 171120 51546.1 697316 300927 456773 156474 401520 611572 409718 413687 463527 261926 228265 819856 188404 294354 390902 498001 455264 205779 705331 299015 645031 103465 310736 344703 486763 602190 635744 374877 227095 338999 280964 614509 615065 728670 440872 610709 314797 371232 175514 263685 539268 327787 345099 529605 106888 214311 298211 607284 510004 382385 130973 326584 432456 174496 25709.9 528459 236580 202022 589944 643699 672347 400125 664498 564156 326308 714179 372163 151327 774357 652719 
779251 1.01705e+06 429005 362464 570307 889101 587725 481633 757248 83096.3 1.03359e+06 106405 405453 116043 823284 412800 289386 403339 1.09999e+06 847092 795179 273123 923148 730463 602536 371828 605851 692558 790745 799620 810015 636398 447098 765355 382404 476954 391234 646871 331605 634255 658187 53935.1 633199 902158 422030 852397 482846 944595 398167 607820 213002 757786 779463 485412 641758 227108 621003 1.14889e+06 704086 747880 503811 160705 348210 294049 652007 301081 886139 403210 621884 1.03773e+06 538001 1.10109e+06 624866 344581 864089 583433 1.04328e+06 394574 363798 705360 839469 633934 345475 820679 788388 246138 571896 652386 188915 517536 486544 805248 350031 731011 1.09689e+06 60803 1.14529e+06 925681 83630.1 345365 
277094 286667 507117 606245 861594 464999 519665 456847 409238 1.00689e+06 295576 1.04125e+06 534342 925709 237002 732069 648189 839443 301684 493883 353035 671280 268002 820498 382624 566460 638063 661238 360272 166148 902594 341849 546059 172586 586464 824972 547234 626710 606486 477008 289836 984891 302248 443813 589415 686473 529469 284100 914235 359227 834005 308916 505277 550718 700071 789552 643204 264622 437340 299282 432709 775194 819913 929005 441654 810326 475164 540412 384641 182702 578553 259017 378001 640722 225878 420534 324918 688956 618943 590339 98792.7 359862 590871 349756 190024 696139 363637 286693 761328 858257 885901 592252 870001 528441 276226 874566 252699 157080 948498 857765 
618231 719462 225887 93005.4 340476 572239 529707 302853 444658 360839 735621 415326 189235 382099 650001 135152 147139 206155 806208 769437 666352 116250 625601 458530 319024 173925 612374 386063 482888 536345 551163 473092 372700 538855 109659 248244 246483 335529 219272 319240 460352 350156 410265 586369 112610 544259 408943 644957 262795 442309 145341 460871 461411 172595 344449 104690 628943 870395 390288 592747 282177 194093 156869 241514 556368 126143 568890 174929 329912 760230 511856 815432 484025 325518 574836 289689 741831 436038 327519 390083 593701 483498 173589 513264 519271 127632 357677 441101 140431 298453 293212 489519 203273 677661 807308 268293 869516 647408 290000 190160 
395904 849779 334767 432925 834819 849779 139703 293833 708097 564564 865268 561471 357239 402892 446230 628140 349794 698961 908116 376666 370407 383343 771379 926397 508159 346716 125873 808607 708495 583332 1.02426e+06 307002 151529 486815 433720 744640 273386 750910 278830 635814 372400 534214 402523 848343 499785 941505 138130 796558 742566 297410 546298 642112 785663 536355 792523 513157 142004 906277 676436 364825 359780 384232 643063 678083 224243 597978 853001 373226 539896 806943 74652.5 883892 267989 173217 697500 524124 886829 88005.7 169071 776050 576095 286531 332182 729429 588558 382460 363022 391842 422830 794833 788795 855643 679890 255932 891964 438731 896147 715788 545991 668088 
125208 648205 489118 623491 995978 767190 264756 412069 659897 920644 659294 932826 525792 783932 139463 811850 602439 911546 671340 124338 48764.7 636962 604950 1.01898e+06 516168 543203 333594 866413 629730 420006 1.11416e+06 245082 391602 303872 610737 927958 480651 815805 531034 660600 284522 892328 352037 753160 652063 946829 355574 626770 976079 274722 824399 557743 760498 648705 881090 781156 331403 622181 659365 134529 443668 699932 870244 948608 187856 840082 775077 540726 539812 552203 327951 627415 231225 494171 539823 553979 687634 478539 474605 807168 360050 231683 552091 634833 441277 652130 377915 315634 714070 973203 985373 848586 918029 184938 645728 783690 607474 506598 882912 904887 
534986 180136 482685 503200 588180 114022 687026 485477 116829 916457 193830 967678 487247 899822 520074 529432 592663 624605 269704 774623 622113 597537 104077 501049 279686 519394 816624 351518 74330.3 237154 570919 495298 625218 354431 483803 583768 549343 337360 593255 242244 422985 903368 372372 96400.2 445638 339096 631001 109041 698316 489094 697622 127193 174046 384111 406208 660775 827754 367614 171479 538499 424500 713711 628802 749827 637534 640631 123693 481705 252464 279179 724743 299588 539073 680525 126823 286356 191669 772472 663576 280794 305275 521239 548916 44721.4 216208 624540 406001 393845 676249 601945 639860 250833 672934 763215 281514 808359 374222 203158 846463 663428 
