100 25 16
777 335 649 27 763 426 211 429 862 135 22 167 11 373 784 324 413 980 862 281 84 505 313 895 814 
367 434 364 43 750 87 808 276 178 788 584 403 651 754 399 932 
4 11 10 11 10 1 12 5 1 12 9 1 3 7 1 10 0 4 3 12 5 10 11 11 4 9 4 11 11 3 7 11 9 13 1 15 9 11 10 8 0 13 15 10 5 1 10 14 3 12 4 2 14 5 2 8 2 4 10 14 4 3 7 9 6 15 4 13 7 12 4 0 12 7 12 0 3 1 7 9 3 9 14 0 5 14 4 9 3 10 14 1 8 10 1 2 14 9 15 9 
59512.4 48759.2 31539.8 25507.1 30931.7 30345.3 62405.1 36669.5 19359.8 62961.1 50235.9 68653.1 29636.6 64905.9 60714.6 21959.3 36100.6 31500.6 57743 80648.6 66924.6 35046.4 39902.5 30380.4 20041.2 
75712.7 106625 45894.7 43101.9 69826.4 96643.3 53450.9 49296.8 82783.8 19391.2 108290 16360 44504 3014.96 80469.2 52574.6 33547.7 53143.3 114444 78604.3 75792.5 33365.4 97394.3 85113.4 65319.3 
45158.6 85939.3 29575.8 37183.1 76525.6 83200.1 21188 27542.7 68805.9 47289 87543.9 47137.7 31030.6 31433.1 50132.7 55904.4 27821.2 62235.7 92444.6 46327.6 43990.6 30902.8 77563.1 86855.9 48803.7 
48915.5 49790.2 19292.5 16548.4 39373.2 37144.6 49960.8 24185.3 23272.3 57835.8 51410.6 62878.4 17836.2 56640 50737.2 23829.6 26290.9 34581.1 58456.6 68981.4 55794.8 26201.7 40398.1 42245.6 11164.7 
29712.1 48740.9 13580.1 24338.7 58608.3 46303.6 32442.3 10467.6 32290.2 63521 50383 67104.8 16279.1 56480.9 32131 40903.4 27652.3 51340.1 55955.8 49420 36224.3 29970.8 40003.1 61614 12791 
77014.4 47617.7 54486.8 48310 33392.8 22428.8 84170.1 58962.4 24447.7 81813.3 48575.1 87968.2 52763.8 86449.1 77056.1 38390.9 58938.8 43869.4 55861.6 99843.1 85209.9 57531.4 41578.8 19817.7 39291.7 
29876.6 26559 37476.9 45672.4 69803.5 34890.1 48041.6 34114.1 26072.2 86865.5 28079.4 90818.8 39633.4 80612 28271.9 56972.7 51241.1 67683.2 32573.8 53844.6 38596.6 53106 19587 66441.6 22230.8 
60877.7 81257.2 23167.2 16017.8 46864.6 69414.1 46277.9 29445.7 55815.8 26946.2 82913 31044 20413 24473 64851.4 27164.9 9100 31391.2 89529 71847.1 63948.9 6862.22 71875.2 59931 39785 
52070.4 11539.5 51792.9 55142.1 65385.4 16100.3 69459.2 51175.5 17936 96821.9 12986.5 101767 52637.7 94283 50003.6 59047.9 63581.5 68740.5 20527.3 75978.5 60769.7 64347 4428.32 56505.7 31753 
50459.1 46067.9 23873.2 21281 38755.9 32287.6 53612 28130.1 18619.6 62060.1 47659.6 67257.9 22656.6 61437 51831 25551.5 31195.5 36117.9 54868.8 71465.9 57777.2 30996.8 36749.1 39560.1 11132.8 
84573.3 111285 51638.2 46057 66154.7 98992.6 63485.6 56220 85707.1 10470.9 112944 5507.27 49594.9 11253.9 89179.8 51244.2 38034.9 49568.2 119464 88992.2 85319.4 36820.8 101920 82603 69770 
56086.5 34362.8 38515.7 36967.7 42970.3 16584.9 65101.9 41207.4 5021.95 76896 35777.8 82347.6 37882.6 77132.7 56066.4 36721.2 46931.5 46057 43346.2 79147.1 64365.5 46707.7 25909.3 36721.2 19954.2 
32856.8 24574.8 54180.6 63416.8 86820.8 44368.7 56995.6 49586.4 40365.6 104067 25303.2 107702 56718.3 96545 28811.1 74901.6 68226.5 85579.5 25283.4 54339.9 40400.5 70370.8 24077.6 81652.5 40255.8 
61241.3 30182.3 47002.7 45546.7 46840.2 8215.23 72455.3 49299.5 8102.47 84981.7 31361.4 90553.2 46481.2 85698.3 60606 43722.1 55570.7 52319.8 38907.1 84829.1 69770 55295.8 23221.5 37300.1 27817.3 
21783 37124.8 51354.6 62516.7 91195 54426.6 47311.4 45379.3 47711.7 101033 37976 104000 54436.2 91522.2 17129.2 76856.4 65380.9 87605.7 38126.6 41715.3 28383.3 68023.7 35113.5 88358.5 42001.9 
73136.1 61911.2 40340.8 29848.5 16015.3 40260.4 72691.8 46939.2 32637.7 58026.2 63277.6 64274.8 37452.5 64107.8 74742.5 14750.3 39777.5 20256.6 70869.2 93107.4 80082.5 37473.3 53541.5 19824.5 34128.7 
14577.4 39478.2 40472.8 52012.5 82800.2 51765.3 38073.7 34353.5 42520.2 90024.5 40689.3 92957.2 43640.6 80520.8 11727.3 67306 54439.9 78000.3 42800.5 37919.5 22944.5 57151.2 34826.4 81624.1 33044.2 
58788.2 30248.3 44313.7 43167.7 46524.9 10381.7 69709.3 46542.1 5420.33 82977.8 31527.9 88475.8 43852.6 83333.4 58268.3 42224.3 53092.8 51142.3 39118.9 82300.1 67280 52904.9 22663.8 38003.3 25054.5 
53018.2 77243.1 16980 15111.9 52142.2 67817.4 38082.5 22182.2 53701.8 33497.8 78907.4 36653.1 15123.8 26703 57131.6 31652.6 4504.44 37718 85183.4 63591.2 55809.9 6536.82 67977.7 63569.3 35871 
63901.5 49518.6 36241.6 29482.2 28211 29072.5 67206 41465.4 20146.7 65191.5 50915.6 71069.7 34225.7 68209.2 64936.7 22770.2 40112.3 31260.5 58495.3 85285.5 71437 38802.1 41046.6 25849.6 24436.4 
44400.2 13806.2 47059.6 52052.5 67240.8 22447.5 62413.5 45554.4 19350.7 93982.2 15469.3 98608.3 48342.3 90141.7 42313.2 58541.1 59663.2 68725.8 21931.7 68293.9 53092.8 60805.4 5035.87 60209.8 27835.2 
14368 67209.3 38104.7 51500.7 90409.8 74659 13201.9 30491 62307.7 78849.5 68541.4 79918.6 41713.8 64953.7 19053.9 71075.2 48112 80559.7 71151.2 16770.5 9920.18 51655 61228.3 94648.2 45185.2 
63166.8 23807.6 53869.7 53595.6 54715.4 1581.14 77056 55313 14123 93538.7 24713 99043.7 53720.1 93750.6 61846.3 52431.4 63361 60936.1 31992 87090.9 71857.9 63308.5 18947.6 43572.6 33914.7 
16096.3 42798.4 29049.6 40754.5 73336.8 49195.5 31723.8 23067.1 37575.5 78678.7 44263.4 81726.7 32231.8 69652.1 16886.1 56811.7 43030.8 67407.2 48052.6 39363.4 24374.2 45728 35970.7 73875.6 23832.1 
70502.5 44913.8 47664.3 42017.1 32784.4 20814.7 77237.1 52040.2 18942.3 77176 46048.7 83189.5 46036.9 80811 70722.1 33988.2 52638 40780.6 53549.4 93142.7 78608 51419.1 37903.3 22656.6 32420.1 
85999.6 86504.7 47197.5 33738 19163.8 66144.7 77484.7 54910.2 57056.1 37844.2 87969.6 44338.4 43535.4 49778.4 88851.9 16812.2 38356.4 6264.98 95491.2 101703 91208.9 34804.2 77636.4 36817 51753.7 
26050.9 80020.1 49671.7 62682.8 102537 88491.8 18435.8 42419.9 76185.3 84700.1 81275.4 84757.4 53115.4 68989.1 29704.2 82657.4 57655.6 91593.3 83301 9402.13 18133.4 61261.2 74532.5 107768 58815.4 
49414.4 7733.69 53282.4 57826.1 70385.5 21473 68403.6 51876.8 22548.8 99712.8 9386.16 104455 54473.7 96270 46925.6 63149.5 65712.3 73075.6 16401.2 73116.7 58028 66745 1720.47 61900.1 33805.3 
54385.4 81026.4 20349.4 19402.3 55498.2 72057.3 37505.5 24634.3 57900.8 31562.6 82690.6 34084.7 18930.7 22961.1 58698.6 35212.1 8814.19 40555.8 88854.1 63356.9 56540.6 10412 71809.3 67452.3 39802.6 
71548.9 36161 55326.3 51973.6 44681.7 10846.2 82226 58382.3 18253.8 89117.6 37006.6 95008.1 54353 91675.8 70879.8 46255.5 62408.7 53327.4 44145.3 95123.7 80075.6 61652 31033.7 31797 37159.8 
66021.2 74007.4 26888.1 13495.2 30425.3 58005.6 57296.5 34595.1 45850.7 35287 75600.3 41100.1 23220.7 39500.1 69118.5 10440.3 18721.1 16337.1 82788 81308.9 70938.9 15415.6 64674.7 43268.5 34858.9 
41269.8 59985.4 2765.86 11287.2 50230.9 52318 35195 10084.6 37915.8 49629.1 61649.7 53462.7 2280.35 43960.2 44522 30508.4 13885.2 40106.1 67867.7 57328.3 46239.1 15951.2 50768.7 57008.8 18885.4 
68315.9 40206.1 48186.4 43824.4 37565.9 16015.3 76607.9 51931.1 15492.3 80486.6 41314.6 86387.3 46898.4 83271.4 68230.9 37663 54357.5 45015.6 48794.3 91353.4 76596.9 53426.8 33421.5 27100.2 31412.7 
66717.1 87809.3 29706.9 22357.3 48598.9 75348.9 50519.9 35691 61971.8 20302.7 89462.5 24412.5 27051.2 19509.2 70831.6 30227.3 15591.3 32288.9 96125.2 76394.4 69334.3 13528.1 78416.6 62985.8 46381.6 
63165.6 37766.9 43671.5 40244.9 39057 15558.9 71566.8 47097.9 10816.7 78316.4 39012.4 84052.4 42592.1 80111 63141.9 36312.7 50633.3 44590.7 46590.7 86170.1 71426.7 49954.5 30230 30649.1 26341 
37436.3 91402.5 57508.3 69889.6 110282 99386.6 25056.9 50771.1 86766.6 86825.4 92660.7 86028.5 60721.3 69968.7 41009.9 89976.4 63543.7 98274.8 94659.9 17293.1 29401.5 67105.9 85838.6 116710 68755.4 
62191.1 41308.8 39980.5 35747.6 35555.7 20247.5 68923.1 43935.5 12614.3 73483.2 42639.5 79230.6 38651.4 75457.3 62550 31552.7 46225.2 40058.6 50235.5 84717.2 70234 45412 33245.3 29148.1 23982.7 
46789.8 23559.3 39594.2 42422.3 55878.9 17860 60366.4 39766.9 8514.69 84125.9 25154.9 89048.4 40193.2 81688.2 45891.2 47254.7 50966 57328.3 32380.4 70593.1 55417.3 51655.1 14263.6 49795.3 19335.2 
22769.5 31255.4 41170.9 51255.1 78550.4 43863.4 44628.7 36217.8 35647.7 91149.2 32522.8 94591 43911.8 83151.5 20116.2 64569.7 55279.4 75326 35155.2 46306.8 31277.1 57607 26442.6 75872.1 29597.5 
87395 67203.7 56490.7 46083.1 14541.3 42592 88711.9 62866.6 40360.9 69767.2 68307.9 76228.7 53685.1 78254.5 88503.7 28958.8 55818.7 29433.5 75767.3 108320 94782.8 53324 60165.2 3920.46 47915 
3401.47 55990.4 42534 55743.1 91608.1 67259.1 26752.6 35000.1 56598.4 88488.2 57168.6 90323 46162.4 76175.7 5203.84 73836.6 54965.9 84078.8 58864.7 21410.7 6449.81 58251.6 51271.1 93112.5 42866.4 
83163.3 47594.3 63271.2 57625.4 40479.7 22705.9 92126 67337.4 29703.9 91004.3 48267.3 97204.4 61727.9 95871.8 82743.6 47598 68255.2 52458.5 55045.5 106483 91579.6 66910.8 43188.5 24355.9 46929.4 
70836.3 75506.6 32021.4 18558.6 25253.9 57912.4 62818.2 39731.6 46664 36587.6 77061.1 42748.1 28365.1 43046.5 73762.9 6865.86 24288.7 10770.3 84397.6 86658.5 76012.4 20942.3 66294.2 39147.2 37893 
16264.1 41653 30194.2 41735.4 73814 48595.6 32897.6 24328.2 37236.1 79900 43104.5 82987.3 33330.5 70971.7 16641.2 57525.6 44210.9 68153.5 46802.8 39801.6 24707.3 46870 34965.4 74031.6 24169.8 
39463.5 33860 27598.6 31892.5 53298.9 28639.8 49406.5 27695.7 15047.9 73822.1 35520.3 78411.5 28452.9 70194.4 39745.4 40634.1 39577.9 51276.2 42122.8 62410.9 47659.8 40620.8 24520.4 51237.2 7660.94 
25329.8 79252.6 52388.3 65573.5 105101 88925 22048.4 44967.8 77021.1 88714.4 80449 88869.9 55903.5 73146 28416.4 85436.5 60994.4 94580 82100.5 5220.15 16851.4 64596.3 74193.9 109746 60293.4 
85335.3 75235.4 49818.6 37403.7 3114.48 52517.9 82141.6 57081.2 46203.1 54620.6 76550.6 61113.8 46481.4 64400.2 87296.8 17572.7 45635.5 14328.3 84145.7 104134 91822.9 42600.5 67077.4 19263.4 47110.3 
69374.5 74740.7 30513.8 17051.1 26480.2 57540.7 61301.3 38225.1 46044.9 36494 76305.3 42569.9 26855.5 42321.2 72327.9 7300.68 22832 12280.1 83608.6 85137.4 74516.1 19516.7 65494.1 39972.2 36746.2 
8664.87 56010.8 31353.6 44690 81685.4 62907.6 19522.6 23735.6 50735.1 77265.3 57400.3 79273.8 35006.9 65467.1 13259.3 63274 43583.9 73321.9 60494.8 26662.5 13092.4 46883.7 49669.5 84522.4 34439.8 
34882.7 34879.4 25985.6 32202.5 56851.6 32549.8 45356 24914.7 19417.8 73903.2 36540.9 78206 27400.7 69152.7 35257.5 43040.9 38874.2 53776 42664.5 57823.6 43063.3 40305.3 25821.3 55544.6 8228 
54945.9 76286 17254 12347.1 48325.7 65722 41301.1 23438.6 51793.6 32734.1 77947.5 36490.7 14698.6 28114.9 58877.8 27869.2 3138.47 33916.5 84412.6 66562 58203.1 2886.17 66948.1 59943.7 34769.7 
57649 57062.9 23712.4 14863.7 30634.1 41007.8 56002.9 30253.8 28617.5 52206.7 58631.5 57753 20995.5 53758.4 59736.9 14534.4 25477.2 25251.7 65926.7 76729.4 64140 24103.3 47812.7 36080 20547.7 
10469 60423.9 32672.5 46130.7 84121.5 67165.8 15747.1 24959.6 54794.3 76641.6 61805.2 78300.1 36337.3 64025.2 15485.8 65239.6 44001.8 75045.7 64806.9 23340.3 11515.6 47427 54109.7 87676.2 37903.3 
47470.9 17441.3 44809.2 48353 61214.8 17397.1 63345.6 44308.6 13237.1 90139.9 19043.4 95000.7 45660.6 87333 45930.8 53297.7 56646 63287 26261.9 71441.3 56188.3 57471.8 8154.14 53991.2 24782.5 
76327.3 48940.1 52633.9 46054.1 30961.3 23985.2 82716.2 57336.2 24462.4 79162.4 49961 85328.5 50796.3 83944.7 76540.5 35739.3 56674 41194.7 57333.1 98931.5 84423.3 55187.1 42520.6 18221.4 38107.2 
56566.2 39222.7 35327.6 32549.8 38773.8 21287.6 63510.6 38801.2 9752.95 71965.1 40671 77479.6 34321 72654 56995.6 31641.3 42745.4 41074.2 48212.1 79060.7 64585 42301.9 30549.1 34211.3 18416.6 
44335.3 51189.2 13865.4 14425.7 43938.6 41090.3 44265.2 18471.6 26800.2 56356.5 52841.1 61001 12931.4 53487.9 46509.9 26742.1 22775.9 37402.1 59566.8 63707.5 50861.5 23380.8 41793.8 47802.3 10000 
60490.1 71422.8 21213.2 8015.61 35327.8 57154.5 51541.4 28901.4 44210.9 36342 73045.8 41657.3 17551.4 37773.7 63702 14729.9 13395.9 22041.1 80055 75519 65251.1 10410.1 62024.9 46845 31100.6 
59555.2 15625.9 55719.7 57326.6 62357 9702.06 75848.9 56038.9 17780 98310.8 16507.6 103565 56100.1 97179.6 57665.7 58522.6 66495.9 67566.3 23816 83510.3 68271.9 66858.8 12061.5 51735.7 35415.8 
37400.1 34918.5 26135.8 31281.5 54501.1 30790.3 47201.7 25811.8 17281.2 73149.8 36582.6 77609.1 27220.8 69019.2 37811.4 41130.6 38520.3 51834.8 42982.9 60243.8 45539.7 39737.3 25675.9 52996.7 6920.26 
7021.4 47497.9 41231.7 53789.4 87306.6 59460.7 32398.9 34246.2 49503.6 89468.7 48676.3 91876.9 44691.2 78549.3 3689.17 70613.5 54645.2 81138.2 50467 29821.6 14928.2 57671 42911.1 87444.3 37711.5 
45012.6 48872.3 16574.7 16696.4 43229.7 38283.2 46336.6 20718.3 24014.2 58577.3 50517 63345.5 15745.8 56141.3 46908.6 27031.3 25461.5 37776.3 57346.4 65052.6 51853.1 25913.9 39463.5 46106.9 8338.47 
95818.8 66453.6 68912.3 59838.5 29201.5 41169.2 100381 74573.5 44236 85240.6 67244.1 91709.8 66485 93614.4 96210.6 44111.8 70006.1 44878.6 74219.5 118027 103762 67774.7 61133.7 11621.1 56945.3 
54901.5 14080.1 70029.8 76493.3 90635.3 39302 78318.1 67067.1 42931.7 118373 13100.4 122755 71826 113321 50919.2 83347.1 83378.3 93390.6 6539.11 76260.7 62505.1 84853.9 22061.7 81228.7 52119.9 
77424.7 67965.1 42815.5 31100.2 10824 46139.5 75264.4 49847.8 38674.7 54551.4 69331.2 60929.5 39640.6 62151.4 79287.9 12788.3 40233.6 15211.8 76923.1 96643.1 84063.6 37525.7 59577.8 20082.3 38988.2 
59814.1 12486.8 72088.4 77586.7 88897.8 36318.9 82525.8 69713.2 41924 119515 11005.9 124130 73620.2 115353 56035.7 82978.1 85052.7 92730.2 3606.94 81678 67650 86295.1 21708.3 78485.7 53340.1 
58698 4833.22 63819.3 67702.7 76299.2 23532.5 78786.9 62587.3 30062.9 109423 4172.53 114342 64872.6 106622 55745.9 71323.8 75970.1 80784.5 10004.5 81990.9 67143.1 76837 12126.4 65696.7 44058.3 
75209.1 65162.7 41319.2 30098.7 13283.4 43481.5 73765.3 48179.8 35860.3 55870.7 66533.1 62188.5 38259.8 62721.4 76970.8 13124.4 39624.4 17310.4 74123.7 94743.9 81975.2 37094.1 56763.1 20019.2 36526.8 
68647.6 32718.5 54062.6 51559.8 47047.3 7400 80088.5 56706.7 15758.2 89666.6 33601.3 95448 53309.4 91521.9 67840.5 47238.2 61849.6 54829.3 40810.4 92327.5 77221.9 61294.5 27489.8 34889.1 35295.5 
79716.1 90820.4 40462.3 28380.5 35137 73884.8 66748.8 47782.1 62367 21821.5 92404.8 28278.1 36981.8 32882.4 83294.8 22466.2 28111.4 18600.3 99626.6 92181.1 83573.3 24634.3 81508.1 51811.7 51535.3 
34407.1 59457.7 5099.02 18554 57609.5 55000.4 28151.7 2624.88 40617.7 53817.7 61107.2 56995.9 8766.41 45773.9 37967.6 37981.2 18249.7 47529 66780.3 49855 38952.5 21174.7 50583.5 63724.8 20602.2 
52024.7 87975.5 28293.1 32478.5 69920.3 82449.1 29817.1 28810.6 68033.1 37833.8 89617.7 37917.9 28621.1 22556.8 56857 49589.2 22110.9 54852.3 95078.1 55459 51923.4 24552.2 79169.2 81580.7 48541.2 
51052.9 82602.7 21982.9 24839.5 62450.1 75689.7 31807.7 24067 61331.3 35543.9 84258.9 36938.1 21734.8 23343.1 55638.6 42019.5 14422.2 47680 90041.9 57807 52242.2 16919.8 73594.2 73899.9 42253.8 
53878.1 67159.1 14632.8 1664.33 40100.5 54868.9 45622.8 22337.6 41234 40309.1 68804.4 45072.9 10965.9 38866.6 57107.1 19525.6 9946.36 28114.9 75601.7 69171.4 58683.7 8584.29 57750.9 49819.8 26021 
91940.5 82473.8 55481.3 42573.8 5883.03 59434.8 87504.2 62932.1 53532.2 53912.9 83770.5 60398.8 52015.9 65504.9 94060.8 22495.6 49865.5 15624.7 91362.2 110149 98202.4 46599.7 74388.8 22897.4 54150.3 
57084.6 83691.5 23124.9 21194.6 55721.5 74287.3 39582.8 27493.5 60210.3 28843.4 85355.8 31246.3 21560.4 20246.7 61437 35730.2 10866.9 40355.5 91568.4 65522.2 59068.9 11715.4 74449 68273.9 42378.4 
61119.1 86298.6 26245.2 22348.6 54112.8 75863.1 43632.7 31144.8 61985.2 24828.4 87961.9 27518.7 24288.7 17910.9 65433.1 34665.5 12900.4 38275.3 94323.1 69593.2 63180.5 12596 76992.5 67463.3 44823.2 
56510.7 71946.7 17157.2 6389.05 41202.9 59571.6 46067.9 24603.3 46019.7 35569.2 73594.2 40261.6 13662.4 34258.4 60000.4 20580.1 7516.65 27679.6 80359.2 70457.7 60770.5 4743.42 62541.2 52348.3 30704.4 
52198.2 21645.3 44602.5 46322 55519.5 12218.8 66134.6 45213.4 7829.43 87603.7 23088.7 92737.3 44936.1 86059.8 51069 49023 55358.6 58644.1 30634.1 76079.6 60866.4 55788.3 13277.4 47651.8 24307.4 
52368.9 14641.4 68420.2 75247.5 90564.7 39960.6 75962.7 65244.2 42680.8 117062 13926.2 121351 70314.3 111676 48341.4 82690.4 81895.2 92843.3 8402.38 73621 59916.4 83458.9 21786.2 81635.4 50884.2 
59850.6 12845.6 58098.3 60198.5 65739.2 12776.9 77109.3 58067.5 20912.4 101365 13544.7 106561 58628.5 99912.4 57694.5 61836.1 69197.8 70934.6 20662 83734.2 68541.2 69665.6 11260.6 54930.7 37821.7 
77466.5 95683.1 39773 30409.5 46697.8 81103.2 61156.9 46173.6 68507.3 12093.4 97315.3 17962.2 36805.7 21213.2 81517.7 31705.2 25810.5 30016.7 104235 87093.3 80170.6 23126.2 86274.4 62900.7 54775.9 
64279.5 15161.1 62061.3 63607 66726.1 13148.4 81573.8 62268.5 23914 104432 15414.6 109745 62456.8 103509 62055.6 64141.2 72835.8 72887.1 21681.6 88138.5 72960.9 73166.5 15519.3 54889.4 41758 
49048.6 78429.7 17647.7 20593.4 59069.9 71184.8 31827.7 20435.5 56835.6 36908.8 80089 39008.3 17238.6 26527.9 53461.9 38489.6 10480.9 44806.8 85978.2 57653.4 50948 13418.3 69363.8 69963.8 37854.1 
80510.5 88108.2 41112.2 28211 29482.2 70112.8 69224.3 48680.6 59211.2 27335.9 89662.1 33821.3 37501.2 38369.3 83837.3 18322.1 30013.7 13038.4 96998.1 94249.7 84889.2 26417 78892.6 46300.1 49989.2 
66500.9 97034.1 36222.1 34419.3 64925 87776.3 45263.7 39532.4 73746.1 22835.5 98697.8 22451.1 34982.4 7571.66 71182.7 46265 24381.3 48555.6 104783 70923.3 67047 24695.1 87841.5 79104.6 55858.1 
29123.4 24959.6 45821.4 54876.7 79120.5 40076.9 51283.1 41533.7 33837.8 95629 26144.4 99345.7 48278 88461.3 26031.1 66583 59820.5 77291.5 28493 52280 37458.5 61904.8 21193.6 74920 31800.2 
66400.3 77906.4 27000.2 14455.4 34582.4 62753.9 55638.6 34541.9 50246.7 30441.6 79519.6 36102.4 23413.7 34307.1 69792.9 15388.3 16371.9 19246.3 86593.4 80330.6 70753.7 12790.6 68525.2 48206.6 37833.6 
88226.1 79976.6 51673.6 38776.4 5281.1 57428.2 83705.4 59127.7 50824 51760.4 81309.3 58262.6 48208.4 62655.6 90393 18693.6 46174.6 12408.5 88905.4 106349 94441.2 42942.4 71722 23197.6 50633.3 
67427.3 53463 38021.7 29893.1 24010.4 32238.6 69607.8 43747.7 24204.3 63361 54833.6 69387.8 35688.1 67453.8 68622.5 20242.5 40446 27895.9 62423.9 88433.8 74805.9 38786.6 45105.4 22585.8 27958.9 
32786.7 44055.6 16925.7 25018.6 55634.3 40509.8 38107.7 15768.6 26488.5 65903.7 45713.1 69899.7 18739.5 60220 34474.6 39221.6 30344.9 49900.4 51644.3 53865.8 40023.2 32144.2 35072.1 57275.2 7340.98 
20902.9 33501 38072.8 48419.9 76777.7 44369.6 41733.7 32995.9 35202.6 88049.3 34841.5 91434.6 40879.5 79913.8 18868 62255.7 52187.8 73007.5 37886.8 44749.3 29565.5 54571.5 27986.6 74779.7 27400.2 
81003.8 66372.7 48299.6 37359.1 10478.5 43111.6 80694.5 54976.4 37831.9 61532.5 67632.7 67946.4 45334.5 69395.7 82487.4 19968.5 46916.3 21571.3 75213 101150 88047.1 44360.6 58521.1 12878.7 41785.2 
63300.1 100066 39836.3 41734.6 75696.5 93595.1 39455.4 40968.3 79251.8 33392.4 101713 31466.8 39654.8 15473.8 68226.8 56289.4 31113 59617.8 107254 63894.1 62347.2 32585 91184.6 89030 60136.5 
15556.3 64222.5 30565.5 43965.9 82944.4 69433.8 10863.2 22957.8 56532.9 72469.4 65651.5 73896.8 34176 59377.6 20579.8 63543.7 40816.7 73022.9 68985.4 24291.8 15239.8 44330.1 57492.4 87530.6 38580 
13061.4 66339.2 39062.1 52493.8 91149.7 74339.8 14921.5 31403.5 62179.5 80391.1 67649.1 81516.3 42691.9 66598 17617.3 71956.1 49366 81535.4 70112.1 16037.8 8200.61 52892.3 60534.5 95084.2 45404.2 
19601 34810.5 43693.6 54538.8 83243.4 48861.5 43307.4 38080.2 40807.5 93564.1 35947.7 96729.8 46666.9 84699.1 16183 68728.5 57783.4 79476.9 37716 42405.8 27705.1 60316.5 30873 80924.9 33901.3 
31923.2 73053.7 22226.6 33724.9 74234 72553.6 11964.1 17171.2 58413.2 56003.6 74628.2 57123.8 25013.8 42453.9 36804.9 53772.9 27404.6 61963 79215.2 37663 32002.5 31001.5 65003.5 81982.5 38458.4 
29861.3 44868.8 16901.2 26436.7 58439 42826.7 35405.2 14356.9 29012.6 66579.1 46513 70345.7 19227.6 60075 31705.7 41631 30784.7 52246.3 52144.4 50817.8 37006.1 32872.2 36113.7 60310 10347.9 
67174.5 49397.4 40370.8 33494 27456.3 27455.4 71191.6 45505.7 20591.3 68208.7 50715 74193.3 38369.4 71857.7 68010.1 25193.8 44120 32742.8 58310.6 88879.5 74860 42711.7 41336.8 22674.4 27846.9 
