120 30 15
777 335 649 27 763 426 211 429 862 135 22 167 11 373 784 324 413 980 862 281 84 505 313 895 814 364 87 178 403 399 
9320 600 6760 3680 7390 120 2260 5860 940 5390 7950 5700 4340 3780 4670 
6 12 11 11 14 10 7 6 7 2 5 14 6 3 3 10 8 11 5 14 5 14 4 3 10 7 13 9 10 0 8 3 4 8 10 3 12 14 8 7 0 14 2 7 4 2 3 10 10 1 5 4 5 12 12 0 14 8 11 13 3 14 3 5 11 10 12 0 3 13 9 12 6 1 4 4 2 2 13 7 1 7 5 2 2 8 5 9 10 14 11 10 4 11 13 6 7 14 3 7 3 13 13 0 6 5 2 13 2 6 1 12 0 0 7 1 12 14 3 2 
2864.47 8252.3 5016.18 6297.43 10306.8 9045.91 1821.57 4308.9 7794.93 8354.05 8379.88 8339.12 5352.87 6752.44 3244.46 8301.9 5749.33 9174.76 8594.89 1190.17 2092.68 6109.47 7687.2 10876 6022.24 5403 1613.07 9473.1 7606.61 5734.28 
2581.41 4458.81 1919.27 2985.65 6251.82 4482.19 3308.41 1503.36 3146.17 6916.55 4620.27 7268.05 2195.84 6175.99 2762.79 4562.25 3329.46 5620.29 5139.43 4711.9 3309.05 3564.84 3622.78 6418.79 1398.18 2512.95 4595.7 4911.54 3037.1 1889.05 
6115.23 8001.03 2284.05 1453.41 4473.95 6769.23 4738.96 2947.17 5420.89 2775.84 8166.2 3218.23 1985.95 2639.73 6501.7 2498.4 910.824 2938.47 8835.58 7278.85 6450.12 617.414 7061.35 5774.7 3862.46 1675.47 5361.57 5070.16 5740.95 5892.16 
616.847 4794.37 3770.33 5033.97 8435.86 5838.24 2983.32 3068.11 4780.23 8590.27 4920.5 8833.49 4118.07 7507.98 575.847 6738.73 5107.85 7786.53 5150.62 3010.02 1486.47 5411.44 4272.25 8497.86 3496.87 4373.07 4142.81 6939.81 4465.09 2375.31 
2738.8 5021.13 1396.17 2580.27 6116.5 4884.31 2960.96 920.869 3495.21 6385.49 5183.76 6719.35 1707.92 5600.93 3008.8 4311.5 2804.32 5343.29 5715.42 4660.53 3360.91 3062.32 4167.78 6446.66 1565.89 2003.85 4218.55 5001.45 3457.76 2471.32 
9223.56 7843.72 5746.04 4521.34 480.104 5457.93 8984.84 6462.33 5018.07 6070.68 7965.18 6720.75 5417.76 7149.64 9398.98 2544.66 5350.86 2116.81 8720.62 11152.2 9894.5 5046.08 7077.38 1582.18 5346.07 5417.13 9937.59 2574.22 5561.38 7271.95 
3082.55 8182.96 4016.99 5217.83 9266.03 8605.82 827.647 3392.01 7261.58 7044.8 8325.77 7030.82 4322.51 5447.83 3562.02 7224.47 4564.26 8040.16 8650.35 2365.46 2588.05 4920.62 7501.77 9981.03 5350.71 4318.21 579.396 8663.41 7158.56 5542.61 
3414.57 2542.75 3614 4300.29 6501.73 3025.92 5037.24 3382.5 2085.43 8466.81 2704.9 8889.82 3788.57 7944.11 3295.69 5293.06 4944.91 6357.08 3253.57 5808.56 4284.34 5101.3 1721.66 6126.57 1885.34 4129.03 6333.29 4529.66 1685.05 510 
1864.3 3536.57 4065.18 5151.23 8064.35 4782.65 4128.26 3508.87 3905.14 9053.49 3660.05 9372.57 4362.06 8177.74 1590.13 6586.84 5474.49 7660.98 3893.71 4209.62 2709.34 5727.13 3065.45 7873.53 3113.62 4669.95 5346.14 6280.77 3504.64 1321.36 
3014.96 5989.1 996.243 2340.94 6255.38 5748.43 2350.77 242.074 4326.4 5676.8 6151.68 5952.43 1360.15 4734.66 3398.72 4294.18 2193.17 5243.61 6678.16 4489.87 3423.81 2513.48 5133.21 6837.1 2326.41 1526.43 3507.08 5505.68 4350.05 3420.94 
2171.13 6188.55 2070.77 3409.78 7326.88 6362.77 1441.01 1315.29 4999.85 6426.08 6342.63 6621.93 2431.01 5251.78 2625.28 5372.02 3131.29 6315.57 6772 3412.7 2420.02 3476.35 5419.56 7849.09 3085.77 2563.63 2714 6462.61 4920.62 3522.3 
4315.61 3935.81 2407.07 2622.31 4736.21 3022.38 4975.62 2589.54 1580.13 6808.25 4100.01 7287.23 2419.61 6543.13 4405.56 3412.76 3470.52 4478.54 4788 6520.28 5092.84 3536.57 2994.75 4663.74 453.1 2736.51 6219.69 3120.26 1732.97 2276.07 
3536.24 1865.07 4829.96 5610.79 7711.45 3480.76 5676.7 4484.86 3031.52 9754.61 1988.42 10158.1 5040.34 9143.85 3237.61 6604.44 6201.37 7662.11 2282.81 5862.87 4376.59 6380.24 1516.44 7159.96 3211.79 5378.2 6935.14 5581.98 2513.19 1103.9 
7155.08 10374.7 4289.21 4123.93 7033.93 9463.35 4904.74 4582.68 8060.83 2280.9 10541 2047.49 4176.98 470.106 7634.17 5229.8 3124.36 5376.71 11142.6 7415.37 7147.17 3149.92 9458.38 8506.23 6265.73 3847.08 4806 7890.23 8306.37 7960.4 
3672.41 2212.08 3916.8 4549.48 6562.47 2795.51 5364.11 3708.15 1992.51 8730 2375.08 9164.15 4078.06 8244.71 3521.15 5445.46 5229.47 6500 2940.54 6069.64 4544.33 5374.03 1387.08 6094.93 2116.03 4418.62 6659.2 4502.45 1534.96 690.652 
2507.11 7660.06 3854.67 5121.91 9142.48 8180.86 642.573 3168.63 6866.19 7294.64 7800.23 7326.73 4184.93 5770.08 2985.18 7128.45 4572 7994.71 8106.65 2010.99 2024.28 4932.38 7002.13 9761.39 5004.9 4225.73 1155.51 8394.53 6732.5 5037.54 
6827.2 6233.08 3388.7 2291.24 1994.49 4264.84 6633.23 4076.57 3288.18 5260.31 6379.42 5870.06 3084.57 5762.22 7022 936.483 3277.71 1793.88 7131.82 8744.74 7485.78 3048.97 5350.14 2678.84 3021.52 3142.01 7652.78 1925.12 3792.37 5100.69 
764.788 4813.31 4338.96 5598.04 8945.19 6089.22 3347.63 3636 5122.91 9148.22 4925.9 9382.71 4686.03 8038.31 300.666 7280.97 5675.36 8333.82 5072.76 2908.37 1460.55 5979.97 4391.91 8944.52 3981.67 4941.91 4423.86 7372.07 4765.9 2605.55 
3980.2 6167.02 80.6226 1328.16 5298.7 5494.66 3230.37 797.621 4051.83 4927.24 6333.21 5278.28 349.285 4250.29 4330.42 3302.48 1342.39 4233.41 6936.53 5493.13 4432.21 1606.49 5255.19 6008.16 2108.51 553.173 4260.75 4785.24 4201.15 3804.47 
1614 6886.75 3830.99 5164.2 9082.77 7601.35 1190 3076.95 6353.24 7810.9 7020.84 7904.96 4188.68 6396.41 2081.66 7133.93 4789.68 8070.34 7287.03 1654.96 1139.52 5146.12 6280.67 9537.98 4614.46 4300.81 2061.7 8097.07 6161.57 4318.54 
4302.28 7791.87 1931.66 2665.11 6644.47 7340.91 2369.32 1873.87 5897.64 4386.22 7955.5 4516.48 2047.83 3102.29 4770.17 4577.55 1782.81 5274.18 8492.93 4965.33 4395.1 2117.83 6919.9 7630.67 3915.94 1860.97 2915.48 6545.23 6009 5237.17 
8519.42 6858.29 5275.49 4174.84 984.937 4464.3 8514.74 5941.93 4063.99 6435.29 6977.89 7081.39 4978.6 7295.95 8658.37 2387.57 5119.74 2402.77 7732.17 10550.9 9231.91 4857.09 6105.32 930 4586.56 5036.95 9548.39 1582.4 4606.26 6400.54 
6047.45 956.713 7026.36 7512.6 8505.4 3218.34 8237.87 6831.41 3850.99 11700.5 792.465 12175.4 7161.26 11340.9 5694.95 7971.6 8293.25 8931.66 353.553 8289.08 6854.82 8402.38 1897.63 7434.54 5106.33 7499.89 9499.33 6069.93 3370.24 3511.41 
6677.91 7072 2850.44 1520.69 2604.32 5359.05 6007.01 3615.65 4201.07 4012.78 7228.2 4609.26 2490.88 4490.04 6955.31 543.783 2267.71 1404.31 7959.53 8333.08 7223.57 1969.19 6148.41 3802.17 3307.64 2412.99 6886.46 3207.65 4643.9 5507.53 
4786.19 1535.74 6487.41 7220.25 8931.35 4016.28 7155.2 6142 4132.37 11388 1511.82 11803.8 6689.96 10804.3 4383.3 8051.88 7850.43 9082.48 1156.63 6916.08 5541.09 8018.88 2074.08 8120.02 4791.76 7029 8369.3 6619.68 3590.89 2763.84 
4794.01 5091.48 1739.25 1500.83 4027.47 3888.88 4827.44 2244.75 2490.18 5657.6 5254.61 6152.02 1591.38 5498.59 4992.23 2394.1 2453.26 3469.02 5950.81 6764.92 5464.98 2457.17 4150.77 4377.27 1123.61 1840.24 5966.85 3032.66 2788.87 3323.99 
4910.24 7473.93 1398.07 1527.78 5415.99 6644.47 3447.46 1850.65 5217.07 3724.3 7640.29 4016.63 1277.69 2932.12 5324.1 3351.49 544.885 4035.55 8251.77 5982.86 5188.68 880.057 6555.34 6471.58 3365.9 958.801 4140.93 5488.62 5426.77 5116.49 
2634.92 7966.56 4518.64 5796.69 9808.99 8655.34 1322.31 3816.94 7379.06 7910.03 8099.38 7915.11 4853.74 6339.42 3061.39 7801.64 5251.48 8673.6 8351.35 1464.41 1958.19 5611.77 7363.87 10394.5 5572.16 4901.96 1332.22 9003.85 7210.86 5401.07 
7392.68 10460.1 4387.19 4114.47 6845.47 9467.94 5190.86 4730.97 8079.96 1942.58 10626.5 1704.85 4248.02 152.643 7866.31 5094.95 3154.12 5180.01 11242 7719.86 7412.96 3140.14 9537.05 8356.75 6329.87 3912.2 5131.91 7799.76 8345.6 8088.1 
4156.01 1245.35 5214.64 5884.9 7659.57 3081.77 6263.9 4935.85 2882.1 10064.3 1369.38 10493.9 5394.85 9544.22 3854.67 6707.73 6551.24 7744.79 1720.29 6479.3 4995.93 6704.33 1035.86 6969.45 3450.36 5735.26 7530.76 5422.08 2340.53 1557.56 
9073.17 10988.7 5388.97 4477.56 5491.02 9449.5 7255.8 5998.01 8232.14 594.643 11151.1 1029.03 5104.16 2402.6 9496.04 4361.25 3980.77 3912.66 11849.1 9853.7 9282.46 3734.72 10048.5 7228.87 6912.86 4786.49 7457.35 7158.56 8627.6 9000.63 
1828 3863.74 3179.7 4278.55 7348.54 4618.5 3592.34 2638.22 3528.81 8170.17 4008.44 8495.23 3477.01 7323.78 1792.01 5780.55 4589.47 6850.07 4378.79 4210.48 2690.3 4841.53 3204.65 7298.55 2370.02 3784.28 4866.95 5725.74 3224.05 1239.68 
1368.54 4729.52 2769.3 4016.03 7460.73 5319.94 2723.42 2098.59 4113.51 7660.39 4875.62 7936.38 3110.45 6678 1575.44 5727.66 4133.19 6771.06 5246.61 3589.12 2128.1 4424.76 4044.32 7613.91 2585.44 3376.64 4002.11 6086 3886.72 2081.95 
3200.39 4208.3 1900 2706.01 5677.26 3935.73 3884.02 1744.16 2555.62 6802.54 4373.75 7202.56 2086.26 6230.13 3341.53 4080.01 3246.92 5151.4 4959.97 5362.13 3950.32 3426.67 3316.52 5780.01 752.13 2425.39 5155.2 4263.8 2509.66 1862.07 
5254.19 273.13 6120.46 6642.48 7885.92 2788.69 7365.79 5918.59 3127.75 10835 296.816 11299.2 6262.31 10440.1 4934.47 7204.78 7400.17 8193.98 756.902 7552.75 6084.82 7518.33 1062.31 6955.9 4221.53 6601.7 8636.81 5504.36 2611.74 2609.69 
6002.62 4809.42 3260.87 2670.92 3100.06 2930.61 6332.02 3763.03 1864.32 6406.47 4955.5 6977.82 3075.61 6609.96 6113.83 2281.27 3730.01 3217.58 5708.24 8132.98 6751.48 3625.05 3931.46 2976.34 2054.56 3275.15 7491.23 1518.19 2371.18 3867.74 
5452.12 2030.1 7321.05 8049.67 9641.05 4560.89 7890.66 6967.37 4851.61 12220.8 1943.71 12638.1 7524.47 11635.8 5019.41 8838.57 8684.93 9858.53 1290.35 7470 6161.05 8852.68 2762.79 8740.62 5618.06 7863.49 9079.6 7282.04 4317.23 3596.11 
5501.42 3659.41 3576.77 3396.29 4144.03 1959.31 6299.18 3873.42 715.612 7394.65 3805.52 7937.42 3502.8 7412.71 5525.26 3412.04 4395.27 4367.26 4558.27 7778.21 6315.61 4370.49 2787.29 3642.97 1776.12 3777.19 7539.23 2046 1225.6 2985.3 
4015.2 5167.79 1042.35 1533.95 4833.22 4379.24 3966.02 1396.71 2936.41 5668.45 5334.14 6095.28 1061.04 5230.72 4256.3 3046.47 2174.07 4095.85 5975.22 5911.08 4644.36 2305.17 4238.35 5247.04 1028.59 1391.19 5126.5 3883.98 3098.85 3015.73 
4189.61 2414.56 3715.17 4146.56 5860.46 2263.12 5606.01 3652.1 1274.56 8338.66 2580.31 8806.33 3815.34 7991.96 4099.28 4840.04 4931.29 5877.16 3252.72 6572.13 5053.33 5032.57 1478.72 5364.92 1739.25 4150.47 6901.88 3772.44 870 1325.75 
7568.97 7718.91 3725.18 2382.96 2015.56 5814.14 6835.92 4493.92 4791.76 3887.26 7869.85 4524.48 3362.04 4716.66 7845.1 671.193 2991 523.927 8614.85 9201.49 8110.46 2655.05 6814.55 3523.19 4132.37 3256.82 7660.06 3325.33 5273.65 6320.93 
4577.1 1789.33 4374.12 4769.42 6175.08 1903.71 6176.45 4302.65 1390.58 8955.29 1952.9 9433.9 4470.1 8643.7 4424.08 5327.68 5578.91 6337.85 2655.48 6974.13 5448.83 5670.71 848.528 5496.05 2387.3 4804.02 7474.02 3936.15 850.235 1595.31 
4509.6 4973.63 1584.93 1582.56 4311.95 3914.49 4592.21 2022 2489.1 5772.09 5138.22 6247.25 1492.15 5524.72 4708.14 2660.47 2456.93 3733.43 5819.6 6491.59 5183.53 2502.18 4032.88 4634.92 903.383 1775.53 5751.5 3257.3 2737.08 3098.08 
5452.86 5985.88 1827.84 862.844 3480.01 4580.24 5073.32 2535.05 3259.6 4800 6147.3 5323.5 1523.06 4817.69 5705.19 1598.41 1925.85 2646.83 6855.11 7241.89 6047.35 1810 5047.74 4193.58 2042.67 1607.51 6093.61 3111.94 3624.94 4241.9 
2772.18 5954.94 1249.2 2594.8 6493.6 5823.44 2158.73 483.322 4414.94 5886.94 6115.9 6147.06 1614 4894.49 3165.33 4541.92 2432.49 5496.22 6620.48 4241.57 3169.31 2758.01 5117.89 7044.5 2431.3 1780.17 3351.81 5690.56 4408.28 3350.49 
7366.1 5016.02 4823 4118.47 2768.47 2601.63 7882.29 5323.76 2355.36 7421.92 5130.4 8036.17 4624.65 7891.11 7416.53 3080.29 5178.9 3666.99 5880.99 9585.26 8157.24 5023.64 4303.77 1773.87 3478.97 4803.6 9053.32 304.795 2877.93 4882.15 
4825.9 2814 3679.35 3847.87 5120.71 1821.65 5980.8 3780.01 523.45 7994.56 2970.61 8499.09 3703.42 7813.69 4783.58 4249.48 4743.05 5252.89 3703.04 7176.07 5673.89 4789.42 1895.28 4576.65 1656.05 4019.91 7261.77 2985.1 449.444 2088.56 
5763.21 6894.73 1845.45 510.098 3678.7 5535.86 4930.77 2616.33 4213.8 3859.24 7057.83 4371.04 1478.72 3887.47 6080.01 1612.27 1221.88 2433.43 7752.42 7298.83 6250.48 982.344 5953.99 4734.91 2834.71 1347.37 5799.67 3875.84 4566.02 4986.88 
2377.16 3101.03 3787.37 4760.01 7468.53 4137.17 4378.52 3330.54 3236.82 8781.12 3240.02 9138.01 4049.31 8025.91 2185.86 6068.22 5194.81 7143.82 3583.09 4767.07 3246.17 5417.65 2515.25 7223.8 2570.31 4374.16 5643.09 5628.8 2838.63 657.647 
3470.92 2035.93 5170.42 6014.46 8199.76 3907.17 5757.85 4772.47 3518.64 10130 2130.19 10517 5400.49 9458.04 3117.08 7068.59 6559.64 8130.1 2260.55 5722.97 4275.91 6754.06 1888.31 7646.21 3644.08 5735.02 6988.23 6070.32 2996.66 1470.27 
1626.93 5977.24 2527.69 3873.98 7715.11 6369.08 1480 1756.84 5058.46 6974.02 6125.66 7166.12 2893.6 5782.15 2090.22 5801.15 3660.34 6770.97 6505.88 3001.67 1895.94 4000.61 5260.47 8141.95 3242.3 3056.35 2773.54 6706.3 4920.65 3314.89 
4376.59 3961.84 2418.68 2600.48 4674.02 3005.4 5019.08 2618.95 1562.05 6782.58 4125.64 7265.21 2421.67 6533.8 4468.04 3360.01 3461.57 4424.49 4817.69 6577.32 5152.18 3521.32 3020.74 4601.79 496.488 2735.42 6259.98 3060.07 1734.59 2333.43 
5714.24 4300.91 3308.47 2920.36 3574.53 2507.99 6242.56 3720.23 1359.12 6811.95 4447.89 7368.24 3175.3 6917.55 5791.18 2770.65 3956.83 3724.9 5199.55 7911.03 6492.23 3893.08 3420.72 3278.19 1803.25 3414.75 7441.65 1720.47 1860.75 3427.73 
1306.48 6699.33 4505.64 5851.61 9668.76 7705.06 2067.37 3735.63 6556 8675.68 6820.01 8780.8 4870.82 7277.92 1630.77 7777.64 5569.25 8750.5 6998.61 1137.01 470.106 5920.35 6194.91 9994 4986.15 5019.77 2765.88 8499.44 6296.82 4281.93 
4143.49 8695.8 3498.57 4444.38 8447.54 8680.74 1569.84 3112.64 7261.1 5603.3 8850.84 5550.14 3711.94 3955.06 4646.57 6380.45 3585.04 7066.72 9280.29 3873.6 3868.46 3913.68 7910 9391.62 5259.67 3593.4 1274.24 8231.77 7271.01 6031.76 
5556.66 9428.27 3522.78 3953.8 7629.97 8943.4 3148.84 3513.53 7500.67 3947.07 9591.4 3836.31 3570.22 2230.81 6052.39 5617.09 2908.01 6086.22 10117.5 5602.61 5441.42 3132.68 8560.54 8840.96 5538.64 3314.89 2980.82 7918.08 7634.97 6851.49 
3360.24 5885.11 584.209 1926.34 5812.07 5470.91 2782.89 202.485 4034.96 5466.49 6049.83 5782.75 950.368 4654.14 3713.83 3858.34 1910.39 4819.65 6612.55 4925.41 3822.32 2202.27 5001.3 6402.81 2030.62 1166.19 3910.19 5090.35 4104.11 3400 
3239.03 8629.81 5749.66 7041.46 11038.8 9583.91 2576.24 5030.36 8377.17 9074.91 8748.74 9040.93 6090.76 7445.65 3541.41 9043.12 6504.96 9924.46 8906.32 1016.37 2388.72 6865.17 8125.03 11569.8 6665.62 6149.28 2247.51 10143.9 8157.27 6199.69 
4999.4 1411.56 6609.61 7309.06 8916.96 3925.88 7350.63 6284.41 4120.69 11486.2 1367.04 11910.7 6803.09 10933.1 4601.32 8088.02 7962.14 9110.14 942.019 7140.57 5760.22 8122.51 2040.25 8063.57 4874.69 7142.91 8571.14 6580.62 3582.81 2896.14 
5587.46 1346.48 5350.59 5590.47 6346.79 1241.93 7259.89 5341.58 1715.93 9726.72 1462.5 10238.1 5409.41 9548.11 5392.68 5838.6 6475.65 6776.32 2218.4 7981.68 6458.68 6530.43 840.536 5372.76 3325.19 5734.15 8557.46 3935.12 1304.3 2605.48 
2070.77 7402.7 5235.36 6576.06 10445.9 8503 2464.83 4471.66 7370.82 9171.54 7516.26 9228.35 5596.97 7682.14 2304.95 8528.38 6219.14 9481.71 7646.65 326.497 1198.83 6575.78 6943.44 10804.7 5803.32 5722.18 2787.42 9316.15 7103.03 5057.99 
6173.31 1847.08 7682.38 8288.75 9505.98 4248.07 8536.42 7403.03 4794.13 12481.2 1706.99 12930.4 7852.5 12012.6 5763.9 8887.08 9003.79 9870.79 948.472 8268.28 6918.36 9141.61 2745.91 8464.9 5854.84 8193.08 9756.49 7084.02 4288.23 4013.1 
4821.04 1613.35 4618.5 4972.93 6212.97 1707.42 6445.97 4563.18 1414.39 9150.42 1772.34 9637.56 4704.72 8872.22 4654.73 5450.47 5803.52 6444.36 2499.48 7218.26 5693.09 5885.75 693.542 5457.77 2617.06 5036.59 7743.54 3920.32 876.413 1834.12 
2907.65 8307.16 5225.29 6514.38 10515.3 9162.73 2050.1 4510.1 7929.6 8594.56 8431.68 8577.98 5565.11 6990.12 3260.75 8516.74 5979.43 9396.73 8626.3 1025.91 2100.02 6339.75 7764.08 11062.8 6183.28 5621.81 1835.21 9648.16 7727.96 5819.97 
6225.09 9464.51 3380.95 3377.17 6679.8 8654.27 4056.6 3635.73 7233.98 2757.72 9630.52 2722.44 3300.56 1186.8 6699.33 4747.35 2329.4 5073.12 10219.9 6616.13 6253.53 2430.33 8555.5 8026.11 5385.43 2982.03 4120.45 7268.23 7450.85 7020.58 
5922 4767.07 3197.81 2633.72 3170.57 2923.35 6258.95 3692.38 1825.38 6404.7 4914.28 6972.27 3017.96 6586.14 6033.39 2308.53 3690.49 3258.67 5665.62 8053.55 6671.15 3592.34 3883.98 3056.68 1973.96 3222.62 7421.3 1592.98 2325.51 3794.38 
9553.27 6863.21 6713.61 5746.74 2506.39 4331.15 9896.15 7309.06 4501.61 8139.83 6950.35 8788.22 6454.84 9022.86 9615.45 4092.46 6743.96 4103.12 7662.61 11734.9 10330.9 6506.32 6284.78 808.084 5631.7 6562.7 11004.1 2120.02 4994.33 7069.89 
7993.61 6342.53 4846.33 3817.25 1369.53 3990.25 8070.35 5487.15 3519.62 6428.32 6465.74 7066.14 4566.16 7157.49 8122.96 2198.23 4805.85 2462.6 7222.44 10054.3 8717.32 4568.26 5573.15 1150.04 4052.55 4651.3 9134.6 1100.59 4062.62 5845.08 
6918.76 3820.27 5073.47 4686.75 4042.5 1338.1 7849.85 5416.51 1579.53 8382.85 3922.55 8971.57 4959.56 8645.89 6886.25 4102.39 5735.4 4830.76 4661.35 9247.41 7758.18 5651.34 3196.4 2895.58 3327.37 5204.65 9091.64 1572.8 1984.57 4155.24 
3099.19 7549.87 2714.5 3875.69 7926.69 7633.33 770 2165.18 6234.91 5940.24 7703.88 6009.13 3000.83 4492.22 3600.01 5880.02 3224.44 6692.83 8126.82 3370.06 2973.97 3582.65 6776.25 8691.66 4255.54 2977.41 1578.67 7424.18 6205.49 4883.3 
6776.32 8216.63 2863.98 1741.52 3848.6 6760.18 5509.74 3584.31 5489.23 2565.5 8379.22 3117.13 2525.17 2946.13 7140.77 2013.58 1613.72 2241.9 9077.27 8033.38 7156.72 1263.21 7276.41 5280.5 4156.21 2261.35 6143.69 4765.92 5866.69 6286.18 
7099.41 6724.23 3495.67 2277.98 1794.94 4758.96 6731.46 4222.35 3781.55 4843.73 6871.54 5464.52 3164.43 5454.85 7320.69 506.36 3176.16 1301.77 7622.66 8933.02 7723.24 2906.89 5836.18 2821.77 3390.37 3168.34 7693.32 2318.21 4281.18 5517.25 
6108.16 4669.53 3483.23 2921.71 3138.44 2712.8 6520.56 3962.95 1724.09 6641.72 4812.03 7216.88 3308.41 6860.69 6200.59 2474.91 3980.05 3375.35 5568.21 8271.79 6872.21 3876.75 3809.7 2867.75 2170.02 3515.11 7692.75 1350.59 2248.76 3869.99 
1444.75 6605.12 3522.64 4862.15 8756.85 7266.93 1173.8 2761.76 6010.41 7634.97 6742.14 7754.41 3883.46 6272.71 1937.94 6820.3 4529.91 7768.04 7030.77 1963.52 1172.01 4883.37 5978.14 9194.72 4266.2 4009.6 2229.46 7750.21 5825.07 4012.99 
3384.79 2235.11 5310.08 6194.87 8455.68 4177.57 5741.3 4880.35 3789.42 10286.8 2316.64 10662.1 5552.37 9574.27 3003.75 7295.83 6708.14 8360.59 2370.36 5586.28 4165.3 6912.74 2150.58 7917.68 3849.7 5884.01 6952.7 6339.98 3269.39 1655.29 
4313.93 1800.69 6175.18 6972.69 8892.7 4162.03 6707.73 5791.18 4110.24 11115.2 1815.71 11513.7 6395.15 10473.2 3905.65 7909.74 7555.9 8955.59 1597.31 6434.42 5062.22 7739.97 2138.83 8172.96 4565.81 6731.81 7911.54 6640.07 3567.42 2453.49 
7325.63 6027.64 4140.74 3140.25 1696.64 3823.41 7363.1 4780.06 3116.62 6038.58 6161.59 6662.51 3864.3 6630.01 7470.86 1706.58 4150.47 2254.11 6921.17 9359.75 8036.22 3931.26 5204.63 1841.74 3400.26 3958.28 8430.47 1136.35 3655.48 5287.65 
2527.71 7884.83 5456.74 6784.73 10710.9 8940.43 2489.74 4705.45 7781.65 9173.97 7999.78 9196.14 5812.34 7626.85 2786.86 8761.08 6357.84 9689.3 8136.07 233.238 1658.49 6717.39 7412.43 11133.1 6159.1 5912.61 2573.03 9665.55 7530.23 5512.72 
8524.16 5690.22 5974.78 5177.31 2830.64 3160.57 9064.48 6498.87 3356.78 8123.16 5780.7 8758.25 5758.06 8780.14 8555.85 3838.81 6223.67 4158.43 6499.98 10763.3 9325.37 6034.84 5103.93 1181.91 4661.38 5915.31 10226.5 1234.83 3834.37 5943.58 
5030.86 7582.38 1513.44 1557.56 5392.68 6725.96 3535.66 1975.9 5302.12 3599.4 7748.78 3891.66 1377.53 2818.12 5446.4 3332.09 528.394 3988.41 8363.6 6081.13 5302.24 834.506 6661.97 6478.64 3466.55 1051.09 4199.9 5521.97 5520.01 5235.34 
8391.74 7641.37 4753.95 3478 650 5436.47 7967.86 5494.84 4711.9 5072.85 7777.69 5721.97 4410.82 6056.15 8607.59 1471.22 4254.66 1042.35 8536.96 10214.4 9016.13 3940.98 6802.07 2304.97 4634.92 4378 8877.64 2618.17 5243.7 6703.29 
6266.71 1337.54 6130.22 6322.19 6747.54 1397.86 8025.56 6130.59 2372 10425.1 1369.27 10949.9 6179.78 10301.2 6038.29 6433.51 7230.86 7324.46 2016.36 8649.74 7133.71 7272.7 1382.93 5599.37 4101.57 6501.3 9322.69 4286.16 2039.61 3313.08 
5563.86 5005.64 2618.59 2052.92 3324.17 3385.65 5730.71 3149.17 2137.15 5942.46 5160.47 6491.11 2426.21 6035.11 5716.4 2066.71 3103.63 3102.21 5896.65 7618.04 6276.94 3020.02 4088.73 3492.06 1656.77 2626.12 6869.85 2130.02 2572.35 3699.15 
2599.46 6347.16 1716.77 3035.92 7003.16 6349.24 1592.01 1004.49 4953.68 5994.21 6504.95 6197.76 2066.2 4847.37 3045.08 5020.04 2704.74 5940.79 6970.93 3786.52 2850.63 3052.87 5541.93 7600.13 2985.2 2169.33 2786.32 6257.61 4921.96 3700 
5432.81 817.863 5576.6 5922.25 6862.8 1752.51 7263.64 5497.42 2166.68 10089.3 942.444 10584.6 5666.34 9833.58 5195.82 6289.24 6764.16 7247.54 1701.88 7810.72 6297.56 6842.29 544.059 5904.25 3578.83 5998.35 8558 4461.71 1695.32 2503.8 
4102.35 7732.96 1985.95 2821.44 6828.07 7361.74 2127.63 1831.2 5920.3 4618.85 7895.6 4737.6 2140.86 3300.44 4575.87 4761.14 1983.46 5480.74 8417.58 4724.24 4171.64 2326.22 6872.85 7777.46 3925.62 1985.67 2696.02 6659.04 6010.02 5151.9 
3511.42 7371.43 1981.16 3048.03 7098.2 7181.71 1593.55 1596.15 5752.65 5211.45 7531.54 5338.02 2224.43 3896.06 3989.84 5042.55 2361.29 5836 8020.43 4168.29 3571.44 2719.36 6539.67 7929.39 3747.33 2158.08 2368.9 6721.8 5790.08 4746.5 
1610.12 5822.04 2451.53 3796.38 7604.24 6204.55 1640.49 1680.74 4896.12 6982.79 5971.17 7189.25 2818.24 5826.19 2054.12 5705.76 3626.09 6685.66 6358.31 3118.53 1954.74 3961.02 5100.09 8006.9 3090.06 2996.08 2935.52 6562.93 4756.13 3157.67 
10729.6 7929.45 7796.2 6756.43 3089.35 5402.96 11006.9 8419.29 5671.16 8732.75 8006.43 9382.54 7520.01 9782.27 10796.1 4964.73 7713.6 4760.18 8698.3 12895.9 11502 7450.59 7399.52 1821.24 6800.18 7602.82 12086.8 3295.15 6154.97 8247.11 
7244.07 5401.07 4411.92 3592.01 2281.16 3097.39 7554.99 4972.29 2573.29 6780.5 5526.67 7396.87 4181.69 7283.3 7337.71 2438.22 4642.47 3036 6284.66 9388.98 8002.5 4464.67 4624.55 1730.46 3300.8 4330.42 8686.8 391.152 3115.8 4952.63 
7850.16 5419.12 5210.23 4421.43 2530.14 2949.59 8312.91 5741.67 2832.83 7509.15 5526.75 8135.48 4992.49 8084.18 7905.3 3181.48 5472.2 3631.42 6270.25 10057.2 8636.69 5292.35 4740.17 1311.87 3948.72 5151.02 9467.17 469.574 3347.91 5372.17 
3902.95 8020.75 2590.46 3534.54 7554.5 7849.69 1598.41 2263.18 6418.73 5123.52 8179.84 5168.71 2795.17 3640.05 4398.19 5488.04 2713.12 6209.67 8654.66 4179.39 3824.72 3054.08 7198.03 8474.96 4413.12 2676.75 1975.9 7316.86 6460.19 5382.43 
9142.54 5931.51 6714.3 5931.55 3363.41 3416.34 9777.54 7222.67 3874.87 8808.77 6004.21 9448.39 6503.85 9513.03 9148.66 4560.54 6977.89 4807.13 6690.24 11414.9 9958.63 6787.61 5442.29 1582.94 5334.05 6665.71 10952.3 1981.57 4308.9 6468.11 
4240.05 4523.55 1813.97 2036.66 4616.86 3608 4580.93 2087.34 2165.66 6229.81 4688.8 6695.57 1804.99 5926.63 4399.33 3074.67 2854.12 4150.3 5361.73 6321.97 4958.68 2929.57 3584.22 4780.17 436.578 2118.96 5788.71 3317.6 2350.34 2637.35 
5928.81 603.075 6318.77 6672.81 7459.66 2168.43 7892.05 6217.86 2867.35 10836.1 576.888 11334.2 6414.27 10583.9 5646.46 6992.22 7515.13 7929.65 1191.05 8271.91 6779.21 7593.94 1176.86 6385.26 4328.07 6747.12 9180.09 5018.89 2425.47 3100 
1368.94 6731.55 4695.03 6041.26 9843.71 7798.11 2254.62 3924.41 6670.27 8874.82 6848.82 8977.9 5060.63 7472.04 1639.18 7961.16 5767.25 8938.11 7006.07 1030.78 497.695 6117.91 6251.35 10148.9 5133.52 5213.1 2903.31 8646.53 6398.76 4356.19 
4209.05 7685.95 1845.32 2621.01 6617.8 7247.98 2319.48 1768.53 5804.96 4460.52 7849.49 4601.14 1974.36 3198.89 4674.72 4550.7 1768.19 5264.99 8385.73 4910.44 4314.74 2110.09 6815.17 7582.54 3819.96 1800.25 2912.34 6481.79 5911.68 5129.38 
3646.64 8953.42 5056.93 6248.2 10298.8 9540.59 1844.91 4427.57 8224.75 7816.83 9088.81 7738.85 5360.78 6133.6 4073.44 8252.22 5560.76 9050.01 9355.14 2142.83 2958.8 5913.31 8327.03 11020.1 6347.68 5349.58 945.939 9693.94 8092.3 6361.16 
7119.23 7173.46 3346.24 2034.16 2077.11 5306.65 6526.45 4104.68 4252.02 4229.76 7325.09 4850.77 2991.89 4876.43 7378 127.279 2795.17 980.204 8068.7 8828.44 7690.42 2490.18 6266.77 3353.6 3600.72 2931.65 7415.83 2932.05 4728.9 5782.34 
5299.14 1651.48 6997.43 7696.66 9250.54 4183.87 7687.52 6666.94 4461.61 11874.8 1574.07 12299.7 7191.86 11319.9 4885.59 8457.19 8351.01 9474.24 976.166 7389.78 6039.02 8511.43 2372.45 8355.58 5261.61 7531.65 8896.57 6892.92 3927.8 3281.23 
3556.59 8791.28 4715.46 5891.87 9943.42 9294.75 1538.83 4102.5 7961.16 7460.9 8930.2 7393.27 5013.51 5790.31 4006.82 7893.67 5193.12 8684.41 9222.93 2308.68 2933.43 5544.95 8138.43 10686 6060.4 4994.37 584.209 9375.54 7846.53 6173.66 
5984.26 8276.41 2340.19 1827.84 5048.76 7182.29 4396.19 2899.93 5802.46 2670.6 8442.52 3014.23 2107.94 2188.88 6398.32 3074.83 947.523 3496.11 9089.36 6973.76 6246.06 856.154 7342.21 6347.61 4124.56 1769.8 4917.66 5606.51 6087.37 6048.22 
3451.72 7953.29 2972.29 4058.82 8106.6 8003.21 962.549 2485.68 6596.4 5810.86 8107.6 5838.37 3232.09 4287.68 3954.55 6047.45 3322.77 6816.88 8532.02 3499.61 3260.57 3673.96 7175.86 8937.29 4606.63 3170.99 1360.29 7707.2 6581.19 5287.34 
4892.87 2774.83 3755.65 3910.42 5120.16 1741.06 6060.4 3860 464.004 8050.84 2930.02 8558.15 3776.8 7881.55 4845.54 4280.77 4811.76 5277.88 3666.61 7246.36 5742.52 4854.79 1863.01 4548.16 1734.01 4092.16 7341.73 2959.68 380.132 2134.9 
3573.15 6073.76 411.461 1752.08 5697.23 5581.08 2850.7 380 4140.01 5229.43 6238.99 5547.07 771.622 4430.3 3935.85 3716.48 1676.01 4656.26 6812.34 5072.41 4009.8 1973.07 5181.54 6349.38 2145.97 950.053 3930.22 5075.52 4235.86 3615.44 
3509.6 8690.14 4507.95 5675.39 9727.16 9142.78 1363.08 3905.44 7799.1 7251 8831.11 7191 4802.43 5590.14 3972.23 7675.81 4970.76 8462.91 9139.61 2421.57 2930.02 5322.26 8021.73 10481.5 5885.11 4778.67 381.182 9180.35 7695.32 6059.55 
1696.23 6945.25 5165.01 6511.28 10301.7 8129.14 2654.15 4394.2 7040.52 9315.61 7055.1 9405.97 5530.75 7886.51 1860.78 8427.38 6235.03 9407.07 7166.16 792.275 857.963 6586.35 6515.6 10581.2 5558 5683.84 3162.85 9067.95 6748.01 4661.54 
6293.08 9812.36 3758.32 3880.01 7239.23 9103.72 3980.58 3922.26 7673.92 3093.8 9977.66 2950.61 3718.19 1343.02 6779.97 5303.22 2820.87 5630.57 10545.3 6476.56 6243.62 2952.37 8915.86 8579.61 5783.81 3414.63 3871.29 7798.68 7866.8 7313.04 
1301.38 6693.62 4215.32 5559.89 9406.69 7594.95 1757.75 3447.46 6410.03 8351.8 6819.65 8457.86 4579.26 6957.66 1701.56 7498.61 5256.69 8462.45 7032.57 1330.6 615.873 5609.03 6149.94 9770.57 4781.74 4719.75 2535.03 8291.45 6173.24 4212.46 
7780.23 10173.4 4286.27 3629.27 5726.03 8900.25 5858.88 4809.1 7579.8 850.235 10338.8 1066.68 4052.65 1132.17 8221.34 4145.6 2891.78 4056.13 11001.8 8451.99 7936.81 2732.4 9234.55 7325.35 6027.42 3716.02 6035.96 6941.65 7913.24 7994.25 
9152.42 6079.68 6628.25 5806.82 3128.35 3553.94 9721.69 7156.05 3927 8605.49 6157.21 9246.89 6407.4 9339 9172.12 4381.14 6846.34 4593.58 6852.63 11405.7 9960.27 6646.86 5561.67 1342.39 5309.41 6558.81 10883.3 1887.67 4379.33 6521.75 
5676.41 4025.48 3475.41 3167.65 3790.12 2227.67 6326.52 3840.34 1079.12 7095.05 4170.8 7648.07 3365.95 7175.08 5728.46 3057.91 4192.28 4002.92 4924.41 7912.53 6472.23 4142.51 3154.96 3372.36 1830.03 3620.06 7544.48 1784.4 1593.27 3274.26 
467.547 5170.93 4299.13 5590.44 9051.08 6382.05 3046.13 3569.76 5369.4 9022.18 5285.7 9233.85 4654.74 7856.51 72.8011 7333.88 5598.23 8375.23 5441.21 2552.67 1090.73 5914.34 4727.45 9118.43 4118.25 4892.63 4085.12 7558.18 5034.33 2899.28 
8616.29 9790.54 4711.9 3539 3872.43 8056.23 7202 5427.86 6931.72 1851.54 9948.37 2493.93 4371.56 3302.2 8986.49 2884.25 3421.77 2307.66 10673 9772.31 8970.01 3088.58 8860.95 5612.71 5870.03 4108.59 7677.27 5617.12 7371.51 8046.65 
3604.62 8661.7 4224.12 5353.85 9403.83 9003.55 1225.89 3659.03 7637.72 6849.01 8806.57 6790.47 4504.59 5190.62 4085.12 7346.22 4616.37 8113.11 9145.82 2755.07 3104.09 4964.6 7962.27 10201.1 5694.15 4461.89 72.8011 8929.43 7560.03 6010.3 
5270.91 130.384 5978.8 6465.18 7649.63 2551.31 7323 5802.46 2899.93 10655.4 281.603 11126.4 6110.03 10289.9 4969.77 6988.86 7241.17 7972.36 956.922 7593.6 6112.04 7351.12 857.963 6715.09 4054.64 6448.45 8601.26 5264.6 2389.48 2541.67 
9002.81 7804.84 5473.3 4231.37 183.576 5463.86 8706.19 6197.88 4940.22 5765 7930.83 6415.27 5140.09 6828.21 9190.54 2242.07 5043.66 1795.36 8688.78 10899.8 9660.02 4735.32 7015.73 1775.53 5154.54 5129.38 9644.61 2572.35 5482.72 7126.18 
5957.56 9832.57 3892.97 4241.66 7807.08 9307.63 3518.01 3915.06 7866.41 3807.39 9996.02 3633.41 3920.01 2029.8 6454.78 5823.44 3183.28 6230.13 10526.8 5923.24 5820.81 3377.71 8960.68 9074.36 5916.83 3650.49 3246 8202.07 8013.31 7262.76 
2360.38 4298.48 2207.19 3286.37 6503.72 4487.28 3325.79 1744.13 3198.83 7205.03 4457.38 7549.23 2491.47 6434.81 2507.69 4844.15 3618.65 5905.73 4947.73 4562.07 3123.48 3859.46 3493.14 6615.87 1588.08 2805.32 4621.8 5088.11 3038.96 1677.2 
7433.4 7376.21 3660.51 2343.03 1819.45 5437.88 6832.9 4420 4440.46 4250.75 7525.49 4883.65 3305.06 5009.15 7689.53 390.128 3070.02 690.507 8273.57 9143.27 8006.53 2754.09 6478.92 3209.14 3885 3238.3 7709.12 2942.6 4930.77 6056.35 
