120 30 15
777 335 649 27 763 426 211 429 862 135 22 167 11 373 784 324 413 980 862 281 84 505 313 895 814 364 87 178 403 399 
9.32 0.6 6.76 3.68 7.39 0.12 2.26 5.86 0.94 5.39 7.95 5.7 4.34 3.78 4.67 
6 12 11 11 14 10 7 6 7 2 5 14 6 3 3 10 8 11 5 14 5 14 4 3 10 7 13 9 10 0 8 3 4 8 10 3 12 14 8 7 0 14 2 7 4 2 3 10 10 1 5 4 5 12 12 0 14 8 11 13 3 14 3 5 11 10 12 0 3 13 9 12 6 1 4 4 2 2 13 7 1 7 5 2 2 8 5 9 10 14 11 10 4 11 13 6 7 14 3 7 3 13 13 0 6 5 2 13 2 6 1 12 0 0 7 1 12 14 3 2 
2.86447 8.2523 5.01618 6.29743 10.3068 9.04591 1.82157 4.3089 7.79493 8.35405 8.37988 8.33912 5.35287 6.75244 3.24446 8.3019 5.74933 9.17476 8.59489 1.19017 2.09268 6.10947 7.6872 10.876 6.02224 5.403 1.61307 9.4731 7.60661 5.73428 
2.58141 4.45881 1.91927 2.98565 6.25182 4.48219 3.30841 1.50336 3.14617 6.91655 4.62027 7.26805 2.19584 6.17599 2.76279 4.56225 3.32946 5.62029 5.13943 4.7119 3.30905 3.56484 3.62278 6.41879 1.39818 2.51295 4.5957 4.91154 3.0371 1.88905 
6.11523 8.00103 2.28405 1.45341 4.47395 6.76923 4.73896 2.94717 5.42089 2.77584 8.1662 3.21823 1.98595 2.63973 6.5017 2.4984 0.910824 2.93847 8.83558 7.27885 6.45012 0.617414 7.06135 5.7747 3.86246 1.67547 5.36157 5.07016 5.74095 5.89216 
0.616847 4.79437 3.77033 5.03397 8.43586 5.83824 2.98332 3.06811 4.78023 8.59027 4.9205 8.83349 4.11807 7.50798 0.575847 6.73873 5.10785 7.78653 5.15062 3.01002 1.48647 5.41144 4.27225 8.49786 3.49687 4.37307 4.14281 6.93981 4.46509 2.37531 
2.7388 5.02113 1.39617 2.58027 6.1165 4.88431 2.96096 0.920869 3.49521 6.38549 5.18376 6.71935 1.70792 5.60093 3.0088 4.3115 2.80432 5.34329 5.71542 4.66053 3.36091 3.06232 4.16778 6.44666 1.56589 2.00385 4.21855 5.00145 3.45776 2.47132 
9.22356 7.84372 5.74604 4.52134 0.480104 5.45793 8.98484 6.46233 5.01807 6.07068 7.96518 6.72075 5.41776 7.14964 9.39898 2.54466 5.35086 2.11681 8.72062 11.1522 9.8945 5.04608 7.07738 1.58218 5.34607 5.41713 9.93759 2.57422 5.56138 7.27195 
3.08255 8.18296 4.01699 5.21783 9.26603 8.60582 0.827647 3.39201 7.26158 7.0448 8.32577 7.03082 4.32251 5.44783 3.56202 7.22447 4.56426 8.04016 8.65035 2.36546 2.58805 4.92062 7.50177 9.98103 5.35071 4.31821 0.579396 8.66341 7.15856 5.54261 
3.41457 2.54275 3.614 4.30029 6.50173 3.02592 5.03724 3.3825 2.08543 8.46681 2.7049 8.88982 3.78857 7.94411 3.29569 5.29306 4.94491 6.35708 3.25357 5.80856 4.28434 5.1013 1.72166 6.12657 1.88534 4.12903 6.33329 4.52966 1.68505 0.51 
1.8643 3.53657 4.06518 5.15123 8.06435 4.78265 4.12826 3.50887 3.90514 9.05349 3.66005 9.37257 4.36206 8.17774 1.59013 6.58684 5.47449 7.66098 3.89371 4.20962 2.70934 5.72713 3.06545 7.87353 3.11362 4.66995 5.34614 6.28077 3.50464 1.32136 
3.01496 5.9891 0.996243 2.34094 6.25538 5.74843 2.35077 0.242074 4.3264 5.6768 6.15168 5.95243 1.36015 4.73466 3.39872 4.29418 2.19317 5.24361 6.67816 4.48987 3.42381 2.51348 5.13321 6.8371 2.32641 1.52643 3.50708 5.50568 4.35005 3.42094 
2.17113 6.18855 2.07077 3.40978 7.32688 6.36277 1.44101 1.31529 4.99985 6.42608 6.34263 6.62193 2.43101 5.25178 2.62528 5.37202 3.13129 6.31557 6.772 3.4127 2.42002 3.47635 5.41956 7.84909 3.08577 2.56363 2.714 6.46261 4.92062 3.5223 
4.31561 3.93581 2.40707 2.62231 4.73621 3.02238 4.97562 2.58954 1.58013 6.80825 4.10001 7.28723 2.41961 6.54313 4.40556 3.41276 3.47052 4.47854 4.788 6.52028 5.09284 3.53657 2.99475 4.66374 0.4531 2.73651 6.21969 3.12026 1.73297 2.27607 
3.53624 1.86507 4.82996 5.61079 7.71145 3.48076 5.6767 4.48486 3.03152 9.75461 1.98842 10.1581 5.04034 9.14385 3.23761 6.60444 6.20137 7.66211 2.28281 5.86287 4.37659 6.38024 1.51644 7.15996 3.21179 5.3782 6.93514 5.58198 2.51319 1.1039 
7.15508 10.3747 4.28921 4.12393 7.03393 9.46335 4.90474 4.58268 8.06083 2.2809 10.541 2.04749 4.17698 0.470106 7.63417 5.2298 3.12436 5.37671 11.1426 7.41537 7.14717 3.14992 9.45838 8.50623 6.26573 3.84708 4.806 7.89023 8.30637 7.9604 
3.67241 2.21208 3.9168 4.54948 6.56247 2.79551 5.36411 3.70815 1.99251 8.73 2.37508 9.16415 4.07806 8.24471 3.52115 5.44546 5.22947 6.5 2.94054 6.06964 4.54433 5.37403 1.38708 6.09493 2.11603 4.41862 6.6592 4.50245 1.53496 0.690652 
2.50711 7.66006 3.85467 5.12191 9.14248 8.18086 0.642573 3.16863 6.86619 7.29464 7.80023 7.32673 4.18493 5.77008 2.98518 7.12845 4.572 7.99471 8.10665 2.01099 2.02428 4.93238 7.00213 9.76139 5.0049 4.22573 1.15551 8.39453 6.7325 5.03754 
6.8272 6.23308 3.3887 2.29124 1.99449 4.26484 6.63323 4.07657 3.28818 5.26031 6.37942 5.87006 3.08457 5.76222 7.022 0.936483 3.27771 1.79388 7.13182 8.74474 7.48578 3.04897 5.35014 2.67884 3.02152 3.14201 7.65278 1.92512 3.79237 5.10069 
0.764788 4.81331 4.33896 5.59804 8.94519 6.08922 3.34763 3.636 5.12291 9.14822 4.9259 9.38271 4.68603 8.03831 0.300666 7.28097 5.67536 8.33382 5.07276 2.90837 1.46055 5.97997 4.39191 8.94452 3.98167 4.94191 4.42386 7.37207 4.7659 2.60555 
3.9802 6.16702 0.0806226 1.32816 5.2987 5.49466 3.23037 0.797621 4.05183 4.92724 6.33321 5.27828 0.349285 4.25029 4.33042 3.30248 1.34239 4.23341 6.93653 5.49313 4.43221 1.60649 5.25519 6.00816 2.10851 0.553173 4.26075 4.78524 4.20115 3.80447 
1.614 6.88675 3.83099 5.1642 9.08277 7.60135 1.19 3.07695 6.35324 7.8109 7.02084 7.90496 4.18868 6.39641 2.08166 7.13393 4.78968 8.07034 7.28703 1.65496 1.13952 5.14612 6.28067 9.53798 4.61446 4.30081 2.0617 8.09707 6.16157 4.31854 
4.30228 7.79187 1.93166 2.66511 6.64447 7.34091 2.36932 1.87387 5.89764 4.38622 7.9555 4.51648 2.04783 3.10229 4.77017 4.57755 1.78281 5.27418 8.49293 4.96533 4.3951 2.11783 6.9199 7.63067 3.91594 1.86097 2.91548 6.54523 6.009 5.23717 
8.51942 6.85829 5.27549 4.17484 0.984937 4.4643 8.51474 5.94193 4.06399 6.43529 6.97789 7.08139 4.9786 7.29595 8.65837 2.38757 5.11974 2.40277 7.73217 10.5509 9.23191 4.85709 6.10532 0.93 4.58656 5.03695 9.54839 1.5824 4.60626 6.40054 
6.04745 0.956713 7.02636 7.5126 8.5054 3.21834 8.23787 6.83141 3.85099 11.7005 0.792465 12.1754 7.16126 11.3409 5.69495 7.9716 8.29325 8.93166 0.353553 8.28908 6.85482 8.40238 1.89763 7.43454 5.10633 7.49989 9.49933 6.06993 3.37024 3.51141 
6.67791 7.072 2.85044 1.52069 2.60432 5.35905 6.00701 3.61565 4.20107 4.01278 7.2282 4.60926 2.49088 4.49004 6.95531 0.543783 2.26771 1.40431 7.95953 8.33308 7.22357 1.96919 6.14841 3.80217 3.30764 2.41299 6.88646 3.20765 4.6439 5.50753 
4.78619 1.53574 6.48741 7.22025 8.93135 4.01628 7.1552 6.142 4.13237 11.388 1.51182 11.8038 6.68996 10.8043 4.3833 8.05188 7.85043 9.08248 1.15663 6.91608 5.54109 8.01888 2.07408 8.12002 4.79176 7.029 8.3693 6.61968 3.59089 2.76384 
4.79401 5.09148 1.73925 1.50083 4.02747 3.88888 4.82744 2.24475 2.49018 5.6576 5.25461 6.15202 1.59138 5.49859 4.99223 2.3941 2.45326 3.46902 5.95081 6.76492 5.46498 2.45717 4.15077 4.37727 1.12361 1.84024 5.96685 3.03266 2.78887 3.32399 
4.91024 7.47393 1.39807 1.52778 5.41599 6.64447 3.44746 1.85065 5.21707 3.7243 7.64029 4.01663 1.27769 2.93212 5.3241 3.35149 0.544885 4.03555 8.25177 5.98286 5.18868 0.880057 6.55534 6.47158 3.3659 0.958801 4.14093 5.48862 5.42677 5.11649 
2.63492 7.96656 4.51864 5.79669 9.80899 8.65534 1.32231 3.81694 7.37906 7.91003 8.09938 7.91511 4.85374 6.33942 3.06139 7.80164 5.25148 8.6736 8.35135 1.46441 1.95819 5.61177 7.36387 10.3945 5.57216 4.90196 1.33222 9.00385 7.21086 5.40107 
7.39268 10.4601 4.38719 4.11447 6.84547 9.46794 5.19086 4.73097 8.07996 1.94258 10.6265 1.70485 4.24802 0.152643 7.86631 5.09495 3.15412 5.18001 11.242 7.71986 7.41296 3.14014 9.53705 8.35675 6.32987 3.9122 5.13191 7.79976 8.3456 8.0881 
4.15601 1.24535 5.21464 5.8849 7.65957 3.08177 6.2639 4.93585 2.8821 10.0643 1.36938 10.4939 5.39485 9.54422 3.85467 6.70773 6.55124 7.74479 1.72029 6.4793 4.99593 6.70433 1.03586 6.96945 3.45036 5.73526 7.53076 5.42208 2.34053 1.55756 
9.07317 10.9887 5.38897 4.47756 5.49102 9.4495 7.2558 5.99801 8.23214 0.594643 11.1511 1.02903 5.10416 2.4026 9.49604 4.36125 3.98077 3.91266 11.8491 9.8537 9.28246 3.73472 10.0485 7.22887 6.91286 4.78649 7.45735 7.15856 8.6276 9.00063 
1.828 3.86374 3.1797 4.27855 7.34854 4.6185 3.59234 2.63822 3.52881 8.17017 4.00844 8.49523 3.47701 7.32378 1.79201 5.78055 4.58947 6.85007 4.37879 4.21048 2.6903 4.84153 3.20465 7.29855 2.37002 3.78428 4.86695 5.72574 3.22405 1.23968 
1.36854 4.72952 2.7693 4.01603 7.46073 5.31994 2.72342 2.09859 4.11351 7.66039 4.87562 7.93638 3.11045 6.678 1.57544 5.72766 4.13319 6.77106 5.24661 3.58912 2.1281 4.42476 4.04432 7.61391 2.58544 3.37664 4.00211 6.086 3.88672 2.08195 
3.20039 4.2083 1.9 2.70601 5.67726 3.93573 3.88402 1.74416 2.55562 6.80254 4.37375 7.20256 2.08626 6.23013 3.34153 4.08001 3.24692 5.1514 4.95997 5.36213 3.95032 3.42667 3.31652 5.78001 0.75213 2.42539 5.1552 4.2638 2.50966 1.86207 
5.25419 0.27313 6.12046 6.64248 7.88592 2.78869 7.36579 5.91859 3.12775 10.835 0.296816 11.2992 6.26231 10.4401 4.93447 7.20478 7.40017 8.19398 0.756902 7.55275 6.08482 7.51833 1.06231 6.9559 4.22153 6.6017 8.63681 5.50436 2.61174 2.60969 
6.00262 4.80942 3.26087 2.67092 3.10006 2.93061 6.33202 3.76303 1.86432 6.40647 4.9555 6.97782 3.07561 6.60996 6.11383 2.28127 3.73001 3.21758 5.70824 8.13298 6.75148 3.62505 3.93146 2.97634 2.05456 3.27515 7.49123 1.51819 2.37118 3.86774 
5.45212 2.0301 7.32105 8.04967 9.64105 4.56089 7.89066 6.96737 4.85161 12.2208 1.94371 12.6381 7.52447 11.6358 5.01941 8.83857 8.68493 9.85853 1.29035 7.47 6.16105 8.85268 2.76279 8.74062 5.61806 7.86349 9.0796 7.28204 4.31723 3.59611 
5.50142 3.65941 3.57677 3.39629 4.14403 1.95931 6.29918 3.87342 0.715612 7.39465 3.80552 7.93742 3.5028 7.41271 5.52526 3.41204 4.39527 4.36726 4.55827 7.77821 6.31561 4.37049 2.78729 3.64297 1.77612 3.77719 7.53923 2.046 1.2256 2.9853 
4.0152 5.16779 1.04235 1.53395 4.83322 4.37924 3.96602 1.39671 2.93641 5.66845 5.33414 6.09528 1.06104 5.23072 4.2563 3.04647 2.17407 4.09585 5.97522 5.91108 4.64436 2.30517 4.23835 5.24704 1.02859 1.39119 5.1265 3.88398 3.09885 3.01573 
4.18961 2.41456 3.71517 4.14656 5.86046 2.26312 5.60601 3.6521 1.27456 8.33866 2.58031 8.80633 3.81534 7.99196 4.09928 4.84004 4.93129 5.87716 3.25272 6.57213 5.05333 5.03257 1.47872 5.36492 1.73925 4.15047 6.90188 3.77244 0.87 1.32575 
7.56897 7.71891 3.72518 2.38296 2.01556 5.81414 6.83592 4.49392 4.79176 3.88726 7.86985 4.52448 3.36204 4.71666 7.8451 0.671193 2.991 0.523927 8.61485 9.20149 8.11046 2.65505 6.81455 3.52319 4.13237 3.25682 7.66006 3.32533 5.27365 6.32093 
4.5771 1.78933 4.37412 4.76942 6.17508 1.90371 6.17645 4.30265 1.39058 8.95529 1.9529 9.4339 4.4701 8.6437 4.42408 5.32768 5.57891 6.33785 2.65548 6.97413 5.44883 5.67071 0.848528 5.49605 2.3873 4.80402 7.47402 3.93615 0.850235 1.59531 
4.5096 4.97363 1.58493 1.58256 4.31195 3.91449 4.59221 2.022 2.4891 5.77209 5.13822 6.24725 1.49215 5.52472 4.70814 2.66047 2.45693 3.73343 5.8196 6.49159 5.18353 2.50218 4.03288 4.63492 0.903383 1.77553 5.7515 3.2573 2.73708 3.09808 
5.45286 5.98588 1.82784 0.862844 3.48001 4.58024 5.07332 2.53505 3.2596 4.8 6.1473 5.3235 1.52306 4.81769 5.70519 1.59841 1.92585 2.64683 6.85511 7.24189 6.04735 1.81 5.04774 4.19358 2.04267 1.60751 6.09361 3.11194 3.62494 4.2419 
2.77218 5.95494 1.2492 2.5948 6.4936 5.82344 2.15873 0.483322 4.41494 5.88694 6.1159 6.14706 1.614 4.89449 3.16533 4.54192 2.43249 5.49622 6.62048 4.24157 3.16931 2.75801 5.11789 7.0445 2.4313 1.78017 3.35181 5.69056 4.40828 3.35049 
7.3661 5.01602 4.823 4.11847 2.76847 2.60163 7.88229 5.32376 2.35536 7.42192 5.1304 8.03617 4.62465 7.89111 7.41653 3.08029 5.1789 3.66699 5.88099 9.58526 8.15724 5.02364 4.30377 1.77387 3.47897 4.8036 9.05332 0.304795 2.87793 4.88215 
4.8259 2.814 3.67935 3.84787 5.12071 1.82165 5.9808 3.78001 0.52345 7.99456 2.97061 8.49909 3.70342 7.81369 4.78358 4.24948 4.74305 5.25289 3.70304 7.17607 5.67389 4.78942 1.89528 4.57665 1.65605 4.01991 7.26177 2.9851 0.449444 2.08856 
5.76321 6.89473 1.84545 0.510098 3.6787 5.53586 4.93077 2.61633 4.2138 3.85924 7.05783 4.37104 1.47872 3.88747 6.08001 1.61227 1.22188 2.43343 7.75242 7.29883 6.25048 0.982344 5.95399 4.73491 2.83471 1.34737 5.79967 3.87584 4.56602 4.98688 
2.37716 3.10103 3.78737 4.76001 7.46853 4.13717 4.37852 3.33054 3.23682 8.78112 3.24002 9.13801 4.04931 8.02591 2.18586 6.06822 5.19481 7.14382 3.58309 4.76707 3.24617 5.41765 2.51525 7.2238 2.57031 4.37416 5.64309 5.6288 2.83863 0.657647 
3.47092 2.03593 5.17042 6.01446 8.19976 3.90717 5.75785 4.77247 3.51864 10.13 2.13019 10.517 5.40049 9.45804 3.11708 7.06859 6.55964 8.1301 2.26055 5.72297 4.27591 6.75406 1.88831 7.64621 3.64408 5.73502 6.98823 6.07032 2.99666 1.47027 
1.62693 5.97724 2.52769 3.87398 7.71511 6.36908 1.48 1.75684 5.05846 6.97402 6.12566 7.16612 2.8936 5.78215 2.09022 5.80115 3.66034 6.77097 6.50588 3.00167 1.89594 4.00061 5.26047 8.14195 3.2423 3.05635 2.77354 6.7063 4.92065 3.31489 
4.37659 3.96184 2.41868 2.60048 4.67402 3.0054 5.01908 2.61895 1.56205 6.78258 4.12564 7.26521 2.42167 6.5338 4.46804 3.36001 3.46157 4.42449 4.81769 6.57732 5.15218 3.52132 3.02074 4.60179 0.496488 2.73542 6.25998 3.06007 1.73459 2.33343 
5.71424 4.30091 3.30847 2.92036 3.57453 2.50799 6.24256 3.72023 1.35912 6.81195 4.44789 7.36824 3.1753 6.91755 5.79118 2.77065 3.95683 3.7249 5.19955 7.91103 6.49223 3.89308 3.42072 3.27819 1.80325 3.41475 7.44165 1.72047 1.86075 3.42773 
1.30648 6.69933 4.50564 5.85161 9.66876 7.70506 2.06737 3.73563 6.556 8.67568 6.82001 8.7808 4.87082 7.27792 1.63077 7.77764 5.56925 8.7505 6.99861 1.13701 0.470106 5.92035 6.19491 9.994 4.98615 5.01977 2.76588 8.49944 6.29682 4.28193 
4.14349 8.6958 3.49857 4.44438 8.44754 8.68074 1.56984 3.11264 7.2611 5.6033 8.85084 5.55014 3.71194 3.95506 4.64657 6.38045 3.58504 7.06672 9.28029 3.8736 3.86846 3.91368 7.91 9.39162 5.25967 3.5934 1.27424 8.23177 7.27101 6.03176 
5.55666 9.42827 3.52278 3.9538 7.62997 8.9434 3.14884 3.51353 7.50067 3.94707 9.5914 3.83631 3.57022 2.23081 6.05239 5.61709 2.90801 6.08622 10.1175 5.60261 5.44142 3.13268 8.56054 8.84096 5.53864 3.31489 2.98082 7.91808 7.63497 6.85149 
3.36024 5.88511 0.584209 1.92634 5.81207 5.47091 2.78289 0.202485 4.03496 5.46649 6.04983 5.78275 0.950368 4.65414 3.71383 3.85834 1.91039 4.81965 6.61255 4.92541 3.82232 2.20227 5.0013 6.40281 2.03062 1.16619 3.91019 5.09035 4.10411 3.4 
3.23903 8.62981 5.74966 7.04146 11.0388 9.58391 2.57624 5.03036 8.37717 9.07491 8.74874 9.04093 6.09076 7.44565 3.54141 9.04312 6.50496 9.92446 8.90632 1.01637 2.38872 6.86517 8.12503 11.5698 6.66562 6.14928 2.24751 10.1439 8.15727 6.19969 
4.9994 1.41156 6.60961 7.30906 8.91696 3.92588 7.35063 6.28441 4.12069 11.4862 1.36704 11.9107 6.80309 10.9331 4.60132 8.08802 7.96214 9.11014 0.942019 7.14057 5.76022 8.12251 2.04025 8.06357 4.87469 7.14291 8.57114 6.58062 3.58281 2.89614 
5.58746 1.34648 5.35059 5.59047 6.34679 1.24193 7.25989 5.34158 1.71593 9.72672 1.4625 10.2381 5.40941 9.54811 5.39268 5.8386 6.47565 6.77632 2.2184 7.98168 6.45868 6.53043 0.840536 5.37276 3.32519 5.73415 8.55746 3.93512 1.3043 2.60548 
2.07077 7.4027 5.23536 6.57606 10.4459 8.503 2.46483 4.47166 7.37082 9.17154 7.51626 9.22835 5.59697 7.68214 2.30495 8.52838 6.21914 9.48171 7.64665 0.326497 1.19883 6.57578 6.94344 10.8047 5.80332 5.72218 2.78742 9.31615 7.10303 5.05799 
6.17331 1.84708 7.68238 8.28875 9.50598 4.24807 8.53642 7.40303 4.79413 12.4812 1.70699 12.9304 7.8525 12.0126 5.7639 8.88708 9.00379 9.87079 0.948472 8.26828 6.91836 9.14161 2.74591 8.4649 5.85484 8.19308 9.75649 7.08402 4.28823 4.0131 
4.82104 1.61335 4.6185 4.97293 6.21297 1.70742 6.44597 4.56318 1.41439 9.15042 1.77234 9.63756 4.70472 8.87222 4.65473 5.45047 5.80352 6.44436 2.49948 7.21826 5.69309 5.88575 0.693542 5.45777 2.61706 5.03659 7.74354 3.92032 0.876413 1.83412 
2.90765 8.30716 5.22529 6.51438 10.5153 9.16273 2.0501 4.5101 7.9296 8.59456 8.43168 8.57798 5.56511 6.99012 3.26075 8.51674 5.97943 9.39673 8.6263 1.02591 2.10002 6.33975 7.76408 11.0628 6.18328 5.62181 1.83521 9.64816 7.72796 5.81997 
6.22509 9.46451 3.38095 3.37717 6.6798 8.65427 4.0566 3.63573 7.23398 2.75772 9.63052 2.72244 3.30056 1.1868 6.69933 4.74735 2.3294 5.07312 10.2199 6.61613 6.25353 2.43033 8.5555 8.02611 5.38543 2.98203 4.12045 7.26823 7.45085 7.02058 
5.922 4.76707 3.19781 2.63372 3.17057 2.92335 6.25895 3.69238 1.82538 6.4047 4.91428 6.97227 3.01796 6.58614 6.03339 2.30853 3.69049 3.25867 5.66562 8.05355 6.67115 3.59234 3.88398 3.05668 1.97396 3.22262 7.4213 1.59298 2.32551 3.79438 
9.55327 6.86321 6.71361 5.74674 2.50639 4.33115 9.89615 7.30906 4.50161 8.13983 6.95035 8.78822 6.45484 9.02286 9.61545 4.09246 6.74396 4.10312 7.66261 11.7349 10.3309 6.50632 6.28478 0.808084 5.6317 6.5627 11.0041 2.12002 4.99433 7.06989 
7.99361 6.34253 4.84633 3.81725 1.36953 3.99025 8.07035 5.48715 3.51962 6.42832 6.46574 7.06614 4.56616 7.15749 8.12296 2.19823 4.80585 2.4626 7.22244 10.0543 8.71732 4.56826 5.57315 1.15004 4.05255 4.6513 9.1346 1.10059 4.06262 5.84508 
6.91876 3.82027 5.07347 4.68675 4.0425 1.3381 7.84985 5.41651 1.57953 8.38285 3.92255 8.97157 4.95956 8.64589 6.88625 4.10239 5.7354 4.83076 4.66135 9.24741 7.75818 5.65134 3.1964 2.89558 3.32737 5.20465 9.09164 1.5728 1.98457 4.15524 
3.09919 7.54987 2.7145 3.87569 7.92669 7.63333 0.77 2.16518 6.23491 5.94024 7.70388 6.00913 3.00083 4.49222 3.60001 5.88002 3.22444 6.69283 8.12682 3.37006 2.97397 3.58265 6.77625 8.69166 4.25554 2.97741 1.57867 7.42418 6.20549 4.8833 
6.77632 8.21663 2.86398 1.74152 3.8486 6.76018 5.50974 3.58431 5.48923 2.5655 8.37922 3.11713 2.52517 2.94613 7.14077 2.01358 1.61372 2.2419 9.07727 8.03338 7.15672 1.26321 7.27641 5.2805 4.15621 2.26135 6.14369 4.76592 5.86669 6.28618 
7.09941 6.72423 3.49567 2.27798 1.79494 4.75896 6.73146 4.22235 3.78155 4.84373 6.87154 5.46452 3.16443 5.45485 7.32069 0.50636 3.17616 1.30177 7.62266 8.93302 7.72324 2.90689 5.83618 2.82177 3.39037 3.16834 7.69332 2.31821 4.28118 5.51725 
6.10816 4.66953 3.48323 2.92171 3.13844 2.7128 6.52056 3.96295 1.72409 6.64172 4.81203 7.21688 3.30841 6.86069 6.20059 2.47491 3.98005 3.37535 5.56821 8.27179 6.87221 3.87675 3.8097 2.86775 2.17002 3.51511 7.69275 1.35059 2.24876 3.86999 
1.44475 6.60512 3.52264 4.86215 8.75685 7.26693 1.1738 2.76176 6.01041 7.63497 6.74214 7.75441 3.88346 6.27271 1.93794 6.8203 4.52991 7.76804 7.03077 1.96352 1.17201 4.88337 5.97814 9.19472 4.2662 4.0096 2.22946 7.75021 5.82507 4.01299 
3.38479 2.23511 5.31008 6.19487 8.45568 4.17757 5.7413 4.88035 3.78942 10.2868 2.31664 10.6621 5.55237 9.57427 3.00375 7.29583 6.70814 8.36059 2.37036 5.58628 4.1653 6.91274 2.15058 7.91768 3.8497 5.88401 6.9527 6.33998 3.26939 1.65529 
4.31393 1.80069 6.17518 6.97269 8.8927 4.16203 6.70773 5.79118 4.11024 11.1152 1.81571 11.5137 6.39515 10.4732 3.90565 7.90974 7.5559 8.95559 1.59731 6.43442 5.06222 7.73997 2.13883 8.17296 4.56581 6.73181 7.91154 6.64007 3.56742 2.45349 
7.32563 6.02764 4.14074 3.14025 1.69664 3.82341 7.3631 4.78006 3.11662 6.03858 6.16159 6.66251 3.8643 6.63001 7.47086 1.70658 4.15047 2.25411 6.92117 9.35975 8.03622 3.93126 5.20463 1.84174 3.40026 3.95828 8.43047 1.13635 3.65548 5.28765 
2.52771 7.88483 5.45674 6.78473 10.7109 8.94043 2.48974 4.70545 7.78165 9.17397 7.99978 9.19614 5.81234 7.62685 2.78686 8.76108 6.35784 9.6893 8.13607 0.233238 1.65849 6.71739 7.41243 11.1331 6.1591 5.91261 2.57303 9.66555 7.53023 5.51272 
8.52416 5.69022 5.97478 5.17731 2.83064 3.16057 9.06448 6.49887 3.35678 8.12316 5.7807 8.75825 5.75806 8.78014 8.55585 3.83881 6.22367 4.15843 6.49998 10.7633 9.32537 6.03484 5.10393 1.18191 4.66138 5.91531 10.2265 1.23483 3.83437 5.94358 
5.03086 7.58238 1.51344 1.55756 5.39268 6.72596 3.53566 1.9759 5.30212 3.5994 7.74878 3.89166 1.37753 2.81812 5.4464 3.33209 0.528394 3.98841 8.3636 6.08113 5.30224 0.834506 6.66197 6.47864 3.46655 1.05109 4.1999 5.52197 5.52001 5.23534 
8.39174 7.64137 4.75395 3.478 0.65 5.43647 7.96786 5.49484 4.7119 5.07285 7.77769 5.72197 4.41082 6.05615 8.60759 1.47122 4.25466 1.04235 8.53696 10.2144 9.01613 3.94098 6.80207 2.30497 4.63492 4.378 8.87764 2.61817 5.2437 6.70329 
6.26671 1.33754 6.13022 6.32219 6.74754 1.39786 8.02556 6.13059 2.372 10.4251 1.36927 10.9499 6.17978 10.3012 6.03829 6.43351 7.23086 7.32446 2.01636 8.64974 7.13371 7.2727 1.38293 5.59937 4.10157 6.5013 9.32269 4.28616 2.03961 3.31308 
5.56386 5.00564 2.61859 2.05292 3.32417 3.38565 5.73071 3.14917 2.13715 5.94246 5.16047 6.49111 2.42621 6.03511 5.7164 2.06671 3.10363 3.10221 5.89665 7.61804 6.27694 3.02002 4.08873 3.49206 1.65677 2.62612 6.86985 2.13002 2.57235 3.69915 
2.59946 6.34716 1.71677 3.03592 7.00316 6.34924 1.59201 1.00449 4.95368 5.99421 6.50495 6.19776 2.0662 4.84737 3.04508 5.02004 2.70474 5.94079 6.97093 3.78652 2.85063 3.05287 5.54193 7.60013 2.9852 2.16933 2.78632 6.25761 4.92196 3.7 
5.43281 0.817863 5.5766 5.92225 6.8628 1.75251 7.26364 5.49742 2.16668 10.0893 0.942444 10.5846 5.66634 9.83358 5.19582 6.28924 6.76416 7.24754 1.70188 7.81072 6.29756 6.84229 0.544059 5.90425 3.57883 5.99835 8.558 4.46171 1.69532 2.5038 
4.10235 7.73296 1.98595 2.82144 6.82807 7.36174 2.12763 1.8312 5.9203 4.61885 7.8956 4.7376 2.14086 3.30044 4.57587 4.76114 1.98346 5.48074 8.41758 4.72424 4.17164 2.32622 6.87285 7.77746 3.92562 1.98567 2.69602 6.65904 6.01002 5.1519 
3.51142 7.37143 1.98116 3.04803 7.0982 7.18171 1.59355 1.59615 5.75265 5.21145 7.53154 5.33802 2.22443 3.89606 3.98984 5.04255 2.36129 5.836 8.02043 4.16829 3.57144 2.71936 6.53967 7.92939 3.74733 2.15808 2.3689 6.7218 5.79008 4.7465 
1.61012 5.82204 2.45153 3.79638 7.60424 6.20455 1.64049 1.68074 4.89612 6.98279 5.97117 7.18925 2.81824 5.82619 2.05412 5.70576 3.62609 6.68566 6.35831 3.11853 1.95474 3.96102 5.10009 8.0069 3.09006 2.99608 2.93552 6.56293 4.75613 3.15767 
10.7296 7.92945 7.7962 6.75643 3.08935 5.40296 11.0069 8.41929 5.67116 8.73275 8.00643 9.38254 7.52001 9.78227 10.7961 4.96473 7.7136 4.76018 8.6983 12.8959 11.502 7.45059 7.39952 1.82124 6.80018 7.60282 12.0868 3.29515 6.15497 8.24711 
7.24407 5.40107 4.41192 3.59201 2.28116 3.09739 7.55499 4.97229 2.57329 6.7805 5.52667 7.39687 4.18169 7.2833 7.33771 2.43822 4.64247 3.036 6.28466 9.38898 8.0025 4.46467 4.62455 1.73046 3.3008 4.33042 8.6868 0.391152 3.1158 4.95263 
7.85016 5.41912 5.21023 4.42143 2.53014 2.94959 8.31291 5.74167 2.83283 7.50915 5.52675 8.13548 4.99249 8.08418 7.9053 3.18148 5.4722 3.63142 6.27025 10.0572 8.63669 5.29235 4.74017 1.31187 3.94872 5.15102 9.46717 0.469574 3.34791 5.37217 
3.90295 8.02075 2.59046 3.53454 7.5545 7.84969 1.59841 2.26318 6.41873 5.12352 8.17984 5.16871 2.79517 3.64005 4.39819 5.48804 2.71312 6.20967 8.65466 4.17939 3.82472 3.05408 7.19803 8.47496 4.41312 2.67675 1.9759 7.31686 6.46019 5.38243 
9.14254 5.93151 6.7143 5.93155 3.36341 3.41634 9.77754 7.22267 3.87487 8.80877 6.00421 9.44839 6.50385 9.51303 9.14866 4.56054 6.97789 4.80713 6.69024 11.4149 9.95863 6.78761 5.44229 1.58294 5.33405 6.66571 10.9523 1.98157 4.3089 6.46811 
4.24005 4.52355 1.81397 2.03666 4.61686 3.608 4.58093 2.08734 2.16566 6.22981 4.6888 6.69557 1.80499 5.92663 4.39933 3.07467 2.85412 4.1503 5.36173 6.32197 4.95868 2.92957 3.58422 4.78017 0.436578 2.11896 5.78871 3.3176 2.35034 2.63735 
5.92881 0.603075 6.31877 6.67281 7.45966 2.16843 7.89205 6.21786 2.86735 10.8361 0.576888 11.3342 6.41427 10.5839 5.64646 6.99222 7.51513 7.92965 1.19105 8.27191 6.77921 7.59394 1.17686 6.38526 4.32807 6.74712 9.18009 5.01889 2.42547 3.1 
1.36894 6.73155 4.69503 6.04126 9.84371 7.79811 2.25462 3.92441 6.67027 8.87482 6.84882 8.9779 5.06063 7.47204 1.63918 7.96116 5.76725 8.93811 7.00607 1.03078 0.497695 6.11791 6.25135 10.1489 5.13352 5.2131 2.90331 8.64653 6.39876 4.35619 
4.20905 7.68595 1.84532 2.62101 6.6178 7.24798 2.31948 1.76853 5.80496 4.46052 7.84949 4.60114 1.97436 3.19889 4.67472 4.5507 1.76819 5.26499 8.38573 4.91044 4.31474 2.11009 6.81517 7.58254 3.81996 1.80025 2.91234 6.48179 5.91168 5.12938 
3.64664 8.95342 5.05693 6.2482 10.2988 9.54059 1.84491 4.42757 8.22475 7.81683 9.08881 7.73885 5.36078 6.1336 4.07344 8.25222 5.56076 9.05001 9.35514 2.14283 2.9588 5.91331 8.32703 11.0201 6.34768 5.34958 0.945939 9.69394 8.0923 6.36116 
7.11923 7.17346 3.34624 2.03416 2.07711 5.30665 6.52645 4.10468 4.25202 4.22976 7.32509 4.85077 2.99189 4.87643 7.378 0.127279 2.79517 0.980204 8.0687 8.82844 7.69042 2.49018 6.26677 3.3536 3.60072 2.93165 7.41583 2.93205 4.7289 5.78234 
5.29914 1.65148 6.99743 7.69666 9.25054 4.18387 7.68752 6.66694 4.46161 11.8748 1.57407 12.2997 7.19186 11.3199 4.88559 8.45719 8.35101 9.47424 0.976166 7.38978 6.03902 8.51143 2.37245 8.35558 5.26161 7.53165 8.89657 6.89292 3.9278 3.28123 
3.55659 8.79128 4.71546 5.89187 9.94342 9.29475 1.53883 4.1025 7.96116 7.4609 8.9302 7.39327 5.01351 5.79031 4.00682 7.89367 5.19312 8.68441 9.22293 2.30868 2.93343 5.54495 8.13843 10.686 6.0604 4.99437 0.584209 9.37554 7.84653 6.17366 
5.98426 8.27641 2.34019 1.82784 5.04876 7.18229 4.39619 2.89993 5.80246 2.6706 8.44252 3.01423 2.10794 2.18888 6.39832 3.07483 0.947523 3.49611 9.08936 6.97376 6.24606 0.856154 7.34221 6.34761 4.12456 1.7698 4.91766 5.60651 6.08737 6.04822 
3.45172 7.95329 2.97229 4.05882 8.1066 8.00321 0.962549 2.48568 6.5964 5.81086 8.1076 5.83837 3.23209 4.28768 3.95455 6.04745 3.32277 6.81688 8.53202 3.49961 3.26057 3.67396 7.17586 8.93729 4.60663 3.17099 1.36029 7.7072 6.58119 5.28734 
4.89287 2.77483 3.75565 3.91042 5.12016 1.74106 6.0604 3.86 0.464004 8.05084 2.93002 8.55815 3.7768 7.88155 4.84554 4.28077 4.81176 5.27788 3.66661 7.24636 5.74252 4.85479 1.86301 4.54816 1.73401 4.09216 7.34173 2.95968 0.380132 2.1349 
3.57315 6.07376 0.411461 1.75208 5.69723 5.58108 2.8507 0.38 4.14001 5.22943 6.23899 5.54707 0.771622 4.4303 3.93585 3.71648 1.67601 4.65626 6.81234 5.07241 4.0098 1.97307 5.18154 6.34938 2.14597 0.950053 3.93022 5.07552 4.23586 3.61544 
3.5096 8.69014 4.50795 5.67539 9.72716 9.14278 1.36308 3.90544 7.7991 7.251 8.83111 7.191 4.80243 5.59014 3.97223 7.67581 4.97076 8.46291 9.13961 2.42157 2.93002 5.32226 8.02173 10.4815 5.88511 4.77867 0.381182 9.18035 7.69532 6.05955 
1.69623 6.94525 5.16501 6.51128 10.3017 8.12914 2.65415 4.3942 7.04052 9.31561 7.0551 9.40597 5.53075 7.88651 1.86078 8.42738 6.23503 9.40707 7.16616 0.792275 0.857963 6.58635 6.5156 10.5812 5.558 5.68384 3.16285 9.06795 6.74801 4.66154 
6.29308 9.81236 3.75832 3.88001 7.23923 9.10372 3.98058 3.92226 7.67392 3.0938 9.97766 2.95061 3.71819 1.34302 6.77997 5.30322 2.82087 5.63057 10.5453 6.47656 6.24362 2.95237 8.91586 8.57961 5.78381 3.41463 3.87129 7.79868 7.8668 7.31304 
1.30138 6.69362 4.21532 5.55989 9.40669 7.59495 1.75775 3.44746 6.41003 8.3518 6.81965 8.45786 4.57926 6.95766 1.70156 7.49861 5.25669 8.46245 7.03257 1.3306 0.615873 5.60903 6.14994 9.77057 4.78174 4.71975 2.53503 8.29145 6.17324 4.21246 
7.78023 10.1734 4.28627 3.62927 5.72603 8.90025 5.85888 4.8091 7.5798 0.850235 10.3388 1.06668 4.05265 1.13217 8.22134 4.1456 2.89178 4.05613 11.0018 8.45199 7.93681 2.7324 9.23455 7.32535 6.02742 3.71602 6.03596 6.94165 7.91324 7.99425 
9.15242 6.07968 6.62825 5.80682 3.12835 3.55394 9.72169 7.15605 3.927 8.60549 6.15721 9.24689 6.4074 9.339 9.17212 4.38114 6.84634 4.59358 6.85263 11.4057 9.96027 6.64686 5.56167 1.34239 5.30941 6.55881 10.8833 1.88767 4.37933 6.52175 
5.67641 4.02548 3.47541 3.16765 3.79012 2.22767 6.32652 3.84034 1.07912 7.09505 4.1708 7.64807 3.36595 7.17508 5.72846 3.05791 4.19228 4.00292 4.92441 7.91253 6.47223 4.14251 3.15496 3.37236 1.83003 3.62006 7.54448 1.7844 1.59327 3.27426 
0.467547 5.17093 4.29913 5.59044 9.05108 6.38205 3.04613 3.56976 5.3694 9.02218 5.2857 9.23385 4.65474 7.85651 0.0728011 7.33388 5.59823 8.37523 5.44121 2.55267 1.09073 5.91434 4.72745 9.11843 4.11825 4.89263 4.08512 7.55818 5.03433 2.89928 
8.61629 9.79054 4.7119 3.539 3.87243 8.05623 7.202 5.42786 6.93172 1.85154 9.94837 2.49393 4.37156 3.3022 8.98649 2.88425 3.42177 2.30766 10.673 9.77231 8.97001 3.08858 8.86095 5.61271 5.87003 4.10859 7.67727 5.61712 7.37151 8.04665 
3.60462 8.6617 4.22412 5.35385 9.40383 9.00355 1.22589 3.65903 7.63772 6.84901 8.80657 6.79047 4.50459 5.19062 4.08512 7.34622 4.61637 8.11311 9.14582 2.75507 3.10409 4.9646 7.96227 10.2011 5.69415 4.46189 0.0728011 8.92943 7.56003 6.0103 
5.27091 0.130384 5.9788 6.46518 7.64963 2.55131 7.323 5.80246 2.89993 10.6554 0.281603 11.1264 6.11003 10.2899 4.96977 6.98886 7.24117 7.97236 0.956922 7.5936 6.11204 7.35112 0.857963 6.71509 4.05464 6.44845 8.60126 5.2646 2.38948 2.54167 
9.00281 7.80484 5.4733 4.23137 0.183576 5.46386 8.70619 6.19788 4.94022 5.765 7.93083 6.41527 5.14009 6.82821 9.19054 2.24207 5.04366 1.79536 8.68878 10.8998 9.66002 4.73532 7.01573 1.77553 5.15454 5.12938 9.64461 2.57235 5.48272 7.12618 
5.95756 9.83257 3.89297 4.24166 7.80708 9.30763 3.51801 3.91506 7.86641 3.80739 9.99602 3.63341 3.92001 2.0298 6.45478 5.82344 3.18328 6.23013 10.5268 5.92324 5.82081 3.37771 8.96068 9.07436 5.91683 3.65049 3.246 8.20207 8.01331 7.26276 
2.36038 4.29848 2.20719 3.28637 6.50372 4.48728 3.32579 1.74413 3.19883 7.20503 4.45738 7.54923 2.49147 6.43481 2.50769 4.84415 3.61865 5.90573 4.94773 4.56207 3.12348 3.85946 3.49314 6.61587 1.58808 2.80532 4.6218 5.08811 3.03896 1.6772 
7.4334 7.37621 3.66051 2.34303 1.81945 5.43788 6.8329 4.42 4.44046 4.25075 7.52549 4.88365 3.30506 5.00915 7.68953 0.390128 3.07002 0.690507 8.27357 9.14327 8.00653 2.75409 6.47892 3.20914 3.885 3.2383 7.70912 2.9426 4.93077 6.05635 
