140 35 10
777 335 649 27 763 426 211 429 862 135 22 167 11 373 784 324 413 980 862 281 84 505 313 895 814 364 87 178 403 399 676 12 94 570 467 
6.01 0.97 9.02 3.17 4.92 6.52 7.56 3.01 2.8 2.86 
1 4 9 7 5 7 3 6 4 2 9 8 9 8 1 9 8 3 4 7 1 9 1 5 1 9 3 3 9 3 8 4 8 7 3 0 5 5 6 2 7 8 8 6 2 5 0 0 6 8 8 2 6 9 1 1 4 9 6 3 5 4 4 6 6 7 2 6 7 3 5 1 1 5 0 0 9 0 2 5 9 8 0 9 6 4 9 0 2 3 7 1 9 2 1 8 8 6 8 3 4 8 6 9 3 3 5 5 9 4 4 0 2 9 2 0 8 5 2 4 4 3 0 9 8 3 0 1 2 0 1 0 7 0 7 5 6 6 2 6 
52070.4 11539.5 51792.9 55142.1 65385.4 16100.3 69459.2 51175.5 17936 96821.9 12986.5 101767 52637.7 94283 50003.6 59047.9 63581.5 68740.5 20527.3 75978.5 60769.7 64347 4428.32 56505.7 31753 55949 82426 41691.5 13020.8 22365.4 63255.8 49950.9 64724.8 34280 53149 
50459.1 46067.9 23873.2 21281 38755.9 32287.6 53612 28130.1 18619.6 62060.1 47659.6 67257.9 22656.6 61437 51831 25551.5 31195.5 36117.9 54868.8 71465.9 57777.2 30996.8 36749.1 39560.1 11132.8 25207.1 65412.2 25023.4 22202.9 31562.6 49231 39038.7 41924.3 36390.2 19511.3 
84573.3 111285 51638.2 46057 66154.7 98992.6 63485.6 56220 85707.1 10470.9 112944 5507.27 49594.9 11253.9 89179.8 51244.2 38034.9 49568.2 119464 88992.2 85319.4 36820.8 101920 82603 69770 46193.6 63311.4 79310.2 88945.9 88891.5 90280.1 70742.7 50792.3 84720 48013.5 
56086.5 34362.8 38515.7 36967.7 42970.3 16584.9 65101.9 41207.4 5021.95 76896 35777.8 82347.6 37882.6 77132.7 56066.4 36721.2 46931.5 46057 43346.2 79147.1 64365.5 46707.7 25909.3 36721.2 19954.2 40672.5 77610.9 20831.2 10439.3 29821 45073.5 47851.1 55502.3 39041 35238.9 
32856.8 24574.8 54180.6 63416.8 86820.8 44368.7 56995.6 49586.4 40365.6 104067 25303.2 107702 56718.3 96545 28811.1 74901.6 68226.5 85579.5 25283.4 54339.9 40400.5 70370.8 24077.6 81652.5 40255.8 60001.1 68911.9 65848.5 35198 18246.4 89522 38939.1 59124.4 21523 61402.4 
61241.3 30182.3 47002.7 45546.7 46840.2 8215.23 72455.3 49299.5 8102.47 84981.7 31361.4 90553.2 46481.2 85698.3 60606 43722.1 55570.7 52319.8 38907.1 84829.1 69770 55295.8 23221.5 37300.1 27817.3 49304.2 85145.6 22615.3 11042.2 32874.6 44355.9 54470.9 63625.5 43507.8 43845.8 
21783 37124.8 51354.6 62516.7 91195 54426.6 47311.4 45379.3 47711.7 101033 37976 104000 54436.2 91522.2 17129.2 76856.4 65380.9 87605.7 38126.6 41715.3 28383.3 68023.7 35113.5 88358.5 42001.9 57438.8 58401.5 72388.2 43123.7 22078.5 96888.6 31400.6 52272.5 17637.7 60636 
73136.1 61911.2 40340.8 29848.5 16015.3 40260.4 72691.8 46939.2 32637.7 58026.2 63277.6 64274.8 37452.5 64107.8 74742.5 14750.3 39777.5 20256.6 70869.2 93107.4 80082.5 37473.3 53541.5 19824.5 34128.7 38220.5 83160.1 13738.3 37980.3 53595.6 29543.5 60796.8 58612.1 59372.7 29543.5 
14577.4 39478.2 40472.8 52012.5 82800.2 51765.3 38073.7 34353.5 42520.2 90024.5 40689.3 92957.2 43640.6 80520.8 11727.3 67306 54439.9 78000.3 42800.5 37919.5 22944.5 57151.2 34826.4 81624.1 33044.2 46571.5 49986.6 65759 38725.8 16975.9 90605.6 20742.2 41524.6 7679.19 50188.1 
58788.2 30248.3 44313.7 43167.7 46524.9 10381.7 69709.3 46542.1 5420.33 82977.8 31527.9 88475.8 43852.6 83333.4 58268.3 42224.3 53092.8 51142.3 39118.9 82300.1 67280 52904.9 22663.8 38003.3 25054.5 46712.4 82389.6 22796.9 9078.55 30770.9 45481.6 51789.7 60868.5 41153.9 41430.7 
53018.2 77243.1 16980 15111.9 52142.2 67817.4 38082.5 22182.2 53701.8 33497.8 78907.4 36653.1 15123.8 26703 57131.6 31652.6 4504.44 37718 85183.4 63591.2 55809.9 6536.82 67977.7 63569.3 35871 11732.4 44435.7 54580.9 56123.1 54236.2 73014.2 38372.5 22239.6 50466.8 16430.5 
63901.5 49518.6 36241.6 29482.2 28211 29072.5 67206 41465.4 20146.7 65191.5 50915.6 71069.7 34225.7 68209.2 64936.7 22770.2 40112.3 31260.5 58495.3 85285.5 71437 38802.1 41046.6 25849.6 24436.4 36047.2 78720 11289.4 25468.6 41891.8 35424.4 52878.2 54739.1 48785.3 28355.8 
44400.2 13806.2 47059.6 52052.5 67240.8 22447.5 62413.5 45554.4 19350.7 93982.2 15469.3 98608.3 48342.3 90141.7 42313.2 58541.1 59663.2 68725.8 21931.7 68293.9 53092.8 60805.4 5035.87 60209.8 27835.2 51726.4 75348.4 44716.1 13923 14827.7 67680.5 42829.9 58623.3 26689.5 50006.9 
14368 67209.3 38104.7 51500.7 90409.8 74659 13201.9 30491 62307.7 78849.5 68541.4 79918.6 41713.8 64953.7 19053.9 71075.2 48112 80559.7 71151.2 16770.5 9920.18 51655 61228.3 94648.2 45185.2 42968.4 22365.2 80116.7 60290.4 41629.3 104392 16302.8 26069.3 29839.1 50472.3 
63166.8 23807.6 53869.7 53595.6 54715.4 1581.14 77056 55313 14123 93538.7 24713 99043.7 53720.1 93750.6 61846.3 52431.4 63361 60936.1 31992 87090.9 71857.9 63308.5 18947.6 43572.6 33914.7 56706 89939.4 30101.5 13612.5 33541.2 49512.2 58280.8 69569.1 45113.6 51816.8 
16096.3 42798.4 29049.6 40754.5 73336.8 49195.5 31723.8 23067.1 37575.5 78678.7 44263.4 81726.7 32231.8 69652.1 16886.1 56811.7 43030.8 67407.2 48052.6 39363.4 24374.2 45728 35970.7 73875.6 23832.1 35148.4 44522 58356.1 34985.7 16330.6 83231.7 12257.7 31674.6 5968.25 38975.9 
70502.5 44913.8 47664.3 42017.1 32784.4 20814.7 77237.1 52040.2 18942.3 77176 46048.7 83189.5 46036.9 80811 70722.1 33988.2 52638 40780.6 53549.4 93142.7 78608 51419.1 37903.3 22656.6 32420.1 48138.6 89263.9 8102.47 23992.7 44644.8 30394.2 61241.3 65872.7 53780 40796.2 
85999.6 86504.7 47197.5 33738 19163.8 66144.7 77484.7 54910.2 57056.1 37844.2 87969.6 44338.4 43535.4 49778.4 88851.9 16812.2 38356.4 6264.98 95491.2 101703 91208.9 34804.2 77636.4 36817 51753.7 42153.2 84941.5 39169.9 62084.1 73566.4 43278.2 71725.1 61626.3 76199.9 35027.4 
26050.9 80020.1 49671.7 62682.8 102537 88491.8 18435.8 42419.9 76185.3 84700.1 81275.4 84757.4 53115.4 68989.1 29704.2 82657.4 57655.6 91593.3 83301 9402.13 18133.4 61261.2 74532.5 107768 58815.4 53800.5 18291.3 93536.1 74148.2 55075.3 117566 30026.8 34349.4 43172.4 61919 
49414.4 7733.69 53282.4 57826.1 70385.5 21473 68403.6 51876.8 22548.8 99712.8 9386.16 104455 54473.7 96270 46925.6 63149.5 65712.3 73075.6 16401.2 73116.7 58028 66745 1720.47 61900.1 33805.3 57844.8 81303 46946 17293.1 20529.5 68721.5 48801.6 64926.8 32123.7 55795.1 
54385.4 81026.4 20349.4 19402.3 55498.2 72057.3 37505.5 24634.3 57900.8 31562.6 82690.6 34084.7 18930.7 22961.1 58698.6 35212.1 8814.19 40555.8 88854.1 63356.9 56540.6 10412 71809.3 67452.3 39802.6 15608 42671 58777.7 60223.1 57541 76814.7 39969.6 22100.2 53126.6 20740.8 
71548.9 36161 55326.3 51973.6 44681.7 10846.2 82226 58382.3 18253.8 89117.6 37006.6 95008.1 54353 91675.8 70879.8 46255.5 62408.7 53327.4 44145.3 95123.7 80075.6 61652 31033.7 31797 37159.8 56900.4 94793.1 20179.2 21215.1 43001 37202.2 64565.7 72650.9 53793.9 50489.6 
66021.2 74007.4 26888.1 13495.2 30425.3 58005.6 57296.5 34595.1 45850.7 35287 75600.3 41100.1 23220.7 39500.1 69118.5 10440.3 18721.1 16337.1 82788 81308.9 70938.9 15415.6 64674.7 43268.5 34858.9 21756.8 65400.3 37409.2 49993.7 56786.6 52273.2 51563.7 41555.4 57610.2 15003 
41269.8 59985.4 2765.86 11287.2 50230.9 52318 35195 10084.6 37915.8 49629.1 61649.7 53462.7 2280.35 43960.2 44522 30508.4 13885.2 40106.1 67867.7 57328.3 46239.1 15951.2 50768.7 57008.8 18885.4 5656.85 45680.6 44721.9 39656.1 37139.7 66859.6 26785.4 21285 34708.1 9972.46 
68315.9 40206.1 48186.4 43824.4 37565.9 16015.3 76607.9 51931.1 15492.3 80486.6 41314.6 86387.3 46898.4 83271.4 68230.9 37663 54357.5 45015.6 48794.3 91353.4 76596.9 53426.8 33421.5 27100.2 31412.7 49254.6 88896 12907.7 20154.7 41440.3 34307.6 59869.5 66023.1 51162.6 42434.1 
66717.1 87809.3 29706.9 22357.3 48598.9 75348.9 50519.9 35691 61971.8 20302.7 89462.5 24412.5 27051.2 19509.2 70831.6 30227.3 15591.3 32288.9 96125.2 76394.4 69334.3 13528.1 78416.6 62985.8 46381.6 23769.9 55032.8 57247 65222.8 66389.5 71669.4 52074.7 35117.2 63624.2 24343 
63165.6 37766.9 43671.5 40244.9 39057 15558.9 71566.8 47097.9 10816.7 78316.4 39012.4 84052.4 42592.1 80111 63141.9 36312.7 50633.3 44590.7 46590.7 86170.1 71426.7 49954.5 30230 30649.1 26341 45104 83923.1 15232.9 15885.8 36628.5 38525.3 54701.1 61272.2 46101 38724.2 
37436.3 91402.5 57508.3 69889.6 110282 99386.6 25056.9 50771.1 86766.6 86825.4 92660.7 86028.5 60721.3 69968.7 41009.9 89976.4 63543.7 98274.8 94659.9 17293.1 29401.5 67105.9 85838.6 116710 68755.4 60891.1 18085.4 102972 84974.4 66323.1 126557 40394.3 40396.7 54449.3 69385.1 
62191.1 41308.8 39980.5 35747.6 35555.7 20247.5 68923.1 43935.5 12614.3 73483.2 42639.5 79230.6 38651.4 75457.3 62550 31552.7 46225.2 40058.6 50235.5 84717.2 70234 45412 33245.3 29148.1 23982.7 41009.9 81055.8 13193.9 18040 37165.2 37771.9 52791 57933.1 45722 34298.7 
46789.8 23559.3 39594.2 42422.3 55878.9 17860 60366.4 39766.9 8514.69 84125.9 25154.9 89048.4 40193.2 81688.2 45891.2 47254.7 50966 57328.3 32380.4 70593.1 55417.3 51655.1 14263.6 49795.3 19335.2 43457.7 73291.8 33999.1 3828.84 18006.9 57824.7 41460.9 53767.8 28861.7 40430.9 
22769.5 31255.4 41170.9 51255.1 78550.4 43863.4 44628.7 36217.8 35647.7 91149.2 32522.8 94591 43911.8 83151.5 20116.2 64569.7 55279.4 75326 35155.2 46306.8 31277.1 57607 26442.6 75872.1 29597.5 47112.3 57014.8 59908.3 31410.2 9706.18 84538.5 25854.4 45707.3 8070.94 49297.9 
87395 67203.7 56490.7 46083.1 14541.3 42592 88711.9 62866.6 40360.9 69767.2 68307.9 76228.7 53685.1 78254.5 88503.7 28958.8 55818.7 29433.5 75767.3 108320 94782.8 53324 60165.2 3920.46 47915 54501.1 99373.5 14833.7 45698.6 64789.3 13274 75882.9 74848.4 72300.1 45821 
3401.47 55990.4 42534 55743.1 91608.1 67259.1 26752.6 35000.1 56598.4 88488.2 57168.6 90323 46162.4 76175.7 5203.84 73836.6 54965.9 84078.8 58864.7 21410.7 6449.81 58251.6 51271.1 93112.5 42866.4 48300.4 36628.5 77691.8 53521 32571.9 102539 17800.3 36056.9 20924.6 54290.5 
83163.3 47594.3 63271.2 57625.4 40479.7 22705.9 92126 67337.4 29703.9 91004.3 48267.3 97204.4 61727.9 95871.8 82743.6 47598 68255.2 52458.5 55045.5 106483 91579.6 66910.8 43188.5 24355.9 46929.4 63854.6 104388 19403.1 33296.2 55129.4 27164.7 75273.4 81335.4 65627 56458.8 
70836.3 75506.6 32021.4 18558.6 25253.9 57912.4 62818.2 39731.6 46664 36587.6 77061.1 42748.1 28365.1 43046.5 73762.9 6865.86 24288.7 10770.3 84397.6 86658.5 76012.4 20942.3 66294.2 39147.2 37893 27131.2 70980.1 35056.1 51178.6 59900.1 47809.3 56527.9 47111 61587.7 19829.5 
16264.1 41653 30194.2 41735.4 73814 48595.6 32897.6 24328.2 37236.1 79900 43104.5 82987.3 33330.5 70971.7 16641.2 57525.6 44210.9 68153.5 46802.8 39801.6 24707.3 46870 34965.4 74031.6 24169.8 36286.1 45653 58437.7 34476.8 15306.2 83332.6 13509.3 33034.1 4614.11 39932.6 
39463.5 33860 27598.6 31892.5 53298.9 28639.8 49406.5 27695.7 15047.9 73822.1 35520.3 78411.5 28452.9 70194.4 39745.4 40634.1 39577.9 51276.2 42122.8 62410.9 47659.8 40620.8 24520.4 51237.2 7660.94 31790.7 62193.3 35424.9 14412.5 16414.9 60319.5 31365.1 41801.9 23032.6 29840.2 
25329.8 79252.6 52388.3 65573.5 105101 88925 22048.4 44967.8 77021.1 88714.4 80449 88869.9 55903.5 73146 28416.4 85436.5 60994.4 94580 82100.5 5220.15 16851.4 64596.3 74193.9 109746 60293.4 56778.9 22546 95249.4 74706.2 54967.6 119503 31411.1 37814.4 43044.3 64714.8 
85335.3 75235.4 49818.6 37403.7 3114.48 52517.9 82141.6 57081.2 46203.1 54620.6 76550.6 61113.8 46481.4 64400.2 87296.8 17572.7 45635.5 14328.3 84145.7 104134 91822.9 42600.5 67077.4 19263.4 47110.3 46379.7 91547.8 23865.7 51591.2 67224.1 26391.9 72266.9 67101.8 72475.4 37794.3 
69374.5 74740.7 30513.8 17051.1 26480.2 57540.7 61301.3 38225.1 46044.9 36494 76305.3 42569.9 26855.5 42321.2 72327.9 7300.68 22832 12280.1 83608.6 85137.4 74516.1 19516.7 65494.1 39972.2 36746.2 25608.2 69501.8 35295.5 50472.3 58755.3 48764 55043.6 45603.2 60268.5 18346.9 
8664.87 56010.8 31353.6 44690 81685.4 62907.6 19522.6 23735.6 50735.1 77265.3 57400.3 79273.8 35006.9 65467.1 13259.3 63274 43583.9 73321.9 60494.8 26662.5 13092.4 46883.7 49669.5 84522.4 34439.8 37019.5 31663.9 69569.6 48568.4 30019.3 94152.3 6628.73 25330.8 18422 43326.3 
34882.7 34879.4 25985.6 32202.5 56851.6 32549.8 45356 24914.7 19417.8 73903.2 36540.9 78206 27400.7 69152.7 35257.5 43040.9 38874.2 53776 42664.5 57823.6 43063.3 40305.3 25821.3 55544.6 8228 30802.6 58224.4 39815.2 18103.3 13792.8 64721.3 26970 38667.9 18738.5 30143.8 
54945.9 76286 17254 12347.1 48325.7 65722 41301.1 23438.6 51793.6 32734.1 77947.5 36490.7 14698.6 28114.9 58877.8 27869.2 3138.47 33916.5 84412.6 66562 58203.1 2886.17 66948.1 59943.7 34769.7 11360 48081.7 51339.1 54516.2 54113.3 69338.2 40196.6 25372.8 51176.6 13946.3 
57649 57062.9 23712.4 14863.7 30634.1 41007.8 56002.9 30253.8 28617.5 52206.7 58631.5 57753 20995.5 53758.4 59736.9 14534.4 25477.2 25251.7 65926.7 76729.4 64140 24103.3 47812.7 36080 20547.7 22189.4 66612.7 24838.7 32853.6 42223.8 45923.4 44631.9 42128.4 45592.3 13928.4 
10469 60423.9 32672.5 46130.7 84121.5 67165.8 15747.1 24959.6 54794.3 76641.6 61805.2 78300.1 36337.3 64025.2 15485.8 65239.6 44001.8 75045.7 64806.9 23340.3 11515.6 47427 54109.7 87676.2 37903.3 38014.7 27463.4 72949.6 52783 34458.1 97372.5 9104.94 23958.5 22849.3 44916.9 
47470.9 17441.3 44809.2 48353 61214.8 17397.1 63345.6 44308.6 13237.1 90139.9 19043.4 95000.7 45660.6 87333 45930.8 53297.7 56646 63287 26261.9 71441.3 56188.3 57471.8 8154.14 53991.2 24782.5 48978.1 76320.7 38506.4 7808.97 17649.1 61511.1 43996.9 57987.1 29427.9 46344.1 
76327.3 48940.1 52633.9 46054.1 30961.3 23985.2 82716.2 57336.2 24462.4 79162.4 49961 85328.5 50796.3 83944.7 76540.5 35739.3 56674 41194.7 57333.1 98931.5 84423.3 55187.1 42520.6 18221.4 38107.2 52703.1 94617.7 7576.94 29315.7 50312 25088 66966.9 70997.5 59583.6 44996.1 
56566.2 39222.7 35327.6 32549.8 38773.8 21287.6 63510.6 38801.2 9752.95 71965.1 40671 77479.6 34321 72654 56995.6 31641.3 42745.4 41074.2 48212.1 79060.7 64585 42301.9 30549.1 34211.3 18416.6 36913.5 75755.2 18277.9 14934.5 32144.2 43112.9 47164.5 52940 40250.5 30912.8 
44335.3 51189.2 13865.4 14425.7 43938.6 41090.3 44265.2 18471.6 26800.2 56356.5 52841.1 61001 12931.4 53487.9 46509.9 26742.1 22775.9 37402.1 59566.8 63707.5 50861.5 23380.8 41793.8 47802.3 10000 15807 55737.4 34280.8 29140.5 31648.4 57630.3 31431.2 31977.6 33043.8 12374.6 
60490.1 71422.8 21213.2 8015.61 35327.8 57154.5 51541.4 28901.4 44210.9 36342 73045.8 41657.3 17551.4 37773.7 63702 14729.9 13395.9 22041.1 80055 75519 65251.1 10410.1 62024.9 46845 31100.6 15970.3 59845.9 39204.6 47915.3 52726.6 56172.9 45951.4 35849.1 52754 9767.29 
59555.2 15625.9 55719.7 57326.6 62357 9702.06 75848.9 56038.9 17780 98310.8 16507.6 103565 56100.1 97179.6 57665.7 58522.6 66495.9 67566.3 23816 83510.3 68271.9 66858.8 12061.5 51735.7 35415.8 59283.9 88821.7 37917.9 14596.2 29701.5 57705.5 56527.9 69986.1 41616 55423.9 
37400.1 34918.5 26135.8 31281.5 54501.1 30790.3 47201.7 25811.8 17281.2 73149.8 36582.6 77609.1 27220.8 69019.2 37811.4 41130.6 38520.3 51834.8 42982.9 60243.8 45539.7 39737.3 25675.9 52996.7 6920.26 30594.9 60005.1 37260.2 16477.9 15634.9 62166.2 29130.2 39824.6 21272 29220.5 
7021.4 47497.9 41231.7 53789.4 87306.6 59460.7 32398.9 34246.2 49503.6 89468.7 48676.3 91876.9 44691.2 78549.3 3689.17 70613.5 54645.2 81138.2 50467 29821.6 14928.2 57671 42911.1 87444.3 37711.5 47270.5 43529.5 71754.1 46056.6 24622.3 96660.3 18071 38606.3 13559.1 52131.1 
45012.6 48872.3 16574.7 16696.4 43229.7 38283.2 46336.6 20718.3 24014.2 58577.3 50517 63345.5 15745.8 56141.3 46908.6 27031.3 25461.5 37776.3 57346.4 65052.6 51853.1 25913.9 39463.5 46106.9 8338.47 18613.2 58014.9 32160.2 26476.4 30331 55891.7 32644.3 34481.9 32718.5 14682 
95818.8 66453.6 68912.3 59838.5 29201.5 41169.2 100381 74573.5 44236 85240.6 67244.1 91709.8 66485 93614.4 96210.6 44111.8 70006.1 44878.6 74219.5 118027 103762 67774.7 61133.7 11621.1 56945.3 67752.9 111717 21965.9 48932 70129.4 8198.78 85772.3 87466.2 79325.4 59290 
54901.5 14080.1 70029.8 76493.3 90635.3 39302 78318.1 67067.1 42931.7 118373 13100.4 122755 71826 113321 50919.2 83347.1 83378.3 93390.6 6539.11 76260.7 62505.1 84853.9 22061.7 81228.7 52119.9 75231 90568.1 66823.1 37678.2 33148.5 87300.2 59454.2 78487.3 41463.8 74433.9 
77424.7 67965.1 42815.5 31100.2 10824 46139.5 75264.4 49847.8 38674.7 54551.4 69331.2 60929.5 39640.6 62151.4 79287.9 12788.3 40233.6 15211.8 76923.1 96643.1 84063.6 37525.7 59577.8 20082.3 38988.2 39911.2 85162.1 18620.7 44002.8 59106.9 29084.9 64578.6 60604 64347.9 31193.1 
59814.1 12486.8 72088.4 77586.7 88897.8 36318.9 82525.8 69713.2 41924 119515 11005.9 124130 73620.2 115353 56035.7 82978.1 85052.7 92730.2 3606.94 81678 67650 86295.1 21708.3 78485.7 53340.1 77020.8 94976 64657.4 36942.4 36045.1 84043 63353.7 81730.9 45407 75541.4 
58698 4833.22 63819.3 67702.7 76299.2 23532.5 78786.9 62587.3 30062.9 109423 4172.53 114342 64872.6 106622 55745.9 71323.8 75970.1 80784.5 10004.5 81990.9 67143.1 76837 12126.4 65696.7 44058.3 68219.1 91628.9 51943.2 25487.6 30858.5 71351.1 59197.7 75647.7 42057.6 65700.1 
75209.1 65162.7 41319.2 30098.7 13283.4 43481.5 73765.3 48179.8 35860.3 55870.7 66533.1 62188.5 38259.8 62721.4 76970.8 13124.4 39624.4 17310.4 74123.7 94743.9 81975.2 37094.1 56763.1 20019.2 36526.8 38747.5 83918.1 16430.5 41186.9 56425.6 29427.2 62562 59344.8 61860 30016.7 
68647.6 32718.5 54062.6 51559.8 47047.3 7400 80088.5 56706.7 15758.2 89666.6 33601.3 95448 53309.4 91521.9 67840.5 47238.2 61849.6 54829.3 40810.4 92327.5 77221.9 61294.5 27489.8 34889.1 35295.5 55991.5 92754.8 22366 18157.1 39820.7 40604.4 62120.3 71021.1 50794.7 49980.8 
79716.1 90820.4 40462.3 28380.5 35137 73884.8 66748.8 47782.1 62367 21821.5 92404.8 28278.1 36981.8 32882.4 83294.8 22466.2 28111.4 18600.3 99626.6 92181.1 83573.3 24634.3 81508.1 51811.7 51535.3 34505.8 72374.7 50360.7 66688.8 73322.4 59276 64960.4 50893.2 73254.8 30295.2 
34407.1 59457.7 5099.02 18554 57609.5 55000.4 28151.7 2624.88 40617.7 53817.7 61107.2 56995.9 8766.41 45773.9 37967.6 37981.2 18249.7 47529 66780.3 49855 38952.5 21174.7 50583.5 63724.8 20602.2 10837.4 39262.3 50732.6 41413.5 34723 73584 19716.2 15632 30096.2 17395.4 
52024.7 87975.5 28293.1 32478.5 69920.3 82449.1 29817.1 28810.6 68033.1 37833.8 89617.7 37917.9 28621.1 22556.8 56857 49589.2 22110.9 54852.3 95078.1 55459 51923.4 24552.2 79169.2 81580.7 48541.2 26023.3 31164.2 72108.4 69504.1 62563.3 91041.2 39313.7 18450.5 55598.9 33379.3 
51052.9 82602.7 21982.9 24839.5 62450.1 75689.7 31807.7 24067 61331.3 35543.9 84258.9 36938.1 21734.8 23343.1 55638.6 42019.5 14422.2 47680 90041.9 57807 52242.2 16919.8 73594.2 73899.9 42253.8 18868 35877.6 64482.9 63121.9 57937.9 83377 37250.8 17445.1 52127.6 25811.8 
53878.1 67159.1 14632.8 1664.33 40100.5 54868.9 45622.8 22337.6 41234 40309.1 68804.4 45072.9 10965.9 38866.6 57107.1 19525.6 9946.36 28114.9 75601.7 69171.4 58683.7 8584.29 57750.9 49819.8 26021 9706.18 54567.8 40249.2 44392.8 47112.3 59442.7 39346.8 30206 46469.1 3720.22 
91940.5 82473.8 55481.3 42573.8 5883.03 59434.8 87504.2 62932.1 53532.2 53912.9 83770.5 60398.8 52015.9 65504.9 94060.8 22495.6 49865.5 15624.7 91362.2 110149 98202.4 46599.7 74388.8 22897.4 54150.3 51564.4 96360.6 30576.1 58929.3 74504.3 27772.3 78586.3 72140 79510.8 43218.7 
57084.6 83691.5 23124.9 21194.6 55721.5 74287.3 39582.8 27493.5 60210.3 28843.4 85355.8 31246.3 21560.4 20246.7 61437 35730.2 10866.9 40355.5 91568.4 65522.2 59068.9 11715.4 74449 68273.9 42378.4 18197 44085.5 60163.1 62661.6 60351.1 77511.8 42728.6 24452.4 55986.6 22687.4 
61119.1 86298.6 26245.2 22348.6 54112.8 75863.1 43632.7 31144.8 61985.2 24828.4 87961.9 27518.7 24288.7 17910.9 65433.1 34665.5 12900.4 38275.3 94323.1 69593.2 63180.5 12596 76992.5 67463.3 44823.2 20883 47767.1 60251.9 64715.8 63500.7 76495.6 46699.9 28570.1 59575.6 24065.1 
56510.7 71946.7 17157.2 6389.05 41202.9 59571.6 46067.9 24603.3 46019.7 35569.2 73594.2 40261.6 13662.4 34258.4 60000.4 20580.1 7516.65 27679.6 80359.2 70457.7 60770.5 4743.42 62541.2 52348.3 30704.4 11311.1 54063.1 43831.6 49216.4 51510.2 61783.6 41801.9 30255.7 50255.8 8422 
52198.2 21645.3 44602.5 46322 55519.5 12218.8 66134.6 45213.4 7829.43 87603.7 23088.7 92737.3 44936.1 86059.8 51069 49023 55358.6 58644.1 30634.1 76079.6 60866.4 55788.3 13277.4 47651.8 24307.4 48117.5 79055.5 32318.7 3443.84 22858 55071.8 47223 59314.2 34178.4 44392.1 
52368.9 14641.4 68420.2 75247.5 90564.7 39960.6 75962.7 65244.2 42680.8 117062 13926.2 121351 70314.3 111676 48341.4 82690.4 81895.2 92843.3 8402.38 73621 59916.4 83458.9 21786.2 81635.4 50884.2 73715.3 88150 66991.4 37347.2 31342.3 87944.6 57209.8 76439.1 39237.9 73186.1 
59850.6 12845.6 58098.3 60198.5 65739.2 12776.9 77109.3 58067.5 20912.4 101365 13544.7 106561 58628.5 99912.4 57694.5 61836.1 69197.8 70934.6 20662 83734.2 68541.2 69665.6 11260.6 54930.7 37821.7 61856.1 90083.2 41268 17318.5 30181.1 60705.3 57651.4 71858 42093.3 58271.5 
77466.5 95683.1 39773 30409.5 46697.8 81103.2 61156.9 46173.6 68507.3 12093.4 97315.3 17962.2 36805.7 21213.2 81517.7 31705.2 25810.5 30016.7 104235 87093.3 80170.6 23126.2 86274.4 62900.7 54775.9 33700.1 64988.8 59883.3 72280.6 75634.5 70718.1 62780.9 45900.4 73684.8 32471.1 
64279.5 15161.1 62061.3 63607 66726.1 13148.4 81573.8 62268.5 23914 104432 15414.6 109745 62456.8 103509 62055.6 64141.2 72835.8 72887.1 21681.6 88138.5 72960.9 73166.5 15519.3 54889.4 41758 65640.3 94548.7 42059.5 20950.4 34656.2 60025.7 62130.3 76141.2 46561.1 61717.1 
49048.6 78429.7 17647.7 20593.4 59069.9 71184.8 31827.7 20435.5 56835.6 36908.8 80089 39008.3 17238.6 26527.9 53461.9 38489.6 10480.9 44806.8 85978.2 57653.4 50948 13418.3 69363.8 69963.8 37854.1 14350.3 37462.6 60197.3 58680.5 54088.2 79517.8 34817.4 16401.2 48821.5 21456 
80510.5 88108.2 41112.2 28211 29482.2 70112.8 69224.3 48680.6 59211.2 27335.9 89662.1 33821.3 37501.2 38369.3 83837.3 18322.1 30013.7 13038.4 96998.1 94249.7 84889.2 26417 78892.6 46300.1 49989.2 35418.9 75641.9 45581.7 63770.9 71969 53641.1 65859.5 53284.6 72817.9 29942.1 
66500.9 97034.1 36222.1 34419.3 64925 87776.3 45263.7 39532.4 73746.1 22835.5 98697.8 22451.1 34982.4 7571.66 71182.7 46265 24381.3 48555.6 104783 70923.3 67047 24695.1 87841.5 79104.6 55858.1 31662.8 45983.1 72417.7 76215.5 73139.1 87916.3 52958.9 32649.7 67825.8 36041.1 
29123.4 24959.6 45821.4 54876.7 79120.5 40076.9 51283.1 41533.7 33837.8 95629 26144.4 99345.7 48278 88461.3 26031.1 66583 59820.5 77291.5 28493 52280 37458.5 61904.8 21193.6 74920 31800.2 51583 63690 58989.2 29019.3 9827 83168.5 32363.1 51827.8 14392.4 52860.9 
66400.3 77906.4 27000.2 14455.4 34582.4 62753.9 55638.6 34541.9 50246.7 30441.6 79519.6 36102.4 23413.7 34307.1 69792.9 15388.3 16371.9 19246.3 86593.4 80330.6 70753.7 12790.6 68525.2 48206.6 37833.6 21276.3 62908.5 42643.3 54171.3 59479.4 57048.5 51727.9 39721.2 59333.4 16351.5 
88226.1 79976.6 51673.6 38776.4 5281.1 57428.2 83705.4 59127.7 50824 51760.4 81309.3 58262.6 48208.4 62655.6 90393 18693.6 46174.6 12408.5 88905.4 106349 94441.2 42942.4 71722 23197.6 50633.3 47769.6 92610.6 28806.2 56184.3 71208.5 29255.4 74819.3 68361.7 75974.3 39412.2 
67427.3 53463 38021.7 29893.1 24010.4 32238.6 69607.8 43747.7 24204.3 63361 54833.6 69387.8 35688.1 67453.8 68622.5 20242.5 40446 27895.9 62423.9 88433.8 74805.9 38786.6 45105.4 22585.8 27958.9 37176.9 80821 9751.41 29567 46019.6 32342.7 55991.6 56578.5 52657.9 29024.3 
32786.7 44055.6 16925.7 25018.6 55634.3 40509.8 38107.7 15768.6 26488.5 65903.7 45713.1 69899.7 18739.5 60220 34474.6 39221.6 30344.9 49900.4 51644.3 53865.8 40023.2 32144.2 35072.1 57275.2 7340.98 22132.6 50691.3 42338.2 26406.8 20742.5 66885.3 21572.4 29802.7 20554.8 23031.3 
20902.9 33501 38072.8 48419.9 76777.7 44369.6 41733.7 32995.9 35202.6 88049.3 34841.5 91434.6 40879.5 79913.8 18868 62255.7 52187.8 73007.5 37886.8 44749.3 29565.5 54571.5 27986.6 74779.7 27400.2 44047.8 54240.7 58853.9 31316.8 9552.49 83623.1 22752.8 42463.4 4837.35 46485.5 
81003.8 66372.7 48299.6 37359.1 10478.5 43111.6 80694.5 54976.4 37831.9 61532.5 67632.7 67946.4 45334.5 69395.7 82487.4 19968.5 46916.3 21571.3 75213 101150 88047.1 44360.6 58521.1 12878.7 41785.2 45941.9 91035.5 14288.8 43264 60445.2 22141.6 68815.1 66467.8 66846.8 37220 
63300.1 100066 39836.3 41734.6 75696.5 93595.1 39455.4 40968.3 79251.8 33392.4 101713 31466.8 39654.8 15473.8 68226.8 56289.4 31113 59617.8 107254 63894.1 62347.2 32585 91184.6 89030 60136.5 36714.3 37304.4 81057.1 81035.9 74781.9 98129.8 51195.3 30353.4 67770.3 43000.1 
15556.3 64222.5 30565.5 43965.9 82944.4 69433.8 10863.2 22957.8 56532.9 72469.4 65651.5 73896.8 34176 59377.6 20579.8 63543.7 40816.7 73022.9 68985.4 24291.8 15239.8 44330.1 57492.4 87530.6 38580 35468.3 23146.5 73227.4 54962.6 37864 97310.7 10195.1 19572.7 26667.8 42933.1 
13061.4 66339.2 39062.1 52493.8 91149.7 74339.8 14921.5 31403.5 62179.5 80391.1 67649.1 81516.3 42691.9 66598 17617.3 71956.1 49366 81535.4 70112.1 16037.8 8200.61 52892.3 60534.5 95084.2 45404.2 44047.7 23883.9 80427.9 60022.1 40994.1 104801 16556 27553 29134.3 51416.4 
19601 34810.5 43693.6 54538.8 83243.4 48861.5 43307.4 38080.2 40807.5 93564.1 35947.7 96729.8 46666.9 84699.1 16183 68728.5 57783.4 79476.9 37716 42405.8 27705.1 60316.5 30873 80924.9 33901.3 49743.7 55249.6 64969.6 36562.4 14860.7 89642.9 25602 46196.6 9757.56 52636.6 
31923.2 73053.7 22226.6 33724.9 74234 72553.6 11964.1 17171.2 58413.2 56003.6 74628.2 57123.8 25013.8 42453.9 36804.9 53772.9 27404.6 61963 79215.2 37663 32002.5 31001.5 65003.5 81982.5 38458.4 24741.3 20708.7 69471.9 58417.3 46540.8 91828.6 20122.9 4081.67 37660.6 33390.1 
29861.3 44868.8 16901.2 26436.7 58439 42826.7 35405.2 14356.9 29012.6 66579.1 46513 70345.7 19227.6 60075 31705.7 41631 30784.7 52246.3 52144.4 50817.8 37006.1 32872.2 36113.7 60310 10347.9 22541.1 48092.6 45385.6 28547.7 20369.1 69928 18539.7 27930.8 18533.5 24520.4 
67174.5 49397.4 40370.8 33494 27456.3 27455.4 71191.6 45505.7 20591.3 68208.7 50715 74193.3 38369.4 71857.7 68010.1 25193.8 44120 32742.8 58310.6 88879.5 74860 42711.7 41336.8 22674.4 27846.9 40178.7 82782.7 7359.35 26023.1 44021.9 32006.2 56530.1 58854.4 51593.2 32419.7 
88463.4 59171.1 62885.9 54692.7 29148.8 33847.9 93869.1 68191 36582.5 83202.5 60018.7 89592.7 60672.6 90240.4 88747.8 40702 65104.9 43248.7 67110.7 110883 96490.9 63138.3 53603.5 11684.6 49869.1 62189.5 105456 15482.9 41262.6 62494.2 14250.6 78749.3 81423.6 71810.4 53951.5 
15979 40909.9 31569.6 43047.5 74798.5 48573.2 33743.1 25716.3 37508.9 81288.3 42338.3 84375.9 34691.9 72340.9 15953.1 58681.9 45593.5 69328.9 45871.7 39729.1 24552.4 48243.7 34442 74753 25079.3 37659.1 46424.7 59098.9 34572.2 14807.1 84003.1 14515.2 34293.4 3478.51 41233.5 
45935.3 10466.1 59102.6 65823.8 82315.6 33858.5 68287.9 56149.5 34328.4 107637 10920.2 111940 60938.1 102388 42407.8 73615.6 72507.4 83880 11411 68408.2 54001.7 74043.8 13905.8 74415.1 41464.3 64341.4 80766.6 59297.6 28908.8 22243.4 81299.7 49124 67748.1 31167 63762.4 
19450.4 73028.6 42802.9 56028.9 95497.1 80832.7 13705.8 35364.7 68455.3 80770.1 74330.3 81361.5 46332.7 65958.9 23671.3 75853.8 51757.1 85060.6 76700.1 12544.7 12753.4 55348 67238.2 100286 51125.1 47278.7 19026.3 85928.9 66463.9 47683.1 110063 22300.2 28838.3 35837 55141.7 
69366.3 29811.7 57203.1 55395.4 51433.9 5280.15 82124.3 59402.1 17888.5 93967.3 30538 99701.6 56655.9 95468.2 68235.6 51695.4 65561.7 59352.6 37500.5 93217.4 78021.7 65146.4 25672 38739.8 37892.6 59445.5 94906.7 26792.5 19051.5 39973.1 43877.1 63732.3 73727.1 51358.5 53756.5 
44532.5 11423.2 49619 55013.6 70396 24350.2 63622.7 47769.9 22451.1 96944.4 13054.5 101506 51032.7 92808 42110 61762.9 62429 71956.1 19053.6 68271 53159.5 63659.2 4494.44 63090.6 30714.8 54428.1 76500.6 47700 17017.9 15700.3 70400.6 44022.3 60548.6 27225.9 52962.3 
55875.7 76560 17936 12151.1 47417.8 65648.9 42375.7 24286 51792.9 32117.9 78220 36016.8 15241.1 28095.7 59776.2 27015 3889.73 32907.9 84735.4 67620.9 59200.3 2418.68 67206 59211.2 35040.7 11957 49141.5 50820.7 54610.1 54621 68568.9 41117 26445.8 51878.7 13851.4 
26503 28407.4 47649.6 57472.9 83206.1 44697.2 50029.2 42746.8 38413 97619.4 29445.7 101101 50337 89674.8 22884.5 70084.6 61748.6 80826 30846.9 48961.2 34478.1 64027.9 25519.6 79400.1 35125.6 53562.8 62098.7 63450.5 33650.6 13603.3 87724.3 31812.1 52009.6 14458.9 55492.3 
23120.6 35116 31189.3 41081.9 69792.4 41390.5 39512.7 26766 30476.4 81128.1 36630.6 84700.1 33819.5 73682.7 22637.4 54882.1 45263.7 65628.2 40920.7 46915.8 31730.9 47507.9 27951.7 68628.3 20155.9 37060 52401.5 52818.7 27401.6 8438.01 77705.9 19912.3 37667.1 5643.58 39129.7 
41268.9 48460.8 14322.4 17523.7 46947 39901 42795.4 17438.5 25477.2 59357 50120.3 63843.7 14294.1 55732.4 43269.5 30210.6 25039.2 40901.1 56697.3 61228.8 48041.8 26019.2 39106.3 49895.9 6952.7 17492.9 54653.1 35779.5 27228.1 28178 59666.5 28817 31496.8 29516.9 15462.5 
41466.4 12706.3 50460.8 56913.4 74447.8 29170.7 61901.3 47885.3 26706.7 98748.4 14108.9 103096 52182.9 93762.5 38674.7 64946.3 63722.7 75304.7 18439.1 64925 49967.3 65195.2 8937.56 67652.8 32548.4 55588.7 74648.1 52138.4 21300 14359 75093.6 42398.6 60030.4 24900.8 54852.3 
84162.8 49570.7 63288 57205.1 38669.9 24548.9 92553.4 67570.7 30788.5 89854.6 50271.5 96092.7 61629.4 95088.4 83858 46501 67831.7 51013.7 57101.3 107361 92526.2 66382.1 44968 22300.2 47437.1 63662.4 104720 18399.2 34607.1 56420 24982.6 75959.2 81473 66743.2 56103.6 
38951.4 62635.5 2353.72 14693.2 54660.1 56464 30594.4 7017.83 42029.8 49244.3 64294.7 52555.6 5080.35 41816.9 42596.7 34594.4 13576.8 43749.9 70215.7 53502.3 43191.2 16497.6 53582.9 61900.3 22419.9 6312.69 40793.3 49685.6 43381.3 38599.6 71744.7 24205.2 16337.1 34609.2 13857.1 
54688.3 10944.4 54191.5 57167.9 65873.6 14990.7 72173.4 53734.3 19088.2 98717.9 12175.8 103742 54945.5 96506.4 52548.1 60346.4 65786.4 69855.6 19764.9 78573.8 63379 66462.4 6296.82 56308.9 34056 58234.8 85140.9 41851.6 14567.1 25041 62727.7 52667.4 67346.6 36944.6 55193.1 
25585.3 78954.3 55567.3 68870.7 108047 89833.8 26076.8 48030.9 78361.7 92945.3 80085.3 93175.4 59133.8 77484.8 27980.4 88601.9 64687.3 97923.5 81335.4 1800 16867.1 68280.7 74358.9 112134 62313.8 60172.2 26906.7 97403.1 75778.6 55458.5 121840 33571.6 41662.5 43608.5 67930 
75463 96593.2 38913.9 31034.5 51147.6 83146.4 57922.1 44777.2 70140.2 11101.8 98239.8 15698.4 36252.7 16278.8 79682.7 35140 24798.8 34438.4 104999 83919.3 77686.1 22663.2 87186.5 66981.3 55297.4 32980.3 61047 63131.7 73643 75549.9 75029.7 60919.9 43068 72817.9 33069.2 
42928.4 58337.8 5936.33 9914.13 47467.6 49648.8 38193.2 12677.9 35301 50241.2 60001.1 54384.3 4318.56 45672.4 45924.5 28079.4 15080.1 37981.7 66405.5 59837.4 48310 16509.7 49036.8 53864.4 16894.1 7373.6 48841.5 41501.8 37320.2 36422.7 63719.4 28716.7 24490 35047.7 8202.44 
68623.6 33305.4 53595.6 50951.3 46277.6 8015.61 79823.4 56325.7 15563.1 88952.4 34209.4 94744.4 52801.5 90884.7 67873.5 46486.6 61264.7 54054.2 41448 92265.8 77180.4 60680.5 27926 34204.1 34949.4 55461 92465.3 21592.8 18183.8 39916.9 40015.1 61939.5 70632.9 50808.4 49385.5 
92946.5 117197 58684.7 51640.5 66277.3 103420 72347.6 63812.2 90638 10307.8 118846 5161.4 56326.4 20248.5 97473.7 53695.6 44723.4 50209.6 125575 97934.9 93975.2 42997.9 107793 83465.6 75844.6 52968.9 72315.6 81878 94225.7 95742.3 90460.2 78901.5 59303 92246.7 53669.1 
49206.2 28992.8 36761.4 38021.7 50037.3 17871.8 60347 38015.9 4280.19 79356.5 30541.3 84455.3 36881.6 77805.2 48856.7 41555.4 47125.9 51527.6 37914.8 72641.9 57655 47501.7 19882.9 44553.9 16636.4 40005.6 73120.5 28635.6 4882.62 22048.4 52902.9 42176.9 52286.1 31749.3 36094.3 
45237.4 15445.7 45660.6 50135.2 64642.1 20511.7 62322.1 44539.4 16743.1 92040.3 17102.6 96751.2 46784.8 88573.6 43406.6 56129.3 57997.4 66261.6 23920.7 69193.7 53954.1 59026.3 6105.74 57645.3 26086 50149.6 75286.8 42123.3 11315.9 15394.2 65177.7 42806.5 57874.4 27318.3 48100 
91269.3 115278 56820.6 49720.5 64730.9 101523 70883.7 62000.7 88724.4 8475.85 116926 3354.1 54441.6 19000.3 95774.9 51895.8 42842.2 48579.1 123658 96539 92392.6 41093.2 105873 81842.6 73929.5 51088.3 71100 80087.1 92306.6 93855.7 88924.8 77176.7 57680 90418.6 51749.6 
48509.2 62391.4 9841.24 4159.33 43241.2 51650.1 42003 17463.1 37609.2 45378.5 64047 49845.4 6351.38 42340.5 51604.7 23217.7 11772 32702.9 70688.3 64669.4 53629.6 12120.2 53009.4 51174.4 20947.6 6842.51 51829.9 40066.1 40294 41584.9 60964.3 34131.5 27256.7 40741.3 2570.99 
38200.1 27581.2 33324.2 38577.8 58806.9 26734.6 51672.2 32306.2 15456.4 80483.8 29245.3 84983.1 34557.9 76357.4 37627.6 47152.6 45900.4 57720.1 35595.1 61880.7 46761.1 47120.8 18425.3 55182 14214.4 37942.7 64626.1 39213.5 12416.9 11112.6 63841.2 32624.1 45907.1 20510.5 36519.9 
76837.6 99181.7 40964.6 33640 53891.1 86000.6 58514.4 46555 72922.6 9138.93 100832 13009.6 38442.3 14061.6 81146 38091.1 26888.1 37187.2 107540 84507.2 78765 24989.8 89780.5 69852.2 57807 35121.6 61012.9 66092.8 76362.9 77825 77833.8 62403.9 44013 74775.4 35658.7 
60100.7 90337 29481 28792 62252.4 81710.8 39881.4 32671.1 67556.3 27222.2 91999.7 28049.2 28420.1 14340.2 64712.4 42695.4 18363.6 46386.2 98022.4 65798.6 61044 19302.3 81181.5 75429 49309.2 25162.3 42095.4 67693.8 69838.5 66295.9 84536.7 46341.8 26357.7 60988.6 30252.4 
77737.1 96620.7 40307.1 31250.8 47984.3 82224.7 61051.6 46584.2 69562.8 10983.6 98255.8 16737.1 37406.6 20083.1 81835.2 32973.5 26277.2 31307.7 105147 87016.4 80305.9 23711.8 87210.4 64200.7 55624.9 34256.8 64630.7 61143.3 73292.4 76369.2 72012.4 63083.5 45913.2 74242.8 33311 
87240.2 79707.7 50527 37581 6181.42 57383.8 82511.7 58003.9 50474.7 50632 81056.1 57135 47047.3 61397.8 89451.9 17511.4 44904 11123.4 88651.3 105237 93399.8 41662.1 71378.5 24001.9 49822.2 46569.2 91367.2 28908.5 55812.7 70534.3 30320 73771.3 67140 75140.9 38244.7 
46739 72759.6 11903.8 15160.8 54856.6 65054 32713.6 16103.7 50715.9 39659.6 74422.1 42559.3 11132.4 31472.1 50852.3 34185.5 6618.91 41512 80459.7 57854.5 49640.3 10204.4 63617.7 64823.5 31884.9 8215.23 40200.1 54492 52634 48947 74482.9 32091.9 16772 44550.2 15748.7 
71062.3 84608.3 31910.2 20401.2 37409.8 69357.8 58228 39139.4 56957.7 23883.9 86224.2 29731 28496.5 29757.9 74696.7 20308.9 19403.4 20946.8 93276.8 83545.6 74860.1 15920.1 75221.3 52468.4 44320.8 25898.5 64311.2 48324.9 60898.1 65786.4 60835.7 56296.8 42327.5 65080 22405.8 
16807.7 70000.9 50134.3 63590.1 101786 81185.3 24409.2 42440.1 70029.8 91128.5 71136.6 91978.5 53782 76745 19024.5 82881.2 60591.3 92592.9 72465.7 7245 8127.12 64120.7 65439.1 104908 54755.1 55227.7 29473 89884.6 67250.9 46653.8 114523 26594 38518.7 34867.9 62455.2 
52744.4 75720 15822.1 13209.5 50563.3 66007.4 38710.5 21503.7 51924.8 34286.4 77383.8 37704.8 13688.3 28293.6 56756.3 30010.8 2617.25 36379.3 83721.3 64015.8 55822.9 4904.08 66429.9 61779.7 34283.1 10282.5 45519.8 52691.7 54414.2 52991.8 71252.9 38029.6 22788.2 49566.5 14541.7 
12869.3 62300.3 31724.6 45180.7 83672 68336 13372 24033.3 55706.8 74735.9 63703.8 76277.9 35372.6 61875.4 17893.3 64531.7 42562.2 74187.1 66856.6 23512.8 13064.8 46033.2 55791.8 87719.2 38288.4 36870.9 25303.4 73185.9 53901.5 36133.4 97459 9440.34 21917.3 24700 44051.4 
24570.3 77184 41488.9 54297.1 94393.6 83369.4 9712.36 34470.3 70458.9 76228.9 78546.4 76485 44847.5 60860.8 29125.4 74337.7 48981.8 83100.4 81319.1 16901.2 18744.9 52586.9 70908.7 100269 52201.5 45360.1 12822.6 86412.1 68902.9 51251.7 110105 24140.4 25646.2 39646.1 53619.1 
62250.9 50940.9 33274.6 26192.6 28111.4 31549.3 64569 38746 21470.9 62210.1 52388.3 68030.7 31141.1 64955.4 63510.8 20295.1 36822.4 29383.2 59930.4 83215.4 69595.5 35502.3 42215.8 27799.5 22809 32872.6 75922.4 14132.2 26603 41515.9 37536.6 50773.7 51812.4 47694.2 25089.4 
19543.8 34757 38084.8 48703.2 77648.6 45743.3 40707.4 32784.4 36467.1 88033.9 36079.9 91332.9 40972.7 79632.8 17479.4 62881.5 52196.9 73625.7 38984.4 43370.6 28195.2 54650.2 29349.3 75878.1 28130.1 44098.5 53146.2 59968.4 32638.2 10912.4 84765.9 21902.1 41862.8 4313.93 46789.8 
85277.2 99585 46703.9 35777.1 42933.7 83080 69968.3 53579.3 71385.2 14024.6 101184 20478.8 43453.4 28797.6 89147.6 31703.6 33241.5 26949.2 108332 95833 88409.6 30131.7 90232.7 60161.4 59669.9 40607.9 74080.2 59495 75597.2 81181.5 67124.1 70516.5 54512.5 80267.9 37792.2 
90306.4 110892 54066.8 45534.3 57413 96008.9 71511.8 59911.4 83622.6 4440.72 112525 7481.31 51348.3 21922.8 94616.7 45500 39951.6 41461.4 119433 97444.2 92138.4 37692 101483 74686.1 69907.7 48106.2 73075.6 73586 87462.1 90527.2 81583.9 75872.1 57345.4 87981.1 47593.5 
65125.5 96426.8 35568.8 34410.6 65831.7 87600.6 43658.9 38591.8 73501.2 24561.8 98089.4 24110 34489.6 8900 69835.5 46931.5 24182 49552.9 104102 69274.1 65546.3 24747.7 87271.1 79774.7 55380.2 31212.3 44263.4 72774.9 75860 72313.6 88668 51698.1 31265.6 66780.2 35968 
11774.5 53038.6 50550.7 63401.3 97375.3 67744.9 36278 43277 58703.1 97685.5 54004.8 99700.5 54094.7 85730.9 7710.38 80582.1 63559.1 91061.8 54506 25500 13943.1 66723.6 49852.8 97314.3 47754.6 56498.5 45435.7 81553 54910.2 33111.9 106449 26324.5 45574.2 23107.8 61806.6 
71522 60755.7 38890.2 28621.7 17548.2 39450.9 71206 45428 31407.2 57862.3 62139.2 64061.4 36047.2 63502 73127.4 14455.4 38670.4 20796.6 69725.3 91525.6 78477.1 36456 52305.4 21095 32518.6 36891.7 81744.2 13756.8 36718 52065 30870.9 59203.5 57210.6 57772.4 28246.2 
43599.7 39481.9 24212.4 26128.3 46938.4 30042.6 50105.9 26155.9 15611.5 67960.1 41120.9 72777 24272 65427.9 44502.8 33793 34704 44439.7 48031.3 65629.3 51365.6 35319.3 30070.7 46191 4875.45 27419.2 62527.2 30761.7 17275.4 23135.5 55581.7 33584.1 40477.6 28462.3 24120.5 
75424.5 69370.5 39618.2 27365.1 13288 48551.8 71971.4 46874 39908.4 50128 70794.1 56474.5 36302.2 57524.3 77540.3 8263.78 36083.9 11693.2 78357.5 93953.2 81763.7 33255.5 60707.9 24695.1 37835.6 36299.4 81533.1 22203.6 45092.3 58716.7 33583.9 62173.7 57032.3 63147 27658.6 
57454.4 73594.2 18216.5 8043.01 41741.2 61205.2 46300.3 25519.6 47676 33948.5 75242.3 38606.9 14819.2 32671.9 61026.1 21221.9 7220.11 27760.6 81995.4 70936.6 61528.7 3920.46 64189.8 53324 32321 12233.2 53950.8 45143.8 50880.6 53029.5 62688.1 42711.7 30413.8 51580 10065.8 
60966.3 92953.4 32111.1 32139.9 65610.1 84847.6 39659 34736.9 70638.5 27994.6 94613.8 28016.6 31296.8 13058.7 65678.8 46138.2 21633.5 49648.9 100522 65375.8 61422 22722 83857.3 78888.1 52146.4 28112.8 40800.1 71145.2 72800.3 68561.3 87978.4 47568.2 27106.5 62795.1 33552.9 
61173.6 14618.5 74124.2 79702.3 90932.1 38209.9 84147.7 71671.3 44038.6 121632 13122.9 126234 75683.6 117400 57300.8 85110.1 87129.6 94849.8 5738.47 82787.4 68905.9 88390.6 23848.1 80376.2 55442.3 79085.6 96537.9 66648 39071.7 37933.2 85824.2 65054.2 83589.7 47081.4 77655.9 
40678.5 42809.5 19553.3 22921.2 48316 34817.4 45572.5 21341 20400.2 64843.6 44466.8 69426.2 19888.2 61424.4 42041.5 33353 30732.7 44107.6 51109.7 62012.3 48098.3 31662.3 33440.1 49179.9 1649.24 23140 57884.9 34192 21708.3 23654.6 58760.3 29698.5 35658.5 26884.4 20865.5 
25645.7 64182.6 18232.1 31366.5 71115.7 64493.8 14780.1 11173.2 50572 60356.4 65753 62282.3 21700.2 48603.3 30190.2 51245.5 27812.6 60401.3 70330.1 36905.4 27840.4 31319.3 56201.4 77137.4 30930.2 22649.1 26761.5 63715.4 50196.9 37652.4 86990.4 12061.5 8841.38 28966.4 30511.8 
