140 35 10
777 335 649 27 763 426 211 429 862 135 22 167 11 373 784 324 413 980 862 281 84 505 313 895 814 364 87 178 403 399 676 12 94 570 467 
6.01 0.97 9.02 3.17 4.92 6.52 7.56 3.01 2.8 2.86 
1 4 9 7 5 7 3 6 4 2 9 8 9 8 1 9 8 3 4 7 1 9 1 5 1 9 3 3 9 3 8 4 8 7 3 0 5 5 6 2 7 8 8 6 2 5 0 0 6 8 8 2 6 9 1 1 4 9 6 3 5 4 4 6 6 7 2 6 7 3 5 1 1 5 0 0 9 0 2 5 9 8 0 9 6 4 9 0 2 3 7 1 9 2 1 8 8 6 8 3 4 8 6 9 3 3 5 5 9 4 4 0 2 9 2 0 8 5 2 4 4 3 0 9 8 3 0 1 2 0 1 0 7 0 7 5 6 6 2 6 
5207.04 1153.95 5179.29 5514.21 6538.54 1610.03 6945.92 5117.55 1793.6 9682.19 1298.65 10176.7 5263.77 9428.3 5000.36 5904.79 6358.15 6874.05 2052.73 7597.85 6076.97 6434.7 442.832 5650.57 3175.3 5594.9 8242.6 4169.15 1302.08 2236.54 6325.58 4995.09 6472.48 3428 5314.9 
5045.91 4606.79 2387.32 2128.1 3875.59 3228.76 5361.2 2813.01 1861.96 6206.01 4765.96 6725.79 2265.66 6143.7 5183.1 2555.15 3119.55 3611.79 5486.88 7146.59 5777.72 3099.68 3674.91 3956.01 1113.28 2520.71 6541.22 2502.34 2220.29 3156.26 4923.1 3903.87 4192.43 3639.02 1951.13 
8457.33 11128.5 5163.82 4605.7 6615.47 9899.26 6348.56 5622 8570.71 1047.09 11294.4 550.727 4959.49 1125.39 8917.98 5124.42 3803.49 4956.82 11946.4 8899.22 8531.94 3682.08 10192 8260.3 6977 4619.36 6331.14 7931.02 8894.59 8889.15 9028.01 7074.27 5079.23 8472 4801.35 
5608.65 3436.28 3851.57 3696.77 4297.03 1658.49 6510.19 4120.74 502.195 7689.6 3577.78 8234.76 3788.26 7713.27 5606.64 3672.12 4693.15 4605.7 4334.62 7914.71 6436.55 4670.77 2590.93 3672.12 1995.42 4067.25 7761.09 2083.12 1043.93 2982.1 4507.35 4785.11 5550.23 3904.1 3523.89 
3285.68 2457.48 5418.06 6341.68 8682.08 4436.87 5699.56 4958.64 4036.56 10406.7 2530.32 10770.2 5671.83 9654.5 2881.11 7490.16 6822.65 8557.95 2528.34 5433.99 4040.05 7037.08 2407.76 8165.25 4025.58 6000.11 6891.19 6584.85 3519.8 1824.64 8952.2 3893.91 5912.44 2152.3 6140.24 
6124.13 3018.23 4700.27 4554.67 4684.02 821.523 7245.53 4929.95 810.247 8498.17 3136.14 9055.32 4648.12 8569.83 6060.6 4372.21 5557.07 5231.98 3890.71 8482.91 6977 5529.58 2322.15 3730.01 2781.73 4930.42 8514.56 2261.53 1104.22 3287.46 4435.59 5447.09 6362.55 4350.78 4384.58 
2178.3 3712.48 5135.46 6251.67 9119.5 5442.66 4731.14 4537.93 4771.17 10103.3 3797.6 10400 5443.62 9152.22 1712.92 7685.64 6538.09 8760.57 3812.66 4171.53 2838.33 6802.37 3511.35 8835.85 4200.19 5743.88 5840.15 7238.82 4312.37 2207.85 9688.86 3140.06 5227.25 1763.77 6063.6 
7313.61 6191.12 4034.08 2984.85 1601.53 4026.04 7269.18 4693.92 3263.77 5802.62 6327.76 6427.48 3745.25 6410.78 7474.25 1475.03 3977.75 2025.66 7086.92 9310.74 8008.25 3747.33 5354.15 1982.45 3412.87 3822.05 8316.01 1373.83 3798.03 5359.56 2954.35 6079.68 5861.21 5937.27 2954.35 
1457.74 3947.82 4047.28 5201.25 8280.02 5176.53 3807.37 3435.35 4252.02 9002.45 4068.93 9295.72 4364.06 8052.08 1172.73 6730.6 5443.99 7800.03 4280.05 3791.95 2294.45 5715.12 3482.64 8162.41 3304.42 4657.15 4998.66 6575.9 3872.58 1697.59 9060.56 2074.22 4152.46 767.919 5018.81 
5878.82 3024.83 4431.37 4316.77 4652.49 1038.17 6970.93 4654.21 542.033 8297.78 3152.79 8847.58 4385.26 8333.34 5826.83 4222.43 5309.28 5114.23 3911.89 8230.01 6728 5290.49 2266.38 3800.33 2505.45 4671.24 8238.96 2279.69 907.855 3077.09 4548.16 5178.97 6086.85 4115.39 4143.07 
5301.82 7724.31 1698 1511.19 5214.22 6781.74 3808.25 2218.22 5370.18 3349.78 7890.74 3665.31 1512.38 2670.3 5713.16 3165.26 450.444 3771.8 8518.34 6359.12 5580.99 653.682 6797.77 6356.93 3587.1 1173.24 4443.57 5458.09 5612.31 5423.62 7301.42 3837.25 2223.96 5046.68 1643.05 
6390.15 4951.86 3624.16 2948.22 2821.1 2907.25 6720.6 4146.54 2014.67 6519.15 5091.56 7106.97 3422.57 6820.92 6493.67 2277.02 4011.23 3126.05 5849.53 8528.55 7143.7 3880.21 4104.66 2584.96 2443.64 3604.72 7872 1128.94 2546.86 4189.18 3542.44 5287.82 5473.91 4878.53 2835.58 
4440.02 1380.62 4705.96 5205.25 6724.08 2244.75 6241.35 4555.44 1935.07 9398.22 1546.93 9860.83 4834.23 9014.17 4231.32 5854.11 5966.32 6872.58 2193.17 6829.39 5309.28 6080.54 503.587 6020.98 2783.52 5172.64 7534.84 4471.61 1392.3 1482.77 6768.05 4282.99 5862.33 2668.95 5000.69 
1436.8 6720.93 3810.47 5150.07 9040.98 7465.9 1320.19 3049.1 6230.77 7884.95 6854.14 7991.86 4171.38 6495.37 1905.39 7107.52 4811.2 8055.97 7115.12 1677.05 992.018 5165.5 6122.83 9464.82 4518.52 4296.84 2236.52 8011.67 6029.04 4162.93 10439.2 1630.28 2606.93 2983.91 5047.23 
6316.68 2380.76 5386.97 5359.56 5471.54 158.114 7705.6 5531.3 1412.3 9353.87 2471.3 9904.37 5372.01 9375.06 6184.63 5243.14 6336.1 6093.61 3199.2 8709.09 7185.79 6330.85 1894.76 4357.26 3391.47 5670.6 8993.94 3010.15 1361.25 3354.12 4951.22 5828.08 6956.91 4511.36 5181.68 
1609.63 4279.84 2904.96 4075.45 7333.68 4919.55 3172.38 2306.71 3757.55 7867.87 4426.34 8172.67 3223.18 6965.21 1688.61 5681.17 4303.08 6740.72 4805.26 3936.34 2437.42 4572.8 3597.07 7387.56 2383.21 3514.84 4452.2 5835.61 3498.57 1633.06 8323.17 1225.77 3167.46 596.825 3897.59 
7050.25 4491.38 4766.43 4201.71 3278.44 2081.47 7723.71 5204.02 1894.23 7717.6 4604.87 8318.95 4603.69 8081.1 7072.21 3398.82 5263.8 4078.06 5354.94 9314.27 7860.8 5141.91 3790.33 2265.66 3242.01 4813.86 8926.39 810.247 2399.27 4464.48 3039.42 6124.13 6587.27 5378 4079.62 
8599.96 8650.47 4719.75 3373.8 1916.38 6614.47 7748.47 5491.02 5705.61 3784.42 8796.96 4433.84 4353.54 4977.84 8885.19 1681.22 3835.64 626.498 9549.12 10170.3 9120.89 3480.42 7763.64 3681.7 5175.37 4215.32 8494.15 3916.99 6208.41 7356.64 4327.82 7172.51 6162.63 7619.99 3502.74 
2605.09 8002.01 4967.17 6268.28 10253.7 8849.18 1843.58 4241.99 7618.53 8470.01 8127.54 8475.74 5311.54 6898.91 2970.42 8265.74 5765.56 9159.33 8330.1 940.213 1813.34 6126.12 7453.25 10776.8 5881.54 5380.05 1829.13 9353.61 7414.82 5507.53 11756.6 3002.68 3434.94 4317.24 6191.9 
4941.44 773.369 5328.24 5782.61 7038.55 2147.3 6840.36 5187.68 2254.88 9971.28 938.616 10445.5 5447.37 9627 4692.56 6314.95 6571.23 7307.56 1640.12 7311.67 5802.8 6674.5 172.047 6190.01 3380.53 5784.48 8130.3 4694.6 1729.31 2052.95 6872.15 4880.16 6492.68 3212.37 5579.51 
5438.54 8102.64 2034.94 1940.23 5549.82 7205.73 3750.55 2463.43 5790.08 3156.26 8269.06 3408.47 1893.07 2296.11 5869.86 3521.21 881.419 4055.58 8885.41 6335.69 5654.06 1041.2 7180.93 6745.23 3980.26 1560.8 4267.1 5877.77 6022.31 5754.1 7681.47 3996.96 2210.02 5312.66 2074.08 
7154.89 3616.1 5532.63 5197.36 4468.17 1084.62 8222.6 5838.23 1825.38 8911.76 3700.66 9500.81 5435.3 9167.58 7087.98 4625.55 6240.87 5332.74 4414.53 9512.37 8007.56 6165.2 3103.37 3179.7 3715.98 5690.04 9479.31 2017.92 2121.51 4300.1 3720.22 6456.57 7265.09 5379.39 5048.96 
6602.12 7400.74 2688.81 1349.52 3042.53 5800.56 5729.65 3459.51 4585.07 3528.7 7560.03 4110.01 2322.07 3950.01 6911.85 1044.03 1872.11 1633.71 8278.8 8130.89 7093.89 1541.56 6467.47 4326.85 3485.89 2175.68 6540.03 3740.92 4999.37 5678.66 5227.32 5156.37 4155.54 5761.02 1500.3 
4126.98 5998.54 276.586 1128.72 5023.09 5231.8 3519.5 1008.46 3791.58 4962.91 6164.97 5346.27 228.035 4396.02 4452.2 3050.84 1388.52 4010.61 6786.77 5732.83 4623.91 1595.12 5076.87 5700.88 1888.54 565.685 4568.06 4472.19 3965.61 3713.97 6685.96 2678.54 2128.5 3470.81 997.246 
6831.59 4020.61 4818.64 4382.44 3756.59 1601.53 7660.79 5193.11 1549.23 8048.66 4131.46 8638.73 4689.84 8327.14 6823.09 3766.3 5435.75 4501.56 4879.43 9135.34 7659.69 5342.68 3342.15 2710.02 3141.27 4925.46 8889.6 1290.77 2015.47 4144.03 3430.76 5986.95 6602.31 5116.26 4243.41 
6671.71 8780.93 2970.69 2235.73 4859.89 7534.89 5051.99 3569.1 6197.18 2030.27 8946.25 2441.25 2705.12 1950.92 7083.16 3022.73 1559.13 3228.89 9612.52 7639.44 6933.43 1352.81 7841.66 6298.58 4638.16 2376.99 5503.28 5724.7 6522.28 6638.95 7166.94 5207.47 3511.72 6362.42 2434.3 
6316.56 3776.69 4367.15 4024.49 3905.7 1555.89 7156.68 4709.79 1081.67 7831.64 3901.24 8405.24 4259.21 8011.1 6314.19 3631.27 5063.33 4459.07 4659.07 8617.01 7142.67 4995.45 3023 3064.91 2634.1 4510.4 8392.31 1523.29 1588.58 3662.85 3852.53 5470.11 6127.22 4610.1 3872.42 
3743.63 9140.25 5750.83 6988.96 11028.2 9938.66 2505.69 5077.11 8676.66 8682.54 9266.07 8602.85 6072.13 6996.87 4100.99 8997.64 6354.37 9827.48 9465.99 1729.31 2940.15 6710.59 8583.86 11671 6875.54 6089.11 1808.54 10297.2 8497.44 6632.31 12655.7 4039.43 4039.67 5444.93 6938.51 
6219.11 4130.88 3998.05 3574.76 3555.57 2024.75 6892.31 4393.55 1261.43 7348.32 4263.95 7923.06 3865.14 7545.73 6255 3155.27 4622.52 4005.86 5023.55 8471.72 7023.4 4541.2 3324.53 2914.81 2398.27 4100.99 8105.58 1319.39 1804 3716.52 3777.19 5279.1 5793.31 4572.2 3429.87 
4678.98 2355.93 3959.42 4242.23 5587.89 1786 6036.64 3976.69 851.469 8412.59 2515.49 8904.84 4019.32 8168.82 4589.12 4725.47 5096.6 5732.83 3238.04 7059.31 5541.73 5165.51 1426.36 4979.53 1933.52 4345.77 7329.18 3399.91 382.884 1800.69 5782.47 4146.09 5376.78 2886.17 4043.09 
2276.95 3125.54 4117.09 5125.51 7855.04 4386.34 4462.87 3621.78 3564.77 9114.92 3252.28 9459.1 4391.18 8315.15 2011.62 6456.97 5527.94 7532.6 3515.52 4630.68 3127.71 5760.7 2644.26 7587.21 2959.75 4711.23 5701.48 5990.83 3141.02 970.618 8453.85 2585.44 4570.73 807.094 4929.79 
8739.5 6720.37 5649.07 4608.31 1454.13 4259.2 8871.19 6286.66 4036.09 6976.72 6830.79 7622.87 5368.51 7825.45 8850.37 2895.88 5581.87 2943.35 7576.73 10832 9478.28 5332.4 6016.52 392.046 4791.5 5450.11 9937.35 1483.37 4569.86 6478.93 1327.4 7588.29 7484.84 7230.01 4582.1 
340.147 5599.04 4253.4 5574.31 9160.81 6725.91 2675.26 3500.01 5659.84 8848.82 5716.86 9032.3 4616.24 7617.57 520.384 7383.66 5496.59 8407.88 5886.47 2141.07 644.981 5825.16 5127.11 9311.25 4286.64 4830.04 3662.85 7769.18 5352.1 3257.19 10253.9 1780.03 3605.69 2092.46 5429.05 
8316.33 4759.43 6327.12 5762.54 4047.97 2270.59 9212.6 6733.74 2970.39 9100.43 4826.73 9720.44 6172.79 9587.18 8274.36 4759.8 6825.52 5245.85 5504.55 10648.3 9157.96 6691.08 4318.85 2435.59 4692.94 6385.46 10438.8 1940.31 3329.62 5512.94 2716.47 7527.34 8133.54 6562.7 5645.88 
7083.63 7550.66 3202.14 1855.86 2525.39 5791.24 6281.82 3973.16 4666.4 3658.76 7706.11 4274.81 2836.51 4304.65 7376.29 686.586 2428.87 1077.03 8439.76 8665.85 7601.24 2094.23 6629.42 3914.72 3789.3 2713.12 7098.01 3505.61 5117.86 5990.01 4780.93 5652.79 4711.1 6158.77 1982.95 
1626.41 4165.3 3019.42 4173.54 7381.4 4859.56 3289.76 2432.82 3723.61 7990 4310.45 8298.73 3333.05 7097.17 1664.12 5752.56 4421.09 6815.35 4680.28 3980.16 2470.73 4687 3496.54 7403.16 2416.98 3628.61 4565.3 5843.77 3447.68 1530.62 8333.26 1350.93 3303.41 461.411 3993.26 
3946.35 3386 2759.86 3189.25 5329.89 2863.98 4940.65 2769.57 1504.79 7382.21 3552.03 7841.15 2845.29 7019.44 3974.54 4063.41 3957.79 5127.62 4212.28 6241.09 4765.98 4062.08 2452.04 5123.72 766.094 3179.07 6219.33 3542.49 1441.25 1641.49 6031.95 3136.51 4180.19 2303.26 2984.02 
2532.98 7925.26 5238.83 6557.35 10510.1 8892.5 2204.84 4496.78 7702.11 8871.44 8044.9 8886.99 5590.35 7314.6 2841.64 8543.65 6099.44 9458 8210.05 522.015 1685.14 6459.63 7419.39 10974.6 6029.34 5677.89 2254.6 9524.94 7470.62 5496.76 11950.3 3141.11 3781.44 4304.43 6471.48 
8533.53 7523.54 4981.86 3740.37 311.448 5251.79 8214.16 5708.12 4620.31 5462.06 7655.06 6111.38 4648.14 6440.02 8729.68 1757.27 4563.55 1432.83 8414.57 10413.4 9182.29 4260.05 6707.74 1926.34 4711.03 4637.97 9154.78 2386.57 5159.12 6722.41 2639.19 7226.69 6710.18 7247.54 3779.43 
6937.45 7474.07 3051.38 1705.11 2648.02 5754.07 6130.13 3822.51 4604.49 3649.4 7630.53 4256.99 2685.55 4232.12 7232.79 730.068 2283.2 1228.01 8360.86 8513.74 7451.61 1951.67 6549.41 3997.22 3674.62 2560.82 6950.18 3529.55 5047.23 5875.53 4876.4 5504.36 4560.32 6026.85 1834.69 
866.487 5601.08 3135.36 4469 8168.54 6290.76 1952.26 2373.56 5073.51 7726.53 5740.03 7927.38 3500.69 6546.71 1325.93 6327.4 4358.39 7332.19 6049.48 2666.25 1309.24 4688.37 4966.95 8452.24 3443.98 3701.95 3166.39 6956.96 4856.84 3001.93 9415.23 662.873 2533.08 1842.2 4332.63 
3488.27 3487.94 2598.56 3220.25 5685.16 3254.98 4535.6 2491.47 1941.78 7390.32 3654.09 7820.6 2740.07 6915.27 3525.75 4304.09 3887.42 5377.6 4266.45 5782.36 4306.33 4030.53 2582.13 5554.46 822.8 3080.26 5822.44 3981.52 1810.33 1379.28 6472.13 2697 3866.79 1873.85 3014.38 
5494.59 7628.6 1725.4 1234.71 4832.57 6572.2 4130.11 2343.86 5179.36 3273.41 7794.75 3649.07 1469.86 2811.49 5887.78 2786.92 313.847 3391.65 8441.26 6656.2 5820.31 288.617 6694.81 5994.37 3476.97 1136 4808.17 5133.91 5451.62 5411.33 6933.82 4019.66 2537.28 5117.66 1394.63 
5764.9 5706.29 2371.24 1486.37 3063.41 4100.78 5600.29 3025.38 2861.75 5220.67 5863.15 5775.3 2099.55 5375.84 5973.69 1453.44 2547.72 2525.17 6592.67 7672.94 6414 2410.33 4781.27 3608 2054.77 2218.94 6661.27 2483.87 3285.36 4222.38 4592.34 4463.19 4212.84 4559.23 1392.84 
1046.9 6042.39 3267.25 4613.07 8412.15 6716.58 1574.71 2495.96 5479.43 7664.16 6180.52 7830.01 3633.73 6402.52 1548.58 6523.96 4400.18 7504.57 6480.69 2334.03 1151.56 4742.7 5410.97 8767.62 3790.33 3801.47 2746.34 7294.96 5278.3 3445.81 9737.25 910.494 2395.85 2284.93 4491.69 
4747.09 1744.13 4480.92 4835.3 6121.48 1739.71 6334.56 4430.86 1323.71 9013.99 1904.34 9500.07 4566.06 8733.3 4593.08 5329.77 5664.6 6328.7 2626.19 7144.13 5618.83 5747.18 815.414 5399.12 2478.25 4897.81 7632.07 3850.64 780.897 1764.91 6151.11 4399.69 5798.71 2942.79 4634.41 
7632.73 4894.01 5263.39 4605.41 3096.13 2398.52 8271.62 5733.62 2446.24 7916.24 4996.1 8532.85 5079.63 8394.47 7654.05 3573.93 5667.4 4119.47 5733.31 9893.15 8442.33 5518.71 4252.06 1822.14 3810.72 5270.31 9461.77 757.694 2931.57 5031.2 2508.8 6696.69 7099.75 5958.36 4499.61 
5656.62 3922.27 3532.76 3254.98 3877.38 2128.76 6351.06 3880.12 975.295 7196.51 4067.1 7747.96 3432.1 7265.4 5699.56 3164.13 4274.54 4107.42 4821.21 7906.07 6458.5 4230.19 3054.91 3421.13 1841.66 3691.35 7575.52 1827.79 1493.45 3214.42 4311.29 4716.45 5294 4025.05 3091.28 
4433.53 5118.92 1386.54 1442.57 4393.86 4109.03 4426.52 1847.16 2680.02 5635.65 5284.11 6100.1 1293.14 5348.79 4650.99 2674.21 2277.59 3740.21 5956.68 6370.75 5086.15 2338.08 4179.38 4780.23 1000 1580.7 5573.74 3428.08 2914.05 3164.84 5763.03 3143.12 3197.76 3304.38 1237.46 
6049.01 7142.28 2121.32 801.561 3532.78 5715.45 5154.14 2890.14 4421.09 3634.2 7304.58 4165.73 1755.14 3777.37 6370.2 1472.99 1339.59 2204.11 8005.5 7551.9 6525.11 1041.01 6202.49 4684.5 3110.06 1597.03 5984.59 3920.46 4791.53 5272.66 5617.29 4595.14 3584.91 5275.4 976.729 
5955.52 1562.59 5571.97 5732.66 6235.7 970.206 7584.89 5603.89 1778 9831.08 1650.76 10356.5 5610.01 9717.96 5766.57 5852.26 6649.59 6756.63 2381.6 8351.03 6827.19 6685.88 1206.15 5173.57 3541.58 5928.39 8882.17 3791.79 1459.62 2970.15 5770.55 5652.79 6998.61 4161.6 5542.39 
3740.01 3491.85 2613.58 3128.15 5450.11 3079.03 4720.17 2581.18 1728.12 7314.98 3658.26 7760.91 2722.08 6901.92 3781.14 4113.06 3852.03 5183.48 4298.29 6024.38 4553.97 3973.73 2567.59 5299.67 692.026 3059.49 6000.51 3726.02 1647.79 1563.49 6216.62 2913.02 3982.46 2127.2 2922.05 
702.14 4749.79 4123.17 5378.94 8730.66 5946.07 3239.89 3424.62 4950.36 8946.87 4867.63 9187.69 4469.12 7854.93 368.917 7061.35 5464.52 8113.82 5046.7 2982.16 1492.82 5767.1 4291.11 8744.43 3771.15 4727.05 4352.95 7175.41 4605.66 2462.23 9666.03 1807.1 3860.63 1355.91 5213.11 
4501.26 4887.23 1657.47 1669.64 4322.97 3828.32 4633.66 2071.83 2401.42 5857.73 5051.7 6334.55 1574.58 5614.13 4690.86 2703.13 2546.15 3777.63 5734.64 6505.26 5185.31 2591.39 3946.35 4610.69 833.847 1861.32 5801.49 3216.02 2647.64 3033.1 5589.17 3264.43 3448.19 3271.85 1468.2 
9581.88 6645.36 6891.23 5983.85 2920.15 4116.92 10038.1 7457.35 4423.6 8524.06 6724.41 9170.98 6648.5 9361.44 9621.06 4411.18 7000.61 4487.86 7421.95 11802.7 10376.2 6777.47 6113.37 1162.11 5694.53 6775.29 11171.7 2196.59 4893.2 7012.94 819.878 8577.23 8746.62 7932.54 5929 
5490.15 1408.01 7002.98 7649.33 9063.53 3930.2 7831.81 6706.71 4293.17 11837.3 1310.04 12275.5 7182.6 11332.1 5091.92 8334.71 8337.83 9339.06 653.911 7626.07 6250.51 8485.39 2206.17 8122.87 5211.99 7523.1 9056.81 6682.31 3767.82 3314.85 8730.02 5945.42 7848.73 4146.38 7443.39 
7742.47 6796.51 4281.55 3110.02 1082.4 4613.95 7526.44 4984.78 3867.47 5455.14 6933.12 6092.95 3964.06 6215.14 7928.79 1278.83 4023.36 1521.18 7692.31 9664.31 8406.36 3752.57 5957.78 2008.23 3898.82 3991.12 8516.21 1862.07 4400.28 5910.69 2908.49 6457.86 6060.4 6434.79 3119.31 
5981.41 1248.68 7208.84 7758.67 8889.78 3631.89 8252.58 6971.32 4192.4 11951.5 1100.59 12413 7362.02 11535.3 5603.57 8297.81 8505.27 9273.02 360.694 8167.8 6765 8629.51 2170.83 7848.57 5334.01 7702.08 9497.6 6465.74 3694.24 3604.51 8404.3 6335.37 8173.09 4540.7 7554.14 
5869.8 483.322 6381.93 6770.27 7629.92 2353.25 7878.69 6258.73 3006.29 10942.3 417.253 11434.2 6487.26 10662.2 5574.59 7132.38 7597.01 8078.45 1000.45 8199.09 6714.31 7683.7 1212.64 6569.67 4405.83 6821.91 9162.89 5194.32 2548.76 3085.85 7135.11 5919.77 7564.77 4205.76 6570.01 
7520.91 6516.27 4131.92 3009.87 1328.34 4348.15 7376.53 4817.98 3586.03 5587.07 6653.31 6218.85 3825.98 6272.14 7697.08 1312.44 3962.44 1731.04 7412.37 9474.39 8197.52 3709.41 5676.31 2001.92 3652.68 3874.75 8391.81 1643.05 4118.69 5642.56 2942.72 6256.2 5934.48 6186 3001.67 
6864.76 3271.85 5406.26 5155.98 4704.73 740 8008.85 5670.67 1575.82 8966.66 3360.13 9544.8 5330.94 9152.19 6784.05 4723.82 6184.96 5482.93 4081.04 9232.75 7722.19 6129.45 2748.98 3488.91 3529.55 5599.15 9275.48 2236.6 1815.71 3982.07 4060.44 6212.03 7102.11 5079.47 4998.08 
7971.61 9082.04 4046.23 2838.05 3513.7 7388.48 6674.88 4778.21 6236.7 2182.15 9240.48 2827.81 3698.18 3288.24 8329.48 2246.62 2811.14 1860.03 9962.66 9218.11 8357.33 2463.43 8150.81 5181.17 5153.53 3450.58 7237.47 5036.07 6668.88 7332.24 5927.6 6496.04 5089.32 7325.48 3029.52 
3440.71 5945.77 509.902 1855.4 5760.95 5500.04 2815.17 262.488 4061.77 5381.77 6110.72 5699.59 876.641 4577.39 3796.76 3798.12 1824.97 4752.9 6678.03 4985.5 3895.25 2117.47 5058.35 6372.48 2060.22 1083.74 3926.23 5073.26 4141.35 3472.3 7358.4 1971.62 1563.2 3009.62 1739.54 
5202.47 8797.55 2829.31 3247.85 6992.03 8244.91 2981.71 2881.06 6803.31 3783.38 8961.77 3791.79 2862.11 2255.68 5685.7 4958.92 2211.09 5485.23 9507.81 5545.9 5192.34 2455.22 7916.92 8158.07 4854.12 2602.33 3116.42 7210.84 6950.41 6256.33 9104.12 3931.37 1845.05 5559.89 3337.93 
5105.29 8260.27 2198.29 2483.95 6245.01 7568.97 3180.77 2406.7 6133.13 3554.39 8425.89 3693.81 2173.48 2334.31 5563.86 4201.95 1442.22 4768 9004.19 5780.7 5224.22 1691.98 7359.42 7389.99 4225.38 1886.8 3587.76 6448.29 6312.19 5793.79 8337.7 3725.08 1744.51 5212.76 2581.18 
5387.81 6715.91 1463.28 166.433 4010.05 5486.89 4562.28 2233.76 4123.4 4030.91 6880.44 4507.29 1096.59 3886.66 5710.71 1952.56 994.636 2811.49 7560.17 6917.14 5868.37 858.429 5775.09 4981.98 2602.1 970.618 5456.78 4024.92 4439.28 4711.23 5944.27 3934.68 3020.6 4646.91 372.022 
9194.05 8247.38 5548.13 4257.38 588.303 5943.48 8750.42 6293.21 5353.22 5391.29 8377.05 6039.88 5201.59 6550.49 9406.08 2249.56 4986.55 1562.47 9136.22 11014.9 9820.24 4659.97 7438.88 2289.74 5415.03 5156.44 9636.06 3057.61 5892.93 7450.43 2777.23 7858.63 7214 7951.08 4321.87 
5708.46 8369.15 2312.49 2119.46 5572.15 7428.73 3958.28 2749.35 6021.03 2884.34 8535.58 3124.63 2156.04 2024.67 6143.7 3573.02 1086.69 4035.55 9156.84 6552.22 5906.89 1171.54 7444.9 6827.39 4237.84 1819.7 4408.55 6016.31 6266.16 6035.11 7751.18 4272.86 2445.24 5598.66 2268.74 
6111.91 8629.86 2624.52 2234.86 5411.28 7586.31 4363.27 3114.48 6198.52 2482.84 8796.19 2751.87 2428.87 1791.09 6543.31 3466.55 1290.04 3827.53 9432.31 6959.32 6318.05 1259.6 7699.25 6746.33 4482.32 2088.3 4776.71 6025.19 6471.58 6350.07 7649.56 4669.99 2857.01 5957.56 2406.51 
5651.07 7194.67 1715.72 638.905 4120.29 5957.16 4606.79 2460.33 4601.97 3556.92 7359.42 4026.16 1366.24 3425.84 6000.04 2058.01 751.665 2767.96 8035.92 7045.77 6077.05 474.342 6254.12 5234.83 3070.44 1131.11 5406.31 4383.16 4921.64 5151.02 6178.36 4180.19 3025.57 5025.58 842.2 
5219.82 2164.53 4460.25 4632.2 5551.95 1221.88 6613.46 4521.34 782.943 8760.37 2308.87 9273.73 4493.61 8605.98 5106.9 4902.3 5535.86 5864.41 3063.41 7607.96 6086.64 5578.83 1327.74 4765.18 2430.74 4811.75 7905.55 3231.87 344.384 2285.8 5507.18 4722.3 5931.42 3417.84 4439.21 
5236.89 1464.14 6842.02 7524.75 9056.47 3996.06 7596.27 6524.42 4268.08 11706.2 1392.62 12135.1 7031.43 11167.6 4834.14 8269.04 8189.52 9284.33 840.238 7362.1 5991.64 8345.89 2178.62 8163.54 5088.42 7371.53 8815 6699.14 3734.72 3134.23 8794.46 5720.98 7643.91 3923.79 7318.61 
5985.06 1284.56 5809.83 6019.85 6573.92 1277.69 7710.93 5806.75 2091.24 10136.5 1354.47 10656.1 5862.85 9991.24 5769.45 6183.61 6919.78 7093.46 2066.2 8373.42 6854.12 6966.56 1126.06 5493.07 3782.17 6185.61 9008.32 4126.8 1731.85 3018.11 6070.53 5765.14 7185.8 4209.33 5827.15 
7746.65 9568.31 3977.3 3040.95 4669.78 8110.32 6115.69 4617.36 6850.73 1209.34 9731.53 1796.22 3680.57 2121.32 8151.77 3170.52 2581.05 3001.67 10423.5 8709.33 8017.06 2312.62 8627.44 6290.07 5477.59 3370.01 6498.88 5988.33 7228.06 7563.45 7071.81 6278.09 4590.04 7368.48 3247.11 
6427.95 1516.11 6206.13 6360.7 6672.61 1314.84 8157.38 6226.85 2391.4 10443.2 1541.46 10974.5 6245.68 10350.9 6205.56 6414.12 7283.58 7288.71 2168.16 8813.85 7296.09 7316.65 1551.93 5488.94 4175.8 6564.03 9454.87 4205.95 2095.04 3465.62 6002.57 6213.03 7614.12 4656.11 6171.71 
4904.86 7842.97 1764.77 2059.34 5906.99 7118.48 3182.77 2043.55 5683.56 3690.88 8008.9 3900.83 1723.86 2652.79 5346.19 3848.96 1048.09 4480.68 8597.82 5765.34 5094.8 1341.83 6936.38 6996.38 3785.41 1435.03 3746.26 6019.73 5868.05 5408.82 7951.78 3481.74 1640.12 4882.15 2145.6 
8051.05 8810.82 4111.22 2821.1 2948.22 7011.28 6922.43 4868.06 5921.12 2733.59 8966.21 3382.13 3750.12 3836.93 8383.73 1832.21 3001.37 1303.84 9699.81 9424.97 8488.92 2641.7 7889.26 4630.01 4998.92 3541.89 7564.19 4558.17 6377.09 7196.9 5364.11 6585.95 5328.46 7281.79 2994.21 
6650.09 9703.41 3622.21 3441.93 6492.5 8777.63 4526.37 3953.24 7374.61 2283.55 9869.78 2245.11 3498.24 757.166 7118.27 4626.5 2438.13 4855.56 10478.3 7092.33 6704.7 2469.51 8784.15 7910.46 5585.81 3166.28 4598.31 7241.77 7621.55 7313.91 8791.63 5295.89 3264.97 6782.58 3604.11 
2912.34 2495.96 4582.14 5487.67 7912.05 4007.69 5128.31 4153.37 3383.78 9562.9 2614.44 9934.57 4827.8 8846.13 2603.11 6658.3 5982.05 7729.15 2849.3 5228 3745.85 6190.48 2119.36 7492 3180.02 5158.3 6369 5898.92 2901.93 982.7 8316.85 3236.31 5182.78 1439.24 5286.09 
6640.03 7790.64 2700.02 1445.54 3458.24 6275.39 5563.86 3454.19 5024.67 3044.16 7951.96 3610.24 2341.37 3430.71 6979.29 1538.83 1637.19 1924.63 8659.34 8033.06 7075.37 1279.06 6852.52 4820.66 3783.36 2127.63 6290.85 4264.33 5417.13 5947.94 5704.85 5172.79 3972.12 5933.34 1635.15 
8822.61 7997.66 5167.36 3877.64 528.11 5742.82 8370.54 5912.77 5082.4 5176.04 8130.93 5826.26 4820.84 6265.56 9039.3 1869.36 4617.46 1240.85 8890.54 10634.9 9444.12 4294.24 7172.2 2319.76 5063.33 4776.96 9261.06 2880.62 5618.43 7120.85 2925.54 7481.93 6836.17 7597.43 3941.22 
6742.73 5346.3 3802.17 2989.31 2401.04 3223.86 6960.78 4374.77 2420.43 6336.1 5483.36 6938.78 3568.81 6745.38 6862.25 2024.25 4044.6 2789.59 6242.39 8843.38 7480.59 3878.66 4510.54 2258.58 2795.89 3717.69 8082.1 975.141 2956.7 4601.96 3234.27 5599.16 5657.85 5265.79 2902.43 
3278.67 4405.56 1692.57 2501.86 5563.43 4050.98 3810.77 1576.86 2648.85 6590.37 4571.31 6989.97 1873.95 6022 3447.46 3922.16 3034.49 4990.04 5164.43 5386.58 4002.32 3214.42 3507.21 5727.52 734.098 2213.26 5069.13 4233.82 2640.68 2074.25 6688.53 2157.24 2980.27 2055.48 2303.13 
2090.29 3350.1 3807.28 4841.99 7677.77 4436.96 4173.37 3299.59 3520.26 8804.93 3484.15 9143.46 4087.95 7991.38 1886.8 6225.57 5218.78 7300.75 3788.68 4474.93 2956.55 5457.15 2798.66 7477.97 2740.02 4404.78 5424.07 5885.39 3131.68 955.249 8362.31 2275.28 4246.34 483.735 4648.55 
8100.38 6637.27 4829.96 3735.91 1047.85 4311.16 8069.45 5497.64 3783.19 6153.25 6763.27 6794.64 4533.45 6939.57 8248.74 1996.85 4691.63 2157.13 7521.3 10115 8804.71 4436.06 5852.11 1287.87 4178.52 4594.19 9103.55 1428.88 4326.4 6044.52 2214.16 6881.51 6646.78 6684.68 3722 
6330.01 10006.6 3983.63 4173.46 7569.65 9359.51 3945.54 4096.83 7925.18 3339.24 10171.3 3146.68 3965.48 1547.38 6822.68 5628.94 3111.3 5961.78 10725.4 6389.41 6234.72 3258.5 9118.46 8903 6013.65 3671.43 3730.44 8105.71 8103.59 7478.19 9812.98 5119.53 3035.34 6777.03 4300.01 
1555.63 6422.25 3056.55 4396.59 8294.44 6943.38 1086.32 2295.78 5653.29 7246.94 6565.15 7389.68 3417.6 5937.76 2057.98 6354.37 4081.67 7302.29 6898.54 2429.18 1523.98 4433.01 5749.24 8753.06 3858 3546.83 2314.65 7322.74 5496.26 3786.4 9731.07 1019.51 1957.27 2666.78 4293.31 
1306.14 6633.92 3906.21 5249.38 9114.97 7433.98 1492.15 3140.35 6217.95 8039.11 6764.91 8151.63 4269.19 6659.8 1761.73 7195.61 4936.6 8153.54 7011.21 1603.78 820.061 5289.23 6053.45 9508.42 4540.42 4404.77 2388.39 8042.79 6002.21 4099.41 10480.1 1655.6 2755.3 2913.43 5141.64 
1960.1 3481.05 4369.36 5453.88 8324.34 4886.15 4330.74 3808.02 4080.75 9356.41 3594.77 9672.98 4666.69 8469.91 1618.3 6872.85 5778.34 7947.69 3771.6 4240.58 2770.51 6031.65 3087.3 8092.49 3390.13 4974.37 5524.96 6496.96 3656.24 1486.07 8964.29 2560.2 4619.66 975.756 5263.66 
3192.32 7305.37 2222.66 3372.49 7423.4 7255.36 1196.41 1717.12 5841.32 5600.36 7462.82 5712.38 2501.38 4245.39 3680.49 5377.29 2740.46 6196.3 7921.52 3766.3 3200.25 3100.15 6500.35 8198.25 3845.84 2474.13 2070.87 6947.19 5841.73 4654.08 9182.86 2012.29 408.167 3766.06 3339.01 
2986.13 4486.88 1690.12 2643.67 5843.9 4282.67 3540.52 1435.69 2901.26 6657.91 4651.3 7034.57 1922.76 6007.5 3170.57 4163.1 3078.47 5224.63 5214.44 5081.78 3700.61 3287.22 3611.37 6031 1034.79 2254.11 4809.26 4538.56 2854.77 2036.91 6992.8 1853.97 2793.08 1853.35 2452.04 
6717.45 4939.74 4037.08 3349.4 2745.63 2745.54 7119.16 4550.57 2059.13 6820.87 5071.5 7419.33 3836.94 7185.77 6801.01 2519.38 4412 3274.28 5831.06 8887.95 7486 4271.17 4133.68 2267.44 2784.69 4017.87 8278.27 735.935 2602.31 4402.19 3200.62 5653.01 5885.44 5159.32 3241.97 
8846.34 5917.11 6288.59 5469.27 2914.88 3384.79 9386.91 6819.1 3658.25 8320.25 6001.87 8959.27 6067.26 9024.04 8874.78 4070.2 6510.49 4324.87 6711.07 11088.3 9649.09 6313.83 5360.35 1168.46 4986.91 6218.95 10545.6 1548.29 4126.26 6249.42 1425.06 7874.93 8142.36 7181.04 5395.15 
1597.9 4090.99 3156.96 4304.75 7479.85 4857.32 3374.31 2571.63 3750.89 8128.83 4233.83 8437.59 3469.19 7234.09 1595.31 5868.19 4559.35 6932.89 4587.17 3972.91 2455.24 4824.37 3444.2 7475.3 2507.93 3765.91 4642.47 5909.89 3457.22 1480.71 8400.31 1451.52 3429.34 347.851 4123.35 
4593.53 1046.61 5910.26 6582.38 8231.56 3385.85 6828.79 5614.95 3432.84 10763.7 1092.02 11194 6093.81 10238.8 4240.78 7361.56 7250.74 8388 1141.1 6840.82 5400.17 7404.38 1390.58 7441.51 4146.43 6434.14 8076.66 5929.76 2890.88 2224.34 8129.97 4912.4 6774.81 3116.7 6376.24 
1945.04 7302.86 4280.29 5602.89 9549.71 8083.27 1370.58 3536.47 6845.53 8077.01 7433.03 8136.15 4633.27 6595.89 2367.13 7585.38 5175.71 8506.06 7670.01 1254.47 1275.34 5534.8 6723.82 10028.6 5112.51 4727.87 1902.63 8592.89 6646.39 4768.31 11006.3 2230.02 2883.83 3583.7 5514.17 
6936.63 2981.17 5720.31 5539.54 5143.39 528.015 8212.43 5940.21 1788.85 9396.73 3053.8 9970.16 5665.59 9546.82 6823.56 5169.54 6556.17 5935.26 3750.05 9321.74 7802.17 6514.64 2567.2 3873.98 3789.26 5944.55 9490.67 2679.25 1905.15 3997.31 4387.71 6373.23 7372.71 5135.85 5375.65 
4453.25 1142.32 4961.9 5501.36 7039.6 2435.02 6362.27 4776.99 2245.11 9694.44 1305.45 10150.6 5103.27 9280.8 4211 6176.29 6242.9 7195.61 1905.36 6827.1 5315.95 6365.92 449.444 6309.06 3071.48 5442.81 7650.06 4770 1701.79 1570.03 7040.06 4402.23 6054.86 2722.59 5296.23 
5587.57 7656 1793.6 1215.11 4741.78 6564.89 4237.57 2428.6 5179.29 3211.79 7822 3601.68 1524.11 2809.57 5977.62 2701.5 388.973 3290.79 8473.54 6762.09 5920.03 241.868 6720.6 5921.12 3504.07 1195.7 4914.15 5082.07 5461.01 5462.1 6856.89 4111.7 2644.58 5187.87 1385.14 
2650.3 2840.74 4764.96 5747.29 8320.61 4469.72 5002.92 4274.68 3841.3 9761.94 2944.57 10110.1 5033.7 8967.48 2288.45 7008.46 6174.86 8082.6 3084.69 4896.12 3447.81 6402.79 2551.96 7940.01 3512.56 5356.28 6209.87 6345.05 3365.06 1360.33 8772.43 3181.21 5200.96 1445.89 5549.23 
2312.06 3511.6 3118.93 4108.19 6979.24 4139.05 3951.27 2676.6 3047.64 8112.81 3663.06 8470.01 3381.95 7368.27 2263.74 5488.21 4526.37 6562.82 4092.07 4691.58 3173.09 4750.79 2795.17 6862.83 2015.59 3706 5240.15 5281.87 2740.16 843.801 7770.59 1991.23 3766.71 564.358 3912.97 
4126.89 4846.08 1432.24 1752.37 4694.7 3990.1 4279.54 1743.85 2547.72 5935.7 5012.03 6384.37 1429.41 5573.24 4326.95 3021.06 2503.92 4090.11 5669.73 6122.88 4804.18 2601.92 3910.63 4989.59 695.27 1749.29 5465.31 3577.95 2722.81 2817.8 5966.65 2881.7 3149.68 2951.69 1546.25 
4146.64 1270.63 5046.08 5691.34 7444.78 2917.07 6190.13 4788.53 2670.67 9874.84 1410.89 10309.6 5218.29 9376.25 3867.47 6494.63 6372.27 7530.47 1843.91 6492.5 4996.73 6519.52 893.756 6765.28 3254.84 5558.87 7464.81 5213.84 2130 1435.9 7509.36 4239.86 6003.04 2490.08 5485.23 
8416.28 4957.07 6328.8 5720.51 3866.99 2454.89 9255.34 6757.07 3078.85 8985.46 5027.15 9609.27 6162.94 9508.84 8385.8 4650.1 6783.17 5101.37 5710.13 10736.1 9252.62 6638.21 4496.8 2230.02 4743.71 6366.24 10472 1839.92 3460.71 5642 2498.26 7595.92 8147.3 6674.32 5610.36 
3895.14 6263.55 235.372 1469.32 5466.01 5646.4 3059.44 701.783 4202.98 4924.43 6429.47 5255.56 508.035 4181.69 4259.67 3459.44 1357.68 4374.99 7021.57 5350.23 4319.12 1649.76 5358.29 6190.03 2241.99 631.269 4079.33 4968.56 4338.13 3859.96 7174.47 2420.52 1633.71 3460.92 1385.71 
5468.83 1094.44 5419.15 5716.79 6587.36 1499.07 7217.34 5373.43 1908.82 9871.79 1217.58 10374.2 5494.55 9650.64 5254.81 6034.64 6578.64 6985.56 1976.49 7857.38 6337.9 6646.24 629.682 5630.89 3405.6 5823.48 8514.09 4185.16 1456.71 2504.1 6272.77 5266.74 6734.66 3694.46 5519.31 
2558.53 7895.43 5556.73 6887.07 10804.7 8983.38 2607.68 4803.09 7836.17 9294.53 8008.53 9317.54 5913.38 7748.48 2798.04 8860.19 6468.73 9792.35 8133.54 180 1686.71 6828.07 7435.89 11213.4 6231.38 6017.22 2690.67 9740.31 7577.86 5545.85 12184 3357.16 4166.25 4360.85 6793 
7546.3 9659.32 3891.39 3103.45 5114.76 8314.64 5792.21 4477.72 7014.02 1110.18 9823.98 1569.84 3625.27 1627.88 7968.27 3514 2479.88 3443.84 10499.9 8391.93 7768.61 2266.32 8718.65 6698.13 5529.74 3298.03 6104.7 6313.17 7364.3 7554.99 7502.97 6091.99 4306.8 7281.79 3306.92 
4292.84 5833.78 593.633 991.413 4746.76 4964.88 3819.32 1267.79 3530.1 5024.12 6000.11 5438.43 431.856 4567.24 4592.45 2807.94 1508.01 3798.17 6640.55 5983.74 4831 1650.97 4903.68 5386.44 1689.41 737.36 4884.15 4150.18 3732.02 3642.27 6371.94 2871.67 2449 3504.77 820.244 
6862.36 3330.54 5359.56 5095.13 4627.76 801.561 7982.34 5632.57 1556.31 8895.24 3420.94 9474.44 5280.15 9088.47 6787.35 4648.66 6126.47 5405.42 4144.8 9226.58 7718.04 6068.05 2792.6 3420.41 3494.94 5546.1 9246.53 2159.28 1818.38 3991.69 4001.51 6193.95 7063.29 5080.84 4938.55 
9294.65 11719.7 5868.47 5164.05 6627.73 10342 7234.76 6381.22 9063.8 1030.78 11884.6 516.14 5632.64 2024.85 9747.37 5369.56 4472.34 5020.96 12557.5 9793.49 9397.52 4299.79 10779.3 8346.56 7584.46 5296.89 7231.56 8187.8 9422.57 9574.23 9046.02 7890.15 5930.3 9224.67 5366.91 
4920.62 2899.28 3676.14 3802.17 5003.73 1787.18 6034.7 3801.59 428.019 7935.65 3054.13 8445.53 3688.16 7780.52 4885.67 4155.54 4712.59 5152.76 3791.48 7264.19 5765.5 4750.17 1988.29 4455.39 1663.64 4000.56 7312.05 2863.56 488.262 2204.84 5290.29 4217.69 5228.61 3174.93 3609.43 
4523.74 1544.57 4566.06 5013.52 6464.21 2051.17 6232.21 4453.94 1674.31 9204.03 1710.26 9675.12 4678.48 8857.36 4340.66 5612.93 5799.74 6626.16 2392.07 6919.37 5395.41 5902.63 610.574 5764.53 2608.6 5014.96 7528.68 4212.33 1131.59 1539.42 6517.77 4280.65 5787.44 2731.83 4810 
9126.93 11527.8 5682.06 4972.05 6473.09 10152.3 7088.37 6200.07 8872.44 847.585 11692.6 335.41 5444.16 1900.03 9577.49 5189.58 4284.22 4857.91 12365.8 9653.9 9239.26 4109.32 10587.3 8184.26 7392.95 5108.83 7110 8008.71 9230.66 9385.57 8892.48 7717.67 5768 9041.86 5174.96 
4850.92 6239.14 984.124 415.933 4324.12 5165.01 4200.3 1746.31 3760.92 4537.85 6404.7 4984.54 635.138 4234.05 5160.47 2321.77 1177.2 3270.29 7068.83 6466.94 5362.96 1212.02 5300.94 5117.44 2094.76 684.251 5182.99 4006.61 4029.4 4158.49 6096.43 3413.15 2725.67 4074.13 257.099 
3820.01 2758.12 3332.42 3857.78 5880.69 2673.46 5167.22 3230.62 1545.64 8048.38 2924.53 8498.31 3455.79 7635.74 3762.76 4715.26 4590.04 5772.01 3559.51 6188.07 4676.11 4712.08 1842.53 5518.2 1421.44 3794.27 6462.61 3921.35 1241.69 1111.26 6384.12 3262.41 4590.71 2051.05 3651.99 
7683.76 9918.17 4096.46 3364 5389.11 8600.06 5851.44 4655.5 7292.26 913.893 10083.2 1300.96 3844.23 1406.16 8114.6 3809.11 2688.81 3718.72 10754 8450.72 7876.5 2498.98 8978.05 6985.22 5780.7 3512.16 6101.29 6609.28 7636.29 7782.5 7783.38 6240.39 4401.3 7477.54 3565.87 
6010.07 9033.7 2948.1 2879.2 6225.24 8171.08 3988.14 3267.11 6755.63 2722.22 9199.97 2804.92 2842.01 1434.02 6471.24 4269.54 1836.36 4638.62 9802.24 6579.86 6104.4 1930.23 8118.15 7542.9 4930.92 2516.23 4209.54 6769.38 6983.85 6629.59 8453.67 4634.18 2635.77 6098.86 3025.24 
7773.71 9662.07 4030.71 3125.08 4798.43 8222.47 6105.16 4658.42 6956.28 1098.36 9825.58 1673.71 3740.66 2008.31 8183.52 3297.35 2627.72 3130.77 10514.7 8701.64 8030.59 2371.18 8721.04 6420.07 5562.49 3425.68 6463.07 6114.33 7329.24 7636.92 7201.24 6308.35 4591.32 7424.28 3331.1 
8724.02 7970.77 5052.7 3758.1 618.142 5738.38 8251.17 5800.39 5047.47 5063.2 8105.61 5713.5 4704.73 6139.78 8945.19 1751.14 4490.4 1112.34 8865.13 10523.7 9339.98 4166.21 7137.85 2400.19 4982.22 4656.92 9136.72 2890.85 5581.27 7053.43 3032 7377.13 6714 7514.09 3824.47 
4673.9 7275.96 1190.38 1516.08 5485.66 6505.4 3271.36 1610.37 5071.59 3965.96 7442.21 4255.93 1113.24 3147.21 5085.23 3418.55 661.891 4151.2 8045.97 5785.45 4964.03 1020.44 6361.77 6482.35 3188.49 821.523 4020.01 5449.2 5263.4 4894.7 7448.29 3209.19 1677.2 4455.02 1574.87 
7106.23 8460.83 3191.02 2040.12 3740.98 6935.78 5822.8 3913.94 5695.77 2388.39 8622.42 2973.1 2849.65 2975.79 7469.67 2030.89 1940.34 2094.68 9327.68 8354.56 7486.01 1592.01 7522.13 5246.84 4432.08 2589.85 6431.12 4832.49 6089.81 6578.64 6083.57 5629.68 4232.75 6508 2240.58 
1680.77 7000.09 5013.43 6359.01 10178.6 8118.53 2440.92 4244.01 7002.98 9112.85 7113.66 9197.85 5378.2 7674.5 1902.45 8288.12 6059.13 9259.29 7246.57 724.5 812.712 6412.07 6543.91 10490.8 5475.51 5522.77 2947.3 8988.46 6725.09 4665.38 11452.3 2659.4 3851.87 3486.79 6245.52 
5274.44 7572 1582.21 1320.95 5056.33 6600.74 3871.05 2150.37 5192.48 3428.64 7738.38 3770.48 1368.83 2829.36 5675.63 3001.08 261.725 3637.93 8372.13 6401.58 5582.29 490.408 6642.99 6177.97 3428.31 1028.25 4551.98 5269.17 5441.42 5299.18 7125.29 3802.96 2278.82 4956.65 1454.17 
1286.93 6230.03 3172.46 4518.07 8367.2 6833.6 1337.2 2403.33 5570.68 7473.59 6370.38 7627.79 3537.26 6187.54 1789.33 6453.17 4256.22 7418.71 6685.66 2351.28 1306.48 4603.32 5579.18 8771.92 3828.84 3687.09 2530.34 7318.59 5390.15 3613.34 9745.9 944.034 2191.73 2470 4405.14 
2457.03 7718.4 4148.89 5429.71 9439.36 8336.94 971.236 3447.03 7045.89 7622.89 7854.64 7648.5 4484.75 6086.08 2912.54 7433.77 4898.18 8310.04 8131.91 1690.12 1874.49 5258.69 7090.87 10026.9 5220.15 4536.01 1282.26 8641.21 6890.29 5125.17 11010.5 2414.04 2564.62 3964.61 5361.91 
6225.09 5094.09 3327.46 2619.26 2811.14 3154.93 6456.9 3874.6 2147.09 6221.01 5238.83 6803.07 3114.11 6495.54 6351.08 2029.51 3682.24 2938.32 5993.04 8321.54 6959.55 3550.23 4221.58 2779.95 2280.9 3287.26 7592.24 1413.22 2660.3 4151.59 3753.66 5077.37 5181.24 4769.42 2508.94 
1954.38 3475.7 3808.48 4870.32 7764.86 4574.33 4070.74 3278.44 3646.71 8803.39 3607.99 9133.29 4097.27 7963.28 1747.94 6288.15 5219.69 7362.57 3898.44 4337.06 2819.52 5465.02 2934.93 7587.81 2813.01 4409.85 5314.62 5996.84 3263.82 1091.24 8476.59 2190.21 4186.28 431.393 4678.98 
8527.72 9958.5 4670.39 3577.71 4293.37 8308 6996.83 5357.93 7138.52 1402.46 10118.4 2047.88 4345.34 2879.76 8914.76 3170.36 3324.15 2694.92 10833.2 9583.3 8840.96 3013.17 9023.27 6016.14 5966.99 4060.79 7408.02 5949.5 7559.72 8118.15 6712.41 7051.65 5451.25 8026.79 3779.22 
9030.64 11089.2 5406.68 4553.43 5741.3 9600.89 7151.18 5991.14 8362.26 444.072 11252.5 748.131 5134.83 2192.28 9461.67 4550 3995.16 4146.14 11943.3 9744.42 9213.84 3769.2 10148.3 7468.61 6990.77 4810.62 7307.56 7358.6 8746.21 9052.72 8158.39 7587.21 5734.54 8798.11 4759.35 
6512.55 9642.68 3556.88 3441.06 6583.17 8760.06 4365.89 3859.18 7350.12 2456.18 9808.94 2411 3448.96 890 6983.55 4693.15 2418.2 4955.29 10410.2 6927.41 6554.63 2474.77 8727.11 7977.47 5538.02 3121.23 4426.34 7277.49 7586 7231.36 8866.8 5169.81 3126.56 6678.02 3596.8 
1177.45 5303.86 5055.07 6340.13 9737.53 6774.49 3627.8 4327.7 5870.31 9768.55 5400.48 9970.05 5409.47 8573.09 771.038 8058.21 6355.91 9106.18 5450.6 2550 1394.31 6672.36 4985.28 9731.43 4775.46 5649.85 4543.57 8155.3 5491.02 3311.19 10644.9 2632.45 4557.42 2310.78 6180.66 
7152.2 6075.57 3889.02 2862.17 1754.82 3945.09 7120.6 4542.8 3140.72 5786.23 6213.92 6406.14 3604.72 6350.2 7312.74 1445.54 3867.04 2079.66 6972.53 9152.56 7847.71 3645.6 5230.54 2109.5 3251.86 3689.17 8174.42 1375.68 3671.8 5206.5 3087.09 5920.35 5721.06 5777.24 2824.62 
4359.97 3948.19 2421.24 2612.83 4693.84 3004.26 5010.59 2615.59 1561.15 6796.01 4112.09 7277.7 2427.2 6542.79 4450.28 3379.3 3470.4 4443.97 4803.13 6562.93 5136.56 3531.93 3007.07 4619.1 487.545 2741.92 6252.72 3076.17 1727.54 2313.55 5558.17 3358.41 4047.76 2846.23 2412.05 
7542.45 6937.05 3961.82 2736.51 1328.8 4855.18 7197.14 4687.4 3990.84 5012.8 7079.41 5647.45 3630.22 5752.43 7754.03 826.378 3608.39 1169.32 7835.75 9395.32 8176.37 3325.55 6070.79 2469.51 3783.56 3629.94 8153.31 2220.36 4509.23 5871.67 3358.39 6217.37 5703.23 6314.7 2765.86 
5745.44 7359.42 1821.65 804.301 4174.12 6120.52 4630.03 2551.96 4767.6 3394.85 7524.23 3860.69 1481.92 3267.19 6102.61 2122.19 722.011 2776.06 8199.54 7093.66 6152.87 392.046 6418.98 5332.4 3232.1 1223.32 5395.08 4514.38 5088.06 5302.95 6268.81 4271.17 3041.38 5158 1006.58 
6096.63 9295.34 3211.11 3213.99 6561.01 8484.76 3965.9 3473.69 7063.85 2799.46 9461.38 2801.66 3129.68 1305.87 6567.88 4613.82 2163.35 4964.89 10052.2 6537.58 6142.2 2272.2 8385.73 7888.81 5214.64 2811.28 4080.01 7114.52 7280.03 6856.13 8797.84 4756.82 2710.65 6279.51 3355.29 
6117.36 1461.85 7412.42 7970.23 9093.21 3820.99 8414.77 7167.13 4403.86 12163.2 1312.29 12623.4 7568.36 11740 5730.08 8511.01 8712.96 9484.98 573.847 8278.74 6890.59 8839.06 2384.81 8037.62 5544.23 7908.56 9653.79 6664.8 3907.17 3793.32 8582.42 6505.42 8358.97 4708.14 7765.59 
4067.85 4280.95 1955.33 2292.12 4831.6 3481.74 4557.25 2134.1 2040.02 6484.36 4446.68 6942.62 1988.82 6142.44 4204.15 3335.3 3073.27 4410.76 5110.97 6201.23 4809.83 3166.23 3344.01 4917.99 164.924 2314 5788.49 3419.2 2170.83 2365.46 5876.03 2969.85 3565.85 2688.44 2086.55 
2564.57 6418.26 1823.21 3136.65 7111.57 6449.38 1478.01 1117.32 5057.2 6035.64 6575.3 6228.23 2170.02 4860.33 3019.02 5124.55 2781.26 6040.13 7033.01 3690.54 2784.04 3131.93 5620.14 7713.74 3093.02 2264.91 2676.15 6371.54 5019.69 3765.24 8699.04 1206.15 884.138 2896.64 3051.18 
