180 45 11
777 335 649 27 763 426 211 429 862 135 22 167 11 373 784 324 413 980 862 281 84 505 313 895 814 364 87 178 403 399 676 12 94 570 467 902 652 280 865 619 31 771 709 856 586 
96500 30600 68300 21900 62400 52800 87100 73200 82900 50300 1900 
9 7 7 4 7 6 0 9 5 0 2 6 1 8 9 8 4 7 9 2 4 1 10 0 7 7 2 4 7 4 6 10 10 1 0 1 8 9 3 0 4 3 3 2 10 0 4 4 0 7 9 0 5 8 2 1 1 4 5 5 9 3 2 7 10 8 3 1 2 4 8 5 2 7 6 1 0 1 10 6 2 5 7 7 5 10 0 9 8 1 2 2 0 7 8 3 8 7 10 7 2 0 6 10 6 0 3 3 1 9 7 10 9 8 9 10 1 1 10 8 0 7 8 4 0 4 4 10 3 6 4 6 3 0 8 7 10 5 7 5 6 8 7 0 9 6 1 4 9 10 5 3 1 5 5 2 7 0 5 10 0 2 7 7 4 3 1 4 10 0 0 6 4 6 6 5 3 8 8 7 
17863.1 55356.5 21674.9 35003.6 72448.9 58274.2 19799 14100 45064.4 68622.6 56882.1 71022.6 25323.7 57941.1 21755.5 53727.2 34213 63690.9 61071.2 34949.7 22596 37425.3 47846.1 76169.4 26900.7 27400.2 32770.3 61662.3 43792.2 28671.4 85906.9 3100 18721.1 19185.9 33653.5 65391.9 22193.9 56231 27930.8 41561.6 7500 66054.7 11772 57650.8 37771.2 
73825.3 86334.3 34607.1 22788.2 36138.6 70446.9 61056.8 41893.7 58354.5 23197.6 87939.2 29312.8 31154.1 30855.1 77424.9 20300.2 22241 19483.3 95059.6 86389.2 77678.9 18745.1 76969.9 51760.4 46409.1 28627.6 67038 48492.6 62444.3 68025.4 59865.3 59066.4 45162.5 67595.6 24754.2 26613 34377 44290 29695.1 45697.5 58855.8 22898.3 54457 72062 25742 
43292.5 25978.6 35978.5 39590.4 55997.3 21747 56349.4 35864.5 10594.8 81461.7 27621 86233.8 36761.9 78427.2 42638.6 45934.3 47746 56261.7 34541.9 66984.6 51862.6 48614.8 16568 51185.2 15877.7 40073.9 69269.3 35240.5 7335.53 15388.3 59585.7 37505.5 49802.9 25531.4 37566.1 53509.3 42510.2 31871.3 47148.5 17729.1 30399 79917.3 24862.2 21027.8 34828.3 
63529 34889.1 46182.4 43421.9 42190 11967 73177.9 49187.4 10167.1 81864.8 36068 87571 45302.8 83408.6 63217.8 39936.2 53714.2 48166.4 43610.1 86833.2 71927.5 53158.8 27800 32718.5 28023.6 47930.2 85686.1 17907.8 14509.7 36032.5 40034.6 55805.7 63452.7 46106.9 41841.7 43051.2 53058.6 17492.9 56008.9 15715.6 49205.7 81040.5 42825.3 14148.1 36249.8 
53538.1 54863.1 20329.8 13507.4 34731.1 40442.8 52358.2 26516.6 27263.5 53288.6 56462.8 58575.5 17936.8 53448 55637.8 18189.3 24016.9 28945.6 63626.8 72726.5 60051.3 23201.9 45517.1 39525.8 16818.1 19588 63228.6 27316.3 31034.5 38709.3 49385.2 40567.1 38870.3 41630.8 12100.4 28572.7 26346.3 21560.4 27605.3 14893.3 36840.9 52093 30511 41680.7 6356.1 
76034.5 58483 46106.4 36824.6 18449.1 35155.1 78008.2 52128.4 30253.6 66091 59724.5 72368.3 43546 72200.1 77144.7 22897.4 47091.9 27461.4 67297 97090.7 83456 45014.8 50766.6 13951.7 36553.1 44726.4 89012.6 6511.53 35680.8 53800.1 23758.8 64648 64622.6 61001.1 36249.1 20911.7 51913.9 7343.7 52331 22865 59663.8 66012.9 52905.4 37615.2 29481.2 
69378.5 82415.1 30115.9 18330.8 36545.3 67244.7 57143.1 37443.3 54789.9 25962.5 84031.1 31723.8 26649.2 31009.7 72946.4 18706.7 18042.7 20342.1 91084.4 82292.7 73338.2 14483.8 73028.2 51167.4 42157.8 24159.9 63600.2 46546 58713.3 63664.9 59700.3 54629.7 41209.8 63097.1 20317.7 26873.2 30081.6 42011.9 25612.5 42180.8 54350.3 25200.2 49948.5 68760.8 21727.6 
36970.9 88147.7 44484.6 55800.8 96299.6 91969.6 14081.2 38776.9 78374.7 70265.9 89580.6 69541.4 47301.7 53506 41688.6 75720.9 48393.9 83366.2 92842.1 26892.4 31521.7 51868.4 81275.4 104256 59014 46881.7 1664.33 91499.7 77518.8 61708.1 114106 33493.4 26181.7 50595.1 55587.4 87543 39252.1 85770.2 40967.4 72898.9 40750.6 67214.4 45577.4 91447.1 61910.4 
54052 19400.3 72374.7 79603.6 95465.2 44716.1 78330.4 68885.1 47568.2 121329 18560.7 125517 74391 115540 49766.8 87444.3 85993.6 97640.2 12149.1 74405.4 61214.8 87656.7 26681.1 86488 55280 77782.9 90266.8 71885.8 42223.8 35136.6 92717.5 59968.3 79633.2 42129.4 77542.3 94343.5 77552.2 70396 83216.6 58777 53966.7 119470 53369.7 42020.1 75884.5 
53443.9 34754.6 35700.1 34687.9 43523.9 18944.7 62134.2 38262.4 5515.43 75111.7 36237.7 80455.5 35174.6 74836.2 53560.1 35816.9 44477.5 45507 43737.1 76377.6 61660.4 44393.8 25933.2 38429.8 16981.5 38029.6 74637.9 22461.1 10331.5 27862.7 47061.9 44958.8 52565.6 36610.4 32901.4 41880.8 42600.1 19044.4 45972.7 7158.91 38529.6 73967 32015.6 19907.8 28206.4 
3245 55394.6 36760 50014.5 86349.6 64535.4 22886.2 29201.5 53115.9 82814.7 56687.3 84755.5 40397.2 70797.5 8207.31 68301.2 49155 78469.4 59116.6 23831.5 8919.64 52437.9 49825.8 88447.1 38168.7 42500.5 33994.9 73221.4 50453.3 30466.5 97974 12003.7 30634.9 18539.7 48592.4 79770.9 37012.6 68135.5 42540 52649.9 15008.3 80134.1 21751.3 63333.1 52293.4 
33856.5 54023.4 7481.31 18932 55554.3 49412.2 31910 6596.97 35062.9 57422.7 55678.5 61008.2 10269.4 50575.1 36816.4 36828.5 21552.3 46950.6 61502.8 51640 39497.5 23927 45064.4 60245.7 15012 13384.3 43694.6 46583.4 35752.6 29861.3 70077.2 19859.5 20895.2 26643 17301.2 48443.5 12925.2 40923.8 18280 27838.5 17818 55257.7 13333 49525.9 20839.6 
63035.4 86040.3 26842.7 21170.3 51000 74661.2 46438.9 32382.7 60987 23300 87700.1 26708.8 24492 19160.4 67229.8 31844.9 12881.8 35022.8 94211.9 72332.9 65454.5 11628.4 76683.8 64687.1 44521.5 21119.2 50975.5 58000.1 63959.4 63903.8 73609.8 48466.1 31100.6 60590.5 23031.5 41329.5 23454.2 52864 17584.1 49100.1 50105.9 20977.4 47329.6 75753.9 28008 
77039.3 80378.2 38129.4 24675.9 22472.2 61633.2 68514.9 45842.3 51200.1 35513 81901.5 41923.7 34465.3 44529.5 79975.8 9948.87 29543.5 6003.33 89321.2 92630.5 82157 26045 71277.5 38301.2 43753.9 33078.4 76249.7 36821.3 55943.3 65728.1 46204.4 62702.5 52700 67712.7 26009.4 12924.8 40285.2 33455 37113.9 38801.3 60895 35780.6 55404.4 63570.8 23313.7 
85708.4 92417.3 46308.7 33401.3 29652.2 73694.1 74133.5 53867.7 63306.4 27464.2 93951.3 33936.6 42700.5 40572 89038 22073.7 35025.8 14493.1 101344 99283.1 90050.9 31444.1 83270.7 47166.6 54884 40596.7 80233.7 48122.6 68005.4 76887 53789.4 71051.3 58207.4 77941.8 35117.2 21693.3 46952.4 45200.1 42617.5 50858.7 70144.5 28619.6 65169.9 75661.6 33967.6 
17479.4 68000 33675.2 46942.2 86358.6 73586 8495.88 26223.1 60694.2 73458.8 69405.8 74532.2 37220 59610.8 22466 66725.5 43049.9 75992.4 72542.5 21315.3 14941.2 46616.8 61434.3 91348 42651.3 38249.8 19675.6 77176.3 59117.7 41782.4 101148 14354.4 20719.6 30400.7 46024.6 78636.6 31197 71659.3 35567.5 57264 21475.8 70593.2 27283.7 72797 51209.8 
74436.1 81220 35151.8 21911.2 27513.6 63687.8 64589.9 42822.4 52448.5 31432.6 82781.8 37732.7 31495.1 39546.4 77603.2 12209 25357.1 11094.1 90093.5 89116.4 79161.4 21783 71980.6 42942.1 43048.8 29732.5 71880 40260.3 56928.1 65042.3 51078.9 59901.3 48688.1 66138.1 23507.7 17901.1 36622.7 36407.1 33010.3 39839.9 58612.3 31438.4 53463.4 65481.1 22104.5 
65151.7 26432 54326.1 53379.6 52682.4 1118.03 78382.7 56128.8 14600.3 92815.4 27300.2 98412.4 53995.7 93541.2 63964.8 51229.1 63328.5 59451.5 34513.8 89031.1 73820.4 63122.9 21615.7 41117.6 34637 56898.7 91217.7 28001.6 15041.6 35686.7 46901.7 59808 70431 47125 51656.3 54180.5 61211.9 28560.1 64800.3 25366.5 52739.4 91888.2 47023.9 3801.32 46555 
44349.7 61937.1 5220.15 8276.47 47880.3 53093.6 37372.9 12912 38788.3 46940.1 63600.8 50950.2 1702.94 42052.3 47630.3 27877.2 11510.9 37254.3 69971.7 60047.1 49206.2 13182.6 52646 55404.9 20515.4 3807.89 47388.8 43715.6 40906.8 39715.2 65228.3 29818.1 22832.7 37700 7158.91 39815.2 9984.99 37956.3 11801.7 28500.2 28825.7 44953.9 24444.4 53749.9 12941.8 
41713.8 39525.8 23161.4 26046.1 48514.9 31300.6 48341 24671 16918.9 67966.2 41176.7 72662.6 23478.5 64924.7 42664.4 34839.1 34209.4 45538.8 47945.2 63719.1 49460.4 35014.3 30128.1 48055.4 3178.05 26708.1 60814.8 32660.2 18094.5 21931.7 57466.9 31690.1 38996.5 26744.2 24008.5 44116.3 29955.3 27680 34108.4 12088 25770.1 66369.9 19024.5 31533.6 21836 
45735.4 13396.3 61307.4 68507.3 85821 37402.1 68880.2 57995.9 37847.1 110212 13537 114401 63286.1 104519 41926.8 76827.4 74885.3 87153 12007.1 67628.7 53541.2 76537.1 17510.3 78018.5 44209.2 66680.5 81174.2 62881.5 32419.7 24129 84899.9 50000.9 69146.2 32012.8 66446.4 84164.7 66578.8 60882.3 72200.1 48415 43660.6 108350 42581.9 34804.9 64903.8 
32284.5 79397.4 32400.6 43832.1 84349.6 81160.8 6511.53 26877.7 67281.5 62102 80907.2 62294.5 35220.6 46698.7 37310.9 63826.4 36890.8 71750.5 84841.6 31085 29580.1 40435.8 71917 92170.3 47598.8 34876.5 10520.9 79507.5 66814.4 52714.8 102020 24535.9 14145 42470 43558.7 75697.4 27228.1 73766.7 29321.2 61176.5 31468.2 59110.2 35323.9 80811 49838.3 
53489.9 12401.6 68013.7 74433.9 88752.1 37710.7 76667.2 65107.7 40987.1 116316 11562.4 120706 69792.3 111309 49600.4 81324.1 81339.6 91386.9 5879.63 75116.6 61205.2 82804.6 20096 79526.7 50060.9 73197.6 88981.2 65020.2 35711.3 31197 85713.1 57713.5 76618.7 39720 72374.7 87878.1 73527.2 63669.2 79040.3 52508.4 51271.1 114560 49865.8 35014.3 70320.4 
15469.3 59311.1 25854.4 39315.4 77576.5 63530.5 15216.1 18141.7 50510.7 70525 60787 72459.1 29517.8 58627.6 20096 58514.4 37310.9 68257.5 64523.2 29618.4 18298.9 40701.1 52218.8 81685.4 32522 31197.8 28108.7 67256.6 49048.6 32718.5 91441.4 4418.14 18507.6 22119.9 38121.5 70288.3 25109.8 61805.2 30438.1 47183.3 11684.2 67835.5 17109.4 62816 42664.9 
44363.9 79223.3 20301 27023.7 66544 74468 24624.6 20038.5 60033.4 42723.4 80861.6 43916.5 21273.5 29665.1 49059.7 45889 17839.3 52616.5 86268.1 50616.7 45178.4 21083.6 70476.2 76696.3 40277.3 19233.3 29529.6 66062.2 61225.9 53732.7 86365.6 31020.3 10519 46878.7 27485.5 57373.6 13401.5 60336.6 11406.1 50808.7 35095.6 39850.3 35075.5 74797.4 34258.6 
42100.1 15834.5 45087.1 50494.6 67102.9 24070.9 60010.1 43379.7 19525.6 92421 17486.6 96960.4 46476 88256.2 40104.5 57702.2 57868.3 68005.3 23613.6 66018.6 50802.5 59105.5 7410.8 60698.1 26172.5 49870.4 72942.9 45044.1 14190.5 12442.7 68397.7 40424.3 56341.5 24328.8 48441 65086.5 51118.9 42430.2 56289.6 29300.2 33202.4 90741.9 29526.4 22133.5 46261.1 
43360.1 43424.5 20441.4 22138.2 45707.3 33781.8 47758.2 23049.5 19362.1 64026 45069.9 68783.7 20300.2 61358 44716.6 31154.1 30634.9 41891.8 51901.8 64612.8 50756.8 31261.8 34016.5 46524.2 4079.22 23403 59936.1 31617.2 21317.8 25636.3 56123.9 32255.2 37290.3 29445 20115.9 40814.8 27330.9 26300.6 31066.4 11628.4 26958.5 62465.4 20194.3 34265.6 17819.4 
57969 3962.32 63957.8 68107.6 77345 24758.8 78359.7 62558.5 30841.5 109887 2968.16 114756 65086.2 106864 54934.3 72085.6 76248.1 81621.6 8702.3 81163.8 66371.8 77177 12211.9 66906.9 44324.4 68445.1 91171.1 53048.7 26145.7 30468.5 72633.3 58788.2 75497.3 41509.8 66095.7 77416.4 70157.3 52386 75183 43265.3 51715.1 108411 48585 22065.8 62955.4 
45709.6 86999.4 30808.4 38382.4 77650 84400.2 21386 28709.1 70010.3 47676.6 88600.7 47360.8 32267.2 31554.6 50700.1 57040.4 28960.8 63288 93457.9 46245 44319.1 32009.5 78655.3 88053.9 50000.9 30477.7 21162.5 77319.6 70724.8 60721.1 97715.1 34728.2 15057.2 52235.8 38833 68365.6 24026 71579.1 22763.3 61486 40389.7 44637.4 42058.3 84537 45601.1 
42218.1 77286.5 18959.4 26683.5 66614.8 72974.7 23036.1 18122.1 58545.2 44617.9 78920.8 45952.7 20252.7 31829.1 46895.6 45943.6 18081.2 53037.4 84263.7 48974.5 43172.7 21480.5 68591.9 76307.9 38687.1 18501.1 28768.9 65320.9 59599.5 51684.1 86025.2 28821 8415.46 44711.1 26983.3 57560.1 12093.4 59574.9 11080.2 49601.7 32914 41773.2 32997 73246.2 33721.8 
68314.3 45863.5 44210.9 38325.6 31067.2 22748.2 74159.8 48791.1 18332.5 73669.7 47089.4 79646.5 42495.3 77123.6 68755.4 30625 48949.5 37859.3 54656.1 90656.5 76284.3 47715.1 38330.8 23018.5 29680.5 44538.2 86065.4 7211.1 23654.2 43387.2 31516.3 58564.2 62508.2 51964.8 37121.4 32281.6 50784.3 6717.89 52628.2 14980.3 52693.2 73141.6 45962.8 25117.7 30704.1 
24593.7 29508.3 41060 50750.1 77200.1 41876 45930.8 36419.4 33823.7 91001.2 30809.9 94560.9 43683.5 83378.7 22064 63570.8 55137.4 74322.6 33701.8 48221.2 33150.9 57366.3 24490.2 74218.7 28581.3 46932 58423 58249.5 29511.4 7947.96 82820.5 26914.1 46409.1 8931.97 48769.3 73130.2 45378.5 54376.9 51250.9 38980.1 20718.3 88847.4 20806.2 40143 49117.2 
14560.2 57392.8 25761.4 39184.2 76966.1 61832.4 17129.2 18073.7 48926.2 71375.1 58867 73454.3 29427.9 59823.9 18977.1 58132.6 37704.1 68008.4 62601.8 30402.1 18298.9 41031.2 50328.7 80689.5 31228.5 31292.2 30002.7 66115.4 47357 30810.4 90416.6 2596.15 19821.5 20203.2 37908.4 69840.2 25532.7 60711.9 31028.1 45926 9847.84 68722.4 15519.3 61081.7 42209.6 
46598.8 68430 8376.16 10080.2 50425.1 59776.2 35611.8 14767.9 45500.3 41607 70094.3 45181.1 6296.82 35503.9 50355.7 29830.4 5769.75 37968 76345.1 59864.5 50421.6 8697.7 59184.9 59673.5 27146.5 2954.66 44248.5 49024.5 47639.1 45491.2 69390.8 31823.4 19973 42276.5 10378.8 41682.9 7368.17 43324 5724.51 34969.3 32287.6 39415 28963.8 60464.4 17149.3 
51116.5 21533.5 43879.9 45866.1 55903.1 13297 65131 44363 8005.62 87259 23015.2 92347.2 44282.1 85510.2 49991.7 49008 54795.1 58724.1 30518.8 74998.7 59785 55285.6 12912 48329.1 23576.3 47485.8 78058.6 32900.6 3041.38 21790.4 55848.8 46186.6 58430.9 33097 43921 54931.3 50578.5 30875.9 54906.5 20140 39022.6 85925.1 33636.4 12301.6 40183.7 
31877.9 26169.6 36368.8 43934.5 67162.6 32607.5 48903.7 33528.8 23375.4 85382.3 27750.3 89472.3 38327.5 79634.3 30548.5 54626 49931.6 65310.5 32783.2 55842.4 40590.8 51651.9 18500.3 63690.8 20116.2 41719.5 61832.4 47720.5 19350.7 2600 72273.2 29313.8 45821.5 13823.5 41884.7 63583.7 41830.6 43939.3 47344.1 28736.7 22100.2 83464.1 18821.5 31197 41112.7 
57134.9 77190 19011.8 12336.9 46513 65881.8 43674.4 25490.8 52118 31166.2 78848 35215.1 16198.8 27829.8 61012.9 26212.2 5099.02 31824.8 85417.2 68934.8 60500 2720.29 67820.5 58576.4 35686.7 12976.9 50353.2 50492.1 55044.1 55504.2 67877 42371 27748.3 52951 14143.9 37060.1 17241.8 45140 12248.3 40352.4 43070.4 29167.3 39623.4 66924.8 19481.5 
26706 49973 14601.4 26500 61806.6 48961.2 29340.1 9621.33 35136.9 64461 51594.7 67767.6 17748.5 56498.9 29390.1 43798.7 28666.5 54124.8 56846.5 46040.9 32973 31271.2 41498.6 65005.6 16001.6 20686.5 41973.4 50497.1 34655.4 24337.8 74732.9 13618 22163.9 19387.1 24820.2 55180.6 18462.1 45052.1 24328.8 30520.3 10307.8 62190.8 6140.03 48659 27809.7 
19598 45795.7 22999.3 34878.6 68689.6 49065.8 29433.5 17114.3 36355.6 72652.9 47342.6 75760.8 26208.4 63903.8 21553.9 51505.7 36978.9 62000.8 51798.3 41227.3 26960.9 39677.2 38157.8 70336.3 20064.4 29099.8 42408.5 55160.9 34598.4 19160.4 79874.5 10183.3 26833.7 11421.5 33145.3 62595.3 26184 50033 32145 34622.5 3264.97 70315.4 3667.42 48303.7 35643.9 
63607 82880.3 25607 17360 45394.4 70303.6 49049.4 32074.4 56919.6 24852 84530.8 29308.2 22699.1 24174.6 67545.7 26196.4 11676 29567.7 91241.5 74645 66739.6 9005 73480.4 59040.7 41517.3 19545.1 54697.8 52630.8 60192.4 61820.5 67948.8 48862.8 33274.6 59533 19365.9 35732.6 23660.3 47594.6 18304.4 44748.7 49679.5 23053.4 46205 71519.6 23505.3 
86226 78207.7 49789.7 36967 5308.48 55857.4 81884.1 57217.7 48994.8 51402.4 79552.7 57904.2 46343.5 61799.2 88380.1 16880.8 44558.7 11472.6 87148.3 104424 92465.8 41373.4 69897.8 22856.9 48612.1 45965.6 90894.4 27392.9 54340.1 69214.2 29500.7 72848.5 66595.6 73952.2 37558.6 5020.96 53600.4 26698.7 51656.8 38552.3 69548.4 52117.7 63253.9 58234.4 32292.6 
87726.2 81992.3 50371.8 37191 9289.24 60024.3 82047.8 57947 52646 47800.6 83366.5 54300.4 46824 59043.5 90096.1 17381.9 43906.8 9220.09 90956.3 105190 93666.7 40562.2 73536.7 27164.9 50931.8 46118.7 90556.3 31759.1 57935.1 71980.9 33286.6 74029.3 66511.4 76144.7 38015.8 6100.82 53668 30750.8 51246.6 41759.4 71123.1 48683.7 64998.6 62361 33331.4 
72339.8 41430.9 52529.8 47830.2 38220.5 16324.8 80992.5 56329.8 19102.4 83637.3 42406.2 89631.5 51182.5 87002.8 72116.8 40472.8 58406.9 47124.6 49727.8 95505.5 80681.6 57361.4 35399 25843.6 35783.4 53483.5 93294 13744.1 23312.2 44958.8 32070.2 64153 70411.5 55014.2 46500.1 41027.8 59286.8 16289 61612.7 21982.9 57721.8 83129.3 51219.1 19007.4 40284 
81942.1 84917.2 42891.1 29477.1 22232.4 65553.4 72790.2 50598 55612.7 34502.3 86422.3 41000.5 39223.7 45435.7 84930.1 14453.4 33587.2 6135.14 93880.1 97181.7 86941.6 30017.7 75884.6 39259.4 48751.6 37678.9 80104.1 39702 60462.3 70709.1 46413 67544.4 56902.5 72747.3 30887.7 13551.8 44726.1 36857 41234 43355.5 65859.5 35196.2 60414 67579.4 28348.7 
25205 78892.3 46513 59452.6 99406.5 86504.7 15068.5 39340.2 73959.6 81403.9 80190.1 81527.5 49926.8 65804.6 29247.9 79456 54311.8 88324.7 82503.9 12143.3 17947.7 57917.3 73097.8 104887 56240.3 50547.5 15781.3 90793.9 72101.2 53528.4 114701 27628.4 30991.9 41696.5 58721.2 91408.8 43118.1 85265.8 46650.3 70875.5 34436.2 78412.5 40612.3 85569.4 64244.8 
55005.8 10259.1 67883.2 73835.5 86964 35406.9 77722.9 65280.5 39407.7 115760 9208.69 120260 69530.1 111180 51261 80077 81024.7 90025.4 3114.48 76978.8 62876.5 82377.2 18653.1 77374.2 49497.7 72935.3 90157.4 63051.5 34223.5 31484 83400.1 58587.5 77117.6 40624.7 71781.4 86338.5 73556.8 61885.2 78982.1 51189.5 51987.9 114064 50226 32705.5 69482.2 
72136.6 95830.1 36820.9 30517.7 54527.9 83573.3 53707.5 42124.7 70194.2 13792.8 97486.7 16710.8 34489 12466.4 76482.9 37400.1 22879 37872.5 104073 79703.1 73975.7 21369.4 86451.7 69804.1 54339.4 31119.3 56391.6 64958 73406.4 73903.2 78146.1 57760.3 39209.4 70469.3 32478 44972 33100.6 60170.8 27146.5 58025.9 59802.1 11189.3 57245.1 84800.9 36779.3 
52759.5 20363 71915.6 79400.3 96002.6 45679.9 77209.4 68264.3 48046.3 121046 19630.6 125164 74002.4 115010 48416.2 87626.9 85611.4 97885.3 13556.5 72900 59822.8 87337.5 27220.9 87301.1 55126.2 77386.6 89064.7 72572.8 42669.1 34650.8 93658.2 58992.4 78805.4 41231.2 77340.1 94710.3 76989.6 70955.9 82691.8 59059.6 53100.8 119152 52703.4 42991.3 75832.2 
39677.3 14340.2 50280.2 57210.6 75855.5 31295 60591.3 47385.8 28314.3 98945.2 15638.7 103187 52139.1 93563.7 36761.4 65872.7 63719.1 76308.1 19258.5 63015.7 48121.5 65302.8 11128.8 69410.2 32909.7 55540.7 73271.3 53813.9 22949.1 13551.8 76960.4 41170.5 59223.1 23469.1 55149.4 73636.9 55765.3 51228.2 61282.4 37844 34343.1 97107.8 32296.7 29022.7 53644.8 
81420.5 100639 44274.7 35305.8 50129.4 86007 64125.3 50444.8 73463.5 7261.54 102273 13453.6 41416.2 19965 85576.7 36196.4 30207.6 33602.4 109181 90122.2 83792.9 27721.8 91230 66763 59679.5 38242.6 67129.3 64396 77248 80424 74282.5 66814.7 49231.8 78217.7 37366.4 41100.5 41681.9 60232.2 35907.1 60893.5 68151 7302.74 64890.8 87518.7 40101.5 
80628.3 83921.5 41576.9 28161.9 22539.1 64771.6 71522 49284.2 54660 34342.1 85433.8 40827.6 37909.5 44810.8 83621.2 13430.2 32341.5 6040.7 92877.4 95883.3 85627.2 28779.3 74861.5 39304.1 47537 36373.2 78897.7 39220.9 59471.3 69507.2 46661.8 66229.1 55642.1 71473.8 29573.6 13562.4 43435.6 36220 39981.1 42347.3 64552.4 34924.2 59119 66769 27078 
35588.3 83216.9 35281.7 46178.5 86638.6 84831.1 9709.79 30161.7 70892.9 61788.2 84725.7 61583.2 37920 45752.5 40593.8 66030.7 38629.1 73603.3 88638.4 32209.3 32296.4 42103.8 75733.8 94967.8 51125.8 37313.4 8102.47 82582.6 70512.7 56535 104802 28338.8 16763.1 46251.7 46040.4 77826.1 29731 76827.4 31219.4 64529.1 35288.1 58762.1 39110.4 84513.8 52460.5 
16667.6 39947.2 47060.8 58661.5 88940 55160.9 42059.5 40796.7 47163.1 96473.9 40954.2 99294.8 50259.4 86593.8 12218.8 73801.7 60982.4 84515.1 41876.6 37680.8 23725.5 63735.8 36778.4 87095.9 39304.1 53162.9 53253.8 71158.7 42944.1 21214.4 95889.3 26284 47154.6 14103.2 56835.6 84107.2 49775.6 67009 55728 51349.1 23076.6 94050.3 26803.4 53327.9 58473.4 
14402.8 47145.4 27051.2 39473 73880.6 52727.3 27373.2 20408.3 40576.5 76052.9 48618.1 78850.4 30447.3 66342.9 16475.7 56553.3 40730.3 66991.5 52422.3 36500 21945.6 43626.1 40190.8 75443.2 25157.5 33131.3 40204.5 60180.5 38371 20601 84946.2 7885.43 27723.8 10176.9 37816 67721.3 29339.4 55113.2 35285.4 39608.1 2745.91 73611.5 8863.97 51773.1 40634.1 
3501.43 50581.1 39629.4 52500.9 87153.2 61520.2 28864.7 32388.3 50984.8 87145 51802.1 89371.4 43172.4 75785.2 3214.03 69920.1 52716 80329.3 53818.2 27089.7 11921.8 55846.4 45623.2 88027.8 37928.9 45586.2 39924.2 72485.9 47823.5 26828.7 97371.7 15621.8 35702.2 15200.3 50925.1 81091.9 40770.8 67649.1 46512.4 51931.7 15952.4 84540 22116.3 60123.3 53981.2 
71485.7 84091 32224.8 20354.1 36018.5 68520.7 59082.3 39550.6 56260.1 24829.4 85700.7 30774.8 28754.3 31126.4 75055.8 19078 20073.1 19556.3 92793.6 84300.7 75422.7 16533.9 74716.3 51125.8 44032.4 26268.8 65353.6 47161 60278 65615 59464.3 56735.3 43160.2 65162.1 22323.1 26388.3 32149.8 42790.8 27605.3 43619.4 56454.7 24287 52028.6 70090.4 23444 
66511.4 101473 40800.1 41282 73518 93941.7 43193.6 42689.8 79697.2 29215.9 103129 27145.9 40231.3 11197.3 71388.6 54573.6 30788.3 57211.4 108866 67935.3 65919.4 31800 92467.2 87409.8 60992.6 37117.1 41539.4 80125 81752.4 76608.6 96338.2 53971.3 33104.2 70112.8 42707 63842.4 34525.4 74781.9 29623.3 68852.3 58327.5 26226.9 58112.4 94661.8 48829.6 
30179.8 60890.5 10469.5 23846.6 63236.7 58588.8 22605.5 3280.24 44367.7 56423.5 62513.5 59074.5 14057.7 46708 34127 43513.9 21867.3 52902.9 67734.2 44369.5 34001.9 25144.8 52362.2 69252.7 24364.7 15502.9 34054.4 56024.7 44601 35124.1 79109.4 15420.8 11600.4 28648.4 22835.3 55423.9 9823.44 50318.2 15637.1 37531.1 17253.4 53918.9 16451.4 58534.2 28068 
19145 61919 23678.3 37094.6 76094.5 64850.1 13103.4 16063.9 51463.6 67007.5 63427.5 68832 27297.1 54894.2 23840.3 56649.9 34328.6 66144.5 67425.9 31184.9 21203.8 37789.5 54523.5 80997.3 32739.1 28670 26064 66934.1 50379.6 35239.3 90805.8 7186.79 14749.2 25173 36043.6 68516.9 22157.8 61381.5 27241.3 47212.8 13991.8 64289.3 18396.7 64280 40989.8 
63403.9 80142.4 24575.2 14645.5 41782.4 66876.8 50354.9 31552 53679.2 27303.5 81784.7 32212.6 21350.6 28020.9 67148.8 22339.4 11515.6 26252.8 88608.6 75622.9 67019.1 8122.19 70732 55177.6 39015.5 18481.6 56772.3 48745.3 57125.3 59824.8 64136.3 48627.7 34436.3 58234.4 16702.7 32150.3 23703.4 43742.5 18926.4 41369.7 48871 25803.1 44944.4 68160.1 20144.5 
27181.1 32409.9 31274.6 40070.6 66822.5 37375.1 42726.3 27762.7 26451.8 80888.3 33979.6 84722.2 33565 74317.8 26624.8 52666.2 45150.5 63421.5 38801.2 50957.4 35784.4 47139 24713 65036.4 17681.9 36904.3 55675.6 49163.6 23343.1 6158.73 74014.2 23170 39667.9 9526.8 38062.3 62400.3 36327 44838.5 41996.3 29125.4 15920.1 78848 12664.9 36235.3 38187.4 
56103.6 3000 63841.2 68551.1 79215.2 27131.2 77065.8 62094.8 32188.5 110426 1345.36 115184 65126.1 106927 52913.9 73305.7 76410.5 83004.2 6428.84 79094 64416.8 77470.6 12398.8 69187.6 44520.2 68506.4 89807.4 55080.5 27263.5 29358.6 75103.3 57552.2 74765.9 40032 66521.7 78996.2 69903.1 54183.9 75053.9 44406 50569.3 108880 47776.6 24429.5 63649.7 
33677.4 26315 35260.5 42209.6 64640.9 30709.3 49597 32931 20940.4 83843.9 27938 88055.5 37023.9 78562.1 32605.5 52340.1 48593.1 62998.2 33428.3 57592.5 42360.8 50175.8 18060.2 61127.8 18117.7 40427.8 62562 45157.7 17112 5154.61 69731.6 30092.7 45677.3 15647.4 40152 61157.2 40971.8 41368.7 46352.7 26192.6 22826.5 81985.6 18840.4 29435.4 39090.2 
77925.1 101705 42900.5 36246.4 57030.7 88910.1 58772.5 48163.3 75724.8 8309.63 103359 10640.5 40545.3 11604.3 82328.4 41280 28938.6 40333.9 109999 84709.2 79517.9 27312.3 92314.8 73046.3 60253.6 37182.8 60585.1 69255.8 79074.5 79962 81001.5 63639.8 44709.8 76535.5 38240.4 47695.4 39123.4 64687.1 33160.5 63425.5 65818.7 5393.51 63319.9 90215.8 42203 
27709.4 28666.7 50711.7 60624.5 86159.4 46499.9 51966.5 45684.7 40923.8 100689 29557.6 104125 53434.2 92570.9 23700.2 73206.9 64818.9 83944.3 30168.4 49388.3 35303.5 67128 26800.2 82049.8 38262.4 56646 63806.3 66123.8 36027.2 16614.8 90259.4 34184.9 54605.9 17258.6 58646.4 82497.2 54723.4 62671 60648.6 47700.8 28983.6 98489.1 30224.8 44381.3 58941.5 
61823.1 71946.2 22588.7 9300.54 34047.6 57223.9 52970.7 30285.3 44465.8 36083.9 73562.1 41532.6 18923.5 38209.9 65000.1 13515.2 14713.9 20615.5 80620.8 76943.7 66635.2 11625 62560.1 45853 31902.4 17392.5 61237.4 38606.3 48288.8 53634.5 55116.3 47309.2 37270 53885.5 10965.9 24824.4 24648.3 33552.9 21927.2 31924 46035.2 35015.6 41026.5 58636.9 11261 
39590.4 84977.9 33476.7 43292.5 83481.9 84977.9 13970.3 29383.3 70809.7 56456.4 86526.8 56147.1 35723.9 40289.2 44623 62814 34979.4 69896.1 90811.6 37666.6 37040.7 38334.3 77137.9 92639.7 50815.9 34671.6 12587.3 80860.7 70849.5 58333.2 102426 30700.2 15152.9 48681.5 43372 74464 27338.6 75091 27883 63581.4 37240 53421.4 40252.3 84834.3 49978.5 
12520.8 64820.5 48911.8 62349.1 99597.8 76719 26475.6 41206.9 65989.7 92064.4 65929.4 93282.6 52579.2 78393.2 13946.3 81185 60243.9 91154.6 67134 12433.8 4876.47 63696.2 60495 101898 51616.8 54320.3 33359.4 86641.3 62973 42000.6 111416 24508.2 39160.2 30387.2 61073.7 92795.8 48065.1 81580.5 53103.4 66060 28452.2 89232.8 35203.7 75316 65206.3 
53498.6 18013.6 48268.5 50320 58818 11402.2 68702.6 48547.7 11682.9 91645.7 19383 96767.8 48724.7 89982.2 52007.4 52943.2 59266.3 62460.5 26970.4 77462.3 62211.3 59753.7 10407.7 50104.9 27968.6 51939.4 81662.4 35151.8 7433.03 23715.4 57091.9 49529.8 62521.8 35443.1 48380.3 58376.8 54934.3 33736 59325.5 24224.4 42298.5 90336.8 37237.2 9640.02 44563.8 
60867.9 85104.9 25326.9 20873.4 52595.1 74410.8 43985.1 30518.8 60577.3 25224 86767.4 28248.2 23214.2 19313.2 65115.4 33079.6 11700.4 36834.8 93179 69893.7 63147.8 11132.8 75781 65867.3 43602.3 19811.6 48522.4 58645.1 63370.4 62535.3 74914.7 46359 28702.8 58864.7 22624.1 42947.1 21511.4 53400.4 15575.6 48899.3 48210.4 22766 45657.1 75422.1 28025.2 
34121.1 87929.2 53213.9 65645.8 106011 95374 20771.1 46458.3 82645.3 83493.8 89218 82915.4 56441.6 66900 37958.1 85733.6 59440.1 94101.3 91434.2 16120.8 26438.2 63013.4 82157 112397 64514.3 56649.9 14800.3 98673.2 80939 62579.3 122243 36270.8 36221.5 50756.1 65120.2 97677.1 49036.8 93070.1 51805.9 79039.5 43239.4 80450.4 49239.2 94487.4 70996.5 
70117.1 86272.7 31456 21145.4 41331 71894.6 56035 38344.4 59148.6 21390.2 87903.6 26877.7 28245.5 25895.4 73930.4 23913.4 18080.1 24856.6 94839.5 81610 73503.3 14885.2 76865.1 56288.3 45462.2 25356.9 61532.5 51720 62875.8 66536.1 64719.1 55344.5 40249.2 65123.4 23203.4 31695.1 30259.7 47125.9 25128.7 46625.9 55739.1 20349.4 51837.6 73332.8 25723.5 
70793.9 66834.2 34886.2 22796.9 18027.8 47165.3 67264.6 42124.6 37403.9 48811.2 68305.9 55011.3 31594 54836.5 72983.6 5412.95 31866.3 13423.9 75819 89205.9 77063.7 29205.8 57960 28020.3 33609.5 31678.7 76934.4 22806.4 42406.2 54840.3 37304.8 57461.6 52404.7 58821.5 22999.3 11253.9 39321.5 18978.9 38241.3 25500.2 54120.2 48607.9 47857.8 49166.4 17142.1 
70185.2 46697.4 46024.5 39884.8 30556.5 23035.8 76066.4 50671.7 19749.7 74617.5 47880.7 80648 44257.9 78433.3 70589.9 31395.5 50514.6 38193.5 55420 92563.5 78174 49200 39392.6 21537.9 31599.1 46250.2 87952.9 6100 24993 45049.8 29823.6 60482.2 64354.4 53766.3 38728.4 32348.9 52568.1 7206.94 54324.4 16900.9 54597.6 74156.9 47871.2 25500 32244.8 
25228.6 78613 55259.8 68569.7 107724 89473.9 25855.9 47717.7 78001.6 92755.2 79745.8 93007.2 58829.2 77330.1 27637.1 88291.6 64418.6 97624.3 81008.8 1513.27 16510.9 68010.9 74007.2 111790 61962.1 59878.5 26847.7 97053.2 75418.1 55101.4 121494 33225.6 41413.2 43250.1 67623.7 100176 52749.2 91730.6 56830.4 76658.7 38916.6 89780.5 45611.1 88222 72652.9 
11706.8 53653.7 27708.8 40916.1 77512.6 59300.1 20961.4 20229.9 46854 74722.2 55098.9 77009.2 31331.3 63652.9 15576.9 59245.7 40410 69375.3 58629.8 30856.1 17266.2 43611.1 46871 80281.3 30230 33521.5 33653.7 65352.1 44889.4 27241.3 89916.1 3195.31 23853.3 16209.9 39484.9 70772 28385.4 60096 34093 44913.8 7294.52 72126.8 13870.8 58404.5 43241.2 
39464.5 15023.3 52940 60346.4 79566.1 34438.4 61466.4 49654.1 32005.6 101956 16035.3 106089 54947.7 96145.6 36164.3 69442.4 66552.3 79911.3 18146.3 62333.9 47693.4 68249.3 13978.9 73050.5 36147.1 58338.4 73979 57489.1 26627.1 15761 80525.5 42283 61007.9 24329.8 58287.9 77306.8 58210.4 54936.4 63826.4 41521.7 35712.3 100064 34300.1 32076.5 56995.6 
88377.9 65331.9 58921.6 49104.1 18918 40343.5 90894.4 65014.5 39576.3 74080.6 66359.7 80531.5 56274.8 82261.4 89244 32781.9 59077 33787.1 73727.7 109791 95974.7 56720.8 58716.7 1824.83 48958.5 57298.6 101841 14373.6 44782.6 64670.3 10912.4 77361 77401 72763.3 48700.3 26288 64602.6 18999.2 64720.7 34705.2 72178.2 74436.1 65401.1 43024.9 41986.9 
51229.9 20238.8 70640.3 78264.3 95393.5 45494.3 75696.3 66912.8 47410.2 119858 19622.9 123938 72763.3 113695 46887.6 86743 84373.6 97044.7 13994.3 71400.6 58297.9 86133.5 26672.1 86941.9 54028.5 76142.6 87540.3 72101.7 42011.5 33378.1 93423.4 57512.8 77370.1 39778 76205.3 93963 75663.1 70373.9 81382.3 58260.3 51655.8 117945 51335.5 42816.5 74791 
39800.1 37082.6 24667.8 28640 51266.5 30619.3 47975.2 25300 16519.7 70569.4 38741.3 75164.7 25358.4 67043.6 40485.1 37844 36393 48538.7 45371.9 62244.8 47751.4 37389.4 27725.3 50194.1 4477.72 28671.4 60627.8 34590.5 16786.3 18939.1 59478.6 30593 39545.7 24229.7 26587.6 47042.5 31311.5 29829.7 35791.2 14054.5 24290.9 68914.1 17681.6 30600 24733 
24191.9 34558.4 52104.7 62901.9 90528.1 52460.5 49508.2 46396.2 46294.9 101948 35374.7 105057 55084 92836.7 19654 76677.6 66188 87433.9 35410.9 44438 31009.7 68732.9 32880.5 87184 41715.3 58158.8 60780 71221.5 41563.7 21045.9 95580.4 33061.9 53888.2 18174.7 60986.1 86408.3 55459.6 67531.4 61427.1 52255.6 28940.1 99624.9 31499.2 50381.7 61896.7 
62958.6 79503.3 24060.1 14012.1 41532.6 66254.1 50124.3 31085 53045 27941.5 81145.4 32851.8 20808.2 28558 66680.2 21964.1 11154.4 26119.7 87971.4 75332.9 66633.1 7700.65 70092.8 54789.2 38383.9 17973.9 56671.9 48230 56486.2 59215.7 63783.8 48183.4 34194.9 57677.1 16070.2 31916.9 23317.4 43204.6 18634.4 40742.4 48362.8 26443.3 44393.8 67532.6 19513.3 
70754.3 92609.4 34344.7 27122.1 50852 79901.2 53484.2 40097.5 66632.1 15641.6 94261.8 19602.3 31780 16226.2 74970 33502.4 20246.7 34248.6 100933 79464.5 73030 18325.1 83214.5 65962.8 51190.7 28469.1 57060.1 61050.1 69951.4 71155.1 74368.3 56207.2 38474.9 68206.9 29120.4 41258.5 31197 56277.6 25333.2 54381.3 57825 13509.3 54915.4 81169.6 33140 
95342.9 78303.6 61664 49804.6 10139 53807.5 94115.3 68642 50900.4 66259.9 79434.6 72758.5 58489.8 77060.2 96859.3 30387.2 58460.4 26732.8 86918.8 115222 102306 55504.4 71071 12624.6 56158.7 58690.5 103948 25612.7 56301.4 74496.8 15305.2 82980.7 79409.6 81185 49994.9 19815.4 66327.2 28139.7 65146.3 43353.7 78714.7 67131.6 72078.1 56441.6 43885.4 
60281.8 26913.6 48334.3 47682.8 50164.2 5922.84 72641.6 50151.9 8602.33 87609.7 28070.8 93101.1 48042.6 87845.1 59387.7 46739.8 57512.9 55491.7 35604.6 84037.4 68889.6 57406 20220 40415 28650.5 50974.2 85434.7 25904.4 9765.24 31331.3 47235.6 54269.8 64461.5 42371 45919.1 50700.1 55217.5 25312.6 58846.7 19773 47284.8 86588.8 41397.8 7072.48 41020.2 
48949.5 12277.6 63972.8 70817.9 86828.9 37194.1 72082.2 60852 38856.7 112618 12035.4 116898 65859.3 107235 45113.4 78506.4 77439.8 88724.6 9100 70749.4 56725.5 79006.9 18087.8 78414.3 46461.7 69260.5 84392.2 63523.2 33471.2 26936.4 85012 53158 72180.3 35165 68756.4 85508 69360 61798.5 74932.3 49878.4 46761.6 110804 45515.9 34540.7 66981.3 
85774.4 86425.6 46955.3 33497 19337.3 66121.1 77218.9 54668.2 56981.8 37627.9 87892.9 44123.6 43292.6 49516.2 88635.1 16662.8 38084.8 6171.71 95411.4 101449 90970.9 34531.3 77547 36962.8 51588.5 41900.5 84665.3 39204.6 62000.3 73412.1 43466.3 71491.9 61358.3 76010.7 34793.7 11970.8 49060.9 36985 45713.1 45049.4 69542.3 38585.2 63922.6 68264.3 31700.2 
73752.6 56856.7 44071 35102.7 19922.3 33940.1 75875.2 49998.6 28348.7 65548.5 58128.5 71768.1 41576.9 71125.4 74864.2 22171.2 45467.4 27600.4 65714.1 94836.3 81180.8 43499.4 48990.8 16183.9 34271 42847.6 86954.2 6171.71 33781.8 51617.8 25958.6 62394.4 62607.7 58737.1 34447.2 21425.5 49963.2 5308.48 50531 20618.4 57387.3 65368 50627.4 36336.9 27669.7 
75465.8 87995.7 36289.1 24532.6 36458.9 71923.4 62412.3 43540.9 59934.1 22012.7 89597.8 28234.9 32852.5 30642.6 79091.1 21410.5 23768.3 19751.7 96733.1 87825.9 79249.5 20308.9 78637.5 52407.7 48139.9 30291.4 68175.4 49605.8 64064.5 69768.5 60343.2 60701 46546.5 69331.1 26500.2 27040.7 35935.6 45514.1 31156.5 47271.2 60552.9 21897.9 56184.3 73565.8 27440.1 
52390.2 4632.49 56803.2 61124.9 72320.5 21700.7 71822.6 55448.4 24867.6 102969 6184.66 107771 57949.4 99736.1 49717.8 65859.3 69143.4 75635 13607.7 75958.1 60948 70120.8 5060.63 63086.4 37221.6 61313 84700.9 48498.2 19825.2 23900 69527 52221.5 68492.3 35338.6 59102.6 71775.3 63005.8 47240.3 68028.3 36946 45069.4 101448 41656 19062.5 56147.1 
63252.9 45736.9 38075.7 32505.5 31403.3 24896.6 68183.6 42718.3 16595.2 69190.3 47100.4 75016.3 36380.4 71759.1 63970.8 26940.9 43100.5 35373.6 54692.3 85215 71044.4 42022 37459.4 26806.2 24129.9 38470.4 80008.3 11094.1 22004.5 39751.9 35980.6 52964.6 56384.7 47452.9 31216 30735.3 44656.1 6774.22 46575.6 9500 47324.1 68489.6 40555.4 26900.2 24945.1 
84810.9 85453.7 46033.9 32572.5 19044.4 65231.3 76399.2 53746.2 56016.1 37758.4 86923.9 44259.8 42373.2 49320.7 87656.7 15643.8 37309.7 5197.11 94438.6 100568 90037 33768.2 76564 36542.2 50569.3 41016.2 83932.4 38440.1 61023.6 72392.3 43222.7 70545.9 60553.8 75001.5 33849.7 11314.6 48208.4 36133.2 44924.5 44059.6 68563 38638.1 62928.7 67362.5 30701.5 
75971.4 55665.1 47746.2 39261.3 21805.7 31831.1 79233.5 53400.8 28140 69814 56853.6 76060.6 45394.4 75526.5 76829.4 26495.5 49695.6 31369.6 64393.9 97526.3 83608.6 47798.4 48249.5 13865.4 36584.3 46810.8 90527.2 2915.48 33512.1 52568.1 23226.3 65126.1 66303.1 60388.7 38524 24803.2 53800.5 6621.93 54588 22291 59820.5 69678.1 53040.7 34354.6 31751.5 
85674.3 97577.9 46644.4 34952.1 38787.2 80323 71510.1 53794.1 69025.4 18318.3 99158.3 24763.1 43246.8 32640 89382.3 28632.3 33721.4 23041.9 106396 97214.1 89200.2 30394.9 88276 56142.4 58308.2 40607.5 76268.5 56042.3 73404.8 80059 62957.9 70898.6 55833.5 79770.9 36903.4 30479.5 45921.3 52633.9 40835.4 56384.1 70935.5 19670.3 66621.9 82129.9 37421.4 
64318.3 68287.9 26351.9 13288 27365.1 51614.9 58216.3 33946.6 39743.4 41769.8 69858.8 47600.1 22809 45563.3 67032.2 6800.74 21636.3 16457.5 77141.5 81177.5 69889.1 18918 59023.5 38241.5 30412 22284.7 67314.6 31184.9 44072.9 52413.5 47589.3 50282.9 42933.7 54362.5 13997.9 18748.9 29920.1 26341 28260.4 27082.3 47940.1 41077.5 42230.3 53244.3 10000 
81910.3 70616.2 47401.4 35551.9 6612.11 47940.1 79844.7 54450.7 41622.2 56598 71929 63049.2 44205.2 65234.3 83705.5 16592.2 44459.6 16357.3 79523.8 101237 88609.3 41641.6 62483.3 17100.3 43268.5 44411.9 89670.2 19412.6 47019.7 62997.3 25444.3 69146.2 65124.6 68593.7 35709 8949.3 52043.3 18941 50976.1 31901.4 65217.5 56968.9 58696.3 50343.3 29615 
61942.7 19921.1 77806.7 84047.2 96576 44059.6 85796.1 74889.8 49378.2 125960 18552.1 130410 79559.4 121105 57772.1 90244.7 91092.6 100118 10956.3 82626.7 69280.7 92513.9 28812.5 86227.7 59690.5 82965.2 97920.1 72384 44288.3 40971.5 91723.6 67088 86268.2 49117.1 81991 96276.1 83326.5 71545.5 88840.1 61336 60799 124239 59600.8 41379.3 79742.4 
27518.2 76069.7 32956 45209 85614.8 79188.5 1655.29 26601.7 65591.6 66287.3 77544.4 66738.4 36086.7 51305.5 32526.3 65296.3 39223.1 73702.4 81187.3 26731.6 24560.1 42819.3 68900 92521.6 46312.1 36211.2 11591.8 79310.2 64744.6 49463.2 102381 21123.7 15877.7 38766 44713.5 77237.3 28595.3 73619.6 31557.1 60353 28300 63326.5 32846.9 78685.7 50692.8 
47823.9 59217.1 10751.7 6500 42299.5 48273.4 43200.5 17853 34225.7 48371.3 60869.1 52974.4 7907.59 45710.9 50650.4 22931.4 15152.9 32967.4 67579.4 65024.9 53399.1 15418.5 49821.8 49163.9 17901.1 9512.62 53552.3 37436.3 36943.7 38997.6 59000 33777.1 29041.3 38910.4 4440.72 34694.4 16289 31683.6 17608.2 23095.7 31563.4 46705.2 26184.3 49142.4 7134.42 
58707.2 66794.2 20204 6989.28 33604.3 52235.2 51919.9 27862.7 39339.5 41199.3 68408 46564.9 16611.1 42467.5 61623.5 13101.5 15931.4 22299.1 75483.6 75030.9 64005.2 13679.5 57412.6 43590 27012 15984.1 61057.8 34912.5 43125.9 48885.7 53133.8 44462.2 36644.2 49731.5 7843.47 25046 23620.5 29601.5 22146.1 26840.5 42547 40062.2 37159.4 53596.5 6140.03 
90864.3 115784 56942.5 50257.3 66306.1 102387 70115.7 61933 89466.5 9749.36 117435 3635.93 54661.9 17962.7 95414.7 53104 43051.6 50068.2 124112 95674.7 91810.1 41448.3 106386 83329.2 74367.3 51289 70018.3 81304.2 92966.5 94074 90505.5 76876.7 57174.9 90397.4 52271.7 57592.1 52864.4 77100.1 46900.1 77037.7 79473.9 10153.3 77249 103793 55920.4 
17373.8 37518.3 44384.7 55661.9 85358.4 51763.3 41834.4 38414.7 43527 94059.2 38617.2 97051.2 47485.3 84683.2 13606.6 70425.6 58404.2 81155.5 40105 39728.1 25205.2 61057.1 33768.2 83419.7 35794.6 50472.3 53504.5 67481.8 39363.4 17586.6 92213.9 24882.3 45689.8 10834.2 53801.5 80625.7 47457.5 63340.4 53424.8 47692 20829.1 91692.2 23906.9 49986.6 55216.1 
36546.5 23740.3 37359.1 43559.7 64003.8 27878.7 52630.2 35449.3 18917.2 85375.6 25383.7 89734.1 38918.5 80617.9 35295.3 52592.9 50414.8 63158.9 31202.1 60492.8 45248.2 51833.3 15199 59684.6 19220 42323.2 65598.6 43732.1 14664.9 7170.08 68084.2 33142.3 48436.6 18487.8 41498.2 60960.6 43272.3 40234.9 48526.8 25512.5 25874.5 83594.5 21732.9 26518.7 39964.5 
94857.4 118028 60042.4 52490.4 65349.1 103741 74595.2 65380.9 91150 10621.2 119670 6964.19 57570.1 22702 99338.5 53518.2 46000 49506.6 126473 100260 96056.5 44102.2 108618 82704.8 76791.8 54240.9 74801.1 81635.6 94853.8 96956.1 89488.2 80710 61320.9 93746.9 54534.5 56997.3 56336.8 77684.6 50371.6 78604.3 83025.9 12291.9 80516.6 105251 57703.1 
38651.8 58990.9 1878.83 13916.9 52616.5 52452.7 33023.8 7559.1 38018.5 51564.4 60653.1 55207.4 4512.21 45140 41938.6 33039.4 15698.4 42709.5 66703.7 54800.1 43615.2 18075.4 49868.8 58948.5 18457 7517.98 43829.2 46281.9 39405.7 35499.3 68807 24154.9 19678.7 32484 12587.7 44901.3 8637.13 40522.8 13103.4 29143.1 23197 49417.1 19159.6 52826.6 17448.5 
43680.7 36993.1 26502.3 28644.7 48092.6 27900.7 51461.5 28050.3 13523.7 70456.9 38629 75291.6 26690.8 67934.2 44298.6 35735.1 37208.6 46308.7 45574.8 66128.1 51646.2 37842.3 27583 46421.5 6537.58 29869 64012.5 30751.4 14831.4 21603.7 55651.5 34386.3 42372.8 27877.1 26640 44339.3 33319.1 26086.4 37380.5 10295.6 28165.6 68947.9 21523.2 28149.8 23817 
42074.3 80638.7 23890.2 32067 71909.5 77501.6 20209.4 21934.7 63102 46883.7 82254.1 47518.9 25456.8 32483.4 46942.1 51241.1 23263.9 58117.2 87308 46139.1 41930.4 26566.3 72156.8 81691.9 43111.6 23844.7 24060.1 70620.8 63888.2 54585.8 91410.4 29783.4 9069.73 46705.9 32363.3 62796.8 17147.9 64867.6 16450.2 54564.2 34807.6 43931.8 35846.9 77666 39094.8 
19892.7 58478.8 20544.8 34003.5 72380.2 60636 17269.9 12832 47169.2 66127.2 60016.7 68344 24209.9 55007.1 24135.7 53220.3 32289.3 62942 64300.1 34781.7 23546.8 35620.2 50834.8 76873.1 28400.4 25951.5 30162.9 62691.1 46180.6 31810.1 86664.5 5522.68 15493.5 22496.4 32805.6 65013 20120.6 57163.8 25653.5 42895.7 10756.4 63506.6 14301.4 60114 37401.2 
45984.8 83932.4 25927.8 32649.7 71763.1 79981.1 23632.4 24909.8 65551.6 43701.8 85557.5 44043.8 27029.6 28783.7 50858.7 51160.1 23086.8 57425.6 90741.5 49387.5 45708.3 26119.7 75338.3 82298.2 45684.4 25000 25994.6 71815.4 66582.4 58058.2 91932.6 33661 12855 50440.6 33185.1 62476 19037.9 66094.6 17102.6 56519.4 38547.9 40712.3 39313.7 80247.7 39962.6 
34298.7 88272.1 57995.9 70766.4 110901 97411.8 25906.2 50928.4 85184.8 90004.7 89478.7 89504.5 61351.4 73503.3 37471.2 90824 65083.9 99481.6 91155.4 12516 25895.4 68678.1 83092.4 116553 67797.5 61808.1 21408.4 102441 83097.6 63757.7 126369 39036.6 41738.8 51832.5 70115.7 102781 54277.8 96923.6 57419.3 82462.1 45618.6 86966.3 51975.5 96358.3 75764.4 
54494.5 66234.1 15508.1 2061.55 38571.6 53461.9 46957.2 23215.7 39947.2 41208.3 67873.5 46121.3 11859.6 40344.1 57605.6 18080.1 11715.4 27002.4 74741.5 70248.8 59506.3 10224 56823 48077.5 25340.3 11011.4 56093.2 38487.7 43239.1 46712.4 57714.6 40067.1 31663.5 46519.2 3535.53 30016.7 18640 32968.6 17335.8 27892.8 38615.7 39731.6 33604.8 54605.9 6873.14 
20647.5 74571.6 45841.6 59074.5 98511.4 83102.4 16407.6 38388.8 70917.2 83474.8 75835.9 83947.7 49375.3 68444.6 24473.9 78892.6 54767.1 88106.9 77946.8 9625.49 13041.9 58360.6 69050.9 103178 53856.3 50324.5 20113.7 88743.3 68787.9 49597.6 112944 24980.4 31780 37692 58183.6 90806.7 43135.1 83309.2 47176.5 68562.4 31370.4 80523.8 37820.8 82060.3 63372.6 
59136.5 16574.7 74234.4 80440.6 93330.6 41146.8 82690.4 71381.6 45965.4 122353 15288.2 126806 75969.3 117535 55081.8 86738.5 87497.3 96653.5 7746.61 80237.8 66643.2 88910.3 25303.2 83283.9 56083.6 79375.1 94909.7 69245.8 40830.6 37473.3 88985.5 63852.1 82873 45862.8 78384.3 92887.2 79785 68273.6 85281.2 57840.2 57477 120632 56140.5 38452.6 76150.6 
10324.7 58166.1 49636.4 62832.5 98355 71636.9 31863.6 42100.1 61805.3 95277.3 59198 96955.8 53263.5 82565.5 8761.85 80808.4 62018.4 91098.3 60012.2 19716.2 8839.12 65322.6 54453.8 99327.5 49241.6 55400 40202 83751.1 58348.7 36798.4 108647 24900.2 42601.1 25852.1 61366.8 92121.5 49851.4 78948.7 55296.5 63215.5 26909.1 92540.9 33311.4 70060 64817.1 
43611.1 13000 47987.7 53388.9 69201.2 24159.9 62303.9 46185 21339.6 95318.4 14641.4 99872.2 49393.6 91170.4 41334.2 60298.3 60788.9 70531.2 20693.2 67426.6 52270.8 62022 5288.67 62209.7 29081.4 52788.7 75203.3 46718.1 15915.4 14442 69660.5 42701.9 59026.3 26122.8 51336.7 67450.1 53989.4 44371.7 59184.9 31723.3 35527.6 93648.3 32127.9 22000 49082 
66703.2 41207.4 45459.1 40896 35900.1 17863.1 74254 49381.2 14767.9 77637.9 42396.2 83515.4 44096.7 80329.9 66806.1 34946.8 51438.9 42568.8 49941.8 89527.5 74886.6 50489.6 33942.6 26747 29160.6 46409.1 86452.1 11591.8 19828.5 40519.1 34570.1 57820.6 63405.4 49812.1 39518.2 37125.9 52206.1 11510.9 54539 15005.3 51598.6 76993.1 44981 20231.9 33405.5 
34766.9 62779.7 6720.86 19647.4 59567.1 58600.1 25738.9 3820.99 44213.7 52131.1 64423.8 54982.5 10017 43144.9 38658.1 39554.8 17281.8 48692.5 69977.1 48572.1 38559.2 20541.2 53979.6 66421.2 24203.3 11035.4 36316.7 53781.9 45005.9 37694.8 76277.5 19997 12256 32267.2 18816.2 51503.1 5412.95 48026.7 11364.9 36222.9 21294.1 49685.5 19451.7 58757.6 24493.5 
78991.5 56801.6 51107.7 42535.3 22005.7 32382.7 82567.1 56744.1 30123.1 72210.4 57923.1 78510.7 48750.9 78400.6 79749.2 29099.3 52930.6 33148.3 65405 100699 86700.1 50972.2 49740.2 11236.1 39686.9 50148.3 93883.6 4753.95 35404.5 55055.3 20204 68323.7 69664.6 63193.2 41830.6 26239.3 57156 9829.04 57903.5 25241.4 62928.9 72173.8 56149.3 34989.4 35054.5 
62686.3 97448.3 36845.6 37900.5 71449.6 90214 39783.9 38616.7 75927.6 30399 99102.6 29144 36389.1 13100 67536.8 52083.5 27318.3 55373 104812 64875.3 62321.3 28600.9 88463.4 84848.2 57081.1 33331.8 39000.1 77059.2 77890.4 72533.9 93920.2 49991.7 29143.1 66048 39241.3 61777.8 30503.9 71643.4 25709.3 65243 54273.8 27348.5 54032 90888.6 45505.4 
38108.4 89257.4 45180.7 56356.5 96834.5 92965 15108.3 39580.4 79337.4 70116.8 90692.7 69288.5 47950.5 53233.9 42821.5 76234.2 48800.1 83780 93969.8 27718.9 32622.1 52253.3 82362.2 104944 59928 47462.1 2282.54 92274 78521 62803.9 114790 34570.1 26801.9 51711.9 56179.2 88032.9 39849.3 86538.4 41420.9 73759.4 41822.6 67062.1 46600.4 92458.2 62541.2 
69992.3 85489.5 31166.2 20525.1 40289.2 70935.8 56292.5 38158.9 58252 22299.1 87117.4 27864.3 27894.8 26983.3 73755.3 22814 18010 23851.6 94079.6 81789.8 73501.1 14710.5 76084.8 55196 44783.3 25079.9 61996.5 50635.7 62022.3 65959.1 63641.9 55216.1 40460.5 64724.4 22576.3 30645.2 30210.6 46057.6 25205.2 45707.3 55469.1 21333.8 51459.6 72391.5 24882.3 
80320 43363.2 62267.6 57502.2 43416.6 18662.5 90284.9 65907.8 26900.7 92310.8 44013 98419.9 60953.3 96392.9 79707.5 48912.4 68100.7 54504.7 50757.9 103823 88816.9 66971.8 39184.7 27994.6 45064.4 63255.8 102708 20886.6 30058.8 51845.3 31360 72991 80053.8 62612.5 56210.8 47846.1 69041 24891 71384.6 31650.9 66346.1 91953.3 60007.4 21156.8 49919.6 
24620.5 68874.5 24961.6 37756.2 77852.2 70807.1 7720.1 18189.3 57088 63281.1 70396.7 64545.9 28290.8 49938.5 29565.2 57781.7 33009.2 66638.2 74483.1 31262.1 24549.1 36601.2 61324.1 84171.6 37700 28848.7 20020.2 70772.3 56405 42188.3 94026.8 14267.8 10430.7 32256.8 37060 69737.9 21469.3 65100.3 25437.2 51724.4 20965.9 60443.2 24745.5 70383.1 42747.9 
84090.5 83341.3 45636.5 32192.2 16601.2 62840.5 76481.7 53332.5 53878.8 40112.5 84796.8 46615.4 41995.5 51176.9 86813.2 14159.8 37636.4 3405.88 92329.8 100351 89520.1 34154.1 74516.3 33967.3 49143.5 40838.5 84357 35863.2 58942.8 70847.6 40801.1 69961.4 60716.1 73815.2 33337.8 8676.98 48174.1 33669 45177.4 42070.7 67723 40896.1 61949.4 65000.7 29722.9 
71413.3 95065.9 36040.7 29775.5 54203.3 82872.7 53101.5 41357.5 69470.9 14515.2 96722.8 17491.7 33708.5 12826.5 75749.9 36906.6 22098.4 37571.3 103304 79100.3 73291.8 20601.5 85689 69374.5 53572 30338.4 55915.1 64392.6 72666.4 73122.5 77763.8 57022.5 38538.9 69695.1 31730.9 44626.6 32337.3 59578.5 26385.6 57320.3 59039 11943.6 56468.5 84090.7 36075.6 
50501.6 72750.1 12927.5 11161.1 49981.3 63301.8 37696.2 18946.5 49156.5 37078.6 74414 40620.8 10705.6 31232.8 54403.1 29320.5 1627.88 36444.6 80740.6 62631 53904.5 5220.15 63466.9 60470.6 31333.8 7300 45261.1 50805.1 51553.9 50034.5 70048.3 35741.4 21770.6 46777.1 12226.2 40870.8 10611.8 45206.3 6083.58 38143.5 36610.5 34863.4 33478.6 64108.2 18792 
16422.2 57293.1 23739.4 37164.6 75048.3 60909.4 17428.7 16051.5 47802.9 69570.8 58793.3 71735.1 27406 58260.2 20706 56148.5 35734.7 66001.9 62746.2 32229.8 20318 39046.3 50000.9 78963.6 29741.7 29275.4 30394.9 64493.7 46425 30628.3 88710.3 2555.39 18439.1 20496.3 35895.4 67872.4 23579 59052.9 29124.7 44404.2 9404.79 66938.9 14431.2 60236.4 40240.5 
62900.3 24100.2 53338.5 53021.2 54233.3 1562.05 76641.5 54820.5 13579.4 92955.6 25033.8 98460.8 53173.8 93177.5 61620.9 51861.1 62795.3 60383.9 32348.3 86813.1 71585.6 62735.7 19033.9 43204.7 33407.3 56153.8 89517.2 29637.8 13193.9 33321 49226 57902.8 69083.7 44852.9 51244.5 55339.9 60199.8 29765.9 63970.4 25138.2 50784.3 91947 45205.5 1860.11 46385.6 
15784.8 41521.7 47598.8 59390.2 90149.3 56784.2 41418.5 41177.9 48689.3 96823.4 42513.1 99547.5 50852.3 86675.1 11132.4 74804.3 61446.9 85500.5 43319.5 36246.5 22498.2 64257.6 38415.9 88502.4 40448.7 53701.8 52403.4 72576.9 44511.2 22748.2 97334.7 26224 47054.1 15133.1 57589 85204.8 50105.9 68377.9 56042.3 52688.1 23454.2 94368.7 27521.8 54958.6 59386.3 
27704.2 32117.4 54461.5 64864.5 91201.4 51258.3 52951 49015.3 46024.5 104402 32825 107644 57333.4 95661.2 23168.3 77979.7 68572.9 88728.9 32386.7 47770.8 34494.8 71018 31254.1 87167.4 42994.2 60472.8 64281.9 71243 41094.6 21603.7 95358.5 36221.8 56982.2 20564.3 62915.3 87421.1 58084.8 67782.2 64043.9 52767.4 31769.5 102129 33849.8 49072.3 63497.2 
39602.3 85057 33609.1 43432.9 83623.2 85088 13960.3 29502.5 70922.8 56563.7 86605 56243 35860 40379.2 44634.6 62955.4 35120.6 70036.8 90881.2 37593.2 37021.8 38475.2 77224.3 92778.1 50931.3 34810.6 12461.9 80994.4 70955.8 58409.8 102564 30758.4 15277.8 48741.9 43511.5 74605.4 27475.4 75224.7 28024.3 63706.4 37310.1 53528 40340.7 84941.5 50117.2 
54014.5 17584.1 48996.5 51021.7 59204.1 11104.1 69361.8 49266.7 12261.3 92323.1 18923.3 97455.9 49450.7 90698.9 52474.8 53520.2 59984.4 62996.6 26517.4 77982.7 62730.2 60463.3 10259.1 50300 28696.5 52663.9 82324.1 35440.4 8130.19 24200.2 57193.9 50166.2 63233.1 35965 49084.6 58858.8 55661.9 34128.7 60053.1 24842.1 42929.4 91022 37905.1 9219.54 45241.1 
83940 57972.6 57208.7 48798.5 24988.2 32844.5 88446.6 62684.4 33267.4 77703.2 58957 84060 54919.3 84413.3 84454.1 34936.7 59192.7 38043.3 66270.7 106027 91819.5 57215.8 51655.1 9455.69 44941.9 56370.3 99897.2 9963.93 38275.8 58891.9 16072.3 73752.9 75761.7 67673.5 48083.3 30808.1 63328.1 15642.6 64150.5 30283.5 68127.9 77785 61363.3 35537.3 41308.8 
80638.5 81032 42128.4 28681.9 18067.9 61147 73001.1 49826.2 51623.6 38967.9 82512.6 45448.5 38486 49012.3 83398 11085.6 34235.8 1403.57 90012.5 96840.1 86027.6 30780 72102.5 34667.1 46035.3 37331.1 80966.7 34958.8 56587.3 67839.3 42107 66478.3 57254.9 70551.7 29837.6 8927.49 44679.9 32257.9 41746.5 39578.4 64304.4 39506.2 58582.1 63226.1 26342.7 
29221.9 47284.8 15024.3 25469.2 59001.9 45244.8 33185.1 11903.8 31338.3 64929.6 48924.8 68550.9 17638.6 57976.7 31439.6 41606.2 29068.2 52112.4 54470 49444.6 35986.2 31333.7 38581.1 61569.5 12179.5 20861.4 45792.6 46882.5 31009.2 22432.1 71253.7 17018.2 25413.6 19448.7 23632.4 52730.7 20042 41498.2 25653.5 26768.6 12522.8 62786.4 6503.08 45005.9 25763 
64201.2 89243.3 29382.5 24812.9 54518.4 78353.4 46231.3 34335.1 64589.9 21726.7 90905.7 24328.2 27338.6 15373.4 68545.5 35620.2 15840.5 38348.1 97318.5 72225 66125.4 15128.8 79917.1 68463.4 47737.8 23934.1 49788.8 61900.3 67446.3 66621.6 77320.4 49826.3 31418.6 62764.7 26616 44841.2 25280 56764.2 19312.7 52811 51964 19108.4 49604.9 79403.6 31797 
37056.7 32404.5 28532.3 33906.3 56313.6 29601.5 48313.2 27809.7 16727.5 75771.6 34068.8 80217.8 29732.1 71532 37121.6 43462.6 41082.4 54135.6 40402.2 60267.5 45378.5 42338.2 23217.7 54099.2 9542.54 33116.8 61196.7 38239.4 15134.4 13437.3 63109.5 29780.9 41639 20255.6 31845.4 52452.7 34836.8 33909.6 39757.5 18242.8 22865.3 74034.1 16918.9 29086.9 30335.6 
60400.3 11920.2 71973.4 77267.8 88059.6 35330.6 82905.3 69728.2 41254 119186 10373 123847 73447.9 115209 56684.8 82377.2 84847.4 92072.3 3443.84 82410.7 68300.3 86040.9 21251.4 77498.1 53073 76845 95403.4 63764 36334.1 36173.5 82982.5 63668 81873.4 45755.1 75226.9 88015.7 77827.8 63081.7 83139 53473.4 56964 117583 54900.4 32655.9 72548.3 
21666.8 34975.7 33118.6 43300 72173.2 42720 39546.4 28357.2 32288.7 83093.8 36440.8 86571.6 35850.4 75316.5 20790.9 57273.5 47223 68017.7 40337.2 45595.2 30355.6 49545.6 28298.6 70851.7 22556.8 39050.9 52338.2 55009.1 28962 8649.28 79878.4 20041.2 38659.5 3679.67 41362.8 67390.9 37320.9 50602.5 43202 34843.2 13250.3 80903 12747.5 41416.2 42267 
66610.1 38060.1 47594.6 43846.3 39461.4 14152.4 75473 51053.3 13507.4 81227.4 39186 87057.9 46464 83542.8 66425.1 38693.9 54303.8 46387.1 46683.6 89768.4 74944.3 53516.5 31216 29300.2 30242.4 48929.5 87855.4 14894.6 18031.4 39445.4 36500 58466.1 65227.4 49332.8 42379.8 40917.6 54419.3 15315.4 57050.5 16916.9 52000 80530.8 45518 16595.5 36466 
12844.5 65739 37858.3 51292.3 89944.4 73419.1 14322.4 30197.4 61175.6 79391 67064.9 80573.2 41489.5 65720.9 17555.9 70748.1 48214.7 80331.8 69641.4 17236.3 8832.33 51735.7 59816.1 93916.7 44283.2 42857.2 23851.6 79286.4 59077 40237.5 103639 15415.6 26518.9 28417.8 50211.3 82570.3 36152.2 73913.5 40882.8 58997.1 21633.3 76547.6 28127.7 72416.4 54971.4 
84593.9 102120 46930.8 37210.9 48500 86671.9 67780.4 53351 74482.9 8238.93 103741 14734 43926.4 23551.9 88671.1 35992.4 32988 32259.1 110752 93765.3 87175.5 30267.6 92724.4 65523.2 61508.1 40849.6 70973.6 64085.7 78454.7 82579.7 72700.1 69926.3 52741.8 80824 39268.6 39781.9 44725 60180.1 39049.3 61845 71001.8 9585.41 67500.5 88280.7 41436.7 
14733 42510.4 47184 59101.4 90254.1 57488.2 40422.4 40667.4 49185.5 96276.1 43516.7 98943.2 50472.4 85978.6 10042.4 74724.2 60978.2 85403.7 44387.8 35171.7 21393.7 63824.9 39273.4 88823.5 40508.8 53284.3 51346.9 72915.1 45080 23274.4 97704.7 25482.5 46275.8 15146.3 57318.8 85205.2 49559.1 68657.1 55483.3 52937.9 22965.2 93803.3 27252.3 55692.5 59237.2 
65060.3 33762.3 48818.5 46208.2 43896.5 9763.71 75411.2 51662.9 11603.9 84580.2 34852.8 90307.6 48000.4 86197.6 64562 42484.8 56489.6 50507.2 42321.9 88524.2 73533.2 55946.4 27234.2 33438.3 30372.7 50656.9 87986.6 19325.9 15199 37000 40234.9 57791.5 65954 47447.3 44623 45200.1 55703.9 19580.1 58724.6 18453.2 51081.3 83776.9 44805.5 12164.3 39038.6 
64878.7 57558.7 32281.6 22800.2 23602.8 38278.2 64500.7 38684 28125.8 55989.3 59028.2 61938.8 29567.7 59801.8 66600 13520.7 33203.2 22699.1 66544.5 84731.2 71744 31354.3 48711.5 27500 26184.2 30647.2 75190.2 17149.3 33140 46521.1 37345.1 52427.2 50708 51540.3 22165.3 19534.6 37895.8 11960.4 38249.8 16349 48208.8 55431.4 41633.2 40172.6 15393.5 
46544.6 44055.5 22144.3 21920.8 42714.2 32496.9 50575.6 25503.3 18256.2 63496.2 45679.3 68460.4 21512.8 61743.5 47862 28861.7 31133.3 39538.6 52709.2 67771.2 53945.6 31394.9 34658.6 43337.7 7151.22 24400 62616.3 28496.5 20975.5 27948.5 52948 35389.5 39601.1 32421.1 19982.2 38104.7 29033.8 23136.6 32312.5 8876.94 30148 62069.4 23384.8 33214.6 16650.8 
42069.7 68182.5 7500 15274.2 55778.1 61587.7 30064.8 11014.5 47170.4 44687.5 69841.7 47659.2 8041.14 36407.1 46060.1 35250.2 10100.5 43513.7 75747.5 54439 45408.9 13562.4 59126 64440.5 27802.9 6463.75 38895 53109.4 48728.3 44006.6 74218.9 27338.6 14480.7 39446.3 15181.9 47142.9 2121.32 47356.5 4103.66 37597.1 28712.4 42271.1 26363.8 62047.2 21774.5 
51226.8 88078.4 28789.8 33533.6 71281.1 82996.2 28620.4 28894.3 68568.6 39267.4 89715.7 39225.5 29301.5 23720 56092.9 50900.9 23269.3 56293.9 95085.9 54154.3 50909.8 25818.2 79335.7 82781.3 48961.2 26816.8 29653 73126.8 69926.3 62500.1 92272.7 38758.7 17889.9 55282.6 34368.2 61809.8 21949.5 67475.9 18686.9 58919.1 43416.6 36239.9 43796.9 83402.2 41090.8 
86275.5 90407.6 46988.6 33742.9 25428.3 70948.5 75912.9 54650.2 61103.3 31778.8 91913.5 38253.9 43334.3 44545.7 89416.2 19932.4 36627 11000 99369.4 100731 90977.4 33021.5 81368.3 43053.7 53957 41511.7 82562.1 44710.3 65953.1 75948 49523.8 71742.3 59972.1 77659.6 35302.3 17819.4 48242.1 42107 44290 48842.8 70400.3 32897.6 65142.1 72999 33326.4 
72242 101039 40549.4 37020.3 64010.3 90562.3 51245.8 44496.3 76777.1 17308.1 102703 16477.9 38921.7 3224.9 76876.8 46432.1 27721.8 47378.1 108974 76901.6 72953.8 27316.3 91760.6 79055 59616.1 35531.7 51792.9 73525.8 79561.1 77741.2 87526.7 58521.1 38433.4 72943.1 38810.4 54426.6 35514.8 68538.2 29699.8 65018.9 61641.9 14263.6 60084.4 91605.9 43969.2 
49320.7 38046.8 29500.2 29113.7 43409.3 24946.7 56403 32162.9 10756.4 70202.6 39621.3 75359.5 29036.7 69138.8 49907.5 32827 38611.5 43084.7 46906.8 71702.9 57271.3 38725.3 28796 40882.4 11182.6 31949.5 68781.8 25143.2 14046.4 26271.8 50049 39810.2 46440.7 33371.8 27245.9 40400 36400.1 20612.9 39840.8 4964.88 33730.8 68913.9 27041.4 25688.9 23120.6 
21849 65181.4 23728.7 36928.3 76550.6 67499.4 10475.2 16440.2 53917.1 64887.1 66700.1 66471.3 27235.6 52238.3 26683.5 56770.6 33206.3 65969.7 70772.3 31338.3 22869.4 36744.8 57678.1 82170.2 34793.7 28219.5 23265.9 68437.8 53061.2 38494.9 92009 10584.9 12126.4 28561.7 36046.8 68699.7 21226.9 62817.2 25849.6 49049.6 17262.7 62113.8 21236.1 67012.9 41381.8 
55536 23654.2 45949.8 46644.7 53132 9170.61 68758.9 47100.4 6906.52 87444.8 24977.8 92734.1 46009.2 86649.2 54518.3 47837.7 56051.5 57136.1 32573.8 79365.6 64178.8 56252.4 16015.3 44536.4 25811.8 49092.7 81631.9 29463.5 5316.01 26375.9 51742.6 50074 61323.6 37560.1 44777.9 52860.9 52764.9 28055.8 56762 19525.6 42988.5 86259.4 37336.3 8802.27 40450 
25609.6 29300.2 38327.5 47647.1 73813.9 39614.6 45372.2 34065.4 30870.1 88177.7 30710.4 91854.3 40827.1 80970.7 23669.8 60203.1 52347.4 70952.4 34321.6 49508.4 34300.1 54478.3 23324 71001.8 25219.2 44116.3 58066.9 55038.2 26768.6 4940.65 79677.9 25988.7 44730.3 8300.6 45650.8 69731.6 42921.9 51088.6 48734.5 35635.5 19325.9 86071.7 18450.5 38020.3 45837.3 
64986.2 36833.1 46501.8 43155.2 40377.3 13461.8 74070.9 49793.3 11843.1 81035.3 37995.4 86808.1 45468.8 82995.7 64778.1 38780 53548.6 46759.1 45524.2 88179 73334.8 52860.7 29800.2 30716.3 28848.1 48000.9 86497.2 15983.1 16398.2 37781.6 38061.3 56947.8 64005.2 47682.3 41638.7 41481.6 53349.9 15868.5 56108.9 15853.4 50443.3 80278 43987.7 15778.5 35858.6 
57915.2 46550.8 31308.1 26249.8 33109.7 28641.9 61629.2 36045.1 17204.7 64560.8 48036.8 70172.4 29644.1 65994 58988.3 24060.1 36754.5 33724.9 55530.6 79333.5 65448.8 35908.4 37658.6 31840.4 18445.9 31805.8 73343.1 16991.8 22107 36531.8 41400.5 46946.5 49633.9 42950.4 24829 30399 37898.4 11574.5 39927.1 5445.18 41651.5 63645.4 34874.9 30224.8 18866.4 
92396.2 74637.3 59434.8 47950.5 10102 50151.2 91880.5 66259.3 47308.6 66807.5 75767.3 73309.8 56356.5 76849.5 93805.3 29051.2 56968.9 26717.2 83251.5 112577 99479.6 54142.1 67424.7 9404.79 53087.2 56736.7 101968 21965.9 52700.9 71092.1 14103.2 80252.9 77399.4 77983.8 48009.4 19416.5 64335.1 24649.7 63441.4 40021.6 75814.6 67518.6 69139.3 52782.2 41719.5 
74194.7 74815.2 36117.9 22809 19535.9 55741.7 67604.9 43761.7 45524.7 40804.9 76321 47128.9 32524.6 48438.1 76853.4 4401.14 29631.9 6618.91 83778.3 90946.2 79779.7 26396.4 65788.2 33761.7 39276.6 31693.1 76166.5 31069.3 50360.5 61099 42229.1 60177.5 52064 63825.4 23750.8 10000 39222.6 27561 36862 33255.5 57770.7 40843.1 51954.2 57700.6 19746.4 
12403.6 45110.1 46695.8 58917.3 91002.5 59571.3 38246.8 39941.1 50849.8 95384.7 46137.7 97896.5 50068.5 84683.2 7539.23 75041.1 60324.5 85671.5 47085.1 32471.8 18729.7 63262.7 41659.2 90071.4 41217.1 52777.4 48940.1 74211.2 46901.8 25069.7 99058.1 24164.6 44782.4 15939.9 57184.8 85708.8 48713.6 69824.1 54595 54056.7 22388.6 92864.2 27218.4 57835.6 59403 
87825.3 103143 49584.9 39036 46057 86740.2 71743 56292.5 75012.1 11738.8 104746 17953.6 46418.6 28104.3 91788 35350.4 35896.7 30319.1 111872 97690.6 90702.4 32930.4 93781.1 63441.7 63069.6 43481.6 75285.1 63083.6 79197.1 84480.1 70208.4 73095.3 56502.2 83303.1 41068 37772.5 47878.7 59500 42358.6 62345.2 73820.4 13701.1 70015.4 88460.8 42541.7 
90535.8 75943.8 56317 44342.4 5024.94 52037.7 88755.2 63368.2 47784.9 61713.7 77150.8 68216.5 53104.9 71960.3 92194.7 24888.8 52960.5 21717.5 84700.5 110103 97358.4 50009.3 68327.2 13634.1 51579.6 53247.4 98500 23218.1 53216.9 70563.5 19209.4 77949.3 73974.3 76777.7 44565.9 14549.9 60891.1 24751.8 59656.1 39332 73866.4 62448.2 67284.6 54602 38529.2 
62924.2 94154.8 33291.6 32511.2 64901.5 85545.8 41760.9 36258 71406 25920.8 95817 25910.6 32277.9 11114 67614 45700.1 22161.7 48779.1 101807 67485.2 63470.4 22926.4 85012.9 78516.4 53165.4 29024.5 42854.4 71168.9 73700.8 69989.3 87508.9 49426.3 29069.7 64450.1 34015.4 55226.2 27540.9 65843.8 22090.7 60286.2 52932 22879 51883.4 86360 39998.1 
39317.8 48572.6 13219.7 18094.5 48900.4 41070.2 40833.3 15654.1 26636.8 59669.9 50235.9 63997.9 13685.4 55411.6 41404.6 31869.3 24842.9 42511.8 56661.2 59170.6 46022 26100 39277.1 51956.2 7209.02 17007.4 52771.7 37797.4 28037.1 27362.2 61724.5 26764.3 29832.9 27994.6 16052.4 42753.5 20044.2 32221.9 24191.9 18738.5 22615.3 57858.6 16280.7 41415.2 16410.4 
76230.8 94634.7 38553.1 29296.6 46592 80238.8 59990.8 44939.2 67563.5 12980 96269.1 18662.5 35599.6 20933.5 80280.8 31163.6 24579.9 29888 103169 85916.8 78947.6 21914.6 85224.7 62618 53669.1 32484 63926.9 59304.1 71293.3 74473.1 70543.7 61544.2 44702.8 72470.7 31357.6 37237.6 36332.5 54942.6 30696.7 55026.3 62592.4 12149.1 59143.6 81706.8 34139.7 
54840.2 68421.2 15504.8 2941.09 39954.6 55972.1 46068.2 23181.2 42396.7 39038.7 70065.8 43826.6 11851.2 37805.4 58124.9 19310.4 9457.8 27548.7 76871.9 69837 59529 7702.6 59012.3 50100.4 27300.7 10288.3 54778.2 40873 45603.9 48380.3 59671.4 40261.3 30526.7 47652.3 5000 31127.2 17687.6 35393.9 15663 30407.4 39265.4 37476.7 34568.5 57093.8 9420.19 
88059.6 104009 50006.5 39685 47352.7 87785.2 71647.8 56623 75972.2 10555.1 105616 16704.5 46888.2 27247 92065.9 36481.5 36222.9 31585.4 112719 97618.1 90817.7 33332.6 94638.7 64724.8 63802.2 43905.6 74971.1 64274.8 80116.7 85133.9 71506.4 73350.1 56505.7 83792.4 41725.9 39046.8 48129.2 60650.1 42546.9 63306.4 74198.9 12640 70490.1 89487.3 43366.5 
48468.2 5630.28 57356.4 63006.4 77239.4 27942.8 69417.3 55141.7 29312.8 104936 6774.22 109474 58881 100613 45379.5 69470.9 70325.9 79544.8 11205.8 71604.5 56834.7 71610.1 8452.81 68801.8 38689.7 62282.3 82134.3 53871.3 23970.8 21882.6 75525.1 49936.5 67496.1 32344.7 60954.1 76114.8 63200.1 52187.8 68514 40663.6 43008.5 103259 40488.3 25347.6 58643.5 
62708.6 12453.1 62171.5 64301.2 68865.4 15370.8 80661.4 62032.7 24909.8 105415 12646.3 110635 62729.3 104027 60323.5 65633 73312.3 74581.3 18916.9 86485.3 71357.1 73776.8 13819.2 57369.1 41907.6 65962.2 93625.9 44254 21429.4 33322.2 62661.8 61138.9 75749.7 45160.2 62377.7 69794 68764 44305.4 73281.4 37553.3 53880 104180 49610.1 12815.6 58363 
88064.8 61709.8 60677.8 51757.6 24389.5 36466.4 92164.2 66345.8 37443.3 78857 62649.9 85274 58268.4 86362.8 88619.3 36765.9 62012.7 38743.9 69893.7 110053 95906.3 59877.3 55603.3 7009.28 48974 59576.3 103479 13862.2 42417 63094.6 11933.1 77734.5 79232.8 71860 51157 31312.9 66665.2 19372.4 67242 34358.3 72187.6 79095.5 65416.4 39167.6 44382.2 
21703.7 70881.6 32145 45100.4 85046.4 75161.3 4188.08 25056.9 61892.3 69708 72327.9 70590.4 35553.5 55509 26720 65086.2 40371.4 74026 75762.6 23987.1 19276.9 43969.2 63970.4 90869.4 43176.5 36225 16424.7 77103.2 60678.3 44402.8 100709 16223.7 17404 33394.6 44349.7 77037.7 28877.2 71495.8 32766.6 57580.3 23492.3 66809 28658.7 74516 49893.5 
52923.5 34011.3 35806.8 35085.3 44330.1 18656.1 61915.5 38209.9 4904.08 75648.2 35501.3 80962.7 35362.4 75213.3 52983.9 36530.8 44797.5 46258.8 42990.7 75926.6 61171.6 44772.5 25160.3 39165.5 16840.4 38256.2 74458.2 23200.2 9571.31 27143 47756.2 44606.7 52525.5 36005.7 33277.8 42667.7 42705.7 19836.3 46165.8 7778.17 38120.3 74480.4 31645.7 19522.6 28692.3 
26387.9 80348.8 52616.1 65740.4 105397 89805.4 21868 45251.5 77809.1 88300.9 81554.2 88369.8 56106.3 72599.3 29563 85650.7 60970.8 94714.4 83256.8 6296.82 17974.7 64575.2 75219.8 110235 60913.9 56908.3 21692.4 95814.2 75556.4 55945.7 120005 32031.5 37722.3 44019.2 64917.9 97585.1 49584.7 90379.3 53325.6 75622.7 38315.8 85305.9 44826.4 88695.5 70236 
18961.3 35587.9 36952.9 47671.5 77005.3 45960.9 39657 31601.4 36363.2 86889 36934.7 90166.8 39866.4 78437.6 17182 62042.6 51061.6 72779.5 39980.1 42870 27653.9 53536.2 29952.8 75488.1 27388.5 42977.3 52145.3 59604.4 32671.1 11125.2 84436.2 20761.7 40666.9 3114.48 45768.5 72216.5 40660.2 55290.6 46605.3 39562.2 14940.2 84622.1 16337.1 44462.3 46924.8 
85613.6 82306.7 47705.1 34370.5 12739.3 61061.4 79047.5 55348.8 52850.9 44036.8 83723.7 50539.6 44107.7 55121.8 88151.2 15125.1 40564.1 5597.32 91292.1 102531 91320.3 37157.1 73653.9 30341.6 49636.4 43202 87281.2 33399.7 58038.8 71047.1 36916.4 71702.5 63398.6 74638.6 35338.6 6122.09 50672 31741.6 47999.3 41460.9 69103.5 44857.6 63134.8 63310.3 31108.2 
33785.4 20435.3 45121.4 52948 74629.6 34124.8 54339.9 41748.4 28401.8 94360.4 21802.1 98392.3 47214.9 88280.1 31160.2 63144.7 58825.2 73757.8 25426.2 57372.6 42336.3 60614.9 15492.3 69647.5 29024.3 50594.2 67026 53782 23403 7874.64 77708.8 34929.2 53215.2 17229 50897.7 71649.4 50319.5 50600.5 55957.2 36167 28145.5 92417.5 26419.7 32140.3 50010 
51921.6 75106.6 15071.2 13064.8 50897.6 65608.7 38010.8 20686.5 51488.4 35083.9 76770.6 38461 13025 28864.7 55931.7 30305.9 2451.53 36862 83080 63267.8 55017.8 5307.54 65828.6 61915.8 33701.8 9621.33 44958.8 52639.3 53915.7 52272.5 71421.7 37205.5 22078.5 48775.4 14303.1 41639.4 11985.4 47085.1 6618.91 40393.7 38407.9 32796.3 35510.6 66434.9 20717.1 
37625.8 36361.7 24777.6 29795.6 53542.1 31582.4 46580.4 24698.2 17805.9 71663.4 38025.5 76127.3 25793.4 67585.8 38229.4 39851 37062.4 50571.5 44454.5 60231.6 45648.3 38259.4 27096.9 52466.6 5440.59 29160.6 59326.4 36824.6 17407.2 16909.8 61722.4 28812.5 38801.2 21922.8 27734.6 49217.2 31243.9 32110.4 35984.4 16324.8 22332.9 69933.8 15838.2 31377.2 26341 
61083.9 14734 74156.9 79769.7 91087.3 38389.2 84093.1 71681.7 44166.2 121700 13248.4 126294 75726.1 117436 57200.1 85225.3 87177.3 94974.6 5825.8 82668.8 68803.6 88446.6 23943.7 80556.3 55502.3 79128.5 96474 66812.3 39189.4 37928.9 86016.6 65012.8 83577.1 47036.7 77722.6 90978.3 79903.2 66095.2 85286.5 56310.9 58440.6 120059 56673.9 35715.1 75182.5 
50308.7 4393.18 59574.8 65124.6 78678.7 28541.2 71518.9 57377.8 30864.9 107056 5107.84 111624 61080 102823 47109.4 71302.2 72511.6 81307.9 8987.21 73295.3 58612.1 73771.3 9972.46 69844.8 40832.5 64480.2 84208.4 55099.2 25589.1 24080.1 76363.9 52065.8 69716 34406.1 63074.6 77755.1 65431.3 53602 70737.3 42442.1 45167.8 105397 42709.5 25894 60678.3 
91885.4 78827.2 56833.5 44479.2 3962.32 55116.3 89188.6 64044.5 50420.7 59515.1 80058 66015.3 53521.2 70372.3 93698.3 24621.9 52650.2 20050.4 87622.5 111012 98527.6 49571.8 71080.4 16863 53240 53452.4 98624.3 26229.2 55853.1 72700.2 21708.3 79024.2 74176.6 78543.6 44854.5 13395.9 61110.1 27379.2 59555.2 41494.6 75188.4 60372.9 68681.9 57660.1 39080.6 
