20 5 19
777 335 649 27 763 
92.6 54 42.6 17.2 73.6 21.1 36.8 56.7 42.9 78.2 53 86.2 12.3 6.7 13.5 92.9 80.2 2.2 5.8 
4 15 0 1 9 14 8 15 3 9 13 8 3 6 5 3 10 8 12 18 
538243 848236 240337 255885 620552 
922345 1.17525e+06 585769 520096 679213 
465108 657380 72180.3 76059.2 481179 
531603 287571 400536 402981 487155 
574040 760109 187545 107787 446645 
361248 568589 43416.6 164195 542971 
601090 175482 753745 815670 942714 
861451 625250 574683 480983 204707 
589886 800062 214462 151159 477281 
633942 952742 344135 338813 662616 
128390 413411 373466 491235 808452 
75769.4 605392 372228 506645 882572 
595449 211946 516896 522567 561742 
674627 437809 445880 393032 332024 
843214 930645 449539 324052 326392 
306105 828136 435037 557200 961566 
227220 737017 361773 490433 890834 
235850 531327 159906 289560 657900 
48703.2 534394 440192 570424 920223 
595124 487592 315398 255071 309317 
