20 5 19
777 335 649 27 763 
926000 540000 426000 172000 736000 211000 368000 567000 429000 782000 530000 862000 123000 67000 135000 929000 802000 22000 58000 
4 15 0 1 9 14 8 15 3 9 13 8 3 6 5 3 10 8 12 18 
5.38243 8.48236 2.40337 2.55885 6.20552 
9.22345 11.7525 5.85769 5.20096 6.79213 
4.65108 6.5738 0.721803 0.760592 4.81179 
5.31603 2.87571 4.00536 4.02981 4.87155 
5.7404 7.60109 1.87545 1.07787 4.46645 
3.61248 5.68589 0.434166 1.64195 5.42971 
6.0109 1.75482 7.53745 8.1567 9.42714 
8.61451 6.2525 5.74683 4.80983 2.04707 
5.89886 8.00062 2.14462 1.51159 4.77281 
6.33942 9.52742 3.44135 3.38813 6.62616 
1.2839 4.13411 3.73466 4.91235 8.08452 
0.757694 6.05392 3.72228 5.06645 8.82572 
5.95449 2.11946 5.16896 5.22567 5.61742 
6.74627 4.37809 4.4588 3.93032 3.32024 
8.43214 9.30645 4.49539 3.24052 3.26392 
3.06105 8.28136 4.35037 5.572 9.61566 
2.2722 7.37017 3.61773 4.90433 8.90834 
2.3585 5.31327 1.59906 2.8956 6.579 
0.487032 5.34394 4.40192 5.70424 9.20223 
5.95124 4.87592 3.15398 2.55071 3.09317 
