20 5 19
777 335 649 27 763 
92.6 54 42.6 17.2 73.6 21.1 36.8 56.7 42.9 78.2 53 86.2 12.3 6.7 13.5 92.9 80.2 2.2 5.8 
4 15 0 1 9 14 8 15 3 9 13 8 3 6 5 3 10 8 12 18 
53.8243 84.8236 24.0337 25.5885 62.0552 
92.2345 117.525 58.5769 52.0096 67.9213 
46.5108 65.738 7.21803 7.60592 48.1179 
53.1603 28.7571 40.0536 40.2981 48.7155 
57.404 76.0109 18.7545 10.7787 44.6645 
36.1248 56.8589 4.34166 16.4195 54.2971 
60.109 17.5482 75.3745 81.567 94.2714 
86.1451 62.525 57.4683 48.0983 20.4707 
58.9886 80.0062 21.4462 15.1159 47.7281 
63.3942 95.2742 34.4135 33.8813 66.2616 
12.839 41.3411 37.3466 49.1235 80.8452 
7.57694 60.5392 37.2228 50.6645 88.2572 
59.5449 21.1946 51.6896 52.2567 56.1742 
67.4627 43.7809 44.588 39.3032 33.2024 
84.3214 93.0645 44.9539 32.4052 32.6392 
30.6105 82.8136 43.5037 55.72 96.1566 
22.722 73.7017 36.1773 49.0433 89.0834 
23.585 53.1327 15.9906 28.956 65.79 
4.87032 53.4394 44.0192 57.0424 92.0223 
59.5124 48.7592 31.5398 25.5071 30.9317 
