20 5 19
777 335 649 27 763 
9260 5400 4260 1720 7360 2110 3680 5670 4290 7820 5300 8620 1230 670 1350 9290 8020 220 580 
4 15 0 1 9 14 8 15 3 9 13 8 3 6 5 3 10 8 12 18 
538.243 848.236 240.337 255.885 620.552 
922.345 1175.25 585.769 520.096 679.213 
465.108 657.38 72.1803 76.0592 481.179 
531.603 287.571 400.536 402.981 487.155 
574.04 760.109 187.545 107.787 446.645 
361.248 568.589 43.4166 164.195 542.971 
601.09 175.482 753.745 815.67 942.714 
861.451 625.25 574.683 480.983 204.707 
589.886 800.062 214.462 151.159 477.281 
633.942 952.742 344.135 338.813 662.616 
128.39 413.411 373.466 491.235 808.452 
75.7694 605.392 372.228 506.645 882.572 
595.449 211.946 516.896 522.567 561.742 
674.627 437.809 445.88 393.032 332.024 
843.214 930.645 449.539 324.052 326.392 
306.105 828.136 435.037 557.2 961.566 
227.22 737.017 361.773 490.433 890.834 
235.85 531.327 159.906 289.56 657.9 
48.7032 534.394 440.192 570.424 920.223 
595.124 487.592 315.398 255.071 309.317 
