40 10 11
777 335 649 27 763 426 211 429 862 135 
92.9 80.2 2.2 5.8 6.9 16.7 39.3 45.6 1.1 4.2 22.9 
10 0 9 8 2 6 7 4 9 4 10 0 2 7 9 2 7 9 4 5 3 5 7 5 7 6 9 4 3 10 5 10 3 10 9 9 7 7 4 7 
50.3289 509.816 428.432 557 901.089 631.4 309.015 355.968 530.7 902.612 
705.025 704.918 330.51 200.878 206.712 517.962 650.13 405.86 412.612 434.232 
520.461 734.118 141.156 106.301 487.182 634.209 392.944 204.005 493.649 358.71 
807.759 802.574 424.736 290.63 167.093 601.333 735.759 501.538 508.19 403.714 
573.147 89.8944 685.61 739.828 856.36 334.349 795.88 662.857 384.61 1159.11 
239.727 772.162 548.336 681.878 1071.62 882.877 260.008 472.488 769.22 930.188 
87.2067 624.119 440.511 574.826 947.724 730.661 231.106 363.501 619.317 877.091 
552.844 744.71 166.784 97.5295 456.616 632.785 428.981 234.61 494.632 337.605 
488.895 94.1116 517.464 561.528 687.922 205.234 674.036 504.706 209.038 980.292 
897.396 671.509 597.716 496.729 179.204 421.684 918.569 659.826 412.869 736.21 
394.819 415.202 203.039 243.742 497.855 344.036 452.306 215.128 200.562 662.695 
452.283 655.122 61.0328 90 494.928 568.961 359.484 133.004 425.959 440.71 
366.191 873.06 429.2 541.69 946.62 907.628 129.757 372.98 771.052 687.669 
743.455 527.956 474.068 396.44 247.008 289.171 784.918 527.523 255.327 716.175 
505.202 244.561 412.393 428.921 534.068 144.845 634.476 420.344 54.3323 842.327 
298.744 266.865 372.651 454.493 696.093 348.455 479.338 339.202 259.494 866.46 
991.805 733.197 696.233 593.57 242.002 480.037 1017.14 758.383 493.356 809.03 
147.763 549.659 247.655 380.707 752.386 592.423 196.023 172 463.764 715.268 
338.599 719.423 185.569 296.987 702.157 701.51 159.424 143.265 558.813 529.122 
180.602 376.005 339.438 448.791 751.33 463.459 371.712 285 359.547 838.475 
510.554 635.284 123.693 20.6155 409.02 517.985 443.63 200.192 379.747 439.82 
818.563 763.552 449.722 320.351 96.7729 549.431 769.651 524.585 469.308 478.94 
399.49 669.481 69 166.481 571.505 610.889 283.833 90.6973 466.55 467.184 
693.797 517.054 416.39 340.508 250.839 293.293 728.204 470.425 230.471 674.867 
455.449 720.795 112.254 156.416 556.004 647.612 316.261 150.333 503.922 407.977 
537.587 415.785 306.778 280.264 385.001 255.705 593.762 343.759 126.669 680.062 
167.027 479.292 243.074 367.491 715.122 521.457 268.091 177.279 395.683 733.984 
832.633 1058.88 477.897 403.288 574.259 922.35 641.363 532.824 793.545 30.5941 
232.648 449.755 206.189 318.699 650.49 465.027 314.963 156.311 334.105 705.569 
630.632 226.318 546.174 545.95 560.565 27.0185 773.683 559 149.646 946.792 
545.055 606.897 177.882 76.531 351.689 467.985 502.309 249.874 335.491 470.821 
821.659 489.56 608.142 546.875 369.64 237.228 902.08 651.56 289.249 875.263 
309.095 716.224 212.869 330.829 735.572 711.973 121.462 159.531 570.793 565.212 
511.723 75.213 541.133 582.58 696.915 199.722 699.011 529.371 220.737 1000.86 
875.265 876.824 487.256 352.666 191.23 671.096 789.715 564.384 582.204 383.02 
178.631 553.565 216.749 350.036 724.489 582.742 197.99 141 450.644 686.226 
738.253 863.343 346.071 227.882 361.386 704.469 610.568 418.937 583.545 231.976 
432.925 259.786 359.785 395.904 559.973 217.47 563.494 358.645 105.948 814.617 
635.29 348.891 461.824 434.219 421.9 119.67 731.779 491.874 101.671 818.648 
535.381 548.631 203.298 135.074 347.311 404.428 523.582 265.166 272.635 532.886 
