40 10 11
777 335 649 27 763 426 211 429 862 135 
929000 802000 22000 58000 69000 167000 393000 456000 11000 42000 229000 
10 0 9 8 2 6 7 4 9 4 10 0 2 7 9 2 7 9 4 5 3 5 7 5 7 6 9 4 3 10 5 10 3 10 9 9 7 7 4 7 
50328.9 509816 428432 557000 901089 631400 309015 355968 530700 902612 
705025 704918 330510 200878 206712 517962 650130 405860 412612 434232 
520461 734118 141156 106301 487182 634209 392944 204005 493649 358710 
807759 802574 424736 290630 167093 601333 735759 501538 508190 403714 
573147 89894.4 685610 739828 856360 334349 795880 662857 384610 1.15911e+06 
239727 772162 548336 681878 1.07162e+06 882877 260008 472488 769220 930188 
87206.7 624119 440511 574826 947724 730661 231106 363501 619317 877091 
552844 744710 166784 97529.5 456616 632785 428981 234610 494632 337605 
488895 94111.6 517464 561528 687922 205234 674036 504706 209038 980292 
897396 671509 597716 496729 179204 421684 918569 659826 412869 736210 
394819 415202 203039 243742 497855 344036 452306 215128 200562 662695 
452283 655122 61032.8 90000 494928 568961 359484 133004 425959 440710 
366191 873060 429200 541690 946620 907628 129757 372980 771052 687669 
743455 527956 474068 396440 247008 289171 784918 527523 255327 716175 
505202 244561 412393 428921 534068 144845 634476 420344 54332.3 842327 
298744 266865 372651 454493 696093 348455 479338 339202 259494 866460 
991805 733197 696233 593570 242002 480037 1.01714e+06 758383 493356 809030 
147763 549659 247655 380707 752386 592423 196023 172000 463764 715268 
338599 719423 185569 296987 702157 701510 159424 143265 558813 529122 
180602 376005 339438 448791 751330 463459 371712 285000 359547 838475 
510554 635284 123693 20615.5 409020 517985 443630 200192 379747 439820 
818563 763552 449722 320351 96772.9 549431 769651 524585 469308 478940 
399490 669481 69000 166481 571505 610889 283833 90697.3 466550 467184 
693797 517054 416390 340508 250839 293293 728204 470425 230471 674867 
455449 720795 112254 156416 556004 647612 316261 150333 503922 407977 
537587 415785 306778 280264 385001 255705 593762 343759 126669 680062 
167027 479292 243074 367491 715122 521457 268091 177279 395683 733984 
832633 1.05888e+06 477897 403288 574259 922350 641363 532824 793545 30594.1 
232648 449755 206189 318699 650490 465027 314963 156311 334105 705569 
630632 226318 546174 545950 560565 27018.5 773683 559000 149646 946792 
545055 606897 177882 76531 351689 467985 502309 249874 335491 470821 
821659 489560 608142 546875 369640 237228 902080 651560 289249 875263 
309095 716224 212869 330829 735572 711973 121462 159531 570793 565212 
511723 75213 541133 582580 696915 199722 699011 529371 220737 1.00086e+06 
875265 876824 487256 352666 191230 671096 789715 564384 582204 383020 
178631 553565 216749 350036 724489 582742 197990 141000 450644 686226 
738253 863343 346071 227882 361386 704469 610568 418937 583545 231976 
432925 259786 359785 395904 559973 217470 563494 358645 105948 814617 
635290 348891 461824 434219 421900 119670 731779 491874 101671 818648 
535381 548631 203298 135074 347311 404428 523582 265166 272635 532886 
