40 10 11
777 335 649 27 763 426 211 429 862 135 
929 802 22 58 69 167 393 456 11 42 229 
10 0 9 8 2 6 7 4 9 4 10 0 2 7 9 2 7 9 4 5 3 5 7 5 7 6 9 4 3 10 5 10 3 10 9 9 7 7 4 7 
503.289 5098.16 4284.32 5570 9010.89 6314 3090.15 3559.68 5307 9026.12 
7050.25 7049.18 3305.1 2008.78 2067.12 5179.62 6501.3 4058.6 4126.12 4342.32 
5204.61 7341.18 1411.56 1063.01 4871.82 6342.09 3929.44 2040.05 4936.49 3587.1 
8077.59 8025.74 4247.36 2906.3 1670.93 6013.33 7357.59 5015.38 5081.9 4037.14 
5731.47 898.944 6856.1 7398.28 8563.6 3343.49 7958.8 6628.57 3846.1 11591.1 
2397.27 7721.62 5483.36 6818.78 10716.2 8828.77 2600.08 4724.88 7692.2 9301.88 
872.067 6241.19 4405.11 5748.26 9477.24 7306.61 2311.06 3635.01 6193.17 8770.91 
5528.44 7447.1 1667.84 975.295 4566.16 6327.85 4289.81 2346.1 4946.32 3376.05 
4888.95 941.116 5174.64 5615.28 6879.22 2052.34 6740.36 5047.06 2090.38 9802.92 
8973.96 6715.09 5977.16 4967.29 1792.04 4216.84 9185.69 6598.26 4128.69 7362.1 
3948.19 4152.02 2030.39 2437.42 4978.55 3440.36 4523.06 2151.28 2005.62 6626.95 
4522.83 6551.22 610.328 900 4949.28 5689.61 3594.84 1330.04 4259.59 4407.1 
3661.91 8730.6 4292 5416.9 9466.2 9076.28 1297.57 3729.8 7710.52 6876.69 
7434.55 5279.56 4740.68 3964.4 2470.08 2891.71 7849.18 5275.23 2553.27 7161.75 
5052.02 2445.61 4123.93 4289.21 5340.68 1448.45 6344.76 4203.44 543.323 8423.27 
2987.44 2668.65 3726.51 4544.93 6960.93 3484.55 4793.38 3392.02 2594.94 8664.6 
9918.05 7331.97 6962.33 5935.7 2420.02 4800.37 10171.4 7583.83 4933.56 8090.3 
1477.63 5496.59 2476.55 3807.07 7523.86 5924.23 1960.23 1720 4637.64 7152.68 
3385.99 7194.23 1855.69 2969.87 7021.57 7015.1 1594.24 1432.65 5588.13 5291.22 
1806.02 3760.05 3394.38 4487.91 7513.3 4634.59 3717.12 2850 3595.47 8384.75 
5105.54 6352.84 1236.93 206.155 4090.2 5179.85 4436.3 2001.92 3797.47 4398.2 
8185.63 7635.52 4497.22 3203.51 967.729 5494.31 7696.51 5245.85 4693.08 4789.4 
3994.9 6694.81 690 1664.81 5715.05 6108.89 2838.33 906.973 4665.5 4671.84 
6937.97 5170.54 4163.9 3405.08 2508.39 2932.93 7282.04 4704.25 2304.71 6748.67 
4554.49 7207.95 1122.54 1564.16 5560.04 6476.12 3162.61 1503.33 5039.22 4079.77 
5375.87 4157.85 3067.78 2802.64 3850.01 2557.05 5937.62 3437.59 1266.69 6800.62 
1670.27 4792.92 2430.74 3674.91 7151.22 5214.57 2680.91 1772.79 3956.83 7339.84 
8326.33 10588.8 4778.97 4032.88 5742.59 9223.5 6413.63 5328.24 7935.45 305.941 
2326.48 4497.55 2061.89 3186.99 6504.9 4650.27 3149.63 1563.11 3341.05 7055.69 
6306.32 2263.18 5461.74 5459.5 5605.65 270.185 7736.83 5590 1496.46 9467.92 
5450.55 6068.97 1778.82 765.31 3516.89 4679.85 5023.09 2498.74 3354.91 4708.21 
8216.59 4895.6 6081.42 5468.75 3696.4 2372.28 9020.8 6515.6 2892.49 8752.63 
3090.95 7162.24 2128.69 3308.29 7355.72 7119.73 1214.62 1595.31 5707.93 5652.12 
5117.23 752.13 5411.33 5825.8 6969.15 1997.22 6990.11 5293.71 2207.37 10008.6 
8752.65 8768.24 4872.56 3526.66 1912.3 6710.96 7897.15 5643.84 5822.04 3830.2 
1786.31 5535.65 2167.49 3500.36 7244.89 5827.42 1979.9 1410 4506.44 6862.26 
7382.53 8633.43 3460.71 2278.82 3613.86 7044.69 6105.68 4189.37 5835.45 2319.76 
4329.25 2597.86 3597.85 3959.04 5599.73 2174.7 5634.94 3586.45 1059.48 8146.17 
6352.9 3488.91 4618.24 4342.19 4219 1196.7 7317.79 4918.74 1016.71 8186.48 
5353.81 5486.31 2032.98 1350.74 3473.11 4044.28 5235.82 2651.66 2726.35 5328.86 
