40 10 11
777 335 649 27 763 426 211 429 862 135 
92.9 80.2 2.2 5.8 6.9 16.7 39.3 45.6 1.1 4.2 22.9 
10 0 9 8 2 6 7 4 9 4 10 0 2 7 9 2 7 9 4 5 3 5 7 5 7 6 9 4 3 10 5 10 3 10 9 9 7 7 4 7 
0.503289 5.09816 4.28432 5.57 9.01089 6.314 3.09015 3.55968 5.307 9.02612 
7.05025 7.04918 3.3051 2.00878 2.06712 5.17962 6.5013 4.0586 4.12612 4.34232 
5.20461 7.34118 1.41156 1.06301 4.87182 6.34209 3.92944 2.04005 4.93649 3.5871 
8.07759 8.02574 4.24736 2.9063 1.67093 6.01333 7.35759 5.01538 5.0819 4.03714 
5.73147 0.898944 6.8561 7.39828 8.5636 3.34349 7.9588 6.62857 3.8461 11.5911 
2.39727 7.72162 5.48336 6.81878 10.7162 8.82877 2.60008 4.72488 7.6922 9.30188 
0.872067 6.24119 4.40511 5.74826 9.47724 7.30661 2.31106 3.63501 6.19317 8.77091 
5.52844 7.4471 1.66784 0.975295 4.56616 6.32785 4.28981 2.3461 4.94632 3.37605 
4.88895 0.941116 5.17464 5.61528 6.87922 2.05234 6.74036 5.04706 2.09038 9.80292 
8.97396 6.71509 5.97716 4.96729 1.79204 4.21684 9.18569 6.59826 4.12869 7.3621 
3.94819 4.15202 2.03039 2.43742 4.97855 3.44036 4.52306 2.15128 2.00562 6.62695 
4.52283 6.55122 0.610328 0.9 4.94928 5.68961 3.59484 1.33004 4.25959 4.4071 
3.66191 8.7306 4.292 5.4169 9.4662 9.07628 1.29757 3.7298 7.71052 6.87669 
7.43455 5.27956 4.74068 3.9644 2.47008 2.89171 7.84918 5.27523 2.55327 7.16175 
5.05202 2.44561 4.12393 4.28921 5.34068 1.44845 6.34476 4.20344 0.543323 8.42327 
2.98744 2.66865 3.72651 4.54493 6.96093 3.48455 4.79338 3.39202 2.59494 8.6646 
9.91805 7.33197 6.96233 5.9357 2.42002 4.80037 10.1714 7.58383 4.93356 8.0903 
1.47763 5.49659 2.47655 3.80707 7.52386 5.92423 1.96023 1.72 4.63764 7.15268 
3.38599 7.19423 1.85569 2.96987 7.02157 7.0151 1.59424 1.43265 5.58813 5.29122 
1.80602 3.76005 3.39438 4.48791 7.5133 4.63459 3.71712 2.85 3.59547 8.38475 
5.10554 6.35284 1.23693 0.206155 4.0902 5.17985 4.4363 2.00192 3.79747 4.3982 
8.18563 7.63552 4.49722 3.20351 0.967729 5.49431 7.69651 5.24585 4.69308 4.7894 
3.9949 6.69481 0.69 1.66481 5.71505 6.10889 2.83833 0.906973 4.6655 4.67184 
6.93797 5.17054 4.1639 3.40508 2.50839 2.93293 7.28204 4.70425 2.30471 6.74867 
4.55449 7.20795 1.12254 1.56416 5.56004 6.47612 3.16261 1.50333 5.03922 4.07977 
5.37587 4.15785 3.06778 2.80264 3.85001 2.55705 5.93762 3.43759 1.26669 6.80062 
1.67027 4.79292 2.43074 3.67491 7.15122 5.21457 2.68091 1.77279 3.95683 7.33984 
8.32633 10.5888 4.77897 4.03288 5.74259 9.2235 6.41363 5.32824 7.93545 0.305941 
2.32648 4.49755 2.06189 3.18699 6.5049 4.65027 3.14963 1.56311 3.34105 7.05569 
6.30632 2.26318 5.46174 5.4595 5.60565 0.270185 7.73683 5.59 1.49646 9.46792 
5.45055 6.06897 1.77882 0.76531 3.51689 4.67985 5.02309 2.49874 3.35491 4.70821 
8.21659 4.8956 6.08142 5.46875 3.6964 2.37228 9.0208 6.5156 2.89249 8.75263 
3.09095 7.16224 2.12869 3.30829 7.35572 7.11973 1.21462 1.59531 5.70793 5.65212 
5.11723 0.75213 5.41133 5.8258 6.96915 1.99722 6.99011 5.29371 2.20737 10.0086 
8.75265 8.76824 4.87256 3.52666 1.9123 6.71096 7.89715 5.64384 5.82204 3.8302 
1.78631 5.53565 2.16749 3.50036 7.24489 5.82742 1.9799 1.41 4.50644 6.86226 
7.38253 8.63343 3.46071 2.27882 3.61386 7.04469 6.10568 4.18937 5.83545 2.31976 
4.32925 2.59786 3.59785 3.95904 5.59973 2.1747 5.63494 3.58645 1.05948 8.14617 
6.3529 3.48891 4.61824 4.34219 4.219 1.1967 7.31779 4.91874 1.01671 8.18648 
5.35381 5.48631 2.03298 1.35074 3.47311 4.04428 5.23582 2.65166 2.72635 5.32886 
