60 15 15
777 335 649 27 763 426 211 429 862 135 22 167 11 373 784 
5370 1980 3240 3150 3700 4130 5260 910 9800 9560 8730 8620 1700 9960 2810 
0 12 1 2 12 12 3 3 8 11 12 3 1 14 14 6 12 11 11 14 10 7 6 7 2 5 14 6 3 3 10 8 11 5 14 5 14 4 3 10 7 13 9 10 0 8 3 4 8 10 3 12 14 8 7 0 14 2 7 4 
96.7971 70.9071 67.6007 57.5587 23.6326 45.6001 99.6049 73.725 46.8364 80.218 71.8011 86.713 64.9159 89.4826 97.5316 
38.3888 64.6672 5.16624 16.6355 56.9414 59.1037 28.3297 6.97711 44.67 48.7045 66.3218 51.7088 7.51665 40.3252 42.2636 
66.9362 51.4778 38.6898 31.1873 25.6977 30.0563 69.9413 44.1403 22.3379 65.4028 52.8319 71.3987 36.5164 69.2116 67.9779 
25.9156 79.7549 48.068 61.0162 100.958 87.7057 16.6087 40.8803 75.2455 82.8001 81.0354 82.8633 51.4861 67.1029 29.7968 
17.7279 37.0595 35.9117 46.87 76.8798 46.9294 38.1068 30.3872 36.9899 85.7959 38.4187 89.0053 38.8932 77.1514 16.2484 
52.4485 64.4517 13.6704 1.31529 39.8197 52.2532 45.5003 21.346 38.5565 43.0035 66.0961 47.7913 10.0722 41.4595 55.5152 
87.9255 72.5025 54.4537 42.8796 6.62118 48.5989 86.9071 61.3453 44.4154 62.7319 73.7066 69.2234 51.343 72.21 89.4687 
71.604 88.6874 33.271 23.4267 43.0763 74.4005 56.7609 39.9731 61.6393 18.9024 90.3208 24.3731 30.1617 23.9493 75.5054 
52.3154 51.1528 21.7083 16.8077 35.9961 36.842 52.9748 27.1205 23.523 57.0453 52.7471 62.3083 19.8217 56.9245 54.1133 
61.2217 42.5625 37.9569 33.5049 34.5971 22.2407 67.2527 42.0975 13.3959 71.3011 43.9356 77.027 36.5472 73.2014 61.7486 
38.5265 86.2968 37.4342 47.8453 88.181 87.6614 12.7059 32.6719 73.6614 61.225 87.8087 60.7003 39.911 44.7362 43.5167 
94.3722 80.0585 59.5826 47.2889 6.7897 56.0137 91.96 66.7582 51.9782 61.845 81.2527 68.3381 56.2896 72.9999 96.1131 
81.7602 77.2555 44.5426 31.4721 10.9731 56.0817 76.3911 52.082 47.8029 46.3787 78.671 52.8592 41.0235 56.0501 84.1338 
51.923 25.3237 41.6371 42.7949 52.1676 13.4391 64.4736 42.7011 4.20595 83.94 26.7918 89.1162 41.7852 82.6614 51.1544 
41.903 62.8208 2.62488 11.3464 51.3622 55.2841 33.8817 10.0499 40.8883 47.4368 64.4846 51.069 1.86011 41.1752 45.4041 
28.6447 82.523 50.1618 62.9743 103.068 90.4591 18.2157 43.089 77.9493 83.5405 83.7988 83.3912 53.5287 67.5244 32.4446 
25.8141 44.5881 19.1927 29.8565 62.5182 44.8219 33.0841 15.0336 31.4617 69.1655 46.2027 72.6805 21.9584 61.7599 27.6279 
61.1523 80.0103 22.8405 14.5341 44.7395 67.6923 47.3896 29.4717 54.2089 27.7584 81.662 32.1823 19.8595 26.3973 65.017 
6.16847 47.9437 37.7033 50.3397 84.3586 58.3824 29.8332 30.6811 47.8023 85.9027 49.205 88.3349 41.1807 75.0798 5.75847 
27.388 50.2113 13.9617 25.8027 61.165 48.8431 29.6096 9.20869 34.9521 63.8549 51.8376 67.1935 17.0792 56.0093 30.088 
92.2356 78.4372 57.4604 45.2134 4.80104 54.5793 89.8484 64.6233 50.1807 60.7068 79.6518 67.2075 54.1776 71.4964 93.9898 
30.8255 81.8296 40.1699 52.1783 92.6603 86.0582 8.27647 33.9201 72.6158 70.448 83.2577 70.3082 43.2251 54.4783 35.6202 
34.1457 25.4275 36.14 43.0029 65.0173 30.2592 50.3724 33.825 20.8543 84.6681 27.049 88.8982 37.8857 79.4411 32.9569 
18.643 35.3657 40.6518 51.5123 80.6435 47.8265 41.2826 35.0887 39.0514 90.5349 36.6005 93.7257 43.6206 81.7774 15.9013 
30.1496 59.891 9.96243 23.4094 62.5538 57.4843 23.5077 2.42074 43.264 56.768 61.5168 59.5243 13.6015 47.3466 33.9872 
21.7113 61.8855 20.7077 34.0978 73.2688 63.6277 14.4101 13.1529 49.9985 64.2608 63.4263 66.2193 24.3101 52.5178 26.2528 
43.1561 39.3581 24.0707 26.2231 47.3621 30.2238 49.7562 25.8954 15.8013 68.0825 41.0001 72.8723 24.1961 65.4313 44.0556 
35.3624 18.6507 48.2996 56.1079 77.1145 34.8076 56.767 44.8486 30.3152 97.5461 19.8842 101.581 50.4034 91.4385 32.3761 
71.5508 103.747 42.8921 41.2393 70.3393 94.6335 49.0474 45.8268 80.6083 22.809 105.41 20.4749 41.7698 4.70106 76.3417 
36.7241 22.1208 39.168 45.4948 65.6247 27.9551 53.6411 37.0815 19.9251 87.3 23.7508 91.6415 40.7806 82.4471 35.2115 
25.0711 76.6006 38.5467 51.2191 91.4248 81.8086 6.42573 31.6863 68.6619 72.9464 78.0023 73.2673 41.8493 57.7008 29.8518 
68.272 62.3308 33.887 22.9124 19.9449 42.6484 66.3323 40.7657 32.8818 52.6031 63.7942 58.7006 30.8457 57.6222 70.22 
7.64788 48.1331 43.3896 55.9804 89.4519 60.8922 33.4763 36.36 51.2291 91.4822 49.259 93.8271 46.8603 80.3831 3.00666 
39.802 61.6702 0.806226 13.2816 52.987 54.9466 32.3037 7.97621 40.5183 49.2724 63.3321 52.7828 3.49285 42.5029 43.3042 
16.14 68.8675 38.3099 51.642 90.8277 76.0135 11.9 30.7695 63.5324 78.109 70.2084 79.0496 41.8868 63.9641 20.8166 
43.0228 77.9187 19.3166 26.6511 66.4447 73.4091 23.6932 18.7387 58.9764 43.8622 79.555 45.1648 20.4783 31.0229 47.7017 
85.1942 68.5829 52.7549 41.7484 9.84937 44.643 85.1474 59.4193 40.6399 64.3529 69.7789 70.8139 49.786 72.9595 86.5837 
60.4745 9.56713 70.2636 75.126 85.054 32.1834 82.3787 68.3141 38.5099 117.005 7.92465 121.754 71.6126 113.409 56.9495 
66.7791 70.72 28.5044 15.2069 26.0432 53.5905 60.0701 36.1565 42.0107 40.1278 72.282 46.0926 24.9088 44.9004 69.5531 
47.8619 15.3574 64.8741 72.2025 89.3135 40.1628 71.552 61.42 41.3237 113.88 15.1182 118.038 66.8996 108.043 43.833 
47.9401 50.9148 17.3925 15.0083 40.2747 38.8888 48.2744 22.4475 24.9018 56.576 52.5461 61.5202 15.9138 54.9859 49.9223 
49.1024 74.7393 13.9807 15.2778 54.1599 66.4447 34.4746 18.5065 52.1707 37.243 76.4029 40.1663 12.7769 29.3212 53.241 
26.3492 79.6656 45.1864 57.9669 98.0899 86.5534 13.2231 38.1694 73.7906 79.1003 80.9938 79.1511 48.5374 63.3942 30.6139 
73.9268 104.601 43.8719 41.1447 68.4547 94.6794 51.9086 47.3097 80.7996 19.4258 106.265 17.0485 42.4802 1.52643 78.6631 
41.5601 12.4535 52.1464 58.849 76.5957 30.8177 62.639 49.3585 28.821 100.643 13.6938 104.939 53.9485 95.4422 38.5467 
90.7317 109.887 53.8897 44.7756 54.9102 94.495 72.558 59.9801 82.3214 5.94643 111.511 10.2903 51.0416 24.026 94.9604 
18.28 38.6374 31.797 42.7855 73.4854 46.185 35.9234 26.3822 35.2881 81.7017 40.0844 84.9523 34.7701 73.2378 17.9201 
13.6854 47.2952 27.693 40.1603 74.6073 53.1994 27.2342 20.9859 41.1351 76.6039 48.7562 79.3638 31.1045 66.78 15.7544 
32.0039 42.083 19 27.0601 56.7726 39.3573 38.8402 17.4416 25.5562 68.0254 43.7375 72.0256 20.8626 62.3013 33.4153 
52.5419 2.7313 61.2046 66.4248 78.8592 27.8869 73.6579 59.1859 31.2775 108.35 2.96816 112.992 62.6231 104.401 49.3447 
60.0262 48.0942 32.6087 26.7092 31.0006 29.3061 63.3202 37.6303 18.6432 64.0647 49.555 69.7782 30.7561 66.0996 61.1383 
54.5212 20.301 73.2105 80.4967 96.4105 45.6089 78.9066 69.6737 48.5161 122.208 19.4371 126.381 75.2447 116.358 50.1941 
55.0142 36.5941 35.7677 33.9629 41.4403 19.5931 62.9918 38.7342 7.15612 73.9465 38.0552 79.3742 35.028 74.1271 55.2526 
40.152 51.6779 10.4235 15.3395 48.3322 43.7924 39.6602 13.9671 29.3641 56.6845 53.3414 60.9528 10.6104 52.3072 42.563 
41.8961 24.1456 37.1517 41.4656 58.6046 22.6312 56.0601 36.521 12.7456 83.3866 25.8031 88.0633 38.1534 79.9196 40.9928 
75.6897 77.1891 37.2518 23.8296 20.1556 58.1414 68.3592 44.9392 47.9176 38.8726 78.6985 45.2448 33.6204 47.1666 78.451 
45.771 17.8933 43.7412 47.6942 61.7508 19.0371 61.7645 43.0265 13.9058 89.5529 19.529 94.339 44.701 86.437 44.2408 
45.096 49.7363 15.8493 15.8256 43.1195 39.1449 45.9221 20.22 24.891 57.7209 51.3822 62.4725 14.9215 55.2472 47.0814 
54.5286 59.8588 18.2784 8.62844 34.8001 45.8024 50.7332 25.3505 32.596 48 61.473 53.235 15.2306 48.1769 57.0519 
27.7218 59.5494 12.492 25.948 64.936 58.2344 21.5873 4.83322 44.1494 58.8694 61.159 61.4706 16.14 48.9449 31.6533 
