60 15 15
777 335 649 27 763 426 211 429 862 135 22 167 11 373 784 
537000 198000 324000 315000 370000 413000 526000 91000 980000 956000 873000 862000 170000 996000 281000 
0 12 1 2 12 12 3 3 8 11 12 3 1 14 14 6 12 11 11 14 10 7 6 7 2 5 14 6 3 3 10 8 11 5 14 5 14 4 3 10 7 13 9 10 0 8 3 4 8 10 3 12 14 8 7 0 14 2 7 4 
9679.71 7090.71 6760.07 5755.87 2363.26 4560.01 9960.49 7372.5 4683.64 8021.8 7180.11 8671.3 6491.59 8948.26 9753.16 
3838.88 6466.72 516.624 1663.55 5694.14 5910.37 2832.97 697.711 4467 4870.45 6632.18 5170.88 751.665 4032.52 4226.36 
6693.62 5147.78 3868.98 3118.73 2569.77 3005.63 6994.13 4414.03 2233.79 6540.28 5283.19 7139.87 3651.64 6921.16 6797.79 
2591.56 7975.49 4806.8 6101.62 10095.8 8770.57 1660.87 4088.03 7524.55 8280.01 8103.54 8286.33 5148.61 6710.29 2979.68 
1772.79 3705.95 3591.17 4687 7687.98 4692.94 3810.68 3038.72 3698.99 8579.59 3841.87 8900.53 3889.32 7715.14 1624.84 
5244.85 6445.17 1367.04 131.529 3981.97 5225.32 4550.03 2134.6 3855.65 4300.35 6609.61 4779.13 1007.22 4145.95 5551.52 
8792.55 7250.25 5445.37 4287.96 662.118 4859.89 8690.71 6134.53 4441.54 6273.19 7370.66 6922.34 5134.3 7221 8946.87 
7160.4 8868.74 3327.1 2342.67 4307.63 7440.05 5676.09 3997.31 6163.93 1890.24 9032.08 2437.31 3016.17 2394.93 7550.54 
5231.54 5115.28 2170.83 1680.77 3599.61 3684.2 5297.48 2712.05 2352.3 5704.53 5274.71 6230.83 1982.17 5692.45 5411.33 
6122.17 4256.25 3795.69 3350.49 3459.71 2224.07 6725.27 4209.75 1339.59 7130.11 4393.56 7702.7 3654.72 7320.14 6174.86 
3852.65 8629.68 3743.42 4784.53 8818.1 8766.14 1270.59 3267.19 7366.14 6122.5 8780.87 6070.03 3991.1 4473.62 4351.67 
9437.22 8005.85 5958.26 4728.89 678.97 5601.37 9196 6675.82 5197.82 6184.5 8125.27 6833.81 5628.96 7299.99 9611.31 
8176.02 7725.55 4454.26 3147.21 1097.31 5608.17 7639.11 5208.2 4780.29 4637.87 7867.1 5285.92 4102.35 5605.01 8413.38 
5192.3 2532.37 4163.71 4279.49 5216.76 1343.91 6447.36 4270.11 420.595 8394 2679.18 8911.62 4178.52 8266.14 5115.44 
4190.3 6282.08 262.488 1134.64 5136.22 5528.41 3388.17 1004.99 4088.83 4743.68 6448.46 5106.9 186.011 4117.52 4540.41 
2864.47 8252.3 5016.18 6297.43 10306.8 9045.91 1821.57 4308.9 7794.93 8354.05 8379.88 8339.12 5352.87 6752.44 3244.46 
2581.41 4458.81 1919.27 2985.65 6251.82 4482.19 3308.41 1503.36 3146.17 6916.55 4620.27 7268.05 2195.84 6175.99 2762.79 
6115.23 8001.03 2284.05 1453.41 4473.95 6769.23 4738.96 2947.17 5420.89 2775.84 8166.2 3218.23 1985.95 2639.73 6501.7 
616.847 4794.37 3770.33 5033.97 8435.86 5838.24 2983.32 3068.11 4780.23 8590.27 4920.5 8833.49 4118.07 7507.98 575.847 
2738.8 5021.13 1396.17 2580.27 6116.5 4884.31 2960.96 920.869 3495.21 6385.49 5183.76 6719.35 1707.92 5600.93 3008.8 
9223.56 7843.72 5746.04 4521.34 480.104 5457.93 8984.84 6462.33 5018.07 6070.68 7965.18 6720.75 5417.76 7149.64 9398.98 
3082.55 8182.96 4016.99 5217.83 9266.03 8605.82 827.647 3392.01 7261.58 7044.8 8325.77 7030.82 4322.51 5447.83 3562.02 
3414.57 2542.75 3614 4300.29 6501.73 3025.92 5037.24 3382.5 2085.43 8466.81 2704.9 8889.82 3788.57 7944.11 3295.69 
1864.3 3536.57 4065.18 5151.23 8064.35 4782.65 4128.26 3508.87 3905.14 9053.49 3660.05 9372.57 4362.06 8177.74 1590.13 
3014.96 5989.1 996.243 2340.94 6255.38 5748.43 2350.77 242.074 4326.4 5676.8 6151.68 5952.43 1360.15 4734.66 3398.72 
2171.13 6188.55 2070.77 3409.78 7326.88 6362.77 1441.01 1315.29 4999.85 6426.08 6342.63 6621.93 2431.01 5251.78 2625.28 
4315.61 3935.81 2407.07 2622.31 4736.21 3022.38 4975.62 2589.54 1580.13 6808.25 4100.01 7287.23 2419.61 6543.13 4405.56 
3536.24 1865.07 4829.96 5610.79 7711.45 3480.76 5676.7 4484.86 3031.52 9754.61 1988.42 10158.1 5040.34 9143.85 3237.61 
7155.08 10374.7 4289.21 4123.93 7033.93 9463.35 4904.74 4582.68 8060.83 2280.9 10541 2047.49 4176.98 470.106 7634.17 
3672.41 2212.08 3916.8 4549.48 6562.47 2795.51 5364.11 3708.15 1992.51 8730 2375.08 9164.15 4078.06 8244.71 3521.15 
2507.11 7660.06 3854.67 5121.91 9142.48 8180.86 642.573 3168.63 6866.19 7294.64 7800.23 7326.73 4184.93 5770.08 2985.18 
6827.2 6233.08 3388.7 2291.24 1994.49 4264.84 6633.23 4076.57 3288.18 5260.31 6379.42 5870.06 3084.57 5762.22 7022 
764.788 4813.31 4338.96 5598.04 8945.19 6089.22 3347.63 3636 5122.91 9148.22 4925.9 9382.71 4686.03 8038.31 300.666 
3980.2 6167.02 80.6226 1328.16 5298.7 5494.66 3230.37 797.621 4051.83 4927.24 6333.21 5278.28 349.285 4250.29 4330.42 
1614 6886.75 3830.99 5164.2 9082.77 7601.35 1190 3076.95 6353.24 7810.9 7020.84 7904.96 4188.68 6396.41 2081.66 
4302.28 7791.87 1931.66 2665.11 6644.47 7340.91 2369.32 1873.87 5897.64 4386.22 7955.5 4516.48 2047.83 3102.29 4770.17 
8519.42 6858.29 5275.49 4174.84 984.937 4464.3 8514.74 5941.93 4063.99 6435.29 6977.89 7081.39 4978.6 7295.95 8658.37 
6047.45 956.713 7026.36 7512.6 8505.4 3218.34 8237.87 6831.41 3850.99 11700.5 792.465 12175.4 7161.26 11340.9 5694.95 
6677.91 7072 2850.44 1520.69 2604.32 5359.05 6007.01 3615.65 4201.07 4012.78 7228.2 4609.26 2490.88 4490.04 6955.31 
4786.19 1535.74 6487.41 7220.25 8931.35 4016.28 7155.2 6142 4132.37 11388 1511.82 11803.8 6689.96 10804.3 4383.3 
4794.01 5091.48 1739.25 1500.83 4027.47 3888.88 4827.44 2244.75 2490.18 5657.6 5254.61 6152.02 1591.38 5498.59 4992.23 
4910.24 7473.93 1398.07 1527.78 5415.99 6644.47 3447.46 1850.65 5217.07 3724.3 7640.29 4016.63 1277.69 2932.12 5324.1 
2634.92 7966.56 4518.64 5796.69 9808.99 8655.34 1322.31 3816.94 7379.06 7910.03 8099.38 7915.11 4853.74 6339.42 3061.39 
7392.68 10460.1 4387.19 4114.47 6845.47 9467.94 5190.86 4730.97 8079.96 1942.58 10626.5 1704.85 4248.02 152.643 7866.31 
4156.01 1245.35 5214.64 5884.9 7659.57 3081.77 6263.9 4935.85 2882.1 10064.3 1369.38 10493.9 5394.85 9544.22 3854.67 
9073.17 10988.7 5388.97 4477.56 5491.02 9449.5 7255.8 5998.01 8232.14 594.643 11151.1 1029.03 5104.16 2402.6 9496.04 
1828 3863.74 3179.7 4278.55 7348.54 4618.5 3592.34 2638.22 3528.81 8170.17 4008.44 8495.23 3477.01 7323.78 1792.01 
1368.54 4729.52 2769.3 4016.03 7460.73 5319.94 2723.42 2098.59 4113.51 7660.39 4875.62 7936.38 3110.45 6678 1575.44 
3200.39 4208.3 1900 2706.01 5677.26 3935.73 3884.02 1744.16 2555.62 6802.54 4373.75 7202.56 2086.26 6230.13 3341.53 
5254.19 273.13 6120.46 6642.48 7885.92 2788.69 7365.79 5918.59 3127.75 10835 296.816 11299.2 6262.31 10440.1 4934.47 
6002.62 4809.42 3260.87 2670.92 3100.06 2930.61 6332.02 3763.03 1864.32 6406.47 4955.5 6977.82 3075.61 6609.96 6113.83 
5452.12 2030.1 7321.05 8049.67 9641.05 4560.89 7890.66 6967.37 4851.61 12220.8 1943.71 12638.1 7524.47 11635.8 5019.41 
5501.42 3659.41 3576.77 3396.29 4144.03 1959.31 6299.18 3873.42 715.612 7394.65 3805.52 7937.42 3502.8 7412.71 5525.26 
4015.2 5167.79 1042.35 1533.95 4833.22 4379.24 3966.02 1396.71 2936.41 5668.45 5334.14 6095.28 1061.04 5230.72 4256.3 
4189.61 2414.56 3715.17 4146.56 5860.46 2263.12 5606.01 3652.1 1274.56 8338.66 2580.31 8806.33 3815.34 7991.96 4099.28 
7568.97 7718.91 3725.18 2382.96 2015.56 5814.14 6835.92 4493.92 4791.76 3887.26 7869.85 4524.48 3362.04 4716.66 7845.1 
4577.1 1789.33 4374.12 4769.42 6175.08 1903.71 6176.45 4302.65 1390.58 8955.29 1952.9 9433.9 4470.1 8643.7 4424.08 
4509.6 4973.63 1584.93 1582.56 4311.95 3914.49 4592.21 2022 2489.1 5772.09 5138.22 6247.25 1492.15 5524.72 4708.14 
5452.86 5985.88 1827.84 862.844 3480.01 4580.24 5073.32 2535.05 3259.6 4800 6147.3 5323.5 1523.06 4817.69 5705.19 
2772.18 5954.94 1249.2 2594.8 6493.6 5823.44 2158.73 483.322 4414.94 5886.94 6115.9 6147.06 1614 4894.49 3165.33 
