80 20 22
777 335 649 27 763 426 211 429 862 135 22 167 11 373 784 324 413 980 862 281 
305000 925000 84000 327000 336000 505000 846000 729000 313000 857000 124000 895000 582000 545000 814000 367000 434000 364000 43000 750000 87000 808000 
4 20 14 8 9 20 19 18 15 8 21 11 8 13 21 13 21 5 10 18 6 15 14 19 20 1 21 8 3 12 15 15 9 9 3 19 11 19 15 13 21 14 6 0 15 21 12 9 13 16 10 3 12 0 12 18 3 4 10 20 6 2 4 16 5 15 1 12 5 12 1 17 4 12 18 14 21 6 0 11 
227220 737017 361773 490433 890834 788041 52345 291446 656795 723095 751130 728945 395536 575306 276062 690638 439878 779046 782630 208154 
235850 531327 159906 289560 657900 534649 246142 91000 397847 647654 547245 676572 195256 555342 268604 472403 294457 573349 595897 416310 
48703.2 534394 440192 570424 920223 656805 299908 366314 555241 907965 545711 927928 476038 788453 25553.9 746860 568243 850535 560116 237775 
595124 487592 315398 255071 309317 303453 624051 366695 193598 629611 502359 686531 296366 649059 607146 219593 361006 315006 577430 806486 
757127 1.06625e+06 458947 431019 698264 966433 534509 492968 827838 193912 1.0829e+06 163600 445040 30149.6 804692 525746 335477 531433 1.14444e+06 786043 
451586 859393 295758 371831 765256 832001 211880 275427 688059 472890 875439 471377 310306 314331 501327 559044 278212 622357 924446 463276 
489155 497902 192925 165484 393732 371446 499608 241853 232723 578358 514106 628784 178362 566400 507372 238296 262909 345811 584566 689814 
297121 487409 135801 243387 586083 463036 324423 104676 322902 635210 503830 671048 162791 564809 321310 409034 276523 513401 559558 494200 
770144 476177 544868 483100 333928 224288 841701 589624 244477 818133 485751 879682 527638 864491 770561 383909 589388 438694 558616 998431 
298766 265590 374769 456724 698035 348901 480416 341141 260722 868655 280794 908188 396334 806120 282719 569727 512411 676832 325738 538446 
608777 812572 231672 160178 468646 694141 462779 294457 558158 269462 829130 310440 204130 244730 648514 271649 91000 313912 895290 718471 
520704 115395 517929 551421 653854 161003 694592 511755 179360 968219 129865 1.01767e+06 526377 942830 500036 590479 635815 687405 205273 759785 
504591 460679 238732 212810 387559 322876 536120 281301 186196 620601 476596 672579 226566 614370 518310 255515 311955 361179 548688 714659 
845733 1.11285e+06 516382 460570 661547 989926 634856 562200 857071 104709 1.12944e+06 55072.7 495949 112539 891798 512442 380349 495682 1.19464e+06 889922 
560865 343628 385157 369677 429703 165849 651019 412074 50219.5 768960 357778 823476 378826 771327 560664 367212 469315 460570 433462 791471 
328568 245748 541806 634168 868208 443687 569956 495864 403656 1.04067e+06 253032 1.07702e+06 567183 965450 288111 749016 682265 855795 252834 543399 
612413 301823 470027 455467 468402 82152.3 724553 492995 81024.7 849817 313614 905532 464812 856983 606060 437221 555707 523198 389071 848291 
217830 371248 513546 625167 911950 544266 473114 453793 477117 1.01033e+06 379760 1.04e+06 544362 915222 171292 768564 653809 876057 381266 417153 
731361 619112 403408 298485 160153 402604 726918 469392 326377 580262 632776 642748 374525 641078 747425 147503 397775 202566 708692 931074 
145774 394782 404728 520125 828002 517653 380737 343535 425202 900245 406893 929572 436406 805208 117273 673060 544399 780003 428005 379195 
587882 302483 443137 431677 465249 103817 697093 465421 54203.3 829778 315279 884758 438526 833334 582683 422243 530928 511423 391189 823001 
530182 772431 169800 151119 521422 678174 380825 221822 537018 334978 789074 366531 151238 267030 571316 316526 45044.4 377180 851834 635912 
639015 495186 362416 294822 282110 290725 672060 414654 201467 651915 509156 710697 342257 682092 649367 227702 401123 312605 584953 852855 
444002 138062 470596 520525 672408 224475 624135 455544 193507 939822 154693 986083 483423 901417 423132 585411 596632 687258 219317 682939 
143680 672093 381047 515007 904098 746590 132019 304910 623077 788495 685414 799186 417138 649537 190539 710752 481120 805597 711512 167705 
631668 238076 538697 535956 547154 15811.4 770560 553130 141230 935387 247130 990437 537201 937506 618463 524314 633610 609361 319920 870909 
160963 427984 290496 407545 733368 491955 317238 230671 375755 786787 442634 817267 322318 696521 168861 568117 430308 674072 480526 393634 
705025 449138 476643 420171 327844 208147 772371 520402 189423 771760 460487 831895 460369 808110 707221 339882 526380 407806 535494 931427 
859996 865047 471975 337380 191638 661447 774847 549102 570561 378442 879696 443384 435354 497784 888519 168122 383564 62649.8 954912 1.01703e+06 
260509 800201 496717 626828 1.02537e+06 884918 184358 424199 761853 847001 812754 847574 531154 689891 297042 826574 576556 915933 833010 94021.3 
494144 77336.9 532824 578261 703855 214730 684036 518768 225488 997128 93861.6 1.04455e+06 544737 962700 469256 631495 657123 730756 164012 731167 
543854 810264 203494 194023 554982 720573 375055 246343 579008 315626 826906 340847 189307 229611 586986 352121 88141.9 405558 888541 633569 
715489 361610 553263 519736 446817 108462 822260 583823 182538 891176 370066 950081 543530 916758 708798 462555 624087 533274 441453 951237 
660212 740074 268881 134952 304253 580056 572965 345951 458507 352870 756003 411001 232207 395001 691185 104403 187211 163371 827880 813089 
412698 599854 27658.6 112872 502309 523180 351950 100846 379158 496291 616497 534627 22803.5 439602 445220 305084 138852 401061 678677 573283 
683159 402061 481864 438244 375659 160153 766079 519311 154923 804866 413146 863873 468984 832714 682309 376630 543575 450156 487943 913534 
667171 878093 297069 223573 485989 753489 505199 356910 619718 203027 894625 244125 270512 195092 708316 302273 155913 322889 961252 763944 
631656 377669 436715 402449 390570 155589 715668 470979 108167 783164 390124 840524 425921 801110 631419 363127 506333 445907 465907 861701 
374363 914025 575083 698896 1.10282e+06 993866 250569 507711 867666 868254 926607 860285 607213 699687 410099 899764 635437 982748 946599 172931 
621911 413088 399805 357476 355557 202475 689231 439355 126143 734832 426395 792306 386514 754573 625500 315527 462252 400586 502355 847172 
467898 235593 395942 424223 558789 178600 603664 397669 85146.9 841259 251549 890484 401932 816882 458912 472547 509660 573283 323804 705931 
227695 312554 411709 512551 785504 438634 446287 362178 356477 911492 325228 945910 439118 831515 201162 645697 552794 753260 351552 463068 
873950 672037 564907 460831 145413 425920 887119 628666 403609 697672 683079 762287 536851 782545 885037 289588 558187 294335 757673 1.0832e+06 
34014.7 559904 425340 557431 916081 672591 267526 350001 565984 884882 571686 903230 461624 761757 52038.4 738366 549659 840788 588647 214107 
831633 475943 632712 576254 404797 227059 921260 673374 297039 910043 482673 972044 617279 958718 827436 475980 682552 524585 550455 1.06483e+06 
708363 755066 320214 185586 252539 579124 628182 397316 466640 365876 770611 427481 283651 430465 737629 68658.6 242887 107703 843976 866585 
162641 416530 301942 417354 738140 485956 328976 243282 372361 799000 431045 829873 333305 709717 166412 575256 442109 681535 468028 398016 
394635 338600 275986 318925 532989 286398 494065 276957 150479 738221 355203 784115 284529 701944 397454 406341 395779 512762 421228 624109 
253298 792526 523883 655735 1.05101e+06 889250 220484 449678 770211 887144 804490 888699 559035 731460 284164 854365 609944 945800 821005 52201.5 
853353 752354 498186 374037 31144.8 525179 821416 570812 462031 546206 765506 611138 464814 644002 872968 175727 456355 143283 841457 1.04134e+06 
693745 747407 305138 170511 264802 575407 613013 382251 460449 364940 763053 425699 268555 423212 723279 73006.8 228320 122801 836086 851374 
86648.7 560108 313536 446900 816854 629076 195226 237356 507351 772653 574003 792738 350069 654671 132593 632740 435839 733219 604948 266625 
348827 348794 259856 322025 568516 325498 453560 249147 194178 739032 365409 782060 274007 691527 352575 430409 388742 537760 426645 578236 
549459 762860 172540 123471 483257 657220 413011 234386 517936 327341 779475 364907 146986 281149 588778 278692 31384.7 339165 844126 665620 
576490 570629 237124 148637 306341 410078 560029 302538 286175 522067 586315 577530 209955 537584 597369 145344 254772 252517 659267 767294 
104690 604239 326725 461307 841215 671658 157471 249596 547943 766416 618052 783001 363373 640252 154858 652396 440018 750457 648069 233403 
474709 174413 448092 483530 612148 173971 633456 443086 132371 901399 190434 950007 456606 873330 459308 532977 566460 632870 262619 714413 
763273 489401 526339 460541 309613 239852 827162 573362 244624 791624 499610 853285 507963 839447 765405 357393 566740 411947 573331 989315 
565662 392227 353276 325498 387738 212876 635106 388012 97529.5 719651 406710 774796 343210 726540 569956 316413 427454 410742 482121 790607 
443353 511892 138654 144257 439386 410903 442652 184716 268002 563565 528411 610010 129314 534879 465099 267421 227759 374021 595668 637075 
604901 714228 212132 80156.1 353278 571545 515414 289014 442109 363420 730458 416573 175514 377737 637020 147299 133959 220411 800550 755190 
595552 156259 557197 573266 623570 97020.6 758489 560389 177800 983108 165076 1.03565e+06 561001 971796 576657 585226 664959 675663 238160 835103 
374001 349185 261358 312815 545011 307903 472017 258118 172812 731498 365826 776091 272208 690192 378114 411306 385203 518348 429829 602438 
70214 474979 412317 537894 873066 594607 323989 342462 495036 894687 486763 918769 446912 785493 36891.7 706135 546452 811382 504670 298216 
450126 488723 165747 166964 432297 382832 463366 207183 240142 585773 505170 633455 157458 561413 469086 270313 254615 377763 573464 650526 
958188 664536 689123 598385 292015 411692 1.00381e+06 745735 442360 852406 672441 917098 664850 936144 962106 441118 700061 448786 742195 1.18027e+06 
549015 140801 700298 764933 906353 393020 783181 670671 429317 1.18373e+06 131004 1.22755e+06 718260 1.13321e+06 509192 833471 833783 933906 65391.1 762607 
774247 679651 428155 311002 108240 461395 752644 498478 386747 545514 693312 609295 396406 621514 792879 127883 402336 152118 769231 966431 
598141 124868 720884 775867 888978 363189 825258 697132 419240 1.19515e+06 110059 1.2413e+06 736202 1.15353e+06 560357 829781 850527 927302 36069.4 816780 
586980 48332.2 638193 677027 762992 235325 787869 625873 300629 1.09423e+06 41725.3 1.14342e+06 648726 1.06622e+06 557459 713238 759701 807845 100045 819909 
752091 651627 413192 300987 132834 434815 737653 481798 358603 558707 665331 621885 382598 627214 769708 131244 396244 173104 741237 947439 
686476 327185 540626 515598 470473 74000 800885 567067 157582 896666 336013 954480 533094 915219 678405 472382 618496 548293 408104 923275 
797161 908204 404623 283805 351370 738848 667488 477821 623670 218215 924048 282781 369818 328824 832948 224662 281114 186003 996266 921811 
344071 594577 50990.2 185540 576095 550004 281517 26248.8 406177 538177 611072 569959 87664.1 457739 379676 379812 182497 475290 667803 498550 
520247 879755 282931 324785 699203 824491 298171 288106 680331 378338 896177 379179 286211 225568 568570 495892 221109 548523 950781 554590 
510529 826027 219829 248395 624501 756897 318077 240670 613313 355439 842589 369381 217348 233431 556386 420195 144222 476800 900419 578070 
538781 671591 146328 16643.3 401005 548689 456228 223376 412340 403091 688044 450729 109659 388666 571071 195256 99463.6 281149 756017 691714 
919405 824738 554813 425738 58830.3 594348 875042 629321 535322 539129 837705 603988 520159 655049 940608 224956 498655 156247 913622 1.10149e+06 
570846 836915 231249 211946 557215 742873 395828 274935 602103 288434 853558 312463 215604 202467 614370 357302 108669 403555 915684 655222 
611191 862986 262452 223486 541128 758631 436327 311448 619852 248284 879619 275187 242887 179109 654331 346655 129004 382753 943231 695932 
