80 20 22
777 335 649 27 763 426 211 429 862 135 22 167 11 373 784 324 413 980 862 281 
305000 925000 84000 327000 336000 505000 846000 729000 313000 857000 124000 895000 582000 545000 814000 367000 434000 364000 43000 750000 87000 808000 
4 20 14 8 9 20 19 18 15 8 21 11 8 13 21 13 21 5 10 18 6 15 14 19 20 1 21 8 3 12 15 15 9 9 3 19 11 19 15 13 21 14 6 0 15 21 12 9 13 16 10 3 12 0 12 18 3 4 10 20 6 2 4 16 5 15 1 12 5 12 1 17 4 12 18 14 21 6 0 11 
2.2722 7.37017 3.61773 4.90433 8.90834 7.88041 0.52345 2.91446 6.56795 7.23095 7.5113 7.28945 3.95536 5.75306 2.76062 6.90638 4.39878 7.79046 7.8263 2.08154 
2.3585 5.31327 1.59906 2.8956 6.579 5.34649 2.46142 0.91 3.97847 6.47654 5.47245 6.76572 1.95256 5.55342 2.68604 4.72403 2.94457 5.73349 5.95897 4.1631 
0.487032 5.34394 4.40192 5.70424 9.20223 6.56805 2.99908 3.66314 5.55241 9.07965 5.45711 9.27928 4.76038 7.88453 0.255539 7.4686 5.68243 8.50535 5.60116 2.37775 
5.95124 4.87592 3.15398 2.55071 3.09317 3.03453 6.24051 3.66695 1.93598 6.29611 5.02359 6.86531 2.96366 6.49059 6.07146 2.19593 3.61006 3.15006 5.7743 8.06486 
7.57127 10.6625 4.58947 4.31019 6.98264 9.66433 5.34509 4.92968 8.27838 1.93912 10.829 1.636 4.4504 0.301496 8.04692 5.25746 3.35477 5.31433 11.4444 7.86043 
4.51586 8.59393 2.95758 3.71831 7.65256 8.32001 2.1188 2.75427 6.88059 4.7289 8.75439 4.71377 3.10306 3.14331 5.01327 5.59044 2.78212 6.22357 9.24446 4.63276 
4.89155 4.97902 1.92925 1.65484 3.93732 3.71446 4.99608 2.41853 2.32723 5.78358 5.14106 6.28784 1.78362 5.664 5.07372 2.38296 2.62909 3.45811 5.84566 6.89814 
2.97121 4.87409 1.35801 2.43387 5.86083 4.63036 3.24423 1.04676 3.22902 6.3521 5.0383 6.71048 1.62791 5.64809 3.2131 4.09034 2.76523 5.13401 5.59558 4.942 
7.70144 4.76177 5.44868 4.831 3.33928 2.24288 8.41701 5.89624 2.44477 8.18133 4.85751 8.79682 5.27638 8.64491 7.70561 3.83909 5.89388 4.38694 5.58616 9.98431 
2.98766 2.6559 3.74769 4.56724 6.98035 3.48901 4.80416 3.41141 2.60722 8.68655 2.80794 9.08188 3.96334 8.0612 2.82719 5.69727 5.12411 6.76832 3.25738 5.38446 
6.08777 8.12572 2.31672 1.60178 4.68646 6.94141 4.62779 2.94457 5.58158 2.69462 8.2913 3.1044 2.0413 2.4473 6.48514 2.71649 0.91 3.13912 8.9529 7.18471 
5.20704 1.15395 5.17929 5.51421 6.53854 1.61003 6.94592 5.11755 1.7936 9.68219 1.29865 10.1767 5.26377 9.4283 5.00036 5.90479 6.35815 6.87405 2.05273 7.59785 
5.04591 4.60679 2.38732 2.1281 3.87559 3.22876 5.3612 2.81301 1.86196 6.20601 4.76596 6.72579 2.26566 6.1437 5.1831 2.55515 3.11955 3.61179 5.48688 7.14659 
8.45733 11.1285 5.16382 4.6057 6.61547 9.89926 6.34856 5.622 8.57071 1.04709 11.2944 0.550727 4.95949 1.12539 8.91798 5.12442 3.80349 4.95682 11.9464 8.89922 
5.60865 3.43628 3.85157 3.69677 4.29703 1.65849 6.51019 4.12074 0.502195 7.6896 3.57778 8.23476 3.78826 7.71327 5.60664 3.67212 4.69315 4.6057 4.33462 7.91471 
3.28568 2.45748 5.41806 6.34168 8.68208 4.43687 5.69956 4.95864 4.03656 10.4067 2.53032 10.7702 5.67183 9.6545 2.88111 7.49016 6.82265 8.55795 2.52834 5.43399 
6.12413 3.01823 4.70027 4.55467 4.68402 0.821523 7.24553 4.92995 0.810247 8.49817 3.13614 9.05532 4.64812 8.56983 6.0606 4.37221 5.55707 5.23198 3.89071 8.48291 
2.1783 3.71248 5.13546 6.25167 9.1195 5.44266 4.73114 4.53793 4.77117 10.1033 3.7976 10.4 5.44362 9.15222 1.71292 7.68564 6.53809 8.76057 3.81266 4.17153 
7.31361 6.19112 4.03408 2.98485 1.60153 4.02604 7.26918 4.69392 3.26377 5.80262 6.32776 6.42748 3.74525 6.41078 7.47425 1.47503 3.97775 2.02566 7.08692 9.31074 
1.45774 3.94782 4.04728 5.20125 8.28002 5.17653 3.80737 3.43535 4.25202 9.00245 4.06893 9.29572 4.36406 8.05208 1.17273 6.7306 5.44399 7.80003 4.28005 3.79195 
5.87882 3.02483 4.43137 4.31677 4.65249 1.03817 6.97093 4.65421 0.542033 8.29778 3.15279 8.84758 4.38526 8.33334 5.82683 4.22243 5.30928 5.11423 3.91189 8.23001 
5.30182 7.72431 1.698 1.51119 5.21422 6.78174 3.80825 2.21822 5.37018 3.34978 7.89074 3.66531 1.51238 2.6703 5.71316 3.16526 0.450444 3.7718 8.51834 6.35912 
6.39015 4.95186 3.62416 2.94822 2.8211 2.90725 6.7206 4.14654 2.01467 6.51915 5.09156 7.10697 3.42257 6.82092 6.49367 2.27702 4.01123 3.12605 5.84953 8.52855 
4.44002 1.38062 4.70596 5.20525 6.72408 2.24475 6.24135 4.55544 1.93507 9.39822 1.54693 9.86083 4.83423 9.01417 4.23132 5.85411 5.96632 6.87258 2.19317 6.82939 
1.4368 6.72093 3.81047 5.15007 9.04098 7.4659 1.32019 3.0491 6.23077 7.88495 6.85414 7.99186 4.17138 6.49537 1.90539 7.10752 4.8112 8.05597 7.11512 1.67705 
6.31668 2.38076 5.38697 5.35956 5.47154 0.158114 7.7056 5.5313 1.4123 9.35387 2.4713 9.90437 5.37201 9.37506 6.18463 5.24314 6.3361 6.09361 3.1992 8.70909 
1.60963 4.27984 2.90496 4.07545 7.33368 4.91955 3.17238 2.30671 3.75755 7.86787 4.42634 8.17267 3.22318 6.96521 1.68861 5.68117 4.30308 6.74072 4.80526 3.93634 
7.05025 4.49138 4.76643 4.20171 3.27844 2.08147 7.72371 5.20402 1.89423 7.7176 4.60487 8.31895 4.60369 8.0811 7.07221 3.39882 5.2638 4.07806 5.35494 9.31427 
8.59996 8.65047 4.71975 3.3738 1.91638 6.61447 7.74847 5.49102 5.70561 3.78442 8.79696 4.43384 4.35354 4.97784 8.88519 1.68122 3.83564 0.626498 9.54912 10.1703 
2.60509 8.00201 4.96717 6.26828 10.2537 8.84918 1.84358 4.24199 7.61853 8.47001 8.12754 8.47574 5.31154 6.89891 2.97042 8.26574 5.76556 9.15933 8.3301 0.940213 
4.94144 0.773369 5.32824 5.78261 7.03855 2.1473 6.84036 5.18768 2.25488 9.97128 0.938616 10.4455 5.44737 9.627 4.69256 6.31495 6.57123 7.30756 1.64012 7.31167 
5.43854 8.10264 2.03494 1.94023 5.54982 7.20573 3.75055 2.46343 5.79008 3.15626 8.26906 3.40847 1.89307 2.29611 5.86986 3.52121 0.881419 4.05558 8.88541 6.33569 
7.15489 3.6161 5.53263 5.19736 4.46817 1.08462 8.2226 5.83823 1.82538 8.91176 3.70066 9.50081 5.4353 9.16758 7.08798 4.62555 6.24087 5.33274 4.41453 9.51237 
6.60212 7.40074 2.68881 1.34952 3.04253 5.80056 5.72965 3.45951 4.58507 3.5287 7.56003 4.11001 2.32207 3.95001 6.91185 1.04403 1.87211 1.63371 8.2788 8.13089 
4.12698 5.99854 0.276586 1.12872 5.02309 5.2318 3.5195 1.00846 3.79158 4.96291 6.16497 5.34627 0.228035 4.39602 4.4522 3.05084 1.38852 4.01061 6.78677 5.73283 
6.83159 4.02061 4.81864 4.38244 3.75659 1.60153 7.66079 5.19311 1.54923 8.04866 4.13146 8.63873 4.68984 8.32714 6.82309 3.7663 5.43575 4.50156 4.87943 9.13534 
6.67171 8.78093 2.97069 2.23573 4.85989 7.53489 5.05199 3.5691 6.19718 2.03027 8.94625 2.44125 2.70512 1.95092 7.08316 3.02273 1.55913 3.22889 9.61252 7.63944 
6.31656 3.77669 4.36715 4.02449 3.9057 1.55589 7.15668 4.70979 1.08167 7.83164 3.90124 8.40524 4.25921 8.0111 6.31419 3.63127 5.06333 4.45907 4.65907 8.61701 
3.74363 9.14025 5.75083 6.98896 11.0282 9.93866 2.50569 5.07711 8.67666 8.68254 9.26607 8.60285 6.07213 6.99687 4.10099 8.99764 6.35437 9.82748 9.46599 1.72931 
6.21911 4.13088 3.99805 3.57476 3.55557 2.02475 6.89231 4.39355 1.26143 7.34832 4.26395 7.92306 3.86514 7.54573 6.255 3.15527 4.62252 4.00586 5.02355 8.47172 
4.67898 2.35593 3.95942 4.24223 5.58789 1.786 6.03664 3.97669 0.851469 8.41259 2.51549 8.90484 4.01932 8.16882 4.58912 4.72547 5.0966 5.73283 3.23804 7.05931 
2.27695 3.12554 4.11709 5.12551 7.85504 4.38634 4.46287 3.62178 3.56477 9.11492 3.25228 9.4591 4.39118 8.31515 2.01162 6.45697 5.52794 7.5326 3.51552 4.63068 
8.7395 6.72037 5.64907 4.60831 1.45413 4.2592 8.87119 6.28666 4.03609 6.97672 6.83079 7.62287 5.36851 7.82545 8.85037 2.89588 5.58187 2.94335 7.57673 10.832 
0.340147 5.59904 4.2534 5.57431 9.16081 6.72591 2.67526 3.50001 5.65984 8.84882 5.71686 9.0323 4.61624 7.61757 0.520384 7.38366 5.49659 8.40788 5.88647 2.14107 
8.31633 4.75943 6.32712 5.76254 4.04797 2.27059 9.2126 6.73374 2.97039 9.10043 4.82673 9.72044 6.17279 9.58718 8.27436 4.7598 6.82552 5.24585 5.50455 10.6483 
7.08363 7.55066 3.20214 1.85586 2.52539 5.79124 6.28182 3.97316 4.6664 3.65876 7.70611 4.27481 2.83651 4.30465 7.37629 0.686586 2.42887 1.07703 8.43976 8.66585 
1.62641 4.1653 3.01942 4.17354 7.3814 4.85956 3.28976 2.43282 3.72361 7.99 4.31045 8.29873 3.33305 7.09717 1.66412 5.75256 4.42109 6.81535 4.68028 3.98016 
3.94635 3.386 2.75986 3.18925 5.32989 2.86398 4.94065 2.76957 1.50479 7.38221 3.55203 7.84115 2.84529 7.01944 3.97454 4.06341 3.95779 5.12762 4.21228 6.24109 
2.53298 7.92526 5.23883 6.55735 10.5101 8.8925 2.20484 4.49678 7.70211 8.87144 8.0449 8.88699 5.59035 7.3146 2.84164 8.54365 6.09944 9.458 8.21005 0.522015 
8.53353 7.52354 4.98186 3.74037 0.311448 5.25179 8.21416 5.70812 4.62031 5.46206 7.65506 6.11138 4.64814 6.44002 8.72968 1.75727 4.56355 1.43283 8.41457 10.4134 
6.93745 7.47407 3.05138 1.70511 2.64802 5.75407 6.13013 3.82251 4.60449 3.6494 7.63053 4.25699 2.68555 4.23212 7.23279 0.730068 2.2832 1.22801 8.36086 8.51374 
0.866487 5.60108 3.13536 4.469 8.16854 6.29076 1.95226 2.37356 5.07351 7.72653 5.74003 7.92738 3.50069 6.54671 1.32593 6.3274 4.35839 7.33219 6.04948 2.66625 
3.48827 3.48794 2.59856 3.22025 5.68516 3.25498 4.5356 2.49147 1.94178 7.39032 3.65409 7.8206 2.74007 6.91527 3.52575 4.30409 3.88742 5.3776 4.26645 5.78236 
5.49459 7.6286 1.7254 1.23471 4.83257 6.5722 4.13011 2.34386 5.17936 3.27341 7.79475 3.64907 1.46986 2.81149 5.88778 2.78692 0.313847 3.39165 8.44126 6.6562 
5.7649 5.70629 2.37124 1.48637 3.06341 4.10078 5.60029 3.02538 2.86175 5.22067 5.86315 5.7753 2.09955 5.37584 5.97369 1.45344 2.54772 2.52517 6.59267 7.67294 
1.0469 6.04239 3.26725 4.61307 8.41215 6.71658 1.57471 2.49596 5.47943 7.66416 6.18052 7.83001 3.63373 6.40252 1.54858 6.52396 4.40018 7.50457 6.48069 2.33403 
4.74709 1.74413 4.48092 4.8353 6.12148 1.73971 6.33456 4.43086 1.32371 9.01399 1.90434 9.50007 4.56606 8.7333 4.59308 5.32977 5.6646 6.3287 2.62619 7.14413 
7.63273 4.89401 5.26339 4.60541 3.09613 2.39852 8.27162 5.73362 2.44624 7.91624 4.9961 8.53285 5.07963 8.39447 7.65405 3.57393 5.6674 4.11947 5.73331 9.89315 
5.65662 3.92227 3.53276 3.25498 3.87738 2.12876 6.35106 3.88012 0.975295 7.19651 4.0671 7.74796 3.4321 7.2654 5.69956 3.16413 4.27454 4.10742 4.82121 7.90607 
4.43353 5.11892 1.38654 1.44257 4.39386 4.10903 4.42652 1.84716 2.68002 5.63565 5.28411 6.1001 1.29314 5.34879 4.65099 2.67421 2.27759 3.74021 5.95668 6.37075 
6.04901 7.14228 2.12132 0.801561 3.53278 5.71545 5.15414 2.89014 4.42109 3.6342 7.30458 4.16573 1.75514 3.77737 6.3702 1.47299 1.33959 2.20411 8.0055 7.5519 
5.95552 1.56259 5.57197 5.73266 6.2357 0.970206 7.58489 5.60389 1.778 9.83108 1.65076 10.3565 5.61001 9.71796 5.76657 5.85226 6.64959 6.75663 2.3816 8.35103 
3.74001 3.49185 2.61358 3.12815 5.45011 3.07903 4.72017 2.58118 1.72812 7.31498 3.65826 7.76091 2.72208 6.90192 3.78114 4.11306 3.85203 5.18348 4.29829 6.02438 
0.70214 4.74979 4.12317 5.37894 8.73066 5.94607 3.23989 3.42462 4.95036 8.94687 4.86763 9.18769 4.46912 7.85493 0.368917 7.06135 5.46452 8.11382 5.0467 2.98216 
4.50126 4.88723 1.65747 1.66964 4.32297 3.82832 4.63366 2.07183 2.40142 5.85773 5.0517 6.33455 1.57458 5.61413 4.69086 2.70313 2.54615 3.77763 5.73464 6.50526 
9.58188 6.64536 6.89123 5.98385 2.92015 4.11692 10.0381 7.45735 4.4236 8.52406 6.72441 9.17098 6.6485 9.36144 9.62106 4.41118 7.00061 4.48786 7.42195 11.8027 
5.49015 1.40801 7.00298 7.64933 9.06353 3.9302 7.83181 6.70671 4.29317 11.8373 1.31004 12.2755 7.1826 11.3321 5.09192 8.33471 8.33783 9.33906 0.653911 7.62607 
7.74247 6.79651 4.28155 3.11002 1.0824 4.61395 7.52644 4.98478 3.86747 5.45514 6.93312 6.09295 3.96406 6.21514 7.92879 1.27883 4.02336 1.52118 7.69231 9.66431 
5.98141 1.24868 7.20884 7.75867 8.88978 3.63189 8.25258 6.97132 4.1924 11.9515 1.10059 12.413 7.36202 11.5353 5.60357 8.29781 8.50527 9.27302 0.360694 8.1678 
5.8698 0.483322 6.38193 6.77027 7.62992 2.35325 7.87869 6.25873 3.00629 10.9423 0.417253 11.4342 6.48726 10.6622 5.57459 7.13238 7.59701 8.07845 1.00045 8.19909 
7.52091 6.51627 4.13192 3.00987 1.32834 4.34815 7.37653 4.81798 3.58603 5.58707 6.65331 6.21885 3.82598 6.27214 7.69708 1.31244 3.96244 1.73104 7.41237 9.47439 
6.86476 3.27185 5.40626 5.15598 4.70473 0.74 8.00885 5.67067 1.57582 8.96666 3.36013 9.5448 5.33094 9.15219 6.78405 4.72382 6.18496 5.48293 4.08104 9.23275 
7.97161 9.08204 4.04623 2.83805 3.5137 7.38848 6.67488 4.77821 6.2367 2.18215 9.24048 2.82781 3.69818 3.28824 8.32948 2.24662 2.81114 1.86003 9.96266 9.21811 
3.44071 5.94577 0.509902 1.8554 5.76095 5.50004 2.81517 0.262488 4.06177 5.38177 6.11072 5.69959 0.876641 4.57739 3.79676 3.79812 1.82497 4.7529 6.67803 4.9855 
5.20247 8.79755 2.82931 3.24785 6.99203 8.24491 2.98171 2.88106 6.80331 3.78338 8.96177 3.79179 2.86211 2.25568 5.6857 4.95892 2.21109 5.48523 9.50781 5.5459 
5.10529 8.26027 2.19829 2.48395 6.24501 7.56897 3.18077 2.4067 6.13313 3.55439 8.42589 3.69381 2.17348 2.33431 5.56386 4.20195 1.44222 4.768 9.00419 5.7807 
5.38781 6.71591 1.46328 0.166433 4.01005 5.48689 4.56228 2.23376 4.1234 4.03091 6.88044 4.50729 1.09659 3.88666 5.71071 1.95256 0.994636 2.81149 7.56017 6.91714 
9.19405 8.24738 5.54813 4.25738 0.588303 5.94348 8.75042 6.29321 5.35322 5.39129 8.37705 6.03988 5.20159 6.55049 9.40608 2.24956 4.98655 1.56247 9.13622 11.0149 
5.70846 8.36915 2.31249 2.11946 5.57215 7.42873 3.95828 2.74935 6.02103 2.88434 8.53558 3.12463 2.15604 2.02467 6.1437 3.57302 1.08669 4.03555 9.15684 6.55222 
6.11191 8.62986 2.62452 2.23486 5.41128 7.58631 4.36327 3.11448 6.19852 2.48284 8.79619 2.75187 2.42887 1.79109 6.54331 3.46655 1.29004 3.82753 9.43231 6.95932 
