80 20 22
777 335 649 27 763 426 211 429 862 135 22 167 11 373 784 324 413 980 862 281 
305 925 84 327 336 505 846 729 313 857 124 895 582 545 814 367 434 364 43 750 87 808 
4 20 14 8 9 20 19 18 15 8 21 11 8 13 21 13 21 5 10 18 6 15 14 19 20 1 21 8 3 12 15 15 9 9 3 19 11 19 15 13 21 14 6 0 15 21 12 9 13 16 10 3 12 0 12 18 3 4 10 20 6 2 4 16 5 15 1 12 5 12 1 17 4 12 18 14 21 6 0 11 
227.22 737.017 361.773 490.433 890.834 788.041 52.345 291.446 656.795 723.095 751.13 728.945 395.536 575.306 276.062 690.638 439.878 779.046 782.63 208.154 
235.85 531.327 159.906 289.56 657.9 534.649 246.142 91 397.847 647.654 547.245 676.572 195.256 555.342 268.604 472.403 294.457 573.349 595.897 416.31 
48.7032 534.394 440.192 570.424 920.223 656.805 299.908 366.314 555.241 907.965 545.711 927.928 476.038 788.453 25.5539 746.86 568.243 850.535 560.116 237.775 
595.124 487.592 315.398 255.071 309.317 303.453 624.051 366.695 193.598 629.611 502.359 686.531 296.366 649.059 607.146 219.593 361.006 315.006 577.43 806.486 
757.127 1066.25 458.947 431.019 698.264 966.433 534.509 492.968 827.838 193.912 1082.9 163.6 445.04 30.1496 804.692 525.746 335.477 531.433 1144.44 786.043 
451.586 859.393 295.758 371.831 765.256 832.001 211.88 275.427 688.059 472.89 875.439 471.377 310.306 314.331 501.327 559.044 278.212 622.357 924.446 463.276 
489.155 497.902 192.925 165.484 393.732 371.446 499.608 241.853 232.723 578.358 514.106 628.784 178.362 566.4 507.372 238.296 262.909 345.811 584.566 689.814 
297.121 487.409 135.801 243.387 586.083 463.036 324.423 104.676 322.902 635.21 503.83 671.048 162.791 564.809 321.31 409.034 276.523 513.401 559.558 494.2 
770.144 476.177 544.868 483.1 333.928 224.288 841.701 589.624 244.477 818.133 485.751 879.682 527.638 864.491 770.561 383.909 589.388 438.694 558.616 998.431 
298.766 265.59 374.769 456.724 698.035 348.901 480.416 341.141 260.722 868.655 280.794 908.188 396.334 806.12 282.719 569.727 512.411 676.832 325.738 538.446 
608.777 812.572 231.672 160.178 468.646 694.141 462.779 294.457 558.158 269.462 829.13 310.44 204.13 244.73 648.514 271.649 91 313.912 895.29 718.471 
520.704 115.395 517.929 551.421 653.854 161.003 694.592 511.755 179.36 968.219 129.865 1017.67 526.377 942.83 500.036 590.479 635.815 687.405 205.273 759.785 
504.591 460.679 238.732 212.81 387.559 322.876 536.12 281.301 186.196 620.601 476.596 672.579 226.566 614.37 518.31 255.515 311.955 361.179 548.688 714.659 
845.733 1112.85 516.382 460.57 661.547 989.926 634.856 562.2 857.071 104.709 1129.44 55.0727 495.949 112.539 891.798 512.442 380.349 495.682 1194.64 889.922 
560.865 343.628 385.157 369.677 429.703 165.849 651.019 412.074 50.2195 768.96 357.778 823.476 378.826 771.327 560.664 367.212 469.315 460.57 433.462 791.471 
328.568 245.748 541.806 634.168 868.208 443.687 569.956 495.864 403.656 1040.67 253.032 1077.02 567.183 965.45 288.111 749.016 682.265 855.795 252.834 543.399 
612.413 301.823 470.027 455.467 468.402 82.1523 724.553 492.995 81.0247 849.817 313.614 905.532 464.812 856.983 606.06 437.221 555.707 523.198 389.071 848.291 
217.83 371.248 513.546 625.167 911.95 544.266 473.114 453.793 477.117 1010.33 379.76 1040 544.362 915.222 171.292 768.564 653.809 876.057 381.266 417.153 
731.361 619.112 403.408 298.485 160.153 402.604 726.918 469.392 326.377 580.262 632.776 642.748 374.525 641.078 747.425 147.503 397.775 202.566 708.692 931.074 
145.774 394.782 404.728 520.125 828.002 517.653 380.737 343.535 425.202 900.245 406.893 929.572 436.406 805.208 117.273 673.06 544.399 780.003 428.005 379.195 
587.882 302.483 443.137 431.677 465.249 103.817 697.093 465.421 54.2033 829.778 315.279 884.758 438.526 833.334 582.683 422.243 530.928 511.423 391.189 823.001 
530.182 772.431 169.8 151.119 521.422 678.174 380.825 221.822 537.018 334.978 789.074 366.531 151.238 267.03 571.316 316.526 45.0444 377.18 851.834 635.912 
639.015 495.186 362.416 294.822 282.11 290.725 672.06 414.654 201.467 651.915 509.156 710.697 342.257 682.092 649.367 227.702 401.123 312.605 584.953 852.855 
444.002 138.062 470.596 520.525 672.408 224.475 624.135 455.544 193.507 939.822 154.693 986.083 483.423 901.417 423.132 585.411 596.632 687.258 219.317 682.939 
143.68 672.093 381.047 515.007 904.098 746.59 132.019 304.91 623.077 788.495 685.414 799.186 417.138 649.537 190.539 710.752 481.12 805.597 711.512 167.705 
631.668 238.076 538.697 535.956 547.154 15.8114 770.56 553.13 141.23 935.387 247.13 990.437 537.201 937.506 618.463 524.314 633.61 609.361 319.92 870.909 
160.963 427.984 290.496 407.545 733.368 491.955 317.238 230.671 375.755 786.787 442.634 817.267 322.318 696.521 168.861 568.117 430.308 674.072 480.526 393.634 
705.025 449.138 476.643 420.171 327.844 208.147 772.371 520.402 189.423 771.76 460.487 831.895 460.369 808.11 707.221 339.882 526.38 407.806 535.494 931.427 
859.996 865.047 471.975 337.38 191.638 661.447 774.847 549.102 570.561 378.442 879.696 443.384 435.354 497.784 888.519 168.122 383.564 62.6498 954.912 1017.03 
260.509 800.201 496.717 626.828 1025.37 884.918 184.358 424.199 761.853 847.001 812.754 847.574 531.154 689.891 297.042 826.574 576.556 915.933 833.01 94.0213 
494.144 77.3369 532.824 578.261 703.855 214.73 684.036 518.768 225.488 997.128 93.8616 1044.55 544.737 962.7 469.256 631.495 657.123 730.756 164.012 731.167 
543.854 810.264 203.494 194.023 554.982 720.573 375.055 246.343 579.008 315.626 826.906 340.847 189.307 229.611 586.986 352.121 88.1419 405.558 888.541 633.569 
715.489 361.61 553.263 519.736 446.817 108.462 822.26 583.823 182.538 891.176 370.066 950.081 543.53 916.758 708.798 462.555 624.087 533.274 441.453 951.237 
660.212 740.074 268.881 134.952 304.253 580.056 572.965 345.951 458.507 352.87 756.003 411.001 232.207 395.001 691.185 104.403 187.211 163.371 827.88 813.089 
412.698 599.854 27.6586 112.872 502.309 523.18 351.95 100.846 379.158 496.291 616.497 534.627 22.8035 439.602 445.22 305.084 138.852 401.061 678.677 573.283 
683.159 402.061 481.864 438.244 375.659 160.153 766.079 519.311 154.923 804.866 413.146 863.873 468.984 832.714 682.309 376.63 543.575 450.156 487.943 913.534 
667.171 878.093 297.069 223.573 485.989 753.489 505.199 356.91 619.718 203.027 894.625 244.125 270.512 195.092 708.316 302.273 155.913 322.889 961.252 763.944 
631.656 377.669 436.715 402.449 390.57 155.589 715.668 470.979 108.167 783.164 390.124 840.524 425.921 801.11 631.419 363.127 506.333 445.907 465.907 861.701 
374.363 914.025 575.083 698.896 1102.82 993.866 250.569 507.711 867.666 868.254 926.607 860.285 607.213 699.687 410.099 899.764 635.437 982.748 946.599 172.931 
621.911 413.088 399.805 357.476 355.557 202.475 689.231 439.355 126.143 734.832 426.395 792.306 386.514 754.573 625.5 315.527 462.252 400.586 502.355 847.172 
467.898 235.593 395.942 424.223 558.789 178.6 603.664 397.669 85.1469 841.259 251.549 890.484 401.932 816.882 458.912 472.547 509.66 573.283 323.804 705.931 
227.695 312.554 411.709 512.551 785.504 438.634 446.287 362.178 356.477 911.492 325.228 945.91 439.118 831.515 201.162 645.697 552.794 753.26 351.552 463.068 
873.95 672.037 564.907 460.831 145.413 425.92 887.119 628.666 403.609 697.672 683.079 762.287 536.851 782.545 885.037 289.588 558.187 294.335 757.673 1083.2 
34.0147 559.904 425.34 557.431 916.081 672.591 267.526 350.001 565.984 884.882 571.686 903.23 461.624 761.757 52.0384 738.366 549.659 840.788 588.647 214.107 
831.633 475.943 632.712 576.254 404.797 227.059 921.26 673.374 297.039 910.043 482.673 972.044 617.279 958.718 827.436 475.98 682.552 524.585 550.455 1064.83 
708.363 755.066 320.214 185.586 252.539 579.124 628.182 397.316 466.64 365.876 770.611 427.481 283.651 430.465 737.629 68.6586 242.887 107.703 843.976 866.585 
162.641 416.53 301.942 417.354 738.14 485.956 328.976 243.282 372.361 799 431.045 829.873 333.305 709.717 166.412 575.256 442.109 681.535 468.028 398.016 
394.635 338.6 275.986 318.925 532.989 286.398 494.065 276.957 150.479 738.221 355.203 784.115 284.529 701.944 397.454 406.341 395.779 512.762 421.228 624.109 
253.298 792.526 523.883 655.735 1051.01 889.25 220.484 449.678 770.211 887.144 804.49 888.699 559.035 731.46 284.164 854.365 609.944 945.8 821.005 52.2015 
853.353 752.354 498.186 374.037 31.1448 525.179 821.416 570.812 462.031 546.206 765.506 611.138 464.814 644.002 872.968 175.727 456.355 143.283 841.457 1041.34 
693.745 747.407 305.138 170.511 264.802 575.407 613.013 382.251 460.449 364.94 763.053 425.699 268.555 423.212 723.279 73.0068 228.32 122.801 836.086 851.374 
86.6487 560.108 313.536 446.9 816.854 629.076 195.226 237.356 507.351 772.653 574.003 792.738 350.069 654.671 132.593 632.74 435.839 733.219 604.948 266.625 
348.827 348.794 259.856 322.025 568.516 325.498 453.56 249.147 194.178 739.032 365.409 782.06 274.007 691.527 352.575 430.409 388.742 537.76 426.645 578.236 
549.459 762.86 172.54 123.471 483.257 657.22 413.011 234.386 517.936 327.341 779.475 364.907 146.986 281.149 588.778 278.692 31.3847 339.165 844.126 665.62 
576.49 570.629 237.124 148.637 306.341 410.078 560.029 302.538 286.175 522.067 586.315 577.53 209.955 537.584 597.369 145.344 254.772 252.517 659.267 767.294 
104.69 604.239 326.725 461.307 841.215 671.658 157.471 249.596 547.943 766.416 618.052 783.001 363.373 640.252 154.858 652.396 440.018 750.457 648.069 233.403 
474.709 174.413 448.092 483.53 612.148 173.971 633.456 443.086 132.371 901.399 190.434 950.007 456.606 873.33 459.308 532.977 566.46 632.87 262.619 714.413 
763.273 489.401 526.339 460.541 309.613 239.852 827.162 573.362 244.624 791.624 499.61 853.285 507.963 839.447 765.405 357.393 566.74 411.947 573.331 989.315 
565.662 392.227 353.276 325.498 387.738 212.876 635.106 388.012 97.5295 719.651 406.71 774.796 343.21 726.54 569.956 316.413 427.454 410.742 482.121 790.607 
443.353 511.892 138.654 144.257 439.386 410.903 442.652 184.716 268.002 563.565 528.411 610.01 129.314 534.879 465.099 267.421 227.759 374.021 595.668 637.075 
604.901 714.228 212.132 80.1561 353.278 571.545 515.414 289.014 442.109 363.42 730.458 416.573 175.514 377.737 637.02 147.299 133.959 220.411 800.55 755.19 
595.552 156.259 557.197 573.266 623.57 97.0206 758.489 560.389 177.8 983.108 165.076 1035.65 561.001 971.796 576.657 585.226 664.959 675.663 238.16 835.103 
374.001 349.185 261.358 312.815 545.011 307.903 472.017 258.118 172.812 731.498 365.826 776.091 272.208 690.192 378.114 411.306 385.203 518.348 429.829 602.438 
70.214 474.979 412.317 537.894 873.066 594.607 323.989 342.462 495.036 894.687 486.763 918.769 446.912 785.493 36.8917 706.135 546.452 811.382 504.67 298.216 
450.126 488.723 165.747 166.964 432.297 382.832 463.366 207.183 240.142 585.773 505.17 633.455 157.458 561.413 469.086 270.313 254.615 377.763 573.464 650.526 
958.188 664.536 689.123 598.385 292.015 411.692 1003.81 745.735 442.36 852.406 672.441 917.098 664.85 936.144 962.106 441.118 700.061 448.786 742.195 1180.27 
549.015 140.801 700.298 764.933 906.353 393.02 783.181 670.671 429.317 1183.73 131.004 1227.55 718.26 1133.21 509.192 833.471 833.783 933.906 65.3911 762.607 
774.247 679.651 428.155 311.002 108.24 461.395 752.644 498.478 386.747 545.514 693.312 609.295 396.406 621.514 792.879 127.883 402.336 152.118 769.231 966.431 
598.141 124.868 720.884 775.867 888.978 363.189 825.258 697.132 419.24 1195.15 110.059 1241.3 736.202 1153.53 560.357 829.781 850.527 927.302 36.0694 816.78 
586.98 48.3322 638.193 677.027 762.992 235.325 787.869 625.873 300.629 1094.23 41.7253 1143.42 648.726 1066.22 557.459 713.238 759.701 807.845 100.045 819.909 
752.091 651.627 413.192 300.987 132.834 434.815 737.653 481.798 358.603 558.707 665.331 621.885 382.598 627.214 769.708 131.244 396.244 173.104 741.237 947.439 
686.476 327.185 540.626 515.598 470.473 74 800.885 567.067 157.582 896.666 336.013 954.48 533.094 915.219 678.405 472.382 618.496 548.293 408.104 923.275 
797.161 908.204 404.623 283.805 351.37 738.848 667.488 477.821 623.67 218.215 924.048 282.781 369.818 328.824 832.948 224.662 281.114 186.003 996.266 921.811 
344.071 594.577 50.9902 185.54 576.095 550.004 281.517 26.2488 406.177 538.177 611.072 569.959 87.6641 457.739 379.676 379.812 182.497 475.29 667.803 498.55 
520.247 879.755 282.931 324.785 699.203 824.491 298.171 288.106 680.331 378.338 896.177 379.179 286.211 225.568 568.57 495.892 221.109 548.523 950.781 554.59 
510.529 826.027 219.829 248.395 624.501 756.897 318.077 240.67 613.313 355.439 842.589 369.381 217.348 233.431 556.386 420.195 144.222 476.8 900.419 578.07 
538.781 671.591 146.328 16.6433 401.005 548.689 456.228 223.376 412.34 403.091 688.044 450.729 109.659 388.666 571.071 195.256 99.4636 281.149 756.017 691.714 
919.405 824.738 554.813 425.738 58.8303 594.348 875.042 629.321 535.322 539.129 837.705 603.988 520.159 655.049 940.608 224.956 498.655 156.247 913.622 1101.49 
570.846 836.915 231.249 211.946 557.215 742.873 395.828 274.935 602.103 288.434 853.558 312.463 215.604 202.467 614.37 357.302 108.669 403.555 915.684 655.222 
611.191 862.986 262.452 223.486 541.128 758.631 436.327 311.448 619.852 248.284 879.619 275.187 242.887 179.109 654.331 346.655 129.004 382.753 943.231 695.932 
