80 20 22
777 335 649 27 763 426 211 429 862 135 22 167 11 373 784 324 413 980 862 281 
3050 9250 840 3270 3360 5050 8460 7290 3130 8570 1240 8950 5820 5450 8140 3670 4340 3640 430 7500 870 8080 
4 20 14 8 9 20 19 18 15 8 21 11 8 13 21 13 21 5 10 18 6 15 14 19 20 1 21 8 3 12 15 15 9 9 3 19 11 19 15 13 21 14 6 0 15 21 12 9 13 16 10 3 12 0 12 18 3 4 10 20 6 2 4 16 5 15 1 12 5 12 1 17 4 12 18 14 21 6 0 11 
22.722 73.7017 36.1773 49.0433 89.0834 78.8041 5.2345 29.1446 65.6795 72.3095 75.113 72.8945 39.5536 57.5306 27.6062 69.0638 43.9878 77.9046 78.263 20.8154 
23.585 53.1327 15.9906 28.956 65.79 53.4649 24.6142 9.1 39.7847 64.7654 54.7245 67.6572 19.5256 55.5342 26.8604 47.2403 29.4457 57.3349 59.5897 41.631 
4.87032 53.4394 44.0192 57.0424 92.0223 65.6805 29.9908 36.6314 55.5241 90.7965 54.5711 92.7928 47.6038 78.8453 2.55539 74.686 56.8243 85.0535 56.0116 23.7775 
59.5124 48.7592 31.5398 25.5071 30.9317 30.3453 62.4051 36.6695 19.3598 62.9611 50.2359 68.6531 29.6366 64.9059 60.7146 21.9593 36.1006 31.5006 57.743 80.6486 
75.7127 106.625 45.8947 43.1019 69.8264 96.6433 53.4509 49.2968 82.7838 19.3912 108.29 16.36 44.504 3.01496 80.4692 52.5746 33.5477 53.1433 114.444 78.6043 
45.1586 85.9393 29.5758 37.1831 76.5256 83.2001 21.188 27.5427 68.8059 47.289 87.5439 47.1377 31.0306 31.4331 50.1327 55.9044 27.8212 62.2357 92.4446 46.3276 
48.9155 49.7902 19.2925 16.5484 39.3732 37.1446 49.9608 24.1853 23.2723 57.8358 51.4106 62.8784 17.8362 56.64 50.7372 23.8296 26.2909 34.5811 58.4566 68.9814 
29.7121 48.7409 13.5801 24.3387 58.6083 46.3036 32.4423 10.4676 32.2902 63.521 50.383 67.1048 16.2791 56.4809 32.131 40.9034 27.6523 51.3401 55.9558 49.42 
77.0144 47.6177 54.4868 48.31 33.3928 22.4288 84.1701 58.9624 24.4477 81.8133 48.5751 87.9682 52.7638 86.4491 77.0561 38.3909 58.9388 43.8694 55.8616 99.8431 
29.8766 26.559 37.4769 45.6724 69.8035 34.8901 48.0416 34.1141 26.0722 86.8655 28.0794 90.8188 39.6334 80.612 28.2719 56.9727 51.2411 67.6832 32.5738 53.8446 
60.8777 81.2572 23.1672 16.0178 46.8646 69.4141 46.2779 29.4457 55.8158 26.9462 82.913 31.044 20.413 24.473 64.8514 27.1649 9.1 31.3912 89.529 71.8471 
52.0704 11.5395 51.7929 55.1421 65.3854 16.1003 69.4592 51.1755 17.936 96.8219 12.9865 101.767 52.6377 94.283 50.0036 59.0479 63.5815 68.7405 20.5273 75.9785 
50.4591 46.0679 23.8732 21.281 38.7559 32.2876 53.612 28.1301 18.6196 62.0601 47.6596 67.2579 22.6566 61.437 51.831 25.5515 31.1955 36.1179 54.8688 71.4659 
84.5733 111.285 51.6382 46.057 66.1547 98.9926 63.4856 56.22 85.7071 10.4709 112.944 5.50727 49.5949 11.2539 89.1798 51.2442 38.0349 49.5682 119.464 88.9922 
56.0865 34.3628 38.5157 36.9677 42.9703 16.5849 65.1019 41.2074 5.02195 76.896 35.7778 82.3476 37.8826 77.1327 56.0664 36.7212 46.9315 46.057 43.3462 79.1471 
32.8568 24.5748 54.1806 63.4168 86.8208 44.3687 56.9956 49.5864 40.3656 104.067 25.3032 107.702 56.7183 96.545 28.8111 74.9016 68.2265 85.5795 25.2834 54.3399 
61.2413 30.1823 47.0027 45.5467 46.8402 8.21523 72.4553 49.2995 8.10247 84.9817 31.3614 90.5532 46.4812 85.6983 60.606 43.7221 55.5707 52.3198 38.9071 84.8291 
21.783 37.1248 51.3546 62.5167 91.195 54.4266 47.3114 45.3793 47.7117 101.033 37.976 104 54.4362 91.5222 17.1292 76.8564 65.3809 87.6057 38.1266 41.7153 
73.1361 61.9112 40.3408 29.8485 16.0153 40.2604 72.6918 46.9392 32.6377 58.0262 63.2776 64.2748 37.4525 64.1078 74.7425 14.7503 39.7775 20.2566 70.8692 93.1074 
14.5774 39.4782 40.4728 52.0125 82.8002 51.7653 38.0737 34.3535 42.5202 90.0245 40.6893 92.9572 43.6406 80.5208 11.7273 67.306 54.4399 78.0003 42.8005 37.9195 
58.7882 30.2483 44.3137 43.1677 46.5249 10.3817 69.7093 46.5421 5.42033 82.9778 31.5279 88.4758 43.8526 83.3334 58.2683 42.2243 53.0928 51.1423 39.1189 82.3001 
53.0182 77.2431 16.98 15.1119 52.1422 67.8174 38.0825 22.1822 53.7018 33.4978 78.9074 36.6531 15.1238 26.703 57.1316 31.6526 4.50444 37.718 85.1834 63.5912 
63.9015 49.5186 36.2416 29.4822 28.211 29.0725 67.206 41.4654 20.1467 65.1915 50.9156 71.0697 34.2257 68.2092 64.9367 22.7702 40.1123 31.2605 58.4953 85.2855 
44.4002 13.8062 47.0596 52.0525 67.2408 22.4475 62.4135 45.5544 19.3507 93.9822 15.4693 98.6083 48.3423 90.1417 42.3132 58.5411 59.6632 68.7258 21.9317 68.2939 
14.368 67.2093 38.1047 51.5007 90.4098 74.659 13.2019 30.491 62.3077 78.8495 68.5414 79.9186 41.7138 64.9537 19.0539 71.0752 48.112 80.5597 71.1512 16.7705 
63.1668 23.8076 53.8697 53.5956 54.7154 1.58114 77.056 55.313 14.123 93.5387 24.713 99.0437 53.7201 93.7506 61.8463 52.4314 63.361 60.9361 31.992 87.0909 
16.0963 42.7984 29.0496 40.7545 73.3368 49.1955 31.7238 23.0671 37.5755 78.6787 44.2634 81.7267 32.2318 69.6521 16.8861 56.8117 43.0308 67.4072 48.0526 39.3634 
70.5025 44.9138 47.6643 42.0171 32.7844 20.8147 77.2371 52.0402 18.9423 77.176 46.0487 83.1895 46.0369 80.811 70.7221 33.9882 52.638 40.7806 53.5494 93.1427 
85.9996 86.5047 47.1975 33.738 19.1638 66.1447 77.4847 54.9102 57.0561 37.8442 87.9696 44.3384 43.5354 49.7784 88.8519 16.8122 38.3564 6.26498 95.4912 101.703 
26.0509 80.0201 49.6717 62.6828 102.537 88.4918 18.4358 42.4199 76.1853 84.7001 81.2754 84.7574 53.1154 68.9891 29.7042 82.6574 57.6556 91.5933 83.301 9.40213 
49.4144 7.73369 53.2824 57.8261 70.3855 21.473 68.4036 51.8768 22.5488 99.7128 9.38616 104.455 54.4737 96.27 46.9256 63.1495 65.7123 73.0756 16.4012 73.1167 
54.3854 81.0264 20.3494 19.4023 55.4982 72.0573 37.5055 24.6343 57.9008 31.5626 82.6906 34.0847 18.9307 22.9611 58.6986 35.2121 8.81419 40.5558 88.8541 63.3569 
71.5489 36.161 55.3263 51.9736 44.6817 10.8462 82.226 58.3823 18.2538 89.1176 37.0066 95.0081 54.353 91.6758 70.8798 46.2555 62.4087 53.3274 44.1453 95.1237 
66.0212 74.0074 26.8881 13.4952 30.4253 58.0056 57.2965 34.5951 45.8507 35.287 75.6003 41.1001 23.2207 39.5001 69.1185 10.4403 18.7211 16.3371 82.788 81.3089 
41.2698 59.9854 2.76586 11.2872 50.2309 52.318 35.195 10.0846 37.9158 49.6291 61.6497 53.4627 2.28035 43.9602 44.522 30.5084 13.8852 40.1061 67.8677 57.3283 
68.3159 40.2061 48.1864 43.8244 37.5659 16.0153 76.6079 51.9311 15.4923 80.4866 41.3146 86.3873 46.8984 83.2714 68.2309 37.663 54.3575 45.0156 48.7943 91.3534 
66.7171 87.8093 29.7069 22.3573 48.5989 75.3489 50.5199 35.691 61.9718 20.3027 89.4625 24.4125 27.0512 19.5092 70.8316 30.2273 15.5913 32.2889 96.1252 76.3944 
63.1656 37.7669 43.6715 40.2449 39.057 15.5589 71.5668 47.0979 10.8167 78.3164 39.0124 84.0524 42.5921 80.111 63.1419 36.3127 50.6333 44.5907 46.5907 86.1701 
37.4363 91.4025 57.5083 69.8896 110.282 99.3866 25.0569 50.7711 86.7666 86.8254 92.6607 86.0285 60.7213 69.9687 41.0099 89.9764 63.5437 98.2748 94.6599 17.2931 
62.1911 41.3088 39.9805 35.7476 35.5557 20.2475 68.9231 43.9355 12.6143 73.4832 42.6395 79.2306 38.6514 75.4573 62.55 31.5527 46.2252 40.0586 50.2355 84.7172 
46.7898 23.5593 39.5942 42.4223 55.8789 17.86 60.3664 39.7669 8.51469 84.1259 25.1549 89.0484 40.1932 81.6882 45.8912 47.2547 50.966 57.3283 32.3804 70.5931 
22.7695 31.2554 41.1709 51.2551 78.5504 43.8634 44.6287 36.2178 35.6477 91.1492 32.5228 94.591 43.9118 83.1515 20.1162 64.5697 55.2794 75.326 35.1552 46.3068 
87.395 67.2037 56.4907 46.0831 14.5413 42.592 88.7119 62.8666 40.3609 69.7672 68.3079 76.2287 53.6851 78.2545 88.5037 28.9588 55.8187 29.4335 75.7673 108.32 
3.40147 55.9904 42.534 55.7431 91.6081 67.2591 26.7526 35.0001 56.5984 88.4882 57.1686 90.323 46.1624 76.1757 5.20384 73.8366 54.9659 84.0788 58.8647 21.4107 
83.1633 47.5943 63.2712 57.6254 40.4797 22.7059 92.126 67.3374 29.7039 91.0043 48.2673 97.2044 61.7279 95.8718 82.7436 47.598 68.2552 52.4585 55.0455 106.483 
70.8363 75.5066 32.0214 18.5586 25.2539 57.9124 62.8182 39.7316 46.664 36.5876 77.0611 42.7481 28.3651 43.0465 73.7629 6.86586 24.2887 10.7703 84.3976 86.6585 
16.2641 41.653 30.1942 41.7354 73.814 48.5956 32.8976 24.3282 37.2361 79.9 43.1045 82.9873 33.3305 70.9717 16.6412 57.5256 44.2109 68.1535 46.8028 39.8016 
39.4635 33.86 27.5986 31.8925 53.2989 28.6398 49.4065 27.6957 15.0479 73.8221 35.5203 78.4115 28.4529 70.1944 39.7454 40.6341 39.5779 51.2762 42.1228 62.4109 
25.3298 79.2526 52.3883 65.5735 105.101 88.925 22.0484 44.9678 77.0211 88.7144 80.449 88.8699 55.9035 73.146 28.4164 85.4365 60.9944 94.58 82.1005 5.22015 
85.3353 75.2354 49.8186 37.4037 3.11448 52.5179 82.1416 57.0812 46.2031 54.6206 76.5506 61.1138 46.4814 64.4002 87.2968 17.5727 45.6355 14.3283 84.1457 104.134 
69.3745 74.7407 30.5138 17.0511 26.4802 57.5407 61.3013 38.2251 46.0449 36.494 76.3053 42.5699 26.8555 42.3212 72.3279 7.30068 22.832 12.2801 83.6086 85.1374 
8.66487 56.0108 31.3536 44.69 81.6854 62.9076 19.5226 23.7356 50.7351 77.2653 57.4003 79.2738 35.0069 65.4671 13.2593 63.274 43.5839 73.3219 60.4948 26.6625 
34.8827 34.8794 25.9856 32.2025 56.8516 32.5498 45.356 24.9147 19.4178 73.9032 36.5409 78.206 27.4007 69.1527 35.2575 43.0409 38.8742 53.776 42.6645 57.8236 
54.9459 76.286 17.254 12.3471 48.3257 65.722 41.3011 23.4386 51.7936 32.7341 77.9475 36.4907 14.6986 28.1149 58.8778 27.8692 3.13847 33.9165 84.4126 66.562 
57.649 57.0629 23.7124 14.8637 30.6341 41.0078 56.0029 30.2538 28.6175 52.2067 58.6315 57.753 20.9955 53.7584 59.7369 14.5344 25.4772 25.2517 65.9267 76.7294 
10.469 60.4239 32.6725 46.1307 84.1215 67.1658 15.7471 24.9596 54.7943 76.6416 61.8052 78.3001 36.3373 64.0252 15.4858 65.2396 44.0018 75.0457 64.8069 23.3403 
47.4709 17.4413 44.8092 48.353 61.2148 17.3971 63.3456 44.3086 13.2371 90.1399 19.0434 95.0007 45.6606 87.333 45.9308 53.2977 56.646 63.287 26.2619 71.4413 
76.3273 48.9401 52.6339 46.0541 30.9613 23.9852 82.7162 57.3362 24.4624 79.1624 49.961 85.3285 50.7963 83.9447 76.5405 35.7393 56.674 41.1947 57.3331 98.9315 
56.5662 39.2227 35.3276 32.5498 38.7738 21.2876 63.5106 38.8012 9.75295 71.9651 40.671 77.4796 34.321 72.654 56.9956 31.6413 42.7454 41.0742 48.2121 79.0607 
44.3353 51.1892 13.8654 14.4257 43.9386 41.0903 44.2652 18.4716 26.8002 56.3565 52.8411 61.001 12.9314 53.4879 46.5099 26.7421 22.7759 37.4021 59.5668 63.7075 
60.4901 71.4228 21.2132 8.01561 35.3278 57.1545 51.5414 28.9014 44.2109 36.342 73.0458 41.6573 17.5514 37.7737 63.702 14.7299 13.3959 22.0411 80.055 75.519 
59.5552 15.6259 55.7197 57.3266 62.357 9.70206 75.8489 56.0389 17.78 98.3108 16.5076 103.565 56.1001 97.1796 57.6657 58.5226 66.4959 67.5663 23.816 83.5103 
37.4001 34.9185 26.1358 31.2815 54.5011 30.7903 47.2017 25.8118 17.2812 73.1498 36.5826 77.6091 27.2208 69.0192 37.8114 41.1306 38.5203 51.8348 42.9829 60.2438 
7.0214 47.4979 41.2317 53.7894 87.3066 59.4607 32.3989 34.2462 49.5036 89.4687 48.6763 91.8769 44.6912 78.5493 3.68917 70.6135 54.6452 81.1382 50.467 29.8216 
45.0126 48.8723 16.5747 16.6964 43.2297 38.2832 46.3366 20.7183 24.0142 58.5773 50.517 63.3455 15.7458 56.1413 46.9086 27.0313 25.4615 37.7763 57.3464 65.0526 
95.8188 66.4536 68.9123 59.8385 29.2015 41.1692 100.381 74.5735 44.236 85.2406 67.2441 91.7098 66.485 93.6144 96.2106 44.1118 70.0061 44.8786 74.2195 118.027 
54.9015 14.0801 70.0298 76.4933 90.6353 39.302 78.3181 67.0671 42.9317 118.373 13.1004 122.755 71.826 113.321 50.9192 83.3471 83.3783 93.3906 6.53911 76.2607 
77.4247 67.9651 42.8155 31.1002 10.824 46.1395 75.2644 49.8478 38.6747 54.5514 69.3312 60.9295 39.6406 62.1514 79.2879 12.7883 40.2336 15.2118 76.9231 96.6431 
59.8141 12.4868 72.0884 77.5867 88.8978 36.3189 82.5258 69.7132 41.924 119.515 11.0059 124.13 73.6202 115.353 56.0357 82.9781 85.0527 92.7302 3.60694 81.678 
58.698 4.83322 63.8193 67.7027 76.2992 23.5325 78.7869 62.5873 30.0629 109.423 4.17253 114.342 64.8726 106.622 55.7459 71.3238 75.9701 80.7845 10.0045 81.9909 
75.2091 65.1627 41.3192 30.0987 13.2834 43.4815 73.7653 48.1798 35.8603 55.8707 66.5331 62.1885 38.2598 62.7214 76.9708 13.1244 39.6244 17.3104 74.1237 94.7439 
68.6476 32.7185 54.0626 51.5598 47.0473 7.4 80.0885 56.7067 15.7582 89.6666 33.6013 95.448 53.3094 91.5219 67.8405 47.2382 61.8496 54.8293 40.8104 92.3275 
79.7161 90.8204 40.4623 28.3805 35.137 73.8848 66.7488 47.7821 62.367 21.8215 92.4048 28.2781 36.9818 32.8824 83.2948 22.4662 28.1114 18.6003 99.6266 92.1811 
34.4071 59.4577 5.09902 18.554 57.6095 55.0004 28.1517 2.62488 40.6177 53.8177 61.1072 56.9959 8.76641 45.7739 37.9676 37.9812 18.2497 47.529 66.7803 49.855 
52.0247 87.9755 28.2931 32.4785 69.9203 82.4491 29.8171 28.8106 68.0331 37.8338 89.6177 37.9179 28.6211 22.5568 56.857 49.5892 22.1109 54.8523 95.0781 55.459 
51.0529 82.6027 21.9829 24.8395 62.4501 75.6897 31.8077 24.067 61.3313 35.5439 84.2589 36.9381 21.7348 23.3431 55.6386 42.0195 14.4222 47.68 90.0419 57.807 
53.8781 67.1591 14.6328 1.66433 40.1005 54.8689 45.6228 22.3376 41.234 40.3091 68.8044 45.0729 10.9659 38.8666 57.1071 19.5256 9.94636 28.1149 75.6017 69.1714 
91.9405 82.4738 55.4813 42.5738 5.88303 59.4348 87.5042 62.9321 53.5322 53.9129 83.7705 60.3988 52.0159 65.5049 94.0608 22.4956 49.8655 15.6247 91.3622 110.149 
57.0846 83.6915 23.1249 21.1946 55.7215 74.2873 39.5828 27.4935 60.2103 28.8434 85.3558 31.2463 21.5604 20.2467 61.437 35.7302 10.8669 40.3555 91.5684 65.5222 
61.1191 86.2986 26.2452 22.3486 54.1128 75.8631 43.6327 31.1448 61.9852 24.8284 87.9619 27.5187 24.2887 17.9109 65.4331 34.6655 12.9004 38.2753 94.3231 69.5932 
