120 40 24
777 335 649 27 763 426 211 429 862 135 22 167 11 373 784 324 413 980 862 281 84 505 313 895 814 364 87 178 403 399 676 12 94 570 467 902 652 280 865 619 
44000 72900 3100 11700 9700 77100 48100 67500 70900 92700 56700 85600 49700 35300 58600 96500 30600 68300 21900 62400 52800 87100 73200 82900 
15 0 4 11 14 11 20 14 2 10 15 13 16 4 18 19 3 20 0 4 5 16 0 21 20 23 4 6 2 2 13 4 14 15 4 10 13 17 4 17 18 21 0 11 20 11 13 3 11 21 14 2 10 6 21 18 4 9 6 21 1 7 19 11 23 10 22 1 4 2 14 2 2 14 3 19 11 8 4 4 5 13 6 10 8 12 16 18 1 13 18 18 20 5 7 17 6 4 21 12 12 19 4 9 23 3 23 23 19 15 1 13 9 11 23 11 21 20 2 18 
71550.8 103747 42892.1 41239.3 70339.3 94633.5 49047.4 45826.8 80608.3 22809 105410 20474.9 41769.8 4701.06 76341.7 52298 31243.6 53767.1 111426 74153.7 71471.7 31499.2 94583.8 85062.3 62657.3 38470.8 48060 78902.3 83063.7 79604 93684 58460.4 37776.3 73893.5 42882.3 60716.8 37160.2 73765.2 31706.5 69222.5 
36724.1 22120.8 39168 45494.8 65624.7 27955.1 53641.1 37081.5 19925.1 87300 23750.8 91641.5 40780.6 82447.1 35211.5 54454.6 52294.7 65000 29405.4 60696.4 45443.3 53740.3 13870.8 60949.3 21160.3 44186.2 66592 45024.5 15349.6 6906.52 69224.3 34084.6 49896.4 18697.9 43433.3 62719.5 45012.2 41677.3 50315 27166.5 
25071.1 76600.6 38546.7 51219.1 91424.8 81808.6 6425.73 31686.3 68661.9 72946.4 78002.3 73267.3 41849.3 57700.8 29851.8 71284.5 45720 79947.1 81066.5 20109.9 20242.8 49323.8 70021.3 97613.9 50049 42257.3 11555.1 83945.3 67325 50375.4 107461 22629.6 22367.2 39000.1 50591.4 83240.9 34733.3 78324.6 38051.8 64459.6 
68272 62330.8 33887 22912.4 19944.9 42648.4 66332.3 40765.7 32881.8 52603.1 63794.2 58700.6 30845.7 57622.2 70220 9364.83 32777.1 17938.8 71318.2 87447.4 74857.8 30489.7 53501.4 26788.4 30215.2 31420.1 76527.8 19251.2 37923.7 51006.9 36444.6 55365.7 51956.2 55564.5 22703.5 14897.3 38937.1 14893 38553.9 21128.7 
7647.88 48133.1 43389.6 55980.4 89451.9 60892.2 33476.3 36360 51229.1 91482.2 49259 93827.1 46860.3 80383.1 3006.66 72809.7 56753.6 83338.2 50727.6 29083.7 14605.5 59799.7 43919.1 89445.2 39816.7 49419.1 44238.6 73720.7 47659 26055.5 98624.6 20003.2 40354.7 15368.8 54326.6 83754.2 44944.1 69095.9 50756.8 53307.9 
39802 61670.2 806.226 13281.6 52987 54946.6 32303.7 7976.21 40518.3 49272.4 63332.1 52782.8 3492.85 42502.9 43304.2 33024.8 13423.9 42334.1 69365.3 54931.3 44322.1 16064.9 52551.9 60081.6 21085.1 5531.73 42607.5 47852.4 42011.5 38044.7 69928 25124.1 18169.5 34619.2 12298.4 44962.8 6212.89 42083 10420.2 31310.7 
16140 68867.5 38309.9 51642 90827.7 76013.5 11900 30769.5 63532.4 78109 70208.4 79049.6 41886.8 63964.1 20816.6 71339.3 47896.8 80703.4 72870.3 16549.6 11395.2 51461.2 62806.7 95379.8 46144.6 43008.1 20617 80970.7 61615.7 43185.4 105146 17321.7 25500.8 31438.4 50675.9 83226.5 36016.9 75523.8 40418.3 60838.3 
43022.8 77918.7 19316.6 26651.1 66444.7 73409.1 23693.2 18738.7 58976.4 43862.2 79555 45164.8 20478.3 31022.9 47701.7 45775.5 17828.1 52741.8 84929.3 49653.3 43951 21178.3 69199 76306.7 39159.4 18609.7 29154.8 65452.3 60090 52371.7 86007 29622 9211.41 45468.8 27012 57347.4 12425.8 59713.5 11013.6 49915.1 
85194.2 68582.9 52754.9 41748.4 9849.37 44643 85147.4 59419.3 40639.9 64352.9 69778.9 70813.9 49786 72959.5 86583.7 23875.7 51197.4 24027.7 77321.7 105509 92319.1 48570.9 61053.2 9300 45865.6 50369.5 95483.9 15824 46062.6 64005.4 17977.8 73146.5 70914.6 70771.9 41643.2 16522.1 57899.3 17718.1 57356.2 32867.2 
60474.5 9567.13 70263.6 75126 85054 32183.4 82378.7 68314.1 38509.9 117005 7924.65 121754 71612.6 113409 56949.5 79716 82932.5 89316.6 3535.53 82890.8 68548.2 84023.8 18976.3 74345.4 51063.3 74998.9 94993.3 60699.3 33702.4 35114.1 79789.8 62996 80747.8 45213.4 73095.3 85151.5 76249.3 60115.4 81463.2 50847.6 
66779.1 70720 28504.4 15206.9 26043.2 53590.5 60070.1 36156.5 42010.7 40127.8 72282 46092.6 24908.8 44900.4 69553.1 5437.83 22677.1 14043.1 79595.3 83330.8 72235.7 19691.9 61484.1 38021.7 33076.4 24129.9 68864.6 32076.5 46439 55075.3 47156.1 52656.7 44621.3 57002.5 16140 17029.4 31701.9 27513.8 29634.6 29375.7 
47861.9 15357.4 64874.1 72202.5 89313.5 40162.8 71552 61420 41323.7 113880 15118.2 118038 66899.6 108043 43833 80518.8 78504.3 90824.8 11566.3 69160.8 55410.9 80188.8 20740.8 81200.2 47917.6 70290 83693 66196.8 35908.9 27638.4 87903.6 52904.6 72331.8 34968.7 70141.9 87777.3 70064.3 64329.9 75720.1 52054.2 
47940.1 50914.8 17392.5 15008.3 40274.7 38888.8 48274.4 22447.5 24901.8 56576 52546.1 61520.2 15913.8 54985.9 49922.3 23941 24532.6 34690.2 59508.1 67649.2 54649.8 24571.7 41507.7 43772.7 11236.1 18402.4 59668.5 30326.6 27888.7 33239.9 53599.4 35311.9 35752.8 35820.1 13103.4 34365.7 24037.7 24601 26503 13817.7 
49102.4 74739.3 13980.7 15277.8 54159.9 66444.7 34474.6 18506.5 52170.7 37243 76402.9 40166.3 12776.9 29321.2 53241 33514.9 5448.85 40355.5 82517.7 59828.6 51886.8 8800.57 65553.4 64715.8 33659 9588.01 41409.3 54886.2 54267.7 51164.9 74300.6 34478 18558.6 46929.7 16162.3 44986.2 9481.03 49254.1 3573.51 41565 
26349.2 79665.6 45186.4 57966.9 98089.9 86553.4 13223.1 38169.4 73790.6 79100.3 80993.8 79151.1 48537.4 63394.2 30613.9 78016.4 52514.8 86736 83513.5 14644.1 19581.9 56117.7 73638.7 103945 55721.6 49019.6 13322.2 90038.5 72108.6 54010.7 113777 27417.1 29156.3 42272.1 57303.5 89973.4 41517.7 84467.4 44845.7 70286.6 
73926.8 104601 43871.9 41144.7 68454.7 94679.4 51908.6 47309.7 80799.6 19425.8 106265 17048.5 42480.2 1526.43 78663.1 50949.5 31541.2 51800.1 112420 77198.6 74129.6 31401.4 95370.5 83567.5 63298.7 39122 51319.1 77997.6 83456 80881 92018.4 60574.3 40076.2 75595.2 42884.3 58888.4 38466.7 72981.2 32812.3 69170 
41560.1 12453.5 52146.4 58849 76595.7 30817.7 62639 49358.5 28821 100643 13693.8 104939 53948.5 95442.2 38546.7 67077.3 65512.4 77447.9 17202.9 64793 49959.3 67043.3 10358.6 69694.5 34503.6 57352.6 75307.6 54220.8 23405.3 15575.6 77063.9 43228 61262.8 25503.9 56787.4 74612.7 57693.3 51832.2 63180.5 38819.1 
90731.7 109887 53889.7 44775.6 54910.2 94495 72558 59980.1 82321.4 5946.43 111511 10290.3 51041.6 24026 94960.4 43612.5 39807.7 39126.6 118491 98537 92824.6 37347.2 100485 72288.7 69128.6 47864.9 74573.5 71585.6 86276 90006.3 79052 76197.7 58096 87833.5 46837 46600.4 51150.5 67813.6 45315.4 69685.4 
18280 38637.4 31797 42785.5 73485.4 46185 35923.4 26382.2 35288.1 81701.7 40084.4 84952.3 34770.1 73237.8 17920.1 57805.5 45894.7 68500.7 43787.9 42104.8 26903 48415.3 32046.5 72985.5 23700.2 37842.8 48669.5 57257.4 32240.5 12396.8 82162.3 16519.7 35764.4 2147.09 40918.1 68280.7 35440.1 52645.4 41385.3 36854.3 
13685.4 47295.2 27693 40160.3 74607.3 53199.4 27234.2 20985.9 41135.1 76603.9 48756.2 79363.8 31104.5 66780 15754.4 57276.6 41331.9 67710.6 52466.1 35891.2 21281 44247.6 40443.2 76139.1 25854.4 33766.4 40021.1 60860 38867.2 20819.5 85634.7 7874.64 28003.2 10119.3 38510.5 68448.5 29885.9 55804.4 35823.6 40283.6 
32003.9 42083 19000 27060.1 56772.6 39357.3 38840.2 17441.6 25556.2 68025.4 43737.5 72025.6 20862.6 62301.3 33415.3 40800.1 32469.2 51514 49599.7 53621.3 39503.2 34266.7 33165.2 57800.1 7521.3 24253.9 51552 42638 25096.6 18620.7 67331.4 21584.5 31264 18900.3 25059.9 51288.4 24867 37489.9 30121.3 22146.1 
52541.9 2731.3 61204.6 66424.8 78859.2 27886.9 73657.9 59185.9 31277.5 108350 2968.16 112992 62623.1 104401 49344.7 72047.8 74001.7 81939.8 7569.02 75527.5 60848.2 75183.3 10623.1 69559 42215.3 66017 86368.1 55043.6 26117.4 26096.9 75851.7 54179.1 71659.5 36572.4 64381.7 78208.1 67145 53776.7 72391.5 43139.4 
60026.2 48094.2 32608.7 26709.2 31000.6 29306.1 63320.2 37630.3 18643.2 64064.7 49555 69778.2 30756.1 66099.6 61138.3 22812.7 37300.1 32175.8 57082.4 81329.8 67514.8 36250.5 39314.6 29763.4 20545.6 32751.5 74912.3 15181.9 23711.8 38677.4 39372.2 48918.3 51042.4 45130.6 25415.9 28557.5 39085.8 9616.65 40839.7 7500.67 
54521.2 20301 73210.5 80496.7 96410.5 45608.9 78906.6 69673.7 48516.1 122208 19437.1 126381 75244.7 116358 50194.1 88385.7 86849.3 98585.3 12903.5 74700 61610.5 88526.8 27627.9 87406.2 56180.6 78634.9 90796 72820.4 43172.3 35961.1 93612 60617.7 80348.1 42811.8 78435.5 95292 78359.2 71340.5 84034.9 59723.4 
55014.2 36594.1 35767.7 33962.9 41440.3 19593.1 62991.8 38734.2 7156.12 73946.5 38055.2 79374.2 35028 74127.1 55252.6 34120.4 43952.7 43672.6 45582.7 77782.1 63156.1 43704.9 27872.9 36429.7 17761.2 37771.9 75392.3 20460 12256 29853 45146.5 46150.4 52985.4 38372 32240.5 39911.5 42656.8 16949.9 45791.9 5993.33 
40152 51677.9 10423.5 15339.5 48332.2 43792.4 39660.2 13967.1 29364.1 56684.5 53341.4 60952.8 10610.4 52307.2 42563 30464.7 21740.7 40958.5 59752.2 59110.8 46443.6 23051.7 42383.5 52470.4 10285.9 13911.9 51265 38839.8 30988.5 30157.3 62296.5 26922.9 27796.6 30002.8 13333 41704.3 17314.2 33160.2 21208.5 20646.1 
41896.1 24145.6 37151.7 41465.6 58604.6 22631.2 56060.1 36521 12745.6 83386.6 25803.1 88063.3 38153.4 79919.6 40992.8 48400.4 49312.9 58771.6 32527.2 65721.3 50533.3 50325.7 14787.2 53649.2 17392.5 41504.7 69018.8 37724.4 8700 13257.5 61960.1 36942.4 50235.9 23957.7 39425.5 56087.9 43539.4 34439.8 48366.3 20321.4 
75689.7 77189.1 37251.8 23829.6 20155.6 58141.4 68359.2 44939.2 47917.6 38872.6 78698.5 45244.8 33620.4 47166.6 78451 6711.93 29910 5239.27 86148.5 92014.9 81104.6 26550.5 68145.5 35231.9 41323.7 32568.2 76600.6 33253.3 52736.5 63209.3 43424.6 61544.2 52692.5 65688.1 24932.3 10478.5 39994.1 29873.9 37304.8 35620.4 
45771 17893.3 43741.2 47694.2 61750.8 19037.1 61764.5 43026.5 13905.8 89552.9 19529 94339 44701 86437 44240.8 53276.8 55789.1 63378.5 26554.8 69741.3 54488.3 56707.1 8485.28 54960.5 23873 48040.2 74740.2 39361.5 8502.35 15953.1 62625.6 42382.1 56611.7 27728.1 45671.1 60117.3 50128.8 36922.1 54953.1 24501.8 
45096 49736.3 15849.3 15825.6 43119.5 39144.9 45922.1 20220 24891 57720.9 51382.2 62472.5 14921.5 55247.2 47081.4 26604.7 24569.3 37334.3 58196 64915.9 51835.3 25021.8 40328.8 46349.2 9033.83 17755.3 57515 32573 27370.8 30980.8 56153 32542.4 33873.3 33101.4 13805.8 37171.2 22673.6 26900.7 25703.1 14835.4 
54528.6 59858.8 18278.4 8628.44 34800.1 45802.4 50733.2 25350.5 32596 48000 61473 53235 15230.6 48176.9 57051.9 15984.1 19258.5 26468.3 68551.1 72418.9 60473.5 18100 50477.4 41935.8 20426.7 16075.1 60936.1 31119.4 36249.4 42419 51734.9 40838.3 36376.1 44116.2 7653.76 27459.1 23424.1 25478.8 23714.3 20259.6 
27721.8 59549.4 12492 25948 64936 58234.4 21587.3 4833.22 44149.4 58869.4 61159 61470.6 16140 48944.9 31653.3 45419.2 24324.9 54962.2 66204.8 42415.7 31693.1 27580.1 51178.9 70445 24313 17801.7 33518.1 56905.6 44082.8 33504.9 80290.5 12955.3 12453.5 26521.1 24836.5 57289.2 12297.2 51241 18095.3 37969.7 
73661 50160.2 48230 41184.7 27684.7 26016.3 78822.9 53237.6 23553.6 74219.2 51304 80361.7 46246.5 78911.1 74165.3 30802.9 51789 36669.9 58809.9 95852.6 81572.4 50236.4 43037.7 17738.7 34789.7 48036 90533.2 3047.95 28779.3 48821.5 26064.7 63655.3 66691.3 57405.3 40184.2 30386.3 54623.3 7202.78 56029.3 20086.3 
48259 28140 36793.5 38478.7 51207.1 18216.5 59808 37800.1 5234.5 79945.6 29706.1 84990.9 37034.2 78136.9 47835.8 42494.8 47430.5 52528.9 37030.4 71760.7 56738.9 47894.2 18952.8 45766.5 16560.5 40199.1 72617.7 29851 4494.44 20885.6 54098.1 41488 52031.1 30721 36530 49281.4 43568 26718.7 47721 13647.3 
57632.1 68947.3 18454.5 5100.98 36787 55358.6 49307.7 26163.3 42138 38592.4 70578.3 43710.4 14787.2 38874.7 60800.1 16122.7 12218.8 24334.3 77524.2 72988.3 62504.8 9823.44 59539.9 47349.1 28347.1 13473.7 57996.7 38758.4 45660.2 49868.8 56842 43139.3 33770 49794.1 6806.61 27899.3 20925.1 33415 18813.8 29829.2 
23771.6 31010.3 37873.7 47600.1 74685.3 41371.7 43785.2 33305.4 32368.2 87811.2 32400.2 91380.1 40493.1 80259.1 21858.6 60682.2 51948.1 71438.2 35830.9 47670.7 32461.7 54176.5 25152.5 72238 25703.1 43741.6 56430.9 56288 28386.3 6576.47 80994.4 24497.6 43573.6 6627.22 45625.7 70401.1 42240.4 52230.4 48100 36674.9 
34709.2 20359.3 51704.2 60144.6 81997.6 39071.7 57578.5 47724.7 35186.4 101300 21301.9 105170 54004.9 94580.4 31170.8 70685.9 65596.4 81301 22605.5 57229.7 42759.1 67540.6 18883.1 76462.1 36440.8 57350.2 69882.3 60703.2 29966.6 14702.7 84257.2 38776.9 58247.7 20825.5 58104.7 79158.2 56530.1 57758.5 62298.1 43593.2 
16269.3 59772.4 25276.9 38739.8 77151.1 63690.8 14800 17568.4 50584.6 69740.2 61256.6 71661.2 28936 57821.5 20902.2 58011.5 36603.4 67709.7 65058.8 30016.7 18959.4 40006.1 52604.7 81419.5 32423 30563.5 27735.4 67063 49206.5 33148.9 91187.7 4809.37 17702 22680.8 37571.3 69805.6 24401.8 61589 29695.3 47055.8 
43765.9 39618.4 24186.8 26004.8 46740.2 30054 50190.8 26189.5 15620.5 67825.8 41256.4 72652.1 24216.7 65338 44680.4 33600.1 34615.7 44244.9 48176.9 65773.2 51521.8 35213.2 30207.4 46017.9 4964.88 27354.2 62599.8 30600.7 17345.9 23334.3 55414.8 33712.5 40508.8 28652.7 24000 42573.5 31045.3 25640 34951.5 10026.5 
57142.4 43009.1 33084.7 29203.6 35745.3 25079.9 62425.6 37202.3 13591.2 68119.5 44478.9 73682.4 31753 69175.5 57911.8 27706.5 39568.3 37249 51995.5 79110.3 64922.3 38930.8 34207.2 32781.9 18032.5 34147.5 74416.5 17204.7 18607.5 34277.3 42060.9 46896.6 51110.1 41497.2 27662.2 33646.7 39831.8 12461.5 42274 3383.78 
13064.8 66993.3 45056.4 58516.1 96687.6 77050.6 20673.7 37356.3 65560 86756.8 68200.1 87808 48708.2 72779.2 16307.7 77776.4 55692.5 87505 69986.1 11370.1 4701.06 59203.5 61949.1 99940 49861.5 50197.7 27658.8 84994.4 62968.2 42819.3 109580 21523.2 33951.1 30919.6 57366.5 89530.9 43601 79757.9 48381.1 64510.5 
41434.9 86958 34985.7 44443.8 84475.4 86807.4 15698.4 31126.4 72611 56033 88508.4 55501.4 37119.4 39550.6 46465.7 63804.5 35850.4 70667.2 92802.9 38736 38684.6 39136.8 79100 93916.2 52596.7 35934 12742.4 82317.7 72710.1 60317.6 103682 32689.6 16834.5 50672.5 44598.2 75382.4 28713.9 76548.4 28924.9 65232.6 
55566.6 94282.7 35227.8 39538 76299.7 89434 31488.4 35135.3 75006.7 39470.7 95914 38363.1 35702.2 22308.1 60523.9 56170.9 29080.1 60862.2 101175 56026.1 54414.2 31326.8 85605.4 88409.6 55386.4 33148.9 29808.2 79180.8 76349.7 68514.9 97799.8 43885.4 23249.9 60881.7 40482.1 66727.1 28383.3 73566.4 25024.2 65304.9 
33602.4 58851.1 5842.09 19263.4 58120.7 54709.1 27828.9 2024.85 40349.6 54664.9 60498.3 57827.5 9503.68 46541.4 37138.3 38583.4 19103.9 48196.5 66125.5 49254.1 38223.2 22022.7 50013 64028.1 20306.2 11661.9 39101.9 50903.5 41041.1 34000 73885.7 18932 15717.8 29261.7 18058 50447.3 8489.99 45180.7 14328.3 32762.2 
32390.3 86298.1 57496.6 70414.6 110388 95839.1 25762.4 50303.6 83771.7 90749.1 87487.4 90409.3 60907.6 74456.5 35414.1 90431.2 65049.6 99244.6 89063.2 10163.7 23887.2 68651.7 81250.3 115698 66656.2 61492.8 22475.1 101439 81572.7 61996.9 125495 37810.7 41688.6 50070.7 69698.9 102385 54025.6 95958.8 57380.2 81348.9 
49994 14115.6 66096.1 73090.6 89169.6 39258.8 73506.3 62844.1 41206.9 114862 13670.4 119107 68030.9 109331 46013.2 80880.2 79621.4 91101.4 9420.19 71405.7 57602.2 81225.1 20402.5 80635.7 48746.9 71429.1 85711.4 65806.2 35828.1 28961.4 87149.4 54740.3 73983.8 36768.1 71029.1 87880 71410.1 64130 77016 52255.1 
55874.6 13464.8 53505.9 55904.7 63467.9 12419.3 72598.9 53415.8 17159.3 97267.2 14625 102381 54094.1 95481.1 53926.8 58386 64756.5 67763.2 22184 79816.8 64586.8 65304.3 8405.36 53727.6 33251.9 57341.5 85574.6 39351.2 13043 26054.8 60120.2 53189.9 67208.6 37980.3 53955.9 63467.9 60096 38461 64623.9 29779.4 
20707.7 74027 52353.6 65760.6 104459 85030 24648.3 44716.6 73708.2 91715.4 75162.6 92283.5 55969.7 76821.4 23049.5 85283.8 62191.4 94817.1 76466.5 3264.97 11988.3 65757.8 69434.4 108047 58033.2 57221.8 27874.2 93161.5 71030.3 50579.9 117709 29516.9 39592.2 38755.1 64717.4 97111.3 50303.6 87900.5 54696.3 72695.9 
61733.1 18470.8 76823.8 82887.5 95059.8 42480.7 85364.2 74030.3 47941.3 124812 17069.9 129304 78525 120126 57639 88870.8 90037.9 98707.9 9484.72 82682.8 69183.6 91416.1 27459.1 84649 58548.4 81930.8 97564.9 70840.2 42882.3 40131 90127.5 66542 85558.7 48553.6 80833.5 94819.2 82409.3 70040.3 87887.7 59956.2 
48210.4 16133.5 46185 49729.3 62129.7 17074.2 64459.7 45631.8 14143.9 91504.2 17723.4 96375.6 47047.2 88722.2 46547.3 54504.7 58035.2 64443.6 24994.8 72182.6 56930.9 58857.5 6935.42 54577.7 26170.6 50365.9 77435.4 39203.2 8764.13 18341.2 61953.6 45062.8 59270 30200.2 47722.2 60908.5 52630 37140 57381 25603.1 
29076.5 83071.6 52252.9 65143.8 105153 91627.3 20501 45101 79296 85945.6 84316.8 85779.8 55651.1 69901.2 32607.5 85167.4 59794.3 93967.3 86263 10259.1 21000.2 63397.5 77640.8 110628 61832.8 56218.1 18352.1 96481.6 77279.6 58199.7 120438 33090.5 36436.4 46292.2 64438 97122.4 48748.3 90969.6 52125.4 76495.8 
62250.9 94645.1 33809.5 33771.7 66798 86542.7 40566 36357.3 72339.8 27577.2 96305.2 27224.4 33005.6 11868 66993.3 47473.5 23294 50731.2 102199 66161.3 62535.3 24303.3 85555 80261.1 53854.3 29820.3 41204.5 72682.3 74508.5 70205.8 89303.1 48975.2 28404.2 64346.7 35205.7 57126 27819.6 67313.1 22584.3 61387.4 
59220 47670.7 31978.1 26337.2 31705.7 29233.5 62589.5 36923.8 18253.8 64047 49142.8 69722.7 30179.6 65861.4 60333.9 23085.3 36904.9 32586.7 56656.2 80535.5 66711.5 35923.4 38839.8 30566.8 19739.6 32226.2 74213 15929.8 23255.1 37943.8 40169.6 48127.4 50384.9 44338 25000.8 29108.4 38489.6 10396.6 40327.3 6818.36 
95532.7 68632.1 67136.1 57467.4 25063.9 43311.5 98961.5 73090.6 45016.1 81398.3 69503.5 87882.2 64548.4 90228.6 96154.5 40924.6 67439.6 41031.2 76626.1 117349 103309 65063.2 62847.8 8080.84 56317 65627 110041 21200.2 49943.3 70698.9 4716.99 84973.4 85647 79432.6 57047.8 33514.9 72896.2 26464.3 73079.1 41782.5 
79936.1 63425.3 48463.3 38172.5 13695.3 39902.5 80703.5 54871.5 35196.2 64283.2 64657.4 70661.4 45661.6 71574.9 81229.6 21982.3 48058.5 24626 72224.4 100543 87173.2 45682.6 55731.5 11500.4 40525.5 46513 91346 11005.9 40626.2 58450.8 21245.5 68128.1 66824.3 65310.4 37853 17535.4 53915.7 12200 53809.3 27333.9 
69187.6 38202.7 50734.7 46867.5 40425 13381 78498.5 54165.1 15795.3 83828.5 39225.5 89715.7 49595.6 86458.9 68862.5 41023.9 57354 48307.6 46613.5 92474.1 77581.8 56513.4 31964 28955.8 33273.7 52046.5 90916.4 15728 19845.7 41552.4 35486.5 61342.5 68351.8 51748.7 45427.4 42546.6 57558.7 17170.3 60169.9 20056.9 
30991.9 75498.7 27145 38756.9 79266.9 76333.3 7700 21651.8 62349.1 59402.4 77038.8 60091.3 30008.3 44922.2 36000.1 58800.2 32244.4 66928.3 81268.2 33700.6 29739.7 35826.5 67762.5 86916.6 42555.4 29774.1 15786.7 74241.8 62054.9 48833 96767.8 21169.8 9080.2 39138.9 38419.4 70702.5 22116.5 68499.6 24600.8 55992.3 
67763.2 82166.3 28639.8 17415.2 38486 67601.8 55097.4 35843.1 54892.3 25655 83792.2 31171.3 25251.7 29461.3 71407.7 20135.8 16137.2 22419 90772.7 80333.8 71567.2 12632.1 72764.1 52805 41562.1 22613.5 61436.9 47659.2 58666.9 62861.8 61458.6 52996.7 39176 61922 19449.4 28808.7 28263.9 42974.5 23634.9 42351.5 
70994.1 67242.3 34956.7 22779.8 17949.4 47589.6 67314.6 42223.5 37815.5 48437.3 68715.4 54645.2 31644.3 54548.5 73206.9 5063.6 31761.6 13017.7 76226.6 89330.2 77232.4 29068.9 58361.8 28217.7 33903.7 31683.4 76933.2 23182.1 42811.8 55172.5 37462.1 57623.8 52413.8 59095.3 23020.2 10989.5 39331.4 19387.1 38187.2 25893.6 
61081.6 46695.3 34832.3 29217.1 31384.4 27128 65205.6 39629.5 17240.9 66417.2 48120.3 72168.8 33084.1 68606.9 62005.9 24749.1 39800.5 33753.5 55682.1 82717.9 68722.1 38767.5 38097 28677.5 21700.2 35151.1 76927.5 13505.9 22487.6 38699.9 38118.9 50370 53194.5 45738.9 27906.5 29693.3 41378.3 8300.6 43253.9 7589.47 
14447.5 66051.2 35226.4 48621.5 87568.5 72669.3 11738 27617.6 60104.1 76349.7 67421.4 77544.1 38834.6 62727.1 19379.4 68203 45299.1 77680.4 70307.7 19635.2 11720.1 48833.7 59781.4 91947.2 42662 40096 22294.6 77502.1 58250.7 40129.9 101706 13845.2 23479.8 28501.2 47594.3 80062.5 33282.6 72064.2 37926.9 57356.9 
33847.9 22351.1 53100.8 61948.7 84556.8 41775.7 57413 48803.5 37894.2 102868 23166.4 106621 55523.7 95742.7 30037.5 72958.3 67081.4 83605.9 23703.6 55862.8 41653 69127.4 21505.8 79176.8 38497 58840.1 69527 63399.8 32693.9 16552.9 86997.5 38965.9 58834.4 21214.4 59920.4 81587.3 57702.7 60401.5 63529 46111.2 
43139.3 18006.9 61751.8 69726.9 88927 41620.3 67077.3 57911.8 41102.4 111152 18157.1 115137 63951.5 104732 39056.5 79097.4 75559 89555.9 15973.1 64344.2 50622.2 77399.7 21388.3 81729.6 45658.1 67318.1 79115.4 66400.7 35674.2 24534.9 88828 48646.7 68377 30823.5 67673.7 86876.3 66688.8 64136.3 72431.1 51078.4 
73256.3 60276.4 41407.4 31402.5 16966.4 38234.1 73631 47800.6 31166.2 60385.8 61615.9 66625.1 38643 66300.1 74708.6 17065.8 41504.7 22541.1 69211.7 93597.5 80362.2 39312.6 52046.3 18417.4 34002.6 39582.8 84304.7 11363.5 36554.8 52876.5 28240.6 61211.9 59800.1 59080 30974.3 16726.3 46929.7 8905.05 47003.2 21659.2 
25277.1 78848.3 54567.4 67847.3 107109 89404.3 24897.4 47054.5 77816.5 91739.7 79997.8 91961.4 58123.4 76268.5 27868.6 87610.8 63578.4 96893 81360.7 2332.38 16584.9 67173.9 74124.3 111331 61591 59126.1 25730.3 96655.5 75302.3 55127.2 121050 32794.7 40519.1 43248.4 66924.7 99507.3 51957 91308.5 55977.2 76296.9 
85241.6 56902.2 59747.8 51773.1 28306.4 31605.7 90644.8 64988.7 33567.8 81231.6 57807 87582.5 57580.6 87801.4 85558.5 38388.1 62236.7 41584.3 64999.8 107633 93253.7 60348.4 51039.3 11819.1 46613.8 59153.1 102265 12348.3 38343.7 59435.8 16443.8 75493.6 78273.9 68644.2 50981.6 34335.1 65987.3 18117.7 67010.8 31900 
50308.6 75823.8 15134.4 15575.6 53926.8 67259.6 35356.6 19759 53021.2 35994 77487.8 38916.6 13775.3 28181.2 54464 33320.9 5283.94 39884.1 83636 60811.3 53022.4 8345.06 66619.7 64786.4 34665.5 10510.9 41999 55219.7 55200.1 52353.4 74328 35700.1 19480.5 48176.9 16597.9 44679.4 10733.1 49617.9 4810.41 42273.4 
83917.4 76413.7 47539.5 34780 6500 54364.7 79678.6 54948.4 47119 50728.5 77776.9 57219.7 44108.2 60561.5 86075.9 14712.2 42546.6 10423.5 85369.6 102144 90161.3 39409.8 68020.7 23049.7 46349.2 43780 88776.4 26181.7 52437 67032.9 30295.2 70545.7 64437.6 71680 35334.4 3178.05 51423 25092.8 49576.7 36480.3 
62667.1 13375.4 61302.2 63221.9 67475.4 13978.6 80255.6 61305.9 23720 104251 13692.7 109499 61797.8 103012 60382.9 64335.1 72308.6 73244.6 20163.6 86497.4 71337.1 72727 13829.3 55993.7 41015.7 65013 93226.9 42861.6 20396.1 33130.8 61330.6 60770.5 75094.1 45013.1 61309.1 68430 67928.3 42929.8 72384.9 36341.8 
55638.6 50056.4 26185.9 20529.2 33241.7 33856.5 57307.1 31491.7 21371.5 59424.6 51604.7 64911.1 24262.1 60351.1 57164 20667.1 31036.3 31022.1 58966.5 76180.4 62769.4 30200.2 40887.3 34920.6 16567.7 26261.2 68698.5 21300.2 25723.5 36991.5 44707.3 43745.3 44676.8 41892.2 19112.8 28899.8 32605.7 15561.8 34359.4 8704.6 
25994.6 63471.6 17167.7 30359.2 70031.6 63492.4 15920.1 10044.9 49536.8 59942.1 65049.5 61977.6 20662 48473.7 30450.8 50200.4 27047.4 59407.9 69709.3 37865.2 28506.3 30528.7 55419.3 76001.3 29852 21693.3 27863.2 62576.1 49219.6 37000 85853.9 12067.3 9080.2 28570.1 29473.5 62133.2 14909.1 56900.8 19942.4 43648.1 
54328.1 8178.63 55766 59222.5 68628 17525.1 72636.4 54974.2 21666.8 100893 9424.44 105846 56663.4 98335.8 51958.2 62892.4 67641.6 72475.4 17018.8 78107.2 62975.6 68422.9 5440.59 59042.5 35788.3 59983.5 85580 44617.1 16953.2 25038 65388.5 53063.7 68389.5 36824.6 57229.5 68386 62161.2 43578.4 66972.2 34064.9 
41023.5 77329.6 19859.5 28214.4 68280.7 73617.4 21276.3 18312 59203 46188.5 78956 47376 21408.6 33004.4 45758.7 47611.4 19834.6 54807.4 84175.8 47242.4 41716.4 23262.2 68728.5 77774.6 39256.2 19856.7 26960.2 66590.4 60100.2 51519 87513.4 27912.2 7169.38 44186.2 28434.5 59266.3 13096.9 60834.6 12690.5 50537.2 
35114.2 73714.3 19811.6 30480.3 70982 71817.1 15935.5 15961.5 57526.5 52114.5 75315.4 53380.2 22244.3 38960.6 39898.4 50425.5 23612.9 58360 80204.3 41682.9 35714.4 27193.6 65396.7 79293.9 37473.3 21580.8 23689 67218 57900.8 47465 89116.2 22415.4 1772 39331.4 30304.1 62283.2 13994.6 61449.9 15977.8 49916.8 
16101.2 58220.4 24515.3 37963.8 76042.4 62045.5 16404.9 16807.4 48961.2 69827.9 59711.7 71892.5 28182.4 58261.9 20541.2 57057.6 36260.9 66856.6 63583.1 31185.3 19547.4 39610.2 51000.9 80069 30900.6 29960.8 29355.2 65629.3 47561.3 31576.7 89822 3275.67 18280 21255.1 36731.5 68807.7 24075.1 60179.8 29526.4 45558 
107296 79294.5 77962 67564.3 30893.5 54029.6 110069 84192.9 56711.6 87327.5 80064.3 93825.4 75200.1 97822.7 107961 49647.3 77136 47601.8 86983 128959 115020 74505.9 73995.2 18212.4 68001.8 76028.2 120868 32951.5 61549.7 82471.1 8354.64 96545.4 96361.2 91252.7 67340.6 40385.4 83455 38059.6 83200.5 53537.4 
72440.7 54010.7 44119.2 35920.1 22811.6 30973.9 75549.9 49722.9 25732.9 67805 55266.7 73968.7 41816.9 72833 73377.1 24382.2 46424.7 30360 62846.6 93889.8 80025 44646.7 46245.5 17304.6 33008 43304.2 86868 3911.52 31158 49526.3 26821.3 61478.2 62675.2 57042.4 35107 24331.1 50226 3087.07 51138.3 18878.8 
78501.6 54191.2 52102.3 44214.3 25301.4 29495.9 83129.1 57416.7 28328.3 75091.5 55267.5 81354.8 49924.9 80841.8 79053 31814.8 54722 36314.2 62702.5 100572 86366.9 52923.5 47401.7 13118.7 39487.2 51510.2 94671.7 4695.74 33479.1 53721.7 21154 68306.7 70635.5 62315.4 43380.3 29489.8 58331.6 10465.2 59387.9 24827.8 
39029.5 80207.5 25904.6 35345.4 75545 78496.9 15984.1 22631.8 64187.3 51235.2 81798.4 51687.1 27951.7 36400.5 43981.9 54880.4 27131.2 62096.7 86546.6 41793.9 38247.2 30540.8 71980.3 84749.6 44131.2 26767.5 19759 73168.6 64601.9 53824.3 94523.1 27690.4 8429.12 45195.7 35449.3 66558.6 19543.3 67400.3 19944.9 56341.3 
91425.4 59315.1 67143 59315.5 33634.1 34163.4 97775.4 72226.7 38748.7 88087.7 60042.1 94483.9 65038.5 95130.3 91486.6 45605.4 69778.9 48071.3 66902.4 114149 99586.3 67876.1 54422.9 15829.4 53340.5 66657.1 109523 19815.7 43089 64681.1 15730.9 82205.9 85641.7 74445.7 58515.8 40660.5 73440.1 25570.5 74534.9 38670 
42400.5 45235.5 18139.7 20366.6 46168.6 36080 45809.3 20873.4 21656.6 62298.1 46888 66955.7 18049.9 59266.3 43993.3 30746.7 28541.2 41503 53617.3 63219.7 49586.8 29295.7 35842.2 47801.7 4365.78 21189.6 57887.1 33176 23503.4 26373.5 57477 30793.8 35072.1 29234.4 18320.8 40841.8 25028.8 27736.3 28797.6 13595.6 
59288.1 6030.75 63187.7 66728.1 74596.6 21684.3 78920.5 62178.6 28673.5 108361 5768.88 113342 64142.7 105839 56464.6 69922.2 75151.3 79296.5 11910.5 82719.1 67792.1 75939.4 11768.6 63852.6 43280.7 67471.2 91800.9 50188.9 24254.7 31000 69460.6 59319 75395.6 42398.7 64738.3 74916.6 69525.5 49722.6 74403.9 41241.2 
13689.4 67315.5 46950.3 60412.6 98437.1 77981.1 22546.2 39244.1 66702.7 88748.2 68488.2 89779 50606.3 74720.4 16391.8 79611.6 57672.5 89381.1 70060.7 10307.8 4976.95 61179.1 62513.5 101489 51335.2 52131 29033.1 86465.3 63987.6 43561.9 111103 23217.7 35951.8 31717.7 59243.6 91344 45570.6 81268.6 50372.4 65946.9 
42090.5 76859.5 18453.2 26210.1 66178 72479.8 23194.8 17685.3 58049.6 44605.2 78494.9 46011.4 19743.6 31988.9 46747.2 45507 17681.9 52649.9 83857.3 49104.4 43147.4 21100.9 68151.7 75825.4 38199.6 18002.5 29123.4 64817.9 59116.8 51293.8 85546.2 28608.6 8352.25 44394.8 26496.8 57138.6 11584.9 59071.2 10621.2 49093.1 
36466.4 89534.2 50569.3 62482 102988 95405.9 18449.1 44275.7 82247.5 78168.3 90888.1 77388.5 53607.8 61336 40734.4 82522.2 55607.6 90500.1 93551.4 21428.3 29588 59133.1 83270.3 110201 63476.8 53495.8 9459.39 96939.4 80923 63611.6 120060 36196.4 32796.5 52012.8 62118 94415.3 45838.4 91263.7 48065.2 77757.8 
71192.3 71734.6 33462.4 20341.6 20771.1 53066.5 65264.5 41046.8 42520.2 42297.6 73250.9 48507.7 29918.9 48764.3 73780 1272.79 27951.7 9802.04 80687 88284.4 76904.2 24901.8 62667.7 33536 36007.2 29316.5 74158.3 29320.5 47289 57823.4 42409.6 57280 49881.2 60610 21108.5 11744.4 36922.9 25402.4 34938.2 30157.3 
52991.4 16514.8 69974.3 76966.6 92505.4 41838.7 76875.2 66669.4 44616.1 118748 15740.7 122997 71918.6 113199 48855.9 84571.9 83510.1 94742.4 9761.66 73897.8 60390.2 85114.3 23724.5 83555.8 52616.1 75316.5 88965.7 68929.2 39278 32812.3 89832.1 58271.9 77685.8 40339.8 74905 91409.5 75262 67435.4 80881 55871 
35565.9 87912.8 47154.6 58918.7 99434.2 92947.5 15388.3 41025 79611.6 74609 89302 73932.7 50135.1 57903.1 40068.2 78936.7 51931.2 86844.1 92229.3 23086.8 29334.3 55449.5 81384.3 106860 60604 49943.7 5842.09 93755.4 78465.3 61736.6 116718 33909.4 29220.5 50316.8 58592.1 90815.5 42286.8 88059.6 44406 74759.9 
59842.6 82764.1 23401.9 18278.4 50487.6 71822.9 43961.9 28999.3 58024.6 26706 84425.2 30142.3 21079.4 21888.8 63983.2 30748.3 9475.23 34961.1 90893.6 69737.6 62460.6 8561.54 73422.1 63476.1 41245.6 17698 49176.6 56065.1 60873.7 60482.2 72588.2 45221.2 28385.4 57161.6 20055.2 40871.1 20120.1 50800.4 14313.6 46299.2 
34517.2 79532.9 29722.9 40588.2 81066 80032.1 9625.49 24856.8 65964 58108.6 81076 58383.7 32320.9 42876.8 39545.5 60474.5 33227.7 68168.8 85320.2 34996.1 32605.7 36739.6 71758.6 89372.9 46066.3 31709.9 13602.9 77072 65811.9 52873.4 99204.1 25200.4 11177.2 43179.3 40435.3 72292.8 24123 71311.9 25740.6 59224.3 
48928.7 27748.3 37556.5 39104.2 51201.6 17410.6 60604 38600 4640.04 80508.4 29300.2 85581.5 37768 78815.5 48455.4 42807.7 48117.6 52778.8 36666.1 72463.6 57425.2 48547.9 18630.1 45481.6 17340.1 40921.6 73417.3 29596.8 3801.32 21349 53733.9 42258.7 52834.2 31338.3 37164.6 49427.6 44338.9 26600.8 48466.5 13911.9 
35731.5 60737.6 4114.61 17520.8 56972.3 55810.8 28507 3800 41400.1 52294.3 62389.9 55470.7 7716.22 44303 39358.5 37164.8 16760.1 46562.6 68123.4 50724.1 40098 19730.7 51815.4 63493.8 21459.7 9500.53 39302.2 50755.2 42358.6 36154.4 73352.4 21000 15301.3 31622.3 16479.4 49082.9 6300.79 45003.1 12028.3 33206.3 
35096 86901.4 45079.5 56753.9 97271.6 91427.8 13630.8 39054.4 77991 72510 88311.1 71910 48024.3 55901.4 39722.3 76758.1 49707.6 84629.1 91396.1 24215.7 29300.2 53222.6 80217.3 104815 58851.1 47786.7 3811.82 91803.5 76953.2 60595.5 114673 32570.7 27056.2 49305 56448.6 88628.8 40131.9 86097 42191.1 72923.6 
16962.3 69452.5 51650.1 65112.8 103017 81291.4 26541.5 43942 70405.2 93156.1 70551 94059.7 55307.5 78865.1 18607.8 84273.8 62350.3 94070.7 71661.6 7922.75 8579.63 65863.5 65156 105812 55580 56838.4 31628.5 90679.5 67480.1 46615.4 115386 27778 40465.4 34946.4 63935 95987.1 50262.1 85543.6 55024.5 70122.5 
62930.8 98123.6 37583.2 38800.1 72392.3 91037.2 39805.8 39222.6 76739.2 30938 99776.6 29506.1 37181.9 13430.2 67799.7 53032.2 28208.7 56305.7 105453 64765.6 62436.2 29523.7 89158.6 85796.1 57838.1 34146.3 38712.9 77986.8 78668 73130.4 94868.9 50358.8 29492 66532.7 40128 62720 31192.5 72565.3 26475.1 66098.2 
13013.8 66936.2 42153.2 55598.9 94066.9 75949.5 17577.5 34474.6 64100.3 83518 68196.5 84578.6 45792.6 69576.6 17015.6 74986.1 52566.9 84624.5 70325.7 13306 6158.73 56090.3 61499.4 97705.7 47817.4 47197.5 25350.3 82914.5 61732.4 42124.6 107390 19140 30718.9 30200.2 54493.8 86783 40508.8 77607.3 45220.6 62514 
77802.3 101734 42862.7 36292.7 57260.3 89002.5 58588.8 48091 75798 8502.35 103388 10666.8 40526.5 11321.7 82213.4 41456 28917.8 40561.3 110018 84519.9 79368.1 27324 92345.5 73253.5 60274.2 37160.2 60359.6 69416.5 79132.4 79942.5 81222.7 63530.9 44559.7 76475.2 38282.8 47916.7 39046.6 64835.3 33082 63510.6 
91524.2 60796.8 66282.5 58068.2 31283.5 35539.4 97216.9 71560.5 39270 86054.9 61572.1 92468.9 64074 93390 91721.2 43811.4 68463.4 45935.8 68526.3 114057 99602.7 66468.6 55616.7 13423.9 53094.1 65588.1 108833 18876.7 43793.3 65217.5 13503 81978.7 84817.7 74735.9 57339.4 38491.2 72483.1 24643.5 73398.2 38383.9 
56764.1 40254.8 34754.1 31676.5 37901.2 22276.7 63265.2 38403.4 10791.2 70950.5 41708 76480.7 33659.5 71750.8 57284.6 30579.1 41922.8 40029.2 49244.1 79125.3 64722.3 41425.1 31549.6 33723.6 18300.3 36200.6 75444.8 17844 15932.7 32742.6 42730 47130.7 52489 40617.9 30064.8 36236 41578.8 13767.4 44302.8 4079.22 
4675.47 51709.3 42991.3 55904.4 90510.8 63820.5 30461.3 35697.6 53694 90221.8 52857 92338.5 46547.4 78565.1 728.011 73338.8 55982.3 83752.3 54412.1 25526.7 10907.3 59143.4 47274.5 91184.3 41182.5 48926.3 40851.2 75581.8 50343.3 28992.8 100481 18772.3 38414.7 17748.5 54336.8 84495.3 43983 70807.1 49677.4 55059.4 
86162.9 97905.4 47119 35390 38724.3 80562.3 72020 54278.6 69317.2 18515.4 99483.7 24939.3 43715.6 33022 89864.9 28842.5 34217.7 23076.6 106730 97723.1 89700.1 30885.8 88609.5 56127.1 58700.3 41085.9 76772.7 56171.2 73715.1 80466.5 62881.5 71387.5 56342.5 80219.3 37336.3 30491 46418.2 52804.6 41339.2 56681.7 
36046.2 86617 42241.2 53538.5 94038.3 90035.5 12258.9 36590.3 76377.2 68490.1 88065.7 67904.7 45045.9 51906.2 40851.2 73462.2 46163.7 81131.1 91458.2 27550.7 31040.9 49646 79622.7 102011 56941.5 44618.9 728.011 89294.3 75600.3 60103 111860 31812.7 23920.7 49125.3 53325 85287.9 36989.9 83561.1 38722.7 70762.8 
52709.1 1303.84 59788 64651.8 76496.3 25513.1 73230 58024.6 28999.3 106554 2816.03 111264 61100.3 102899 49697.7 69888.6 72411.7 79723.6 9569.22 75936 61120.4 73511.2 8579.63 67150.9 40546.4 64484.5 86012.6 52646 23894.8 25416.7 73461.3 53682.5 70727.6 36300.1 62616.3 75921.7 65835.3 51416.4 70997.5 40971.8 
90028.1 78048.4 54733 42313.7 1835.76 54638.6 87061.9 61978.8 49402.2 57650 79308.3 64152.7 51400.9 68282.1 91905.4 22420.7 50436.6 17953.6 86887.8 108998 96600.2 47353.2 70157.3 17755.3 51545.4 51293.8 96446.1 25723.5 54827.2 71261.8 23361.9 77069.9 72012.4 76883.3 42714.2 11189.3 58951.3 26422.1 57356.2 40112.5 
59575.6 98325.7 38929.7 42416.6 78070.8 93076.3 35180.1 39150.6 78664.1 38073.9 99960.2 36334.1 39200.1 20298 64547.8 58234.4 31832.8 62301.3 105268 59232.4 58208.1 33777.1 89606.8 90743.6 59168.3 36504.9 32460 82020.7 80133.1 72627.6 100016 48028.8 27411.7 65042.9 43488.4 68437 32143.6 76462.1 28429.7 68718.6 
23603.8 42984.8 22071.9 32863.7 65037.2 44872.8 33257.9 17441.3 31988.3 72050.3 44573.8 75492.3 24914.7 64348.1 25076.9 48441.5 36186.5 59057.3 49477.3 45620.7 31234.8 38594.6 34931.4 66158.7 15880.8 28053.2 46218 50881.1 30389.6 16772 75648.2 14418 29000.2 12048.7 31010.5 59266.9 26307.8 45818.8 32155.2 30313.4 
74334 73762.1 36605.1 23430.3 18194.5 54378.8 68329 44200 44404.6 42507.5 75254.9 48836.5 33050.6 50091.5 76895.3 3901.28 30700.2 6905.07 82735.7 91432.7 80065.3 27540.9 64789.2 32091.4 38850 32383 77091.2 29426 49307.7 60563.5 40624.7 60440.1 52884.1 63600.1 24244 8839.12 39966.2 26016.9 37819 32253.1 
76720.8 76071.1 38776.9 25491.2 17219.2 56366.4 70297.4 46408.8 46671.7 41741.2 77553.9 48140.8 35192 50207 79323.5 6403.12 32263.9 4393.18 85050.7 93609.2 82376 28994.5 67137.6 32215.5 41367.9 34383.7 78836.5 30772.2 51624.5 63075.8 40383.8 62762.6 54752.6 66101.2 26407.8 7566.37 41915.2 27700.2 39528.5 34614.4 
73873 61952.6 41275.3 30830.2 15601.3 40047.6 73609.8 47841.4 32760.5 58793.3 63303.9 65059.4 38403.4 65015.1 75435.9 15592.9 40762 20720 70898.5 93938.5 80862.2 38453.3 53657.4 18843 34785.1 39190 84108.6 13106.1 38128.3 54055.7 28570.1 61607.8 59564.8 59984.1 30517.7 14901.3 46621.2 10720.1 46466.3 22902 
28406 44251.2 18081.2 27960.3 59958 43128.3 34881.7 14946.6 29510.2 67897.3 45886.2 71590.2 20554.8 61110.1 30164.4 43226.1 32062.8 53845 51365.4 49623.1 35667.5 34231.3 35632 61614.4 11463 23831.5 47661.5 46585.9 28754.3 19296.1 71200.1 17491.7 28130.6 16965 26057.8 54077.1 23181.5 41362.8 28786.8 26163 
83592 51035.8 61394.9 54843.2 35517.9 25781.6 91140.8 65934.8 30520.3 86879.5 51818.3 93139.3 59605.5 92369.9 83474.8 43577.3 65454.3 47904.1 58805.4 106581 91863 63903.8 45941.3 19331.3 46208.7 61531.3 103173 15625.9 34695.4 56385.3 22726.4 74922.1 79702.3 66387.1 53809.8 40879.5 67930.7 20861.4 69571.5 31765.7 
55245 73276.7 16278.2 8254.09 44337.9 61799.2 43593.8 23334.3 48036 34673.3 74932.3 38984.7 13092.4 31911.9 58918.6 23749.7 4482.19 30500 81560.6 68326.4 59122.2 1603.12 63894.1 55562.3 31815.2 10186.8 51207.9 46872.8 50992.7 52002.4 65003.5 40477.3 27693 50001.6 10064.8 35101 15913.8 41439.7 12035.4 36276.3 
82897.1 55520.3 57333.4 49479 27593.7 30311.7 88203.6 62551.2 31494.1 79559.4 56474.5 85879.3 55188.1 85804.7 83258.8 36519.7 59970.7 40185.2 63746.5 105236 90884.2 58132 49396.1 12184 44201 56789.5 99829.5 9953.89 36367.6 57293.7 18085.4 73077 75853.8 66375.4 48657.6 33057.8 63592.8 15717.8 64668.8 29488.5 
82265.7 50514.6 59848 53302.3 34638.3 25205.2 89640.3 64408.5 29320.6 85531.3 51339 91775.9 58053.9 90898.2 82200 42193 63915.3 46704.7 58404.2 105199 90511.4 62377.3 45189.5 18891.5 44746.5 59979.1 101654 14159.8 33607.4 55229.4 22963 73488.8 78162.5 65125.7 52263.4 39745.2 66380.2 19337.3 68020.1 30269.6 
84785.7 50629 63435.3 57130.5 37827.6 25563.3 92897.4 67825.1 31477 89378.4 51340.1 95636.2 61718.8 94809.5 84535.1 46069.2 67750.5 50383 58188.1 107923 93122.4 66246.3 45949.2 21303.8 47837.7 63702.8 105014 18071 35392.7 57185.1 23866.3 76433.6 81675 67424.8 56063.5 43335.2 70017.2 23217.5 71763.8 33541.8 
82472.1 67140.5 49855.1 38885.5 10017 43624 82249.9 56529.1 38796.5 62476.3 68378.4 68909.4 46887.5 70613.5 83923.1 21296 48400.4 22337.9 75948 102676 89543.6 45817 59399.8 11574.1 43211.3 47484.3 92587 14713.6 44229.5 61689.9 20682.6 70331.4 68018.6 68221.5 38760.4 14957.6 55007.3 15753.7 54503 30482.1 
20412 53660.6 19004.2 32149.8 69146.9 55449.1 22458.9 11708.5 42043.8 67045.8 55219.7 69713.2 22602 57123.8 23901.9 50583.1 32088.8 60644.6 59735.8 38340.1 25743.7 35168.9 45841.6 72763.5 23586.6 24906.4 35360 58271.8 40988.8 27074.9 82501.4 6109.83 19003.2 18700.3 30716.8 62188.9 20354.1 52831.5 26248.2 38215.8 
35419.3 43595 17307.2 23926.8 53132 38609.1 40503.1 17301.2 24413.5 65324.4 45258.5 69519 18620.7 60382.2 37000 37102.2 30112.6 47823.5 51443.3 56565.9 42712.1 31636.2 34442 54578.5 4750.79 22022.9 52987.3 39640.6 24745.5 21523.2 64184.3 24254.7 31545.8 22600.9 21892.9 47579.8 23686.5 34358.3 28532.3 19372.4 
64298.2 86574.4 27762.7 21429.4 50056.8 74798.2 47877.4 33486.1 61225.9 22252.4 88232.1 25911.4 25287.5 19267.6 68460.6 31143.9 13700.4 33961.2 94800.8 73761 66800.1 12103.7 77202.3 63983.9 45072.8 21944 52425.4 57619.5 64301.2 64700.1 72828.6 49697.1 32505.5 61595.9 23343.7 40380.3 24614.2 52552.4 18792.6 49227.8 
76934.4 87464.3 37590 25248 33505.8 70660.1 64692 45007.1 59046.8 24221.7 89049.8 30579.1 34060.2 33714.7 80431.6 19465.4 25697.1 16802.4 96268 89930 80987 22147.2 78149.9 49704.9 48214.9 31707.7 70793.9 47537.9 63346.1 70032.1 57483.3 62205.1 48776.7 70123.1 27128.8 24182.8 37745.7 43666 33234.3 46386.4 
