135 45 14
777 335 649 27 763 426 211 429 862 135 22 167 11 373 784 324 413 980 862 281 84 505 313 895 814 364 87 178 403 399 676 12 94 570 467 902 652 280 865 619 31 771 709 856 586 
965 306 683 219 624 528 871 732 829 503 19 270 368 708 
3 4 5 11 8 13 6 4 8 3 0 7 9 0 11 10 3 6 9 0 2 13 6 6 13 6 9 11 6 7 9 13 8 1 1 0 10 10 12 0 2 4 10 3 8 10 5 3 2 4 10 10 13 1 4 7 2 0 6 13 2 4 6 4 10 12 8 10 9 4 7 10 11 12 8 1 9 11 11 6 12 0 2 6 9 0 0 11 4 11 7 4 4 13 8 10 6 2 7 2 2 0 5 12 5 5 12 7 3 7 13 2 13 12 12 10 3 7 13 1 7 9 12 4 12 12 2 12 4 13 9 10 1 2 7 
7382.53 8633.43 3460.71 2278.82 3613.86 7044.69 6105.68 4189.37 5835.45 2319.76 8793.92 2931.28 3115.41 3085.51 7742.49 2030.02 2224.1 1948.33 9505.96 8638.92 7767.89 1874.51 7696.99 5176.04 4640.91 2862.76 6703.8 4849.26 6244.43 6802.54 5986.53 5906.64 4516.25 6759.56 2475.42 2661.3 3437.7 4429 2969.51 4569.75 5885.58 2289.83 5445.7 7206.2 2574.2 
4329.25 2597.86 3597.85 3959.04 5599.73 2174.7 5634.94 3586.45 1059.48 8146.17 2762.1 8623.38 3676.19 7842.72 4263.86 4593.43 4774.6 5626.17 3454.19 6698.46 5186.26 4861.48 1656.8 5118.52 1587.77 4007.39 6926.93 3524.05 733.553 1538.83 5958.57 3750.55 4980.29 2553.14 3756.61 5350.93 4251.02 3187.13 4714.85 1772.91 3039.9 7991.73 2486.22 2102.78 3482.83 
6352.9 3488.91 4618.24 4342.19 4219 1196.7 7317.79 4918.74 1016.71 8186.48 3606.8 8757.1 4530.28 8340.86 6321.78 3993.62 5371.42 4816.64 4361.01 8683.32 7192.75 5315.88 2780 3271.85 2802.36 4793.02 8568.61 1790.78 1450.97 3603.25 4003.46 5580.57 6345.27 4610.69 4184.17 4305.12 5305.86 1749.29 5600.89 1571.56 4920.57 8104.05 4282.53 1414.81 3624.98 
5353.81 5486.31 2032.98 1350.74 3473.11 4044.28 5235.82 2651.66 2726.35 5328.86 5646.28 5857.55 1793.68 5344.8 5563.78 1818.93 2401.69 2894.56 6362.68 7272.65 6005.13 2320.19 4551.71 3952.58 1681.81 1958.8 6322.86 2731.63 3103.45 3870.93 4938.52 4056.71 3887.03 4163.08 1210.04 2857.27 2634.63 2156.04 2760.53 1489.33 3684.09 5209.3 3051.1 4168.07 635.61 
7603.45 5848.3 4610.64 3682.46 1844.91 3515.51 7800.82 5212.84 3025.36 6609.1 5972.45 7236.83 4354.6 7220.01 7714.47 2289.74 4709.19 2746.14 6729.7 9709.07 8345.6 4501.48 5076.66 1395.17 3655.31 4472.64 8901.26 651.153 3568.08 5380.01 2375.88 6464.8 6462.26 6100.11 3624.91 2091.17 5191.39 734.37 5233.1 2286.5 5966.38 6601.29 5290.54 3761.52 2948.12 
6937.85 8241.51 3011.59 1833.08 3654.53 6724.47 5714.31 3744.33 5478.99 2596.25 8403.11 3172.38 2664.92 3100.97 7294.64 1870.67 1804.27 2034.21 9108.44 8229.27 7333.82 1448.38 7302.82 5116.74 4215.78 2415.99 6360.02 4654.6 5871.33 6366.49 5970.03 5462.97 4120.98 6309.71 2031.77 2687.32 3008.16 4201.19 2561.25 4218.08 5435.03 2520.02 4994.85 6876.08 2172.76 
3697.09 8814.77 4448.46 5580.08 9629.96 9196.96 1408.12 3877.69 7837.47 7026.59 8958.06 6954.14 4730.17 5350.6 4168.86 7572.09 4839.39 8336.62 9284.21 2689.24 3152.17 5186.84 8127.54 10425.6 5901.4 4688.17 166.433 9149.97 7751.88 6170.81 11410.6 3349.34 2618.17 5059.51 5558.74 8754.3 3925.21 8577.02 4096.74 7289.89 4075.06 6721.44 4557.74 9144.71 6191.04 
5405.2 1940.03 7237.47 7960.36 9546.52 4471.61 7833.04 6888.51 4756.82 12132.9 1856.07 12551.7 7439.1 11554 4976.68 8744.43 8599.36 9764.02 1214.91 7440.54 6121.48 8765.67 2668.11 8648.8 5528 7778.29 9026.68 7188.58 4222.38 3513.66 9271.75 5996.83 7963.32 4212.94 7754.23 9434.35 7755.22 7039.6 8321.66 5877.7 5396.67 11947 5336.97 4202.01 7588.45 
5344.39 3475.46 3570.01 3468.79 4352.39 1894.47 6213.42 3826.24 551.543 7511.17 3623.77 8045.55 3517.46 7483.62 5356.01 3581.69 4447.75 4550.7 4373.71 7637.76 6166.04 4439.38 2593.32 3842.98 1698.15 3802.96 7463.79 2246.11 1033.15 2786.27 4706.19 4495.88 5256.56 3661.04 3290.14 4188.08 4260.01 1904.44 4597.27 715.891 3852.96 7396.7 3201.56 1990.78 2820.64 
324.5 5539.46 3676 5001.45 8634.96 6453.54 2288.62 2920.15 5311.59 8281.47 5668.73 8475.55 4039.72 7079.75 820.731 6830.12 4915.5 7846.94 5911.66 2383.15 891.964 5243.79 4982.58 8844.71 3816.87 4250.05 3399.49 7322.14 5045.33 3046.65 9797.4 1200.37 3063.49 1853.97 4859.24 7977.09 3701.26 6813.55 4254 5264.99 1500.83 8013.41 2175.13 6333.31 5229.34 
3385.65 5402.34 748.131 1893.2 5555.43 4941.22 3191 659.697 3506.29 5742.27 5567.85 6100.82 1026.94 5057.51 3681.64 3682.85 2155.23 4695.06 6150.28 5164 3949.75 2392.7 4506.44 6024.57 1501.2 1338.43 4369.46 4658.34 3575.26 2986.13 7007.72 1985.95 2089.52 2664.3 1730.12 4844.35 1292.52 4092.38 1828 2783.85 1781.8 5525.77 1333.3 4952.59 2083.96 
6303.54 8604.03 2684.27 2117.03 5100 7466.12 4643.89 3238.27 6098.7 2330 8770.01 2670.88 2449.2 1916.04 6722.98 3184.49 1288.18 3502.28 9421.19 7233.29 6545.45 1162.84 7668.38 6468.71 4452.15 2111.92 5097.55 5800.01 6395.94 6390.38 7360.98 4846.61 3110.06 6059.05 2303.15 4132.95 2345.42 5286.4 1758.41 4910.01 5010.59 2097.74 4732.96 7575.39 2800.8 
7703.93 8037.82 3812.94 2467.59 2247.22 6163.32 6851.49 4584.23 5120.01 3551.3 8190.15 4192.37 3446.53 4452.95 7997.58 994.887 2954.35 600.333 8932.12 9263.05 8215.7 2604.5 7127.75 3830.12 4375.39 3307.84 7624.97 3682.13 5594.33 6572.81 4620.44 6270.25 5270 6771.27 2600.94 1292.48 4028.52 3345.5 3711.39 3880.13 6089.5 3578.06 5540.44 6357.08 2331.37 
8570.84 9241.73 4630.87 3340.13 2965.22 7369.41 7413.35 5386.77 6330.64 2746.42 9395.13 3393.66 4270.05 4057.2 8903.8 2207.37 3502.58 1449.31 10134.4 9928.31 9005.09 3144.41 8327.07 4716.66 5488.4 4059.67 8023.37 4812.26 6800.54 7688.7 5378.94 7105.13 5820.74 7794.18 3511.72 2169.33 4695.24 4520.01 4261.75 5085.87 7014.45 2861.96 6516.99 7566.16 3396.76 
1747.94 6800 3367.52 4694.22 8635.86 7358.6 849.588 2622.31 6069.42 7345.88 6940.58 7453.22 3722 5961.08 2246.6 6672.55 4304.99 7599.24 7254.25 2131.53 1494.12 4661.68 6143.43 9134.8 4265.13 3824.98 1967.56 7717.63 5911.77 4178.24 10114.8 1435.44 2071.96 3040.07 4602.46 7863.66 3119.7 7165.93 3556.75 5726.4 2147.58 7059.32 2728.37 7279.7 5120.98 
7443.61 8122 3515.18 2191.12 2751.36 6368.78 6458.99 4282.24 5244.85 3143.26 8278.18 3773.27 3149.51 3954.64 7760.32 1220.9 2535.71 1109.41 9009.35 8911.64 7916.14 2178.3 7198.06 4294.21 4304.88 2973.25 7188 4026.03 5692.81 6504.23 5107.89 5990.13 4868.81 6613.81 2350.77 1790.11 3662.27 3640.71 3301.03 3983.99 5861.23 3143.84 5346.34 6548.11 2210.45 
6515.17 2643.2 5432.61 5337.96 5268.24 111.803 7838.27 5612.88 1460.03 9281.54 2730.02 9841.24 5399.57 9354.12 6396.48 5122.91 6332.85 5945.15 3451.38 8903.11 7382.04 6312.29 2161.57 4111.76 3463.7 5689.87 9121.77 2800.16 1504.16 3568.67 4690.17 5980.8 7043.1 4712.5 5165.63 5418.05 6121.19 2856.01 6480.03 2536.65 5273.94 9188.82 4702.39 380.132 4655.5 
4434.97 6193.71 522.015 827.647 4788.03 5309.36 3737.29 1291.2 3878.83 4694.01 6360.08 5095.02 170.294 4205.23 4763.03 2787.72 1151.09 3725.43 6997.17 6004.71 4920.62 1318.26 5264.6 5540.49 2051.54 380.789 4738.88 4371.56 4090.68 3971.52 6522.83 2981.81 2283.27 3770 715.891 3981.52 998.499 3795.63 1180.17 2850.02 2882.57 4495.39 2444.44 5374.99 1294.18 
4171.38 3952.58 2316.14 2604.61 4851.49 3130.06 4834.1 2467.1 1691.89 6796.62 4117.67 7266.26 2347.85 6492.47 4266.44 3483.91 3420.94 4553.88 4794.52 6371.91 4946.04 3501.43 3012.81 4805.54 317.805 2670.81 6081.48 3266.02 1809.45 2193.17 5746.69 3169.01 3899.65 2674.42 2400.85 4411.63 2995.53 2768 3410.84 1208.8 2577.01 6636.99 1902.45 3153.36 2183.6 
4573.54 1339.63 6130.74 6850.73 8582.1 3740.21 6888.02 5799.59 3784.71 11021.2 1353.7 11440.1 6328.61 10451.9 4192.68 7682.74 7488.53 8715.3 1200.71 6762.87 5354.12 7653.71 1751.03 7801.85 4420.92 6668.05 8117.42 6288.15 3241.97 2412.9 8489.99 5000.09 6914.62 3201.28 6644.64 8416.47 6657.88 6088.23 7220.01 4841.5 4366.06 10835 4258.19 3480.49 6490.38 
3228.45 7939.74 3240.06 4383.21 8434.96 8116.08 651.153 2687.77 6728.15 6210.2 8090.72 6229.45 3522.06 4669.87 3731.09 6382.64 3689.08 7175.05 8484.16 3108.5 2958.01 4043.58 7191.7 9217.03 4759.88 3487.65 1052.09 7950.75 6681.44 5271.48 10202 2453.59 1414.5 4247 4355.87 7569.74 2722.81 7376.67 2932.12 6117.65 3146.82 5911.02 3532.39 8081.1 4983.83 
5348.99 1240.16 6801.37 7443.39 8875.21 3771.07 7666.72 6510.77 4098.71 11631.6 1156.24 12070.6 6979.23 11130.9 4960.04 8132.41 8133.96 9138.69 587.963 7511.66 6120.52 8280.46 2009.6 7952.67 5006.09 7319.76 8898.12 6502.02 3571.13 3119.7 8571.31 5771.35 7661.87 3972 7237.47 8787.81 7352.72 6366.92 7904.03 5250.84 5127.11 11456 4986.58 3501.43 7032.04 
1546.93 5931.11 2585.44 3931.54 7757.65 6353.05 1521.61 1814.17 5051.07 7052.5 6078.7 7245.91 2951.78 5862.76 2009.6 5851.44 3731.09 6825.75 6452.32 2961.84 1829.89 4070.11 5221.88 8168.54 3252.2 3119.78 2810.87 6725.66 4904.86 3271.85 9144.14 441.814 1850.76 2211.99 3812.15 7028.83 2510.98 6180.52 3043.81 4718.33 1168.42 6783.55 1710.94 6281.6 4266.49 
4436.39 7922.33 2030.1 2702.37 6654.4 7446.8 2462.46 2003.85 6003.34 4272.34 8086.16 4391.65 2127.35 2966.51 4905.97 4588.9 1783.93 5261.65 8626.81 5061.67 4517.84 2108.36 7047.62 7669.63 4027.73 1923.33 2952.96 6606.22 6122.59 5373.27 8636.56 3102.03 1051.9 4687.87 2748.55 5737.36 1340.15 6033.66 1140.61 5080.87 3509.56 3985.03 3507.55 7479.74 3425.86 
4210.01 1583.45 4508.71 5049.46 6710.29 2407.09 6001.01 4337.97 1952.56 9242.1 1748.66 9696.04 4647.6 8825.62 4010.45 5770.22 5786.83 6800.53 2361.36 6601.86 5080.25 5910.55 741.08 6069.81 2617.25 4987.04 7294.29 4504.41 1419.05 1244.27 6839.77 4042.43 5634.15 2432.88 4844.1 6508.65 5111.89 4243.02 5628.96 2930.02 3320.24 9074.19 2952.64 2213.35 4626.11 
4336.01 4342.45 2044.14 2213.82 4570.73 3378.18 4775.82 2304.95 1936.21 6402.6 4506.99 6878.37 2030.02 6135.8 4471.66 3115.41 3063.49 4189.18 5190.18 6461.28 5075.68 3126.18 3401.65 4652.42 407.922 2340.3 5993.61 3161.72 2131.78 2563.63 5612.39 3225.52 3729.03 2944.5 2011.59 4081.48 2733.09 2630.06 3106.64 1162.84 2695.85 6246.54 2019.43 3426.56 1781.94 
5796.9 396.232 6395.78 6810.76 7734.5 2475.88 7835.97 6255.85 3084.15 10988.7 296.816 11475.6 6508.62 10686.4 5493.43 7208.56 7624.81 8162.16 870.23 8116.38 6637.18 7717.7 1221.19 6690.69 4432.44 6844.51 9117.11 5304.87 2614.57 3046.85 7263.33 5878.82 7549.73 4150.98 6609.57 7741.64 7015.73 5238.6 7518.3 4326.53 5171.51 10841.1 4858.5 2206.58 6295.54 
4570.96 8699.94 3080.84 3838.24 7765 8440.02 2138.6 2870.91 7001.03 4767.66 8860.07 4736.08 3226.72 3155.46 5070.01 5704.04 2896.08 6328.8 9345.79 4624.5 4431.91 3200.95 7865.53 8805.39 5000.09 3047.77 2116.25 7731.96 7072.48 6072.11 9771.51 3472.82 1505.72 5223.58 3883.3 6836.56 2402.6 7157.91 2276.33 6148.6 4038.97 4463.74 4205.83 8453.7 4560.11 
4221.81 7728.65 1895.94 2668.35 6661.48 7297.47 2303.61 1812.21 5854.52 4461.79 7892.08 4595.27 2025.27 3182.91 4689.56 4594.36 1808.12 5303.74 8426.37 4897.45 4317.27 2148.05 6859.19 7630.79 3868.71 1850.11 2876.89 6532.09 5959.95 5168.41 8602.52 2882.1 841.546 4471.11 2698.33 5756.01 1209.34 5957.49 1108.02 4960.17 3291.4 4177.32 3299.7 7324.62 3372.18 
6831.43 4586.35 4421.09 3832.56 3106.72 2274.82 7415.98 4879.11 1833.25 7366.97 4708.94 7964.65 4249.53 7712.36 6875.54 3062.5 4894.95 3785.93 5465.61 9065.65 7628.43 4771.51 3833.08 2301.85 2968.05 4453.82 8606.54 721.11 2365.42 4338.72 3151.63 5856.42 6250.82 5196.48 3712.14 3228.16 5078.43 671.789 5262.82 1498.03 5269.32 7314.16 4596.28 2511.77 3070.41 
2459.37 2950.83 4106 5075.01 7720.01 4187.6 4593.08 3641.94 3382.37 9100.12 3080.99 9456.09 4368.35 8337.87 2206.4 6357.08 5513.74 7432.26 3370.18 4822.12 3315.09 5736.63 2449.02 7421.87 2858.13 4693.2 5842.3 5824.95 2951.14 794.796 8282.05 2691.41 4640.91 893.197 4876.93 7313.02 4537.85 5437.69 5125.09 3898.01 2071.83 8884.74 2080.62 4014.3 4911.72 
1456.02 5739.28 2576.14 3918.42 7696.61 6183.24 1712.92 1807.37 4892.62 7137.51 5886.7 7345.43 2942.79 5982.39 1897.71 5813.26 3770.41 6800.84 6260.18 3040.21 1829.89 4103.12 5032.87 8068.95 3122.85 3129.22 3000.27 6611.54 4735.7 3081.04 9041.66 259.615 1982.15 2020.32 3790.84 6984.02 2553.27 6071.19 3102.81 4592.6 984.784 6872.24 1551.93 6108.17 4220.96 
4659.88 6843 837.616 1008.02 5042.51 5977.62 3561.18 1476.79 4550.03 4160.7 7009.43 4518.11 629.682 3550.39 5035.57 2983.04 576.975 3796.8 7634.51 5986.45 5042.16 869.77 5918.49 5967.35 2714.65 295.466 4424.85 4902.45 4763.91 4549.12 6939.08 3182.34 1997.3 4227.65 1037.88 4168.29 736.817 4332.4 572.451 3496.93 3228.76 3941.5 2896.38 6046.44 1714.93 
5111.65 2153.35 4387.99 4586.61 5590.31 1329.7 6513.1 4436.3 800.562 8725.9 2301.52 9234.72 4428.21 8551.02 4999.17 4900.8 5479.51 5872.41 3051.88 7499.87 5978.5 5528.56 1291.2 4832.91 2357.63 4748.58 7805.86 3290.06 304.138 2179.04 5584.88 4618.66 5843.09 3309.7 4392.1 5493.13 5057.85 3087.59 5490.65 2014 3902.26 8592.51 3363.64 1230.16 4018.37 
3187.79 2616.96 3636.88 4393.45 6716.26 3260.75 4890.37 3352.88 2337.54 8538.23 2775.03 8947.23 3832.75 7963.43 3054.85 5462.6 4993.16 6531.05 3278.32 5584.24 4059.08 5165.19 1850.03 6369.08 2011.62 4171.95 6183.24 4772.05 1935.07 260 7227.32 2931.38 4582.15 1382.35 4188.47 6358.37 4183.06 4393.93 4734.41 2873.67 2210.02 8346.41 1882.15 3119.7 4111.27 
5713.49 7719 1901.18 1233.69 4651.3 6588.18 4367.44 2549.08 5211.8 3116.62 7884.8 3521.51 1619.88 2782.98 6101.29 2621.22 509.902 3182.48 8541.72 6893.48 6050 272.029 6782.05 5857.64 3568.67 1297.69 5035.32 5049.21 5504.41 5550.42 6787.7 4237.1 2774.83 5295.1 1414.39 3706.01 1724.18 4514 1224.83 4035.24 4307.04 2916.73 3962.34 6692.48 1948.15 
2670.6 4997.3 1460.14 2650 6180.66 4896.12 2934.01 962.133 3513.69 6446.1 5159.47 6776.76 1774.85 5649.89 2939.01 4379.87 2866.65 5412.48 5684.65 4604.09 3297.3 3127.12 4149.86 6500.56 1600.16 2068.65 4197.34 5049.71 3465.54 2433.78 7473.29 1361.8 2216.39 1938.71 2482.02 5518.06 1846.21 4505.21 2432.88 3052.03 1030.78 6219.08 614.003 4865.9 2780.97 
1959.8 4579.57 2299.93 3487.86 6868.96 4906.58 2943.35 1711.43 3635.56 7265.29 4734.26 7576.08 2620.84 6390.38 2155.39 5150.57 3697.89 6200.08 5179.83 4122.73 2696.09 3967.72 3815.78 7033.63 2006.44 2909.98 4240.85 5516.09 3459.84 1916.04 7987.45 1018.33 2683.37 1142.15 3314.53 6259.53 2618.4 5003.3 3214.5 3462.25 326.497 7031.54 366.742 4830.37 3564.39 
6360.7 8288.03 2560.7 1736 4539.44 7030.36 4904.94 3207.44 5691.96 2485.2 8453.08 2930.82 2269.91 2417.46 6754.57 2619.64 1167.6 2956.77 9124.15 7464.5 6673.96 900.5 7348.04 5904.07 4151.73 1954.51 5469.78 5263.08 6019.24 6182.05 6794.88 4886.28 3327.46 5953.3 1936.59 3573.26 2366.03 4759.46 1830.44 4474.87 4967.95 2305.34 4620.5 7151.96 2350.53 
8622.6 7820.77 4978.97 3696.7 530.848 5585.74 8188.41 5721.77 4899.48 5140.24 7955.27 5790.42 4634.35 6179.92 8838.01 1688.08 4455.87 1147.26 8714.83 10442.4 9246.58 4137.34 6989.78 2285.69 4861.21 4596.56 9089.44 2739.29 5434.01 6921.42 2950.07 7284.85 6659.56 7395.22 3755.86 502.096 5360.04 2669.87 5165.68 3855.23 6954.84 5211.77 6325.39 5823.44 3229.26 
8772.62 8199.23 5037.18 3719.1 928.924 6002.43 8204.78 5794.7 5264.6 4780.06 8336.65 5430.04 4682.4 5904.35 9009.61 1738.19 4390.68 922.009 9095.63 10519 9366.67 4056.22 7353.67 2716.49 5093.18 4611.87 9055.63 3175.91 5793.51 7198.09 3328.66 7402.93 6651.14 7614.47 3801.58 610.082 5366.8 3075.08 5124.66 4175.94 7112.31 4868.37 6499.86 6236.1 3333.14 
7233.98 4143.09 5252.98 4783.02 3822.05 1632.48 8099.25 5632.98 1910.24 8363.73 4240.62 8963.15 5118.25 8700.28 7211.68 4047.28 5840.69 4712.46 4972.78 9550.55 8068.16 5736.14 3539.9 2584.36 3578.34 5348.35 9329.4 1374.41 2331.22 4495.88 3207.02 6415.3 7041.15 5501.42 4650.01 4102.78 5928.68 1628.9 6161.27 2198.29 5772.18 8312.93 5121.91 1900.74 4028.4 
8194.21 8491.72 4289.11 2947.71 2223.24 6555.34 7279.02 5059.8 5561.27 3450.23 8642.23 4100.05 3922.37 4543.57 8493.01 1445.34 3358.72 613.514 9388.01 9718.17 8694.16 3001.77 7588.46 3925.94 4875.16 3767.89 8010.41 3970.2 6046.23 7070.91 4641.3 6754.44 5690.25 7274.73 3088.77 1355.18 4472.61 3685.7 4123.4 4335.55 6585.95 3519.62 6041.4 6757.94 2834.87 
2520.5 7889.23 4651.3 5945.26 9940.65 8650.47 1506.85 3934.02 7395.96 8140.39 8019.01 8152.75 4992.68 6580.46 2924.79 7945.6 5431.18 8832.47 8250.39 1214.33 1794.77 5791.73 7309.78 10488.7 5624.03 5054.75 1578.13 9079.39 7210.12 5352.84 11470.1 2762.84 3099.19 4169.65 5872.12 9140.88 4311.81 8526.58 4665.03 7087.55 3443.62 7841.25 4061.23 8556.94 6424.48 
5500.58 1025.91 6788.32 7383.55 8696.4 3540.69 7772.29 6528.05 3940.77 11576 920.869 12026 6953.01 11118 5126.1 8007.7 8102.47 9002.54 311.448 7697.88 6287.65 8237.72 1865.31 7737.42 4949.77 7293.53 9015.74 6305.15 3422.35 3148.4 8340.01 5858.75 7711.76 4062.47 7178.14 8633.85 7355.68 6188.52 7898.21 5118.95 5198.79 11406.4 5022.6 3270.55 6948.22 
7213.66 9583.01 3682.09 3051.77 5452.79 8357.33 5370.75 4212.47 7019.42 1379.28 9748.67 1671.08 3448.9 1246.64 7648.29 3740.01 2287.9 3787.25 10407.3 7970.31 7397.57 2136.94 8645.17 6980.41 5433.94 3111.93 5639.16 6495.8 7340.64 7390.32 7814.61 5776.03 3920.94 7046.93 3247.8 4497.2 3310.06 6017.08 2714.65 5802.59 5980.21 1118.93 5724.51 8480.09 3677.93 
5275.95 2036.3 7191.56 7940.03 9600.26 4567.99 7720.94 6826.43 4804.63 12104.6 1963.06 12516.4 7400.24 11501 4841.62 8762.69 8561.14 9788.53 1355.65 7290 5982.28 8733.75 2722.09 8730.11 5512.62 7738.66 8906.47 7257.28 4266.91 3465.08 9365.82 5899.24 7880.54 4123.12 7734.01 9471.03 7698.96 7095.59 8269.18 5905.96 5310.08 11915.2 5270.34 4299.13 7583.22 
3967.73 1434.02 5028.02 5721.06 7585.55 3129.5 6059.13 4738.58 2831.43 9894.52 1563.87 10318.7 5213.91 9356.37 3676.14 6587.27 6371.91 7630.81 1925.85 6301.57 4812.15 6530.28 1112.88 6941.02 3290.97 5554.07 7327.13 5381.39 2294.91 1355.18 7696.04 4117.05 5922.31 2346.91 5514.94 7363.69 5576.53 5122.82 6128.24 3784.4 3434.31 9710.78 3229.67 2902.27 5364.48 
8142.05 10063.9 4427.47 3530.58 5012.94 8600.7 6412.53 5044.48 7346.35 726.154 10227.3 1345.36 4141.62 1996.5 8557.67 3619.64 3020.76 3360.24 10918.1 9012.22 8379.29 2772.18 9123 6676.3 5967.95 3824.26 6712.93 6439.6 7724.8 8042.4 7428.25 6681.47 4923.18 7821.77 3736.64 4110.05 4168.19 6023.22 3590.71 6089.35 6815.1 730.274 6489.08 8751.87 4010.15 
8062.83 8392.15 4157.69 2816.19 2253.91 6477.16 7152.2 4928.42 5466 3434.21 8543.38 4082.76 3790.95 4481.08 8362.12 1343.02 3234.15 604.07 9287.74 9588.33 8562.72 2877.93 7486.15 3930.41 4753.7 3637.32 7889.77 3922.09 5947.13 6950.72 4666.18 6622.91 5564.21 7147.38 2957.36 1356.24 4343.56 3622 3998.11 4234.73 6455.24 3492.42 5911.9 6676.9 2707.8 
3558.83 8321.69 3528.17 4617.85 8663.86 8483.11 970.979 3016.17 7089.29 6178.82 8472.57 6158.32 3792 4575.25 4059.38 6603.07 3862.91 7360.33 8863.84 3220.93 3229.64 4210.38 7573.38 9496.78 5112.58 3731.34 810.247 8258.26 7051.27 5653.5 10480.2 2833.88 1676.31 4625.17 4604.04 7782.61 2973.1 7682.74 3121.94 6452.91 3528.81 5876.21 3911.04 8451.38 5246.05 
1666.76 3994.72 4706.08 5866.15 8894 5516.09 4205.95 4079.67 4716.31 9647.39 4095.42 9929.48 5025.94 8659.38 1221.88 7380.17 6098.24 8451.51 4187.66 3768.08 2372.55 6373.58 3677.84 8709.59 3930.41 5316.29 5325.38 7115.87 4294.41 2121.44 9588.93 2628.4 4715.46 1410.32 5683.56 8410.72 4977.56 6700.9 5572.8 5134.91 2307.66 9405.03 2680.34 5332.79 5847.34 
1440.28 4714.54 2705.12 3947.3 7388.06 5272.73 2737.32 2040.83 4057.65 7605.29 4861.81 7885.04 3044.73 6634.29 1647.57 5655.33 4073.03 6699.15 5242.23 3650 2194.56 4362.61 4019.08 7544.32 2515.75 3313.13 4020.45 6018.05 3837.1 2060.1 8494.62 788.543 2772.38 1017.69 3781.6 6772.13 2933.94 5511.32 3528.54 3960.81 274.591 7361.15 886.397 5177.31 4063.41 
350.143 5058.11 3962.94 5250.09 8715.32 6152.02 2886.47 3238.83 5098.48 8714.5 5180.21 8937.14 4317.24 7578.52 321.403 6992.01 5271.6 8032.93 5381.82 2708.97 1192.18 5584.64 4562.32 8802.78 3792.89 4558.62 3992.42 7248.59 4782.35 2682.87 9737.17 1562.18 3570.22 1520.03 5092.51 8109.19 4077.08 6764.91 4651.24 5193.17 1595.24 8454 2211.63 6012.33 5398.12 
7148.57 8409.1 3222.48 2035.41 3601.85 6852.07 5908.23 3955.06 5626.01 2482.94 8570.07 3077.48 2875.43 3112.64 7505.58 1907.8 2007.31 1955.63 9279.36 8430.07 7542.27 1653.39 7471.63 5112.58 4403.24 2626.88 6535.36 4716.1 6027.8 6561.5 5946.43 5673.53 4316.02 6516.21 2232.31 2638.83 3214.98 4279.08 2760.53 4361.94 5645.47 2428.7 5202.86 7009.04 2344.4 
6651.14 10147.3 4080.01 4128.2 7351.8 9394.17 4319.36 4268.98 7969.72 2921.59 10312.9 2714.59 4023.13 1119.73 7138.86 5457.36 3078.83 5721.14 10886.6 6793.53 6591.94 3180 9246.72 8740.98 6099.26 3711.71 4153.94 8012.5 8175.24 7660.86 9633.82 5397.13 3310.42 7011.28 4270.7 6384.24 3452.54 7478.19 2962.33 6885.23 5832.75 2622.69 5811.24 9466.18 4882.96 
3017.98 6089.05 1046.95 2384.66 6323.67 5858.88 2260.55 328.024 4436.77 5642.35 6251.35 5907.45 1405.77 4670.8 3412.7 4351.39 2186.73 5290.29 6773.42 4436.95 3400.19 2514.48 5236.22 6925.27 2436.47 1550.29 3405.44 5602.47 4460.1 3512.41 7910.94 1542.08 1160.04 2864.84 2283.53 5542.39 982.344 5031.82 1563.71 3753.11 1725.34 5391.89 1645.14 5853.42 2806.8 
1914.5 6191.9 2367.83 3709.46 7609.45 6485.01 1310.34 1606.39 5146.36 6700.75 6342.75 6883.2 2729.71 5489.42 2384.03 5664.99 3432.86 6614.45 6742.59 3118.49 2120.38 3778.95 5452.35 8099.73 3273.91 2867 2606.4 6693.41 5037.96 3523.93 9080.58 718.679 1474.92 2517.3 3604.36 6851.69 2215.78 6138.15 2724.13 4721.28 1399.18 6428.93 1839.67 6428 4098.98 
6340.39 8014.24 2457.52 1464.55 4178.24 6687.68 5035.49 3155.2 5367.92 2730.35 8178.47 3221.26 2135.06 2802.09 6714.88 2233.94 1151.56 2625.28 8860.86 7562.29 6701.91 812.219 7073.2 5517.76 3901.55 1848.16 5677.23 4874.53 5712.53 5982.48 6413.63 4862.77 3443.63 5823.44 1670.27 3215.03 2370.34 4374.25 1892.64 4136.97 4887.1 2580.31 4494.44 6816.01 2014.45 
2718.11 3240.99 3127.46 4007.06 6682.25 3737.51 4272.63 2776.27 2645.18 8088.83 3397.96 8472.22 3356.5 7431.78 2662.48 5266.62 4515.05 6342.15 3880.12 5095.74 3578.44 4713.9 2471.3 6503.64 1768.19 3690.43 5567.56 4916.36 2334.31 615.873 7401.42 2317 3966.79 952.68 3806.23 6240.03 3632.7 4483.85 4199.63 2912.54 1592.01 7884.8 1266.49 3623.53 3818.74 
5610.36 300 6384.12 6855.11 7921.52 2713.12 7706.58 6209.48 3218.85 11042.6 134.536 11518.4 6512.61 10692.7 5291.39 7330.57 7641.05 8300.42 642.884 7909.4 6441.68 7747.06 1239.88 6918.76 4452.02 6850.64 8980.74 5508.05 2726.35 2935.86 7510.33 5755.22 7476.59 4003.2 6652.17 7899.62 6990.31 5418.39 7505.39 4440.6 5056.93 10888 4777.66 2442.95 6364.97 
3367.74 2631.5 3526.05 4220.96 6464.09 3070.93 4959.7 3293.1 2094.04 8384.39 2793.8 8805.55 3702.39 7856.21 3260.55 5234.01 4859.31 6299.82 3342.83 5759.25 4236.08 5017.58 1806.02 6112.78 1811.77 4042.78 6256.2 4515.77 1711.2 515.461 6973.16 3009.27 4567.73 1564.74 4015.2 6115.72 4097.18 4136.87 4635.27 2619.26 2282.65 8198.56 1884.04 2943.54 3909.02 
7792.51 10170.5 4290.05 3624.64 5703.07 8891.01 5877.25 4816.33 7572.48 830.963 10335.9 1064.05 4054.53 1160.43 8232.84 4128 2893.86 4033.39 10999.9 8470.92 7951.79 2731.23 9231.48 7304.63 6025.36 3718.28 6058.51 6925.58 7907.45 7996.2 8100.15 6363.98 4470.98 7653.55 3824.04 4769.54 3912.34 6468.71 3316.05 6342.55 6581.87 539.351 6331.99 9021.58 4220.3 
2770.94 2866.67 5071.17 6062.45 8615.94 4649.99 5196.65 4568.47 4092.38 10068.9 2955.76 10412.5 5343.42 9257.09 2370.02 7320.69 6481.89 8394.43 3016.84 4938.83 3530.35 6712.8 2680.02 8204.98 3826.24 5664.6 6380.63 6612.38 3602.72 1661.48 9025.94 3418.49 5460.59 1725.86 5864.64 8249.72 5472.34 6267.1 6064.86 4770.08 2898.36 9848.91 3022.48 4438.13 5894.15 
6182.31 7194.62 2258.87 930.054 3404.76 5722.39 5297.07 3028.53 4446.58 3608.39 7356.21 4153.26 1892.35 3820.99 6500.01 1351.52 1471.39 2061.55 8062.08 7694.37 6663.52 1162.5 6256.01 4585.3 3190.24 1739.25 6123.74 3860.63 4828.88 5363.45 5511.63 4730.92 3727 5388.55 1096.59 2482.44 2464.83 3355.29 2192.72 3192.4 4603.52 3501.56 4102.65 5863.69 1126.1 
3959.04 8497.79 3347.67 4329.25 8348.19 8497.79 1397.03 2938.33 7080.97 5645.64 8652.68 5614.71 3572.39 4028.92 4462.3 6281.4 3497.94 6989.61 9081.16 3766.66 3704.07 3833.43 7713.79 9263.97 5081.59 3467.16 1258.73 8086.07 7084.95 5833.32 10242.6 3070.02 1515.29 4868.15 4337.2 7446.4 2733.86 7509.1 2788.3 6358.14 3724 5342.14 4025.23 8483.43 4997.85 
1252.08 6482.05 4891.18 6234.91 9959.78 7671.9 2647.56 4120.69 6598.97 9206.44 6592.94 9328.26 5257.92 7839.32 1394.63 8118.5 6024.39 9115.46 6713.4 1243.38 487.647 6369.62 6049.5 10189.8 5161.68 5432.03 3335.94 8664.13 6297.3 4200.06 11141.6 2450.82 3916.02 3038.72 6107.37 9279.58 4806.51 8158.05 5310.34 6606 2845.22 8923.28 3520.37 7531.6 6520.63 
5349.86 1801.36 4826.85 5032 5881.8 1140.22 6870.26 4854.77 1168.29 9164.57 1938.3 9676.78 4872.47 8998.22 5200.74 5294.32 5926.63 6246.05 2697.04 7746.23 6221.13 5975.37 1040.77 5010.49 2796.86 5193.94 8166.24 3515.18 743.303 2371.54 5709.19 4952.98 6252.18 3544.31 4838.03 5837.68 5493.43 3373.6 5932.55 2422.44 4229.85 9033.68 3723.72 964.002 4456.38 
6086.79 8510.49 2532.69 2087.34 5259.51 7441.08 4398.51 3051.88 6057.73 2522.4 8676.74 2824.82 2321.42 1931.32 6511.54 3307.96 1170.04 3683.48 9317.9 6989.37 6314.78 1113.28 7578.1 6586.73 4360.23 1981.16 4852.24 5864.51 6337.04 6253.53 7491.47 4635.9 2870.28 5886.47 2262.41 4294.71 2151.14 5340.04 1557.56 4889.93 4821.04 2276.6 4565.71 7542.21 2802.52 
3412.11 8792.92 5321.39 6564.58 10601.1 9537.4 2077.11 4645.83 8264.53 8349.38 8921.8 8291.54 5644.16 6690 3795.81 8573.36 5944.01 9410.13 9143.42 1612.08 2643.82 6301.34 8215.7 11239.7 6451.43 5664.99 1480.03 9867.32 8093.9 6257.93 12224.3 3627.08 3622.15 5075.61 6512.02 9767.71 4903.68 9307.01 5180.59 7903.95 4323.94 8045.04 4923.92 9448.74 7099.65 
7011.71 8627.27 3145.6 2114.54 4133.1 7189.46 5603.5 3834.44 5914.86 2139.02 8790.36 2687.77 2824.55 2589.54 7393.04 2391.34 1808.01 2485.66 9483.95 8161 7350.33 1488.52 7686.51 5628.83 4546.22 2535.69 6153.25 5172 6287.58 6653.61 6471.91 5534.45 4024.92 6512.34 2320.34 3169.51 3025.97 4712.59 2512.87 4662.59 5573.91 2034.94 5183.76 7333.28 2572.35 
7079.39 6683.42 3488.62 2279.69 1802.78 4716.53 6726.46 4212.46 3740.39 4881.12 6830.59 5501.13 3159.4 5483.65 7298.36 541.295 3186.63 1342.39 7581.9 8920.59 7706.37 2920.58 5796 2802.03 3360.95 3167.87 7693.44 2280.64 4240.62 5484.03 3730.48 5746.16 5240.47 5882.15 2299.93 1125.39 3932.15 1897.89 3824.13 2550.02 5412.02 4860.79 4785.78 4916.64 1714.21 
7018.52 4669.74 4602.45 3988.48 3055.65 2303.58 7606.64 5067.17 1974.97 7461.75 4788.07 8064.8 4425.79 7843.33 7058.99 3139.55 5051.46 3819.35 5542 9256.35 7817.4 4920 3939.26 2153.79 3159.91 4625.02 8795.29 610 2499.3 4504.98 2982.36 6048.22 6435.44 5376.63 3872.84 3234.89 5256.81 720.694 5432.44 1690.09 5459.76 7415.69 4787.12 2550 3224.48 
2522.86 7861.3 5525.98 6856.97 10772.4 8947.39 2585.59 4771.77 7800.16 9275.52 7974.58 9300.72 5882.92 7733.01 2763.71 8829.16 6441.86 9762.43 8100.88 151.327 1651.09 6801.09 7400.72 11179 6196.21 5987.85 2684.77 9705.32 7541.81 5510.14 12149.4 3322.56 4141.32 4325.01 6762.37 10017.6 5274.92 9173.06 5683.04 7665.87 3891.66 8978.05 4561.11 8822.2 7265.29 
1170.68 5365.37 2770.88 4091.61 7751.26 5930.01 2096.14 2022.99 4685.4 7472.22 5509.89 7700.92 3133.13 6365.29 1557.69 5924.57 4041 6937.53 5862.98 3085.61 1726.62 4361.11 4687.1 8028.13 3023 3352.15 3365.37 6535.21 4488.94 2724.13 8991.61 319.531 2385.33 1620.99 3948.49 7077.2 2838.54 6009.6 3409.3 4491.38 729.452 7212.68 1387.08 5840.45 4324.12 
3946.45 1502.33 5294 6034.64 7956.61 3443.84 6146.64 4965.41 3200.56 10195.6 1603.53 10608.9 5494.77 9614.56 3616.43 6944.24 6655.23 7991.13 1814.63 6233.39 4769.34 6824.93 1397.89 7305.05 3614.71 5833.84 7397.9 5748.91 2662.71 1576.1 8052.55 4228.3 6100.79 2432.98 5828.79 7730.68 5821.04 5493.64 6382.64 4152.17 3571.23 10006.4 3430.01 3207.65 5699.56 
8837.79 6533.19 5892.16 4910.41 1891.8 4034.35 9089.44 6501.45 3957.63 7408.06 6635.97 8053.15 5627.48 8226.14 8924.4 3278.19 5907.7 3378.71 7372.77 10979.1 9597.47 5672.08 5871.67 182.483 4895.85 5729.86 10184.1 1437.36 4478.26 6467.03 1091.24 7736.1 7740.1 7276.33 4870.03 2628.8 6460.26 1899.92 6472.07 3470.52 7217.82 7443.61 6540.11 4302.49 4198.69 
5122.99 2023.88 7064.03 7826.43 9539.35 4549.43 7569.63 6691.28 4741.02 11985.8 1962.29 12393.8 7276.33 11369.5 4688.76 8674.3 8437.36 9704.47 1399.43 7140.06 5829.79 8613.35 2667.21 8694.19 5402.85 7614.26 8754.03 7210.17 4201.15 3337.81 9342.34 5751.28 7737.01 3977.8 7620.53 9396.3 7566.31 7037.39 8138.23 5826.03 5165.58 11794.5 5133.55 4281.65 7479.1 
3980.01 3708.26 2466.78 2864 5126.65 3061.93 4797.52 2530 1651.97 7056.94 3874.13 7516.47 2535.84 6704.36 4048.51 3784.4 3639.3 4853.87 4537.19 6224.48 4775.14 3738.94 2772.53 5019.41 447.772 2867.14 6062.78 3459.05 1678.63 1893.91 5947.86 3059.3 3954.57 2422.97 2658.76 4704.25 3131.15 2982.97 3579.12 1405.45 2429.09 6891.41 1768.16 3060 2473.3 
2419.19 3455.84 5210.47 6290.19 9052.81 5246.05 4950.82 4639.62 4629.49 10194.8 3537.47 10505.7 5508.4 9283.67 1965.4 7667.76 6618.8 8743.39 3541.09 4443.8 3100.97 6873.29 3288.05 8718.4 4171.53 5815.88 6078 7122.15 4156.37 2104.59 9558.04 3306.19 5388.82 1817.47 6098.61 8640.83 5545.96 6753.14 6142.71 5225.56 2894.01 9962.49 3149.92 5038.17 6189.67 
6295.86 7950.33 2406.01 1401.21 4153.26 6625.41 5012.43 3108.5 5304.5 2794.15 8114.54 3285.18 2080.82 2855.8 6668.02 2196.41 1115.44 2611.97 8797.14 7533.29 6663.31 770.065 7009.28 5478.92 3838.39 1797.39 5667.19 4823 5648.62 5921.57 6378.38 4818.34 3419.49 5767.71 1607.02 3191.69 2331.74 4320.46 1863.44 4074.24 4836.28 2644.33 4439.38 6753.26 1951.33 
7075.43 9260.94 3434.47 2712.21 5085.2 7990.12 5348.42 4009.75 6663.21 1564.16 9426.18 1960.23 3178 1622.62 7497 3350.24 2024.67 3424.86 10093.3 7946.45 7303 1832.51 8321.45 6596.28 5119.07 2846.91 5706.01 6105.01 6995.14 7115.51 7436.83 5620.72 3847.49 6820.69 2912.04 4125.85 3119.7 5627.76 2533.32 5438.13 5782.5 1350.93 5491.54 8116.96 3314 
9534.29 7830.36 6166.4 4980.46 1013.9 5380.75 9411.53 6864.2 5090.04 6625.99 7943.46 7275.85 5848.98 7706.02 9685.93 3038.72 5846.04 2673.28 8691.88 11522.2 10230.6 5550.44 7107.1 1262.46 5615.87 5869.05 10394.8 2561.27 5630.14 7449.68 1530.52 8298.07 7940.96 8118.5 4999.49 1981.54 6632.72 2813.97 6514.63 4335.37 7871.47 6713.16 7207.81 5644.16 4388.54 
6028.18 2691.36 4833.43 4768.28 5016.42 592.284 7264.16 5015.19 860.233 8760.97 2807.08 9310.11 4804.26 8784.51 5938.77 4673.98 5751.29 5549.17 3560.46 8403.74 6888.96 5740.6 2022 4041.5 2865.05 5097.42 8543.47 2590.44 976.524 3133.13 4723.56 5426.98 6446.15 4237.1 4591.91 5070.01 5521.75 2531.26 5884.67 1977.3 4728.48 8658.88 4139.78 707.248 4102.02 
4894.95 1227.76 6397.28 7081.79 8682.89 3719.41 7208.22 6085.2 3885.67 11261.8 1203.54 11689.8 6585.93 10723.5 4511.34 7850.64 7743.98 8872.46 910 7074.94 5672.55 7900.69 1808.78 7841.43 4646.17 6926.05 8439.22 6352.32 3347.12 2693.64 8501.2 5315.8 7218.03 3516.5 6875.64 8550.8 6936 6179.85 7493.23 4987.84 4676.16 11080.4 4551.59 3454.07 6698.13 
8577.44 8642.56 4695.53 3349.7 1933.73 6612.11 7721.89 5466.82 5698.18 3762.79 8789.29 4412.36 4329.26 4951.62 8863.51 1666.28 3808.48 617.171 9541.14 10144.9 9097.09 3453.13 7754.7 3696.28 5158.85 4190.05 8466.53 3920.46 6200.03 7341.21 4346.63 7149.19 6135.83 7601.07 3479.37 1197.08 4906.09 3698.5 4571.31 4504.94 6954.23 3858.52 6392.26 6826.43 3170.02 
7375.26 5685.67 4407.1 3510.27 1992.23 3394.01 7587.52 4999.86 2834.87 6554.85 5812.85 7176.81 4157.69 7112.54 7486.42 2217.12 4546.74 2760.04 6571.41 9483.63 8118.08 4349.94 4899.08 1618.39 3427.1 4284.76 8695.42 617.171 3378.18 5161.78 2595.86 6239.44 6260.77 5873.71 3444.72 2142.55 4996.32 530.848 5053.1 2061.84 5738.73 6536.8 5062.74 3633.69 2766.97 
7546.58 8799.57 3628.91 2453.26 3645.89 7192.34 6241.23 4354.09 5993.41 2201.27 8959.78 2823.49 3285.25 3064.26 7909.11 2141.05 2376.83 1975.17 9673.31 8782.59 7924.95 2030.89 7863.75 5240.77 4813.99 3029.14 6817.54 4960.58 6406.45 6976.85 6034.32 6070.1 4654.65 6933.11 2650.02 2704.07 3593.56 4551.41 3115.65 4727.12 6055.29 2189.79 5618.43 7356.58 2744.01 
5239.02 463.249 5680.32 6112.49 7232.05 2170.07 7182.26 5544.84 2486.76 10296.9 618.466 10777.1 5794.94 9973.61 4971.78 6585.93 6914.34 7563.5 1360.77 7595.81 6094.8 7012.08 506.063 6308.64 3722.16 6131.3 8470.09 4849.82 1982.52 2390 6952.7 5222.15 6849.23 3533.86 5910.26 7177.53 6300.58 4724.03 6802.83 3694.6 4506.94 10144.8 4165.6 1906.25 5614.71 
6325.29 4573.69 3807.57 3250.55 3140.33 2489.66 6818.36 4271.83 1659.52 6919.03 4710.04 7501.63 3638.04 7175.91 6397.08 2694.09 4310.05 3537.36 5469.23 8521.5 7104.44 4202.2 3745.94 2680.62 2412.99 3847.04 8000.83 1109.41 2200.45 3975.19 3598.06 5296.46 5638.47 4745.29 3121.6 3073.53 4465.61 677.422 4657.56 950 4732.41 6848.96 4055.54 2690.02 2494.51 
8481.09 8545.37 4603.39 3257.25 1904.44 6523.13 7639.92 5374.62 5601.61 3775.84 8692.39 4425.98 4237.32 4932.07 8765.67 1564.38 3730.97 519.711 9443.86 10056.8 9003.7 3376.82 7656.4 3654.22 5056.93 4101.62 8393.24 3844.01 6102.36 7239.23 4322.27 7054.59 6055.38 7500.15 3384.97 1131.46 4820.84 3613.32 4492.45 4405.96 6856.3 3863.81 6292.87 6736.25 3070.15 
7597.14 5566.51 4774.62 3926.13 2180.57 3183.11 7923.35 5340.08 2814 6981.4 5685.36 7606.06 4539.44 7552.65 7682.94 2649.55 4969.56 3136.96 6439.39 9752.63 8360.86 4779.84 4824.95 1386.54 3658.43 4681.08 9052.72 291.548 3351.21 5256.81 2322.63 6512.61 6630.31 6038.87 3852.4 2480.32 5380.05 662.193 5458.8 2229.1 5982.05 6967.81 5304.07 3435.46 3175.15 
8567.43 9757.79 4664.44 3495.21 3878.72 8032.3 7151.01 5379.41 6902.54 1831.83 9915.83 2476.31 4324.68 3264 8938.23 2863.23 3372.14 2304.19 10639.6 9721.41 8920.02 3039.49 8827.6 5614.24 5830.82 4060.75 7626.85 5604.23 7340.48 8005.9 6295.79 7089.86 5583.35 7977.09 3690.34 3047.95 4592.13 5263.39 4083.54 5638.41 7093.55 1967.03 6662.19 8212.99 3742.14 
6431.83 6828.79 2635.19 1328.8 2736.51 5161.49 5821.63 3394.66 3974.34 4176.98 6985.88 4760.01 2280.9 4556.33 6703.22 680.074 2163.63 1645.75 7714.15 8117.75 6988.91 1891.8 5902.35 3824.15 3041.2 2228.47 6731.46 3118.49 4407.29 5241.35 4758.93 5028.29 4293.37 5436.25 1399.79 1874.89 2992.01 2634.1 2826.04 2708.23 4794.01 4107.75 4223.03 5324.43 1000 
8191.03 7061.62 4740.14 3555.19 661.211 4794.01 7984.47 5445.07 4162.22 5659.8 7192.9 6304.92 4420.52 6523.43 8370.55 1659.22 4445.96 1635.73 7952.38 10123.7 8860.93 4164.16 6248.33 1710.03 4326.85 4441.19 8967.02 1941.26 4701.97 6299.73 2544.43 6914.62 6512.46 6859.37 3570.9 894.93 5204.33 1894.1 5097.61 3190.14 6521.75 5696.89 5869.63 5034.33 2961.5 
6194.27 1992.11 7780.67 8404.72 9657.6 4405.96 8579.61 7488.98 4937.82 12596 1855.21 13041 7955.94 12110.5 5777.21 9024.47 9109.26 10011.8 1095.63 8262.67 6928.07 9251.39 2881.25 8622.77 5969.05 8296.52 9792.01 7238.4 4428.83 4097.15 9172.36 6708.8 8626.82 4911.71 8199.1 9627.61 8332.65 7154.55 8884.01 6133.6 6079.9 12423.9 5960.08 4137.93 7974.24 
2751.82 7606.97 3295.6 4520.9 8561.48 7918.85 165.529 2660.17 6559.16 6628.73 7754.44 6673.84 3608.67 5130.55 3252.63 6529.63 3922.31 7370.24 8118.73 2673.16 2456.01 4281.93 6890 9252.16 4631.21 3621.12 1159.18 7931.02 6474.46 4946.32 10238.1 2112.37 1587.77 3876.6 4471.35 7723.73 2859.53 7361.96 3155.71 6035.3 2830 6332.65 3284.69 7868.57 5069.28 
4782.39 5921.71 1075.17 650 4229.95 4827.34 4320.05 1785.3 3422.57 4837.13 6086.91 5297.44 790.759 4571.09 5065.04 2293.14 1515.29 3296.74 6757.94 6502.49 5339.91 1541.85 4982.18 4916.39 1790.11 951.262 5355.23 3743.63 3694.37 3899.76 5900 3377.71 2904.13 3891.04 444.072 3469.44 1628.9 3168.36 1760.82 2309.57 3156.34 4670.52 2618.43 4914.24 713.442 
5870.72 6679.42 2020.4 698.928 3360.43 5223.52 5191.99 2786.27 3933.95 4119.93 6840.8 4656.49 1661.11 4246.75 6162.35 1310.15 1593.14 2229.91 7548.36 7503.09 6400.52 1367.95 5741.26 4359 2701.2 1598.41 6105.78 3491.25 4312.59 4888.57 5313.38 4446.22 3664.42 4973.15 784.347 2504.6 2362.05 2960.15 2214.61 2684.05 4254.7 4006.22 3715.94 5359.65 614.003 
9086.43 11578.4 5694.25 5025.73 6630.61 10238.7 7011.57 6193.3 8946.65 974.936 11743.5 363.593 5466.19 1796.27 9541.47 5310.4 4305.16 5006.82 12411.2 9567.47 9181.01 4144.83 10638.6 8332.92 7436.73 5128.9 7001.83 8130.42 9296.65 9407.4 9050.55 7687.67 5717.49 9039.74 5227.17 5759.21 5286.44 7710.01 4690.01 7703.77 7947.39 1015.33 7724.9 10379.3 5592.04 
1737.38 3751.83 4438.47 5566.19 8535.84 5176.33 4183.44 3841.47 4352.7 9405.92 3861.72 9705.12 4748.53 8468.32 1360.66 7042.56 5840.42 8115.55 4010.5 3972.81 2520.52 6105.71 3376.82 8341.97 3579.46 5047.23 5350.45 6748.18 3936.34 1758.66 9221.39 2488.23 4568.98 1083.42 5380.15 8062.57 4745.75 6334.04 5342.48 4769.2 2082.91 9169.22 2390.69 4998.66 5521.61 
3654.65 2374.03 3735.91 4355.97 6400.38 2787.87 5263.02 3544.93 1891.72 8537.56 2538.37 8973.41 3891.85 8061.79 3529.53 5259.29 5041.48 6315.89 3120.21 6049.28 4524.82 5183.33 1519.9 5968.46 1922 4232.32 6559.86 4373.21 1466.49 717.008 6808.42 3314.23 4843.66 1848.78 4149.82 6096.06 4327.23 4023.49 4852.68 2551.25 2587.45 8359.45 2173.29 2651.87 3996.45 
9485.74 11802.8 6004.24 5249.04 6534.91 10374.1 7459.52 6538.09 9115 1062.12 11967 696.419 5757.01 2270.2 9933.85 5351.82 4600 4950.66 12647.3 10026 9605.65 4410.22 10861.8 8270.48 7679.18 5424.09 7480.11 8163.56 9485.38 9695.61 8948.82 8071 6132.09 9374.69 5453.45 5699.73 5633.68 7768.46 5037.16 7860.43 8302.59 1229.19 8051.66 10525.1 5770.31 
3865.18 5899.09 187.883 1391.69 5261.65 5245.27 3302.38 755.91 3801.85 5156.44 6065.31 5520.74 451.221 4514 4193.86 3303.94 1569.84 4270.95 6670.37 5480.01 4361.52 1807.54 4986.88 5894.85 1845.7 751.798 4382.92 4628.19 3940.57 3549.93 6880.7 2415.49 1967.87 3248.4 1258.77 4490.13 863.713 4052.28 1310.34 2914.31 2319.7 4941.71 1915.96 5282.66 1744.85 
4368.07 3699.31 2650.23 2864.47 4809.26 2790.07 5146.15 2805.03 1352.37 7045.69 3862.9 7529.16 2669.08 6793.42 4429.86 3573.51 3720.86 4630.87 4557.48 6612.81 5164.62 3784.23 2758.3 4642.15 653.758 2986.9 6401.25 3075.14 1483.14 2160.37 5565.15 3438.63 4237.28 2787.71 2664 4433.93 3331.91 2608.64 3738.05 1029.56 2816.56 6894.79 2152.32 2814.98 2381.7 
4207.43 8063.87 2389.02 3206.7 7190.95 7750.16 2020.94 2193.47 6310.2 4688.37 8225.41 4751.89 2545.68 3248.34 4694.21 5124.11 2326.39 5811.72 8730.8 4613.91 4193.04 2656.63 7215.68 8169.19 4311.16 2384.47 2406.01 7062.08 6388.82 5458.58 9141.04 2978.34 906.973 4670.59 3236.33 6279.68 1714.79 6486.76 1645.02 5456.42 3480.76 4393.18 3584.69 7766.6 3909.48 
1989.27 5847.88 2054.48 3400.35 7238.02 6063.6 1726.99 1283.2 4716.92 6612.72 6001.67 6834.4 2420.99 5500.71 2413.57 5322.03 3228.93 6294.2 6430.01 3478.17 2354.68 3562.02 5083.48 7687.31 2840.04 2595.15 3016.29 6269.11 4618.06 3181.01 8666.45 552.268 1549.35 2249.64 3280.56 6501.3 2012.06 5716.38 2565.35 4289.57 1075.64 6350.66 1430.14 6011.4 3740.12 
4598.48 8393.24 2592.78 3264.97 7176.31 7998.11 2363.24 2490.98 6555.16 4370.18 8555.75 4404.38 2702.96 2878.37 5085.87 5116.01 2308.68 5742.56 9074.15 4938.75 4570.83 2611.97 7533.83 8229.82 4568.44 2500 2599.46 7181.54 6658.24 5805.82 9193.26 3366.1 1285.5 5044.06 3318.51 6247.6 1903.79 6609.46 1710.26 5651.94 3854.79 4071.23 3931.37 8024.77 3996.26 
3429.87 8827.21 5799.59 7076.64 11090.1 9741.18 2590.62 5092.84 8518.48 9000.47 8947.87 8950.45 6135.14 7350.33 3747.12 9082.4 6508.39 9948.16 9115.54 1251.6 2589.54 6867.81 8309.24 11655.3 6779.75 6180.81 2140.84 10244.1 8309.76 6375.77 12636.9 3903.66 4173.88 5183.25 7011.57 10278.1 5427.78 9692.36 5741.93 8246.21 4561.86 8696.63 5197.55 9635.83 7576.44 
5449.45 6623.41 1550.81 206.155 3857.16 5346.19 4695.72 2321.57 3994.72 4120.83 6787.35 4612.13 1185.96 4034.41 5760.56 1808.01 1171.54 2700.24 7474.15 7024.88 5950.63 1022.4 5682.3 4807.75 2534.03 1101.14 5609.32 3848.77 4323.91 4671.24 5771.46 4006.71 3166.35 4651.92 353.553 3001.67 1864 3296.86 1733.58 2789.28 3861.57 3973.16 3360.48 5460.59 687.314 
2064.75 7457.16 4584.16 5907.45 9851.14 8310.24 1640.76 3838.88 7091.72 8347.48 7583.59 8394.77 4937.53 6844.46 2447.39 7889.26 5476.71 8810.69 7794.68 962.549 1304.19 5836.06 6905.09 10317.8 5385.63 5032.45 2011.37 8874.33 6878.79 4959.76 11294.4 2498.04 3178 3769.2 5818.36 9080.67 4313.51 8330.92 4717.65 6856.24 3137.04 8052.38 3782.08 8206.03 6337.26 
5913.65 1657.47 7423.44 8044.06 9333.06 4114.68 8269.04 7138.16 4596.54 12235.3 1528.82 12680.6 7596.93 11753.5 5508.18 8673.85 8749.73 9665.35 774.661 8023.78 6664.32 8891.03 2530.32 8328.39 5608.36 7937.51 9490.97 6924.58 4083.06 3747.33 8898.55 6385.21 8287.3 4586.28 7838.43 9288.72 7978.5 6827.36 8528.12 5784.02 5747.7 12063.2 5614.05 3845.26 7615.06 
1032.47 5816.61 4963.64 6283.25 9835.5 7163.69 3186.36 4210.01 6180.53 9527.73 5919.8 9695.58 5326.35 8256.55 876.185 8080.84 6201.84 9109.83 6001.22 1971.62 883.912 6532.26 5445.38 9932.75 4924.16 5540 4020.2 8375.11 5834.87 3679.84 10864.7 2490.02 4260.11 2585.21 6136.68 9212.15 4985.14 7894.87 5529.65 6321.55 2690.91 9254.09 3331.14 7006 6481.71 
4361.11 1300 4798.77 5338.89 6920.12 2415.99 6230.39 4618.5 2133.96 9531.84 1464.14 9987.22 4939.36 9117.04 4133.42 6029.83 6078.89 7053.12 2069.32 6742.66 5227.08 6202.2 528.867 6220.97 2908.14 5278.87 7520.33 4671.81 1591.54 1444.2 6966.05 4270.19 5902.63 2612.28 5133.67 6745.01 5398.94 4437.17 5918.49 3172.33 3552.76 9364.83 3212.79 2200 4908.2 
6670.32 4120.74 4545.91 4089.6 3590.01 1786.31 7425.4 4938.12 1476.79 7763.79 4239.62 8351.54 4409.67 8032.99 6680.61 3494.68 5143.89 4256.88 4994.18 8952.75 7488.66 5048.96 3394.26 2674.7 2916.06 4640.91 8645.21 1159.18 1982.85 4051.91 3457.01 5782.06 6340.54 4981.21 3951.82 3712.59 5220.61 1151.09 5453.9 1500.53 5159.86 7699.31 4498.1 2023.19 3340.55 
3476.69 6277.97 672.086 1964.74 5956.71 5860.01 2573.89 382.099 4421.37 5213.11 6442.38 5498.25 1001.7 4314.49 3865.81 3955.48 1728.18 4869.25 6997.71 4857.21 3855.92 2054.12 5397.96 6642.12 2420.33 1103.54 3631.67 5378.19 4500.59 3769.48 7627.75 1999.7 1225.6 3226.72 1881.62 5150.31 541.295 4802.67 1136.49 3622.29 2129.41 4968.55 1945.17 5875.76 2449.35 
7899.15 5680.16 5110.77 4253.53 2200.57 3238.27 8256.71 5674.41 3012.31 7221.04 5792.31 7851.07 4875.09 7840.06 7974.92 2909.93 5293.06 3314.83 6540.5 10069.9 8670.01 5097.22 4974.02 1123.61 3968.69 5014.83 9388.36 475.395 3540.45 5505.53 2020.4 6832.37 6966.46 6319.32 4183.06 2623.93 5715.6 982.904 5790.35 2524.14 6292.89 7217.38 5614.93 3498.94 3505.45 
6268.63 9744.83 3684.56 3790.05 7144.96 9021.4 3978.39 3861.67 7592.76 3039.9 9910.26 2914.4 3638.91 1310 6753.68 5208.35 2731.83 5537.3 10481.2 6487.53 6232.13 2860.09 8846.34 8484.82 5708.11 3333.18 3900.01 7705.92 7789.04 7253.39 9392.02 4999.17 2914.31 6604.8 3924.13 6177.78 3050.39 7164.34 2570.93 6524.3 5427.38 2734.85 5403.2 9088.86 4550.54 
3810.84 8925.74 4518.07 5635.65 9683.45 9296.5 1510.83 3958.04 7933.74 7011.68 9069.27 6928.85 4795.05 5323.39 4282.15 7623.42 4880.01 8378 9396.98 2771.89 3262.21 5225.33 8236.22 10494.4 5992.8 4746.21 228.254 9227.4 7852.1 6280.39 11479 3457.01 2680.19 5171.19 5617.92 8803.29 3984.93 8653.84 4142.09 7375.94 4182.26 6706.21 4660.04 9245.82 6254.12 
6999.23 8548.95 3116.62 2052.51 4028.92 7093.58 5629.25 3815.89 5825.2 2229.91 8711.74 2786.43 2789.48 2698.33 7375.53 2281.4 1801 2385.16 9407.96 8178.98 7350.11 1471.05 7608.48 5519.6 4478.33 2507.99 6199.65 5063.57 6202.23 6595.91 6364.19 5521.61 4046.05 6472.44 2257.63 3064.52 3021.06 4605.76 2520.52 4570.73 5546.91 2133.38 5145.96 7239.15 2488.23 
8032 4336.32 6226.76 5750.22 4341.66 1866.25 9028.49 6590.78 2690.07 9231.08 4401.3 9841.99 6095.33 9639.29 7970.75 4891.24 6810.07 5450.47 5075.79 10382.3 8881.69 6697.18 3918.47 2799.46 4506.44 6325.58 10270.8 2088.66 3005.88 5184.53 3136 7299.1 8005.38 6261.25 5621.08 4784.61 6904.1 2489.1 7138.46 3165.09 6634.61 9195.33 6000.74 2115.68 4991.96 
2462.05 6887.45 2496.16 3775.62 7785.22 7080.71 772.01 1818.93 5708.8 6328.11 7039.67 6454.59 2829.08 4993.85 2956.52 5778.17 3300.92 6663.82 7448.31 3126.21 2454.91 3660.12 6132.41 8417.16 3770 2884.87 2002.02 7077.23 5640.5 4218.83 9402.68 1426.78 1043.07 3225.68 3706 6973.79 2146.93 6510.03 2543.72 5172.44 2096.59 6044.32 2474.55 7038.31 4274.79 
8409.05 8334.13 4563.65 3219.22 1660.12 6284.05 7648.17 5333.25 5387.88 4011.25 8479.68 4661.54 4199.55 5117.69 8681.32 1415.98 3763.64 340.588 9232.98 10035.1 8952.01 3415.41 7451.63 3396.73 4914.35 4083.85 8435.7 3586.32 5894.28 7084.76 4080.11 6996.14 6071.61 7381.52 3333.78 867.698 4817.41 3366.9 4517.74 4207.07 6772.3 4089.61 6194.94 6500.07 2972.29 
7141.33 9506.59 3604.07 2977.55 5420.33 8287.27 5310.15 4135.75 6947.09 1451.52 9672.28 1749.17 3370.85 1282.65 7574.99 3690.66 2209.84 3757.13 10330.4 7910.03 7329.18 2060.15 8568.9 6937.45 5357.2 3033.84 5591.51 6439.26 7266.64 7312.25 7776.38 5702.25 3853.89 6969.51 3173.09 4462.66 3233.73 5957.85 2638.56 5732.03 5903.9 1194.36 5646.85 8409.07 3607.56 
5050.16 7275.01 1292.75 1116.11 4998.13 6330.18 3769.62 1894.65 4915.65 3707.86 7441.4 4062.08 1070.56 3123.28 5440.31 2932.05 162.788 3644.46 8074.06 6263.1 5390.45 522.015 6346.69 6047.06 3133.38 730 4526.11 5080.51 5155.39 5003.45 7004.83 3574.14 2177.06 4677.71 1222.62 4087.08 1061.18 4520.63 608.358 3814.35 3661.05 3486.34 3347.86 6410.82 1879.2 
1642.22 5729.31 2373.94 3716.46 7504.83 6090.94 1742.87 1605.15 4780.29 6957.08 5879.33 7173.51 2740.6 5826.02 2070.6 5614.85 3573.47 6600.19 6274.62 3222.98 2031.8 3904.63 5000.09 7896.36 2974.17 2927.54 3039.49 6449.37 4642.5 3062.83 8871.03 255.539 1843.91 2049.63 3589.54 6787.24 2357.9 5905.29 2912.47 4440.42 940.479 6693.89 1443.12 6023.64 4024.05 
6290.03 2410.02 5333.85 5302.12 5423.33 156.205 7664.15 5482.05 1357.94 9295.56 2503.38 9846.08 5317.38 9317.75 6162.09 5186.11 6279.53 6038.39 3234.83 8681.31 7158.56 6273.57 1903.39 4320.47 3340.73 5615.38 8951.72 2963.78 1319.39 3332.1 4922.6 5790.28 6908.37 4485.29 5124.45 5533.99 6019.98 2976.59 6397.04 2513.82 5078.43 9194.7 4520.55 186.011 4638.56 
1578.48 4152.17 4759.88 5939.02 9014.93 5678.42 4141.85 4117.79 4868.93 9682.34 4251.31 9954.75 5085.23 8667.51 1113.24 7480.43 6144.69 8550.05 4331.95 3624.65 2249.82 6425.76 3841.59 8850.24 4044.87 5370.18 5240.34 7257.69 4451.12 2274.82 9733.47 2622.4 4705.41 1513.31 5758.9 8520.48 5010.59 6837.79 5604.23 5268.81 2345.42 9436.87 2752.18 5495.86 5938.63 
2770.42 3211.74 5446.15 6486.45 9120.14 5125.83 5295.1 4901.53 4602.45 10440.2 3282.5 10764.4 5733.34 9566.12 2316.83 7797.97 6857.29 8872.89 3238.67 4777.08 3449.48 7101.8 3125.41 8716.74 4299.42 6047.28 6428.19 7124.3 4109.46 2160.37 9535.85 3622.18 5698.22 2056.43 6291.53 8742.11 5808.48 6778.22 6404.39 5276.74 3176.95 10212.9 3384.98 4907.23 6349.72 
3960.23 8505.7 3360.91 4343.29 8362.32 8508.8 1396.03 2950.25 7092.28 5656.37 8660.5 5624.3 3586 4037.92 4463.46 6295.54 3512.06 7003.68 9088.12 3759.32 3702.18 3847.52 7722.43 9277.81 5093.13 3481.06 1246.19 8099.44 7095.58 5840.98 10256.4 3075.84 1527.78 4874.19 4351.15 7460.54 2747.54 7522.47 2802.43 6370.64 3731.01 5352.8 4034.07 8494.15 5011.72 
5401.45 1758.41 4899.65 5102.17 5920.41 1110.41 6936.18 4926.67 1226.13 9232.31 1892.33 9745.59 4945.07 9069.89 5247.48 5352.02 5998.44 6299.66 2651.74 7798.27 6273.02 6046.33 1025.91 5030 2869.65 5266.39 8232.41 3544.04 813.019 2420.02 5719.39 5016.62 6323.31 3596.5 4908.46 5885.88 5566.19 3412.87 6005.31 2484.21 4292.94 9102.2 3790.51 921.954 4524.11 
8394 5797.26 5720.87 4879.85 2498.82 3284.45 8844.66 6268.44 3326.74 7770.32 5895.7 8406 5491.93 8441.33 8445.41 3493.67 5919.27 3804.33 6627.07 10602.7 9181.95 5721.58 5165.51 945.569 4494.19 5637.03 9989.72 996.393 3827.58 5889.19 1607.23 7375.29 7576.17 6767.35 4808.33 3080.81 6332.81 1564.26 6415.05 3028.35 6812.79 7778.5 6136.33 3553.73 4130.88 
8063.85 8103.2 4212.84 2868.19 1806.79 6114.7 7300.11 4982.62 5162.36 3896.79 8251.26 4544.85 3848.6 4901.23 8339.8 1108.56 3423.58 140.357 9001.25 9684.01 8602.76 3078 7210.25 3466.71 4603.53 3733.11 8096.67 3495.88 5658.73 6783.93 4210.7 6647.83 5725.49 7055.17 2983.76 892.749 4467.99 3225.79 4174.65 3957.84 6430.44 3950.62 5858.21 6322.61 2634.27 
2922.19 4728.48 1502.43 2546.92 5900.19 4524.48 3318.51 1190.38 3133.83 6492.96 4892.48 6855.09 1763.86 5797.67 3143.96 4160.62 2906.82 5211.24 5447 4944.46 3598.62 3133.37 3858.11 6156.95 1217.95 2086.14 4579.26 4688.25 3100.92 2243.21 7125.37 1701.82 2541.36 1944.87 2363.24 5273.07 2004.2 4149.82 2565.35 2676.86 1252.28 6278.64 650.308 4500.59 2576.3 
6420.12 8924.33 2938.25 2481.29 5451.84 7835.34 4623.13 3433.51 6458.99 2172.67 9090.57 2432.82 2733.86 1537.34 6854.55 3562.02 1584.05 3834.81 9731.85 7222.5 6612.54 1512.88 7991.71 6846.34 4773.78 2393.41 4978.88 6190.03 6744.63 6662.16 7732.04 4982.63 3141.86 6276.47 2661.6 4484.12 2528 5676.42 1931.27 5281.1 5196.4 1910.84 4960.49 7940.36 3179.7 
