135 45 14
777 335 649 27 763 426 211 429 862 135 22 167 11 373 784 324 413 980 862 281 84 505 313 895 814 364 87 178 403 399 676 12 94 570 467 902 652 280 865 619 31 771 709 856 586 
96.5 30.6 68.3 21.9 62.4 52.8 87.1 73.2 82.9 50.3 1.9 27 36.8 70.8 
3 4 5 11 8 13 6 4 8 3 0 7 9 0 11 10 3 6 9 0 2 13 6 6 13 6 9 11 6 7 9 13 8 1 1 0 10 10 12 0 2 4 10 3 8 10 5 3 2 4 10 10 13 1 4 7 2 0 6 13 2 4 6 4 10 12 8 10 9 4 7 10 11 12 8 1 9 11 11 6 12 0 2 6 9 0 0 11 4 11 7 4 4 13 8 10 6 2 7 2 2 0 5 12 5 5 12 7 3 7 13 2 13 12 12 10 3 7 13 1 7 9 12 4 12 12 2 12 4 13 9 10 1 2 7 
738253 863343 346071 227882 361386 704469 610568 418937 583545 231976 879392 293128 311541 308551 774249 203002 222410 194833 950596 863892 776789 187451 769699 517604 464091 286276 670380 484926 624443 680254 598653 590664 451625 675956 247542 266130 343770 442900 296951 456975 588558 228983 544570 720620 257420 
432925 259786 359785 395904 559973 217470 563494 358645 105948 814617 276210 862338 367619 784272 426386 459343 477460 562617 345419 669846 518626 486148 165680 511852 158777 400739 692693 352405 73355.3 153883 595857 375055 498029 255314 375661 535093 425102 318713 471485 177291 303990 799173 248622 210278 348283 
635290 348891 461824 434219 421900 119670 731779 491874 101671 818648 360680 875710 453028 834086 632178 399362 537142 481664 436101 868332 719275 531588 278000 327185 280236 479302 856861 179078 145097 360325 400346 558057 634527 461069 418417 430512 530586 174929 560089 157156 492057 810405 428253 141481 362498 
535381 548631 203298 135074 347311 404428 523582 265166 272635 532886 564628 585755 179368 534480 556378 181893 240169 289456 636268 727265 600513 232019 455171 395258 168181 195880 632286 273163 310345 387093 493852 405671 388703 416308 121004 285727 263463 215604 276053 148933 368409 520930 305110 416807 63561 
760345 584830 461064 368246 184491 351551 780082 521284 302536 660910 597245 723683 435460 722001 771447 228974 470919 274614 672970 970907 834560 450148 507666 139517 365531 447264 890126 65115.3 356808 538001 237588 646480 646226 610011 362491 209117 519139 73437 523310 228650 596638 660129 529054 376152 294812 
693785 824151 301159 183308 365453 672447 571431 374433 547899 259625 840311 317238 266492 310097 729464 187067 180427 203421 910844 822927 733382 144838 730282 511674 421578 241599 636002 465460 587133 636649 597003 546297 412098 630971 203177 268732 300816 420119 256125 421808 543503 252002 499485 687608 217276 
369709 881477 444846 558008 962996 919696 140812 387769 783747 702659 895806 695414 473017 535060 416886 757209 483939 833662 928421 268924 315217 518684 812754 1.04256e+06 590140 468817 16643.3 914997 775188 617081 1.14106e+06 334934 261817 505951 555874 875430 392521 857702 409674 728989 407506 672144 455774 914471 619104 
540520 194003 723747 796036 954652 447161 783304 688851 475682 1.21329e+06 185607 1.25517e+06 743910 1.1554e+06 497668 874443 859936 976402 121491 744054 612148 876567 266811 864880 552800 777829 902668 718858 422238 351366 927175 599683 796332 421294 775423 943435 775522 703960 832166 587770 539667 1.1947e+06 533697 420201 758845 
534439 347546 357001 346879 435239 189447 621342 382624 55154.3 751117 362377 804555 351746 748362 535601 358169 444775 455070 437371 763776 616604 443938 259332 384298 169815 380296 746379 224611 103315 278627 470619 449588 525656 366104 329014 418808 426001 190444 459727 71589.1 385296 739670 320156 199078 282064 
32450 553946 367600 500145 863496 645354 228862 292015 531159 828147 566873 847555 403972 707975 82073.1 683012 491550 784694 591166 238315 89196.4 524379 498258 884471 381687 425005 339949 732214 504533 304665 979740 120037 306349 185397 485924 797709 370126 681355 425400 526499 150083 801341 217513 633331 522934 
338565 540234 74813.1 189320 555543 494122 319100 65969.7 350629 574227 556785 610082 102694 505751 368164 368285 215523 469506 615028 516400 394975 239270 450644 602457 150120 133843 436946 465834 357526 298613 700772 198595 208952 266430 173012 484435 129252 409238 182800 278385 178180 552577 133330 495259 208396 
630354 860403 268427 211703 510000 746612 464389 323827 609870 233000 877001 267088 244920 191604 672298 318449 128818 350228 942119 723329 654545 116284 766838 646871 445215 211192 509755 580001 639594 639038 736098 484661 311006 605905 230315 413295 234542 528640 175841 491001 501059 209774 473296 757539 280080 
770393 803782 381294 246759 224722 616332 685149 458423 512001 355130 819015 419237 344653 445295 799758 99488.7 295435 60033.3 893212 926305 821570 260450 712775 383012 437539 330784 762497 368213 559433 657281 462044 627025 527000 677127 260094 129248 402852 334550 371139 388013 608950 357806 554044 635708 233137 
857084 924173 463087 334013 296522 736941 741335 538677 633064 274642 939513 339366 427005 405720 890380 220737 350258 144931 1.01344e+06 992831 900509 314441 832707 471666 548840 405967 802337 481226 680054 768870 537894 710513 582074 779418 351172 216933 469524 452001 426175 508587 701445 286196 651699 756616 339676 
174794 680000 336752 469422 863586 735860 84958.8 262231 606942 734588 694058 745322 372200 596108 224660 667255 430499 759924 725425 213153 149412 466168 614343 913480 426513 382498 196756 771763 591177 417824 1.01148e+06 143544 207196 304007 460246 786366 311970 716593 355675 572640 214758 705932 272837 727970 512098 
744361 812200 351518 219112 275136 636878 645899 428224 524485 314326 827818 377327 314951 395464 776032 122090 253571 110941 900935 891164 791614 217830 719806 429421 430488 297325 718800 402603 569281 650423 510789 599013 486881 661381 235077 179011 366227 364071 330103 398399 586123 314384 534634 654811 221045 
651517 264320 543261 533796 526824 11180.3 783827 561288 146003 928154 273002 984124 539957 935412 639648 512291 633285 594515 345138 890311 738204 631229 216157 411176 346370 568987 912177 280016 150416 356867 469017 598080 704310 471250 516563 541805 612119 285601 648003 253665 527394 918882 470239 38013.2 465550 
443497 619371 52201.5 82764.7 478803 530936 373729 129120 387883 469401 636008 509502 17029.4 420523 476303 278772 115109 372543 699717 600471 492062 131826 526460 554049 205154 38078.9 473888 437156 409068 397152 652283 298181 228327 377000 71589.1 398152 99849.9 379563 118017 285002 288257 449539 244444 537499 129418 
417138 395258 231614 260461 485149 313006 483410 246710 169189 679662 411767 726626 234785 649247 426644 348391 342094 455388 479452 637191 494604 350143 301281 480554 31780.5 267081 608148 326602 180945 219317 574669 316901 389965 267442 240085 441163 299553 276800 341084 120880 257701 663699 190245 315336 218360 
457354 133963 613074 685073 858210 374021 688802 579959 378471 1.10212e+06 135370 1.14401e+06 632861 1.04519e+06 419268 768274 748853 871530 120071 676287 535412 765371 175103 780185 442092 666805 811742 628815 324197 241290 848999 500009 691462 320128 664464 841647 665788 608823 722001 484150 436606 1.0835e+06 425819 348049 649038 
322845 793974 324006 438321 843496 811608 65115.3 268777 672815 621020 809072 622945 352206 466987 373109 638264 368908 717505 848416 310850 295801 404358 719170 921703 475988 348765 105209 795075 668144 527148 1.0202e+06 245359 141450 424700 435587 756974 272281 737667 293212 611765 314682 591102 353239 808110 498383 
534899 124016 680137 744339 887521 377107 766672 651077 409871 1.16316e+06 115624 1.20706e+06 697923 1.11309e+06 496004 813241 813396 913869 58796.3 751166 612052 828046 200960 795267 500609 731976 889812 650202 357113 311970 857131 577135 766187 397200 723747 878781 735272 636692 790403 525084 512711 1.1456e+06 498658 350143 703204 
154693 593111 258544 393154 775765 635305 152161 181417 505107 705250 607870 724591 295178 586276 200960 585144 373109 682575 645232 296184 182989 407011 522188 816854 325220 311978 281087 672566 490486 327185 914414 44181.4 185076 221199 381215 702883 251098 618052 304381 471833 116842 678355 171094 628160 426649 
443639 792233 203010 270237 665440 744680 246246 200385 600334 427234 808616 439165 212735 296651 490597 458890 178393 526165 862681 506167 451784 210836 704762 766963 402773 192333 295296 660622 612259 537327 863656 310203 105190 468787 274855 573736 134015 603366 114061 508087 350956 398503 350755 747974 342586 
421001 158345 450871 504946 671029 240709 600101 433797 195256 924210 174866 969604 464760 882562 401045 577022 578683 680053 236136 660186 508025 591055 74108 606981 261725 498704 729429 450441 141905 124427 683977 404243 563415 243288 484410 650865 511189 424302 562896 293002 332024 907419 295264 221335 462611 
433601 434245 204414 221382 457073 337818 477582 230495 193621 640260 450699 687837 203002 613580 447166 311541 306349 418918 519018 646128 507568 312618 340165 465242 40792.2 234030 599361 316172 213178 256363 561239 322552 372903 294450 201159 408148 273309 263006 310664 116284 269585 624654 201943 342656 178194 
579690 39623.2 639578 681076 773450 247588 783597 625585 308415 1.09887e+06 29681.6 1.14756e+06 650862 1.06864e+06 549343 720856 762481 816216 87023 811638 663718 771770 122119 669069 443244 684451 911711 530487 261457 304685 726333 587882 754973 415098 660957 774164 701573 523860 751830 432653 517151 1.08411e+06 485850 220658 629554 
457096 869994 308084 383824 776500 844002 213860 287091 700103 476766 886007 473608 322672 315546 507001 570404 289608 632880 934579 462450 443191 320095 786553 880539 500009 304777 211625 773196 707248 607211 977151 347282 150572 522358 388330 683656 240260 715791 227633 614860 403897 446374 420583 845370 456011 
422181 772865 189594 266835 666148 729747 230361 181221 585452 446179 789208 459527 202527 318291 468956 459436 180812 530374 842637 489745 431727 214805 685919 763079 386871 185011 287689 653209 595995 516841 860252 288210 84154.6 447111 269833 575601 120934 595749 110802 496017 329140 417732 329970 732462 337218 
683143 458635 442109 383256 310672 227482 741598 487911 183325 736697 470894 796465 424953 771236 687554 306250 489495 378593 546561 906565 762843 477151 383308 230185 296805 445382 860654 72111 236542 433872 315163 585642 625082 519648 371214 322816 507843 67178.9 526282 149803 526932 731416 459628 251177 307041 
245937 295083 410600 507501 772001 418760 459308 364194 338237 910012 308099 945609 436835 833787 220640 635708 551374 743226 337018 482212 331509 573663 244902 742187 285813 469320 584230 582495 295114 79479.6 828205 269141 464091 89319.7 487693 731302 453785 543769 512509 389801 207183 888474 208062 401430 491172 
145602 573928 257614 391842 769661 618324 171292 180737 489262 713751 588670 734543 294279 598239 189771 581326 377041 680084 626018 304021 182989 410312 503287 806895 312285 312922 300027 661154 473570 308104 904166 25961.5 198215 202032 379084 698402 255327 607119 310281 459260 98478.4 687224 155193 610817 422096 
465988 684300 83761.6 100802 504251 597762 356118 147679 455003 416070 700943 451811 62968.2 355039 503557 298304 57697.5 379680 763451 598645 504216 86977 591849 596735 271465 29546.6 442485 490245 476391 454912 693908 318234 199730 422765 103788 416829 73681.7 433240 57245.1 349693 322876 394150 289638 604644 171493 
511165 215335 438799 458661 559031 132970 651310 443630 80056.2 872590 230152 923472 442821 855102 499917 490080 547951 587241 305188 749987 597850 552856 129120 483291 235763 474858 780586 329006 30413.8 217904 558488 461866 584309 330970 439210 549313 505785 308759 549065 201400 390226 859251 336364 123016 401837 
318779 261696 363688 439345 671626 326075 489037 335288 233754 853823 277503 894723 383275 796343 305485 546260 499316 653105 327832 558424 405908 516519 185003 636908 201162 417195 618324 477205 193507 26000 722732 293138 458215 138235 418847 635837 418306 439393 473441 287367 221002 834641 188215 311970 411127 
571349 771900 190118 123369 465130 658818 436744 254908 521180 311662 788480 352151 161988 278298 610129 262122 50990.2 318248 854172 689348 605000 27202.9 678205 585764 356867 129769 503532 504921 550441 555042 678770 423710 277483 529510 141439 370601 172418 451400 122483 403524 430704 291673 396234 669248 194815 
267060 499730 146014 265000 618066 489612 293401 96213.3 351369 644610 515947 677676 177485 564989 293901 437987 286665 541248 568465 460409 329730 312712 414986 650056 160016 206865 419734 504971 346554 243378 747329 136180 221639 193871 248202 551806 184621 450521 243288 305203 103078 621908 61400.3 486590 278097 
195980 457957 229993 348786 686896 490658 294335 171143 363556 726529 473426 757608 262084 639038 215539 515057 369789 620008 517983 412273 269609 396772 381578 703363 200644 290998 424085 551609 345984 191604 798745 101833 268337 114215 331453 625953 261840 500330 321450 346225 32649.7 703154 36674.2 483037 356439 
636070 828803 256070 173600 453944 703036 490494 320744 569196 248520 845308 293082 226991 241746 675457 261964 116760 295677 912415 746450 667396 90050 734804 590407 415173 195451 546978 526308 601924 618205 679488 488628 332746 595330 193659 357326 236603 475946 183044 447487 496795 230534 462050 715196 235053 
862260 782077 497897 369670 53084.8 558574 818841 572177 489948 514024 795527 579042 463435 617992 883801 168808 445587 114726 871483 1.04424e+06 924658 413734 698978 228569 486121 459656 908944 273929 543401 692142 295007 728485 665956 739522 375586 50209.6 536004 266987 516568 385523 695484 521177 632539 582344 322926 
877262 819923 503718 371910 92892.4 600243 820478 579470 526460 478006 833665 543004 468240 590435 900961 173819 439068 92200.9 909563 1.0519e+06 936667 405622 735367 271649 509318 461187 905563 317591 579351 719809 332866 740293 665114 761447 380158 61008.2 536680 307508 512466 417594 711231 486837 649986 623610 333314 
723398 414309 525298 478302 382205 163248 809925 563298 191024 836373 424062 896315 511825 870028 721168 404728 584069 471246 497278 955055 806816 573614 353990 258436 357834 534835 932940 137441 233122 449588 320702 641530 704115 550142 465001 410278 592868 162890 616127 219829 577218 831293 512191 190074 402840 
819421 849172 428911 294771 222324 655534 727902 505980 556127 345023 864223 410005 392237 454357 849301 144534 335872 61351.4 938801 971817 869416 300177 758846 392594 487516 376789 801041 397020 604623 707091 464130 675444 569025 727473 308877 135518 447261 368570 412340 433555 658595 351962 604140 675794 283487 
252050 788923 465130 594526 994065 865047 150685 393402 739596 814039 801901 815275 499268 658046 292479 794560 543118 883247 825039 121433 179477 579173 730978 1.04887e+06 562403 505475 157813 907939 721012 535284 1.14701e+06 276284 309919 416965 587212 914088 431181 852658 466503 708755 344362 784125 406123 855694 642448 
550058 102591 678832 738355 869640 354069 777229 652805 394077 1.1576e+06 92086.9 1.2026e+06 695301 1.1118e+06 512610 800770 810247 900254 31144.8 769788 628765 823772 186531 773742 494977 729353 901574 630515 342235 314840 834001 585875 771176 406247 717814 863385 735568 618852 789821 511895 519879 1.14064e+06 502260 327055 694822 
721366 958301 368209 305177 545279 835733 537075 421247 701942 137928 974867 167108 344890 124664 764829 374001 228790 378725 1.04073e+06 797031 739757 213694 864517 698041 543394 311193 563916 649580 734064 739032 781461 577603 392094 704693 324780 449720 331006 601708 271465 580259 598021 111893 572451 848009 367793 
527595 203630 719156 794003 960026 456799 772094 682643 480463 1.21046e+06 196306 1.25164e+06 740024 1.1501e+06 484162 876269 856114 978853 135565 729000 598228 873375 272209 873011 551262 773866 890647 725728 426691 346508 936582 589924 788054 412312 773401 947103 769896 709559 826918 590596 531008 1.19152e+06 527034 429913 758322 
396773 143402 502802 572106 758555 312950 605913 473858 283143 989452 156387 1.03187e+06 521391 935637 367614 658727 637191 763081 192585 630157 481215 653028 111288 694102 329097 555407 732713 538139 229491 135518 769604 411705 592231 234691 551494 736369 557653 512282 612824 378440 343431 971078 322967 290227 536448 
814205 1.00639e+06 442747 353058 501294 860070 641253 504448 734635 72615.4 1.02273e+06 134536 414162 199650 855767 361964 302076 336024 1.09181e+06 901222 837929 277218 912300 667630 596795 382426 671293 643960 772480 804240 742825 668147 492318 782177 373664 411005 416819 602322 359071 608935 681510 73027.4 648908 875187 401015 
806283 839215 415769 281619 225391 647716 715220 492842 546600 343421 854338 408276 379095 448108 836212 134302 323415 60407 928774 958833 856272 287793 748615 393041 475370 363732 788977 392209 594713 695072 466618 662291 556421 714738 295736 135624 434356 362200 399811 423473 645524 349242 591190 667690 270780 
355883 832169 352817 461785 866386 848311 97097.9 301617 708929 617882 847257 615832 379200 457525 405938 660307 386291 736033 886384 322093 322964 421038 757338 949678 511258 373134 81024.7 825826 705127 565350 1.04802e+06 283388 167631 462517 460404 778261 297310 768274 312194 645291 352881 587621 391104 845138 524605 
166676 399472 470608 586615 889400 551609 420595 407967 471631 964739 409542 992948 502594 865938 122188 738017 609824 845151 418766 376808 237255 637358 367784 870959 393041 531629 532538 711587 429441 212144 958893 262840 471546 141032 568356 841072 497756 670090 557280 513491 230766 940503 268034 533279 584734 
144028 471454 270512 394730 738806 527273 273732 204083 405765 760529 486181 788504 304473 663429 164757 565533 407303 669915 524223 365000 219456 436261 401908 754432 251575 331313 402045 601805 383710 206010 849462 78854.3 277238 101769 378160 677213 293394 551132 352854 396081 27459.1 736115 88639.7 517731 406341 
35014.3 505811 396294 525009 871532 615202 288647 323883 509848 871450 518021 893714 431724 757852 32140.3 699201 527160 803293 538182 270897 119218 558464 456232 880278 379289 455862 399242 724859 478235 268287 973717 156218 357022 152003 509251 810919 407708 676491 465124 519317 159524 845400 221163 601233 539812 
714857 840910 322248 203541 360185 685207 590823 395506 562601 248294 857007 307748 287543 311264 750558 190780 200731 195563 927936 843007 754227 165339 747163 511258 440324 262688 653536 471610 602780 656150 594643 567353 431602 651621 223231 263883 321498 427908 276053 436194 564547 242870 520286 700904 234440 
665114 1.01473e+06 408001 412820 735180 939417 431936 426898 796972 292159 1.03129e+06 271459 402313 111973 713886 545736 307883 572114 1.08866e+06 679353 659194 318000 924672 874098 609926 371171 415394 801250 817524 766086 963382 539713 331042 701128 427070 638424 345254 747819 296233 688523 583275 262269 581124 946618 488296 
301798 608905 104695 238466 632367 585888 226055 32802.4 443677 564235 625135 590745 140577 467080 341270 435139 218673 529029 677342 443695 340019 251448 523622 692527 243647 155029 340544 560247 446010 351241 791094 154208 116004 286484 228353 554239 98234.4 503182 156371 375311 172534 539189 164514 585342 280680 
191450 619190 236783 370946 760945 648501 131034 160639 514636 670075 634275 688320 272971 548942 238403 566499 343286 661445 674259 311849 212038 377895 545235 809973 327391 286700 260640 669341 503796 352393 908058 71867.9 147492 251730 360436 685169 221578 613815 272413 472128 139918 642893 183967 642800 409898 
634039 801424 245752 146455 417824 668768 503549 315520 536792 273035 817847 322126 213506 280209 671488 223394 115156 262528 886086 756229 670191 81221.9 707320 551776 390155 184816 567723 487453 571253 598248 641363 486277 344363 582344 167027 321503 237034 437425 189264 413697 488710 258031 449444 681601 201445 
271811 324099 312746 400706 668225 373751 427263 277627 264518 808883 339796 847222 335650 743178 266248 526662 451505 634215 388012 509574 357844 471390 247130 650364 176819 369043 556756 491636 233431 61587.3 740142 231700 396679 95268 380623 624003 363270 448385 419963 291254 159201 788480 126649 362353 381874 
561036 30000 638412 685511 792152 271312 770658 620948 321885 1.10426e+06 13453.6 1.15184e+06 651261 1.06927e+06 529139 733057 764105 830042 64288.4 790940 644168 774706 123988 691876 445202 685064 898074 550805 272635 293586 751033 575522 747659 400320 665217 789962 699031 541839 750539 444060 505693 1.0888e+06 477766 244295 636497 
336774 263150 352605 422096 646409 307093 495970 329310 209404 838439 279380 880555 370239 785621 326055 523401 485931 629982 334283 575925 423608 501758 180602 611278 181177 404278 625620 451577 171120 51546.1 697316 300927 456773 156474 401520 611572 409718 413687 463527 261926 228265 819856 188404 294354 390902 
779251 1.01705e+06 429005 362464 570307 889101 587725 481633 757248 83096.3 1.03359e+06 106405 405453 116043 823284 412800 289386 403339 1.09999e+06 847092 795179 273123 923148 730463 602536 371828 605851 692558 790745 799620 810015 636398 447098 765355 382404 476954 391234 646871 331605 634255 658187 53935.1 633199 902158 422030 
277094 286667 507117 606245 861594 464999 519665 456847 409238 1.00689e+06 295576 1.04125e+06 534342 925709 237002 732069 648189 839443 301684 493883 353035 671280 268002 820498 382624 566460 638063 661238 360272 166148 902594 341849 546059 172586 586464 824972 547234 626710 606486 477008 289836 984891 302248 443813 589415 
618231 719462 225887 93005.4 340476 572239 529707 302853 444658 360839 735621 415326 189235 382099 650001 135152 147139 206155 806208 769437 666352 116250 625601 458530 319024 173925 612374 386063 482888 536345 551163 473092 372700 538855 109659 248244 246483 335529 219272 319240 460352 350156 410265 586369 112610 
395904 849779 334767 432925 834819 849779 139703 293833 708097 564564 865268 561471 357239 402892 446230 628140 349794 698961 908116 376666 370407 383343 771379 926397 508159 346716 125873 808607 708495 583332 1.02426e+06 307002 151529 486815 433720 744640 273386 750910 278830 635814 372400 534214 402523 848343 499785 
125208 648205 489118 623491 995978 767190 264756 412069 659897 920644 659294 932826 525792 783932 139463 811850 602439 911546 671340 124338 48764.7 636962 604950 1.01898e+06 516168 543203 333594 866413 629730 420006 1.11416e+06 245082 391602 303872 610737 927958 480651 815805 531034 660600 284522 892328 352037 753160 652063 
534986 180136 482685 503200 588180 114022 687026 485477 116829 916457 193830 967678 487247 899822 520074 529432 592663 624605 269704 774623 622113 597537 104077 501049 279686 519394 816624 351518 74330.3 237154 570919 495298 625218 354431 483803 583768 549343 337360 593255 242244 422985 903368 372372 96400.2 445638 
608679 851049 253269 208734 525951 744108 439851 305188 605773 252240 867674 282482 232142 193132 651154 330796 117004 368348 931790 698937 631478 111328 757810 658673 436023 198116 485224 586451 633704 625353 749147 463590 287028 588647 226241 429471 215114 534004 155756 488993 482104 227660 456571 754221 280252 
341211 879292 532139 656458 1.06011e+06 953740 207711 464583 826453 834938 892180 829154 564416 669000 379581 857336 594401 941013 914342 161208 264382 630134 821570 1.12397e+06 645143 566499 148003 986732 809390 625793 1.22243e+06 362708 362215 507561 651202 976771 490368 930701 518059 790395 432394 804504 492392 944874 709965 
701171 862727 314560 211454 413310 718946 560350 383444 591486 213902 879036 268777 282455 258954 739304 239134 180801 248566 948395 816100 735033 148852 768651 562883 454622 253569 615325 517200 628758 665361 647191 553445 402492 651234 232034 316951 302597 471259 251287 466259 557391 203494 518376 733328 257235 
707939 668342 348862 227969 180278 471653 672646 421246 374039 488112 683059 550113 315940 548365 729836 54129.5 318663 134239 758190 892059 770637 292058 579600 280203 336095 316787 769344 228064 424062 548403 373048 574616 524047 588215 229993 112539 393215 189789 382413 255002 541202 486079 478578 491664 171421 
701852 466974 460245 398848 305565 230358 760664 506717 197497 746175 478807 806480 442579 784333 705899 313955 505146 381935 554200 925635 781740 492000 393926 215379 315991 462502 879529 61000 249930 450498 298236 604822 643544 537663 387284 323489 525681 72069.4 543244 169009 545976 741569 478712 255000 322448 
252286 786130 552598 685697 1.07724e+06 894739 258559 477177 780016 927552 797458 930072 588292 773301 276371 882916 644186 976243 810088 15132.7 165109 680109 740072 1.1179e+06 619621 598785 268477 970532 754181 551014 1.21494e+06 332256 414132 432501 676237 1.00176e+06 527492 917306 568304 766587 389166 897805 456111 882220 726529 
117068 536537 277088 409161 775126 593001 209614 202299 468540 747222 550989 770092 313313 636529 155769 592457 404100 693753 586298 308561 172662 436111 468710 802813 302300 335215 336537 653521 448894 272413 899161 31953.1 238533 162099 394849 707720 283854 600960 340930 449138 72945.2 721268 138708 584045 432412 
394645 150233 529400 603464 795661 344384 614664 496541 320056 1.01956e+06 160353 1.06089e+06 549477 961456 361643 694424 665523 799113 181463 623339 476934 682493 139789 730505 361471 583384 739790 574891 266271 157610 805255 422830 610079 243298 582879 773068 582104 549364 638264 415217 357123 1.00064e+06 343001 320765 569956 
883779 653319 589216 491041 189180 403435 908944 650145 395763 740806 663597 805315 562748 822614 892440 327819 590770 337871 737277 1.09791e+06 959747 567208 587167 18248.3 489585 572986 1.01841e+06 143736 447826 646703 109124 773610 774010 727633 487003 262880 646026 189992 647207 347052 721782 744361 654011 430249 419869 
512299 202388 706403 782643 953935 454943 756963 669128 474102 1.19858e+06 196229 1.23938e+06 727633 1.13695e+06 468876 867430 843736 970447 139943 714006 582979 861335 266721 869419 540285 761426 875403 721017 420115 333781 934234 575128 773701 397780 762053 939630 756631 703739 813823 582603 516558 1.17945e+06 513355 428165 747910 
398001 370826 246678 286400 512665 306193 479752 253000 165197 705694 387413 751647 253584 670436 404851 378440 363930 485387 453719 622448 477514 373894 277253 501941 44777.2 286714 606278 345905 167863 189391 594786 305930 395457 242297 265876 470425 313115 298297 357912 140545 242909 689141 176816 306000 247330 
241919 345584 521047 629019 905281 524605 495082 463962 462949 1.01948e+06 353747 1.05057e+06 550840 928367 196540 766776 661880 874339 354109 444380 310097 687329 328805 871840 417153 581588 607800 712215 415637 210459 955804 330619 538882 181747 609861 864083 554596 675314 614271 522556 289401 996249 314992 503817 618967 
629586 795033 240601 140121 415326 662541 501243 310850 530450 279415 811454 328518 208082 285580 666802 219641 111544 261197 879714 753329 666331 77006.5 700928 547892 383839 179739 566719 482300 564862 592157 637838 481834 341949 576771 160702 319169 233174 432046 186344 407424 483628 264433 443938 675326 195133 
707543 926094 343447 271221 508520 799012 534842 400975 666321 156416 942618 196023 317800 162262 749700 335024 202467 342486 1.00933e+06 794645 730300 183251 832145 659628 511907 284691 570601 610501 699514 711551 743683 562072 384749 682069 291204 412585 311970 562776 253332 543813 578250 135093 549154 811696 331400 
953429 783036 616640 498046 101390 538075 941153 686420 509004 662599 794346 727585 584898 770602 968593 303872 584604 267328 869188 1.15222e+06 1.02306e+06 555044 710710 126246 561587 586905 1.03948e+06 256127 563014 744968 153052 829807 794096 811850 499949 198154 663272 281397 651463 433537 787147 671316 720781 564416 438854 
602818 269136 483343 476828 501642 59228.4 726416 501519 86023.3 876097 280708 931011 480426 878451 593877 467398 575129 554917 356046 840374 688896 574060 202200 404150 286505 509742 854347 259044 97652.4 313313 472356 542698 644615 423710 459191 507001 552175 253126 588467 197730 472848 865888 413978 70724.8 410202 
489495 122776 639728 708179 868289 371941 720822 608520 388567 1.12618e+06 120354 1.16898e+06 658593 1.07235e+06 451134 785064 774398 887246 91000 707494 567255 790069 180878 784143 464617 692605 843922 635232 334712 269364 850120 531580 721803 351650 687564 855080 693600 617985 749323 498784 467616 1.10804e+06 455159 345407 669813 
857744 864256 469553 334970 193373 661211 772189 546682 569818 376279 878929 441236 432926 495162 886351 166628 380848 61717.1 954114 1.01449e+06 909709 345313 775470 369628 515885 419005 846653 392046 620003 734121 434663 714919 613583 760107 347937 119708 490609 369850 457131 450494 695423 385852 639226 682643 317002 
737526 568567 440710 351027 199223 339401 758752 499986 283487 655485 581285 717681 415769 711254 748642 221712 454674 276004 657141 948363 811808 434994 489908 161839 342710 428476 869542 61717.1 337818 516178 259586 623944 626077 587371 344472 214255 499632 53084.8 505310 206184 573873 653680 506274 363369 276697 
754658 879957 362891 245326 364589 719234 624123 435409 599341 220127 895978 282349 328525 306426 790911 214105 237683 197517 967331 878259 792495 203089 786375 524077 481399 302914 681754 496058 640645 697685 603432 607010 465465 693311 265002 270407 359356 455141 311565 472712 605529 218979 561843 735658 274401 
523902 46324.9 568032 611249 723205 217007 718226 554484 248676 1.02969e+06 61846.6 1.07771e+06 579494 997361 497178 658593 691434 756350 136077 759581 609480 701208 50606.3 630864 372216 613130 847009 484982 198252 239000 695270 522215 684923 353386 591026 717753 630058 472403 680283 369460 450694 1.01448e+06 416560 190625 561471 
632529 457369 380757 325055 314033 248966 681836 427183 165952 691903 471004 750163 363804 717591 639708 269409 431005 353736 546923 852150 710444 420220 374594 268062 241299 384704 800083 110941 220045 397519 359806 529646 563847 474529 312160 307353 446561 67742.2 465756 95000 473241 684896 405554 269002 249451 
848109 854537 460339 325725 190444 652313 763992 537462 560161 377584 869239 442598 423732 493207 876567 156438 373097 51971.1 944386 1.00568e+06 900370 337682 765640 365422 505693 410162 839324 384401 610236 723923 432227 705459 605538 750015 338497 113146 482084 361332 449245 440596 685630 386381 629287 673625 307015 
759714 556651 477462 392613 218057 318311 792335 534008 281400 698140 568536 760606 453944 755265 768294 264955 496956 313696 643939 975263 836086 477984 482495 138654 365843 468108 905272 29154.8 335121 525681 232263 651261 663031 603887 385240 248032 538005 66219.3 545880 222910 598205 696781 530407 343546 317515 
856743 975779 466444 349521 387872 803230 715101 537941 690254 183183 991583 247631 432468 326400 893823 286323 337214 230419 1.06396e+06 972141 892002 303949 882760 561424 583082 406075 762685 560423 734048 800590 629579 708986 558335 797709 369034 304795 459213 526339 408354 563841 709355 196703 666219 821299 374214 
643183 682879 263519 132880 273651 516149 582163 339466 397434 417698 698588 476001 228090 455633 670322 68007.4 216363 164575 771415 811775 698891 189180 590235 382415 304120 222847 673146 311849 440729 524135 475893 502829 429337 543625 139979 187489 299201 263410 282604 270823 479401 410775 422303 532443 100000 
819103 706162 474014 355519 66121.1 479401 798447 544507 416222 565980 719290 630492 442052 652343 837055 165922 444596 163573 795238 1.01237e+06 886093 416416 624833 171003 432685 444119 896702 194126 470197 629973 254443 691462 651246 685937 357090 89493 520433 189410 509761 319014 652175 569689 586963 503433 296150 
619427 199211 778067 840472 965760 440596 857961 748898 493782 1.2596e+06 185521 1.3041e+06 795594 1.21105e+06 577721 902447 910926 1.00118e+06 109563 826267 692807 925139 288125 862277 596905 829652 979201 723840 442883 409715 917236 670880 862682 491171 819910 962761 833265 715455 888401 613360 607990 1.24239e+06 596008 413793 797424 
275182 760697 329560 452090 856148 791885 16552.9 266017 655916 662873 775444 667384 360867 513055 325263 652963 392231 737024 811873 267316 245601 428193 689000 925216 463121 362112 115918 793102 647446 494632 1.02381e+06 211237 158777 387660 447135 772373 285953 736196 315571 603530 283000 633265 328469 786857 506928 
478239 592171 107517 65000 422995 482734 432005 178530 342257 483713 608691 529744 79075.9 457109 506504 229314 151529 329674 675794 650249 533991 154185 498218 491639 179011 95126.2 535523 374363 369437 389976 590000 337771 290413 389104 44407.2 346944 162890 316836 176082 230957 315634 467052 261843 491424 71344.2 
587072 667942 202040 69892.8 336043 522352 519199 278627 393395 411993 684080 465649 166111 424675 616235 131015 159314 222991 754836 750309 640052 136795 574126 435900 270120 159841 610578 349125 431259 488857 531338 444622 366442 497315 78434.7 250460 236205 296015 221461 268405 425470 400622 371594 535965 61400.3 
908643 1.15784e+06 569425 502573 663061 1.02387e+06 701157 619330 894665 97493.6 1.17435e+06 36359.3 546619 179627 954147 531040 430516 500682 1.24112e+06 956747 918101 414483 1.06386e+06 833292 743673 512890 700183 813042 929665 940740 905055 768767 571749 903974 522717 575921 528644 771001 469001 770377 794739 101533 772490 1.03793e+06 559204 
173738 375183 443847 556619 853584 517633 418344 384147 435270 940592 386172 970512 474853 846832 136066 704256 584042 811555 401050 397281 252052 610571 337682 834197 357946 504723 535045 674818 393634 175866 922139 248823 456898 108342 538015 806257 474575 633404 534248 476920 208291 916922 239069 499866 552161 
365465 237403 373591 435597 640038 278787 526302 354493 189172 853756 253837 897341 389185 806179 352953 525929 504148 631589 312021 604928 452482 518333 151990 596846 192200 423232 655986 437321 146649 71700.8 680842 331423 484366 184878 414982 609606 432723 402349 485268 255125 258745 835945 217329 265187 399645 
948574 1.18028e+06 600424 524904 653491 1.03741e+06 745952 653809 911500 106212 1.1967e+06 69641.9 575701 227020 993385 535182 460000 495066 1.26473e+06 1.0026e+06 960565 441022 1.08618e+06 827048 767918 542409 748011 816356 948538 969561 894882 807100 613209 937469 545345 569973 563368 776846 503716 786043 830259 122919 805166 1.05251e+06 577031 
386518 589909 18788.3 139169 526165 524527 330238 75591 380185 515644 606531 552074 45122.1 451400 419386 330394 156984 427095 667037 548001 436152 180754 498688 589485 184570 75179.8 438292 462819 394057 354993 688070 241549 196787 324840 125877 449013 86371.3 405228 131034 291431 231970 494171 191596 528266 174485 
436807 369931 265023 286447 480926 279007 514615 280503 135237 704569 386290 752916 266908 679342 442986 357351 372086 463087 455748 661281 516462 378423 275830 464215 65375.8 298690 640125 307514 148314 216037 556515 343863 423728 278771 266400 443393 333191 260864 373805 102956 281656 689479 215232 281498 238170 
420743 806387 238902 320670 719095 775016 202094 219347 631020 468837 822541 475189 254568 324834 469421 512411 232639 581172 873080 461391 419304 265663 721568 816919 431116 238447 240601 706208 638882 545858 914104 297834 90697.3 467059 323633 627968 171479 648676 164502 545642 348076 439318 358469 776660 390948 
198927 584788 205448 340035 723802 606360 172699 128320 471692 661272 600167 683440 242099 550071 241357 532203 322893 629420 643001 347817 235468 356202 508348 768731 284004 259515 301629 626911 461806 318101 866645 55226.8 154935 224964 328056 650130 201206 571638 256535 428957 107564 635066 143014 601140 374012 
459848 839324 259278 326497 717631 799811 236324 249098 655516 437018 855575 440438 270296 287837 508587 511601 230868 574256 907415 493875 457083 261197 753383 822982 456844 250000 259946 718154 665824 580582 919326 336610 128550 504406 331851 624760 190379 660946 171026 565194 385479 407123 393137 802477 399626 
342987 882721 579959 707664 1.10901e+06 974118 259062 509284 851848 900047 894787 895045 613514 735033 374712 908240 650839 994816 911554 125160 258954 686781 830924 1.16553e+06 677975 618081 214084 1.02441e+06 830976 637577 1.26369e+06 390366 417388 518325 701157 1.02781e+06 542778 969236 574193 824621 456186 869663 519755 963583 757644 
544945 662341 155081 20615.5 385716 534619 469572 232157 399472 412083 678735 461213 118596 403441 576056 180801 117154 270024 747415 702488 595063 102240 568230 480775 253403 110114 560932 384877 432391 467124 577146 400671 316635 465192 35355.3 300167 186400 329686 173358 278928 386157 397316 336048 546059 68731.4 
206475 745716 458416 590745 985114 831024 164076 383888 709172 834748 758359 839477 493753 684446 244739 788926 547671 881069 779468 96254.9 130419 583606 690509 1.03178e+06 538563 503245 201137 887433 687879 495976 1.12944e+06 249804 317800 376920 581836 908067 431351 833092 471765 685624 313704 805238 378208 820603 633726 
591365 165747 742344 804406 933306 411468 826904 713816 459654 1.22353e+06 152882 1.26806e+06 759693 1.17535e+06 550818 867385 874973 966535 77466.1 802378 666432 889103 253032 832839 560836 793751 949097 692458 408306 374733 889855 638521 828730 458628 783843 928872 797850 682736 852812 578402 574770 1.20632e+06 561405 384526 761506 
103247 581661 496364 628325 983550 716369 318636 421001 618053 952773 591980 969558 532635 825655 87618.5 808084 620184 910983 600122 197162 88391.2 653226 544538 993275 492416 554000 402020 837511 583487 367984 1.08647e+06 249002 426011 258521 613668 921215 498514 789487 552965 632155 269091 925409 333114 700600 648171 
436111 130000 479877 533889 692012 241599 623039 461850 213396 953184 146414 998722 493936 911704 413342 602983 607889 705312 206932 674266 522708 620220 52886.7 622097 290814 527887 752033 467181 159154 144420 696605 427019 590263 261228 513367 674501 539894 443717 591849 317233 355276 936483 321279 220000 490820 
667032 412074 454591 408960 359001 178631 742540 493812 147679 776379 423962 835154 440967 803299 668061 349468 514389 425688 499418 895275 748866 504896 339426 267470 291606 464091 864521 115918 198285 405191 345701 578206 634054 498121 395182 371259 522061 115109 545390 150053 515986 769931 449810 202319 334055 
347669 627797 67208.6 196474 595671 586001 257389 38209.9 442137 521311 644238 549825 100170 431449 386581 395548 172818 486925 699771 485721 385592 205412 539796 664212 242033 110354 363167 537819 450059 376948 762775 199970 122560 322672 188162 515031 54129.5 480267 113649 362229 212941 496855 194517 587576 244935 
789915 568016 511077 425353 220057 323827 825671 567441 301231 722104 579231 785107 487509 784006 797492 290993 529306 331483 654050 1.00699e+06 867001 509722 497402 112361 396869 501483 938836 47539.5 354045 550553 202040 683237 696646 631932 418306 262393 571560 98290.4 579035 252414 629289 721738 561493 349894 350545 
626863 974483 368456 379005 714496 902140 397839 386167 759276 303990 991026 291440 363891 131000 675368 520835 273183 553730 1.04812e+06 648753 623213 286009 884634 848482 570811 333318 390001 770592 778904 725339 939202 499917 291431 660480 392413 617778 305039 716434 257093 652430 542738 273485 540320 908886 455054 
381084 892574 451807 563565 968345 929650 151083 395804 793374 701168 906927 692885 479505 532339 428215 762342 488001 837800 939698 277189 326221 522533 823622 1.04944e+06 599280 474621 22825.4 922740 785210 628039 1.1479e+06 345701 268019 517119 561792 880329 398493 865384 414209 737594 418226 670621 466004 924582 625412 
699923 854895 311662 205251 402892 709358 562925 381589 582520 222991 871174 278643 278948 269833 737553 228140 180100 238516 940796 817898 735011 147105 760848 551960 447833 250799 619965 506357 620223 659591 636419 552161 404605 647244 225763 306452 302106 460576 252052 457073 554691 213338 514596 723915 248823 
803200 433632 622676 575022 434166 186625 902849 659078 269007 923108 440130 984199 609533 963929 797075 489124 681007 545047 507579 1.03823e+06 888169 669718 391847 279946 450644 632558 1.02708e+06 208866 300588 518453 313600 729910 800538 626125 562108 478461 690410 248910 713846 316509 663461 919533 600074 211568 499196 
246205 688745 249616 377562 778522 708071 77201 181893 570880 632811 703967 645459 282908 499385 295652 577817 330092 666382 744831 312621 245491 366012 613241 841716 377000 288487 200202 707723 564050 421883 940268 142678 104307 322568 370600 697379 214693 651003 254372 517244 209659 604432 247455 703831 427479 
840905 833413 456365 321922 166012 628405 764817 533325 538788 401125 847968 466154 419955 511769 868132 141598 376364 34058.8 923298 1.00351e+06 895201 341541 745163 339673 491435 408385 843570 358632 589428 708476 408011 699614 607161 738152 333378 86769.8 481741 336690 451774 420707 677230 408961 619494 650007 297229 
714133 950659 360407 297755 542033 828727 531015 413575 694709 145152 967228 174917 337085 128265 757499 369066 220984 375713 1.03304e+06 791003 732918 206015 856890 693745 535720 303384 559151 643926 726664 731225 777638 570225 385389 696951 317309 446266 323373 595785 263856 573203 590390 119436 564685 840907 360756 
505016 727501 129275 111611 499813 633018 376962 189465 491565 370786 744140 406208 107056 312328 544031 293205 16278.8 364446 807406 626310 539045 52201.5 634669 604706 313338 73000 452611 508051 515539 500345 700483 357414 217706 467771 122262 408708 106118 452063 60835.8 381435 366105 348634 334786 641082 187920 
164222 572931 237394 371646 750483 609094 174287 160515 478029 695708 587933 717351 274060 582602 207060 561485 357347 660019 627462 322298 203180 390463 500009 789636 297417 292754 303949 644937 464250 306283 887103 25553.9 184391 204963 358954 678724 235790 590529 291247 444042 94047.9 669389 144312 602364 402405 
629003 241002 533385 530212 542333 15620.5 766415 548205 135794 929556 250338 984608 531738 931775 616209 518611 627953 603839 323483 868131 715856 627357 190339 432047 334073 561538 895172 296378 131939 333210 492260 579028 690837 448529 512445 553399 601998 297659 639704 251382 507843 919470 452055 18601.1 463856 
157848 415217 475988 593902 901493 567842 414185 411779 486893 968234 425131 995475 508523 866751 111324 748043 614469 855005 433195 362465 224982 642576 384159 885024 404487 537018 524034 725769 445112 227482 973347 262240 470541 151331 575890 852048 501059 683779 560423 526881 234542 943687 275218 549586 593863 
277042 321174 544615 648645 912014 512583 529510 490153 460245 1.04402e+06 328250 1.07644e+06 573334 956612 231683 779797 685729 887289 323867 477708 344948 710180 312541 871674 429942 604728 642819 712430 410946 216037 953585 362218 569822 205643 629153 874211 580848 677822 640439 527674 317695 1.02129e+06 338498 490723 634972 
396023 850570 336091 434329 836232 850880 139603 295025 709228 565637 866050 562430 358600 403792 446346 629554 351206 700368 908812 375932 370218 384752 772243 927781 509313 348106 124619 809944 709558 584098 1.02564e+06 307584 152778 487419 435115 746054 274754 752247 280243 637064 373101 535280 403407 849415 501172 
540145 175841 489965 510217 592041 111041 693618 492667 122613 923231 189233 974559 494507 906989 524748 535202 599844 629966 265174 779827 627302 604633 102591 503000 286965 526639 823241 354404 81301.9 242002 571939 501662 632331 359650 490846 588588 556619 341287 600531 248421 429294 910220 379051 92195.4 452411 
839400 579726 572087 487985 249882 328445 884466 626844 332674 777032 589570 840600 549193 844133 844541 349367 591927 380433 662707 1.06027e+06 918195 572158 516551 94556.9 449419 563703 998972 99639.3 382758 588919 160723 737529 757617 676735 480833 308081 633281 156426 641505 302835 681279 777850 613633 355373 413088 
806385 810320 421284 286819 180679 611470 730011 498262 516236 389679 825126 454485 384860 490123 833980 110856 342358 14035.7 900125 968401 860276 307800 721025 346671 460353 373311 809667 349588 565873 678393 421070 664783 572549 705517 298376 89274.9 446799 322579 417465 395784 643044 395062 585821 632261 263427 
292219 472848 150243 254692 590019 452448 331851 119038 313383 649296 489248 685509 176386 579767 314396 416062 290682 521124 544700 494446 359862 313337 385811 615695 121795 208614 457926 468825 310092 224321 712537 170182 254136 194487 236324 527307 200420 414982 256535 267686 125228 627864 65030.8 450059 257630 
642012 892433 293825 248129 545184 783534 462313 343351 645899 217267 909057 243282 273386 153734 685455 356202 158405 383481 973185 722250 661254 151288 799171 684634 477378 239341 497888 619003 674463 666216 773204 498263 314186 627647 266160 448412 252800 567642 193127 528110 519640 191084 496049 794036 317970 
