135 45 14
777 335 649 27 763 426 211 429 862 135 22 167 11 373 784 324 413 980 862 281 84 505 313 895 814 364 87 178 403 399 676 12 94 570 467 902 652 280 865 619 31 771 709 856 586 
96.5 30.6 68.3 21.9 62.4 52.8 87.1 73.2 82.9 50.3 1.9 27 36.8 70.8 
3 4 5 11 8 13 6 4 8 3 0 7 9 0 11 10 3 6 9 0 2 13 6 6 13 6 9 11 6 7 9 13 8 1 1 0 10 10 12 0 2 4 10 3 8 10 5 3 2 4 10 10 13 1 4 7 2 0 6 13 2 4 6 4 10 12 8 10 9 4 7 10 11 12 8 1 9 11 11 6 12 0 2 6 9 0 0 11 4 11 7 4 4 13 8 10 6 2 7 2 2 0 5 12 5 5 12 7 3 7 13 2 13 12 12 10 3 7 13 1 7 9 12 4 12 12 2 12 4 13 9 10 1 2 7 
7.38253 8.63343 3.46071 2.27882 3.61386 7.04469 6.10568 4.18937 5.83545 2.31976 8.79392 2.93128 3.11541 3.08551 7.74249 2.03002 2.2241 1.94833 9.50596 8.63892 7.76789 1.87451 7.69699 5.17604 4.64091 2.86276 6.7038 4.84926 6.24443 6.80254 5.98653 5.90664 4.51625 6.75956 2.47542 2.6613 3.4377 4.429 2.96951 4.56975 5.88558 2.28983 5.4457 7.2062 2.5742 
4.32925 2.59786 3.59785 3.95904 5.59973 2.1747 5.63494 3.58645 1.05948 8.14617 2.7621 8.62338 3.67619 7.84272 4.26386 4.59343 4.7746 5.62617 3.45419 6.69846 5.18626 4.86148 1.6568 5.11852 1.58777 4.00739 6.92693 3.52405 0.733553 1.53883 5.95857 3.75055 4.98029 2.55314 3.75661 5.35093 4.25102 3.18713 4.71485 1.77291 3.0399 7.99173 2.48622 2.10278 3.48283 
6.3529 3.48891 4.61824 4.34219 4.219 1.1967 7.31779 4.91874 1.01671 8.18648 3.6068 8.7571 4.53028 8.34086 6.32178 3.99362 5.37142 4.81664 4.36101 8.68332 7.19275 5.31588 2.78 3.27185 2.80236 4.79302 8.56861 1.79078 1.45097 3.60325 4.00346 5.58057 6.34527 4.61069 4.18417 4.30512 5.30586 1.74929 5.60089 1.57156 4.92057 8.10405 4.28253 1.41481 3.62498 
5.35381 5.48631 2.03298 1.35074 3.47311 4.04428 5.23582 2.65166 2.72635 5.32886 5.64628 5.85755 1.79368 5.3448 5.56378 1.81893 2.40169 2.89456 6.36268 7.27265 6.00513 2.32019 4.55171 3.95258 1.68181 1.9588 6.32286 2.73163 3.10345 3.87093 4.93852 4.05671 3.88703 4.16308 1.21004 2.85727 2.63463 2.15604 2.76053 1.48933 3.68409 5.2093 3.0511 4.16807 0.63561 
7.60345 5.8483 4.61064 3.68246 1.84491 3.51551 7.80082 5.21284 3.02536 6.6091 5.97245 7.23683 4.3546 7.22001 7.71447 2.28974 4.70919 2.74614 6.7297 9.70907 8.3456 4.50148 5.07666 1.39517 3.65531 4.47264 8.90126 0.651153 3.56808 5.38001 2.37588 6.4648 6.46226 6.10011 3.62491 2.09117 5.19139 0.73437 5.2331 2.2865 5.96638 6.60129 5.29054 3.76152 2.94812 
6.93785 8.24151 3.01159 1.83308 3.65453 6.72447 5.71431 3.74433 5.47899 2.59625 8.40311 3.17238 2.66492 3.10097 7.29464 1.87067 1.80427 2.03421 9.10844 8.22927 7.33382 1.44838 7.30282 5.11674 4.21578 2.41599 6.36002 4.6546 5.87133 6.36649 5.97003 5.46297 4.12098 6.30971 2.03177 2.68732 3.00816 4.20119 2.56125 4.21808 5.43503 2.52002 4.99485 6.87608 2.17276 
3.69709 8.81477 4.44846 5.58008 9.62996 9.19696 1.40812 3.87769 7.83747 7.02659 8.95806 6.95414 4.73017 5.3506 4.16886 7.57209 4.83939 8.33662 9.28421 2.68924 3.15217 5.18684 8.12754 10.4256 5.9014 4.68817 0.166433 9.14997 7.75188 6.17081 11.4106 3.34934 2.61817 5.05951 5.55874 8.7543 3.92521 8.57702 4.09674 7.28989 4.07506 6.72144 4.55774 9.14471 6.19104 
5.4052 1.94003 7.23747 7.96036 9.54652 4.47161 7.83304 6.88851 4.75682 12.1329 1.85607 12.5517 7.4391 11.554 4.97668 8.74443 8.59936 9.76402 1.21491 7.44054 6.12148 8.76567 2.66811 8.6488 5.528 7.77829 9.02668 7.18858 4.22238 3.51366 9.27175 5.99683 7.96332 4.21294 7.75423 9.43435 7.75522 7.0396 8.32166 5.8777 5.39667 11.947 5.33697 4.20201 7.58845 
5.34439 3.47546 3.57001 3.46879 4.35239 1.89447 6.21342 3.82624 0.551543 7.51117 3.62377 8.04555 3.51746 7.48362 5.35601 3.58169 4.44775 4.5507 4.37371 7.63776 6.16604 4.43938 2.59332 3.84298 1.69815 3.80296 7.46379 2.24611 1.03315 2.78627 4.70619 4.49588 5.25656 3.66104 3.29014 4.18808 4.26001 1.90444 4.59727 0.715891 3.85296 7.3967 3.20156 1.99078 2.82064 
0.3245 5.53946 3.676 5.00145 8.63496 6.45354 2.28862 2.92015 5.31159 8.28147 5.66873 8.47555 4.03972 7.07975 0.820731 6.83012 4.9155 7.84694 5.91166 2.38315 0.891964 5.24379 4.98258 8.84471 3.81687 4.25005 3.39949 7.32214 5.04533 3.04665 9.7974 1.20037 3.06349 1.85397 4.85924 7.97709 3.70126 6.81355 4.254 5.26499 1.50083 8.01341 2.17513 6.33331 5.22934 
3.38565 5.40234 0.748131 1.8932 5.55543 4.94122 3.191 0.659697 3.50629 5.74227 5.56785 6.10082 1.02694 5.05751 3.68164 3.68285 2.15523 4.69506 6.15028 5.164 3.94975 2.3927 4.50644 6.02457 1.5012 1.33843 4.36946 4.65834 3.57526 2.98613 7.00772 1.98595 2.08952 2.6643 1.73012 4.84435 1.29252 4.09238 1.828 2.78385 1.7818 5.52577 1.3333 4.95259 2.08396 
6.30354 8.60403 2.68427 2.11703 5.1 7.46612 4.64389 3.23827 6.0987 2.33 8.77001 2.67088 2.4492 1.91604 6.72298 3.18449 1.28818 3.50228 9.42119 7.23329 6.54545 1.16284 7.66838 6.46871 4.45215 2.11192 5.09755 5.80001 6.39594 6.39038 7.36098 4.84661 3.11006 6.05905 2.30315 4.13295 2.34542 5.2864 1.75841 4.91001 5.01059 2.09774 4.73296 7.57539 2.8008 
7.70393 8.03782 3.81294 2.46759 2.24722 6.16332 6.85149 4.58423 5.12001 3.5513 8.19015 4.19237 3.44653 4.45295 7.99758 0.994887 2.95435 0.600333 8.93212 9.26305 8.2157 2.6045 7.12775 3.83012 4.37539 3.30784 7.62497 3.68213 5.59433 6.57281 4.62044 6.27025 5.27 6.77127 2.60094 1.29248 4.02852 3.3455 3.71139 3.88013 6.0895 3.57806 5.54044 6.35708 2.33137 
8.57084 9.24173 4.63087 3.34013 2.96522 7.36941 7.41335 5.38677 6.33064 2.74642 9.39513 3.39366 4.27005 4.0572 8.9038 2.20737 3.50258 1.44931 10.1344 9.92831 9.00509 3.14441 8.32707 4.71666 5.4884 4.05967 8.02337 4.81226 6.80054 7.6887 5.37894 7.10513 5.82074 7.79418 3.51172 2.16933 4.69524 4.52001 4.26175 5.08587 7.01445 2.86196 6.51699 7.56616 3.39676 
1.74794 6.8 3.36752 4.69422 8.63586 7.3586 0.849588 2.62231 6.06942 7.34588 6.94058 7.45322 3.722 5.96108 2.2466 6.67255 4.30499 7.59924 7.25425 2.13153 1.49412 4.66168 6.14343 9.1348 4.26513 3.82498 1.96756 7.71763 5.91177 4.17824 10.1148 1.43544 2.07196 3.04007 4.60246 7.86366 3.1197 7.16593 3.55675 5.7264 2.14758 7.05932 2.72837 7.2797 5.12098 
7.44361 8.122 3.51518 2.19112 2.75136 6.36878 6.45899 4.28224 5.24485 3.14326 8.27818 3.77327 3.14951 3.95464 7.76032 1.2209 2.53571 1.10941 9.00935 8.91164 7.91614 2.1783 7.19806 4.29421 4.30488 2.97325 7.188 4.02603 5.69281 6.50423 5.10789 5.99013 4.86881 6.61381 2.35077 1.79011 3.66227 3.64071 3.30103 3.98399 5.86123 3.14384 5.34634 6.54811 2.21045 
6.51517 2.6432 5.43261 5.33796 5.26824 0.111803 7.83827 5.61288 1.46003 9.28154 2.73002 9.84124 5.39957 9.35412 6.39648 5.12291 6.33285 5.94515 3.45138 8.90311 7.38204 6.31229 2.16157 4.11176 3.4637 5.68987 9.12177 2.80016 1.50416 3.56867 4.69017 5.9808 7.0431 4.7125 5.16563 5.41805 6.12119 2.85601 6.48003 2.53665 5.27394 9.18882 4.70239 0.380132 4.6555 
4.43497 6.19371 0.522015 0.827647 4.78803 5.30936 3.73729 1.2912 3.87883 4.69401 6.36008 5.09502 0.170294 4.20523 4.76303 2.78772 1.15109 3.72543 6.99717 6.00471 4.92062 1.31826 5.2646 5.54049 2.05154 0.380789 4.73888 4.37156 4.09068 3.97152 6.52283 2.98181 2.28327 3.77 0.715891 3.98152 0.998499 3.79563 1.18017 2.85002 2.88257 4.49539 2.44444 5.37499 1.29418 
4.17138 3.95258 2.31614 2.60461 4.85149 3.13006 4.8341 2.4671 1.69189 6.79662 4.11767 7.26626 2.34785 6.49247 4.26644 3.48391 3.42094 4.55388 4.79452 6.37191 4.94604 3.50143 3.01281 4.80554 0.317805 2.67081 6.08148 3.26602 1.80945 2.19317 5.74669 3.16901 3.89965 2.67442 2.40085 4.41163 2.99553 2.768 3.41084 1.2088 2.57701 6.63699 1.90245 3.15336 2.1836 
4.57354 1.33963 6.13074 6.85073 8.5821 3.74021 6.88802 5.79959 3.78471 11.0212 1.3537 11.4401 6.32861 10.4519 4.19268 7.68274 7.48853 8.7153 1.20071 6.76287 5.35412 7.65371 1.75103 7.80185 4.42092 6.66805 8.11742 6.28815 3.24197 2.4129 8.48999 5.00009 6.91462 3.20128 6.64464 8.41647 6.65788 6.08823 7.22001 4.8415 4.36606 10.835 4.25819 3.48049 6.49038 
3.22845 7.93974 3.24006 4.38321 8.43496 8.11608 0.651153 2.68777 6.72815 6.2102 8.09072 6.22945 3.52206 4.66987 3.73109 6.38264 3.68908 7.17505 8.48416 3.1085 2.95801 4.04358 7.1917 9.21703 4.75988 3.48765 1.05209 7.95075 6.68144 5.27148 10.202 2.45359 1.4145 4.247 4.35587 7.56974 2.72281 7.37667 2.93212 6.11765 3.14682 5.91102 3.53239 8.0811 4.98383 
5.34899 1.24016 6.80137 7.44339 8.87521 3.77107 7.66672 6.51077 4.09871 11.6316 1.15624 12.0706 6.97923 11.1309 4.96004 8.13241 8.13396 9.13869 0.587963 7.51166 6.12052 8.28046 2.0096 7.95267 5.00609 7.31976 8.89812 6.50202 3.57113 3.1197 8.57131 5.77135 7.66187 3.972 7.23747 8.78781 7.35272 6.36692 7.90403 5.25084 5.12711 11.456 4.98658 3.50143 7.03204 
1.54693 5.93111 2.58544 3.93154 7.75765 6.35305 1.52161 1.81417 5.05107 7.0525 6.0787 7.24591 2.95178 5.86276 2.0096 5.85144 3.73109 6.82575 6.45232 2.96184 1.82989 4.07011 5.22188 8.16854 3.2522 3.11978 2.81087 6.72566 4.90486 3.27185 9.14414 0.441814 1.85076 2.21199 3.81215 7.02883 2.51098 6.18052 3.04381 4.71833 1.16842 6.78355 1.71094 6.2816 4.26649 
4.43639 7.92233 2.0301 2.70237 6.6544 7.4468 2.46246 2.00385 6.00334 4.27234 8.08616 4.39165 2.12735 2.96651 4.90597 4.5889 1.78393 5.26165 8.62681 5.06167 4.51784 2.10836 7.04762 7.66963 4.02773 1.92333 2.95296 6.60622 6.12259 5.37327 8.63656 3.10203 1.0519 4.68787 2.74855 5.73736 1.34015 6.03366 1.14061 5.08087 3.50956 3.98503 3.50755 7.47974 3.42586 
4.21001 1.58345 4.50871 5.04946 6.71029 2.40709 6.00101 4.33797 1.95256 9.2421 1.74866 9.69604 4.6476 8.82562 4.01045 5.77022 5.78683 6.80053 2.36136 6.60186 5.08025 5.91055 0.74108 6.06981 2.61725 4.98704 7.29429 4.50441 1.41905 1.24427 6.83977 4.04243 5.63415 2.43288 4.8441 6.50865 5.11189 4.24302 5.62896 2.93002 3.32024 9.07419 2.95264 2.21335 4.62611 
4.33601 4.34245 2.04414 2.21382 4.57073 3.37818 4.77582 2.30495 1.93621 6.4026 4.50699 6.87837 2.03002 6.1358 4.47166 3.11541 3.06349 4.18918 5.19018 6.46128 5.07568 3.12618 3.40165 4.65242 0.407922 2.3403 5.99361 3.16172 2.13178 2.56363 5.61239 3.22552 3.72903 2.9445 2.01159 4.08148 2.73309 2.63006 3.10664 1.16284 2.69585 6.24654 2.01943 3.42656 1.78194 
5.7969 0.396232 6.39578 6.81076 7.7345 2.47588 7.83597 6.25585 3.08415 10.9887 0.296816 11.4756 6.50862 10.6864 5.49343 7.20856 7.62481 8.16216 0.87023 8.11638 6.63718 7.7177 1.22119 6.69069 4.43244 6.84451 9.11711 5.30487 2.61457 3.04685 7.26333 5.87882 7.54973 4.15098 6.60957 7.74164 7.01573 5.2386 7.5183 4.32653 5.17151 10.8411 4.8585 2.20658 6.29554 
4.57096 8.69994 3.08084 3.83824 7.765 8.44002 2.1386 2.87091 7.00103 4.76766 8.86007 4.73608 3.22672 3.15546 5.07001 5.70404 2.89608 6.3288 9.34579 4.6245 4.43191 3.20095 7.86553 8.80539 5.00009 3.04777 2.11625 7.73196 7.07248 6.07211 9.77151 3.47282 1.50572 5.22358 3.8833 6.83656 2.4026 7.15791 2.27633 6.1486 4.03897 4.46374 4.20583 8.4537 4.56011 
4.22181 7.72865 1.89594 2.66835 6.66148 7.29747 2.30361 1.81221 5.85452 4.46179 7.89208 4.59527 2.02527 3.18291 4.68956 4.59436 1.80812 5.30374 8.42637 4.89745 4.31727 2.14805 6.85919 7.63079 3.86871 1.85011 2.87689 6.53209 5.95995 5.16841 8.60252 2.8821 0.841546 4.47111 2.69833 5.75601 1.20934 5.95749 1.10802 4.96017 3.2914 4.17732 3.2997 7.32462 3.37218 
6.83143 4.58635 4.42109 3.83256 3.10672 2.27482 7.41598 4.87911 1.83325 7.36697 4.70894 7.96465 4.24953 7.71236 6.87554 3.0625 4.89495 3.78593 5.46561 9.06565 7.62843 4.77151 3.83308 2.30185 2.96805 4.45382 8.60654 0.72111 2.36542 4.33872 3.15163 5.85642 6.25082 5.19648 3.71214 3.22816 5.07843 0.671789 5.26282 1.49803 5.26932 7.31416 4.59628 2.51177 3.07041 
2.45937 2.95083 4.106 5.07501 7.72001 4.1876 4.59308 3.64194 3.38237 9.10012 3.08099 9.45609 4.36835 8.33787 2.2064 6.35708 5.51374 7.43226 3.37018 4.82212 3.31509 5.73663 2.44902 7.42187 2.85813 4.6932 5.8423 5.82495 2.95114 0.794796 8.28205 2.69141 4.64091 0.893197 4.87693 7.31302 4.53785 5.43769 5.12509 3.89801 2.07183 8.88474 2.08062 4.0143 4.91172 
1.45602 5.73928 2.57614 3.91842 7.69661 6.18324 1.71292 1.80737 4.89262 7.13751 5.8867 7.34543 2.94279 5.98239 1.89771 5.81326 3.77041 6.80084 6.26018 3.04021 1.82989 4.10312 5.03287 8.06895 3.12285 3.12922 3.00027 6.61154 4.7357 3.08104 9.04166 0.259615 1.98215 2.02032 3.79084 6.98402 2.55327 6.07119 3.10281 4.5926 0.984784 6.87224 1.55193 6.10817 4.22096 
4.65988 6.843 0.837616 1.00802 5.04251 5.97762 3.56118 1.47679 4.55003 4.1607 7.00943 4.51811 0.629682 3.55039 5.03557 2.98304 0.576975 3.7968 7.63451 5.98645 5.04216 0.86977 5.91849 5.96735 2.71465 0.295466 4.42485 4.90245 4.76391 4.54912 6.93908 3.18234 1.9973 4.22765 1.03788 4.16829 0.736817 4.3324 0.572451 3.49693 3.22876 3.9415 2.89638 6.04644 1.71493 
5.11165 2.15335 4.38799 4.58661 5.59031 1.3297 6.5131 4.4363 0.800562 8.7259 2.30152 9.23472 4.42821 8.55102 4.99917 4.9008 5.47951 5.87241 3.05188 7.49987 5.9785 5.52856 1.2912 4.83291 2.35763 4.74858 7.80586 3.29006 0.304138 2.17904 5.58488 4.61866 5.84309 3.3097 4.3921 5.49313 5.05785 3.08759 5.49065 2.014 3.90226 8.59251 3.36364 1.23016 4.01837 
3.18779 2.61696 3.63688 4.39345 6.71626 3.26075 4.89037 3.35288 2.33754 8.53823 2.77503 8.94723 3.83275 7.96343 3.05485 5.4626 4.99316 6.53105 3.27832 5.58424 4.05908 5.16519 1.85003 6.36908 2.01162 4.17195 6.18324 4.77205 1.93507 0.26 7.22732 2.93138 4.58215 1.38235 4.18847 6.35837 4.18306 4.39393 4.73441 2.87367 2.21002 8.34641 1.88215 3.1197 4.11127 
5.71349 7.719 1.90118 1.23369 4.6513 6.58818 4.36744 2.54908 5.2118 3.11662 7.8848 3.52151 1.61988 2.78298 6.10129 2.62122 0.509902 3.18248 8.54172 6.89348 6.05 0.272029 6.78205 5.85764 3.56867 1.29769 5.03532 5.04921 5.50441 5.55042 6.7877 4.2371 2.77483 5.2951 1.41439 3.70601 1.72418 4.514 1.22483 4.03524 4.30704 2.91673 3.96234 6.69248 1.94815 
2.6706 4.9973 1.46014 2.65 6.18066 4.89612 2.93401 0.962133 3.51369 6.4461 5.15947 6.77676 1.77485 5.64989 2.93901 4.37987 2.86665 5.41248 5.68465 4.60409 3.2973 3.12712 4.14986 6.50056 1.60016 2.06865 4.19734 5.04971 3.46554 2.43378 7.47329 1.3618 2.21639 1.93871 2.48202 5.51806 1.84621 4.50521 2.43288 3.05203 1.03078 6.21908 0.614003 4.8659 2.78097 
1.9598 4.57957 2.29993 3.48786 6.86896 4.90658 2.94335 1.71143 3.63556 7.26529 4.73426 7.57608 2.62084 6.39038 2.15539 5.15057 3.69789 6.20008 5.17983 4.12273 2.69609 3.96772 3.81578 7.03363 2.00644 2.90998 4.24085 5.51609 3.45984 1.91604 7.98745 1.01833 2.68337 1.14215 3.31453 6.25953 2.6184 5.0033 3.2145 3.46225 0.326497 7.03154 0.366742 4.83037 3.56439 
6.3607 8.28803 2.5607 1.736 4.53944 7.03036 4.90494 3.20744 5.69196 2.4852 8.45308 2.93082 2.26991 2.41746 6.75457 2.61964 1.1676 2.95677 9.12415 7.4645 6.67396 0.9005 7.34804 5.90407 4.15173 1.95451 5.46978 5.26308 6.01924 6.18205 6.79488 4.88628 3.32746 5.9533 1.93659 3.57326 2.36603 4.75946 1.83044 4.47487 4.96795 2.30534 4.6205 7.15196 2.35053 
8.6226 7.82077 4.97897 3.6967 0.530848 5.58574 8.18841 5.72177 4.89948 5.14024 7.95527 5.79042 4.63435 6.17992 8.83801 1.68808 4.45587 1.14726 8.71483 10.4424 9.24658 4.13734 6.98978 2.28569 4.86121 4.59656 9.08944 2.73929 5.43401 6.92142 2.95007 7.28485 6.65956 7.39522 3.75586 0.502096 5.36004 2.66987 5.16568 3.85523 6.95484 5.21177 6.32539 5.82344 3.22926 
8.77262 8.19923 5.03718 3.7191 0.928924 6.00243 8.20478 5.7947 5.2646 4.78006 8.33665 5.43004 4.6824 5.90435 9.00961 1.73819 4.39068 0.922009 9.09563 10.519 9.36667 4.05622 7.35367 2.71649 5.09318 4.61187 9.05563 3.17591 5.79351 7.19809 3.32866 7.40293 6.65114 7.61447 3.80158 0.610082 5.3668 3.07508 5.12466 4.17594 7.11231 4.86837 6.49986 6.2361 3.33314 
7.23398 4.14309 5.25298 4.78302 3.82205 1.63248 8.09925 5.63298 1.91024 8.36373 4.24062 8.96315 5.11825 8.70028 7.21168 4.04728 5.84069 4.71246 4.97278 9.55055 8.06816 5.73614 3.5399 2.58436 3.57834 5.34835 9.3294 1.37441 2.33122 4.49588 3.20702 6.4153 7.04115 5.50142 4.65001 4.10278 5.92868 1.6289 6.16127 2.19829 5.77218 8.31293 5.12191 1.90074 4.0284 
8.19421 8.49172 4.28911 2.94771 2.22324 6.55534 7.27902 5.0598 5.56127 3.45023 8.64223 4.10005 3.92237 4.54357 8.49301 1.44534 3.35872 0.613514 9.38801 9.71817 8.69416 3.00177 7.58846 3.92594 4.87516 3.76789 8.01041 3.9702 6.04623 7.07091 4.6413 6.75444 5.69025 7.27473 3.08877 1.35518 4.47261 3.6857 4.1234 4.33555 6.58595 3.51962 6.0414 6.75794 2.83487 
2.5205 7.88923 4.6513 5.94526 9.94065 8.65047 1.50685 3.93402 7.39596 8.14039 8.01901 8.15275 4.99268 6.58046 2.92479 7.9456 5.43118 8.83247 8.25039 1.21433 1.79477 5.79173 7.30978 10.4887 5.62403 5.05475 1.57813 9.07939 7.21012 5.35284 11.4701 2.76284 3.09919 4.16965 5.87212 9.14088 4.31181 8.52658 4.66503 7.08755 3.44362 7.84125 4.06123 8.55694 6.42448 
5.50058 1.02591 6.78832 7.38355 8.6964 3.54069 7.77229 6.52805 3.94077 11.576 0.920869 12.026 6.95301 11.118 5.1261 8.0077 8.10247 9.00254 0.311448 7.69788 6.28765 8.23772 1.86531 7.73742 4.94977 7.29353 9.01574 6.30515 3.42235 3.1484 8.34001 5.85875 7.71176 4.06247 7.17814 8.63385 7.35568 6.18852 7.89821 5.11895 5.19879 11.4064 5.0226 3.27055 6.94822 
7.21366 9.58301 3.68209 3.05177 5.45279 8.35733 5.37075 4.21247 7.01942 1.37928 9.74867 1.67108 3.4489 1.24664 7.64829 3.74001 2.2879 3.78725 10.4073 7.97031 7.39757 2.13694 8.64517 6.98041 5.43394 3.11193 5.63916 6.4958 7.34064 7.39032 7.81461 5.77603 3.92094 7.04693 3.2478 4.4972 3.31006 6.01708 2.71465 5.80259 5.98021 1.11893 5.72451 8.48009 3.67793 
5.27595 2.0363 7.19156 7.94003 9.60026 4.56799 7.72094 6.82643 4.80463 12.1046 1.96306 12.5164 7.40024 11.501 4.84162 8.76269 8.56114 9.78853 1.35565 7.29 5.98228 8.73375 2.72209 8.73011 5.51262 7.73866 8.90647 7.25728 4.26691 3.46508 9.36582 5.89924 7.88054 4.12312 7.73401 9.47103 7.69896 7.09559 8.26918 5.90596 5.31008 11.9152 5.27034 4.29913 7.58322 
3.96773 1.43402 5.02802 5.72106 7.58555 3.1295 6.05913 4.73858 2.83143 9.89452 1.56387 10.3187 5.21391 9.35637 3.67614 6.58727 6.37191 7.63081 1.92585 6.30157 4.81215 6.53028 1.11288 6.94102 3.29097 5.55407 7.32713 5.38139 2.29491 1.35518 7.69604 4.11705 5.92231 2.34691 5.51494 7.36369 5.57653 5.12282 6.12824 3.7844 3.43431 9.71078 3.22967 2.90227 5.36448 
8.14205 10.0639 4.42747 3.53058 5.01294 8.6007 6.41253 5.04448 7.34635 0.726154 10.2273 1.34536 4.14162 1.9965 8.55767 3.61964 3.02076 3.36024 10.9181 9.01222 8.37929 2.77218 9.123 6.6763 5.96795 3.82426 6.71293 6.4396 7.7248 8.0424 7.42825 6.68147 4.92318 7.82177 3.73664 4.11005 4.16819 6.02322 3.59071 6.08935 6.8151 0.730274 6.48908 8.75187 4.01015 
8.06283 8.39215 4.15769 2.81619 2.25391 6.47716 7.1522 4.92842 5.466 3.43421 8.54338 4.08276 3.79095 4.48108 8.36212 1.34302 3.23415 0.60407 9.28774 9.58833 8.56272 2.87793 7.48615 3.93041 4.7537 3.63732 7.88977 3.92209 5.94713 6.95072 4.66618 6.62291 5.56421 7.14738 2.95736 1.35624 4.34356 3.622 3.99811 4.23473 6.45524 3.49242 5.9119 6.6769 2.7078 
3.55883 8.32169 3.52817 4.61785 8.66386 8.48311 0.970979 3.01617 7.08929 6.17882 8.47257 6.15832 3.792 4.57525 4.05938 6.60307 3.86291 7.36033 8.86384 3.22093 3.22964 4.21038 7.57338 9.49678 5.11258 3.73134 0.810247 8.25826 7.05127 5.6535 10.4802 2.83388 1.67631 4.62517 4.60404 7.78261 2.9731 7.68274 3.12194 6.45291 3.52881 5.87621 3.91104 8.45138 5.24605 
1.66676 3.99472 4.70608 5.86615 8.894 5.51609 4.20595 4.07967 4.71631 9.64739 4.09542 9.92948 5.02594 8.65938 1.22188 7.38017 6.09824 8.45151 4.18766 3.76808 2.37255 6.37358 3.67784 8.70959 3.93041 5.31629 5.32538 7.11587 4.29441 2.12144 9.58893 2.6284 4.71546 1.41032 5.68356 8.41072 4.97756 6.7009 5.5728 5.13491 2.30766 9.40503 2.68034 5.33279 5.84734 
1.44028 4.71454 2.70512 3.9473 7.38806 5.27273 2.73732 2.04083 4.05765 7.60529 4.86181 7.88504 3.04473 6.63429 1.64757 5.65533 4.07303 6.69915 5.24223 3.65 2.19456 4.36261 4.01908 7.54432 2.51575 3.31313 4.02045 6.01805 3.8371 2.0601 8.49462 0.788543 2.77238 1.01769 3.7816 6.77213 2.93394 5.51132 3.52854 3.96081 0.274591 7.36115 0.886397 5.17731 4.06341 
0.350143 5.05811 3.96294 5.25009 8.71532 6.15202 2.88647 3.23883 5.09848 8.7145 5.18021 8.93714 4.31724 7.57852 0.321403 6.99201 5.2716 8.03293 5.38182 2.70897 1.19218 5.58464 4.56232 8.80278 3.79289 4.55862 3.99242 7.24859 4.78235 2.68287 9.73717 1.56218 3.57022 1.52003 5.09251 8.10919 4.07708 6.76491 4.65124 5.19317 1.59524 8.454 2.21163 6.01233 5.39812 
7.14857 8.4091 3.22248 2.03541 3.60185 6.85207 5.90823 3.95506 5.62601 2.48294 8.57007 3.07748 2.87543 3.11264 7.50558 1.9078 2.00731 1.95563 9.27936 8.43007 7.54227 1.65339 7.47163 5.11258 4.40324 2.62688 6.53536 4.7161 6.0278 6.5615 5.94643 5.67353 4.31602 6.51621 2.23231 2.63883 3.21498 4.27908 2.76053 4.36194 5.64547 2.4287 5.20286 7.00904 2.3444 
6.65114 10.1473 4.08001 4.1282 7.3518 9.39417 4.31936 4.26898 7.96972 2.92159 10.3129 2.71459 4.02313 1.11973 7.13886 5.45736 3.07883 5.72114 10.8866 6.79353 6.59194 3.18 9.24672 8.74098 6.09926 3.71171 4.15394 8.0125 8.17524 7.66086 9.63382 5.39713 3.31042 7.01128 4.2707 6.38424 3.45254 7.47819 2.96233 6.88523 5.83275 2.62269 5.81124 9.46618 4.88296 
3.01798 6.08905 1.04695 2.38466 6.32367 5.85888 2.26055 0.328024 4.43677 5.64235 6.25135 5.90745 1.40577 4.6708 3.4127 4.35139 2.18673 5.29029 6.77342 4.43695 3.40019 2.51448 5.23622 6.92527 2.43647 1.55029 3.40544 5.60247 4.4601 3.51241 7.91094 1.54208 1.16004 2.86484 2.28353 5.54239 0.982344 5.03182 1.56371 3.75311 1.72534 5.39189 1.64514 5.85342 2.8068 
1.9145 6.1919 2.36783 3.70946 7.60945 6.48501 1.31034 1.60639 5.14636 6.70075 6.34275 6.8832 2.72971 5.48942 2.38403 5.66499 3.43286 6.61445 6.74259 3.11849 2.12038 3.77895 5.45235 8.09973 3.27391 2.867 2.6064 6.69341 5.03796 3.52393 9.08058 0.718679 1.47492 2.5173 3.60436 6.85169 2.21578 6.13815 2.72413 4.72128 1.39918 6.42893 1.83967 6.428 4.09898 
6.34039 8.01424 2.45752 1.46455 4.17824 6.68768 5.03549 3.1552 5.36792 2.73035 8.17847 3.22126 2.13506 2.80209 6.71488 2.23394 1.15156 2.62528 8.86086 7.56229 6.70191 0.812219 7.0732 5.51776 3.90155 1.84816 5.67723 4.87453 5.71253 5.98248 6.41363 4.86277 3.44363 5.82344 1.67027 3.21503 2.37034 4.37425 1.89264 4.13697 4.8871 2.58031 4.49444 6.81601 2.01445 
2.71811 3.24099 3.12746 4.00706 6.68225 3.73751 4.27263 2.77627 2.64518 8.08883 3.39796 8.47222 3.3565 7.43178 2.66248 5.26662 4.51505 6.34215 3.88012 5.09574 3.57844 4.7139 2.4713 6.50364 1.76819 3.69043 5.56756 4.91636 2.33431 0.615873 7.40142 2.317 3.96679 0.95268 3.80623 6.24003 3.6327 4.48385 4.19963 2.91254 1.59201 7.8848 1.26649 3.62353 3.81874 
5.61036 0.3 6.38412 6.85511 7.92152 2.71312 7.70658 6.20948 3.21885 11.0426 0.134536 11.5184 6.51261 10.6927 5.29139 7.33057 7.64105 8.30042 0.642884 7.9094 6.44168 7.74706 1.23988 6.91876 4.45202 6.85064 8.98074 5.50805 2.72635 2.93586 7.51033 5.75522 7.47659 4.0032 6.65217 7.89962 6.99031 5.41839 7.50539 4.4406 5.05693 10.888 4.77766 2.44295 6.36497 
3.36774 2.6315 3.52605 4.22096 6.46409 3.07093 4.9597 3.2931 2.09404 8.38439 2.7938 8.80555 3.70239 7.85621 3.26055 5.23401 4.85931 6.29982 3.34283 5.75925 4.23608 5.01758 1.80602 6.11278 1.81177 4.04278 6.2562 4.51577 1.7112 0.515461 6.97316 3.00927 4.56773 1.56474 4.0152 6.11572 4.09718 4.13687 4.63527 2.61926 2.28265 8.19856 1.88404 2.94354 3.90902 
7.79251 10.1705 4.29005 3.62464 5.70307 8.89101 5.87725 4.81633 7.57248 0.830963 10.3359 1.06405 4.05453 1.16043 8.23284 4.128 2.89386 4.03339 10.9999 8.47092 7.95179 2.73123 9.23148 7.30463 6.02536 3.71828 6.05851 6.92558 7.90745 7.9962 8.10015 6.36398 4.47098 7.65355 3.82404 4.76954 3.91234 6.46871 3.31605 6.34255 6.58187 0.539351 6.33199 9.02158 4.2203 
2.77094 2.86667 5.07117 6.06245 8.61594 4.64999 5.19665 4.56847 4.09238 10.0689 2.95576 10.4125 5.34342 9.25709 2.37002 7.32069 6.48189 8.39443 3.01684 4.93883 3.53035 6.7128 2.68002 8.20498 3.82624 5.6646 6.38063 6.61238 3.60272 1.66148 9.02594 3.41849 5.46059 1.72586 5.86464 8.24972 5.47234 6.2671 6.06486 4.77008 2.89836 9.84891 3.02248 4.43813 5.89415 
6.18231 7.19462 2.25887 0.930054 3.40476 5.72239 5.29707 3.02853 4.44658 3.60839 7.35621 4.15326 1.89235 3.82099 6.50001 1.35152 1.47139 2.06155 8.06208 7.69437 6.66352 1.1625 6.25601 4.5853 3.19024 1.73925 6.12374 3.86063 4.82888 5.36345 5.51163 4.73092 3.727 5.38855 1.09659 2.48244 2.46483 3.35529 2.19272 3.1924 4.60352 3.50156 4.10265 5.86369 1.1261 
3.95904 8.49779 3.34767 4.32925 8.34819 8.49779 1.39703 2.93833 7.08097 5.64564 8.65268 5.61471 3.57239 4.02892 4.4623 6.2814 3.49794 6.98961 9.08116 3.76666 3.70407 3.83343 7.71379 9.26397 5.08159 3.46716 1.25873 8.08607 7.08495 5.83332 10.2426 3.07002 1.51529 4.86815 4.3372 7.4464 2.73386 7.5091 2.7883 6.35814 3.724 5.34214 4.02523 8.48343 4.99785 
1.25208 6.48205 4.89118 6.23491 9.95978 7.6719 2.64756 4.12069 6.59897 9.20644 6.59294 9.32826 5.25792 7.83932 1.39463 8.1185 6.02439 9.11546 6.7134 1.24338 0.487647 6.36962 6.0495 10.1898 5.16168 5.43203 3.33594 8.66413 6.2973 4.20006 11.1416 2.45082 3.91602 3.03872 6.10737 9.27958 4.80651 8.15805 5.31034 6.606 2.84522 8.92328 3.52037 7.5316 6.52063 
5.34986 1.80136 4.82685 5.032 5.8818 1.14022 6.87026 4.85477 1.16829 9.16457 1.9383 9.67678 4.87247 8.99822 5.20074 5.29432 5.92663 6.24605 2.69704 7.74623 6.22113 5.97537 1.04077 5.01049 2.79686 5.19394 8.16624 3.51518 0.743303 2.37154 5.70919 4.95298 6.25218 3.54431 4.83803 5.83768 5.49343 3.3736 5.93255 2.42244 4.22985 9.03368 3.72372 0.964002 4.45638 
6.08679 8.51049 2.53269 2.08734 5.25951 7.44108 4.39851 3.05188 6.05773 2.5224 8.67674 2.82482 2.32142 1.93132 6.51154 3.30796 1.17004 3.68348 9.3179 6.98937 6.31478 1.11328 7.5781 6.58673 4.36023 1.98116 4.85224 5.86451 6.33704 6.25353 7.49147 4.6359 2.87028 5.88647 2.26241 4.29471 2.15114 5.34004 1.55756 4.88993 4.82104 2.2766 4.56571 7.54221 2.80252 
3.41211 8.79292 5.32139 6.56458 10.6011 9.5374 2.07711 4.64583 8.26453 8.34938 8.9218 8.29154 5.64416 6.69 3.79581 8.57336 5.94401 9.41013 9.14342 1.61208 2.64382 6.30134 8.2157 11.2397 6.45143 5.66499 1.48003 9.86732 8.0939 6.25793 12.2243 3.62708 3.62215 5.07561 6.51202 9.76771 4.90368 9.30701 5.18059 7.90395 4.32394 8.04504 4.92392 9.44874 7.09965 
7.01171 8.62727 3.1456 2.11454 4.1331 7.18946 5.6035 3.83444 5.91486 2.13902 8.79036 2.68777 2.82455 2.58954 7.39304 2.39134 1.80801 2.48566 9.48395 8.161 7.35033 1.48852 7.68651 5.62883 4.54622 2.53569 6.15325 5.172 6.28758 6.65361 6.47191 5.53445 4.02492 6.51234 2.32034 3.16951 3.02597 4.71259 2.51287 4.66259 5.57391 2.03494 5.18376 7.33328 2.57235 
7.07939 6.68342 3.48862 2.27969 1.80278 4.71653 6.72646 4.21246 3.74039 4.88112 6.83059 5.50113 3.1594 5.48365 7.29836 0.541295 3.18663 1.34239 7.5819 8.92059 7.70637 2.92058 5.796 2.80203 3.36095 3.16787 7.69344 2.28064 4.24062 5.48403 3.73048 5.74616 5.24047 5.88215 2.29993 1.12539 3.93215 1.89789 3.82413 2.55002 5.41202 4.86079 4.78578 4.91664 1.71421 
7.01852 4.66974 4.60245 3.98848 3.05565 2.30358 7.60664 5.06717 1.97497 7.46175 4.78807 8.0648 4.42579 7.84333 7.05899 3.13955 5.05146 3.81935 5.542 9.25635 7.8174 4.92 3.93926 2.15379 3.15991 4.62502 8.79529 0.61 2.4993 4.50498 2.98236 6.04822 6.43544 5.37663 3.87284 3.23489 5.25681 0.720694 5.43244 1.69009 5.45976 7.41569 4.78712 2.55 3.22448 
2.52286 7.8613 5.52598 6.85697 10.7724 8.94739 2.58559 4.77177 7.80016 9.27552 7.97458 9.30072 5.88292 7.73301 2.76371 8.82916 6.44186 9.76243 8.10088 0.151327 1.65109 6.80109 7.40072 11.179 6.19621 5.98785 2.68477 9.70532 7.54181 5.51014 12.1494 3.32256 4.14132 4.32501 6.76237 10.0176 5.27492 9.17306 5.68304 7.66587 3.89166 8.97805 4.56111 8.8222 7.26529 
1.17068 5.36537 2.77088 4.09161 7.75126 5.93001 2.09614 2.02299 4.6854 7.47222 5.50989 7.70092 3.13313 6.36529 1.55769 5.92457 4.041 6.93753 5.86298 3.08561 1.72662 4.36111 4.6871 8.02813 3.023 3.35215 3.36537 6.53521 4.48894 2.72413 8.99161 0.319531 2.38533 1.62099 3.94849 7.0772 2.83854 6.0096 3.4093 4.49138 0.729452 7.21268 1.38708 5.84045 4.32412 
3.94645 1.50233 5.294 6.03464 7.95661 3.44384 6.14664 4.96541 3.20056 10.1956 1.60353 10.6089 5.49477 9.61456 3.61643 6.94424 6.65523 7.99113 1.81463 6.23339 4.76934 6.82493 1.39789 7.30505 3.61471 5.83384 7.3979 5.74891 2.66271 1.5761 8.05255 4.2283 6.10079 2.43298 5.82879 7.73068 5.82104 5.49364 6.38264 4.15217 3.57123 10.0064 3.43001 3.20765 5.69956 
8.83779 6.53319 5.89216 4.91041 1.8918 4.03435 9.08944 6.50145 3.95763 7.40806 6.63597 8.05315 5.62748 8.22614 8.9244 3.27819 5.9077 3.37871 7.37277 10.9791 9.59747 5.67208 5.87167 0.182483 4.89585 5.72986 10.1841 1.43736 4.47826 6.46703 1.09124 7.7361 7.7401 7.27633 4.87003 2.6288 6.46026 1.89992 6.47207 3.47052 7.21782 7.44361 6.54011 4.30249 4.19869 
5.12299 2.02388 7.06403 7.82643 9.53935 4.54943 7.56963 6.69128 4.74102 11.9858 1.96229 12.3938 7.27633 11.3695 4.68876 8.6743 8.43736 9.70447 1.39943 7.14006 5.82979 8.61335 2.66721 8.69419 5.40285 7.61426 8.75403 7.21017 4.20115 3.33781 9.34234 5.75128 7.73701 3.9778 7.62053 9.3963 7.56631 7.03739 8.13823 5.82603 5.16558 11.7945 5.13355 4.28165 7.4791 
3.98001 3.70826 2.46678 2.864 5.12665 3.06193 4.79752 2.53 1.65197 7.05694 3.87413 7.51647 2.53584 6.70436 4.04851 3.7844 3.6393 4.85387 4.53719 6.22448 4.77514 3.73894 2.77253 5.01941 0.447772 2.86714 6.06278 3.45905 1.67863 1.89391 5.94786 3.0593 3.95457 2.42297 2.65876 4.70425 3.13115 2.98297 3.57912 1.40545 2.42909 6.89141 1.76816 3.06 2.4733 
2.41919 3.45584 5.21047 6.29019 9.05281 5.24605 4.95082 4.63962 4.62949 10.1948 3.53747 10.5057 5.5084 9.28367 1.9654 7.66776 6.6188 8.74339 3.54109 4.4438 3.10097 6.87329 3.28805 8.7184 4.17153 5.81588 6.078 7.12215 4.15637 2.10459 9.55804 3.30619 5.38882 1.81747 6.09861 8.64083 5.54596 6.75314 6.14271 5.22556 2.89401 9.96249 3.14992 5.03817 6.18967 
6.29586 7.95033 2.40601 1.40121 4.15326 6.62541 5.01243 3.1085 5.3045 2.79415 8.11454 3.28518 2.08082 2.8558 6.66802 2.19641 1.11544 2.61197 8.79714 7.53329 6.66331 0.770065 7.00928 5.47892 3.83839 1.79739 5.66719 4.823 5.64862 5.92157 6.37838 4.81834 3.41949 5.76771 1.60702 3.19169 2.33174 4.32046 1.86344 4.07424 4.83628 2.64433 4.43938 6.75326 1.95133 
7.07543 9.26094 3.43447 2.71221 5.0852 7.99012 5.34842 4.00975 6.66321 1.56416 9.42618 1.96023 3.178 1.62262 7.497 3.35024 2.02467 3.42486 10.0933 7.94645 7.303 1.83251 8.32145 6.59628 5.11907 2.84691 5.70601 6.10501 6.99514 7.11551 7.43683 5.62072 3.84749 6.82069 2.91204 4.12585 3.1197 5.62776 2.53332 5.43813 5.7825 1.35093 5.49154 8.11696 3.314 
9.53429 7.83036 6.1664 4.98046 1.0139 5.38075 9.41153 6.8642 5.09004 6.62599 7.94346 7.27585 5.84898 7.70602 9.68593 3.03872 5.84604 2.67328 8.69188 11.5222 10.2306 5.55044 7.1071 1.26246 5.61587 5.86905 10.3948 2.56127 5.63014 7.44968 1.53052 8.29807 7.94096 8.1185 4.99949 1.98154 6.63272 2.81397 6.51463 4.33537 7.87147 6.71316 7.20781 5.64416 4.38854 
6.02818 2.69136 4.83343 4.76828 5.01642 0.592284 7.26416 5.01519 0.860233 8.76097 2.80708 9.31011 4.80426 8.78451 5.93877 4.67398 5.75129 5.54917 3.56046 8.40374 6.88896 5.7406 2.022 4.0415 2.86505 5.09742 8.54347 2.59044 0.976524 3.13313 4.72356 5.42698 6.44615 4.2371 4.59191 5.07001 5.52175 2.53126 5.88467 1.9773 4.72848 8.65888 4.13978 0.707248 4.10202 
4.89495 1.22776 6.39728 7.08179 8.68289 3.71941 7.20822 6.0852 3.88567 11.2618 1.20354 11.6898 6.58593 10.7235 4.51134 7.85064 7.74398 8.87246 0.91 7.07494 5.67255 7.90069 1.80878 7.84143 4.64617 6.92605 8.43922 6.35232 3.34712 2.69364 8.5012 5.3158 7.21803 3.5165 6.87564 8.5508 6.936 6.17985 7.49323 4.98784 4.67616 11.0804 4.55159 3.45407 6.69813 
8.57744 8.64256 4.69553 3.3497 1.93373 6.61211 7.72189 5.46682 5.69818 3.76279 8.78929 4.41236 4.32926 4.95162 8.86351 1.66628 3.80848 0.617171 9.54114 10.1449 9.09709 3.45313 7.7547 3.69628 5.15885 4.19005 8.46653 3.92046 6.20003 7.34121 4.34663 7.14919 6.13583 7.60107 3.47937 1.19708 4.90609 3.6985 4.57131 4.50494 6.95423 3.85852 6.39226 6.82643 3.17002 
7.37526 5.68567 4.4071 3.51027 1.99223 3.39401 7.58752 4.99986 2.83487 6.55485 5.81285 7.17681 4.15769 7.11254 7.48642 2.21712 4.54674 2.76004 6.57141 9.48363 8.11808 4.34994 4.89908 1.61839 3.4271 4.28476 8.69542 0.617171 3.37818 5.16178 2.59586 6.23944 6.26077 5.87371 3.44472 2.14255 4.99632 0.530848 5.0531 2.06184 5.73873 6.5368 5.06274 3.63369 2.76697 
7.54658 8.79957 3.62891 2.45326 3.64589 7.19234 6.24123 4.35409 5.99341 2.20127 8.95978 2.82349 3.28525 3.06426 7.90911 2.14105 2.37683 1.97517 9.67331 8.78259 7.92495 2.03089 7.86375 5.24077 4.81399 3.02914 6.81754 4.96058 6.40645 6.97685 6.03432 6.0701 4.65465 6.93311 2.65002 2.70407 3.59356 4.55141 3.11565 4.72712 6.05529 2.18979 5.61843 7.35658 2.74401 
5.23902 0.463249 5.68032 6.11249 7.23205 2.17007 7.18226 5.54484 2.48676 10.2969 0.618466 10.7771 5.79494 9.97361 4.97178 6.58593 6.91434 7.5635 1.36077 7.59581 6.0948 7.01208 0.506063 6.30864 3.72216 6.1313 8.47009 4.84982 1.98252 2.39 6.9527 5.22215 6.84923 3.53386 5.91026 7.17753 6.30058 4.72403 6.80283 3.6946 4.50694 10.1448 4.1656 1.90625 5.61471 
6.32529 4.57369 3.80757 3.25055 3.14033 2.48966 6.81836 4.27183 1.65952 6.91903 4.71004 7.50163 3.63804 7.17591 6.39708 2.69409 4.31005 3.53736 5.46923 8.5215 7.10444 4.2022 3.74594 2.68062 2.41299 3.84704 8.00083 1.10941 2.20045 3.97519 3.59806 5.29646 5.63847 4.74529 3.1216 3.07353 4.46561 0.677422 4.65756 0.95 4.73241 6.84896 4.05554 2.69002 2.49451 
8.48109 8.54537 4.60339 3.25725 1.90444 6.52313 7.63992 5.37462 5.60161 3.77584 8.69239 4.42598 4.23732 4.93207 8.76567 1.56438 3.73097 0.519711 9.44386 10.0568 9.0037 3.37682 7.6564 3.65422 5.05693 4.10162 8.39324 3.84401 6.10236 7.23923 4.32227 7.05459 6.05538 7.50015 3.38497 1.13146 4.82084 3.61332 4.49245 4.40596 6.8563 3.86381 6.29287 6.73625 3.07015 
7.59714 5.56651 4.77462 3.92613 2.18057 3.18311 7.92335 5.34008 2.814 6.9814 5.68536 7.60606 4.53944 7.55265 7.68294 2.64955 4.96956 3.13696 6.43939 9.75263 8.36086 4.77984 4.82495 1.38654 3.65843 4.68108 9.05272 0.291548 3.35121 5.25681 2.32263 6.51261 6.63031 6.03887 3.8524 2.48032 5.38005 0.662193 5.4588 2.2291 5.98205 6.96781 5.30407 3.43546 3.17515 
8.56743 9.75779 4.66444 3.49521 3.87872 8.0323 7.15101 5.37941 6.90254 1.83183 9.91583 2.47631 4.32468 3.264 8.93823 2.86323 3.37214 2.30419 10.6396 9.72141 8.92002 3.03949 8.8276 5.61424 5.83082 4.06075 7.62685 5.60423 7.34048 8.0059 6.29579 7.08986 5.58335 7.97709 3.69034 3.04795 4.59213 5.26339 4.08354 5.63841 7.09355 1.96703 6.66219 8.21299 3.74214 
6.43183 6.82879 2.63519 1.3288 2.73651 5.16149 5.82163 3.39466 3.97434 4.17698 6.98588 4.76001 2.2809 4.55633 6.70322 0.680074 2.16363 1.64575 7.71415 8.11775 6.98891 1.8918 5.90235 3.82415 3.0412 2.22847 6.73146 3.11849 4.40729 5.24135 4.75893 5.02829 4.29337 5.43625 1.39979 1.87489 2.99201 2.6341 2.82604 2.70823 4.79401 4.10775 4.22303 5.32443 1 
8.19103 7.06162 4.74014 3.55519 0.661211 4.79401 7.98447 5.44507 4.16222 5.6598 7.1929 6.30492 4.42052 6.52343 8.37055 1.65922 4.44596 1.63573 7.95238 10.1237 8.86093 4.16416 6.24833 1.71003 4.32685 4.44119 8.96702 1.94126 4.70197 6.29973 2.54443 6.91462 6.51246 6.85937 3.5709 0.89493 5.20433 1.8941 5.09761 3.19014 6.52175 5.69689 5.86963 5.03433 2.9615 
6.19427 1.99211 7.78067 8.40472 9.6576 4.40596 8.57961 7.48898 4.93782 12.596 1.85521 13.041 7.95594 12.1105 5.77721 9.02447 9.10926 10.0118 1.09563 8.26267 6.92807 9.25139 2.88125 8.62277 5.96905 8.29652 9.79201 7.2384 4.42883 4.09715 9.17236 6.7088 8.62682 4.91171 8.1991 9.62761 8.33265 7.15455 8.88401 6.1336 6.0799 12.4239 5.96008 4.13793 7.97424 
2.75182 7.60697 3.2956 4.5209 8.56148 7.91885 0.165529 2.66017 6.55916 6.62873 7.75444 6.67384 3.60867 5.13055 3.25263 6.52963 3.92231 7.37024 8.11873 2.67316 2.45601 4.28193 6.89 9.25216 4.63121 3.62112 1.15918 7.93102 6.47446 4.94632 10.2381 2.11237 1.58777 3.8766 4.47135 7.72373 2.85953 7.36196 3.15571 6.0353 2.83 6.33265 3.28469 7.86857 5.06928 
4.78239 5.92171 1.07517 0.65 4.22995 4.82734 4.32005 1.7853 3.42257 4.83713 6.08691 5.29744 0.790759 4.57109 5.06504 2.29314 1.51529 3.29674 6.75794 6.50249 5.33991 1.54185 4.98218 4.91639 1.79011 0.951262 5.35523 3.74363 3.69437 3.89976 5.9 3.37771 2.90413 3.89104 0.444072 3.46944 1.6289 3.16836 1.76082 2.30957 3.15634 4.67052 2.61843 4.91424 0.713442 
5.87072 6.67942 2.0204 0.698928 3.36043 5.22352 5.19199 2.78627 3.93395 4.11993 6.8408 4.65649 1.66111 4.24675 6.16235 1.31015 1.59314 2.22991 7.54836 7.50309 6.40052 1.36795 5.74126 4.359 2.7012 1.59841 6.10578 3.49125 4.31259 4.88857 5.31338 4.44622 3.66442 4.97315 0.784347 2.5046 2.36205 2.96015 2.21461 2.68405 4.2547 4.00622 3.71594 5.35965 0.614003 
9.08643 11.5784 5.69425 5.02573 6.63061 10.2387 7.01157 6.1933 8.94665 0.974936 11.7435 0.363593 5.46619 1.79627 9.54147 5.3104 4.30516 5.00682 12.4112 9.56747 9.18101 4.14483 10.6386 8.33292 7.43673 5.1289 7.00183 8.13042 9.29665 9.4074 9.05055 7.68767 5.71749 9.03974 5.22717 5.75921 5.28644 7.71001 4.69001 7.70377 7.94739 1.01533 7.7249 10.3793 5.59204 
1.73738 3.75183 4.43847 5.56619 8.53584 5.17633 4.18344 3.84147 4.3527 9.40592 3.86172 9.70512 4.74853 8.46832 1.36066 7.04256 5.84042 8.11555 4.0105 3.97281 2.52052 6.10571 3.37682 8.34197 3.57946 5.04723 5.35045 6.74818 3.93634 1.75866 9.22139 2.48823 4.56898 1.08342 5.38015 8.06257 4.74575 6.33404 5.34248 4.7692 2.08291 9.16922 2.39069 4.99866 5.52161 
3.65465 2.37403 3.73591 4.35597 6.40038 2.78787 5.26302 3.54493 1.89172 8.53756 2.53837 8.97341 3.89185 8.06179 3.52953 5.25929 5.04148 6.31589 3.12021 6.04928 4.52482 5.18333 1.5199 5.96846 1.922 4.23232 6.55986 4.37321 1.46649 0.717008 6.80842 3.31423 4.84366 1.84878 4.14982 6.09606 4.32723 4.02349 4.85268 2.55125 2.58745 8.35945 2.17329 2.65187 3.99645 
9.48574 11.8028 6.00424 5.24904 6.53491 10.3741 7.45952 6.53809 9.115 1.06212 11.967 0.696419 5.75701 2.2702 9.93385 5.35182 4.6 4.95066 12.6473 10.026 9.60565 4.41022 10.8618 8.27048 7.67918 5.42409 7.48011 8.16356 9.48538 9.69561 8.94882 8.071 6.13209 9.37469 5.45345 5.69973 5.63368 7.76846 5.03716 7.86043 8.30259 1.22919 8.05166 10.5251 5.77031 
3.86518 5.89909 0.187883 1.39169 5.26165 5.24527 3.30238 0.75591 3.80185 5.15644 6.06531 5.52074 0.451221 4.514 4.19386 3.30394 1.56984 4.27095 6.67037 5.48001 4.36152 1.80754 4.98688 5.89485 1.8457 0.751798 4.38292 4.62819 3.94057 3.54993 6.8807 2.41549 1.96787 3.2484 1.25877 4.49013 0.863713 4.05228 1.31034 2.91431 2.3197 4.94171 1.91596 5.28266 1.74485 
4.36807 3.69931 2.65023 2.86447 4.80926 2.79007 5.14615 2.80503 1.35237 7.04569 3.8629 7.52916 2.66908 6.79342 4.42986 3.57351 3.72086 4.63087 4.55748 6.61281 5.16462 3.78423 2.7583 4.64215 0.653758 2.9869 6.40125 3.07514 1.48314 2.16037 5.56515 3.43863 4.23728 2.78771 2.664 4.43393 3.33191 2.60864 3.73805 1.02956 2.81656 6.89479 2.15232 2.81498 2.3817 
4.20743 8.06387 2.38902 3.2067 7.19095 7.75016 2.02094 2.19347 6.3102 4.68837 8.22541 4.75189 2.54568 3.24834 4.69421 5.12411 2.32639 5.81172 8.7308 4.61391 4.19304 2.65663 7.21568 8.16919 4.31116 2.38447 2.40601 7.06208 6.38882 5.45858 9.14104 2.97834 0.906973 4.67059 3.23633 6.27968 1.71479 6.48676 1.64502 5.45642 3.48076 4.39318 3.58469 7.7666 3.90948 
1.98927 5.84788 2.05448 3.40035 7.23802 6.0636 1.72699 1.2832 4.71692 6.61272 6.00167 6.8344 2.42099 5.50071 2.41357 5.32203 3.22893 6.2942 6.43001 3.47817 2.35468 3.56202 5.08348 7.68731 2.84004 2.59515 3.01629 6.26911 4.61806 3.18101 8.66645 0.552268 1.54935 2.24964 3.28056 6.5013 2.01206 5.71638 2.56535 4.28957 1.07564 6.35066 1.43014 6.0114 3.74012 
4.59848 8.39324 2.59278 3.26497 7.17631 7.99811 2.36324 2.49098 6.55516 4.37018 8.55575 4.40438 2.70296 2.87837 5.08587 5.11601 2.30868 5.74256 9.07415 4.93875 4.57083 2.61197 7.53383 8.22982 4.56844 2.5 2.59946 7.18154 6.65824 5.80582 9.19326 3.3661 1.2855 5.04406 3.31851 6.2476 1.90379 6.60946 1.71026 5.65194 3.85479 4.07123 3.93137 8.02477 3.99626 
3.42987 8.82721 5.79959 7.07664 11.0901 9.74118 2.59062 5.09284 8.51848 9.00047 8.94787 8.95045 6.13514 7.35033 3.74712 9.0824 6.50839 9.94816 9.11554 1.2516 2.58954 6.86781 8.30924 11.6553 6.77975 6.18081 2.14084 10.2441 8.30976 6.37577 12.6369 3.90366 4.17388 5.18325 7.01157 10.2781 5.42778 9.69236 5.74193 8.24621 4.56186 8.69663 5.19755 9.63583 7.57644 
5.44945 6.62341 1.55081 0.206155 3.85716 5.34619 4.69572 2.32157 3.99472 4.12083 6.78735 4.61213 1.18596 4.03441 5.76056 1.80801 1.17154 2.70024 7.47415 7.02488 5.95063 1.0224 5.6823 4.80775 2.53403 1.10114 5.60932 3.84877 4.32391 4.67124 5.77146 4.00671 3.16635 4.65192 0.353553 3.00167 1.864 3.29686 1.73358 2.78928 3.86157 3.97316 3.36048 5.46059 0.687314 
2.06475 7.45716 4.58416 5.90745 9.85114 8.31024 1.64076 3.83888 7.09172 8.34748 7.58359 8.39477 4.93753 6.84446 2.44739 7.88926 5.47671 8.81069 7.79468 0.962549 1.30419 5.83606 6.90509 10.3178 5.38563 5.03245 2.01137 8.87433 6.87879 4.95976 11.2944 2.49804 3.178 3.7692 5.81836 9.08067 4.31351 8.33092 4.71765 6.85624 3.13704 8.05238 3.78208 8.20603 6.33726 
5.91365 1.65747 7.42344 8.04406 9.33306 4.11468 8.26904 7.13816 4.59654 12.2353 1.52882 12.6806 7.59693 11.7535 5.50818 8.67385 8.74973 9.66535 0.774661 8.02378 6.66432 8.89103 2.53032 8.32839 5.60836 7.93751 9.49097 6.92458 4.08306 3.74733 8.89855 6.38521 8.2873 4.58628 7.83843 9.28872 7.9785 6.82736 8.52812 5.78402 5.7477 12.0632 5.61405 3.84526 7.61506 
1.03247 5.81661 4.96364 6.28325 9.8355 7.16369 3.18636 4.21001 6.18053 9.52773 5.9198 9.69558 5.32635 8.25655 0.876185 8.08084 6.20184 9.10983 6.00122 1.97162 0.883912 6.53226 5.44538 9.93275 4.92416 5.54 4.0202 8.37511 5.83487 3.67984 10.8647 2.49002 4.26011 2.58521 6.13668 9.21215 4.98514 7.89487 5.52965 6.32155 2.69091 9.25409 3.33114 7.006 6.48171 
4.36111 1.3 4.79877 5.33889 6.92012 2.41599 6.23039 4.6185 2.13396 9.53184 1.46414 9.98722 4.93936 9.11704 4.13342 6.02983 6.07889 7.05312 2.06932 6.74266 5.22708 6.2022 0.528867 6.22097 2.90814 5.27887 7.52033 4.67181 1.59154 1.4442 6.96605 4.27019 5.90263 2.61228 5.13367 6.74501 5.39894 4.43717 5.91849 3.17233 3.55276 9.36483 3.21279 2.2 4.9082 
6.67032 4.12074 4.54591 4.0896 3.59001 1.78631 7.4254 4.93812 1.47679 7.76379 4.23962 8.35154 4.40967 8.03299 6.68061 3.49468 5.14389 4.25688 4.99418 8.95275 7.48866 5.04896 3.39426 2.6747 2.91606 4.64091 8.64521 1.15918 1.98285 4.05191 3.45701 5.78206 6.34054 4.98121 3.95182 3.71259 5.22061 1.15109 5.4539 1.50053 5.15986 7.69931 4.4981 2.02319 3.34055 
3.47669 6.27797 0.672086 1.96474 5.95671 5.86001 2.57389 0.382099 4.42137 5.21311 6.44238 5.49825 1.0017 4.31449 3.86581 3.95548 1.72818 4.86925 6.99771 4.85721 3.85592 2.05412 5.39796 6.64212 2.42033 1.10354 3.63167 5.37819 4.50059 3.76948 7.62775 1.9997 1.2256 3.22672 1.88162 5.15031 0.541295 4.80267 1.13649 3.62229 2.12941 4.96855 1.94517 5.87576 2.44935 
7.89915 5.68016 5.11077 4.25353 2.20057 3.23827 8.25671 5.67441 3.01231 7.22104 5.79231 7.85107 4.87509 7.84006 7.97492 2.90993 5.29306 3.31483 6.5405 10.0699 8.67001 5.09722 4.97402 1.12361 3.96869 5.01483 9.38836 0.475395 3.54045 5.50553 2.0204 6.83237 6.96646 6.31932 4.18306 2.62393 5.7156 0.982904 5.79035 2.52414 6.29289 7.21738 5.61493 3.49894 3.50545 
6.26863 9.74483 3.68456 3.79005 7.14496 9.0214 3.97839 3.86167 7.59276 3.0399 9.91026 2.9144 3.63891 1.31 6.75368 5.20835 2.73183 5.5373 10.4812 6.48753 6.23213 2.86009 8.84634 8.48482 5.70811 3.33318 3.90001 7.70592 7.78904 7.25339 9.39202 4.99917 2.91431 6.6048 3.92413 6.17778 3.05039 7.16434 2.57093 6.5243 5.42738 2.73485 5.4032 9.08886 4.55054 
3.81084 8.92574 4.51807 5.63565 9.68345 9.2965 1.51083 3.95804 7.93374 7.01168 9.06927 6.92885 4.79505 5.32339 4.28215 7.62342 4.88001 8.378 9.39698 2.77189 3.26221 5.22533 8.23622 10.4944 5.9928 4.74621 0.228254 9.2274 7.8521 6.28039 11.479 3.45701 2.68019 5.17119 5.61792 8.80329 3.98493 8.65384 4.14209 7.37594 4.18226 6.70621 4.66004 9.24582 6.25412 
6.99923 8.54895 3.11662 2.05251 4.02892 7.09358 5.62925 3.81589 5.8252 2.22991 8.71174 2.78643 2.78948 2.69833 7.37553 2.2814 1.801 2.38516 9.40796 8.17898 7.35011 1.47105 7.60848 5.5196 4.47833 2.50799 6.19965 5.06357 6.20223 6.59591 6.36419 5.52161 4.04605 6.47244 2.25763 3.06452 3.02106 4.60576 2.52052 4.57073 5.54691 2.13338 5.14596 7.23915 2.48823 
8.032 4.33632 6.22676 5.75022 4.34166 1.86625 9.02849 6.59078 2.69007 9.23108 4.4013 9.84199 6.09533 9.63929 7.97075 4.89124 6.81007 5.45047 5.07579 10.3823 8.88169 6.69718 3.91847 2.79946 4.50644 6.32558 10.2708 2.08866 3.00588 5.18453 3.136 7.2991 8.00538 6.26125 5.62108 4.78461 6.9041 2.4891 7.13846 3.16509 6.63461 9.19533 6.00074 2.11568 4.99196 
2.46205 6.88745 2.49616 3.77562 7.78522 7.08071 0.77201 1.81893 5.7088 6.32811 7.03967 6.45459 2.82908 4.99385 2.95652 5.77817 3.30092 6.66382 7.44831 3.12621 2.45491 3.66012 6.13241 8.41716 3.77 2.88487 2.00202 7.07723 5.6405 4.21883 9.40268 1.42678 1.04307 3.22568 3.706 6.97379 2.14693 6.51003 2.54372 5.17244 2.09659 6.04432 2.47455 7.03831 4.27479 
8.40905 8.33413 4.56365 3.21922 1.66012 6.28405 7.64817 5.33325 5.38788 4.01125 8.47968 4.66154 4.19955 5.11769 8.68132 1.41598 3.76364 0.340588 9.23298 10.0351 8.95201 3.41541 7.45163 3.39673 4.91435 4.08385 8.4357 3.58632 5.89428 7.08476 4.08011 6.99614 6.07161 7.38152 3.33378 0.867698 4.81741 3.3669 4.51774 4.20707 6.7723 4.08961 6.19494 6.50007 2.97229 
7.14133 9.50659 3.60407 2.97755 5.42033 8.28727 5.31015 4.13575 6.94709 1.45152 9.67228 1.74917 3.37085 1.28265 7.57499 3.69066 2.20984 3.75713 10.3304 7.91003 7.32918 2.06015 8.5689 6.93745 5.3572 3.03384 5.59151 6.43926 7.26664 7.31225 7.77638 5.70225 3.85389 6.96951 3.17309 4.46266 3.23373 5.95785 2.63856 5.73203 5.9039 1.19436 5.64685 8.40907 3.60756 
5.05016 7.27501 1.29275 1.11611 4.99813 6.33018 3.76962 1.89465 4.91565 3.70786 7.4414 4.06208 1.07056 3.12328 5.44031 2.93205 0.162788 3.64446 8.07406 6.2631 5.39045 0.522015 6.34669 6.04706 3.13338 0.73 4.52611 5.08051 5.15539 5.00345 7.00483 3.57414 2.17706 4.67771 1.22262 4.08708 1.06118 4.52063 0.608358 3.81435 3.66105 3.48634 3.34786 6.41082 1.8792 
1.64222 5.72931 2.37394 3.71646 7.50483 6.09094 1.74287 1.60515 4.78029 6.95708 5.87933 7.17351 2.7406 5.82602 2.0706 5.61485 3.57347 6.60019 6.27462 3.22298 2.0318 3.90463 5.00009 7.89636 2.97417 2.92754 3.03949 6.44937 4.6425 3.06283 8.87103 0.255539 1.84391 2.04963 3.58954 6.78724 2.3579 5.90529 2.91247 4.44042 0.940479 6.69389 1.44312 6.02364 4.02405 
6.29003 2.41002 5.33385 5.30212 5.42333 0.156205 7.66415 5.48205 1.35794 9.29556 2.50338 9.84608 5.31738 9.31775 6.16209 5.18611 6.27953 6.03839 3.23483 8.68131 7.15856 6.27357 1.90339 4.32047 3.34073 5.61538 8.95172 2.96378 1.31939 3.3321 4.9226 5.79028 6.90837 4.48529 5.12445 5.53399 6.01998 2.97659 6.39704 2.51382 5.07843 9.1947 4.52055 0.186011 4.63856 
1.57848 4.15217 4.75988 5.93902 9.01493 5.67842 4.14185 4.11779 4.86893 9.68234 4.25131 9.95475 5.08523 8.66751 1.11324 7.48043 6.14469 8.55005 4.33195 3.62465 2.24982 6.42576 3.84159 8.85024 4.04487 5.37018 5.24034 7.25769 4.45112 2.27482 9.73347 2.6224 4.70541 1.51331 5.7589 8.52048 5.01059 6.83779 5.60423 5.26881 2.34542 9.43687 2.75218 5.49586 5.93863 
2.77042 3.21174 5.44615 6.48645 9.12014 5.12583 5.2951 4.90153 4.60245 10.4402 3.2825 10.7644 5.73334 9.56612 2.31683 7.79797 6.85729 8.87289 3.23867 4.77708 3.44948 7.1018 3.12541 8.71674 4.29942 6.04728 6.42819 7.1243 4.10946 2.16037 9.53585 3.62218 5.69822 2.05643 6.29153 8.74211 5.80848 6.77822 6.40439 5.27674 3.17695 10.2129 3.38498 4.90723 6.34972 
3.96023 8.5057 3.36091 4.34329 8.36232 8.5088 1.39603 2.95025 7.09228 5.65637 8.6605 5.6243 3.586 4.03792 4.46346 6.29554 3.51206 7.00368 9.08812 3.75932 3.70218 3.84752 7.72243 9.27781 5.09313 3.48106 1.24619 8.09944 7.09558 5.84098 10.2564 3.07584 1.52778 4.87419 4.35115 7.46054 2.74754 7.52247 2.80243 6.37064 3.73101 5.3528 4.03407 8.49415 5.01172 
5.40145 1.75841 4.89965 5.10217 5.92041 1.11041 6.93618 4.92667 1.22613 9.23231 1.89233 9.74559 4.94507 9.06989 5.24748 5.35202 5.99844 6.29966 2.65174 7.79827 6.27302 6.04633 1.02591 5.03 2.86965 5.26639 8.23241 3.54404 0.813019 2.42002 5.71939 5.01662 6.32331 3.5965 4.90846 5.88588 5.56619 3.41287 6.00531 2.48421 4.29294 9.1022 3.79051 0.921954 4.52411 
8.394 5.79726 5.72087 4.87985 2.49882 3.28445 8.84466 6.26844 3.32674 7.77032 5.8957 8.406 5.49193 8.44133 8.44541 3.49367 5.91927 3.80433 6.62707 10.6027 9.18195 5.72158 5.16551 0.945569 4.49419 5.63703 9.98972 0.996393 3.82758 5.88919 1.60723 7.37529 7.57617 6.76735 4.80833 3.08081 6.33281 1.56426 6.41505 3.02835 6.81279 7.7785 6.13633 3.55373 4.13088 
8.06385 8.1032 4.21284 2.86819 1.80679 6.1147 7.30011 4.98262 5.16236 3.89679 8.25126 4.54485 3.8486 4.90123 8.3398 1.10856 3.42358 0.140357 9.00125 9.68401 8.60276 3.078 7.21025 3.46671 4.60353 3.73311 8.09667 3.49588 5.65873 6.78393 4.2107 6.64783 5.72549 7.05517 2.98376 0.892749 4.46799 3.22579 4.17465 3.95784 6.43044 3.95062 5.85821 6.32261 2.63427 
2.92219 4.72848 1.50243 2.54692 5.90019 4.52448 3.31851 1.19038 3.13383 6.49296 4.89248 6.85509 1.76386 5.79767 3.14396 4.16062 2.90682 5.21124 5.447 4.94446 3.59862 3.13337 3.85811 6.15695 1.21795 2.08614 4.57926 4.68825 3.10092 2.24321 7.12537 1.70182 2.54136 1.94487 2.36324 5.27307 2.0042 4.14982 2.56535 2.67686 1.25228 6.27864 0.650308 4.50059 2.5763 
6.42012 8.92433 2.93825 2.48129 5.45184 7.83534 4.62313 3.43351 6.45899 2.17267 9.09057 2.43282 2.73386 1.53734 6.85455 3.56202 1.58405 3.83481 9.73185 7.2225 6.61254 1.51288 7.99171 6.84634 4.77378 2.39341 4.97888 6.19003 6.74463 6.66216 7.73204 4.98263 3.14186 6.27647 2.6616 4.48412 2.528 5.67642 1.93127 5.2811 5.1964 1.91084 4.96049 7.94036 3.1797 
