15 5 24
777 335 649 27 763 
9.26 5.4 4.26 1.72 7.36 2.11 3.68 5.67 4.29 7.82 5.3 8.62 1.23 0.67 1.35 9.29 8.02 0.22 0.58 0.69 1.67 3.93 4.56 0.11 
10 21 1 11 22 20 2 9 15 22 17 6 15 3 0 
5.35616 8.04361 1.97003 1.92315 5.57779 
5.45619 0.0984886 6.07744 6.52754 7.60307 
5.91666 8.56767 2.52127 2.26214 5.58828 
4.73179 6.64398 0.80604 0.721249 4.77196 
3.06757 8.44953 5.70236 7.00588 10.9865 
4.90587 0.807775 6.11612 6.74021 8.23588 
8.61275 5.18368 6.45462 5.80677 3.78048 
9.67971 7.09071 6.76007 5.75587 2.36326 
3.83888 6.46672 0.516624 1.66355 5.69414 
6.69362 5.14778 3.86898 3.11873 2.56977 
2.59156 7.97549 4.8068 6.10162 10.0958 
1.77279 3.70595 3.59117 4.687 7.68798 
5.24485 6.44517 1.36704 0.131529 3.98197 
8.79255 7.25025 5.44537 4.28796 0.662118 
7.1604 8.86874 3.3271 2.34267 4.30763 
