15 5 24
777 335 649 27 763 
92.6 54 42.6 17.2 73.6 21.1 36.8 56.7 42.9 78.2 53 86.2 12.3 6.7 13.5 92.9 80.2 2.2 5.8 6.9 16.7 39.3 45.6 1.1 
10 21 1 11 22 20 2 9 15 22 17 6 15 3 0 
5356.16 8043.61 1970.03 1923.15 5577.79 
5456.19 98.4886 6077.44 6527.54 7603.07 
5916.66 8567.67 2521.27 2262.14 5588.28 
4731.79 6643.98 806.04 721.249 4771.96 
3067.57 8449.53 5702.36 7005.88 10986.5 
4905.87 807.775 6116.12 6740.21 8235.88 
8612.75 5183.68 6454.62 5806.77 3780.48 
9679.71 7090.71 6760.07 5755.87 2363.26 
3838.88 6466.72 516.624 1663.55 5694.14 
6693.62 5147.78 3868.98 3118.73 2569.77 
2591.56 7975.49 4806.8 6101.62 10095.8 
1772.79 3705.95 3591.17 4687 7687.98 
5244.85 6445.17 1367.04 131.529 3981.97 
8792.55 7250.25 5445.37 4287.96 662.118 
7160.4 8868.74 3327.1 2342.67 4307.63 
