15 5 24
777 335 649 27 763 
92.6 54 42.6 17.2 73.6 21.1 36.8 56.7 42.9 78.2 53 86.2 12.3 6.7 13.5 92.9 80.2 2.2 5.8 6.9 16.7 39.3 45.6 1.1 
10 21 1 11 22 20 2 9 15 22 17 6 15 3 0 
535616 804361 197003 192315 557779 
545619 9848.86 607744 652754 760307 
591666 856767 252127 226214 558828 
473179 664398 80604 72124.9 477196 
306757 844953 570236 700588 1.09865e+06 
490587 80777.5 611612 674021 823588 
861275 518368 645462 580677 378048 
967971 709071 676007 575587 236326 
383888 646672 51662.4 166355 569414 
669362 514778 386898 311873 256977 
259156 797549 480680 610162 1.00958e+06 
177279 370595 359117 468700 768798 
524485 644517 136704 13152.9 398197 
879255 725025 544537 428796 66211.8 
716040 886874 332710 234267 430763 
