30 10 24
777 335 649 27 763 426 211 429 862 135 
929000 802000 22000 58000 69000 167000 393000 456000 11000 42000 229000 373000 421000 919000 784000 537000 198000 324000 315000 370000 413000 526000 91000 980000 
20 2 9 15 22 17 6 15 3 0 20 11 12 0 10 11 2 9 21 20 14 17 16 13 9 7 17 5 11 15 
490587 80777.5 611612 674021 823588 326333 712234 584850 344246 1.09294e+06 
861275 518368 645462 580677 378048 268293 941276 690058 328325 898846 
967971 709071 676007 575587 236326 456001 996049 737250 468364 802180 
383888 646672 51662.4 166355 569414 591037 283297 69771.1 446700 487045 
669362 514778 386898 311873 256977 300563 699413 441403 223379 654028 
259156 797549 480680 610162 1.00958e+06 877057 166087 408803 752455 828001 
177279 370595 359117 468700 768798 469294 381068 303872 369899 857959 
524485 644517 136704 13152.9 398197 522532 455003 213460 385565 430035 
879255 725025 544537 428796 66211.8 485989 869071 613453 444154 627319 
716040 886874 332710 234267 430763 744005 567609 399731 616393 189024 
523154 511528 217083 168077 359961 368420 529748 271205 235230 570453 
612217 425625 379569 335049 345971 222407 672527 420975 133959 713011 
385265 862968 374342 478453 881810 876614 127059 326719 736614 612250 
943722 800585 595826 472889 67897 560137 919600 667582 519782 618450 
817602 772555 445426 314721 109731 560817 763911 520820 478029 463787 
519230 253237 416371 427949 521676 134391 644736 427011 42059.5 839400 
419030 628208 26248.8 113464 513622 552841 338817 100499 408883 474368 
286447 825230 501618 629743 1.03068e+06 904591 182157 430890 779493 835405 
258141 445881 191927 298565 625182 448219 330841 150336 314617 691655 
611523 800103 228405 145341 447395 676923 473896 294717 542089 277584 
61684.7 479437 377033 503397 843586 583824 298332 306811 478023 859027 
273880 502113 139617 258027 611650 488431 296096 92086.9 349521 638549 
922356 784372 574604 452134 48010.4 545793 898484 646233 501807 607068 
308255 818296 401699 521783 926603 860582 82764.7 339201 726158 704480 
341457 254275 361400 430029 650173 302592 503724 338250 208543 846681 
186430 353657 406518 515123 806435 478265 412826 350887 390514 905349 
301496 598910 99624.3 234094 625538 574843 235077 24207.4 432640 567680 
217113 618855 207077 340978 732688 636277 144101 131529 499985 642608 
431561 393581 240707 262231 473621 302238 497562 258954 158013 680825 
353624 186507 482996 561079 771145 348076 567670 448486 303152 975461 
