45 15 11
777 335 649 27 763 426 211 429 862 135 22 167 11 373 784 
537000 198000 324000 315000 370000 413000 526000 91000 980000 956000 873000 
6 7 4 9 4 10 0 2 7 9 2 7 9 4 5 3 5 7 5 7 6 9 4 3 10 5 10 3 10 9 9 7 7 4 7 6 0 9 5 0 2 6 1 8 9 
239727 772162 548336 681878 1.07162e+06 882877 260008 472488 769220 930188 783401 933741 584234 777607 262545 
87206.7 624119 440511 574826 947724 730661 231106 363501 619317 877091 636007 890924 477184 744033 116155 
552844 744710 166784 97529.5 456616 632785 428981 234610 494632 337605 761288 379012 136953 304424 590529 
488895 94111.6 517464 561528 687922 205234 674036 504706 209038 980292 110535 1.02788e+06 528903 946792 465537 
897396 671509 597716 496729 179204 421684 918569 659826 412869 736210 681812 800891 570544 821736 906709 
394819 415202 203039 243742 497855 344036 452306 215128 200562 662695 431808 707921 208907 625664 407182 
452283 655122 61032.8 90000 494928 568961 359484 133004 425959 440710 671765 478232 34058.8 384253 487997 
366191 873060 429200 541690 946620 907628 129757 372980 771052 687669 887525 681165 457095 521001 414059 
743455 527956 474068 396440 247008 289171 784918 527523 255327 716175 539738 778042 452355 767441 750479 
505202 244561 412393 428921 534068 144845 634476 420344 54332.3 842327 259625 893378 415222 826160 496904 
298744 266865 372651 454493 696093 348455 479338 339202 259494 866460 282113 906021 394167 804056 283064 
991805 733197 696233 593570 242002 480037 1.01714e+06 758383 493356 809030 742006 874046 668833 905903 999501 
147763 549659 247655 380707 752386 592423 196023 172000 463764 715268 564526 738241 284102 605290 187641 
338599 719423 185569 296987 702157 701510 159424 143265 558813 529122 735435 543611 211634 401628 385894 
180602 376005 339438 448791 751330 463459 371712 285000 359547 838475 390063 870883 369103 753236 171172 
510554 635284 123693 20615.5 409020 517985 443630 200192 379747 439820 651768 486680 88119.2 419363 541156 
818563 763552 449722 320351 96772.9 549431 769651 524585 469308 478940 777566 543721 414904 574374 841477 
399490 669481 69000 166481 571505 610889 283833 90697.3 466550 467184 686035 495994 84095.2 380518 439483 
693797 517054 416390 340508 250839 293293 728204 470425 230471 674867 530028 735546 394707 717621 702957 
455449 720795 112254 156416 556004 647612 316261 150333 503922 407977 737408 436312 108046 323234 496698 
537587 415785 306778 280264 385001 255705 593762 343759 126669 680062 431003 734020 296243 681787 545389 
167027 479292 243074 367491 715122 521457 268091 177279 395683 733984 494419 762577 277016 639065 190948 
832633 1.05888e+06 477897 403288 574259 922350 641363 532824 793545 30594.1 1.07535e+06 65307 452832 151819 876413 
232648 449755 206189 318699 650490 465027 314963 156311 334105 705569 465653 739030 236019 625809 251269 
630632 226318 546174 545950 560565 27018.5 773683 559000 149646 946792 235009 1.00158e+06 545415 947348 616393 
545055 606897 177882 76531 351689 467985 502309 249874 335491 470821 623077 522855 146373 471594 571080 
821659 489560 608142 546875 369640 237228 902080 651560 289249 875263 497305 937453 591341 926206 819576 
309095 716224 212869 330829 735572 711973 121462 159531 570793 565212 731973 577881 241868 432844 357532 
511723 75213 541133 582580 696915 199722 699011 529371 220737 1.00086e+06 90906.5 1.04907e+06 551960 969665 487308 
875265 876824 487256 352666 191230 671096 789715 564384 582204 383020 891384 447800 450632 506578 903728 
178631 553565 216749 350036 724489 582742 197990 141000 450644 686226 568821 710226 253237 579411 217555 
738253 863343 346071 227882 361386 704469 610568 418937 583545 231976 879392 293128 311541 308551 774249 
432925 259786 359785 395904 559973 217470 563494 358645 105948 814617 276210 862338 367619 784272 426386 
635290 348891 461824 434219 421900 119670 731779 491874 101671 818648 360680 875710 453028 834086 632178 
535381 548631 203298 135074 347311 404428 523582 265166 272635 532886 564628 585755 179368 534480 556378 
760345 584830 461064 368246 184491 351551 780082 521284 302536 660910 597245 723683 435460 722001 771447 
693785 824151 301159 183308 365453 672447 571431 374433 547899 259625 840311 317238 266492 310097 729464 
369709 881477 444846 558008 962996 919696 140812 387769 783747 702659 895806 695414 473017 535060 416886 
540520 194003 723747 796036 954652 447161 783304 688851 475682 1.21329e+06 185607 1.25517e+06 743910 1.1554e+06 497668 
534439 347546 357001 346879 435239 189447 621342 382624 55154.3 751117 362377 804555 351746 748362 535601 
32450 553946 367600 500145 863496 645354 228862 292015 531159 828147 566873 847555 403972 707975 82073.1 
338565 540234 74813.1 189320 555543 494122 319100 65969.7 350629 574227 556785 610082 102694 505751 368164 
630354 860403 268427 211703 510000 746612 464389 323827 609870 233000 877001 267088 244920 191604 672298 
770393 803782 381294 246759 224722 616332 685149 458423 512001 355130 819015 419237 344653 445295 799758 
857084 924173 463087 334013 296522 736941 741335 538677 633064 274642 939513 339366 427005 405720 890380 
