45 15 11
777 335 649 27 763 426 211 429 862 135 22 167 11 373 784 
537 198 324 315 370 413 526 91 980 956 873 
6 7 4 9 4 10 0 2 7 9 2 7 9 4 5 3 5 7 5 7 6 9 4 3 10 5 10 3 10 9 9 7 7 4 7 6 0 9 5 0 2 6 1 8 9 
2397.27 7721.62 5483.36 6818.78 10716.2 8828.77 2600.08 4724.88 7692.2 9301.88 7834.01 9337.41 5842.34 7776.07 2625.45 
872.067 6241.19 4405.11 5748.26 9477.24 7306.61 2311.06 3635.01 6193.17 8770.91 6360.07 8909.24 4771.84 7440.33 1161.55 
5528.44 7447.1 1667.84 975.295 4566.16 6327.85 4289.81 2346.1 4946.32 3376.05 7612.88 3790.12 1369.53 3044.24 5905.29 
4888.95 941.116 5174.64 5615.28 6879.22 2052.34 6740.36 5047.06 2090.38 9802.92 1105.35 10278.8 5289.03 9467.92 4655.37 
8973.96 6715.09 5977.16 4967.29 1792.04 4216.84 9185.69 6598.26 4128.69 7362.1 6818.12 8008.91 5705.44 8217.36 9067.09 
3948.19 4152.02 2030.39 2437.42 4978.55 3440.36 4523.06 2151.28 2005.62 6626.95 4318.08 7079.21 2089.07 6256.64 4071.82 
4522.83 6551.22 610.328 900 4949.28 5689.61 3594.84 1330.04 4259.59 4407.1 6717.65 4782.32 340.588 3842.53 4879.97 
3661.91 8730.6 4292 5416.9 9466.2 9076.28 1297.57 3729.8 7710.52 6876.69 8875.25 6811.65 4570.95 5210.01 4140.59 
7434.55 5279.56 4740.68 3964.4 2470.08 2891.71 7849.18 5275.23 2553.27 7161.75 5397.38 7780.42 4523.55 7674.41 7504.79 
5052.02 2445.61 4123.93 4289.21 5340.68 1448.45 6344.76 4203.44 543.323 8423.27 2596.25 8933.78 4152.22 8261.6 4969.04 
2987.44 2668.65 3726.51 4544.93 6960.93 3484.55 4793.38 3392.02 2594.94 8664.6 2821.13 9060.21 3941.67 8040.56 2830.64 
9918.05 7331.97 6962.33 5935.7 2420.02 4800.37 10171.4 7583.83 4933.56 8090.3 7420.06 8740.46 6688.33 9059.03 9995.01 
1477.63 5496.59 2476.55 3807.07 7523.86 5924.23 1960.23 1720 4637.64 7152.68 5645.26 7382.41 2841.02 6052.9 1876.41 
3385.99 7194.23 1855.69 2969.87 7021.57 7015.1 1594.24 1432.65 5588.13 5291.22 7354.35 5436.11 2116.34 4016.28 3858.94 
1806.02 3760.05 3394.38 4487.91 7513.3 4634.59 3717.12 2850 3595.47 8384.75 3900.63 8708.83 3691.03 7532.36 1711.72 
5105.54 6352.84 1236.93 206.155 4090.2 5179.85 4436.3 2001.92 3797.47 4398.2 6517.68 4866.8 881.192 4193.63 5411.56 
8185.63 7635.52 4497.22 3203.51 967.729 5494.31 7696.51 5245.85 4693.08 4789.4 7775.66 5437.21 4149.04 5743.74 8414.77 
3994.9 6694.81 690 1664.81 5715.05 6108.89 2838.33 906.973 4665.5 4671.84 6860.35 4959.94 840.952 3805.18 4394.83 
6937.97 5170.54 4163.9 3405.08 2508.39 2932.93 7282.04 4704.25 2304.71 6748.67 5300.28 7355.46 3947.07 7176.21 7029.57 
4554.49 7207.95 1122.54 1564.16 5560.04 6476.12 3162.61 1503.33 5039.22 4079.77 7374.08 4363.12 1080.46 3232.34 4966.98 
5375.87 4157.85 3067.78 2802.64 3850.01 2557.05 5937.62 3437.59 1266.69 6800.62 4310.03 7340.2 2962.43 6817.87 5453.89 
1670.27 4792.92 2430.74 3674.91 7151.22 5214.57 2680.91 1772.79 3956.83 7339.84 4944.19 7625.77 2770.16 6390.65 1909.48 
8326.33 10588.8 4778.97 4032.88 5742.59 9223.5 6413.63 5328.24 7935.45 305.941 10753.5 653.07 4528.32 1518.19 8764.13 
2326.48 4497.55 2061.89 3186.99 6504.9 4650.27 3149.63 1563.11 3341.05 7055.69 4656.53 7390.3 2360.19 6258.09 2512.69 
6306.32 2263.18 5461.74 5459.5 5605.65 270.185 7736.83 5590 1496.46 9467.92 2350.09 10015.8 5454.15 9473.48 6163.93 
5450.55 6068.97 1778.82 765.31 3516.89 4679.85 5023.09 2498.74 3354.91 4708.21 6230.77 5228.55 1463.73 4715.94 5710.8 
8216.59 4895.6 6081.42 5468.75 3696.4 2372.28 9020.8 6515.6 2892.49 8752.63 4973.05 9374.53 5913.41 9262.06 8195.76 
3090.95 7162.24 2128.69 3308.29 7355.72 7119.73 1214.62 1595.31 5707.93 5652.12 7319.73 5778.81 2418.68 4328.44 3575.32 
5117.23 752.13 5411.33 5825.8 6969.15 1997.22 6990.11 5293.71 2207.37 10008.6 909.065 10490.7 5519.6 9696.65 4873.08 
8752.65 8768.24 4872.56 3526.66 1912.3 6710.96 7897.15 5643.84 5822.04 3830.2 8913.84 4478 4506.32 5065.78 9037.28 
1786.31 5535.65 2167.49 3500.36 7244.89 5827.42 1979.9 1410 4506.44 6862.26 5688.21 7102.26 2532.37 5794.11 2175.55 
7382.53 8633.43 3460.71 2278.82 3613.86 7044.69 6105.68 4189.37 5835.45 2319.76 8793.92 2931.28 3115.41 3085.51 7742.49 
4329.25 2597.86 3597.85 3959.04 5599.73 2174.7 5634.94 3586.45 1059.48 8146.17 2762.1 8623.38 3676.19 7842.72 4263.86 
6352.9 3488.91 4618.24 4342.19 4219 1196.7 7317.79 4918.74 1016.71 8186.48 3606.8 8757.1 4530.28 8340.86 6321.78 
5353.81 5486.31 2032.98 1350.74 3473.11 4044.28 5235.82 2651.66 2726.35 5328.86 5646.28 5857.55 1793.68 5344.8 5563.78 
7603.45 5848.3 4610.64 3682.46 1844.91 3515.51 7800.82 5212.84 3025.36 6609.1 5972.45 7236.83 4354.6 7220.01 7714.47 
6937.85 8241.51 3011.59 1833.08 3654.53 6724.47 5714.31 3744.33 5478.99 2596.25 8403.11 3172.38 2664.92 3100.97 7294.64 
3697.09 8814.77 4448.46 5580.08 9629.96 9196.96 1408.12 3877.69 7837.47 7026.59 8958.06 6954.14 4730.17 5350.6 4168.86 
5405.2 1940.03 7237.47 7960.36 9546.52 4471.61 7833.04 6888.51 4756.82 12132.9 1856.07 12551.7 7439.1 11554 4976.68 
5344.39 3475.46 3570.01 3468.79 4352.39 1894.47 6213.42 3826.24 551.543 7511.17 3623.77 8045.55 3517.46 7483.62 5356.01 
324.5 5539.46 3676 5001.45 8634.96 6453.54 2288.62 2920.15 5311.59 8281.47 5668.73 8475.55 4039.72 7079.75 820.731 
3385.65 5402.34 748.131 1893.2 5555.43 4941.22 3191 659.697 3506.29 5742.27 5567.85 6100.82 1026.94 5057.51 3681.64 
6303.54 8604.03 2684.27 2117.03 5100 7466.12 4643.89 3238.27 6098.7 2330 8770.01 2670.88 2449.2 1916.04 6722.98 
7703.93 8037.82 3812.94 2467.59 2247.22 6163.32 6851.49 4584.23 5120.01 3551.3 8190.15 4192.37 3446.53 4452.95 7997.58 
8570.84 9241.73 4630.87 3340.13 2965.22 7369.41 7413.35 5386.77 6330.64 2746.42 9395.13 3393.66 4270.05 4057.2 8903.8 
