45 15 11
777 335 649 27 763 426 211 429 862 135 22 167 11 373 784 
53700 19800 32400 31500 37000 41300 52600 9100 98000 95600 87300 
6 7 4 9 4 10 0 2 7 9 2 7 9 4 5 3 5 7 5 7 6 9 4 3 10 5 10 3 10 9 9 7 7 4 7 6 0 9 5 0 2 6 1 8 9 
2.39727 7.72162 5.48336 6.81878 10.7162 8.82877 2.60008 4.72488 7.6922 9.30188 7.83401 9.33741 5.84234 7.77607 2.62545 
0.872067 6.24119 4.40511 5.74826 9.47724 7.30661 2.31106 3.63501 6.19317 8.77091 6.36007 8.90924 4.77184 7.44033 1.16155 
5.52844 7.4471 1.66784 0.975295 4.56616 6.32785 4.28981 2.3461 4.94632 3.37605 7.61288 3.79012 1.36953 3.04424 5.90529 
4.88895 0.941116 5.17464 5.61528 6.87922 2.05234 6.74036 5.04706 2.09038 9.80292 1.10535 10.2788 5.28903 9.46792 4.65537 
8.97396 6.71509 5.97716 4.96729 1.79204 4.21684 9.18569 6.59826 4.12869 7.3621 6.81812 8.00891 5.70544 8.21736 9.06709 
3.94819 4.15202 2.03039 2.43742 4.97855 3.44036 4.52306 2.15128 2.00562 6.62695 4.31808 7.07921 2.08907 6.25664 4.07182 
4.52283 6.55122 0.610328 0.9 4.94928 5.68961 3.59484 1.33004 4.25959 4.4071 6.71765 4.78232 0.340588 3.84253 4.87997 
3.66191 8.7306 4.292 5.4169 9.4662 9.07628 1.29757 3.7298 7.71052 6.87669 8.87525 6.81165 4.57095 5.21001 4.14059 
7.43455 5.27956 4.74068 3.9644 2.47008 2.89171 7.84918 5.27523 2.55327 7.16175 5.39738 7.78042 4.52355 7.67441 7.50479 
5.05202 2.44561 4.12393 4.28921 5.34068 1.44845 6.34476 4.20344 0.543323 8.42327 2.59625 8.93378 4.15222 8.2616 4.96904 
2.98744 2.66865 3.72651 4.54493 6.96093 3.48455 4.79338 3.39202 2.59494 8.6646 2.82113 9.06021 3.94167 8.04056 2.83064 
9.91805 7.33197 6.96233 5.9357 2.42002 4.80037 10.1714 7.58383 4.93356 8.0903 7.42006 8.74046 6.68833 9.05903 9.99501 
1.47763 5.49659 2.47655 3.80707 7.52386 5.92423 1.96023 1.72 4.63764 7.15268 5.64526 7.38241 2.84102 6.0529 1.87641 
3.38599 7.19423 1.85569 2.96987 7.02157 7.0151 1.59424 1.43265 5.58813 5.29122 7.35435 5.43611 2.11634 4.01628 3.85894 
1.80602 3.76005 3.39438 4.48791 7.5133 4.63459 3.71712 2.85 3.59547 8.38475 3.90063 8.70883 3.69103 7.53236 1.71172 
5.10554 6.35284 1.23693 0.206155 4.0902 5.17985 4.4363 2.00192 3.79747 4.3982 6.51768 4.8668 0.881192 4.19363 5.41156 
8.18563 7.63552 4.49722 3.20351 0.967729 5.49431 7.69651 5.24585 4.69308 4.7894 7.77566 5.43721 4.14904 5.74374 8.41477 
3.9949 6.69481 0.69 1.66481 5.71505 6.10889 2.83833 0.906973 4.6655 4.67184 6.86035 4.95994 0.840952 3.80518 4.39483 
6.93797 5.17054 4.1639 3.40508 2.50839 2.93293 7.28204 4.70425 2.30471 6.74867 5.30028 7.35546 3.94707 7.17621 7.02957 
4.55449 7.20795 1.12254 1.56416 5.56004 6.47612 3.16261 1.50333 5.03922 4.07977 7.37408 4.36312 1.08046 3.23234 4.96698 
5.37587 4.15785 3.06778 2.80264 3.85001 2.55705 5.93762 3.43759 1.26669 6.80062 4.31003 7.3402 2.96243 6.81787 5.45389 
1.67027 4.79292 2.43074 3.67491 7.15122 5.21457 2.68091 1.77279 3.95683 7.33984 4.94419 7.62577 2.77016 6.39065 1.90948 
8.32633 10.5888 4.77897 4.03288 5.74259 9.2235 6.41363 5.32824 7.93545 0.305941 10.7535 0.65307 4.52832 1.51819 8.76413 
2.32648 4.49755 2.06189 3.18699 6.5049 4.65027 3.14963 1.56311 3.34105 7.05569 4.65653 7.3903 2.36019 6.25809 2.51269 
6.30632 2.26318 5.46174 5.4595 5.60565 0.270185 7.73683 5.59 1.49646 9.46792 2.35009 10.0158 5.45415 9.47348 6.16393 
5.45055 6.06897 1.77882 0.76531 3.51689 4.67985 5.02309 2.49874 3.35491 4.70821 6.23077 5.22855 1.46373 4.71594 5.7108 
8.21659 4.8956 6.08142 5.46875 3.6964 2.37228 9.0208 6.5156 2.89249 8.75263 4.97305 9.37453 5.91341 9.26206 8.19576 
3.09095 7.16224 2.12869 3.30829 7.35572 7.11973 1.21462 1.59531 5.70793 5.65212 7.31973 5.77881 2.41868 4.32844 3.57532 
5.11723 0.75213 5.41133 5.8258 6.96915 1.99722 6.99011 5.29371 2.20737 10.0086 0.909065 10.4907 5.5196 9.69665 4.87308 
8.75265 8.76824 4.87256 3.52666 1.9123 6.71096 7.89715 5.64384 5.82204 3.8302 8.91384 4.478 4.50632 5.06578 9.03728 
1.78631 5.53565 2.16749 3.50036 7.24489 5.82742 1.9799 1.41 4.50644 6.86226 5.68821 7.10226 2.53237 5.79411 2.17555 
7.38253 8.63343 3.46071 2.27882 3.61386 7.04469 6.10568 4.18937 5.83545 2.31976 8.79392 2.93128 3.11541 3.08551 7.74249 
4.32925 2.59786 3.59785 3.95904 5.59973 2.1747 5.63494 3.58645 1.05948 8.14617 2.7621 8.62338 3.67619 7.84272 4.26386 
6.3529 3.48891 4.61824 4.34219 4.219 1.1967 7.31779 4.91874 1.01671 8.18648 3.6068 8.7571 4.53028 8.34086 6.32178 
5.35381 5.48631 2.03298 1.35074 3.47311 4.04428 5.23582 2.65166 2.72635 5.32886 5.64628 5.85755 1.79368 5.3448 5.56378 
7.60345 5.8483 4.61064 3.68246 1.84491 3.51551 7.80082 5.21284 3.02536 6.6091 5.97245 7.23683 4.3546 7.22001 7.71447 
6.93785 8.24151 3.01159 1.83308 3.65453 6.72447 5.71431 3.74433 5.47899 2.59625 8.40311 3.17238 2.66492 3.10097 7.29464 
3.69709 8.81477 4.44846 5.58008 9.62996 9.19696 1.40812 3.87769 7.83747 7.02659 8.95806 6.95414 4.73017 5.3506 4.16886 
5.4052 1.94003 7.23747 7.96036 9.54652 4.47161 7.83304 6.88851 4.75682 12.1329 1.85607 12.5517 7.4391 11.554 4.97668 
5.34439 3.47546 3.57001 3.46879 4.35239 1.89447 6.21342 3.82624 0.551543 7.51117 3.62377 8.04555 3.51746 7.48362 5.35601 
0.3245 5.53946 3.676 5.00145 8.63496 6.45354 2.28862 2.92015 5.31159 8.28147 5.66873 8.47555 4.03972 7.07975 0.820731 
3.38565 5.40234 0.748131 1.8932 5.55543 4.94122 3.191 0.659697 3.50629 5.74227 5.56785 6.10082 1.02694 5.05751 3.68164 
6.30354 8.60403 2.68427 2.11703 5.1 7.46612 4.64389 3.23827 6.0987 2.33 8.77001 2.67088 2.4492 1.91604 6.72298 
7.70393 8.03782 3.81294 2.46759 2.24722 6.16332 6.85149 4.58423 5.12001 3.5513 8.19015 4.19237 3.44653 4.45295 7.99758 
8.57084 9.24173 4.63087 3.34013 2.96522 7.36941 7.41335 5.38677 6.33064 2.74642 9.39513 3.39366 4.27005 4.0572 8.9038 
