60 20 24
777 335 649 27 763 426 211 429 862 135 22 167 11 373 784 324 413 980 862 281 
305000 925000 84000 327000 336000 505000 846000 729000 313000 857000 124000 895000 582000 545000 814000 367000 434000 364000 43000 750000 87000 808000 276000 178000 
20 11 12 0 10 11 2 9 21 20 14 17 16 13 9 7 17 5 11 15 15 0 4 11 14 11 20 14 2 10 15 13 16 4 18 19 3 20 0 4 5 16 0 21 20 23 4 6 2 2 13 4 14 15 4 10 13 17 4 17 
523.154 511.528 217.083 168.077 359.961 368.42 529.748 271.205 235.23 570.453 527.471 623.083 198.217 569.245 541.133 210.319 271.017 317.345 599.403 723.219 
612.217 425.625 379.569 335.049 345.971 222.407 672.527 420.975 133.959 713.011 439.356 770.27 365.472 732.014 617.486 295.787 439.957 383.208 515.248 835.144 
385.265 862.968 374.342 478.453 881.81 876.614 127.059 326.719 736.614 612.25 878.087 607.003 399.11 447.362 435.167 675.287 398.323 747.918 917.401 338.378 
943.722 800.585 595.826 472.889 67.897 560.137 919.6 667.582 519.782 618.45 812.527 683.381 562.896 729.999 961.131 274.591 554.923 227.178 887.925 1136.67 
817.602 772.555 445.426 314.721 109.731 560.817 763.911 520.82 478.029 463.787 786.71 528.592 410.235 560.501 841.338 114.965 386.804 60.075 862.404 993.308 
519.23 253.237 416.371 427.949 521.676 134.391 644.736 427.011 42.0595 839.4 267.918 891.162 417.852 826.614 511.544 452.712 520 549.365 343.118 756.374 
419.03 628.208 26.2488 113.464 513.622 552.841 338.817 100.499 408.883 474.368 644.846 510.69 18.6011 411.752 454.041 312.477 115.663 404.079 706.343 568.423 
286.447 825.23 501.618 629.743 1030.68 904.591 182.157 430.89 779.493 835.405 837.988 833.912 535.287 675.244 324.446 830.19 574.933 917.476 859.489 119.017 
258.141 445.881 191.927 298.565 625.182 448.219 330.841 150.336 314.617 691.655 462.027 726.805 219.584 617.599 276.279 456.225 332.946 562.029 513.943 471.19 
611.523 800.103 228.405 145.341 447.395 676.923 473.896 294.717 542.089 277.584 816.62 321.823 198.595 263.973 650.17 249.84 91.0824 293.847 883.558 727.885 
61.6847 479.437 377.033 503.397 843.586 583.824 298.332 306.811 478.023 859.027 492.05 883.349 411.807 750.798 57.5847 673.873 510.785 778.653 515.062 301.002 
273.88 502.113 139.617 258.027 611.65 488.431 296.096 92.0869 349.521 638.549 518.376 671.935 170.792 560.093 300.88 431.15 280.432 534.329 571.542 466.053 
922.356 784.372 574.604 452.134 48.0104 545.793 898.484 646.233 501.807 607.068 796.518 672.075 541.776 714.964 939.898 254.466 535.086 211.681 872.062 1115.22 
308.255 818.296 401.699 521.783 926.603 860.582 82.7647 339.201 726.158 704.48 832.577 703.082 432.251 544.783 356.202 722.447 456.426 804.016 865.035 236.546 
341.457 254.275 361.4 430.029 650.173 302.592 503.724 338.25 208.543 846.681 270.49 888.982 378.857 794.411 329.569 529.306 494.491 635.708 325.357 580.856 
186.43 353.657 406.518 515.123 806.435 478.265 412.826 350.887 390.514 905.349 366.005 937.257 436.206 817.774 159.013 658.684 547.449 766.098 389.371 420.962 
301.496 598.91 99.6243 234.094 625.538 574.843 235.077 24.2074 432.64 567.68 615.168 595.243 136.015 473.466 339.872 429.418 219.317 524.361 667.816 448.987 
217.113 618.855 207.077 340.978 732.688 636.277 144.101 131.529 499.985 642.608 634.263 662.193 243.101 525.178 262.528 537.202 313.129 631.557 677.2 341.27 
431.561 393.581 240.707 262.231 473.621 302.238 497.562 258.954 158.013 680.825 410.001 728.723 241.961 654.313 440.556 341.276 347.052 447.854 478.8 652.028 
353.624 186.507 482.996 561.079 771.145 348.076 567.67 448.486 303.152 975.461 198.842 1015.81 504.034 914.385 323.761 660.444 620.137 766.211 228.281 586.287 
715.508 1037.47 428.921 412.393 703.393 946.335 490.474 458.268 806.083 228.09 1054.1 204.749 417.698 47.0106 763.417 522.98 312.436 537.671 1114.26 741.537 
367.241 221.208 391.68 454.948 656.247 279.551 536.411 370.815 199.251 873 237.508 916.415 407.806 824.471 352.115 544.546 522.947 650 294.054 606.964 
250.711 766.006 385.467 512.191 914.248 818.086 64.2573 316.863 686.619 729.464 780.023 732.673 418.493 577.008 298.518 712.845 457.2 799.471 810.665 201.099 
682.72 623.308 338.87 229.124 199.449 426.484 663.323 407.657 328.818 526.031 637.942 587.006 308.457 576.222 702.2 93.6483 327.771 179.388 713.182 874.474 
76.4788 481.331 433.896 559.804 894.519 608.922 334.763 363.6 512.291 914.822 492.59 938.271 468.603 803.831 30.0666 728.097 567.536 833.382 507.276 290.837 
398.02 616.702 8.06226 132.816 529.87 549.466 323.037 79.7621 405.183 492.724 633.321 527.828 34.9285 425.029 433.042 330.248 134.239 423.341 693.653 549.313 
161.4 688.675 383.099 516.42 908.277 760.135 119 307.695 635.324 781.09 702.084 790.496 418.868 639.641 208.166 713.393 478.968 807.034 728.703 165.496 
430.228 779.187 193.166 266.511 664.447 734.091 236.932 187.387 589.764 438.622 795.55 451.648 204.783 310.229 477.017 457.755 178.281 527.418 849.293 496.533 
851.942 685.829 527.549 417.484 98.4937 446.43 851.474 594.193 406.399 643.529 697.789 708.139 497.86 729.595 865.837 238.757 511.974 240.277 773.217 1055.09 
604.745 95.6713 702.636 751.26 850.54 321.834 823.787 683.141 385.099 1170.05 79.2465 1217.54 716.126 1134.09 569.495 797.16 829.325 893.166 35.3553 828.908 
667.791 707.2 285.044 152.069 260.432 535.905 600.701 361.565 420.107 401.278 722.82 460.926 249.088 449.004 695.531 54.3783 226.771 140.431 795.953 833.308 
478.619 153.574 648.741 722.025 893.135 401.628 715.52 614.2 413.237 1138.8 151.182 1180.38 668.996 1080.43 438.33 805.188 785.043 908.248 115.663 691.608 
479.401 509.148 173.925 150.083 402.747 388.888 482.744 224.475 249.018 565.76 525.461 615.202 159.138 549.859 499.223 239.41 245.326 346.902 595.081 676.492 
491.024 747.393 139.807 152.778 541.599 664.447 344.746 185.065 521.707 372.43 764.029 401.663 127.769 293.212 532.41 335.149 54.4885 403.555 825.177 598.286 
263.492 796.656 451.864 579.669 980.899 865.534 132.231 381.694 737.906 791.003 809.938 791.511 485.374 633.942 306.139 780.164 525.148 867.36 835.135 146.441 
739.268 1046.01 438.719 411.447 684.547 946.794 519.086 473.097 807.996 194.258 1062.65 170.485 424.802 15.2643 786.631 509.495 315.412 518.001 1124.2 771.986 
415.601 124.535 521.464 588.49 765.957 308.177 626.39 493.585 288.21 1006.43 136.938 1049.39 539.485 954.422 385.467 670.773 655.124 774.479 172.029 647.93 
907.317 1098.87 538.897 447.756 549.102 944.95 725.58 599.801 823.214 59.4643 1115.11 102.903 510.416 240.26 949.604 436.125 398.077 391.266 1184.91 985.37 
182.8 386.374 317.97 427.855 734.854 461.85 359.234 263.822 352.881 817.017 400.844 849.523 347.701 732.378 179.201 578.055 458.947 685.007 437.879 421.048 
136.854 472.952 276.93 401.603 746.073 531.994 272.342 209.859 411.351 766.039 487.562 793.638 311.045 667.8 157.544 572.766 413.319 677.106 524.661 358.912 
320.039 420.83 190 270.601 567.726 393.573 388.402 174.416 255.562 680.254 437.375 720.256 208.626 623.013 334.153 408.001 324.692 515.14 495.997 536.213 
525.419 27.313 612.046 664.248 788.592 278.869 736.579 591.859 312.775 1083.5 29.6816 1129.92 626.231 1044.01 493.447 720.478 740.017 819.398 75.6902 755.275 
600.262 480.942 326.087 267.092 310.006 293.061 633.202 376.303 186.432 640.647 495.55 697.782 307.561 660.996 611.383 228.127 373.001 321.758 570.824 813.298 
545.212 203.01 732.105 804.967 964.105 456.089 789.066 696.737 485.161 1222.08 194.371 1263.81 752.447 1163.58 501.941 883.857 868.493 985.853 129.035 747 
550.142 365.941 357.677 339.629 414.403 195.931 629.918 387.342 71.5612 739.465 380.552 793.742 350.28 741.271 552.526 341.204 439.527 436.726 455.827 777.821 
401.52 516.779 104.235 153.395 483.322 437.924 396.602 139.671 293.641 566.845 533.414 609.528 106.104 523.072 425.63 304.647 217.407 409.585 597.522 591.108 
418.961 241.456 371.517 414.656 586.046 226.312 560.601 365.21 127.456 833.866 258.031 880.633 381.534 799.196 409.928 484.004 493.129 587.716 325.272 657.213 
756.897 771.891 372.518 238.296 201.556 581.414 683.592 449.392 479.176 388.726 786.985 452.448 336.204 471.666 784.51 67.1193 299.1 52.3927 861.485 920.149 
457.71 178.933 437.412 476.942 617.508 190.371 617.645 430.265 139.058 895.529 195.29 943.39 447.01 864.37 442.408 532.768 557.891 633.785 265.548 697.413 
450.96 497.363 158.493 158.256 431.195 391.449 459.221 202.2 248.91 577.209 513.822 624.725 149.215 552.472 470.814 266.047 245.693 373.343 581.96 649.159 
545.286 598.588 182.784 86.2844 348.001 458.024 507.332 253.505 325.96 480 614.73 532.35 152.306 481.769 570.519 159.841 192.585 264.683 685.511 724.189 
277.218 595.494 124.92 259.48 649.36 582.344 215.873 48.3322 441.494 588.694 611.59 614.706 161.4 489.449 316.533 454.192 243.249 549.622 662.048 424.157 
736.61 501.602 482.3 411.847 276.847 260.163 788.229 532.376 235.536 742.192 513.04 803.617 462.465 789.111 741.653 308.029 517.89 366.699 588.099 958.526 
482.59 281.4 367.935 384.787 512.071 182.165 598.08 378.001 52.345 799.456 297.061 849.909 370.342 781.369 478.358 424.948 474.305 525.289 370.304 717.607 
576.321 689.473 184.545 51.0098 367.87 553.586 493.077 261.633 421.38 385.924 705.783 437.104 147.872 388.747 608.001 161.227 122.188 243.343 775.242 729.883 
237.716 310.103 378.737 476.001 746.853 413.717 437.852 333.054 323.682 878.112 324.002 913.801 404.931 802.591 218.586 606.822 519.481 714.382 358.309 476.707 
347.092 203.593 517.042 601.446 819.976 390.717 575.785 477.247 351.864 1013 213.019 1051.7 540.049 945.804 311.708 706.859 655.964 813.01 226.055 572.297 
162.693 597.724 252.769 387.398 771.511 636.908 148 175.684 505.846 697.402 612.566 716.612 289.36 578.215 209.022 580.115 366.034 677.097 650.588 300.167 
437.659 396.184 241.868 260.048 467.402 300.54 501.908 261.895 156.205 678.258 412.564 726.521 242.167 653.38 446.804 336.001 346.157 442.449 481.769 657.732 
571.424 430.091 330.847 292.036 357.453 250.799 624.256 372.023 135.912 681.195 444.789 736.824 317.53 691.755 579.118 277.065 395.683 372.49 519.955 791.103 
