60 20 24
777 335 649 27 763 426 211 429 862 135 22 167 11 373 784 324 413 980 862 281 
30.5 92.5 8.4 32.7 33.6 50.5 84.6 72.9 31.3 85.7 12.4 89.5 58.2 54.5 81.4 36.7 43.4 36.4 4.3 75 8.7 80.8 27.6 17.8 
20 11 12 0 10 11 2 9 21 20 14 17 16 13 9 7 17 5 11 15 15 0 4 11 14 11 20 14 2 10 15 13 16 4 18 19 3 20 0 4 5 16 0 21 20 23 4 6 2 2 13 4 14 15 4 10 13 17 4 17 
5.23154 5.11528 2.17083 1.68077 3.59961 3.6842 5.29748 2.71205 2.3523 5.70453 5.27471 6.23083 1.98217 5.69245 5.41133 2.10319 2.71017 3.17345 5.99403 7.23219 
6.12217 4.25625 3.79569 3.35049 3.45971 2.22407 6.72527 4.20975 1.33959 7.13011 4.39356 7.7027 3.65472 7.32014 6.17486 2.95787 4.39957 3.83208 5.15248 8.35144 
3.85265 8.62968 3.74342 4.78453 8.8181 8.76614 1.27059 3.26719 7.36614 6.1225 8.78087 6.07003 3.9911 4.47362 4.35167 6.75287 3.98323 7.47918 9.17401 3.38378 
9.43722 8.00585 5.95826 4.72889 0.67897 5.60137 9.196 6.67582 5.19782 6.1845 8.12527 6.83381 5.62896 7.29999 9.61131 2.74591 5.54923 2.27178 8.87925 11.3667 
8.17602 7.72555 4.45426 3.14721 1.09731 5.60817 7.63911 5.2082 4.78029 4.63787 7.8671 5.28592 4.10235 5.60501 8.41338 1.14965 3.86804 0.60075 8.62404 9.93308 
5.1923 2.53237 4.16371 4.27949 5.21676 1.34391 6.44736 4.27011 0.420595 8.394 2.67918 8.91162 4.17852 8.26614 5.11544 4.52712 5.2 5.49365 3.43118 7.56374 
4.1903 6.28208 0.262488 1.13464 5.13622 5.52841 3.38817 1.00499 4.08883 4.74368 6.44846 5.1069 0.186011 4.11752 4.54041 3.12477 1.15663 4.04079 7.06343 5.68423 
2.86447 8.2523 5.01618 6.29743 10.3068 9.04591 1.82157 4.3089 7.79493 8.35405 8.37988 8.33912 5.35287 6.75244 3.24446 8.3019 5.74933 9.17476 8.59489 1.19017 
2.58141 4.45881 1.91927 2.98565 6.25182 4.48219 3.30841 1.50336 3.14617 6.91655 4.62027 7.26805 2.19584 6.17599 2.76279 4.56225 3.32946 5.62029 5.13943 4.7119 
6.11523 8.00103 2.28405 1.45341 4.47395 6.76923 4.73896 2.94717 5.42089 2.77584 8.1662 3.21823 1.98595 2.63973 6.5017 2.4984 0.910824 2.93847 8.83558 7.27885 
0.616847 4.79437 3.77033 5.03397 8.43586 5.83824 2.98332 3.06811 4.78023 8.59027 4.9205 8.83349 4.11807 7.50798 0.575847 6.73873 5.10785 7.78653 5.15062 3.01002 
2.7388 5.02113 1.39617 2.58027 6.1165 4.88431 2.96096 0.920869 3.49521 6.38549 5.18376 6.71935 1.70792 5.60093 3.0088 4.3115 2.80432 5.34329 5.71542 4.66053 
9.22356 7.84372 5.74604 4.52134 0.480104 5.45793 8.98484 6.46233 5.01807 6.07068 7.96518 6.72075 5.41776 7.14964 9.39898 2.54466 5.35086 2.11681 8.72062 11.1522 
3.08255 8.18296 4.01699 5.21783 9.26603 8.60582 0.827647 3.39201 7.26158 7.0448 8.32577 7.03082 4.32251 5.44783 3.56202 7.22447 4.56426 8.04016 8.65035 2.36546 
3.41457 2.54275 3.614 4.30029 6.50173 3.02592 5.03724 3.3825 2.08543 8.46681 2.7049 8.88982 3.78857 7.94411 3.29569 5.29306 4.94491 6.35708 3.25357 5.80856 
1.8643 3.53657 4.06518 5.15123 8.06435 4.78265 4.12826 3.50887 3.90514 9.05349 3.66005 9.37257 4.36206 8.17774 1.59013 6.58684 5.47449 7.66098 3.89371 4.20962 
3.01496 5.9891 0.996243 2.34094 6.25538 5.74843 2.35077 0.242074 4.3264 5.6768 6.15168 5.95243 1.36015 4.73466 3.39872 4.29418 2.19317 5.24361 6.67816 4.48987 
2.17113 6.18855 2.07077 3.40978 7.32688 6.36277 1.44101 1.31529 4.99985 6.42608 6.34263 6.62193 2.43101 5.25178 2.62528 5.37202 3.13129 6.31557 6.772 3.4127 
4.31561 3.93581 2.40707 2.62231 4.73621 3.02238 4.97562 2.58954 1.58013 6.80825 4.10001 7.28723 2.41961 6.54313 4.40556 3.41276 3.47052 4.47854 4.788 6.52028 
3.53624 1.86507 4.82996 5.61079 7.71145 3.48076 5.6767 4.48486 3.03152 9.75461 1.98842 10.1581 5.04034 9.14385 3.23761 6.60444 6.20137 7.66211 2.28281 5.86287 
7.15508 10.3747 4.28921 4.12393 7.03393 9.46335 4.90474 4.58268 8.06083 2.2809 10.541 2.04749 4.17698 0.470106 7.63417 5.2298 3.12436 5.37671 11.1426 7.41537 
3.67241 2.21208 3.9168 4.54948 6.56247 2.79551 5.36411 3.70815 1.99251 8.73 2.37508 9.16415 4.07806 8.24471 3.52115 5.44546 5.22947 6.5 2.94054 6.06964 
2.50711 7.66006 3.85467 5.12191 9.14248 8.18086 0.642573 3.16863 6.86619 7.29464 7.80023 7.32673 4.18493 5.77008 2.98518 7.12845 4.572 7.99471 8.10665 2.01099 
6.8272 6.23308 3.3887 2.29124 1.99449 4.26484 6.63323 4.07657 3.28818 5.26031 6.37942 5.87006 3.08457 5.76222 7.022 0.936483 3.27771 1.79388 7.13182 8.74474 
0.764788 4.81331 4.33896 5.59804 8.94519 6.08922 3.34763 3.636 5.12291 9.14822 4.9259 9.38271 4.68603 8.03831 0.300666 7.28097 5.67536 8.33382 5.07276 2.90837 
3.9802 6.16702 0.0806226 1.32816 5.2987 5.49466 3.23037 0.797621 4.05183 4.92724 6.33321 5.27828 0.349285 4.25029 4.33042 3.30248 1.34239 4.23341 6.93653 5.49313 
1.614 6.88675 3.83099 5.1642 9.08277 7.60135 1.19 3.07695 6.35324 7.8109 7.02084 7.90496 4.18868 6.39641 2.08166 7.13393 4.78968 8.07034 7.28703 1.65496 
4.30228 7.79187 1.93166 2.66511 6.64447 7.34091 2.36932 1.87387 5.89764 4.38622 7.9555 4.51648 2.04783 3.10229 4.77017 4.57755 1.78281 5.27418 8.49293 4.96533 
8.51942 6.85829 5.27549 4.17484 0.984937 4.4643 8.51474 5.94193 4.06399 6.43529 6.97789 7.08139 4.9786 7.29595 8.65837 2.38757 5.11974 2.40277 7.73217 10.5509 
6.04745 0.956713 7.02636 7.5126 8.5054 3.21834 8.23787 6.83141 3.85099 11.7005 0.792465 12.1754 7.16126 11.3409 5.69495 7.9716 8.29325 8.93166 0.353553 8.28908 
6.67791 7.072 2.85044 1.52069 2.60432 5.35905 6.00701 3.61565 4.20107 4.01278 7.2282 4.60926 2.49088 4.49004 6.95531 0.543783 2.26771 1.40431 7.95953 8.33308 
4.78619 1.53574 6.48741 7.22025 8.93135 4.01628 7.1552 6.142 4.13237 11.388 1.51182 11.8038 6.68996 10.8043 4.3833 8.05188 7.85043 9.08248 1.15663 6.91608 
4.79401 5.09148 1.73925 1.50083 4.02747 3.88888 4.82744 2.24475 2.49018 5.6576 5.25461 6.15202 1.59138 5.49859 4.99223 2.3941 2.45326 3.46902 5.95081 6.76492 
4.91024 7.47393 1.39807 1.52778 5.41599 6.64447 3.44746 1.85065 5.21707 3.7243 7.64029 4.01663 1.27769 2.93212 5.3241 3.35149 0.544885 4.03555 8.25177 5.98286 
2.63492 7.96656 4.51864 5.79669 9.80899 8.65534 1.32231 3.81694 7.37906 7.91003 8.09938 7.91511 4.85374 6.33942 3.06139 7.80164 5.25148 8.6736 8.35135 1.46441 
7.39268 10.4601 4.38719 4.11447 6.84547 9.46794 5.19086 4.73097 8.07996 1.94258 10.6265 1.70485 4.24802 0.152643 7.86631 5.09495 3.15412 5.18001 11.242 7.71986 
4.15601 1.24535 5.21464 5.8849 7.65957 3.08177 6.2639 4.93585 2.8821 10.0643 1.36938 10.4939 5.39485 9.54422 3.85467 6.70773 6.55124 7.74479 1.72029 6.4793 
9.07317 10.9887 5.38897 4.47756 5.49102 9.4495 7.2558 5.99801 8.23214 0.594643 11.1511 1.02903 5.10416 2.4026 9.49604 4.36125 3.98077 3.91266 11.8491 9.8537 
1.828 3.86374 3.1797 4.27855 7.34854 4.6185 3.59234 2.63822 3.52881 8.17017 4.00844 8.49523 3.47701 7.32378 1.79201 5.78055 4.58947 6.85007 4.37879 4.21048 
1.36854 4.72952 2.7693 4.01603 7.46073 5.31994 2.72342 2.09859 4.11351 7.66039 4.87562 7.93638 3.11045 6.678 1.57544 5.72766 4.13319 6.77106 5.24661 3.58912 
3.20039 4.2083 1.9 2.70601 5.67726 3.93573 3.88402 1.74416 2.55562 6.80254 4.37375 7.20256 2.08626 6.23013 3.34153 4.08001 3.24692 5.1514 4.95997 5.36213 
5.25419 0.27313 6.12046 6.64248 7.88592 2.78869 7.36579 5.91859 3.12775 10.835 0.296816 11.2992 6.26231 10.4401 4.93447 7.20478 7.40017 8.19398 0.756902 7.55275 
6.00262 4.80942 3.26087 2.67092 3.10006 2.93061 6.33202 3.76303 1.86432 6.40647 4.9555 6.97782 3.07561 6.60996 6.11383 2.28127 3.73001 3.21758 5.70824 8.13298 
5.45212 2.0301 7.32105 8.04967 9.64105 4.56089 7.89066 6.96737 4.85161 12.2208 1.94371 12.6381 7.52447 11.6358 5.01941 8.83857 8.68493 9.85853 1.29035 7.47 
5.50142 3.65941 3.57677 3.39629 4.14403 1.95931 6.29918 3.87342 0.715612 7.39465 3.80552 7.93742 3.5028 7.41271 5.52526 3.41204 4.39527 4.36726 4.55827 7.77821 
4.0152 5.16779 1.04235 1.53395 4.83322 4.37924 3.96602 1.39671 2.93641 5.66845 5.33414 6.09528 1.06104 5.23072 4.2563 3.04647 2.17407 4.09585 5.97522 5.91108 
4.18961 2.41456 3.71517 4.14656 5.86046 2.26312 5.60601 3.6521 1.27456 8.33866 2.58031 8.80633 3.81534 7.99196 4.09928 4.84004 4.93129 5.87716 3.25272 6.57213 
7.56897 7.71891 3.72518 2.38296 2.01556 5.81414 6.83592 4.49392 4.79176 3.88726 7.86985 4.52448 3.36204 4.71666 7.8451 0.671193 2.991 0.523927 8.61485 9.20149 
4.5771 1.78933 4.37412 4.76942 6.17508 1.90371 6.17645 4.30265 1.39058 8.95529 1.9529 9.4339 4.4701 8.6437 4.42408 5.32768 5.57891 6.33785 2.65548 6.97413 
4.5096 4.97363 1.58493 1.58256 4.31195 3.91449 4.59221 2.022 2.4891 5.77209 5.13822 6.24725 1.49215 5.52472 4.70814 2.66047 2.45693 3.73343 5.8196 6.49159 
5.45286 5.98588 1.82784 0.862844 3.48001 4.58024 5.07332 2.53505 3.2596 4.8 6.1473 5.3235 1.52306 4.81769 5.70519 1.59841 1.92585 2.64683 6.85511 7.24189 
2.77218 5.95494 1.2492 2.5948 6.4936 5.82344 2.15873 0.483322 4.41494 5.88694 6.1159 6.14706 1.614 4.89449 3.16533 4.54192 2.43249 5.49622 6.62048 4.24157 
7.3661 5.01602 4.823 4.11847 2.76847 2.60163 7.88229 5.32376 2.35536 7.42192 5.1304 8.03617 4.62465 7.89111 7.41653 3.08029 5.1789 3.66699 5.88099 9.58526 
4.8259 2.814 3.67935 3.84787 5.12071 1.82165 5.9808 3.78001 0.52345 7.99456 2.97061 8.49909 3.70342 7.81369 4.78358 4.24948 4.74305 5.25289 3.70304 7.17607 
5.76321 6.89473 1.84545 0.510098 3.6787 5.53586 4.93077 2.61633 4.2138 3.85924 7.05783 4.37104 1.47872 3.88747 6.08001 1.61227 1.22188 2.43343 7.75242 7.29883 
2.37716 3.10103 3.78737 4.76001 7.46853 4.13717 4.37852 3.33054 3.23682 8.78112 3.24002 9.13801 4.04931 8.02591 2.18586 6.06822 5.19481 7.14382 3.58309 4.76707 
3.47092 2.03593 5.17042 6.01446 8.19976 3.90717 5.75785 4.77247 3.51864 10.13 2.13019 10.517 5.40049 9.45804 3.11708 7.06859 6.55964 8.1301 2.26055 5.72297 
1.62693 5.97724 2.52769 3.87398 7.71511 6.36908 1.48 1.75684 5.05846 6.97402 6.12566 7.16612 2.8936 5.78215 2.09022 5.80115 3.66034 6.77097 6.50588 3.00167 
4.37659 3.96184 2.41868 2.60048 4.67402 3.0054 5.01908 2.61895 1.56205 6.78258 4.12564 7.26521 2.42167 6.5338 4.46804 3.36001 3.46157 4.42449 4.81769 6.57732 
5.71424 4.30091 3.30847 2.92036 3.57453 2.50799 6.24256 3.72023 1.35912 6.81195 4.44789 7.36824 3.1753 6.91755 5.79118 2.77065 3.95683 3.7249 5.19955 7.91103 
