60 20 24
777 335 649 27 763 426 211 429 862 135 22 167 11 373 784 324 413 980 862 281 
305 925 84 327 336 505 846 729 313 857 124 895 582 545 814 367 434 364 43 750 87 808 276 178 
20 11 12 0 10 11 2 9 21 20 14 17 16 13 9 7 17 5 11 15 15 0 4 11 14 11 20 14 2 10 15 13 16 4 18 19 3 20 0 4 5 16 0 21 20 23 4 6 2 2 13 4 14 15 4 10 13 17 4 17 
523154 511528 217083 168077 359961 368420 529748 271205 235230 570453 527471 623083 198217 569245 541133 210319 271017 317345 599403 723219 
612217 425625 379569 335049 345971 222407 672527 420975 133959 713011 439356 770270 365472 732014 617486 295787 439957 383208 515248 835144 
385265 862968 374342 478453 881810 876614 127059 326719 736614 612250 878087 607003 399110 447362 435167 675287 398323 747918 917401 338378 
943722 800585 595826 472889 67897 560137 919600 667582 519782 618450 812527 683381 562896 729999 961131 274591 554923 227178 887925 1.13667e+06 
817602 772555 445426 314721 109731 560817 763911 520820 478029 463787 786710 528592 410235 560501 841338 114965 386804 60075 862404 993308 
519230 253237 416371 427949 521676 134391 644736 427011 42059.5 839400 267918 891162 417852 826614 511544 452712 520000 549365 343118 756374 
419030 628208 26248.8 113464 513622 552841 338817 100499 408883 474368 644846 510690 18601.1 411752 454041 312477 115663 404079 706343 568423 
286447 825230 501618 629743 1.03068e+06 904591 182157 430890 779493 835405 837988 833912 535287 675244 324446 830190 574933 917476 859489 119017 
258141 445881 191927 298565 625182 448219 330841 150336 314617 691655 462027 726805 219584 617599 276279 456225 332946 562029 513943 471190 
611523 800103 228405 145341 447395 676923 473896 294717 542089 277584 816620 321823 198595 263973 650170 249840 91082.4 293847 883558 727885 
61684.7 479437 377033 503397 843586 583824 298332 306811 478023 859027 492050 883349 411807 750798 57584.7 673873 510785 778653 515062 301002 
273880 502113 139617 258027 611650 488431 296096 92086.9 349521 638549 518376 671935 170792 560093 300880 431150 280432 534329 571542 466053 
922356 784372 574604 452134 48010.4 545793 898484 646233 501807 607068 796518 672075 541776 714964 939898 254466 535086 211681 872062 1.11522e+06 
308255 818296 401699 521783 926603 860582 82764.7 339201 726158 704480 832577 703082 432251 544783 356202 722447 456426 804016 865035 236546 
341457 254275 361400 430029 650173 302592 503724 338250 208543 846681 270490 888982 378857 794411 329569 529306 494491 635708 325357 580856 
186430 353657 406518 515123 806435 478265 412826 350887 390514 905349 366005 937257 436206 817774 159013 658684 547449 766098 389371 420962 
301496 598910 99624.3 234094 625538 574843 235077 24207.4 432640 567680 615168 595243 136015 473466 339872 429418 219317 524361 667816 448987 
217113 618855 207077 340978 732688 636277 144101 131529 499985 642608 634263 662193 243101 525178 262528 537202 313129 631557 677200 341270 
431561 393581 240707 262231 473621 302238 497562 258954 158013 680825 410001 728723 241961 654313 440556 341276 347052 447854 478800 652028 
353624 186507 482996 561079 771145 348076 567670 448486 303152 975461 198842 1.01581e+06 504034 914385 323761 660444 620137 766211 228281 586287 
715508 1.03747e+06 428921 412393 703393 946335 490474 458268 806083 228090 1.0541e+06 204749 417698 47010.6 763417 522980 312436 537671 1.11426e+06 741537 
367241 221208 391680 454948 656247 279551 536411 370815 199251 873000 237508 916415 407806 824471 352115 544546 522947 650000 294054 606964 
250711 766006 385467 512191 914248 818086 64257.3 316863 686619 729464 780023 732673 418493 577008 298518 712845 457200 799471 810665 201099 
682720 623308 338870 229124 199449 426484 663323 407657 328818 526031 637942 587006 308457 576222 702200 93648.3 327771 179388 713182 874474 
76478.8 481331 433896 559804 894519 608922 334763 363600 512291 914822 492590 938271 468603 803831 30066.6 728097 567536 833382 507276 290837 
398020 616702 8062.26 132816 529870 549466 323037 79762.1 405183 492724 633321 527828 34928.5 425029 433042 330248 134239 423341 693653 549313 
161400 688675 383099 516420 908277 760135 119000 307695 635324 781090 702084 790496 418868 639641 208166 713393 478968 807034 728703 165496 
430228 779187 193166 266511 664447 734091 236932 187387 589764 438622 795550 451648 204783 310229 477017 457755 178281 527418 849293 496533 
851942 685829 527549 417484 98493.7 446430 851474 594193 406399 643529 697789 708139 497860 729595 865837 238757 511974 240277 773217 1.05509e+06 
604745 95671.3 702636 751260 850540 321834 823787 683141 385099 1.17005e+06 79246.5 1.21754e+06 716126 1.13409e+06 569495 797160 829325 893166 35355.3 828908 
667791 707200 285044 152069 260432 535905 600701 361565 420107 401278 722820 460926 249088 449004 695531 54378.3 226771 140431 795953 833308 
478619 153574 648741 722025 893135 401628 715520 614200 413237 1.1388e+06 151182 1.18038e+06 668996 1.08043e+06 438330 805188 785043 908248 115663 691608 
479401 509148 173925 150083 402747 388888 482744 224475 249018 565760 525461 615202 159138 549859 499223 239410 245326 346902 595081 676492 
491024 747393 139807 152778 541599 664447 344746 185065 521707 372430 764029 401663 127769 293212 532410 335149 54488.5 403555 825177 598286 
263492 796656 451864 579669 980899 865534 132231 381694 737906 791003 809938 791511 485374 633942 306139 780164 525148 867360 835135 146441 
739268 1.04601e+06 438719 411447 684547 946794 519086 473097 807996 194258 1.06265e+06 170485 424802 15264.3 786631 509495 315412 518001 1.1242e+06 771986 
415601 124535 521464 588490 765957 308177 626390 493585 288210 1.00643e+06 136938 1.04939e+06 539485 954422 385467 670773 655124 774479 172029 647930 
907317 1.09887e+06 538897 447756 549102 944950 725580 599801 823214 59464.3 1.11511e+06 102903 510416 240260 949604 436125 398077 391266 1.18491e+06 985370 
182800 386374 317970 427855 734854 461850 359234 263822 352881 817017 400844 849523 347701 732378 179201 578055 458947 685007 437879 421048 
136854 472952 276930 401603 746073 531994 272342 209859 411351 766039 487562 793638 311045 667800 157544 572766 413319 677106 524661 358912 
320039 420830 190000 270601 567726 393573 388402 174416 255562 680254 437375 720256 208626 623013 334153 408001 324692 515140 495997 536213 
525419 27313 612046 664248 788592 278869 736579 591859 312775 1.0835e+06 29681.6 1.12992e+06 626231 1.04401e+06 493447 720478 740017 819398 75690.2 755275 
600262 480942 326087 267092 310006 293061 633202 376303 186432 640647 495550 697782 307561 660996 611383 228127 373001 321758 570824 813298 
545212 203010 732105 804967 964105 456089 789066 696737 485161 1.22208e+06 194371 1.26381e+06 752447 1.16358e+06 501941 883857 868493 985853 129035 747000 
550142 365941 357677 339629 414403 195931 629918 387342 71561.2 739465 380552 793742 350280 741271 552526 341204 439527 436726 455827 777821 
401520 516779 104235 153395 483322 437924 396602 139671 293641 566845 533414 609528 106104 523072 425630 304647 217407 409585 597522 591108 
418961 241456 371517 414656 586046 226312 560601 365210 127456 833866 258031 880633 381534 799196 409928 484004 493129 587716 325272 657213 
756897 771891 372518 238296 201556 581414 683592 449392 479176 388726 786985 452448 336204 471666 784510 67119.3 299100 52392.7 861485 920149 
457710 178933 437412 476942 617508 190371 617645 430265 139058 895529 195290 943390 447010 864370 442408 532768 557891 633785 265548 697413 
450960 497363 158493 158256 431195 391449 459221 202200 248910 577209 513822 624725 149215 552472 470814 266047 245693 373343 581960 649159 
545286 598588 182784 86284.4 348001 458024 507332 253505 325960 480000 614730 532350 152306 481769 570519 159841 192585 264683 685511 724189 
277218 595494 124920 259480 649360 582344 215873 48332.2 441494 588694 611590 614706 161400 489449 316533 454192 243249 549622 662048 424157 
736610 501602 482300 411847 276847 260163 788229 532376 235536 742192 513040 803617 462465 789111 741653 308029 517890 366699 588099 958526 
482590 281400 367935 384787 512071 182165 598080 378001 52345 799456 297061 849909 370342 781369 478358 424948 474305 525289 370304 717607 
576321 689473 184545 51009.8 367870 553586 493077 261633 421380 385924 705783 437104 147872 388747 608001 161227 122188 243343 775242 729883 
237716 310103 378737 476001 746853 413717 437852 333054 323682 878112 324002 913801 404931 802591 218586 606822 519481 714382 358309 476707 
347092 203593 517042 601446 819976 390717 575785 477247 351864 1.013e+06 213019 1.0517e+06 540049 945804 311708 706859 655964 813010 226055 572297 
162693 597724 252769 387398 771511 636908 148000 175684 505846 697402 612566 716612 289360 578215 209022 580115 366034 677097 650588 300167 
437659 396184 241868 260048 467402 300540 501908 261895 156205 678258 412564 726521 242167 653380 446804 336001 346157 442449 481769 657732 
571424 430091 330847 292036 357453 250799 624256 372023 135912 681195 444789 736824 317530 691755 579118 277065 395683 372490 519955 791103 
