90 30 15
777 335 649 27 763 426 211 429 862 135 22 167 11 373 784 324 413 980 862 281 84 505 313 895 814 364 87 178 403 399 
9.32 0.6 6.76 3.68 7.39 0.12 2.26 5.86 0.94 5.39 7.95 5.7 4.34 3.78 4.67 
6 12 11 11 14 10 7 6 7 2 5 14 6 3 3 10 8 11 5 14 5 14 4 3 10 7 13 9 10 0 8 3 4 8 10 3 12 14 8 7 0 14 2 7 4 2 3 10 10 1 5 4 5 12 12 0 14 8 11 13 3 14 3 5 11 10 12 0 3 13 9 12 6 1 4 4 2 2 13 7 1 7 5 2 2 8 5 9 10 14 
28644.7 82523 50161.8 62974.3 103068 90459.1 18215.7 43089 77949.3 83540.5 83798.8 83391.2 53528.7 67524.4 32444.6 83019 57493.3 91747.6 85948.9 11901.7 20926.8 61094.7 76872 108760 60222.4 54030 16130.7 94731 76066.1 57342.8 
25814.1 44588.1 19192.7 29856.5 62518.2 44821.9 33084.1 15033.6 31461.7 69165.5 46202.7 72680.5 21958.4 61759.9 27627.9 45622.5 33294.6 56202.9 51394.3 47119 33090.5 35648.4 36227.8 64187.9 13981.8 25129.5 45957 49115.4 30371 18890.5 
61152.3 80010.3 22840.5 14534.1 44739.5 67692.3 47389.6 29471.7 54208.9 27758.4 81662 32182.3 19859.5 26397.3 65017 24984 9108.24 29384.7 88355.8 72788.5 64501.2 6174.14 70613.5 57747 38624.6 16754.7 53615.7 50701.6 57409.5 58921.6 
6168.47 47943.7 37703.3 50339.7 84358.6 58382.4 29833.2 30681.1 47802.3 85902.7 49205 88334.9 41180.7 75079.8 5758.47 67387.3 51078.5 77865.3 51506.2 30100.2 14864.7 54114.4 42722.5 84978.6 34968.7 43730.7 41428.1 69398.1 44650.9 23753.1 
27388 50211.3 13961.7 25802.7 61165 48843.1 29609.6 9208.69 34952.1 63854.9 51837.6 67193.5 17079.2 56009.3 30088 43115 28043.2 53432.9 57154.2 46605.3 33609.1 30623.2 41677.8 64466.6 15658.9 20038.5 42185.5 50014.5 34577.6 24713.2 
92235.6 78437.2 57460.4 45213.4 4801.04 54579.3 89848.4 64623.3 50180.7 60706.8 79651.8 67207.5 54177.6 71496.4 93989.8 25446.6 53508.6 21168.1 87206.2 111522 98945 50460.8 70773.8 15821.8 53460.7 54171.3 99375.9 25742.2 55613.8 72719.5 
30825.5 81829.6 40169.9 52178.3 92660.3 86058.2 8276.47 33920.1 72615.8 70448 83257.7 70308.2 43225.1 54478.3 35620.2 72244.7 45642.6 80401.6 86503.5 23654.6 25880.5 49206.2 75017.7 99810.3 53507.1 43182.1 5793.96 86634.1 71585.6 55426.1 
34145.7 25427.5 36140 43002.9 65017.3 30259.2 50372.4 33825 20854.3 84668.1 27049 88898.2 37885.7 79441.1 32956.9 52930.6 49449.1 63570.8 32535.7 58085.6 42843.4 51013 17216.6 61265.7 18853.4 41290.3 63332.9 45296.6 16850.5 5100 
18643 35365.7 40651.8 51512.3 80643.5 47826.5 41282.6 35088.7 39051.4 90534.9 36600.5 93725.7 43620.6 81777.4 15901.3 65868.4 54744.9 76609.8 38937.1 42096.2 27093.4 57271.3 30654.5 78735.3 31136.2 46699.5 53461.4 62807.7 35046.4 13213.6 
30149.6 59891 9962.43 23409.4 62553.8 57484.3 23507.7 2420.74 43264 56768 61516.8 59524.3 13601.5 47346.6 33987.2 42941.8 21931.7 52436.1 66781.6 44898.7 34238.1 25134.8 51332.1 68371 23264.1 15264.3 35070.8 55056.8 43500.5 34209.4 
21711.3 61885.5 20707.7 34097.8 73268.8 63627.7 14410.1 13152.9 49998.5 64260.8 63426.3 66219.3 24310.1 52517.8 26252.8 53720.2 31312.9 63155.7 67720 34127 24200.2 34763.5 54195.6 78490.9 30857.7 25636.3 27140 64626.1 49206.2 35223 
43156.1 39358.1 24070.7 26223.1 47362.1 30223.8 49756.2 25895.4 15801.3 68082.5 41000.1 72872.3 24196.1 65431.3 44055.6 34127.6 34705.2 44785.4 47880 65202.8 50928.4 35365.7 29947.5 46637.4 4531 27365.1 62196.9 31202.6 17329.7 22760.7 
35362.4 18650.7 48299.6 56107.9 77114.5 34807.6 56767 44848.6 30315.2 97546.1 19884.2 101581 50403.4 91438.5 32376.1 66044.4 62013.7 76621.1 22828.1 58628.7 43765.9 63802.4 15164.4 71599.6 32117.9 53782 69351.4 55819.8 25131.9 11039 
71550.8 103747 42892.1 41239.3 70339.3 94633.5 49047.4 45826.8 80608.3 22809 105410 20474.9 41769.8 4701.06 76341.7 52298 31243.6 53767.1 111426 74153.7 71471.7 31499.2 94583.8 85062.3 62657.3 38470.8 48060 78902.3 83063.7 79604 
36724.1 22120.8 39168 45494.8 65624.7 27955.1 53641.1 37081.5 19925.1 87300 23750.8 91641.5 40780.6 82447.1 35211.5 54454.6 52294.7 65000 29405.4 60696.4 45443.3 53740.3 13870.8 60949.3 21160.3 44186.2 66592 45024.5 15349.6 6906.52 
25071.1 76600.6 38546.7 51219.1 91424.8 81808.6 6425.73 31686.3 68661.9 72946.4 78002.3 73267.3 41849.3 57700.8 29851.8 71284.5 45720 79947.1 81066.5 20109.9 20242.8 49323.8 70021.3 97613.9 50049 42257.3 11555.1 83945.3 67325 50375.4 
68272 62330.8 33887 22912.4 19944.9 42648.4 66332.3 40765.7 32881.8 52603.1 63794.2 58700.6 30845.7 57622.2 70220 9364.83 32777.1 17938.8 71318.2 87447.4 74857.8 30489.7 53501.4 26788.4 30215.2 31420.1 76527.8 19251.2 37923.7 51006.9 
7647.88 48133.1 43389.6 55980.4 89451.9 60892.2 33476.3 36360 51229.1 91482.2 49259 93827.1 46860.3 80383.1 3006.66 72809.7 56753.6 83338.2 50727.6 29083.7 14605.5 59799.7 43919.1 89445.2 39816.7 49419.1 44238.6 73720.7 47659 26055.5 
39802 61670.2 806.226 13281.6 52987 54946.6 32303.7 7976.21 40518.3 49272.4 63332.1 52782.8 3492.85 42502.9 43304.2 33024.8 13423.9 42334.1 69365.3 54931.3 44322.1 16064.9 52551.9 60081.6 21085.1 5531.73 42607.5 47852.4 42011.5 38044.7 
16140 68867.5 38309.9 51642 90827.7 76013.5 11900 30769.5 63532.4 78109 70208.4 79049.6 41886.8 63964.1 20816.6 71339.3 47896.8 80703.4 72870.3 16549.6 11395.2 51461.2 62806.7 95379.8 46144.6 43008.1 20617 80970.7 61615.7 43185.4 
43022.8 77918.7 19316.6 26651.1 66444.7 73409.1 23693.2 18738.7 58976.4 43862.2 79555 45164.8 20478.3 31022.9 47701.7 45775.5 17828.1 52741.8 84929.3 49653.3 43951 21178.3 69199 76306.7 39159.4 18609.7 29154.8 65452.3 60090 52371.7 
85194.2 68582.9 52754.9 41748.4 9849.37 44643 85147.4 59419.3 40639.9 64352.9 69778.9 70813.9 49786 72959.5 86583.7 23875.7 51197.4 24027.7 77321.7 105509 92319.1 48570.9 61053.2 9300 45865.6 50369.5 95483.9 15824 46062.6 64005.4 
60474.5 9567.13 70263.6 75126 85054 32183.4 82378.7 68314.1 38509.9 117005 7924.65 121754 71612.6 113409 56949.5 79716 82932.5 89316.6 3535.53 82890.8 68548.2 84023.8 18976.3 74345.4 51063.3 74998.9 94993.3 60699.3 33702.4 35114.1 
66779.1 70720 28504.4 15206.9 26043.2 53590.5 60070.1 36156.5 42010.7 40127.8 72282 46092.6 24908.8 44900.4 69553.1 5437.83 22677.1 14043.1 79595.3 83330.8 72235.7 19691.9 61484.1 38021.7 33076.4 24129.9 68864.6 32076.5 46439 55075.3 
47861.9 15357.4 64874.1 72202.5 89313.5 40162.8 71552 61420 41323.7 113880 15118.2 118038 66899.6 108043 43833 80518.8 78504.3 90824.8 11566.3 69160.8 55410.9 80188.8 20740.8 81200.2 47917.6 70290 83693 66196.8 35908.9 27638.4 
47940.1 50914.8 17392.5 15008.3 40274.7 38888.8 48274.4 22447.5 24901.8 56576 52546.1 61520.2 15913.8 54985.9 49922.3 23941 24532.6 34690.2 59508.1 67649.2 54649.8 24571.7 41507.7 43772.7 11236.1 18402.4 59668.5 30326.6 27888.7 33239.9 
49102.4 74739.3 13980.7 15277.8 54159.9 66444.7 34474.6 18506.5 52170.7 37243 76402.9 40166.3 12776.9 29321.2 53241 33514.9 5448.85 40355.5 82517.7 59828.6 51886.8 8800.57 65553.4 64715.8 33659 9588.01 41409.3 54886.2 54267.7 51164.9 
26349.2 79665.6 45186.4 57966.9 98089.9 86553.4 13223.1 38169.4 73790.6 79100.3 80993.8 79151.1 48537.4 63394.2 30613.9 78016.4 52514.8 86736 83513.5 14644.1 19581.9 56117.7 73638.7 103945 55721.6 49019.6 13322.2 90038.5 72108.6 54010.7 
73926.8 104601 43871.9 41144.7 68454.7 94679.4 51908.6 47309.7 80799.6 19425.8 106265 17048.5 42480.2 1526.43 78663.1 50949.5 31541.2 51800.1 112420 77198.6 74129.6 31401.4 95370.5 83567.5 63298.7 39122 51319.1 77997.6 83456 80881 
41560.1 12453.5 52146.4 58849 76595.7 30817.7 62639 49358.5 28821 100643 13693.8 104939 53948.5 95442.2 38546.7 67077.3 65512.4 77447.9 17202.9 64793 49959.3 67043.3 10358.6 69694.5 34503.6 57352.6 75307.6 54220.8 23405.3 15575.6 
90731.7 109887 53889.7 44775.6 54910.2 94495 72558 59980.1 82321.4 5946.43 111511 10290.3 51041.6 24026 94960.4 43612.5 39807.7 39126.6 118491 98537 92824.6 37347.2 100485 72288.7 69128.6 47864.9 74573.5 71585.6 86276 90006.3 
18280 38637.4 31797 42785.5 73485.4 46185 35923.4 26382.2 35288.1 81701.7 40084.4 84952.3 34770.1 73237.8 17920.1 57805.5 45894.7 68500.7 43787.9 42104.8 26903 48415.3 32046.5 72985.5 23700.2 37842.8 48669.5 57257.4 32240.5 12396.8 
13685.4 47295.2 27693 40160.3 74607.3 53199.4 27234.2 20985.9 41135.1 76603.9 48756.2 79363.8 31104.5 66780 15754.4 57276.6 41331.9 67710.6 52466.1 35891.2 21281 44247.6 40443.2 76139.1 25854.4 33766.4 40021.1 60860 38867.2 20819.5 
32003.9 42083 19000 27060.1 56772.6 39357.3 38840.2 17441.6 25556.2 68025.4 43737.5 72025.6 20862.6 62301.3 33415.3 40800.1 32469.2 51514 49599.7 53621.3 39503.2 34266.7 33165.2 57800.1 7521.3 24253.9 51552 42638 25096.6 18620.7 
52541.9 2731.3 61204.6 66424.8 78859.2 27886.9 73657.9 59185.9 31277.5 108350 2968.16 112992 62623.1 104401 49344.7 72047.8 74001.7 81939.8 7569.02 75527.5 60848.2 75183.3 10623.1 69559 42215.3 66017 86368.1 55043.6 26117.4 26096.9 
60026.2 48094.2 32608.7 26709.2 31000.6 29306.1 63320.2 37630.3 18643.2 64064.7 49555 69778.2 30756.1 66099.6 61138.3 22812.7 37300.1 32175.8 57082.4 81329.8 67514.8 36250.5 39314.6 29763.4 20545.6 32751.5 74912.3 15181.9 23711.8 38677.4 
54521.2 20301 73210.5 80496.7 96410.5 45608.9 78906.6 69673.7 48516.1 122208 19437.1 126381 75244.7 116358 50194.1 88385.7 86849.3 98585.3 12903.5 74700 61610.5 88526.8 27627.9 87406.2 56180.6 78634.9 90796 72820.4 43172.3 35961.1 
55014.2 36594.1 35767.7 33962.9 41440.3 19593.1 62991.8 38734.2 7156.12 73946.5 38055.2 79374.2 35028 74127.1 55252.6 34120.4 43952.7 43672.6 45582.7 77782.1 63156.1 43704.9 27872.9 36429.7 17761.2 37771.9 75392.3 20460 12256 29853 
40152 51677.9 10423.5 15339.5 48332.2 43792.4 39660.2 13967.1 29364.1 56684.5 53341.4 60952.8 10610.4 52307.2 42563 30464.7 21740.7 40958.5 59752.2 59110.8 46443.6 23051.7 42383.5 52470.4 10285.9 13911.9 51265 38839.8 30988.5 30157.3 
41896.1 24145.6 37151.7 41465.6 58604.6 22631.2 56060.1 36521 12745.6 83386.6 25803.1 88063.3 38153.4 79919.6 40992.8 48400.4 49312.9 58771.6 32527.2 65721.3 50533.3 50325.7 14787.2 53649.2 17392.5 41504.7 69018.8 37724.4 8700 13257.5 
75689.7 77189.1 37251.8 23829.6 20155.6 58141.4 68359.2 44939.2 47917.6 38872.6 78698.5 45244.8 33620.4 47166.6 78451 6711.93 29910 5239.27 86148.5 92014.9 81104.6 26550.5 68145.5 35231.9 41323.7 32568.2 76600.6 33253.3 52736.5 63209.3 
45771 17893.3 43741.2 47694.2 61750.8 19037.1 61764.5 43026.5 13905.8 89552.9 19529 94339 44701 86437 44240.8 53276.8 55789.1 63378.5 26554.8 69741.3 54488.3 56707.1 8485.28 54960.5 23873 48040.2 74740.2 39361.5 8502.35 15953.1 
45096 49736.3 15849.3 15825.6 43119.5 39144.9 45922.1 20220 24891 57720.9 51382.2 62472.5 14921.5 55247.2 47081.4 26604.7 24569.3 37334.3 58196 64915.9 51835.3 25021.8 40328.8 46349.2 9033.83 17755.3 57515 32573 27370.8 30980.8 
54528.6 59858.8 18278.4 8628.44 34800.1 45802.4 50733.2 25350.5 32596 48000 61473 53235 15230.6 48176.9 57051.9 15984.1 19258.5 26468.3 68551.1 72418.9 60473.5 18100 50477.4 41935.8 20426.7 16075.1 60936.1 31119.4 36249.4 42419 
27721.8 59549.4 12492 25948 64936 58234.4 21587.3 4833.22 44149.4 58869.4 61159 61470.6 16140 48944.9 31653.3 45419.2 24324.9 54962.2 66204.8 42415.7 31693.1 27580.1 51178.9 70445 24313 17801.7 33518.1 56905.6 44082.8 33504.9 
73661 50160.2 48230 41184.7 27684.7 26016.3 78822.9 53237.6 23553.6 74219.2 51304 80361.7 46246.5 78911.1 74165.3 30802.9 51789 36669.9 58809.9 95852.6 81572.4 50236.4 43037.7 17738.7 34789.7 48036 90533.2 3047.95 28779.3 48821.5 
48259 28140 36793.5 38478.7 51207.1 18216.5 59808 37800.1 5234.5 79945.6 29706.1 84990.9 37034.2 78136.9 47835.8 42494.8 47430.5 52528.9 37030.4 71760.7 56738.9 47894.2 18952.8 45766.5 16560.5 40199.1 72617.7 29851 4494.44 20885.6 
57632.1 68947.3 18454.5 5100.98 36787 55358.6 49307.7 26163.3 42138 38592.4 70578.3 43710.4 14787.2 38874.7 60800.1 16122.7 12218.8 24334.3 77524.2 72988.3 62504.8 9823.44 59539.9 47349.1 28347.1 13473.7 57996.7 38758.4 45660.2 49868.8 
23771.6 31010.3 37873.7 47600.1 74685.3 41371.7 43785.2 33305.4 32368.2 87811.2 32400.2 91380.1 40493.1 80259.1 21858.6 60682.2 51948.1 71438.2 35830.9 47670.7 32461.7 54176.5 25152.5 72238 25703.1 43741.6 56430.9 56288 28386.3 6576.47 
34709.2 20359.3 51704.2 60144.6 81997.6 39071.7 57578.5 47724.7 35186.4 101300 21301.9 105170 54004.9 94580.4 31170.8 70685.9 65596.4 81301 22605.5 57229.7 42759.1 67540.6 18883.1 76462.1 36440.8 57350.2 69882.3 60703.2 29966.6 14702.7 
16269.3 59772.4 25276.9 38739.8 77151.1 63690.8 14800 17568.4 50584.6 69740.2 61256.6 71661.2 28936 57821.5 20902.2 58011.5 36603.4 67709.7 65058.8 30016.7 18959.4 40006.1 52604.7 81419.5 32423 30563.5 27735.4 67063 49206.5 33148.9 
43765.9 39618.4 24186.8 26004.8 46740.2 30054 50190.8 26189.5 15620.5 67825.8 41256.4 72652.1 24216.7 65338 44680.4 33600.1 34615.7 44244.9 48176.9 65773.2 51521.8 35213.2 30207.4 46017.9 4964.88 27354.2 62599.8 30600.7 17345.9 23334.3 
57142.4 43009.1 33084.7 29203.6 35745.3 25079.9 62425.6 37202.3 13591.2 68119.5 44478.9 73682.4 31753 69175.5 57911.8 27706.5 39568.3 37249 51995.5 79110.3 64922.3 38930.8 34207.2 32781.9 18032.5 34147.5 74416.5 17204.7 18607.5 34277.3 
13064.8 66993.3 45056.4 58516.1 96687.6 77050.6 20673.7 37356.3 65560 86756.8 68200.1 87808 48708.2 72779.2 16307.7 77776.4 55692.5 87505 69986.1 11370.1 4701.06 59203.5 61949.1 99940 49861.5 50197.7 27658.8 84994.4 62968.2 42819.3 
41434.9 86958 34985.7 44443.8 84475.4 86807.4 15698.4 31126.4 72611 56033 88508.4 55501.4 37119.4 39550.6 46465.7 63804.5 35850.4 70667.2 92802.9 38736 38684.6 39136.8 79100 93916.2 52596.7 35934 12742.4 82317.7 72710.1 60317.6 
55566.6 94282.7 35227.8 39538 76299.7 89434 31488.4 35135.3 75006.7 39470.7 95914 38363.1 35702.2 22308.1 60523.9 56170.9 29080.1 60862.2 101175 56026.1 54414.2 31326.8 85605.4 88409.6 55386.4 33148.9 29808.2 79180.8 76349.7 68514.9 
33602.4 58851.1 5842.09 19263.4 58120.7 54709.1 27828.9 2024.85 40349.6 54664.9 60498.3 57827.5 9503.68 46541.4 37138.3 38583.4 19103.9 48196.5 66125.5 49254.1 38223.2 22022.7 50013 64028.1 20306.2 11661.9 39101.9 50903.5 41041.1 34000 
32390.3 86298.1 57496.6 70414.6 110388 95839.1 25762.4 50303.6 83771.7 90749.1 87487.4 90409.3 60907.6 74456.5 35414.1 90431.2 65049.6 99244.6 89063.2 10163.7 23887.2 68651.7 81250.3 115698 66656.2 61492.8 22475.1 101439 81572.7 61996.9 
49994 14115.6 66096.1 73090.6 89169.6 39258.8 73506.3 62844.1 41206.9 114862 13670.4 119107 68030.9 109331 46013.2 80880.2 79621.4 91101.4 9420.19 71405.7 57602.2 81225.1 20402.5 80635.7 48746.9 71429.1 85711.4 65806.2 35828.1 28961.4 
55874.6 13464.8 53505.9 55904.7 63467.9 12419.3 72598.9 53415.8 17159.3 97267.2 14625 102381 54094.1 95481.1 53926.8 58386 64756.5 67763.2 22184 79816.8 64586.8 65304.3 8405.36 53727.6 33251.9 57341.5 85574.6 39351.2 13043 26054.8 
20707.7 74027 52353.6 65760.6 104459 85030 24648.3 44716.6 73708.2 91715.4 75162.6 92283.5 55969.7 76821.4 23049.5 85283.8 62191.4 94817.1 76466.5 3264.97 11988.3 65757.8 69434.4 108047 58033.2 57221.8 27874.2 93161.5 71030.3 50579.9 
61733.1 18470.8 76823.8 82887.5 95059.8 42480.7 85364.2 74030.3 47941.3 124812 17069.9 129304 78525 120126 57639 88870.8 90037.9 98707.9 9484.72 82682.8 69183.6 91416.1 27459.1 84649 58548.4 81930.8 97564.9 70840.2 42882.3 40131 
48210.4 16133.5 46185 49729.3 62129.7 17074.2 64459.7 45631.8 14143.9 91504.2 17723.4 96375.6 47047.2 88722.2 46547.3 54504.7 58035.2 64443.6 24994.8 72182.6 56930.9 58857.5 6935.42 54577.7 26170.6 50365.9 77435.4 39203.2 8764.13 18341.2 
29076.5 83071.6 52252.9 65143.8 105153 91627.3 20501 45101 79296 85945.6 84316.8 85779.8 55651.1 69901.2 32607.5 85167.4 59794.3 93967.3 86263 10259.1 21000.2 63397.5 77640.8 110628 61832.8 56218.1 18352.1 96481.6 77279.6 58199.7 
62250.9 94645.1 33809.5 33771.7 66798 86542.7 40566 36357.3 72339.8 27577.2 96305.2 27224.4 33005.6 11868 66993.3 47473.5 23294 50731.2 102199 66161.3 62535.3 24303.3 85555 80261.1 53854.3 29820.3 41204.5 72682.3 74508.5 70205.8 
59220 47670.7 31978.1 26337.2 31705.7 29233.5 62589.5 36923.8 18253.8 64047 49142.8 69722.7 30179.6 65861.4 60333.9 23085.3 36904.9 32586.7 56656.2 80535.5 66711.5 35923.4 38839.8 30566.8 19739.6 32226.2 74213 15929.8 23255.1 37943.8 
95532.7 68632.1 67136.1 57467.4 25063.9 43311.5 98961.5 73090.6 45016.1 81398.3 69503.5 87882.2 64548.4 90228.6 96154.5 40924.6 67439.6 41031.2 76626.1 117349 103309 65063.2 62847.8 8080.84 56317 65627 110041 21200.2 49943.3 70698.9 
79936.1 63425.3 48463.3 38172.5 13695.3 39902.5 80703.5 54871.5 35196.2 64283.2 64657.4 70661.4 45661.6 71574.9 81229.6 21982.3 48058.5 24626 72224.4 100543 87173.2 45682.6 55731.5 11500.4 40525.5 46513 91346 11005.9 40626.2 58450.8 
69187.6 38202.7 50734.7 46867.5 40425 13381 78498.5 54165.1 15795.3 83828.5 39225.5 89715.7 49595.6 86458.9 68862.5 41023.9 57354 48307.6 46613.5 92474.1 77581.8 56513.4 31964 28955.8 33273.7 52046.5 90916.4 15728 19845.7 41552.4 
30991.9 75498.7 27145 38756.9 79266.9 76333.3 7700 21651.8 62349.1 59402.4 77038.8 60091.3 30008.3 44922.2 36000.1 58800.2 32244.4 66928.3 81268.2 33700.6 29739.7 35826.5 67762.5 86916.6 42555.4 29774.1 15786.7 74241.8 62054.9 48833 
67763.2 82166.3 28639.8 17415.2 38486 67601.8 55097.4 35843.1 54892.3 25655 83792.2 31171.3 25251.7 29461.3 71407.7 20135.8 16137.2 22419 90772.7 80333.8 71567.2 12632.1 72764.1 52805 41562.1 22613.5 61436.9 47659.2 58666.9 62861.8 
70994.1 67242.3 34956.7 22779.8 17949.4 47589.6 67314.6 42223.5 37815.5 48437.3 68715.4 54645.2 31644.3 54548.5 73206.9 5063.6 31761.6 13017.7 76226.6 89330.2 77232.4 29068.9 58361.8 28217.7 33903.7 31683.4 76933.2 23182.1 42811.8 55172.5 
61081.6 46695.3 34832.3 29217.1 31384.4 27128 65205.6 39629.5 17240.9 66417.2 48120.3 72168.8 33084.1 68606.9 62005.9 24749.1 39800.5 33753.5 55682.1 82717.9 68722.1 38767.5 38097 28677.5 21700.2 35151.1 76927.5 13505.9 22487.6 38699.9 
14447.5 66051.2 35226.4 48621.5 87568.5 72669.3 11738 27617.6 60104.1 76349.7 67421.4 77544.1 38834.6 62727.1 19379.4 68203 45299.1 77680.4 70307.7 19635.2 11720.1 48833.7 59781.4 91947.2 42662 40096 22294.6 77502.1 58250.7 40129.9 
33847.9 22351.1 53100.8 61948.7 84556.8 41775.7 57413 48803.5 37894.2 102868 23166.4 106621 55523.7 95742.7 30037.5 72958.3 67081.4 83605.9 23703.6 55862.8 41653 69127.4 21505.8 79176.8 38497 58840.1 69527 63399.8 32693.9 16552.9 
43139.3 18006.9 61751.8 69726.9 88927 41620.3 67077.3 57911.8 41102.4 111152 18157.1 115137 63951.5 104732 39056.5 79097.4 75559 89555.9 15973.1 64344.2 50622.2 77399.7 21388.3 81729.6 45658.1 67318.1 79115.4 66400.7 35674.2 24534.9 
73256.3 60276.4 41407.4 31402.5 16966.4 38234.1 73631 47800.6 31166.2 60385.8 61615.9 66625.1 38643 66300.1 74708.6 17065.8 41504.7 22541.1 69211.7 93597.5 80362.2 39312.6 52046.3 18417.4 34002.6 39582.8 84304.7 11363.5 36554.8 52876.5 
25277.1 78848.3 54567.4 67847.3 107109 89404.3 24897.4 47054.5 77816.5 91739.7 79997.8 91961.4 58123.4 76268.5 27868.6 87610.8 63578.4 96893 81360.7 2332.38 16584.9 67173.9 74124.3 111331 61591 59126.1 25730.3 96655.5 75302.3 55127.2 
85241.6 56902.2 59747.8 51773.1 28306.4 31605.7 90644.8 64988.7 33567.8 81231.6 57807 87582.5 57580.6 87801.4 85558.5 38388.1 62236.7 41584.3 64999.8 107633 93253.7 60348.4 51039.3 11819.1 46613.8 59153.1 102265 12348.3 38343.7 59435.8 
50308.6 75823.8 15134.4 15575.6 53926.8 67259.6 35356.6 19759 53021.2 35994 77487.8 38916.6 13775.3 28181.2 54464 33320.9 5283.94 39884.1 83636 60811.3 53022.4 8345.06 66619.7 64786.4 34665.5 10510.9 41999 55219.7 55200.1 52353.4 
83917.4 76413.7 47539.5 34780 6500 54364.7 79678.6 54948.4 47119 50728.5 77776.9 57219.7 44108.2 60561.5 86075.9 14712.2 42546.6 10423.5 85369.6 102144 90161.3 39409.8 68020.7 23049.7 46349.2 43780 88776.4 26181.7 52437 67032.9 
62667.1 13375.4 61302.2 63221.9 67475.4 13978.6 80255.6 61305.9 23720 104251 13692.7 109499 61797.8 103012 60382.9 64335.1 72308.6 73244.6 20163.6 86497.4 71337.1 72727 13829.3 55993.7 41015.7 65013 93226.9 42861.6 20396.1 33130.8 
55638.6 50056.4 26185.9 20529.2 33241.7 33856.5 57307.1 31491.7 21371.5 59424.6 51604.7 64911.1 24262.1 60351.1 57164 20667.1 31036.3 31022.1 58966.5 76180.4 62769.4 30200.2 40887.3 34920.6 16567.7 26261.2 68698.5 21300.2 25723.5 36991.5 
25994.6 63471.6 17167.7 30359.2 70031.6 63492.4 15920.1 10044.9 49536.8 59942.1 65049.5 61977.6 20662 48473.7 30450.8 50200.4 27047.4 59407.9 69709.3 37865.2 28506.3 30528.7 55419.3 76001.3 29852 21693.3 27863.2 62576.1 49219.6 37000 
54328.1 8178.63 55766 59222.5 68628 17525.1 72636.4 54974.2 21666.8 100893 9424.44 105846 56663.4 98335.8 51958.2 62892.4 67641.6 72475.4 17018.8 78107.2 62975.6 68422.9 5440.59 59042.5 35788.3 59983.5 85580 44617.1 16953.2 25038 
41023.5 77329.6 19859.5 28214.4 68280.7 73617.4 21276.3 18312 59203 46188.5 78956 47376 21408.6 33004.4 45758.7 47611.4 19834.6 54807.4 84175.8 47242.4 41716.4 23262.2 68728.5 77774.6 39256.2 19856.7 26960.2 66590.4 60100.2 51519 
35114.2 73714.3 19811.6 30480.3 70982 71817.1 15935.5 15961.5 57526.5 52114.5 75315.4 53380.2 22244.3 38960.6 39898.4 50425.5 23612.9 58360 80204.3 41682.9 35714.4 27193.6 65396.7 79293.9 37473.3 21580.8 23689 67218 57900.8 47465 
16101.2 58220.4 24515.3 37963.8 76042.4 62045.5 16404.9 16807.4 48961.2 69827.9 59711.7 71892.5 28182.4 58261.9 20541.2 57057.6 36260.9 66856.6 63583.1 31185.3 19547.4 39610.2 51000.9 80069 30900.6 29960.8 29355.2 65629.3 47561.3 31576.7 
107296 79294.5 77962 67564.3 30893.5 54029.6 110069 84192.9 56711.6 87327.5 80064.3 93825.4 75200.1 97822.7 107961 49647.3 77136 47601.8 86983 128959 115020 74505.9 73995.2 18212.4 68001.8 76028.2 120868 32951.5 61549.7 82471.1 
72440.7 54010.7 44119.2 35920.1 22811.6 30973.9 75549.9 49722.9 25732.9 67805 55266.7 73968.7 41816.9 72833 73377.1 24382.2 46424.7 30360 62846.6 93889.8 80025 44646.7 46245.5 17304.6 33008 43304.2 86868 3911.52 31158 49526.3 
