100 20 18
777 335 649 27 763 426 211 429 862 135 22 167 11 373 784 324 413 980 862 281 
3050 9250 840 3270 3360 5050 8460 7290 3130 8570 1240 8950 5820 5450 8140 3670 4340 3640 
15 6 14 11 6 0 16 11 2 3 15 2 8 5 4 13 3 13 5 5 5 3 3 0 4 11 2 11 8 14 8 16 15 13 4 10 12 7 3 2 6 10 17 16 12 9 2 11 10 6 2 2 7 4 8 3 4 10 13 5 16 17 6 15 0 5 2 17 7 3 11 15 8 2 16 6 15 12 4 3 12 15 13 13 1 17 11 4 4 7 16 8 2 2 2 2 9 1 17 8 
87925.5 72502.5 54453.7 42879.6 6621.18 48598.9 86907.1 61345.3 44415.4 62731.9 73706.6 69223.4 51343 72210 89468.7 24018.7 51895.5 22403.6 81254.7 107828 
71604 88687.4 33271 23426.7 43076.3 74400.5 56760.9 39973.1 61639.3 18902.4 90320.8 24373.1 30161.7 23949.3 75505.4 26176.5 19592.1 26470.5 97233 82483.9 
52315.4 51152.8 21708.3 16807.7 35996.1 36842 52974.8 27120.5 23523 57045.3 52747.1 62308.3 19821.7 56924.5 54113.3 21031.9 27101.7 31734.5 59940.3 72321.9 
61221.7 42562.5 37956.9 33504.9 34597.1 22240.7 67252.7 42097.5 13395.9 71301.1 43935.6 77027 36547.2 73201.4 61748.6 29578.7 43995.7 38320.8 51524.8 83514.4 
38526.5 86296.8 37434.2 47845.3 88181 87661.4 12705.9 32671.9 73661.4 61225 87808.7 60700.3 39911 44736.2 43516.7 67528.7 39832.3 74791.8 91740.1 33837.8 
94372.2 80058.5 59582.6 47288.9 6789.7 56013.7 91960 66758.2 51978.2 61845 81252.7 68338.1 56289.6 72999.9 96113.1 27459.1 55492.3 22717.8 88792.5 113667 
81760.2 77255.5 44542.6 31472.1 10973.1 56081.7 76391.1 52082 47802.9 46378.7 78671 52859.2 41023.5 56050.1 84133.8 11496.5 38680.4 6007.5 86240.4 99330.8 
51923 25323.7 41637.1 42794.9 52167.6 13439.1 64473.6 42701.1 4205.95 83940 26791.8 89116.2 41785.2 82661.4 51154.4 45271.2 52000 54936.5 34311.8 75637.4 
41903 62820.8 2624.88 11346.4 51362.2 55284.1 33881.7 10049.9 40888.3 47436.8 64484.6 51069 1860.11 41175.2 45404.1 31247.7 11566.3 40407.9 70634.3 56842.3 
28644.7 82523 50161.8 62974.3 103068 90459.1 18215.7 43089 77949.3 83540.5 83798.8 83391.2 53528.7 67524.4 32444.6 83019 57493.3 91747.6 85948.9 11901.7 
25814.1 44588.1 19192.7 29856.5 62518.2 44821.9 33084.1 15033.6 31461.7 69165.5 46202.7 72680.5 21958.4 61759.9 27627.9 45622.5 33294.6 56202.9 51394.3 47119 
61152.3 80010.3 22840.5 14534.1 44739.5 67692.3 47389.6 29471.7 54208.9 27758.4 81662 32182.3 19859.5 26397.3 65017 24984 9108.24 29384.7 88355.8 72788.5 
6168.47 47943.7 37703.3 50339.7 84358.6 58382.4 29833.2 30681.1 47802.3 85902.7 49205 88334.9 41180.7 75079.8 5758.47 67387.3 51078.5 77865.3 51506.2 30100.2 
27388 50211.3 13961.7 25802.7 61165 48843.1 29609.6 9208.69 34952.1 63854.9 51837.6 67193.5 17079.2 56009.3 30088 43115 28043.2 53432.9 57154.2 46605.3 
92235.6 78437.2 57460.4 45213.4 4801.04 54579.3 89848.4 64623.3 50180.7 60706.8 79651.8 67207.5 54177.6 71496.4 93989.8 25446.6 53508.6 21168.1 87206.2 111522 
30825.5 81829.6 40169.9 52178.3 92660.3 86058.2 8276.47 33920.1 72615.8 70448 83257.7 70308.2 43225.1 54478.3 35620.2 72244.7 45642.6 80401.6 86503.5 23654.6 
34145.7 25427.5 36140 43002.9 65017.3 30259.2 50372.4 33825 20854.3 84668.1 27049 88898.2 37885.7 79441.1 32956.9 52930.6 49449.1 63570.8 32535.7 58085.6 
18643 35365.7 40651.8 51512.3 80643.5 47826.5 41282.6 35088.7 39051.4 90534.9 36600.5 93725.7 43620.6 81777.4 15901.3 65868.4 54744.9 76609.8 38937.1 42096.2 
30149.6 59891 9962.43 23409.4 62553.8 57484.3 23507.7 2420.74 43264 56768 61516.8 59524.3 13601.5 47346.6 33987.2 42941.8 21931.7 52436.1 66781.6 44898.7 
21711.3 61885.5 20707.7 34097.8 73268.8 63627.7 14410.1 13152.9 49998.5 64260.8 63426.3 66219.3 24310.1 52517.8 26252.8 53720.2 31312.9 63155.7 67720 34127 
43156.1 39358.1 24070.7 26223.1 47362.1 30223.8 49756.2 25895.4 15801.3 68082.5 41000.1 72872.3 24196.1 65431.3 44055.6 34127.6 34705.2 44785.4 47880 65202.8 
35362.4 18650.7 48299.6 56107.9 77114.5 34807.6 56767 44848.6 30315.2 97546.1 19884.2 101581 50403.4 91438.5 32376.1 66044.4 62013.7 76621.1 22828.1 58628.7 
71550.8 103747 42892.1 41239.3 70339.3 94633.5 49047.4 45826.8 80608.3 22809 105410 20474.9 41769.8 4701.06 76341.7 52298 31243.6 53767.1 111426 74153.7 
36724.1 22120.8 39168 45494.8 65624.7 27955.1 53641.1 37081.5 19925.1 87300 23750.8 91641.5 40780.6 82447.1 35211.5 54454.6 52294.7 65000 29405.4 60696.4 
25071.1 76600.6 38546.7 51219.1 91424.8 81808.6 6425.73 31686.3 68661.9 72946.4 78002.3 73267.3 41849.3 57700.8 29851.8 71284.5 45720 79947.1 81066.5 20109.9 
68272 62330.8 33887 22912.4 19944.9 42648.4 66332.3 40765.7 32881.8 52603.1 63794.2 58700.6 30845.7 57622.2 70220 9364.83 32777.1 17938.8 71318.2 87447.4 
7647.88 48133.1 43389.6 55980.4 89451.9 60892.2 33476.3 36360 51229.1 91482.2 49259 93827.1 46860.3 80383.1 3006.66 72809.7 56753.6 83338.2 50727.6 29083.7 
39802 61670.2 806.226 13281.6 52987 54946.6 32303.7 7976.21 40518.3 49272.4 63332.1 52782.8 3492.85 42502.9 43304.2 33024.8 13423.9 42334.1 69365.3 54931.3 
16140 68867.5 38309.9 51642 90827.7 76013.5 11900 30769.5 63532.4 78109 70208.4 79049.6 41886.8 63964.1 20816.6 71339.3 47896.8 80703.4 72870.3 16549.6 
43022.8 77918.7 19316.6 26651.1 66444.7 73409.1 23693.2 18738.7 58976.4 43862.2 79555 45164.8 20478.3 31022.9 47701.7 45775.5 17828.1 52741.8 84929.3 49653.3 
85194.2 68582.9 52754.9 41748.4 9849.37 44643 85147.4 59419.3 40639.9 64352.9 69778.9 70813.9 49786 72959.5 86583.7 23875.7 51197.4 24027.7 77321.7 105509 
60474.5 9567.13 70263.6 75126 85054 32183.4 82378.7 68314.1 38509.9 117005 7924.65 121754 71612.6 113409 56949.5 79716 82932.5 89316.6 3535.53 82890.8 
66779.1 70720 28504.4 15206.9 26043.2 53590.5 60070.1 36156.5 42010.7 40127.8 72282 46092.6 24908.8 44900.4 69553.1 5437.83 22677.1 14043.1 79595.3 83330.8 
47861.9 15357.4 64874.1 72202.5 89313.5 40162.8 71552 61420 41323.7 113880 15118.2 118038 66899.6 108043 43833 80518.8 78504.3 90824.8 11566.3 69160.8 
47940.1 50914.8 17392.5 15008.3 40274.7 38888.8 48274.4 22447.5 24901.8 56576 52546.1 61520.2 15913.8 54985.9 49922.3 23941 24532.6 34690.2 59508.1 67649.2 
49102.4 74739.3 13980.7 15277.8 54159.9 66444.7 34474.6 18506.5 52170.7 37243 76402.9 40166.3 12776.9 29321.2 53241 33514.9 5448.85 40355.5 82517.7 59828.6 
26349.2 79665.6 45186.4 57966.9 98089.9 86553.4 13223.1 38169.4 73790.6 79100.3 80993.8 79151.1 48537.4 63394.2 30613.9 78016.4 52514.8 86736 83513.5 14644.1 
73926.8 104601 43871.9 41144.7 68454.7 94679.4 51908.6 47309.7 80799.6 19425.8 106265 17048.5 42480.2 1526.43 78663.1 50949.5 31541.2 51800.1 112420 77198.6 
41560.1 12453.5 52146.4 58849 76595.7 30817.7 62639 49358.5 28821 100643 13693.8 104939 53948.5 95442.2 38546.7 67077.3 65512.4 77447.9 17202.9 64793 
90731.7 109887 53889.7 44775.6 54910.2 94495 72558 59980.1 82321.4 5946.43 111511 10290.3 51041.6 24026 94960.4 43612.5 39807.7 39126.6 118491 98537 
18280 38637.4 31797 42785.5 73485.4 46185 35923.4 26382.2 35288.1 81701.7 40084.4 84952.3 34770.1 73237.8 17920.1 57805.5 45894.7 68500.7 43787.9 42104.8 
13685.4 47295.2 27693 40160.3 74607.3 53199.4 27234.2 20985.9 41135.1 76603.9 48756.2 79363.8 31104.5 66780 15754.4 57276.6 41331.9 67710.6 52466.1 35891.2 
32003.9 42083 19000 27060.1 56772.6 39357.3 38840.2 17441.6 25556.2 68025.4 43737.5 72025.6 20862.6 62301.3 33415.3 40800.1 32469.2 51514 49599.7 53621.3 
52541.9 2731.3 61204.6 66424.8 78859.2 27886.9 73657.9 59185.9 31277.5 108350 2968.16 112992 62623.1 104401 49344.7 72047.8 74001.7 81939.8 7569.02 75527.5 
60026.2 48094.2 32608.7 26709.2 31000.6 29306.1 63320.2 37630.3 18643.2 64064.7 49555 69778.2 30756.1 66099.6 61138.3 22812.7 37300.1 32175.8 57082.4 81329.8 
54521.2 20301 73210.5 80496.7 96410.5 45608.9 78906.6 69673.7 48516.1 122208 19437.1 126381 75244.7 116358 50194.1 88385.7 86849.3 98585.3 12903.5 74700 
55014.2 36594.1 35767.7 33962.9 41440.3 19593.1 62991.8 38734.2 7156.12 73946.5 38055.2 79374.2 35028 74127.1 55252.6 34120.4 43952.7 43672.6 45582.7 77782.1 
40152 51677.9 10423.5 15339.5 48332.2 43792.4 39660.2 13967.1 29364.1 56684.5 53341.4 60952.8 10610.4 52307.2 42563 30464.7 21740.7 40958.5 59752.2 59110.8 
41896.1 24145.6 37151.7 41465.6 58604.6 22631.2 56060.1 36521 12745.6 83386.6 25803.1 88063.3 38153.4 79919.6 40992.8 48400.4 49312.9 58771.6 32527.2 65721.3 
75689.7 77189.1 37251.8 23829.6 20155.6 58141.4 68359.2 44939.2 47917.6 38872.6 78698.5 45244.8 33620.4 47166.6 78451 6711.93 29910 5239.27 86148.5 92014.9 
45771 17893.3 43741.2 47694.2 61750.8 19037.1 61764.5 43026.5 13905.8 89552.9 19529 94339 44701 86437 44240.8 53276.8 55789.1 63378.5 26554.8 69741.3 
45096 49736.3 15849.3 15825.6 43119.5 39144.9 45922.1 20220 24891 57720.9 51382.2 62472.5 14921.5 55247.2 47081.4 26604.7 24569.3 37334.3 58196 64915.9 
54528.6 59858.8 18278.4 8628.44 34800.1 45802.4 50733.2 25350.5 32596 48000 61473 53235 15230.6 48176.9 57051.9 15984.1 19258.5 26468.3 68551.1 72418.9 
27721.8 59549.4 12492 25948 64936 58234.4 21587.3 4833.22 44149.4 58869.4 61159 61470.6 16140 48944.9 31653.3 45419.2 24324.9 54962.2 66204.8 42415.7 
73661 50160.2 48230 41184.7 27684.7 26016.3 78822.9 53237.6 23553.6 74219.2 51304 80361.7 46246.5 78911.1 74165.3 30802.9 51789 36669.9 58809.9 95852.6 
48259 28140 36793.5 38478.7 51207.1 18216.5 59808 37800.1 5234.5 79945.6 29706.1 84990.9 37034.2 78136.9 47835.8 42494.8 47430.5 52528.9 37030.4 71760.7 
57632.1 68947.3 18454.5 5100.98 36787 55358.6 49307.7 26163.3 42138 38592.4 70578.3 43710.4 14787.2 38874.7 60800.1 16122.7 12218.8 24334.3 77524.2 72988.3 
23771.6 31010.3 37873.7 47600.1 74685.3 41371.7 43785.2 33305.4 32368.2 87811.2 32400.2 91380.1 40493.1 80259.1 21858.6 60682.2 51948.1 71438.2 35830.9 47670.7 
34709.2 20359.3 51704.2 60144.6 81997.6 39071.7 57578.5 47724.7 35186.4 101300 21301.9 105170 54004.9 94580.4 31170.8 70685.9 65596.4 81301 22605.5 57229.7 
16269.3 59772.4 25276.9 38739.8 77151.1 63690.8 14800 17568.4 50584.6 69740.2 61256.6 71661.2 28936 57821.5 20902.2 58011.5 36603.4 67709.7 65058.8 30016.7 
43765.9 39618.4 24186.8 26004.8 46740.2 30054 50190.8 26189.5 15620.5 67825.8 41256.4 72652.1 24216.7 65338 44680.4 33600.1 34615.7 44244.9 48176.9 65773.2 
57142.4 43009.1 33084.7 29203.6 35745.3 25079.9 62425.6 37202.3 13591.2 68119.5 44478.9 73682.4 31753 69175.5 57911.8 27706.5 39568.3 37249 51995.5 79110.3 
13064.8 66993.3 45056.4 58516.1 96687.6 77050.6 20673.7 37356.3 65560 86756.8 68200.1 87808 48708.2 72779.2 16307.7 77776.4 55692.5 87505 69986.1 11370.1 
41434.9 86958 34985.7 44443.8 84475.4 86807.4 15698.4 31126.4 72611 56033 88508.4 55501.4 37119.4 39550.6 46465.7 63804.5 35850.4 70667.2 92802.9 38736 
55566.6 94282.7 35227.8 39538 76299.7 89434 31488.4 35135.3 75006.7 39470.7 95914 38363.1 35702.2 22308.1 60523.9 56170.9 29080.1 60862.2 101175 56026.1 
33602.4 58851.1 5842.09 19263.4 58120.7 54709.1 27828.9 2024.85 40349.6 54664.9 60498.3 57827.5 9503.68 46541.4 37138.3 38583.4 19103.9 48196.5 66125.5 49254.1 
32390.3 86298.1 57496.6 70414.6 110388 95839.1 25762.4 50303.6 83771.7 90749.1 87487.4 90409.3 60907.6 74456.5 35414.1 90431.2 65049.6 99244.6 89063.2 10163.7 
49994 14115.6 66096.1 73090.6 89169.6 39258.8 73506.3 62844.1 41206.9 114862 13670.4 119107 68030.9 109331 46013.2 80880.2 79621.4 91101.4 9420.19 71405.7 
55874.6 13464.8 53505.9 55904.7 63467.9 12419.3 72598.9 53415.8 17159.3 97267.2 14625 102381 54094.1 95481.1 53926.8 58386 64756.5 67763.2 22184 79816.8 
20707.7 74027 52353.6 65760.6 104459 85030 24648.3 44716.6 73708.2 91715.4 75162.6 92283.5 55969.7 76821.4 23049.5 85283.8 62191.4 94817.1 76466.5 3264.97 
61733.1 18470.8 76823.8 82887.5 95059.8 42480.7 85364.2 74030.3 47941.3 124812 17069.9 129304 78525 120126 57639 88870.8 90037.9 98707.9 9484.72 82682.8 
48210.4 16133.5 46185 49729.3 62129.7 17074.2 64459.7 45631.8 14143.9 91504.2 17723.4 96375.6 47047.2 88722.2 46547.3 54504.7 58035.2 64443.6 24994.8 72182.6 
29076.5 83071.6 52252.9 65143.8 105153 91627.3 20501 45101 79296 85945.6 84316.8 85779.8 55651.1 69901.2 32607.5 85167.4 59794.3 93967.3 86263 10259.1 
62250.9 94645.1 33809.5 33771.7 66798 86542.7 40566 36357.3 72339.8 27577.2 96305.2 27224.4 33005.6 11868 66993.3 47473.5 23294 50731.2 102199 66161.3 
59220 47670.7 31978.1 26337.2 31705.7 29233.5 62589.5 36923.8 18253.8 64047 49142.8 69722.7 30179.6 65861.4 60333.9 23085.3 36904.9 32586.7 56656.2 80535.5 
95532.7 68632.1 67136.1 57467.4 25063.9 43311.5 98961.5 73090.6 45016.1 81398.3 69503.5 87882.2 64548.4 90228.6 96154.5 40924.6 67439.6 41031.2 76626.1 117349 
79936.1 63425.3 48463.3 38172.5 13695.3 39902.5 80703.5 54871.5 35196.2 64283.2 64657.4 70661.4 45661.6 71574.9 81229.6 21982.3 48058.5 24626 72224.4 100543 
69187.6 38202.7 50734.7 46867.5 40425 13381 78498.5 54165.1 15795.3 83828.5 39225.5 89715.7 49595.6 86458.9 68862.5 41023.9 57354 48307.6 46613.5 92474.1 
30991.9 75498.7 27145 38756.9 79266.9 76333.3 7700 21651.8 62349.1 59402.4 77038.8 60091.3 30008.3 44922.2 36000.1 58800.2 32244.4 66928.3 81268.2 33700.6 
67763.2 82166.3 28639.8 17415.2 38486 67601.8 55097.4 35843.1 54892.3 25655 83792.2 31171.3 25251.7 29461.3 71407.7 20135.8 16137.2 22419 90772.7 80333.8 
70994.1 67242.3 34956.7 22779.8 17949.4 47589.6 67314.6 42223.5 37815.5 48437.3 68715.4 54645.2 31644.3 54548.5 73206.9 5063.6 31761.6 13017.7 76226.6 89330.2 
61081.6 46695.3 34832.3 29217.1 31384.4 27128 65205.6 39629.5 17240.9 66417.2 48120.3 72168.8 33084.1 68606.9 62005.9 24749.1 39800.5 33753.5 55682.1 82717.9 
14447.5 66051.2 35226.4 48621.5 87568.5 72669.3 11738 27617.6 60104.1 76349.7 67421.4 77544.1 38834.6 62727.1 19379.4 68203 45299.1 77680.4 70307.7 19635.2 
33847.9 22351.1 53100.8 61948.7 84556.8 41775.7 57413 48803.5 37894.2 102868 23166.4 106621 55523.7 95742.7 30037.5 72958.3 67081.4 83605.9 23703.6 55862.8 
43139.3 18006.9 61751.8 69726.9 88927 41620.3 67077.3 57911.8 41102.4 111152 18157.1 115137 63951.5 104732 39056.5 79097.4 75559 89555.9 15973.1 64344.2 
73256.3 60276.4 41407.4 31402.5 16966.4 38234.1 73631 47800.6 31166.2 60385.8 61615.9 66625.1 38643 66300.1 74708.6 17065.8 41504.7 22541.1 69211.7 93597.5 
25277.1 78848.3 54567.4 67847.3 107109 89404.3 24897.4 47054.5 77816.5 91739.7 79997.8 91961.4 58123.4 76268.5 27868.6 87610.8 63578.4 96893 81360.7 2332.38 
85241.6 56902.2 59747.8 51773.1 28306.4 31605.7 90644.8 64988.7 33567.8 81231.6 57807 87582.5 57580.6 87801.4 85558.5 38388.1 62236.7 41584.3 64999.8 107633 
50308.6 75823.8 15134.4 15575.6 53926.8 67259.6 35356.6 19759 53021.2 35994 77487.8 38916.6 13775.3 28181.2 54464 33320.9 5283.94 39884.1 83636 60811.3 
83917.4 76413.7 47539.5 34780 6500 54364.7 79678.6 54948.4 47119 50728.5 77776.9 57219.7 44108.2 60561.5 86075.9 14712.2 42546.6 10423.5 85369.6 102144 
62667.1 13375.4 61302.2 63221.9 67475.4 13978.6 80255.6 61305.9 23720 104251 13692.7 109499 61797.8 103012 60382.9 64335.1 72308.6 73244.6 20163.6 86497.4 
55638.6 50056.4 26185.9 20529.2 33241.7 33856.5 57307.1 31491.7 21371.5 59424.6 51604.7 64911.1 24262.1 60351.1 57164 20667.1 31036.3 31022.1 58966.5 76180.4 
25994.6 63471.6 17167.7 30359.2 70031.6 63492.4 15920.1 10044.9 49536.8 59942.1 65049.5 61977.6 20662 48473.7 30450.8 50200.4 27047.4 59407.9 69709.3 37865.2 
54328.1 8178.63 55766 59222.5 68628 17525.1 72636.4 54974.2 21666.8 100893 9424.44 105846 56663.4 98335.8 51958.2 62892.4 67641.6 72475.4 17018.8 78107.2 
41023.5 77329.6 19859.5 28214.4 68280.7 73617.4 21276.3 18312 59203 46188.5 78956 47376 21408.6 33004.4 45758.7 47611.4 19834.6 54807.4 84175.8 47242.4 
35114.2 73714.3 19811.6 30480.3 70982 71817.1 15935.5 15961.5 57526.5 52114.5 75315.4 53380.2 22244.3 38960.6 39898.4 50425.5 23612.9 58360 80204.3 41682.9 
16101.2 58220.4 24515.3 37963.8 76042.4 62045.5 16404.9 16807.4 48961.2 69827.9 59711.7 71892.5 28182.4 58261.9 20541.2 57057.6 36260.9 66856.6 63583.1 31185.3 
107296 79294.5 77962 67564.3 30893.5 54029.6 110069 84192.9 56711.6 87327.5 80064.3 93825.4 75200.1 97822.7 107961 49647.3 77136 47601.8 86983 128959 
72440.7 54010.7 44119.2 35920.1 22811.6 30973.9 75549.9 49722.9 25732.9 67805 55266.7 73968.7 41816.9 72833 73377.1 24382.2 46424.7 30360 62846.6 93889.8 
78501.6 54191.2 52102.3 44214.3 25301.4 29495.9 83129.1 57416.7 28328.3 75091.5 55267.5 81354.8 49924.9 80841.8 79053 31814.8 54722 36314.2 62702.5 100572 
