100 20 18
777 335 649 27 763 426 211 429 862 135 22 167 11 373 784 324 413 980 862 281 
305 925 84 327 336 505 846 729 313 857 124 895 582 545 814 367 434 364 
15 6 14 11 6 0 16 11 2 3 15 2 8 5 4 13 3 13 5 5 5 3 3 0 4 11 2 11 8 14 8 16 15 13 4 10 12 7 3 2 6 10 17 16 12 9 2 11 10 6 2 2 7 4 8 3 4 10 13 5 16 17 6 15 0 5 2 17 7 3 11 15 8 2 16 6 15 12 4 3 12 15 13 13 1 17 11 4 4 7 16 8 2 2 2 2 9 1 17 8 
87.9255 72.5025 54.4537 42.8796 6.62118 48.5989 86.9071 61.3453 44.4154 62.7319 73.7066 69.2234 51.343 72.21 89.4687 24.0187 51.8955 22.4036 81.2547 107.828 
71.604 88.6874 33.271 23.4267 43.0763 74.4005 56.7609 39.9731 61.6393 18.9024 90.3208 24.3731 30.1617 23.9493 75.5054 26.1765 19.5921 26.4705 97.233 82.4839 
52.3154 51.1528 21.7083 16.8077 35.9961 36.842 52.9748 27.1205 23.523 57.0453 52.7471 62.3083 19.8217 56.9245 54.1133 21.0319 27.1017 31.7345 59.9403 72.3219 
61.2217 42.5625 37.9569 33.5049 34.5971 22.2407 67.2527 42.0975 13.3959 71.3011 43.9356 77.027 36.5472 73.2014 61.7486 29.5787 43.9957 38.3208 51.5248 83.5144 
38.5265 86.2968 37.4342 47.8453 88.181 87.6614 12.7059 32.6719 73.6614 61.225 87.8087 60.7003 39.911 44.7362 43.5167 67.5287 39.8323 74.7918 91.7401 33.8378 
94.3722 80.0585 59.5826 47.2889 6.7897 56.0137 91.96 66.7582 51.9782 61.845 81.2527 68.3381 56.2896 72.9999 96.1131 27.4591 55.4923 22.7178 88.7925 113.667 
81.7602 77.2555 44.5426 31.4721 10.9731 56.0817 76.3911 52.082 47.8029 46.3787 78.671 52.8592 41.0235 56.0501 84.1338 11.4965 38.6804 6.0075 86.2404 99.3308 
51.923 25.3237 41.6371 42.7949 52.1676 13.4391 64.4736 42.7011 4.20595 83.94 26.7918 89.1162 41.7852 82.6614 51.1544 45.2712 52 54.9365 34.3118 75.6374 
41.903 62.8208 2.62488 11.3464 51.3622 55.2841 33.8817 10.0499 40.8883 47.4368 64.4846 51.069 1.86011 41.1752 45.4041 31.2477 11.5663 40.4079 70.6343 56.8423 
28.6447 82.523 50.1618 62.9743 103.068 90.4591 18.2157 43.089 77.9493 83.5405 83.7988 83.3912 53.5287 67.5244 32.4446 83.019 57.4933 91.7476 85.9489 11.9017 
25.8141 44.5881 19.1927 29.8565 62.5182 44.8219 33.0841 15.0336 31.4617 69.1655 46.2027 72.6805 21.9584 61.7599 27.6279 45.6225 33.2946 56.2029 51.3943 47.119 
61.1523 80.0103 22.8405 14.5341 44.7395 67.6923 47.3896 29.4717 54.2089 27.7584 81.662 32.1823 19.8595 26.3973 65.017 24.984 9.10824 29.3847 88.3558 72.7885 
6.16847 47.9437 37.7033 50.3397 84.3586 58.3824 29.8332 30.6811 47.8023 85.9027 49.205 88.3349 41.1807 75.0798 5.75847 67.3873 51.0785 77.8653 51.5062 30.1002 
27.388 50.2113 13.9617 25.8027 61.165 48.8431 29.6096 9.20869 34.9521 63.8549 51.8376 67.1935 17.0792 56.0093 30.088 43.115 28.0432 53.4329 57.1542 46.6053 
92.2356 78.4372 57.4604 45.2134 4.80104 54.5793 89.8484 64.6233 50.1807 60.7068 79.6518 67.2075 54.1776 71.4964 93.9898 25.4466 53.5086 21.1681 87.2062 111.522 
30.8255 81.8296 40.1699 52.1783 92.6603 86.0582 8.27647 33.9201 72.6158 70.448 83.2577 70.3082 43.2251 54.4783 35.6202 72.2447 45.6426 80.4016 86.5035 23.6546 
34.1457 25.4275 36.14 43.0029 65.0173 30.2592 50.3724 33.825 20.8543 84.6681 27.049 88.8982 37.8857 79.4411 32.9569 52.9306 49.4491 63.5708 32.5357 58.0856 
18.643 35.3657 40.6518 51.5123 80.6435 47.8265 41.2826 35.0887 39.0514 90.5349 36.6005 93.7257 43.6206 81.7774 15.9013 65.8684 54.7449 76.6098 38.9371 42.0962 
30.1496 59.891 9.96243 23.4094 62.5538 57.4843 23.5077 2.42074 43.264 56.768 61.5168 59.5243 13.6015 47.3466 33.9872 42.9418 21.9317 52.4361 66.7816 44.8987 
21.7113 61.8855 20.7077 34.0978 73.2688 63.6277 14.4101 13.1529 49.9985 64.2608 63.4263 66.2193 24.3101 52.5178 26.2528 53.7202 31.3129 63.1557 67.72 34.127 
43.1561 39.3581 24.0707 26.2231 47.3621 30.2238 49.7562 25.8954 15.8013 68.0825 41.0001 72.8723 24.1961 65.4313 44.0556 34.1276 34.7052 44.7854 47.88 65.2028 
35.3624 18.6507 48.2996 56.1079 77.1145 34.8076 56.767 44.8486 30.3152 97.5461 19.8842 101.581 50.4034 91.4385 32.3761 66.0444 62.0137 76.6211 22.8281 58.6287 
71.5508 103.747 42.8921 41.2393 70.3393 94.6335 49.0474 45.8268 80.6083 22.809 105.41 20.4749 41.7698 4.70106 76.3417 52.298 31.2436 53.7671 111.426 74.1537 
36.7241 22.1208 39.168 45.4948 65.6247 27.9551 53.6411 37.0815 19.9251 87.3 23.7508 91.6415 40.7806 82.4471 35.2115 54.4546 52.2947 65 29.4054 60.6964 
25.0711 76.6006 38.5467 51.2191 91.4248 81.8086 6.42573 31.6863 68.6619 72.9464 78.0023 73.2673 41.8493 57.7008 29.8518 71.2845 45.72 79.9471 81.0665 20.1099 
68.272 62.3308 33.887 22.9124 19.9449 42.6484 66.3323 40.7657 32.8818 52.6031 63.7942 58.7006 30.8457 57.6222 70.22 9.36483 32.7771 17.9388 71.3182 87.4474 
7.64788 48.1331 43.3896 55.9804 89.4519 60.8922 33.4763 36.36 51.2291 91.4822 49.259 93.8271 46.8603 80.3831 3.00666 72.8097 56.7536 83.3382 50.7276 29.0837 
39.802 61.6702 0.806226 13.2816 52.987 54.9466 32.3037 7.97621 40.5183 49.2724 63.3321 52.7828 3.49285 42.5029 43.3042 33.0248 13.4239 42.3341 69.3653 54.9313 
16.14 68.8675 38.3099 51.642 90.8277 76.0135 11.9 30.7695 63.5324 78.109 70.2084 79.0496 41.8868 63.9641 20.8166 71.3393 47.8968 80.7034 72.8703 16.5496 
43.0228 77.9187 19.3166 26.6511 66.4447 73.4091 23.6932 18.7387 58.9764 43.8622 79.555 45.1648 20.4783 31.0229 47.7017 45.7755 17.8281 52.7418 84.9293 49.6533 
85.1942 68.5829 52.7549 41.7484 9.84937 44.643 85.1474 59.4193 40.6399 64.3529 69.7789 70.8139 49.786 72.9595 86.5837 23.8757 51.1974 24.0277 77.3217 105.509 
60.4745 9.56713 70.2636 75.126 85.054 32.1834 82.3787 68.3141 38.5099 117.005 7.92465 121.754 71.6126 113.409 56.9495 79.716 82.9325 89.3166 3.53553 82.8908 
66.7791 70.72 28.5044 15.2069 26.0432 53.5905 60.0701 36.1565 42.0107 40.1278 72.282 46.0926 24.9088 44.9004 69.5531 5.43783 22.6771 14.0431 79.5953 83.3308 
47.8619 15.3574 64.8741 72.2025 89.3135 40.1628 71.552 61.42 41.3237 113.88 15.1182 118.038 66.8996 108.043 43.833 80.5188 78.5043 90.8248 11.5663 69.1608 
47.9401 50.9148 17.3925 15.0083 40.2747 38.8888 48.2744 22.4475 24.9018 56.576 52.5461 61.5202 15.9138 54.9859 49.9223 23.941 24.5326 34.6902 59.5081 67.6492 
49.1024 74.7393 13.9807 15.2778 54.1599 66.4447 34.4746 18.5065 52.1707 37.243 76.4029 40.1663 12.7769 29.3212 53.241 33.5149 5.44885 40.3555 82.5177 59.8286 
26.3492 79.6656 45.1864 57.9669 98.0899 86.5534 13.2231 38.1694 73.7906 79.1003 80.9938 79.1511 48.5374 63.3942 30.6139 78.0164 52.5148 86.736 83.5135 14.6441 
73.9268 104.601 43.8719 41.1447 68.4547 94.6794 51.9086 47.3097 80.7996 19.4258 106.265 17.0485 42.4802 1.52643 78.6631 50.9495 31.5412 51.8001 112.42 77.1986 
41.5601 12.4535 52.1464 58.849 76.5957 30.8177 62.639 49.3585 28.821 100.643 13.6938 104.939 53.9485 95.4422 38.5467 67.0773 65.5124 77.4479 17.2029 64.793 
90.7317 109.887 53.8897 44.7756 54.9102 94.495 72.558 59.9801 82.3214 5.94643 111.511 10.2903 51.0416 24.026 94.9604 43.6125 39.8077 39.1266 118.491 98.537 
18.28 38.6374 31.797 42.7855 73.4854 46.185 35.9234 26.3822 35.2881 81.7017 40.0844 84.9523 34.7701 73.2378 17.9201 57.8055 45.8947 68.5007 43.7879 42.1048 
13.6854 47.2952 27.693 40.1603 74.6073 53.1994 27.2342 20.9859 41.1351 76.6039 48.7562 79.3638 31.1045 66.78 15.7544 57.2766 41.3319 67.7106 52.4661 35.8912 
32.0039 42.083 19 27.0601 56.7726 39.3573 38.8402 17.4416 25.5562 68.0254 43.7375 72.0256 20.8626 62.3013 33.4153 40.8001 32.4692 51.514 49.5997 53.6213 
52.5419 2.7313 61.2046 66.4248 78.8592 27.8869 73.6579 59.1859 31.2775 108.35 2.96816 112.992 62.6231 104.401 49.3447 72.0478 74.0017 81.9398 7.56902 75.5275 
60.0262 48.0942 32.6087 26.7092 31.0006 29.3061 63.3202 37.6303 18.6432 64.0647 49.555 69.7782 30.7561 66.0996 61.1383 22.8127 37.3001 32.1758 57.0824 81.3298 
54.5212 20.301 73.2105 80.4967 96.4105 45.6089 78.9066 69.6737 48.5161 122.208 19.4371 126.381 75.2447 116.358 50.1941 88.3857 86.8493 98.5853 12.9035 74.7 
55.0142 36.5941 35.7677 33.9629 41.4403 19.5931 62.9918 38.7342 7.15612 73.9465 38.0552 79.3742 35.028 74.1271 55.2526 34.1204 43.9527 43.6726 45.5827 77.7821 
40.152 51.6779 10.4235 15.3395 48.3322 43.7924 39.6602 13.9671 29.3641 56.6845 53.3414 60.9528 10.6104 52.3072 42.563 30.4647 21.7407 40.9585 59.7522 59.1108 
41.8961 24.1456 37.1517 41.4656 58.6046 22.6312 56.0601 36.521 12.7456 83.3866 25.8031 88.0633 38.1534 79.9196 40.9928 48.4004 49.3129 58.7716 32.5272 65.7213 
75.6897 77.1891 37.2518 23.8296 20.1556 58.1414 68.3592 44.9392 47.9176 38.8726 78.6985 45.2448 33.6204 47.1666 78.451 6.71193 29.91 5.23927 86.1485 92.0149 
45.771 17.8933 43.7412 47.6942 61.7508 19.0371 61.7645 43.0265 13.9058 89.5529 19.529 94.339 44.701 86.437 44.2408 53.2768 55.7891 63.3785 26.5548 69.7413 
45.096 49.7363 15.8493 15.8256 43.1195 39.1449 45.9221 20.22 24.891 57.7209 51.3822 62.4725 14.9215 55.2472 47.0814 26.6047 24.5693 37.3343 58.196 64.9159 
54.5286 59.8588 18.2784 8.62844 34.8001 45.8024 50.7332 25.3505 32.596 48 61.473 53.235 15.2306 48.1769 57.0519 15.9841 19.2585 26.4683 68.5511 72.4189 
27.7218 59.5494 12.492 25.948 64.936 58.2344 21.5873 4.83322 44.1494 58.8694 61.159 61.4706 16.14 48.9449 31.6533 45.4192 24.3249 54.9622 66.2048 42.4157 
73.661 50.1602 48.23 41.1847 27.6847 26.0163 78.8229 53.2376 23.5536 74.2192 51.304 80.3617 46.2465 78.9111 74.1653 30.8029 51.789 36.6699 58.8099 95.8526 
48.259 28.14 36.7935 38.4787 51.2071 18.2165 59.808 37.8001 5.2345 79.9456 29.7061 84.9909 37.0342 78.1369 47.8358 42.4948 47.4305 52.5289 37.0304 71.7607 
57.6321 68.9473 18.4545 5.10098 36.787 55.3586 49.3077 26.1633 42.138 38.5924 70.5783 43.7104 14.7872 38.8747 60.8001 16.1227 12.2188 24.3343 77.5242 72.9883 
23.7716 31.0103 37.8737 47.6001 74.6853 41.3717 43.7852 33.3054 32.3682 87.8112 32.4002 91.3801 40.4931 80.2591 21.8586 60.6822 51.9481 71.4382 35.8309 47.6707 
34.7092 20.3593 51.7042 60.1446 81.9976 39.0717 57.5785 47.7247 35.1864 101.3 21.3019 105.17 54.0049 94.5804 31.1708 70.6859 65.5964 81.301 22.6055 57.2297 
16.2693 59.7724 25.2769 38.7398 77.1511 63.6908 14.8 17.5684 50.5846 69.7402 61.2566 71.6612 28.936 57.8215 20.9022 58.0115 36.6034 67.7097 65.0588 30.0167 
43.7659 39.6184 24.1868 26.0048 46.7402 30.054 50.1908 26.1895 15.6205 67.8258 41.2564 72.6521 24.2167 65.338 44.6804 33.6001 34.6157 44.2449 48.1769 65.7732 
57.1424 43.0091 33.0847 29.2036 35.7453 25.0799 62.4256 37.2023 13.5912 68.1195 44.4789 73.6824 31.753 69.1755 57.9118 27.7065 39.5683 37.249 51.9955 79.1103 
13.0648 66.9933 45.0564 58.5161 96.6876 77.0506 20.6737 37.3563 65.56 86.7568 68.2001 87.808 48.7082 72.7792 16.3077 77.7764 55.6925 87.505 69.9861 11.3701 
41.4349 86.958 34.9857 44.4438 84.4754 86.8074 15.6984 31.1264 72.611 56.033 88.5084 55.5014 37.1194 39.5506 46.4657 63.8045 35.8504 70.6672 92.8029 38.736 
55.5666 94.2827 35.2278 39.538 76.2997 89.434 31.4884 35.1353 75.0067 39.4707 95.914 38.3631 35.7022 22.3081 60.5239 56.1709 29.0801 60.8622 101.175 56.0261 
33.6024 58.8511 5.84209 19.2634 58.1207 54.7091 27.8289 2.02485 40.3496 54.6649 60.4983 57.8275 9.50368 46.5414 37.1383 38.5834 19.1039 48.1965 66.1255 49.2541 
32.3903 86.2981 57.4966 70.4146 110.388 95.8391 25.7624 50.3036 83.7717 90.7491 87.4874 90.4093 60.9076 74.4565 35.4141 90.4312 65.0496 99.2446 89.0632 10.1637 
49.994 14.1156 66.0961 73.0906 89.1696 39.2588 73.5063 62.8441 41.2069 114.862 13.6704 119.107 68.0309 109.331 46.0132 80.8802 79.6214 91.1014 9.42019 71.4057 
55.8746 13.4648 53.5059 55.9047 63.4679 12.4193 72.5989 53.4158 17.1593 97.2672 14.625 102.381 54.0941 95.4811 53.9268 58.386 64.7565 67.7632 22.184 79.8168 
20.7077 74.027 52.3536 65.7606 104.459 85.03 24.6483 44.7166 73.7082 91.7154 75.1626 92.2835 55.9697 76.8214 23.0495 85.2838 62.1914 94.8171 76.4665 3.26497 
61.7331 18.4708 76.8238 82.8875 95.0598 42.4807 85.3642 74.0303 47.9413 124.812 17.0699 129.304 78.525 120.126 57.639 88.8708 90.0379 98.7079 9.48472 82.6828 
48.2104 16.1335 46.185 49.7293 62.1297 17.0742 64.4597 45.6318 14.1439 91.5042 17.7234 96.3756 47.0472 88.7222 46.5473 54.5047 58.0352 64.4436 24.9948 72.1826 
29.0765 83.0716 52.2529 65.1438 105.153 91.6273 20.501 45.101 79.296 85.9456 84.3168 85.7798 55.6511 69.9012 32.6075 85.1674 59.7943 93.9673 86.263 10.2591 
62.2509 94.6451 33.8095 33.7717 66.798 86.5427 40.566 36.3573 72.3398 27.5772 96.3052 27.2244 33.0056 11.868 66.9933 47.4735 23.294 50.7312 102.199 66.1613 
59.22 47.6707 31.9781 26.3372 31.7057 29.2335 62.5895 36.9238 18.2538 64.047 49.1428 69.7227 30.1796 65.8614 60.3339 23.0853 36.9049 32.5867 56.6562 80.5355 
95.5327 68.6321 67.1361 57.4674 25.0639 43.3115 98.9615 73.0906 45.0161 81.3983 69.5035 87.8822 64.5484 90.2286 96.1545 40.9246 67.4396 41.0312 76.6261 117.349 
79.9361 63.4253 48.4633 38.1725 13.6953 39.9025 80.7035 54.8715 35.1962 64.2832 64.6574 70.6614 45.6616 71.5749 81.2296 21.9823 48.0585 24.626 72.2244 100.543 
69.1876 38.2027 50.7347 46.8675 40.425 13.381 78.4985 54.1651 15.7953 83.8285 39.2255 89.7157 49.5956 86.4589 68.8625 41.0239 57.354 48.3076 46.6135 92.4741 
30.9919 75.4987 27.145 38.7569 79.2669 76.3333 7.7 21.6518 62.3491 59.4024 77.0388 60.0913 30.0083 44.9222 36.0001 58.8002 32.2444 66.9283 81.2682 33.7006 
67.7632 82.1663 28.6398 17.4152 38.486 67.6018 55.0974 35.8431 54.8923 25.655 83.7922 31.1713 25.2517 29.4613 71.4077 20.1358 16.1372 22.419 90.7727 80.3338 
70.9941 67.2423 34.9567 22.7798 17.9494 47.5896 67.3146 42.2235 37.8155 48.4373 68.7154 54.6452 31.6443 54.5485 73.2069 5.0636 31.7616 13.0177 76.2266 89.3302 
61.0816 46.6953 34.8323 29.2171 31.3844 27.128 65.2056 39.6295 17.2409 66.4172 48.1203 72.1688 33.0841 68.6069 62.0059 24.7491 39.8005 33.7535 55.6821 82.7179 
14.4475 66.0512 35.2264 48.6215 87.5685 72.6693 11.738 27.6176 60.1041 76.3497 67.4214 77.5441 38.8346 62.7271 19.3794 68.203 45.2991 77.6804 70.3077 19.6352 
33.8479 22.3511 53.1008 61.9487 84.5568 41.7757 57.413 48.8035 37.8942 102.868 23.1664 106.621 55.5237 95.7427 30.0375 72.9583 67.0814 83.6059 23.7036 55.8628 
43.1393 18.0069 61.7518 69.7269 88.927 41.6203 67.0773 57.9118 41.1024 111.152 18.1571 115.137 63.9515 104.732 39.0565 79.0974 75.559 89.5559 15.9731 64.3442 
73.2563 60.2764 41.4074 31.4025 16.9664 38.2341 73.631 47.8006 31.1662 60.3858 61.6159 66.6251 38.643 66.3001 74.7086 17.0658 41.5047 22.5411 69.2117 93.5975 
25.2771 78.8483 54.5674 67.8473 107.109 89.4043 24.8974 47.0545 77.8165 91.7397 79.9978 91.9614 58.1234 76.2685 27.8686 87.6108 63.5784 96.893 81.3607 2.33238 
85.2416 56.9022 59.7478 51.7731 28.3064 31.6057 90.6448 64.9887 33.5678 81.2316 57.807 87.5825 57.5806 87.8014 85.5585 38.3881 62.2367 41.5843 64.9998 107.633 
50.3086 75.8238 15.1344 15.5756 53.9268 67.2596 35.3566 19.759 53.0212 35.994 77.4878 38.9166 13.7753 28.1812 54.464 33.3209 5.28394 39.8841 83.636 60.8113 
83.9174 76.4137 47.5395 34.78 6.5 54.3647 79.6786 54.9484 47.119 50.7285 77.7769 57.2197 44.1082 60.5615 86.0759 14.7122 42.5466 10.4235 85.3696 102.144 
62.6671 13.3754 61.3022 63.2219 67.4754 13.9786 80.2556 61.3059 23.72 104.251 13.6927 109.499 61.7978 103.012 60.3829 64.3351 72.3086 73.2446 20.1636 86.4974 
55.6386 50.0564 26.1859 20.5292 33.2417 33.8565 57.3071 31.4917 21.3715 59.4246 51.6047 64.9111 24.2621 60.3511 57.164 20.6671 31.0363 31.0221 58.9665 76.1804 
25.9946 63.4716 17.1677 30.3592 70.0316 63.4924 15.9201 10.0449 49.5368 59.9421 65.0495 61.9776 20.662 48.4737 30.4508 50.2004 27.0474 59.4079 69.7093 37.8652 
54.3281 8.17863 55.766 59.2225 68.628 17.5251 72.6364 54.9742 21.6668 100.893 9.42444 105.846 56.6634 98.3358 51.9582 62.8924 67.6416 72.4754 17.0188 78.1072 
41.0235 77.3296 19.8595 28.2144 68.2807 73.6174 21.2763 18.312 59.203 46.1885 78.956 47.376 21.4086 33.0044 45.7587 47.6114 19.8346 54.8074 84.1758 47.2424 
35.1142 73.7143 19.8116 30.4803 70.982 71.8171 15.9355 15.9615 57.5265 52.1145 75.3154 53.3802 22.2443 38.9606 39.8984 50.4255 23.6129 58.36 80.2043 41.6829 
16.1012 58.2204 24.5153 37.9638 76.0424 62.0455 16.4049 16.8074 48.9612 69.8279 59.7117 71.8925 28.1824 58.2619 20.5412 57.0576 36.2609 66.8566 63.5831 31.1853 
107.296 79.2945 77.962 67.5643 30.8935 54.0296 110.069 84.1929 56.7116 87.3275 80.0643 93.8254 75.2001 97.8227 107.961 49.6473 77.136 47.6018 86.983 128.959 
72.4407 54.0107 44.1192 35.9201 22.8116 30.9739 75.5499 49.7229 25.7329 67.805 55.2667 73.9687 41.8169 72.833 73.3771 24.3822 46.4247 30.36 62.8466 93.8898 
78.5016 54.1912 52.1023 44.2143 25.3014 29.4959 83.1291 57.4167 28.3283 75.0915 55.2675 81.3548 49.9249 80.8418 79.053 31.8148 54.722 36.3142 62.7025 100.572 
