150 30 13
777 335 649 27 763 426 211 429 862 135 22 167 11 373 784 324 413 980 862 281 84 505 313 895 814 364 87 178 403 399 
9320 600 6760 3680 7390 120 2260 5860 940 5390 7950 5700 4340 
2 9 5 3 6 8 8 4 9 0 5 3 12 0 4 1 1 7 7 1 3 2 0 7 12 4 11 12 2 10 10 6 10 1 10 3 4 6 5 9 5 2 3 7 3 6 9 0 1 4 3 9 6 3 12 1 7 0 10 11 6 1 9 0 3 6 12 2 7 6 11 1 7 8 10 4 11 3 7 0 11 7 9 1 1 4 4 6 12 8 10 6 3 12 8 9 8 11 2 7 4 7 4 4 2 10 6 1 12 12 10 11 5 6 1 6 1 2 4 9 0 0 3 2 9 10 12 2 0 0 7 3 8 12 9 2 3 7 1 1 5 11 6 11 4 2 9 4 1 7 
297.121 487.409 135.801 243.387 586.083 463.036 324.423 104.676 322.902 635.21 503.83 671.048 162.791 564.809 321.31 409.034 276.523 513.401 559.558 494.2 362.243 299.708 400.031 616.14 127.91 194.651 449.419 471.069 321.45 239.301 
770.144 476.177 544.868 483.1 333.928 224.288 841.701 589.624 244.477 818.133 485.751 879.682 527.638 864.491 770.561 383.909 589.388 438.694 558.616 998.431 852.099 575.314 415.788 198.177 392.917 547.644 961.962 102.552 290.319 503.954 
298.766 265.59 374.769 456.724 698.035 348.901 480.416 341.141 260.722 868.655 280.794 908.188 396.334 806.12 282.719 569.727 512.411 676.832 325.738 538.446 385.966 531.06 195.87 664.416 222.308 430.01 609.03 504.714 219.272 2.23607 
608.777 812.572 231.672 160.178 468.646 694.141 462.779 294.457 558.158 269.462 829.13 310.44 204.13 244.73 648.514 271.649 91 313.912 895.29 718.471 639.489 68.6222 718.752 599.31 397.85 171.677 521.023 528.095 588.955 597.214 
520.704 115.395 517.929 551.421 653.854 161.003 694.592 511.755 179.36 968.219 129.865 1017.67 526.377 942.83 500.036 590.479 635.815 687.405 205.273 759.785 607.697 643.47 44.2832 565.057 317.53 559.49 824.26 416.915 130.208 223.654 
504.591 460.679 238.732 212.81 387.559 322.876 536.12 281.301 186.196 620.601 476.596 672.579 226.566 614.37 518.31 255.515 311.955 361.179 548.688 714.659 577.772 309.968 367.491 395.601 111.328 252.071 654.122 250.234 222.029 315.626 
845.733 1112.85 516.382 460.57 661.547 989.926 634.856 562.2 857.071 104.709 1129.44 55.0727 495.949 112.539 891.798 512.442 380.349 495.682 1194.64 889.922 853.194 368.208 1019.2 826.03 697.7 461.936 633.114 793.102 889.459 888.915 
560.865 343.628 385.157 369.677 429.703 165.849 651.019 412.074 50.2195 768.96 357.778 823.476 378.826 771.327 560.664 367.212 469.315 460.57 433.462 791.471 643.655 467.077 259.093 367.212 199.542 406.725 776.109 208.312 104.393 298.21 
328.568 245.748 541.806 634.168 868.208 443.687 569.956 495.864 403.656 1040.67 253.032 1077.02 567.183 965.45 288.111 749.016 682.265 855.795 252.834 543.399 404.005 703.708 240.776 816.525 402.558 600.011 689.119 658.485 351.98 182.464 
612.413 301.823 470.027 455.467 468.402 82.1523 724.553 492.995 81.0247 849.817 313.614 905.532 464.812 856.983 606.06 437.221 555.707 523.198 389.071 848.291 697.7 552.958 232.215 373.001 278.173 493.042 851.456 226.153 110.422 328.746 
217.83 371.248 513.546 625.167 911.95 544.266 473.114 453.793 477.117 1010.33 379.76 1040 544.362 915.222 171.292 768.564 653.809 876.057 381.266 417.153 283.833 680.237 351.135 883.585 420.019 574.388 584.015 723.882 431.237 220.785 
731.361 619.112 403.408 298.485 160.153 402.604 726.918 469.392 326.377 580.262 632.776 642.748 374.525 641.078 747.425 147.503 397.775 202.566 708.692 931.074 800.825 374.733 535.415 198.245 341.287 382.205 831.601 137.383 379.803 535.956 
145.774 394.782 404.728 520.125 828.002 517.653 380.737 343.535 425.202 900.245 406.893 929.572 436.406 805.208 117.273 673.06 544.399 780.003 428.005 379.195 229.445 571.512 348.264 816.241 330.442 465.715 499.866 657.59 387.258 169.759 
587.882 302.483 443.137 431.677 465.249 103.817 697.093 465.421 54.2033 829.778 315.279 884.758 438.526 833.334 582.683 422.243 530.928 511.423 391.189 823.001 672.8 529.049 226.638 380.033 250.545 467.124 823.896 227.969 90.7855 307.709 
530.182 772.431 169.8 151.119 521.422 678.174 380.825 221.822 537.018 334.978 789.074 366.531 151.238 267.03 571.316 316.526 45.0444 377.18 851.834 635.912 558.099 65.3682 679.777 635.693 358.71 117.324 444.357 545.809 561.231 542.362 
639.015 495.186 362.416 294.822 282.11 290.725 672.06 414.654 201.467 651.915 509.156 710.697 342.257 682.092 649.367 227.702 401.123 312.605 584.953 852.855 714.37 388.021 410.466 258.496 244.364 360.472 787.2 112.894 254.686 418.918 
444.002 138.062 470.596 520.525 672.408 224.475 624.135 455.544 193.507 939.822 154.693 986.083 483.423 901.417 423.132 585.411 596.632 687.258 219.317 682.939 530.928 608.054 50.3587 602.098 278.352 517.264 753.484 447.161 139.23 148.277 
143.68 672.093 381.047 515.007 904.098 746.59 132.019 304.91 623.077 788.495 685.414 799.186 417.138 649.537 190.539 710.752 481.12 805.597 711.512 167.705 99.2018 516.55 612.283 946.482 451.852 429.684 223.652 801.167 602.904 416.293 
631.668 238.076 538.697 535.956 547.154 15.8114 770.56 553.13 141.23 935.387 247.13 990.437 537.201 937.506 618.463 524.314 633.61 609.361 319.92 870.909 718.579 633.085 189.476 435.726 339.147 567.06 899.394 301.015 136.125 335.412 
160.963 427.984 290.496 407.545 733.368 491.955 317.238 230.671 375.755 786.787 442.634 817.267 322.318 696.521 168.861 568.117 430.308 674.072 480.526 393.634 243.742 457.28 359.707 738.756 238.321 351.484 445.22 583.561 349.857 163.306 
705.025 449.138 476.643 420.171 327.844 208.147 772.371 520.402 189.423 771.76 460.487 831.895 460.369 808.11 707.221 339.882 526.38 407.806 535.494 931.427 786.08 514.191 379.033 226.566 324.201 481.386 892.639 81.0247 239.927 446.448 
859.996 865.047 471.975 337.38 191.638 661.447 774.847 549.102 570.561 378.442 879.696 443.384 435.354 497.784 888.519 168.122 383.564 62.6498 954.912 1017.03 912.089 348.042 776.364 368.17 517.537 421.532 849.415 391.699 620.841 735.664 
260.509 800.201 496.717 626.828 1025.37 884.918 184.358 424.199 761.853 847.001 812.754 847.574 531.154 689.891 297.042 826.574 576.556 915.933 833.01 94.0213 181.334 612.612 745.325 1077.68 588.154 538.005 182.913 935.361 741.482 550.753 
494.144 77.3369 532.824 578.261 703.855 214.73 684.036 518.768 225.488 997.128 93.8616 1044.55 544.737 962.7 469.256 631.495 657.123 730.756 164.012 731.167 580.28 667.45 17.2047 619.001 338.053 578.448 813.03 469.46 172.931 205.295 
543.854 810.264 203.494 194.023 554.982 720.573 375.055 246.343 579.008 315.626 826.906 340.847 189.307 229.611 586.986 352.121 88.1419 405.558 888.541 633.569 565.406 104.12 718.093 674.523 398.026 156.08 426.71 587.777 602.231 575.41 
715.489 361.61 553.263 519.736 446.817 108.462 822.26 583.823 182.538 891.176 370.066 950.081 543.53 916.758 708.798 462.555 624.087 533.274 441.453 951.237 800.756 616.52 310.337 317.97 371.598 569.004 947.931 201.792 212.151 430.01 
660.212 740.074 268.881 134.952 304.253 580.056 572.965 345.951 458.507 352.87 756.003 411.001 232.207 395.001 691.185 104.403 187.211 163.371 827.88 813.089 709.389 154.156 646.747 432.685 348.589 217.568 654.003 374.092 499.937 567.866 
412.698 599.854 27.6586 112.872 502.309 523.18 351.95 100.846 379.158 496.291 616.497 534.627 22.8035 439.602 445.22 305.084 138.852 401.061 678.677 573.283 462.391 159.512 507.687 570.088 188.854 56.5685 456.806 447.219 396.561 371.397 
683.159 402.061 481.864 438.244 375.659 160.153 766.079 519.311 154.923 804.866 413.146 863.873 468.984 832.714 682.309 376.63 543.575 450.156 487.943 913.534 765.969 534.268 334.215 271.002 314.127 492.546 888.96 129.077 201.547 414.403 
667.171 878.093 297.069 223.573 485.989 753.489 505.199 356.91 619.718 203.027 894.625 244.125 270.512 195.092 708.316 302.273 155.913 322.889 961.252 763.944 693.343 135.281 784.166 629.858 463.816 237.699 550.328 572.47 652.228 663.895 
631.656 377.669 436.715 402.449 390.57 155.589 715.668 470.979 108.167 783.164 390.124 840.524 425.921 801.11 631.419 363.127 506.333 445.907 465.907 861.701 714.267 499.545 302.3 306.491 263.41 451.04 839.231 152.329 158.858 366.285 
374.363 914.025 575.083 698.896 1102.82 993.866 250.569 507.711 867.666 868.254 926.607 860.285 607.213 699.687 410.099 899.764 635.437 982.748 946.599 172.931 294.015 671.059 858.386 1167.1 687.554 608.911 180.854 1029.72 849.744 663.231 
621.911 413.088 399.805 357.476 355.557 202.475 689.231 439.355 126.143 734.832 426.395 792.306 386.514 754.573 625.5 315.527 462.252 400.586 502.355 847.172 702.34 454.12 332.453 291.481 239.827 410.099 810.558 131.939 180.4 371.652 
467.898 235.593 395.942 424.223 558.789 178.6 603.664 397.669 85.1469 841.259 251.549 890.484 401.932 816.882 458.912 472.547 509.66 573.283 323.804 705.931 554.173 516.551 142.636 497.953 193.352 434.577 732.918 339.991 38.2884 180.069 
227.695 312.554 411.709 512.551 785.504 438.634 446.287 362.178 356.477 911.492 325.228 945.91 439.118 831.515 201.162 645.697 552.794 753.26 351.552 463.068 312.771 576.07 264.426 758.721 295.975 471.123 570.148 599.083 314.102 97.0618 
873.95 672.037 564.907 460.831 145.413 425.92 887.119 628.666 403.609 697.672 683.079 762.287 536.851 782.545 885.037 289.588 558.187 294.335 757.673 1083.2 947.828 533.24 601.652 39.2046 479.15 545.011 993.735 148.337 456.986 647.893 
34.0147 559.904 425.34 557.431 916.081 672.591 267.526 350.001 565.984 884.882 571.686 903.23 461.624 761.757 52.0384 738.366 549.659 840.788 588.647 214.107 64.4981 582.516 512.711 931.125 428.664 483.004 366.285 776.918 535.21 325.719 
831.633 475.943 632.712 576.254 404.797 227.059 921.26 673.374 297.039 910.043 482.673 972.044 617.279 958.718 827.436 475.98 682.552 524.585 550.455 1064.83 915.796 669.108 431.885 243.559 469.294 638.546 1043.88 194.031 332.962 551.294 
708.363 755.066 320.214 185.586 252.539 579.124 628.182 397.316 466.64 365.876 770.611 427.481 283.651 430.465 737.629 68.6586 242.887 107.703 843.976 866.585 760.124 209.423 662.942 391.472 378.93 271.312 709.801 350.561 511.786 599.001 
162.641 416.53 301.942 417.354 738.14 485.956 328.976 243.282 372.361 799 431.045 829.873 333.305 709.717 166.412 575.256 442.109 681.535 468.028 398.016 247.073 468.7 349.654 740.316 241.698 362.861 456.53 584.377 344.768 153.062 
394.635 338.6 275.986 318.925 532.989 286.398 494.065 276.957 150.479 738.221 355.203 784.115 284.529 701.944 397.454 406.341 395.779 512.762 421.228 624.109 476.598 406.208 245.204 512.372 76.6094 317.907 621.933 354.249 144.125 164.149 
253.298 792.526 523.883 655.735 1051.01 889.25 220.484 449.678 770.211 887.144 804.49 888.699 559.035 731.46 284.164 854.365 609.944 945.8 821.005 52.2015 168.514 645.963 741.939 1097.46 602.934 567.789 225.46 952.494 747.062 549.676 
853.353 752.354 498.186 374.037 31.1448 525.179 821.416 570.812 462.031 546.206 765.506 611.138 464.814 644.002 872.968 175.727 456.355 143.283 841.457 1041.34 918.229 426.005 670.774 192.634 471.103 463.797 915.478 238.657 515.912 672.241 
693.745 747.407 305.138 170.511 264.802 575.407 613.013 382.251 460.449 364.94 763.053 425.699 268.555 423.212 723.279 73.0068 228.32 122.801 836.086 851.374 745.161 195.167 654.941 399.722 367.462 256.082 695.018 352.955 504.723 587.553 
86.6487 560.108 313.536 446.9 816.854 629.076 195.226 237.356 507.351 772.653 574.003 792.738 350.069 654.671 132.593 632.74 435.839 733.219 604.948 266.625 130.924 468.837 496.695 845.224 344.398 370.195 316.639 695.696 485.684 300.193 
348.827 348.794 259.856 322.025 568.516 325.498 453.56 249.147 194.178 739.032 365.409 782.06 274.007 691.527 352.575 430.409 388.742 537.76 426.645 578.236 430.633 403.053 258.213 555.446 82.28 308.026 582.244 398.152 181.033 137.928 
549.459 762.86 172.54 123.471 483.257 657.22 413.011 234.386 517.936 327.341 779.475 364.907 146.986 281.149 588.778 278.692 31.3847 339.165 844.126 665.62 582.031 28.8617 669.481 599.437 347.697 113.6 480.817 513.391 545.162 541.133 
576.49 570.629 237.124 148.637 306.341 410.078 560.029 302.538 286.175 522.067 586.315 577.53 209.955 537.584 597.369 145.344 254.772 252.517 659.267 767.294 641.4 241.033 478.127 360.8 205.477 221.894 666.127 248.387 328.536 422.238 
104.69 604.239 326.725 461.307 841.215 671.658 157.471 249.596 547.943 766.416 618.052 783.001 363.373 640.252 154.858 652.396 440.018 750.457 648.069 233.403 115.156 474.27 541.097 876.762 379.033 380.147 274.634 729.496 527.83 344.581 
474.709 174.413 448.092 483.53 612.148 173.971 633.456 443.086 132.371 901.399 190.434 950.007 456.606 873.33 459.308 532.977 566.46 632.87 262.619 714.413 561.883 574.718 81.5414 539.912 247.825 489.781 763.207 385.064 78.0897 176.491 
763.273 489.401 526.339 460.541 309.613 239.852 827.162 573.362 244.624 791.624 499.61 853.285 507.963 839.447 765.405 357.393 566.74 411.947 573.331 989.315 844.233 551.871 425.206 182.214 381.072 527.031 946.177 75.7694 293.157 503.12 
565.662 392.227 353.276 325.498 387.738 212.876 635.106 388.012 97.5295 719.651 406.71 774.796 343.21 726.54 569.956 316.413 427.454 410.742 482.121 790.607 645.85 423.019 305.491 342.113 184.166 369.135 757.552 182.779 149.345 321.442 
443.353 511.892 138.654 144.257 439.386 410.903 442.652 184.716 268.002 563.565 528.411 610.01 129.314 534.879 465.099 267.421 227.759 374.021 595.668 637.075 508.615 233.808 417.938 478.023 100 158.07 557.374 342.808 291.405 316.484 
604.901 714.228 212.132 80.1561 353.278 571.545 515.414 289.014 442.109 363.42 730.458 416.573 175.514 377.737 637.02 147.299 133.959 220.411 800.55 755.19 652.511 104.101 620.249 468.45 311.006 159.703 598.459 392.046 479.153 527.266 
595.552 156.259 557.197 573.266 623.57 97.0206 758.489 560.389 177.8 983.108 165.076 1035.65 561.001 971.796 576.657 585.226 664.959 675.663 238.16 835.103 682.719 668.588 120.615 517.357 354.158 592.839 888.217 379.179 145.962 297.015 
374.001 349.185 261.358 312.815 545.011 307.903 472.017 258.118 172.812 731.498 365.826 776.091 272.208 690.192 378.114 411.306 385.203 518.348 429.829 602.438 455.397 397.373 256.759 529.967 69.2026 305.949 600.051 372.602 164.779 156.349 
70.214 474.979 412.317 537.894 873.066 594.607 323.989 342.462 495.036 894.687 486.763 918.769 446.912 785.493 36.8917 706.135 546.452 811.382 504.67 298.216 149.282 576.71 429.111 874.443 377.115 472.705 435.295 717.541 460.566 246.223 
450.126 488.723 165.747 166.964 432.297 382.832 463.366 207.183 240.142 585.773 505.17 633.455 157.458 561.413 469.086 270.313 254.615 377.763 573.464 650.526 518.531 259.139 394.635 461.069 83.3847 186.132 580.149 321.602 264.764 303.31 
958.188 664.536 689.123 598.385 292.015 411.692 1003.81 745.735 442.36 852.406 672.441 917.098 664.85 936.144 962.106 441.118 700.061 448.786 742.195 1180.27 1037.62 677.747 611.337 116.211 569.453 677.529 1117.17 219.659 489.32 701.294 
549.015 140.801 700.298 764.933 906.353 393.02 783.181 670.671 429.317 1183.73 131.004 1227.55 718.26 1133.21 509.192 833.471 833.783 933.906 65.3911 762.607 625.051 848.539 220.617 812.287 521.199 752.31 905.681 668.231 376.782 331.485 
774.247 679.651 428.155 311.002 108.24 461.395 752.644 498.478 386.747 545.514 693.312 609.295 396.406 621.514 792.879 127.883 402.336 152.118 769.231 966.431 840.636 375.257 595.778 200.823 389.882 399.112 851.621 186.207 440.028 591.069 
598.141 124.868 720.884 775.867 888.978 363.189 825.258 697.132 419.24 1195.15 110.059 1241.3 736.202 1153.53 560.357 829.781 850.527 927.302 36.0694 816.78 676.5 862.951 217.083 784.857 533.401 770.208 949.76 646.574 369.424 360.451 
586.98 48.3322 638.193 677.027 762.992 235.325 787.869 625.873 300.629 1094.23 41.7253 1143.42 648.726 1066.22 557.459 713.238 759.701 807.845 100.045 819.909 671.431 768.37 121.264 656.967 440.583 682.191 916.289 519.432 254.876 308.585 
752.091 651.627 413.192 300.987 132.834 434.815 737.653 481.798 358.603 558.707 665.331 621.885 382.598 627.214 769.708 131.244 396.244 173.104 741.237 947.439 819.752 370.941 567.631 200.192 365.268 387.475 839.181 164.305 411.869 564.256 
686.476 327.185 540.626 515.598 470.473 74 800.885 567.067 157.582 896.666 336.013 954.48 533.094 915.219 678.405 472.382 618.496 548.293 408.104 923.275 772.219 612.945 274.898 348.891 352.955 559.915 927.548 223.66 181.571 398.207 
797.161 908.204 404.623 283.805 351.37 738.848 667.488 477.821 623.67 218.215 924.048 282.781 369.818 328.824 832.948 224.662 281.114 186.003 996.266 921.811 835.733 246.343 815.081 518.117 515.353 345.058 723.747 503.607 666.888 733.224 
344.071 594.577 50.9902 185.54 576.095 550.004 281.517 26.2488 406.177 538.177 611.072 569.959 87.6641 457.739 379.676 379.812 182.497 475.29 667.803 498.55 389.525 211.747 505.835 637.248 206.022 108.374 392.623 507.326 414.135 347.23 
520.247 879.755 282.931 324.785 699.203 824.491 298.171 288.106 680.331 378.338 896.177 379.179 286.211 225.568 568.57 495.892 221.109 548.523 950.781 554.59 519.234 245.522 791.692 815.807 485.412 260.233 311.642 721.084 695.041 625.633 
510.529 826.027 219.829 248.395 624.501 756.897 318.077 240.67 613.313 355.439 842.589 369.381 217.348 233.431 556.386 420.195 144.222 476.8 900.419 578.07 522.422 169.198 735.942 738.999 422.538 188.68 358.776 644.829 631.219 579.379 
538.781 671.591 146.328 16.6433 401.005 548.689 456.228 223.376 412.34 403.091 688.044 450.729 109.659 388.666 571.071 195.256 99.4636 281.149 756.017 691.714 586.837 85.8429 577.509 498.198 260.21 97.0618 545.678 402.492 443.928 471.123 
919.405 824.738 554.813 425.738 58.8303 594.348 875.042 629.321 535.322 539.129 837.705 603.988 520.159 655.049 940.608 224.956 498.655 156.247 913.622 1101.49 982.024 465.997 743.888 228.974 541.503 515.644 963.606 305.761 589.293 745.043 
570.846 836.915 231.249 211.946 557.215 742.873 395.828 274.935 602.103 288.434 853.558 312.463 215.604 202.467 614.37 357.302 108.669 403.555 915.684 655.222 590.689 117.154 744.49 682.739 423.784 181.97 440.855 601.631 626.616 603.511 
611.191 862.986 262.452 223.486 541.128 758.631 436.327 311.448 619.852 248.284 879.619 275.187 242.887 179.109 654.331 346.655 129.004 382.753 943.231 695.932 631.805 125.96 769.925 674.633 448.232 208.83 477.671 602.519 647.158 635.007 
565.107 719.467 171.572 63.8905 412.029 595.716 460.679 246.033 460.197 355.692 735.942 402.616 136.624 342.584 600.004 205.801 75.1665 276.796 803.592 704.577 607.705 47.4342 625.412 523.483 307.044 113.111 540.631 438.316 492.164 515.102 
521.982 216.453 446.025 463.22 555.195 122.188 661.346 452.134 78.2943 876.037 230.887 927.373 449.361 860.598 510.69 490.23 553.586 586.441 306.341 760.796 608.664 557.883 132.774 476.518 243.074 481.175 790.555 323.187 34.4384 228.58 
523.689 146.414 684.202 752.475 905.647 399.606 759.627 652.442 426.808 1170.62 139.262 1213.51 703.143 1116.76 483.414 826.904 818.952 928.433 84.0238 736.21 599.164 834.589 217.862 816.354 508.842 737.153 881.5 669.914 373.472 313.423 
598.506 128.456 580.983 601.985 657.392 127.769 771.093 580.675 209.124 1013.65 135.447 1065.61 586.285 999.124 576.945 618.361 691.978 709.346 206.62 837.342 685.412 696.656 112.606 549.307 378.217 618.561 900.832 412.68 173.185 301.811 
774.665 956.831 397.73 304.095 466.978 811.032 611.569 461.736 685.073 120.934 973.153 179.622 368.057 212.132 815.177 317.052 258.105 300.167 1042.35 870.933 801.706 231.262 862.744 629.007 547.759 337.001 649.888 598.833 722.806 756.345 
642.795 151.611 620.613 636.07 667.261 131.484 815.738 622.685 239.14 1044.32 154.146 1097.45 624.568 1035.09 620.556 641.412 728.358 728.871 216.816 881.385 729.609 731.665 155.193 548.894 417.58 656.403 945.487 420.595 209.504 346.562 
490.486 784.297 176.477 205.934 590.699 711.848 318.277 204.355 568.356 369.088 800.89 390.083 172.386 265.279 534.619 384.896 104.809 448.068 859.782 576.534 509.48 134.183 693.638 699.638 378.541 143.503 374.626 601.973 586.805 540.882 
805.105 881.082 411.122 282.11 294.822 701.128 692.243 486.806 592.112 273.359 896.621 338.213 375.012 383.693 838.373 183.221 300.137 130.384 969.981 942.497 848.892 264.17 788.926 463.001 499.892 354.189 756.419 455.817 637.709 719.69 
665.009 970.341 362.221 344.193 649.25 877.763 452.637 395.324 737.461 228.355 986.978 224.511 349.824 75.7166 711.827 462.65 243.813 485.556 1047.83 709.233 670.47 246.951 878.415 791.046 558.581 316.628 459.831 724.177 762.155 731.391 
291.234 249.596 458.214 548.767 791.205 400.769 512.831 415.337 338.378 956.29 261.444 993.457 482.78 884.613 260.311 665.83 598.205 772.915 284.93 522.8 374.585 619.048 211.936 749.2 318.002 515.83 636.9 589.892 290.193 98.27 
664.003 779.064 270.002 144.554 345.824 627.539 556.386 345.419 502.467 304.416 795.196 361.024 234.137 343.071 697.929 153.883 163.719 192.463 865.934 803.306 707.537 127.906 685.252 482.066 378.336 212.763 629.085 426.433 541.713 594.794 
882.261 799.766 516.736 387.764 52.811 574.282 837.054 591.277 508.24 517.604 813.093 582.626 482.084 626.556 903.93 186.936 461.746 124.085 889.054 1063.49 944.412 429.424 717.22 231.976 506.333 477.696 926.106 288.062 561.843 712.085 
674.273 534.63 380.217 298.931 240.104 322.386 696.078 437.477 242.043 633.61 548.336 693.878 356.881 674.538 686.225 202.425 404.46 278.959 624.239 884.338 748.059 387.866 451.054 225.858 279.589 371.769 808.21 97.5141 295.67 460.196 
327.867 440.556 169.257 250.186 556.343 405.098 381.077 157.686 264.885 659.037 457.131 698.997 187.395 602.2 344.746 392.216 303.449 499.004 516.443 538.658 400.232 321.442 350.721 572.752 73.4098 221.326 506.913 423.382 264.068 207.425 
209.029 335.01 380.728 484.199 767.777 443.696 417.337 329.959 352.026 880.493 348.415 914.346 408.795 799.138 188.68 622.557 521.878 730.075 378.868 447.493 295.655 545.715 279.866 747.797 274.002 440.478 542.407 588.539 313.168 95.5249 
810.038 663.727 482.996 373.591 104.785 431.116 806.945 549.764 378.319 615.325 676.327 679.464 453.345 693.957 824.874 199.685 469.163 215.713 752.13 1011.5 880.471 443.606 585.211 128.787 417.852 459.419 910.355 142.888 432.64 604.452 
633.001 1000.66 398.363 417.346 756.965 935.951 394.554 409.683 792.518 333.924 1017.13 314.668 396.548 154.738 682.268 562.894 311.13 596.178 1072.54 638.941 623.472 325.85 911.846 890.3 601.365 367.143 373.044 810.571 810.359 747.819 
155.563 642.225 305.655 439.659 829.444 694.338 108.632 229.578 565.329 724.694 656.515 738.968 341.76 593.776 205.798 635.437 408.167 730.229 689.854 242.918 152.398 443.301 574.924 875.306 385.8 354.683 231.465 732.274 549.626 378.64 
130.614 663.392 390.621 524.938 911.497 743.398 149.215 314.035 621.795 803.911 676.491 815.163 426.919 665.98 176.173 719.561 493.66 815.354 701.121 160.378 82.0061 528.923 605.345 950.842 454.042 440.477 238.839 804.279 600.221 409.941 
196.01 348.105 436.936 545.388 832.434 488.615 433.074 380.802 408.075 935.641 359.477 967.298 466.669 846.991 161.83 687.285 577.834 794.769 377.16 424.058 277.051 603.165 308.73 809.249 339.013 497.437 552.496 649.696 365.624 148.607 
319.232 730.537 222.266 337.249 742.34 725.536 119.641 171.712 584.132 560.036 746.282 571.238 250.138 424.539 368.049 537.729 274.046 619.63 792.152 376.63 320.025 310.015 650.035 819.825 384.584 247.413 207.087 694.719 584.173 465.408 
298.613 448.688 169.012 264.367 584.39 428.267 354.052 143.569 290.126 665.791 465.13 703.457 192.276 600.75 317.057 416.31 307.847 522.463 521.444 508.178 370.061 328.722 361.137 603.1 103.479 225.411 480.926 453.856 285.477 203.691 
671.745 493.974 403.708 334.94 274.563 274.554 711.916 455.057 205.913 682.087 507.15 741.933 383.694 718.577 680.101 251.938 441.2 327.428 583.106 888.795 748.6 427.117 413.368 226.744 278.469 401.787 827.827 73.5935 260.231 440.219 
884.634 591.711 628.859 546.927 291.488 338.479 938.691 681.91 365.825 832.025 600.187 895.927 606.726 902.404 887.478 407.02 651.049 432.487 671.107 1108.83 964.909 631.383 536.035 116.846 498.691 621.895 1054.56 154.829 412.626 624.942 
159.79 409.099 315.696 430.475 747.985 485.732 337.431 257.163 375.089 812.883 423.383 843.759 346.919 723.409 159.531 586.819 455.935 693.289 458.717 397.291 245.524 482.437 344.42 747.53 250.793 376.591 464.247 590.989 345.722 148.071 
459.353 104.661 591.026 658.238 823.156 338.585 682.879 561.495 343.284 1076.37 109.202 1119.4 609.381 1023.88 424.078 736.156 725.074 838.8 114.11 684.082 540.017 740.438 139.058 744.151 414.643 643.414 807.666 592.976 289.088 222.434 
194.504 730.286 428.029 560.289 954.971 808.327 137.058 353.647 684.553 807.701 743.303 813.615 463.327 659.589 236.713 758.538 517.571 850.606 767.001 125.447 127.534 553.48 672.382 1002.86 511.251 472.787 190.263 859.289 664.639 476.831 
693.663 298.117 572.031 553.954 514.339 52.8015 821.243 594.021 178.885 939.673 305.38 997.016 566.559 954.682 682.356 516.954 655.617 593.526 375.005 932.174 780.217 651.464 256.72 387.398 378.926 594.455 949.067 267.925 190.515 399.731 
445.325 114.232 496.19 550.136 703.96 243.502 636.227 477.699 224.511 969.444 130.545 1015.06 510.327 928.08 421.1 617.629 624.29 719.561 190.536 682.71 531.595 636.592 44.9444 630.906 307.148 544.281 765.006 477 170.179 157.003 
558.757 765.6 179.36 121.511 474.178 656.489 423.757 242.86 517.929 321.179 782.2 360.168 152.411 280.957 597.762 270.15 38.8973 329.079 847.354 676.209 592.003 24.1868 672.06 592.112 350.407 119.57 491.415 508.207 546.101 546.21 
265.03 284.074 476.496 574.729 832.061 446.972 500.292 427.468 384.13 976.194 294.457 1011.01 503.37 896.748 228.845 700.846 617.486 808.26 308.469 489.612 344.781 640.279 255.196 794.001 351.256 535.628 620.987 634.505 336.506 136.033 
231.206 351.16 311.893 410.819 697.924 413.905 395.127 267.66 304.764 811.281 366.306 847.001 338.195 736.827 226.374 548.821 452.637 656.282 409.207 469.158 317.309 475.079 279.517 686.283 201.559 370.6 524.015 528.187 274.016 84.3801 
412.689 484.608 143.224 175.237 469.47 399.01 427.954 174.385 254.772 593.57 501.203 638.437 142.941 557.324 432.695 302.106 250.392 409.011 566.973 612.288 480.418 260.192 391.063 498.959 69.527 174.929 546.531 357.795 272.281 281.78 
414.664 127.063 504.608 569.134 744.478 291.707 619.013 478.853 267.067 987.484 141.089 1030.96 521.829 937.625 386.747 649.463 637.227 753.047 184.391 649.25 499.673 651.952 89.3756 676.528 325.484 555.887 746.481 521.384 213 143.59 
841.628 495.707 632.88 572.051 386.699 245.489 925.534 675.707 307.885 898.546 502.715 960.927 616.294 950.884 838.58 465.01 678.317 510.137 571.013 1073.61 925.262 663.821 449.68 223.002 474.371 636.624 1047.2 183.992 346.071 564.2 
389.514 626.355 23.5372 146.932 546.601 564.64 305.944 70.1783 420.298 492.443 642.947 525.556 50.8035 418.169 425.967 345.944 135.768 437.499 702.157 535.023 431.912 164.976 535.829 619.003 224.199 63.1269 407.933 496.856 433.813 385.996 
546.883 109.444 541.915 571.679 658.736 149.907 721.734 537.343 190.882 987.179 121.758 1037.42 549.455 965.064 525.481 603.464 657.864 698.556 197.649 785.738 633.79 664.624 62.9682 563.089 340.56 582.348 851.409 418.516 145.671 250.41 
255.853 789.543 555.673 688.707 1080.47 898.338 260.768 480.309 783.617 929.453 800.853 931.754 591.338 774.848 279.804 886.019 646.873 979.235 813.354 18 168.671 682.807 743.589 1121.34 623.138 601.722 269.067 974.031 757.786 554.585 
754.63 965.932 389.139 310.345 511.476 831.464 579.221 447.772 701.402 111.018 982.398 156.984 362.527 162.788 796.827 351.4 247.988 344.384 1049.99 839.193 776.861 226.632 871.865 669.813 552.974 329.803 610.47 631.317 736.43 755.499 
429.284 583.378 59.3633 99.1413 474.676 496.488 381.932 126.779 353.01 502.412 600.011 543.843 43.1856 456.724 459.245 280.794 150.801 379.817 664.055 598.374 483.1 165.097 490.368 538.644 168.941 73.736 488.415 415.018 373.202 364.227 
686.236 333.054 535.956 509.513 462.776 80.1561 798.234 563.257 155.631 889.524 342.094 947.444 528.015 908.847 678.735 464.866 612.647 540.542 414.48 922.658 771.804 606.805 279.26 342.041 349.494 554.61 924.653 215.928 181.838 399.169 
929.465 1171.97 586.847 516.405 662.773 1034.2 723.476 638.122 906.38 103.078 1188.46 51.614 563.264 202.485 974.737 536.956 447.234 502.096 1255.75 979.349 939.752 429.979 1077.93 834.656 758.446 529.689 723.156 818.78 942.257 957.423 
492.062 289.928 367.614 380.217 500.373 178.718 603.47 380.159 42.8019 793.565 305.413 844.553 368.816 778.052 488.567 415.554 471.259 515.276 379.148 726.419 576.55 475.017 198.829 445.539 166.364 400.056 731.205 286.356 48.8262 220.484 
452.374 154.457 456.606 501.352 646.421 205.117 623.221 445.394 167.431 920.403 171.026 967.512 467.848 885.736 434.066 561.293 579.974 662.616 239.207 691.937 539.541 590.263 61.0574 576.453 260.86 501.496 752.868 421.233 113.159 153.942 
912.693 1152.78 568.206 497.205 647.309 1015.23 708.837 620.007 887.244 84.7585 1169.26 33.541 544.416 190.003 957.749 518.958 428.422 485.791 1236.58 965.39 923.926 410.932 1058.73 818.426 739.295 510.883 711 800.871 923.066 938.557 
485.092 623.914 98.4124 41.5933 432.412 516.501 420.03 174.631 376.092 453.785 640.47 498.454 63.5138 423.405 516.047 232.177 117.72 327.029 706.883 646.694 536.296 121.202 530.094 511.744 209.476 68.4251 518.299 400.661 402.94 415.849 
382.001 275.812 333.242 385.778 588.069 267.346 516.722 323.062 154.564 804.838 292.453 849.831 345.579 763.574 376.276 471.526 459.004 577.201 355.951 618.807 467.611 471.208 184.253 551.82 142.144 379.427 646.261 392.135 124.169 111.126 
768.376 991.817 409.646 336.4 538.911 860.006 585.144 465.55 729.226 91.3893 1008.32 130.096 384.423 140.616 811.46 380.911 268.881 371.872 1075.4 845.072 787.65 249.898 897.805 698.522 578.07 351.216 610.129 660.928 763.629 778.25 
601.007 903.37 294.81 287.92 622.524 817.108 398.814 326.711 675.563 272.222 919.997 280.492 284.201 143.402 647.124 426.954 183.636 463.862 980.224 657.986 610.44 193.023 811.815 754.29 493.092 251.623 420.954 676.938 698.385 662.959 
777.371 966.207 403.071 312.508 479.843 822.247 610.516 465.842 695.628 109.836 982.558 167.371 374.066 200.831 818.352 329.735 262.772 313.077 1051.47 870.164 803.059 237.118 872.104 642.007 556.249 342.568 646.307 611.433 732.924 763.692 
872.402 797.077 505.27 375.81 61.8142 573.838 825.117 580.039 504.747 506.32 810.561 571.35 470.473 613.978 894.519 175.114 449.04 111.234 886.513 1052.37 933.998 416.621 713.785 240.019 498.222 465.692 913.672 289.085 558.127 705.343 
467.39 727.596 119.038 151.608 548.566 650.54 327.136 161.037 507.159 396.596 744.221 425.593 111.324 314.721 508.523 341.855 66.1891 415.12 804.597 578.545 496.403 102.044 636.177 648.235 318.849 82.1523 402.001 544.92 526.34 489.47 
710.623 846.083 319.102 204.012 374.098 693.578 582.28 391.394 569.577 238.839 862.242 297.31 284.965 297.579 746.967 203.089 194.034 209.468 932.768 835.456 748.601 159.201 752.213 524.684 443.208 258.985 643.112 483.249 608.981 657.864 
168.077 700.009 501.343 635.901 1017.86 811.853 244.092 424.401 700.298 911.285 711.366 919.785 537.82 767.45 190.245 828.812 605.913 925.929 724.657 72.45 81.2712 641.207 654.391 1049.08 547.551 552.277 294.73 898.846 672.509 466.538 
527.444 757.2 158.221 132.095 505.633 660.074 387.105 215.037 519.248 342.864 773.838 377.048 136.883 282.936 567.563 300.108 26.1725 363.793 837.213 640.158 558.229 49.0408 664.299 617.797 342.831 102.825 455.198 526.917 544.142 529.918 
128.693 623.003 317.246 451.807 836.72 683.36 133.72 240.333 557.068 747.359 637.038 762.779 353.726 618.754 178.933 645.317 425.622 741.871 668.566 235.128 130.648 460.332 557.918 877.192 382.884 368.709 253.034 731.859 539.015 361.334 
245.703 771.84 414.889 542.971 943.936 833.694 97.1236 344.703 704.589 762.289 785.464 764.85 448.475 608.608 291.254 743.377 489.818 831.004 813.191 169.012 187.449 525.869 709.087 1002.69 522.015 453.601 128.226 864.121 689.029 512.517 
622.509 509.409 332.746 261.926 281.114 315.493 645.69 387.46 214.709 622.101 523.883 680.307 311.411 649.554 635.108 202.951 368.224 293.832 599.304 832.154 695.955 355.023 422.158 277.995 228.09 328.726 759.224 141.322 266.03 415.159 
195.438 347.57 380.848 487.032 776.486 457.433 407.074 327.844 364.671 880.339 360.799 913.329 409.727 796.328 174.794 628.815 521.969 736.257 389.844 433.706 281.952 546.502 293.493 758.781 281.301 440.985 531.462 599.684 326.382 109.124 
852.772 995.85 467.039 357.771 429.337 830.8 699.683 535.793 713.852 140.246 1011.84 204.788 434.534 287.976 891.476 317.036 332.415 269.492 1083.32 958.33 884.096 301.317 902.327 601.614 596.699 406.079 740.802 594.95 755.972 811.815 
903.064 1108.92 540.668 455.343 574.13 960.089 715.118 599.114 836.226 44.4072 1125.25 74.8131 513.483 219.228 946.167 455 399.516 414.614 1194.33 974.442 921.384 376.92 1014.83 746.861 699.077 481.062 730.756 735.86 874.621 905.272 
651.255 964.268 355.688 344.106 658.317 876.006 436.589 385.918 735.012 245.618 980.894 241.1 344.896 89 698.355 469.315 241.82 495.529 1041.02 692.741 655.463 247.477 872.711 797.747 553.802 312.123 442.634 727.749 758.6 723.136 
117.745 530.386 505.507 634.013 973.753 677.449 362.78 432.77 587.031 976.855 540.048 997.005 540.947 857.309 77.1038 805.821 635.591 910.618 545.06 255 139.431 667.236 498.528 973.143 477.546 564.985 454.357 815.53 549.102 331.119 
715.22 607.557 388.902 286.217 175.482 394.509 712.06 454.28 314.072 578.623 621.392 640.614 360.472 635.02 731.274 144.554 386.704 207.966 697.253 915.256 784.771 364.56 523.054 210.95 325.186 368.917 817.442 137.568 367.18 520.65 
435.997 394.819 242.124 261.283 469.384 300.426 501.059 261.559 156.115 679.601 411.209 727.77 242.72 654.279 445.028 337.93 347.04 444.397 480.313 656.293 513.656 353.193 300.707 461.91 48.7545 274.192 625.272 307.617 172.754 231.355 
754.245 693.705 396.182 273.651 132.88 485.518 719.714 468.74 399.084 501.28 707.941 564.745 363.022 575.243 775.403 82.6378 360.839 116.932 783.575 939.532 817.637 332.555 607.079 246.951 378.356 362.994 815.331 222.036 450.923 587.167 
574.544 735.942 182.165 80.4301 417.412 612.052 463.003 255.196 476.76 339.485 752.423 386.069 148.192 326.719 610.261 212.219 72.2011 277.606 819.954 709.366 615.287 39.2046 641.898 533.24 323.21 122.332 539.508 451.438 508.806 530.295 
609.663 929.534 321.111 321.399 656.101 848.476 396.59 347.369 706.385 279.946 946.138 280.166 312.968 130.587 656.788 461.382 216.335 496.489 1005.22 653.758 614.22 227.22 838.573 788.881 521.464 281.128 408.001 711.452 728.003 685.613 
611.736 146.185 741.242 797.023 909.321 382.099 841.477 716.713 440.386 1216.32 131.229 1262.34 756.836 1174 573.008 851.101 871.296 948.498 57.3847 827.874 689.059 883.906 238.481 803.762 554.423 790.856 965.379 666.48 390.717 379.332 
406.785 428.095 195.533 229.212 483.16 348.174 455.725 213.41 204.002 648.436 444.668 694.262 198.882 614.244 420.415 333.53 307.327 441.076 511.097 620.123 480.983 316.623 334.401 491.799 16.4924 231.4 578.849 341.92 217.083 236.546 
256.457 641.826 182.321 313.665 711.157 644.938 147.801 111.732 505.72 603.564 657.53 622.823 217.002 486.033 301.902 512.455 278.126 604.013 703.301 369.054 278.404 313.193 562.014 771.374 309.302 226.491 267.615 637.154 501.969 376.524 
871.699 1120.21 531.008 465.214 639.345 988.547 667.066 581.083 858.406 73.1642 1136.74 13.0384 508.272 149.272 916.963 500.12 392.168 475.127 1203.28 923.697 882.35 376.447 1026.27 807.2 705.823 474.523 670.048 781.962 892.852 902.372 
211.993 328.299 419.612 524.031 803.874 459.759 438.043 367.049 377.69 919.239 340.472 952.454 448.108 835.455 182.833 661.375 560.761 768.925 363.352 445.253 295.919 584.976 283.537 779.092 312.194 479.588 560.312 619.505 335.491 118.207 
71 610.129 400.889 535.217 909.293 704.778 205.183 323.878 589.607 840.525 622.692 855.573 437.563 710.316 113.886 723.857 516.009 823.299 644.131 179.622 39.6232 550.205 556.601 936.84 434.949 455.334 301.425 786.204 563.72 363.793 
375.047 626.547 36.8917 163.878 563.413 571.686 289.249 56.5155 427.379 501.846 643.099 533.346 67.6757 421.969 412.317 362.933 147.526 454.403 701.086 518.152 416.016 178.213 536.815 634.467 229.386 78.9177 392.413 510.789 438.945 382.335 
408.032 592.963 29.0689 117.346 503.671 517.607 351.638 98.387 373.498 503.254 609.605 541.679 29.8329 446.542 440.092 307.548 145.911 404.401 671.693 570.835 458.656 166.355 500.855 569.254 182.362 63.6396 457.823 445 390.386 364.343 
910.607 606.409 657.037 574.659 307.8 353.624 966.653 709.989 388.909 854.751 614.304 918.869 634.874 927.863 912.8 432.094 678.585 453.71 684.124 1135.63 991.258 658.614 553.831 129.495 525.837 649.945 1082.68 183.003 434.495 648.343 
