175 35 15
777 335 649 27 763 426 211 429 862 135 22 167 11 373 784 324 413 980 862 281 84 505 313 895 814 364 87 178 403 399 676 12 94 570 467 
601 97 902 317 492 652 756 301 280 286 441 865 689 444 619 
10 7 6 7 2 5 14 6 3 3 10 8 11 5 14 5 14 4 3 10 7 13 9 10 0 8 3 4 8 10 3 12 14 8 7 0 14 2 7 4 2 3 10 10 1 5 4 5 12 12 0 14 8 11 13 3 14 3 5 11 10 12 0 3 13 9 12 6 1 4 4 2 2 13 7 1 7 5 2 2 8 5 9 10 14 11 10 4 11 13 6 7 14 3 7 3 13 13 0 6 5 2 13 2 6 1 12 0 0 7 1 12 14 3 2 11 4 12 4 4 12 11 2 5 9 5 11 12 3 9 11 9 4 8 2 6 1 4 2 0 7 1 2 9 9 11 12 1 11 10 0 3 13 2 7 4 0 13 9 1 10 4 7 7 12 1 11 11 6 5 8 1 6 4 3 
922.356 784.372 574.604 452.134 48.0104 545.793 898.484 646.233 501.807 607.068 796.518 672.075 541.776 714.964 939.898 254.466 535.086 211.681 872.062 1115.22 989.45 504.608 707.738 158.218 534.607 541.713 993.759 257.422 556.138 727.195 205.061 794.723 749.022 787.271 455.449 
308.255 818.296 401.699 521.783 926.603 860.582 82.7647 339.201 726.158 704.48 832.577 703.082 432.251 544.783 356.202 722.447 456.426 804.016 865.035 236.546 258.805 492.062 750.177 998.103 535.071 431.821 57.9396 866.341 715.856 554.261 1096.7 272.883 225.535 442.651 517.705 
341.457 254.275 361.4 430.029 650.173 302.592 503.724 338.25 208.543 846.681 270.49 888.982 378.857 794.411 329.569 529.306 494.491 635.708 325.357 580.856 428.434 510.13 172.166 612.657 188.534 412.903 633.329 452.966 168.505 51 698.033 308.462 465.543 160.91 409.441 
186.43 353.657 406.518 515.123 806.435 478.265 412.826 350.887 390.514 905.349 366.005 937.257 436.206 817.774 159.013 658.684 547.449 766.098 389.371 420.962 270.934 572.713 306.545 787.353 311.362 466.995 534.614 628.077 350.464 132.136 875.695 230.846 434.949 67.1193 496.158 
301.496 598.91 99.6243 234.094 625.538 574.843 235.077 24.2074 432.64 567.68 615.168 595.243 136.015 473.466 339.872 429.418 219.317 524.361 667.816 448.987 342.381 251.348 513.321 683.71 232.641 152.643 350.708 550.568 435.005 342.094 782.251 153.734 127 279.78 223.215 
217.113 618.855 207.077 340.978 732.688 636.277 144.101 131.529 499.985 642.608 634.263 662.193 243.101 525.178 262.528 537.202 313.129 631.557 677.2 341.27 242.002 347.635 541.956 784.909 308.577 256.363 271.4 646.261 492.062 352.23 883.179 83.5464 125.734 258.521 330.77 
431.561 393.581 240.707 262.231 473.621 302.238 497.562 258.954 158.013 680.825 410.001 728.723 241.961 654.313 440.556 341.276 347.052 447.854 478.8 652.028 509.284 353.657 299.475 466.374 45.31 273.651 621.969 312.026 173.297 227.607 560.257 331.748 402.204 280.203 242.074 
353.624 186.507 482.996 561.079 771.145 348.076 567.67 448.486 303.152 975.461 198.842 1015.81 504.034 914.385 323.761 660.444 620.137 766.211 228.281 586.287 437.659 638.024 151.644 715.996 321.179 537.82 693.514 558.198 251.319 110.39 794.582 374.961 561.324 195.972 540.56 
715.508 1037.47 428.921 412.393 703.393 946.335 490.474 458.268 806.083 228.09 1054.1 204.749 417.698 47.0106 763.417 522.98 312.436 537.671 1114.26 741.537 714.717 314.992 945.838 850.623 626.573 384.708 480.6 789.023 830.637 796.04 936.84 584.604 377.763 738.935 428.823 
367.241 221.208 391.68 454.948 656.247 279.551 536.411 370.815 199.251 873 237.508 916.415 407.806 824.471 352.115 544.546 522.947 650 294.054 606.964 454.433 537.403 138.708 609.493 211.603 441.862 665.92 450.245 153.496 69.0652 692.243 340.846 498.964 186.979 434.333 
250.711 766.006 385.467 512.191 914.248 818.086 64.2573 316.863 686.619 729.464 780.023 732.673 418.493 577.008 298.518 712.845 457.2 799.471 810.665 201.099 202.428 493.238 700.213 976.139 500.49 422.573 115.551 839.453 673.25 503.754 1074.61 226.296 223.672 390.001 505.914 
682.72 623.308 338.87 229.124 199.449 426.484 663.323 407.657 328.818 526.031 637.942 587.006 308.457 576.222 702.2 93.6483 327.771 179.388 713.182 874.474 748.578 304.897 535.014 267.884 302.152 314.201 765.278 192.512 379.237 510.069 364.446 553.657 519.562 555.645 227.035 
76.4788 481.331 433.896 559.804 894.519 608.922 334.763 363.6 512.291 914.822 492.59 938.271 468.603 803.831 30.0666 728.097 567.536 833.382 507.276 290.837 146.055 597.997 439.191 894.452 398.167 494.191 442.386 737.207 476.59 260.555 986.246 200.032 403.547 153.688 543.266 
398.02 616.702 8.06226 132.816 529.87 549.466 323.037 79.7621 405.183 492.724 633.321 527.828 34.9285 425.029 433.042 330.248 134.239 423.341 693.653 549.313 443.221 160.649 525.519 600.816 210.851 55.3173 426.075 478.524 420.115 380.447 699.28 251.241 181.695 346.192 122.984 
161.4 688.675 383.099 516.42 908.277 760.135 119 307.695 635.324 781.09 702.084 790.496 418.868 639.641 208.166 713.393 478.968 807.034 728.703 165.496 113.952 514.612 628.067 953.798 461.446 430.081 206.17 809.707 616.157 431.854 1051.46 173.217 255.008 314.384 506.759 
430.228 779.187 193.166 266.511 664.447 734.091 236.932 187.387 589.764 438.622 795.55 451.648 204.783 310.229 477.017 457.755 178.281 527.418 849.293 496.533 439.51 211.783 691.99 763.067 391.594 186.097 291.548 654.523 600.9 523.717 860.07 296.22 92.1141 454.688 270.12 
851.942 685.829 527.549 417.484 98.4937 446.43 851.474 594.193 406.399 643.529 697.789 708.139 497.86 729.595 865.837 238.757 511.974 240.277 773.217 1055.09 923.191 485.709 610.532 93 458.656 503.695 954.839 158.24 460.626 640.054 179.778 731.465 709.146 707.719 416.432 
604.745 95.6713 702.636 751.26 850.54 321.834 823.787 683.141 385.099 1170.05 79.2465 1217.54 716.126 1134.09 569.495 797.16 829.325 893.166 35.3553 828.908 685.482 840.238 189.763 743.454 510.633 749.989 949.933 606.993 337.024 351.141 797.898 629.96 807.478 452.134 730.953 
667.791 707.2 285.044 152.069 260.432 535.905 600.701 361.565 420.107 401.278 722.82 460.926 249.088 449.004 695.531 54.3783 226.771 140.431 795.953 833.308 722.357 196.919 614.841 380.217 330.764 241.299 688.646 320.765 464.39 550.753 471.561 526.567 446.213 570.025 161.4 
478.619 153.574 648.741 722.025 893.135 401.628 715.52 614.2 413.237 1138.8 151.182 1180.38 668.996 1080.43 438.33 805.188 785.043 908.248 115.663 691.608 554.109 801.888 207.408 812.002 479.176 702.9 836.93 661.968 359.089 276.384 879.036 529.046 723.318 349.687 701.419 
479.401 509.148 173.925 150.083 402.747 388.888 482.744 224.475 249.018 565.76 525.461 615.202 159.138 549.859 499.223 239.41 245.326 346.902 595.081 676.492 546.498 245.717 415.077 437.727 112.361 184.024 596.685 303.266 278.887 332.399 535.994 353.119 357.528 358.201 131.034 
491.024 747.393 139.807 152.778 541.599 664.447 344.746 185.065 521.707 372.43 764.029 401.663 127.769 293.212 532.41 335.149 54.4885 403.555 825.177 598.286 518.868 88.0057 655.534 647.158 336.59 95.8801 414.093 548.862 542.677 511.649 743.006 344.78 185.586 469.297 161.623 
263.492 796.656 451.864 579.669 980.899 865.534 132.231 381.694 737.906 791.003 809.938 791.511 485.374 633.942 306.139 780.164 525.148 867.36 835.135 146.441 195.819 561.177 736.387 1039.45 557.216 490.196 133.222 900.385 721.086 540.107 1137.77 274.171 291.563 422.721 573.035 
739.268 1046.01 438.719 411.447 684.547 946.794 519.086 473.097 807.996 194.258 1062.65 170.485 424.802 15.2643 786.631 509.495 315.412 518.001 1124.2 771.986 741.296 314.014 953.705 835.675 632.987 391.22 513.191 779.976 834.56 808.81 920.184 605.743 400.762 755.952 428.843 
415.601 124.535 521.464 588.49 765.957 308.177 626.39 493.585 288.21 1006.43 136.938 1049.39 539.485 954.422 385.467 670.773 655.124 774.479 172.029 647.93 499.593 670.433 103.586 696.945 345.036 573.526 753.076 542.208 234.053 155.756 770.639 432.28 612.628 255.039 567.874 
907.317 1098.87 538.897 447.756 549.102 944.95 725.58 599.801 823.214 59.4643 1115.11 102.903 510.416 240.26 949.604 436.125 398.077 391.266 1184.91 985.37 928.246 373.472 1004.85 722.887 691.286 478.649 745.735 715.856 862.76 900.063 790.52 761.977 580.96 878.335 468.37 
182.8 386.374 317.97 427.855 734.854 461.85 359.234 263.822 352.881 817.017 400.844 849.523 347.701 732.378 179.201 578.055 458.947 685.007 437.879 421.048 269.03 484.153 320.465 729.855 237.002 378.428 486.695 572.574 322.405 123.968 821.623 165.197 357.644 21.4709 409.181 
136.854 472.952 276.93 401.603 746.073 531.994 272.342 209.859 411.351 766.039 487.562 793.638 311.045 667.8 157.544 572.766 413.319 677.106 524.661 358.912 212.81 442.476 404.432 761.391 258.544 337.664 400.211 608.6 388.672 208.195 856.347 78.7464 280.032 101.193 385.105 
320.039 420.83 190 270.601 567.726 393.573 388.402 174.416 255.562 680.254 437.375 720.256 208.626 623.013 334.153 408.001 324.692 515.14 495.997 536.213 395.032 342.667 331.652 578.001 75.213 242.539 515.52 426.38 250.966 186.207 673.314 215.845 312.64 189.003 250.599 
525.419 27.313 612.046 664.248 788.592 278.869 736.579 591.859 312.775 1083.5 29.6816 1129.92 626.231 1044.01 493.447 720.478 740.017 819.398 75.6902 755.275 608.482 751.833 106.231 695.59 422.153 660.17 863.681 550.436 261.174 260.969 758.517 541.791 716.595 365.724 643.817 
600.262 480.942 326.087 267.092 310.006 293.061 633.202 376.303 186.432 640.647 495.55 697.782 307.561 660.996 611.383 228.127 373.001 321.758 570.824 813.298 675.148 362.505 393.146 297.634 205.456 327.515 749.123 151.819 237.118 386.774 393.722 489.183 510.424 451.306 254.159 
545.212 203.01 732.105 804.967 964.105 456.089 789.066 696.737 485.161 1222.08 194.371 1263.81 752.447 1163.58 501.941 883.857 868.493 985.853 129.035 747 616.105 885.268 276.279 874.062 561.806 786.349 907.96 728.204 431.723 359.611 936.12 606.177 803.481 428.118 784.355 
550.142 365.941 357.677 339.629 414.403 195.931 629.918 387.342 71.5612 739.465 380.552 793.742 350.28 741.271 552.526 341.204 439.527 436.726 455.827 777.821 631.561 437.049 278.729 364.297 177.612 377.719 753.923 204.6 122.56 298.53 451.465 461.504 529.854 383.72 322.405 
401.52 516.779 104.235 153.395 483.322 437.924 396.602 139.671 293.641 566.845 533.414 609.528 106.104 523.072 425.63 304.647 217.407 409.585 597.522 591.108 464.436 230.517 423.835 524.704 102.859 139.119 512.65 388.398 309.885 301.573 622.965 269.229 277.966 300.028 133.33 
418.961 241.456 371.517 414.656 586.046 226.312 560.601 365.21 127.456 833.866 258.031 880.633 381.534 799.196 409.928 484.004 493.129 587.716 325.272 657.213 505.333 503.257 147.872 536.492 173.925 415.047 690.188 377.244 87 132.575 619.601 369.424 502.359 239.577 394.255 
756.897 771.891 372.518 238.296 201.556 581.414 683.592 449.392 479.176 388.726 786.985 452.448 336.204 471.666 784.51 67.1193 299.1 52.3927 861.485 920.149 811.046 265.505 681.455 352.319 413.237 325.682 766.006 332.533 527.365 632.093 434.246 615.442 526.925 656.881 249.323 
457.71 178.933 437.412 476.942 617.508 190.371 617.645 430.265 139.058 895.529 195.29 943.39 447.01 864.37 442.408 532.768 557.891 633.785 265.548 697.413 544.883 567.071 84.8528 549.605 238.73 480.402 747.402 393.615 85.0235 159.531 626.256 423.821 566.117 277.281 456.711 
450.96 497.363 158.493 158.256 431.195 391.449 459.221 202.2 248.91 577.209 513.822 624.725 149.215 552.472 470.814 266.047 245.693 373.343 581.96 649.159 518.353 250.218 403.288 463.492 90.3383 177.553 575.15 325.73 273.708 309.808 561.53 325.424 338.733 331.014 138.058 
545.286 598.588 182.784 86.2844 348.001 458.024 507.332 253.505 325.96 480 614.73 532.35 152.306 481.769 570.519 159.841 192.585 264.683 685.511 724.189 604.735 181 504.774 419.358 204.267 160.751 609.361 311.194 362.494 424.19 517.349 408.383 363.761 441.162 76.5376 
277.218 595.494 124.92 259.48 649.36 582.344 215.873 48.3322 441.494 588.694 611.59 614.706 161.4 489.449 316.533 454.192 243.249 549.622 662.048 424.157 316.931 275.801 511.789 704.45 243.13 178.017 335.181 569.056 440.828 335.049 802.905 129.553 124.535 265.211 248.365 
736.61 501.602 482.3 411.847 276.847 260.163 788.229 532.376 235.536 742.192 513.04 803.617 462.465 789.111 741.653 308.029 517.89 366.699 588.099 958.526 815.724 502.364 430.377 177.387 347.897 480.36 905.332 30.4795 287.793 488.215 260.647 636.553 666.913 574.053 401.842 
482.59 281.4 367.935 384.787 512.071 182.165 598.08 378.001 52.345 799.456 297.061 849.909 370.342 781.369 478.358 424.948 474.305 525.289 370.304 717.607 567.389 478.942 189.528 457.665 165.605 401.991 726.177 298.51 44.9444 208.856 540.981 414.88 520.311 307.21 365.3 
576.321 689.473 184.545 51.0098 367.87 553.586 493.077 261.633 421.38 385.924 705.783 437.104 147.872 388.747 608.001 161.227 122.188 243.343 775.242 729.883 625.048 98.2344 595.399 473.491 283.471 134.737 579.967 387.584 456.602 498.688 568.42 431.393 337.7 497.941 68.0661 
237.716 310.103 378.737 476.001 746.853 413.717 437.852 333.054 323.682 878.112 324.002 913.801 404.931 802.591 218.586 606.822 519.481 714.382 358.309 476.707 324.617 541.765 251.525 722.38 257.031 437.416 564.309 562.88 283.863 65.7647 809.944 244.976 435.736 66.2722 456.257 
347.092 203.593 517.042 601.446 819.976 390.717 575.785 477.247 351.864 1013 213.019 1051.7 540.049 945.804 311.708 706.859 655.964 813.01 226.055 572.297 427.591 675.406 188.831 764.621 364.408 573.502 698.823 607.032 299.666 147.027 842.572 387.769 582.477 208.255 581.047 
162.693 597.724 252.769 387.398 771.511 636.908 148 175.684 505.846 697.402 612.566 716.612 289.36 578.215 209.022 580.115 366.034 677.097 650.588 300.167 189.594 400.061 526.047 814.195 324.23 305.635 277.354 670.63 492.065 331.489 911.877 48.0937 177.02 226.808 375.713 
437.659 396.184 241.868 260.048 467.402 300.54 501.908 261.895 156.205 678.258 412.564 726.521 242.167 653.38 446.804 336.001 346.157 442.449 481.769 657.732 515.218 352.132 302.074 460.179 49.6488 273.542 625.998 306.007 173.459 233.343 554.148 337.125 405.088 286.527 240 
571.424 430.091 330.847 292.036 357.453 250.799 624.256 372.023 135.912 681.195 444.789 736.824 317.53 691.755 579.118 277.065 395.683 372.49 519.955 791.103 649.223 389.308 342.072 327.819 180.325 341.475 744.165 172.047 186.075 342.773 420.609 468.966 511.101 414.972 276.622 
130.648 669.933 450.564 585.161 966.876 770.506 206.737 373.563 655.6 867.568 682.001 878.08 487.082 727.792 163.077 777.764 556.925 875.05 699.861 113.701 47.0106 592.035 619.491 999.4 498.615 501.977 276.588 849.944 629.682 428.193 1095.8 215.232 339.511 309.196 573.665 
414.349 869.58 349.857 444.438 844.754 868.074 156.984 311.264 726.11 560.33 885.084 555.014 371.194 395.506 464.657 638.045 358.504 706.672 928.029 387.36 386.846 391.368 791 939.162 525.967 359.34 127.424 823.177 727.101 603.176 1036.82 326.896 168.345 506.725 445.982 
555.666 942.827 352.278 395.38 762.997 894.34 314.884 351.353 750.067 394.707 959.14 383.631 357.022 223.081 605.239 561.709 290.801 608.622 1011.75 560.261 544.142 313.268 856.054 884.096 553.864 331.489 298.082 791.808 763.497 685.149 977.998 438.854 232.499 608.817 404.821 
336.024 588.511 58.4209 192.634 581.207 547.091 278.289 20.2485 403.496 546.649 604.983 578.275 95.0368 465.414 371.383 385.834 191.039 481.965 661.255 492.541 382.232 220.227 500.13 640.281 203.062 116.619 391.019 509.035 410.411 340 738.857 189.32 157.178 292.617 180.58 
323.903 862.981 574.966 704.146 1103.88 958.391 257.624 503.036 837.717 907.491 874.874 904.093 609.076 744.565 354.141 904.312 650.496 992.446 890.632 101.637 238.872 686.517 812.503 1156.98 666.562 614.928 224.751 1014.39 815.727 619.969 1254.95 378.107 416.886 500.707 696.989 
499.94 141.156 660.961 730.906 891.696 392.588 735.063 628.441 412.069 1148.62 136.704 1191.07 680.309 1093.31 460.132 808.802 796.214 911.014 94.2019 714.057 576.022 812.251 204.025 806.357 487.469 714.291 857.114 658.062 358.281 289.614 871.494 547.403 739.838 367.681 710.291 
558.746 134.648 535.059 559.047 634.679 124.193 725.989 534.158 171.593 972.672 146.25 1023.81 540.941 954.811 539.268 583.86 647.565 677.632 221.84 798.168 645.868 653.043 84.0536 537.276 332.519 573.415 855.746 393.512 130.43 260.548 601.202 531.899 672.086 379.803 539.559 
207.077 740.27 523.536 657.606 1044.59 850.3 246.483 447.166 737.082 917.154 751.626 922.835 559.697 768.214 230.495 852.838 621.914 948.171 764.665 32.6497 119.883 657.578 694.344 1080.47 580.332 572.218 278.742 931.615 710.303 505.799 1177.09 295.169 395.922 387.551 647.174 
617.331 184.708 768.238 828.875 950.598 424.807 853.642 740.303 479.413 1248.12 170.699 1293.04 785.25 1201.26 576.39 888.708 900.379 987.079 94.8472 826.828 691.836 914.161 274.591 846.49 585.484 819.308 975.649 708.402 428.823 401.31 901.275 665.42 855.587 485.536 808.335 
482.104 161.335 461.85 497.293 621.297 170.742 644.597 456.318 141.439 915.042 177.234 963.756 470.472 887.222 465.473 545.047 580.352 644.436 249.948 721.826 569.309 588.575 69.3542 545.777 261.706 503.659 774.354 392.032 87.6413 183.412 619.536 450.628 592.7 302.002 477.222 
290.765 830.716 522.529 651.438 1051.53 916.273 205.01 451.01 792.96 859.456 843.168 857.798 556.511 699.012 326.075 851.674 597.943 939.673 862.63 102.591 210.002 633.975 776.408 1106.28 618.328 562.181 183.521 964.816 772.796 581.997 1204.38 330.905 364.364 462.922 644.38 
622.509 946.451 338.095 337.717 667.98 865.427 405.66 363.573 723.398 275.772 963.052 272.244 330.056 118.68 669.933 474.735 232.94 507.312 1021.99 661.613 625.353 243.033 855.55 802.611 538.543 298.203 412.045 726.823 745.085 702.058 893.031 489.752 284.042 643.467 352.057 
592.2 476.707 319.781 263.372 317.057 292.335 625.895 369.238 182.538 640.47 491.428 697.227 301.796 658.614 603.339 230.853 369.049 325.867 566.562 805.355 667.115 359.234 388.398 305.668 197.396 322.262 742.13 159.298 232.551 379.438 401.696 481.274 503.849 443.38 250.008 
955.327 686.321 671.361 574.674 250.639 433.115 989.615 730.906 450.161 813.983 695.035 878.822 645.484 902.286 961.545 409.246 674.396 410.312 766.261 1173.49 1033.09 650.632 628.478 80.8084 563.17 656.27 1100.41 212.002 499.433 706.989 47.1699 849.734 856.47 794.326 570.478 
799.361 634.253 484.633 381.725 136.953 399.025 807.035 548.715 351.962 642.832 646.574 706.614 456.616 715.749 812.296 219.823 480.585 246.26 722.244 1005.43 871.732 456.826 557.315 115.004 405.255 465.13 913.46 110.059 406.262 584.508 212.455 681.281 668.243 653.104 378.53 
691.876 382.027 507.347 468.675 404.25 133.81 784.985 541.651 157.953 838.285 392.255 897.157 495.956 864.589 688.625 410.239 573.54 483.076 466.135 924.741 775.818 565.134 319.64 289.558 332.737 520.465 909.164 157.28 198.457 415.524 354.865 613.425 683.518 517.487 454.274 
309.919 754.987 271.45 387.569 792.669 763.333 77 216.518 623.491 594.024 770.388 600.913 300.083 449.222 360.001 588.002 322.444 669.283 812.682 337.006 297.397 358.265 677.625 869.166 425.554 297.741 157.867 742.418 620.549 488.33 967.678 211.698 90.802 391.389 384.194 
677.632 821.663 286.398 174.152 384.86 676.018 550.974 358.431 548.923 256.55 837.922 311.713 252.517 294.613 714.077 201.358 161.372 224.19 907.727 803.338 715.672 126.321 727.641 528.05 415.621 226.135 614.369 476.592 586.669 628.618 614.586 529.967 391.76 619.22 194.494 
709.941 672.423 349.567 227.798 179.494 475.896 673.146 422.235 378.155 484.373 687.154 546.452 316.443 545.485 732.069 50.636 317.616 130.177 762.266 893.302 772.324 290.689 583.618 282.177 339.037 316.834 769.332 231.821 428.118 551.725 374.621 576.238 524.138 590.953 230.202 
610.816 466.953 348.323 292.171 313.844 271.28 652.056 396.295 172.409 664.172 481.203 721.688 330.841 686.069 620.059 247.491 398.005 337.535 556.821 827.179 687.221 387.675 380.97 286.775 217.002 351.511 769.275 135.059 224.876 386.999 381.189 503.7 531.945 457.389 279.065 
144.475 660.512 352.264 486.215 875.685 726.693 117.38 276.176 601.041 763.497 674.214 775.441 388.346 627.271 193.794 682.03 452.991 776.804 703.077 196.352 117.201 488.337 597.814 919.472 426.62 400.96 222.946 775.021 582.507 401.299 1017.06 138.452 234.798 285.012 475.943 
338.479 223.511 531.008 619.487 845.568 417.757 574.13 488.035 378.942 1028.68 231.664 1066.21 555.237 957.427 300.375 729.583 670.814 836.059 237.036 558.628 416.53 691.274 215.058 791.768 384.97 588.401 695.27 633.998 326.939 165.529 869.975 389.659 588.344 212.144 599.204 
431.393 180.069 617.518 697.269 889.27 416.203 670.773 579.118 411.024 1111.52 181.571 1151.37 639.515 1047.32 390.565 790.974 755.59 895.559 159.731 643.442 506.222 773.997 213.883 817.296 456.581 673.181 791.154 664.007 356.742 245.349 888.28 486.467 683.77 308.235 676.737 
732.563 602.764 414.074 314.025 169.664 382.341 736.31 478.006 311.662 603.858 616.159 666.251 386.43 663.001 747.086 170.658 415.047 225.411 692.117 935.975 803.622 393.126 520.463 184.174 340.026 395.828 843.047 113.635 365.548 528.765 282.406 612.119 598.001 590.8 309.743 
252.771 788.483 545.674 678.473 1071.09 894.043 248.974 470.545 778.165 917.397 799.978 919.614 581.234 762.685 278.686 876.108 635.784 968.93 813.607 23.3238 165.849 671.739 741.243 1113.31 615.91 591.261 257.303 966.555 753.023 551.272 1210.5 327.947 405.191 432.484 669.247 
852.416 569.022 597.478 517.731 283.064 316.057 906.448 649.887 335.678 812.316 578.07 875.825 575.806 878.014 855.585 383.881 622.367 415.843 649.998 1076.33 932.537 603.484 510.393 118.191 466.138 591.531 1022.65 123.483 383.437 594.358 164.438 754.936 782.739 686.442 509.816 
503.086 758.238 151.344 155.756 539.268 672.596 353.566 197.59 530.212 359.94 774.878 389.166 137.753 281.812 544.64 333.209 52.8394 398.841 836.36 608.113 530.224 83.4506 666.197 647.864 346.655 105.109 419.99 552.197 552.001 523.534 743.28 357.001 194.805 481.769 165.979 
839.174 764.137 475.395 347.8 65 543.647 796.786 549.484 471.19 507.285 777.769 572.197 441.082 605.615 860.759 147.122 425.466 104.235 853.696 1021.44 901.613 394.098 680.207 230.497 463.492 437.8 887.764 261.817 524.37 670.329 302.952 705.457 644.376 716.8 353.344 
626.671 133.754 613.022 632.219 674.754 139.786 802.556 613.059 237.2 1042.51 136.927 1094.99 617.978 1030.12 603.829 643.351 723.086 732.446 201.636 864.974 713.371 727.27 138.293 559.937 410.157 650.13 932.269 428.616 203.961 331.308 613.306 607.705 750.941 450.131 613.091 
556.386 500.564 261.859 205.292 332.417 338.565 573.071 314.917 213.715 594.246 516.047 649.111 242.621 603.511 571.64 206.671 310.363 310.221 589.665 761.804 627.694 302.002 408.873 349.206 165.677 262.612 686.985 213.002 257.235 369.915 447.073 437.453 446.768 418.922 191.128 
259.946 634.716 171.677 303.592 700.316 634.924 159.201 100.449 495.368 599.421 650.495 619.776 206.62 484.737 304.508 502.004 270.474 594.079 697.093 378.652 285.063 305.287 554.193 760.013 298.52 216.933 278.632 625.761 492.196 370 858.539 120.673 90.802 285.701 294.735 
543.281 81.7863 557.66 592.225 686.28 175.251 726.364 549.742 216.668 1008.93 94.2444 1058.46 566.634 983.358 519.582 628.924 676.416 724.754 170.188 781.072 629.756 684.229 54.4059 590.425 357.883 599.835 855.8 446.171 169.532 250.38 653.885 530.637 683.895 368.246 572.295 
410.235 773.296 198.595 282.144 682.807 736.174 212.763 183.12 592.03 461.885 789.56 473.76 214.086 330.044 457.587 476.114 198.346 548.074 841.758 472.424 417.164 232.622 687.285 777.746 392.562 198.567 269.602 665.904 601.002 515.19 875.134 279.122 71.6938 441.862 284.345 
351.142 737.143 198.116 304.803 709.82 718.171 159.355 159.615 575.265 521.145 753.154 533.802 222.443 389.606 398.984 504.255 236.129 583.6 802.043 416.829 357.144 271.936 653.967 792.939 374.733 215.808 236.89 672.18 579.008 474.65 891.162 224.154 17.72 393.314 303.041 
161.012 582.204 245.153 379.638 760.424 620.455 164.049 168.074 489.612 698.279 597.117 718.925 281.824 582.619 205.412 570.576 362.609 668.566 635.831 311.853 195.474 396.102 510.009 800.69 309.006 299.608 293.552 656.293 475.613 315.767 898.22 32.7567 182.8 212.551 367.315 
1072.96 792.945 779.62 675.643 308.935 540.296 1100.69 841.929 567.116 873.275 800.643 938.254 752.001 978.227 1079.61 496.473 771.36 476.018 869.83 1289.59 1150.2 745.059 739.952 182.124 680.018 760.282 1208.68 329.515 615.497 824.711 83.5464 965.454 963.612 912.527 673.406 
724.407 540.107 441.192 359.201 228.116 309.739 755.499 497.229 257.329 678.05 552.667 739.687 418.169 728.33 733.771 243.822 464.247 303.6 628.466 938.898 800.25 446.467 462.455 173.046 330.08 433.042 868.68 39.1152 311.58 495.263 268.213 614.782 626.752 570.424 351.07 
785.016 541.912 521.023 442.143 253.014 294.959 831.291 574.167 283.283 750.915 552.675 813.548 499.249 808.418 790.53 318.148 547.22 363.142 627.025 1005.72 863.669 529.235 474.017 131.187 394.872 515.102 946.717 46.9574 334.791 537.217 211.54 683.067 706.355 623.154 433.803 
390.295 802.075 259.046 353.454 755.45 784.969 159.841 226.318 641.873 512.352 817.984 516.871 279.517 364.005 439.819 548.804 271.312 620.967 865.466 417.939 382.472 305.408 719.803 847.496 441.312 267.675 197.59 731.686 646.019 538.243 945.231 276.904 84.2912 451.957 354.493 
914.254 593.151 671.43 593.155 336.341 341.634 977.754 722.267 387.487 880.877 600.421 944.839 650.385 951.303 914.866 456.054 697.789 480.713 669.024 1141.49 995.863 678.761 544.229 158.294 533.405 666.571 1095.23 198.157 430.89 646.811 157.309 822.059 856.417 744.457 585.158 
424.005 452.355 181.397 203.666 461.686 360.8 458.093 208.734 216.566 622.981 468.88 669.557 180.499 592.663 439.933 307.467 285.412 415.03 536.173 632.197 495.868 292.957 358.422 478.017 43.6578 211.896 578.871 331.76 235.034 263.735 574.77 307.938 350.721 292.344 183.208 
592.881 60.3075 631.877 667.281 745.966 216.843 789.205 621.786 286.735 1083.61 57.6888 1133.42 641.427 1058.39 564.646 699.222 751.513 792.965 119.105 827.191 677.921 759.394 117.686 638.526 432.807 674.712 918.009 501.889 242.547 310 694.606 593.19 753.956 423.987 647.383 
136.894 673.155 469.503 604.126 984.371 779.811 225.462 392.441 667.027 887.482 684.882 897.79 506.063 747.204 163.918 796.116 576.725 893.811 700.607 103.078 49.7695 611.791 625.135 1014.89 513.352 521.31 290.331 864.653 639.876 435.619 1111.03 232.177 359.518 317.177 592.436 
420.905 768.595 184.532 262.101 661.78 724.798 231.948 176.853 580.496 446.052 784.949 460.114 197.436 319.889 467.472 455.07 176.819 526.499 838.573 491.044 431.474 211.009 681.517 758.254 381.996 180.025 291.234 648.179 591.168 512.938 855.462 286.086 83.5225 443.948 264.968 
364.664 895.342 505.693 624.82 1029.88 954.059 184.491 442.757 822.475 781.683 908.881 773.885 536.078 613.36 407.344 825.222 556.076 905.001 935.514 214.283 295.88 591.331 832.703 1102.01 634.768 534.958 94.5939 969.394 809.23 636.116 1200.6 361.964 327.965 520.128 621.18 
711.923 717.346 334.624 203.416 207.711 530.665 652.645 410.468 425.202 422.976 732.509 485.077 299.189 487.643 737.8 12.7279 279.517 98.0204 806.87 882.844 769.042 249.018 626.677 335.36 360.072 293.165 741.583 293.205 472.89 578.234 424.096 572.8 498.812 606.1 211.085 
529.914 165.148 699.743 769.666 925.054 418.387 768.752 666.694 446.161 1187.48 157.407 1229.97 719.186 1131.99 488.559 845.719 835.101 947.424 97.6166 738.978 603.902 851.143 237.245 835.558 526.161 753.165 889.657 689.292 392.78 328.123 898.321 582.719 776.858 403.398 749.05 
355.659 879.128 471.546 589.187 994.342 929.475 153.883 410.25 796.116 746.09 893.02 739.327 501.351 579.031 400.682 789.367 519.312 868.441 922.293 230.868 293.343 554.495 813.843 1068.6 606.04 499.437 58.4209 937.554 784.653 617.366 1167.18 339.094 292.205 503.168 585.921 
598.426 827.641 234.019 182.784 504.876 718.229 439.619 289.993 580.246 267.06 844.252 301.423 210.794 218.888 639.832 307.483 94.7523 349.611 908.936 697.376 624.606 85.6154 734.221 634.761 412.456 176.98 491.766 560.651 608.737 604.822 725.882 452.212 283.854 571.616 200.552 
345.172 795.329 297.229 405.882 810.66 800.321 96.2549 248.568 659.64 581.086 810.76 583.837 323.209 428.768 395.455 604.745 332.277 681.688 853.202 349.961 326.057 367.396 717.586 893.729 460.663 317.099 136.029 770.72 658.119 528.734 992.041 252.004 111.772 431.793 404.353 
489.287 277.483 375.565 391.042 512.016 174.106 606.04 386 46.4004 805.084 293.002 855.815 377.68 788.155 484.554 428.077 481.176 527.788 366.661 724.636 574.252 485.479 186.301 454.816 173.401 409.216 734.173 295.968 38.0132 213.49 537.339 422.587 528.342 313.383 371.646 
357.315 607.376 41.1461 175.208 569.723 558.108 285.07 38 414.001 522.943 623.899 554.707 77.1622 443.03 393.585 371.648 167.601 465.626 681.234 507.241 400.98 197.307 518.154 634.938 214.597 95.0053 393.022 507.552 423.586 361.544 733.524 210 153.013 316.223 164.794 
350.96 869.014 450.795 567.539 972.716 914.278 136.308 390.544 779.91 725.1 883.111 719.1 480.243 559.014 397.223 767.581 497.076 846.291 913.961 242.157 293.002 532.226 802.173 1048.15 588.511 477.867 38.1182 918.035 769.532 605.955 1146.73 325.707 270.562 493.05 564.486 
169.623 694.525 516.501 651.128 1030.17 812.914 265.415 439.42 704.052 931.561 705.51 940.597 553.075 788.651 186.078 842.738 623.503 940.707 716.616 79.2275 85.7963 658.635 651.56 1058.12 555.8 568.384 316.285 906.795 674.801 466.154 1153.86 277.78 404.654 349.464 639.35 
629.308 981.236 375.832 388.001 723.923 910.372 398.058 392.226 767.392 309.38 997.766 295.061 371.819 134.302 677.997 530.322 282.087 563.057 1054.53 647.656 624.362 295.237 891.586 857.961 578.381 341.463 387.129 779.868 786.68 731.304 948.689 503.588 294.92 665.327 401.28 
130.138 669.362 421.532 555.989 940.669 759.495 175.775 344.746 641.003 835.18 681.965 845.786 457.926 695.766 170.156 749.861 525.669 846.245 703.257 133.06 61.5873 560.903 614.994 977.057 478.174 471.975 253.503 829.145 617.324 421.246 1073.9 191.4 307.189 302.002 544.938 
778.023 1017.34 428.627 362.927 572.603 890.025 585.888 480.91 757.98 85.0235 1033.88 106.668 405.265 113.217 822.134 414.56 289.178 405.613 1100.18 845.199 793.681 273.24 923.455 732.535 602.742 371.602 603.596 694.165 791.324 799.425 812.227 635.309 445.597 764.752 382.828 
915.242 607.968 662.825 580.682 312.835 355.394 972.169 715.605 392.7 860.549 615.721 924.689 640.74 933.9 917.212 438.114 684.634 459.358 685.263 1140.57 996.027 664.686 556.167 134.239 530.941 655.881 1088.33 188.767 437.933 652.175 135.03 819.787 848.177 747.359 573.394 
567.641 402.548 347.541 316.765 379.012 222.767 632.652 384.034 107.912 709.505 417.08 764.807 336.595 717.508 572.846 305.791 419.228 400.292 492.441 791.253 647.223 414.251 315.496 337.236 183.003 362.006 754.448 178.44 159.327 327.426 427.3 471.307 524.89 406.179 300.648 
46.7547 517.093 429.913 559.044 905.108 638.205 304.613 356.976 536.94 902.218 528.57 923.385 465.474 785.651 7.28011 733.388 559.823 837.523 544.121 255.267 109.073 591.434 472.745 911.843 411.825 489.263 408.512 755.818 503.433 289.928 1004.81 187.723 384.147 177.485 543.368 
861.629 979.054 471.19 353.9 387.243 805.623 720.2 542.786 693.172 185.154 994.837 249.393 437.156 330.22 898.649 288.425 342.177 230.766 1067.3 977.231 897.001 308.858 886.095 561.271 587.003 410.859 767.727 561.712 737.151 804.665 628.815 713.875 563.425 802.193 373.363 
360.462 866.17 422.412 535.385 940.383 900.355 122.589 365.903 763.772 684.901 880.657 679.047 450.459 519.062 408.512 734.622 461.637 811.311 914.582 275.507 310.409 496.46 796.227 1020.11 569.415 446.189 7.28011 892.943 756.003 601.03 1118.6 318.127 239.207 491.253 533.25 
527.091 13.0384 597.88 646.518 764.963 255.131 732.3 580.246 289.993 1065.54 28.1603 1112.64 611.003 1028.99 496.977 698.886 724.117 797.236 95.6922 759.36 611.204 735.112 85.7963 671.509 405.464 644.845 860.126 526.46 238.948 254.167 734.613 536.825 707.276 363.001 626.163 
900.281 780.484 547.33 423.137 18.3576 546.386 870.619 619.788 494.022 576.5 793.083 641.527 514.009 682.821 919.054 224.207 504.366 179.536 868.878 1089.98 966.002 473.532 701.573 177.553 515.454 512.938 964.461 257.235 548.272 712.618 233.619 770.699 720.124 768.833 427.142 
595.756 983.257 389.297 424.166 780.708 930.763 351.801 391.506 786.641 380.739 999.602 363.341 392.001 202.98 645.478 582.344 318.328 623.013 1052.68 592.324 582.081 337.771 896.068 907.436 591.683 365.049 324.6 820.207 801.331 726.276 1000.16 480.288 274.117 650.429 434.884 
236.038 429.848 220.719 328.637 650.372 448.728 332.579 174.413 319.883 720.503 445.738 754.923 249.147 643.481 250.769 484.415 361.865 590.573 494.773 456.207 312.348 385.946 349.314 661.587 158.808 280.532 462.18 508.811 303.896 167.72 756.482 144.18 290.002 120.487 310.105 
743.34 737.621 366.051 234.303 181.945 543.788 683.29 442 444.046 425.075 752.549 488.365 330.506 500.915 768.953 39.0128 307.002 69.0507 827.357 914.327 800.653 275.409 647.892 320.914 388.5 323.83 770.912 294.26 493.077 605.635 406.247 604.401 528.841 636.001 242.44 
767.208 760.711 387.769 254.912 172.192 563.664 702.974 464.088 466.717 417.412 775.539 481.408 351.92 502.07 793.235 64.0312 322.639 43.9318 850.507 936.092 823.76 289.945 671.376 322.155 413.679 343.837 788.365 307.722 516.245 630.758 403.838 627.626 547.526 661.012 264.078 
738.73 619.526 412.753 308.302 156.013 400.476 736.098 478.414 327.605 587.933 633.039 650.594 384.034 650.151 754.359 155.929 407.62 207.2 708.985 939.385 808.622 384.533 536.574 188.43 347.851 391.9 841.086 131.061 381.283 540.557 285.701 616.078 595.648 599.841 305.177 
284.06 442.512 180.812 279.603 599.58 431.283 348.817 149.466 295.102 678.973 458.862 715.902 205.548 611.101 301.644 432.261 320.628 538.45 513.654 496.231 356.675 342.313 356.32 616.144 114.63 238.315 476.615 465.859 287.543 192.961 712.001 174.917 281.306 169.65 260.578 
835.92 510.358 613.949 548.432 355.179 257.816 911.408 659.348 305.203 868.795 518.183 931.393 596.055 923.699 834.748 435.773 654.543 479.041 588.054 1065.81 918.63 639.038 459.413 193.313 462.087 615.313 1031.73 156.259 346.954 563.853 227.264 749.221 797.023 663.871 538.098 
552.45 732.767 162.782 82.5409 443.379 617.992 435.938 233.343 480.36 346.733 749.323 389.847 130.924 319.119 589.186 237.497 44.8219 305 815.606 683.264 591.222 16.0312 638.941 555.623 318.152 101.868 512.079 468.728 509.927 520.024 650.035 404.773 276.93 500.016 100.648 
828.971 555.203 573.334 494.79 275.937 303.117 882.036 625.512 314.941 795.594 564.745 858.793 551.881 858.047 832.588 365.197 599.707 401.852 637.465 1052.36 908.842 581.32 493.961 121.84 442.01 567.895 998.295 99.5389 363.676 572.937 180.854 730.77 758.538 663.754 486.576 
822.657 505.146 598.48 533.023 346.383 252.052 896.403 644.085 293.206 855.313 513.39 917.759 580.539 908.982 822 421.93 639.153 467.047 584.042 1051.99 905.114 623.773 451.895 188.915 447.465 599.791 1016.54 141.598 336.074 552.294 229.63 734.888 781.625 651.257 522.634 
847.857 506.29 634.353 571.305 378.276 255.633 928.974 678.251 314.77 893.784 513.401 956.362 617.188 948.095 845.351 460.692 677.505 503.83 581.881 1079.23 931.224 662.463 459.492 213.038 478.377 637.028 1050.14 180.71 353.927 571.851 238.663 764.336 816.75 674.248 560.635 
824.721 671.405 498.551 388.855 100.17 436.24 822.499 565.291 387.965 624.763 683.784 689.094 468.875 706.135 839.231 212.96 484.004 223.379 759.48 1026.76 895.436 458.17 593.998 115.741 432.113 474.843 925.87 147.136 442.295 616.899 206.826 703.314 680.186 682.215 387.604 
204.12 536.606 190.042 321.498 691.469 554.491 224.589 117.085 420.438 670.458 552.197 697.132 226.02 571.238 239.019 505.831 320.888 606.446 597.358 383.401 257.437 351.689 458.416 727.635 235.866 249.064 353.6 582.718 409.888 270.749 825.014 61.0983 190.032 187.003 307.168 
354.193 435.95 173.072 239.268 531.32 386.091 405.031 173.012 244.135 653.244 452.585 695.19 186.207 603.822 370 371.022 301.126 478.235 514.433 565.659 427.121 316.362 344.42 545.785 47.5079 220.229 529.873 396.406 247.455 215.232 641.843 242.547 315.458 226.009 218.929 
642.982 865.744 277.627 214.294 500.568 747.982 478.774 334.861 612.259 222.524 882.321 259.114 252.875 192.676 684.606 311.439 137.004 339.612 948.008 737.61 668.001 121.037 772.023 639.839 450.728 219.44 524.254 576.195 643.012 647.001 728.286 496.971 325.055 615.959 233.437 
769.344 874.643 375.9 252.48 335.058 706.601 646.92 450.071 590.468 242.217 890.498 305.791 340.602 337.147 804.316 194.654 256.971 168.024 962.68 899.3 809.87 221.472 781.499 497.049 482.149 317.077 707.939 475.379 633.461 700.321 574.833 622.051 487.767 701.231 271.288 
889.331 728.464 556.369 441.091 74.3303 487.756 880.878 625.016 449.491 638.154 740.314 703.102 525.404 734.074 904.347 252.715 531.448 235.213 815.652 1089.27 959.308 503.37 653.551 105.19 497.33 529.004 981.369 200.584 503.724 681.93 172.285 766.429 735.697 747.717 441.744 
499.77 813.049 207.135 239.437 619.642 744.93 311.52 227.702 601.24 364.216 829.608 379.684 205.353 245.601 545.341 414.654 136.565 473.764 887.389 571.35 513.055 163.371 723.016 731.772 409.956 177.229 356.699 635.708 618.777 566.359 826.915 360.943 164.976 508.627 248.485 
209.612 560.143 185.973 319.595 697.318 575.543 203.73 110.005 440.266 656.99 575.733 682.015 222.524 553.47 247.952 508.273 311.373 607.188 620.755 374.927 255.633 343.338 481.814 738.857 252.288 243 332.122 596.055 431.15 294.253 836.609 62.0081 167.815 208.586 306.415 
402.305 280.203 332.223 376.904 567 251.181 529.551 327.361 132.966 796.222 296.811 842.421 342.212 759.943 397.756 454.525 454.05 559.572 362.994 638.201 487.469 464.617 186.936 529.049 135 375.757 658.775 369.356 106.621 133.81 615.565 341.252 465.721 226.632 356.427 
424.57 876.473 350.892 442.719 841.852 872.145 167.657 314.531 729.85 550.967 892.036 545.001 371.295 385.292 474.891 635.182 355.106 702.488 935.565 398.363 397.775 387.536 797.337 938.136 529.515 358.469 136.719 823.556 731.615 610.275 1035.64 335.181 171.304 514.864 444.775 
557.197 832.661 225.204 216.037 569.76 743.616 379.438 265.047 602.091 302.333 849.301 324.238 212.009 207.87 601.146 368.543 110.653 417.528 910.618 638.959 575.751 123.968 740.623 692.719 420.83 178.941 424.156 608.55 625.272 596.433 785.705 414.403 228.965 550.023 229.872 
786.006 871.831 392 264.327 306.752 696.563 671.038 467.347 584.565 265.062 887.498 329.462 356.069 367.392 819.748 180.014 279.179 140.289 960.432 921.668 828.967 243.263 779.257 471.611 486.252 334.54 734.948 457.231 629.174 705.649 547.463 639.253 511.66 711.642 282.113 
359.601 275.902 606.304 701.747 935.693 496.101 611.13 557.219 467.367 1105.87 279.415 1140.99 632.719 1026.2 314.086 818.13 747.193 924.883 259.887 556.004 426.617 769.523 290.904 879.807 471.526 665.192 725.276 722.667 414.661 251.446 956.448 439.533 645.34 273.075 681.704 
351.319 421.893 186.955 252.62 537.034 375.926 411.539 184.329 234.955 667.205 438.526 709.307 200.412 617.981 365.297 380.296 315.33 487.694 500.241 566.258 425.932 330.438 330.51 546.938 44.5982 234.438 537.276 395.904 236.076 201.933 642.436 244.493 326.098 217.389 232.215 
819.869 503.954 595.318 529.914 344.814 250.799 893.304 640.947 290.682 852.677 512.282 915.087 577.378 906.056 819.308 419.22 636.051 464.759 583.086 1049.1 902.278 620.707 450.245 188.353 444.433 596.638 1013.41 138.708 333.766 549.837 230.426 731.905 778.47 648.594 519.507 
1020.68 744.036 731.804 630.969 280.114 490.976 1051.68 792.881 514.573 847.151 752.118 912.178 704.95 944.917 1027.05 457.272 728.551 445.798 822.119 1238.15 1098.23 703.331 689.246 134.529 628.156 714.351 1161 277.253 563.217 771.991 39.0512 914.193 916.385 859.824 627.873 
383.866 347.356 265.002 312.187 537.249 299.723 480.76 264.282 163.615 731.259 363.985 776.47 274.614 692.399 387.783 406.031 386.762 512.864 428.981 612.315 465.296 398.077 254.403 520.612 68.593 308.183 608.599 363.067 157.258 162.237 612.119 300.807 405.06 221.964 291.606 
623.708 560.629 300.801 211.981 260.726 376.012 621.933 363.464 267.486 560.394 575.59 618.716 274.758 590.859 641.003 145.245 317.345 242.986 650.355 822.621 692.425 300.958 471.01 297.059 237.306 287.2 730 184.545 316.078 442.651 395.637 499.41 485.672 490.951 203.973 
557.245 826.586 219.893 207.118 560.528 735.642 383.308 262.031 594.348 302.035 843.228 325.779 205.529 213.214 600.787 359.135 102.108 408.705 904.924 642.508 577.218 114.586 734.37 683.235 414.155 172.192 430.425 599.23 617.994 591.752 776.24 413.729 231.311 547.015 221.199 
557.248 908.728 306.62 334.755 696.139 845.742 334.215 318.291 701.989 346.575 925.214 344.489 306.178 189.19 605.483 495.586 228.886 541.421 981.059 589.454 556.232 248.888 819.771 819.288 509.66 277.872 341.252 730.767 718.88 657.027 912.616 429.2 220.844 590.161 345.676 
241.698 352.138 526.977 635.744 913.51 532.82 496.118 469.221 471.492 1025.07 360.069 1055.8 557.008 932.858 195.502 774.448 667.702 882.009 359.071 440.828 308.157 693.382 336.595 880.36 424.924 587.6 607.824 720.731 424.157 218.874 964.347 333.862 542.351 187.928 616.65 
542.072 776.354 176.955 147.167 510.56 677.738 394.417 231.905 537.298 325.185 792.991 358.402 156.083 264.008 582.842 306.297 43.6578 364.966 856.416 649.382 570.842 56.3028 683.418 627.096 361.889 122.025 457.587 539.812 562.705 548.935 721.103 395.338 235.934 513.639 161.645 
511.251 465.43 241.323 211.287 380.494 324.168 540.845 285.412 188.82 617.224 481.292 669.582 228.162 612.944 525.164 249.227 311.439 354.683 553.621 720.742 584.199 308.639 372.414 389.423 118.271 253.002 658.345 244.935 225.887 322.493 486.285 396.409 422.664 370.951 193.961 
745.204 455.8 525.09 467.616 342.118 205.543 819.183 568.191 219.317 811.582 465.808 872.503 508.87 852.993 745.419 377.89 573.893 438.239 539.304 973.903 827.32 561.004 393.249 216.234 369.439 529.771 940.09 101.213 265.548 478.774 281.46 656.659 706.929 575.022 455.759 
715.663 529.25 436.715 357.61 238.799 299.787 749.605 491.623 246.293 682.421 541.853 743.753 414.383 730.075 724.587 248.365 463.056 311.103 617.671 931.098 791.9 446.041 451.443 182.124 321.66 430.01 863.531 38.833 300.54 484.831 276.442 607.148 622.206 560.787 348.901 
282.057 531.952 118.14 244.033 611.341 513.261 277.354 62.6259 372.828 613.968 548.234 645.949 151.908 531.746 313.026 425.281 257.099 526.409 601.506 461.637 338.09 284.605 446.285 652.629 175.915 179.12 400.764 511.645 371.652 276.875 750.56 141.739 192.044 224.956 228.633 
798.972 559.904 528.577 445.88 238.673 312.631 841.029 583.319 300.563 745.638 570.636 808.644 505.863 807.04 805.176 314.428 550.314 354.464 644.938 1018.39 877.086 531.305 492.009 113.283 407.619 520.704 955.408 56.5862 352.321 553.618 195.494 695.245 714.094 638.329 438.299 
743.328 1031.75 427.263 389.96 650.481 925.212 531.159 466.884 787.844 163.083 1048.39 148.003 410.703 20.8087 789.84 478.377 298.236 483.699 1111.28 786.868 749.52 293.232 938.889 803.401 617.344 376.767 533.24 751.32 816.168 799.27 887.005 606.601 405.031 751.322 408.1 
571.361 31.6228 630.208 672.173 767.594 243.742 774.428 616.105 300.962 1090.11 24.8395 1138.67 641.586 1059.4 541.361 713.224 753.305 808.965 90.6697 803.738 655.564 762.714 112.77 664.85 434.066 675.193 902.603 525.184 253.476 295.427 723.117 578.675 745.5 406.177 652.032 
76.1183 463.949 387.743 512.338 846.416 574.381 317.12 318.961 471.832 872.846 476.321 898.007 422.036 766.676 59.0339 679.607 522.932 784.951 498 313.166 161.595 552.748 413.86 848.647 350.657 448.332 432.844 692.033 438.658 226.738 941.087 161.419 369.043 112.45 495.581 
413.818 698.553 97.4166 179.067 583.59 639.545 278.744 115.313 495.235 447.897 715.095 474.085 107.448 354.295 455.544 377.795 115.953 458.075 772.651 526.621 442.289 151.832 608.905 671.941 299.488 92.1141 363.05 558.758 509.119 452.2 769.661 267.912 120.739 399.805 179.025 
160.206 438.48 280.516 399.091 729.485 497.788 306.72 219.545 379.401 775.967 453.239 806.067 312.771 684.748 171.735 562.105 419.926 667.727 491.874 389.853 241.149 447.261 369.064 737.787 236.136 341.541 435.056 583.319 355.006 173.026 831.82 111.463 304.541 71.8679 381.546 
179.981 448.589 251.782 370.39 704.884 492.693 299.082 191.971 369.218 747.896 463.781 778.569 283.924 658.818 196.469 535.086 391.429 640.366 505.926 402.356 256.85 418.551 375 717.65 214.888 312.795 428.515 564.604 348.589 181.728 812.454 103.484 283.679 94.7629 352.945 
278.568 488.427 145.619 258.805 604.849 473.469 310.311 104.317 334.773 645.366 504.734 679.854 174.929 570.272 303.389 427.181 286.775 531.242 558.6 475.82 343.46 311.365 402.604 634.382 143.031 205.718 436.44 488.636 330.752 235.287 731.501 151.4 235.187 194.24 241.299 
613.325 977.816 375.682 396.853 741.934 913.731 377.774 386.898 770.203 335.626 994.29 320.702 374.23 159.906 662.402 546.117 290.558 582.417 1049.76 625.051 605.615 306.444 889.001 872.88 578.704 345.08 362.447 790.97 787.772 725.143 964.486 490.765 282.144 655.626 409.122 
744.272 932.534 368.285 278.153 467.39 791.794 582.204 431.654 663.724 142.127 948.916 195.88 339.118 204.12 784.849 306.752 228.239 300.341 1017.54 841.362 771.368 202.181 838.423 624.872 521.867 307.709 622.695 587.185 700.253 728.789 705.698 597.452 429.057 707.587 298.734 
539.337 606.06 171.479 72.111 358.064 469.695 495.908 243.528 336.311 470.724 622.28 522.251 140.014 469.086 565.601 165.94 178.404 269.032 692.527 715.103 597.355 167.451 512.104 432.726 207.099 147.146 596.795 325.498 371.619 426.357 530.589 400.981 351.103 439.414 62.2977 
565.524 433.627 321.86 283.388 358.113 258.182 616.028 363.402 140.207 674 448.47 729.373 308.475 683.369 573.836 272.406 386.866 369.06 523.436 784.272 642.884 380.716 344.896 332.886 173.416 332.435 735.68 178.219 189.235 340.401 426.307 461.785 502.285 410.468 267.854 
555.09 551.92 223.897 148.003 327.196 398.47 544.737 286.386 270.662 535.287 567.733 589.54 199.06 543.769 575.361 168.074 254.096 275.378 640.21 748.258 620.919 243.502 459.004 374.253 182.464 214.114 653.028 254.342 311.13 399.506 472.84 426.353 409.119 433.04 135.831 
822.976 631.697 517.904 418.151 154.311 390.017 838.959 580.269 357.202 679.321 643.324 743.312 490.805 754.082 834.053 258.213 517.929 280.264 718.501 1032.81 897.009 494.629 558.426 79.8123 428.168 500.45 947.064 103.947 411.044 598.339 178.362 708.401 702.277 672.242 414.276 
426.708 586.359 54.0833 100.499 479.051 501.108 377.037 122.45 357.526 500.888 602.996 541.828 38.4708 453.442 457.109 284.486 148.054 382.97 666.743 594.371 479.839 163.377 493.471 543.801 172.308 69.857 483.206 420.387 377.27 365.601 642.343 284.074 239.585 350.076 84.0536 
594.041 725.69 200.04 76.5572 379.854 590.593 494.631 275.879 458.594 349.162 742.038 399.941 164.027 353.657 627.766 174.485 108.208 242.687 811.121 737.574 638.681 76.844 631.589 496.299 317.605 143.851 574.607 418.306 493.627 530.627 589.566 447.541 336.648 524.605 96.6023 
837.088 1093.55 500.37 439.892 635.472 967.36 631.558 548.657 835.374 81.6088 1110.11 46.0109 478.724 114.983 882.56 487.123 362.752 469.614 1175.91 888.217 847.115 348.914 999.758 800.051 678.62 444.816 635.154 768.064 868.517 872.443 876.727 697.207 500.402 833.501 459.672 
385.253 789.003 243.239 338.585 741.157 769.751 162.693 211.116 626.547 508.139 804.965 514.612 263.856 363.662 434.42 534.58 258.031 607.824 853.113 422.2 380.927 292.479 706.22 832.166 425.988 252.389 209.695 715.964 631.079 525.772 929.958 267.854 70.0357 441.322 339.33 
567.733 161.208 724.846 789.682 928.285 411.536 804.27 694.764 452.179 1208.48 150.083 1252.3 742.927 1157.72 526.972 857.385 858.478 957.518 78.5175 778.302 642.526 873.284 243.895 831.883 545.95 776.974 926.076 689.163 399.962 355.563 891.126 616.591 808.125 436.807 769.089 
502.837 929.931 367.764 436.606 822.22 905.005 249.804 348.294 761.032 480.941 945.88 469.46 380.716 308.715 553.104 617.395 338.12 673.751 993.54 482.578 480.833 366.111 847.047 932.451 561.057 361.006 214.133 829.15 768.439 666.325 1028.32 401.513 210.775 578.695 442.549 
917.048 1150.43 568.918 494.887 636.661 1010.19 715.793 622.065 883.167 78.2943 1166.88 39.2046 544.424 199.361 961.774 511.383 428.627 475.925 1234.61 972.94 929.53 410.079 1056.35 808.483 737.57 511.063 720.084 793.115 919.604 938.395 878.512 775.421 581.997 905.787 515.271 
807.087 924.686 415.502 296.946 365.662 756.229 672.632 487.899 640.664 202.485 940.562 267.27 381.115 319.363 843.481 242.143 289.173 201.249 1012.63 928.036 844.237 255.008 831.472 533.735 530.42 355.49 726.006 520.878 683.65 747.8 607.363 659.404 514.612 745.38 316.37 
893.949 885.936 506.952 372.324 183.098 676.42 810.612 584.062 591.219 398.339 900.316 462.875 470.367 525.552 921.908 197.122 419.315 89.56 975.828 1052.5 946.81 383.767 798.392 362.167 546.996 456.974 885.005 400.425 642.424 764.022 420.024 751.713 652.04 793.333 384.838 
260.069 776.006 391.695 517.571 920.201 827.59 68.4763 323.855 695.848 729.176 790.023 731.498 424.401 575.237 307.657 718.337 460.925 804.235 820.62 202.388 210.231 496.935 710.168 983.416 509.166 427.818 106.452 847.326 682.748 513.72 1081.92 235.987 227.308 400.001 511.614 
309.291 615.059 100.24 233.266 628.765 589.359 227.798 32.6956 446.806 556.232 631.32 582.684 135.65 459.148 349.013 430.726 211.256 523.894 683.939 448.642 346.575 244.248 529.401 690.867 246.497 148.852 340.478 559.746 450.018 358.113 789.453 161.805 112.161 294.323 223.652 
371.618 911.353 601.422 727.78 1130.26 1001.96 278.491 531.806 879.046 908.743 923.411 901.759 634.492 741.298 403.238 928.569 668.159 1013.74 940.018 151.251 287.543 703.983 859.48 1189.37 703.808 637.975 221.097 1049.29 858.653 666 1287.64 416.857 435.294 546.762 721.826 
