200 40 17
777 335 649 27 763 426 211 429 862 135 22 167 11 373 784 324 413 980 862 281 84 505 313 895 814 364 87 178 403 399 676 12 94 570 467 902 652 280 865 619 
4400 7290 310 1170 970 7710 4810 6750 7090 9270 5670 8560 4970 3530 5860 9650 3060 
11 13 4 4 15 15 0 15 1 6 0 14 2 14 4 9 11 10 12 15 14 15 0 3 13 5 6 2 7 2 9 7 6 12 11 9 13 15 4 6 2 0 4 10 5 10 0 12 12 14 16 4 13 15 14 15 5 1 11 1 14 10 3 7 2 13 0 2 0 6 10 6 9 7 1 14 12 15 6 9 11 3 7 0 5 12 9 1 15 10 4 4 2 9 9 10 9 6 4 10 6 10 3 11 14 13 14 3 12 5 7 5 11 14 6 9 8 15 3 13 4 6 13 11 9 15 6 16 10 15 9 4 12 2 1 15 15 6 0 1 13 10 13 0 11 1 12 11 12 1 16 4 3 10 10 13 8 8 13 15 3 13 14 2 4 13 10 2 12 14 1 4 15 5 16 1 2 6 5 13 13 2 4 1 6 10 1 5 3 0 1 10 7 5 6 7 11 3 2 4 
3090.95 7162.24 2128.69 3308.29 7355.72 7119.73 1214.62 1595.31 5707.93 5652.12 7319.73 5778.81 2418.68 4328.44 3575.32 5316.01 2715.36 6150.92 7779.27 3752.13 3130.45 3075.84 6357.31 8105.83 3714.97 2408.4 2164.53 6841.24 5704.04 4511.36 9091.01 1882.18 386.394 3628.24 3267.12 6508.86 1644.02 6266.56 1948.79 5032.89 
5117.23 752.13 5411.33 5825.8 6969.15 1997.22 6990.11 5293.71 2207.37 10008.6 909.065 10490.7 5519.6 9696.65 4873.08 6298.51 6634.61 7279.46 1646.39 7490.64 5980.01 6728.68 251.794 6081.61 3442.24 5855.08 8281.96 4603.31 1696.85 2210.97 6747.63 5030.49 6613.18 3379.25 5623.92 6900.18 6037.52 4460.78 6533.8 3406.88 
8752.65 8768.24 4872.56 3526.66 1912.3 6710.96 7897.15 5643.84 5822.04 3830.2 8913.84 4478 4506.32 5065.78 9037.28 1822 3981.77 755.844 9667.08 10321.9 9273.83 3625.81 7885.11 3692.44 5318.99 4367.16 8636.9 3988.41 6328.11 7497.53 4309.55 7325.47 6310.45 7768.35 3655.71 1252.52 5082.57 3788.57 4745.24 4639.19 
1786.31 5535.65 2167.49 3500.36 7244.89 5827.42 1979.9 1410 4506.44 6862.26 5688.21 7102.26 2532.37 5794.11 2175.55 5372.72 3421.3 6369.09 6107.12 3494.97 2259.6 3742.53 4784.61 7616.94 2690.07 2740.02 3277.03 6166.23 4379.22 2867.14 8590.69 310 1872.11 1918.59 3365.35 6539.19 2219.39 5623.1 2793.08 4156.16 
7382.53 8633.43 3460.71 2278.82 3613.86 7044.69 6105.68 4189.37 5835.45 2319.76 8793.92 2931.28 3115.41 3085.51 7742.49 2030.02 2224.1 1948.33 9505.96 8638.92 7767.89 1874.51 7696.99 5176.04 4640.91 2862.76 6703.8 4849.26 6244.43 6802.54 5986.53 5906.64 4516.25 6759.56 2475.42 2661.3 3437.7 4429 2969.51 4569.75 
4329.25 2597.86 3597.85 3959.04 5599.73 2174.7 5634.94 3586.45 1059.48 8146.17 2762.1 8623.38 3676.19 7842.72 4263.86 4593.43 4774.6 5626.17 3454.19 6698.46 5186.26 4861.48 1656.8 5118.52 1587.77 4007.39 6926.93 3524.05 733.553 1538.83 5958.57 3750.55 4980.29 2553.14 3756.61 5350.93 4251.02 3187.13 4714.85 1772.91 
6352.9 3488.91 4618.24 4342.19 4219 1196.7 7317.79 4918.74 1016.71 8186.48 3606.8 8757.1 4530.28 8340.86 6321.78 3993.62 5371.42 4816.64 4361.01 8683.32 7192.75 5315.88 2780 3271.85 2802.36 4793.02 8568.61 1790.78 1450.97 3603.25 4003.46 5580.57 6345.27 4610.69 4184.17 4305.12 5305.86 1749.29 5600.89 1571.56 
5353.81 5486.31 2032.98 1350.74 3473.11 4044.28 5235.82 2651.66 2726.35 5328.86 5646.28 5857.55 1793.68 5344.8 5563.78 1818.93 2401.69 2894.56 6362.68 7272.65 6005.13 2320.19 4551.71 3952.58 1681.81 1958.8 6322.86 2731.63 3103.45 3870.93 4938.52 4056.71 3887.03 4163.08 1210.04 2857.27 2634.63 2156.04 2760.53 1489.33 
7603.45 5848.3 4610.64 3682.46 1844.91 3515.51 7800.82 5212.84 3025.36 6609.1 5972.45 7236.83 4354.6 7220.01 7714.47 2289.74 4709.19 2746.14 6729.7 9709.07 8345.6 4501.48 5076.66 1395.17 3655.31 4472.64 8901.26 651.153 3568.08 5380.01 2375.88 6464.8 6462.26 6100.11 3624.91 2091.17 5191.39 734.37 5233.1 2286.5 
6937.85 8241.51 3011.59 1833.08 3654.53 6724.47 5714.31 3744.33 5478.99 2596.25 8403.11 3172.38 2664.92 3100.97 7294.64 1870.67 1804.27 2034.21 9108.44 8229.27 7333.82 1448.38 7302.82 5116.74 4215.78 2415.99 6360.02 4654.6 5871.33 6366.49 5970.03 5462.97 4120.98 6309.71 2031.77 2687.32 3008.16 4201.19 2561.25 4218.08 
3697.09 8814.77 4448.46 5580.08 9629.96 9196.96 1408.12 3877.69 7837.47 7026.59 8958.06 6954.14 4730.17 5350.6 4168.86 7572.09 4839.39 8336.62 9284.21 2689.24 3152.17 5186.84 8127.54 10425.6 5901.4 4688.17 166.433 9149.97 7751.88 6170.81 11410.6 3349.34 2618.17 5059.51 5558.74 8754.3 3925.21 8577.02 4096.74 7289.89 
5405.2 1940.03 7237.47 7960.36 9546.52 4471.61 7833.04 6888.51 4756.82 12132.9 1856.07 12551.7 7439.1 11554 4976.68 8744.43 8599.36 9764.02 1214.91 7440.54 6121.48 8765.67 2668.11 8648.8 5528 7778.29 9026.68 7188.58 4222.38 3513.66 9271.75 5996.83 7963.32 4212.94 7754.23 9434.35 7755.22 7039.6 8321.66 5877.7 
5344.39 3475.46 3570.01 3468.79 4352.39 1894.47 6213.42 3826.24 551.543 7511.17 3623.77 8045.55 3517.46 7483.62 5356.01 3581.69 4447.75 4550.7 4373.71 7637.76 6166.04 4439.38 2593.32 3842.98 1698.15 3802.96 7463.79 2246.11 1033.15 2786.27 4706.19 4495.88 5256.56 3661.04 3290.14 4188.08 4260.01 1904.44 4597.27 715.891 
324.5 5539.46 3676 5001.45 8634.96 6453.54 2288.62 2920.15 5311.59 8281.47 5668.73 8475.55 4039.72 7079.75 820.731 6830.12 4915.5 7846.94 5911.66 2383.15 891.964 5243.79 4982.58 8844.71 3816.87 4250.05 3399.49 7322.14 5045.33 3046.65 9797.4 1200.37 3063.49 1853.97 4859.24 7977.09 3701.26 6813.55 4254 5264.99 
3385.65 5402.34 748.131 1893.2 5555.43 4941.22 3191 659.697 3506.29 5742.27 5567.85 6100.82 1026.94 5057.51 3681.64 3682.85 2155.23 4695.06 6150.28 5164 3949.75 2392.7 4506.44 6024.57 1501.2 1338.43 4369.46 4658.34 3575.26 2986.13 7007.72 1985.95 2089.52 2664.3 1730.12 4844.35 1292.52 4092.38 1828 2783.85 
6303.54 8604.03 2684.27 2117.03 5100 7466.12 4643.89 3238.27 6098.7 2330 8770.01 2670.88 2449.2 1916.04 6722.98 3184.49 1288.18 3502.28 9421.19 7233.29 6545.45 1162.84 7668.38 6468.71 4452.15 2111.92 5097.55 5800.01 6395.94 6390.38 7360.98 4846.61 3110.06 6059.05 2303.15 4132.95 2345.42 5286.4 1758.41 4910.01 
7703.93 8037.82 3812.94 2467.59 2247.22 6163.32 6851.49 4584.23 5120.01 3551.3 8190.15 4192.37 3446.53 4452.95 7997.58 994.887 2954.35 600.333 8932.12 9263.05 8215.7 2604.5 7127.75 3830.12 4375.39 3307.84 7624.97 3682.13 5594.33 6572.81 4620.44 6270.25 5270 6771.27 2600.94 1292.48 4028.52 3345.5 3711.39 3880.13 
8570.84 9241.73 4630.87 3340.13 2965.22 7369.41 7413.35 5386.77 6330.64 2746.42 9395.13 3393.66 4270.05 4057.2 8903.8 2207.37 3502.58 1449.31 10134.4 9928.31 9005.09 3144.41 8327.07 4716.66 5488.4 4059.67 8023.37 4812.26 6800.54 7688.7 5378.94 7105.13 5820.74 7794.18 3511.72 2169.33 4695.24 4520.01 4261.75 5085.87 
1747.94 6800 3367.52 4694.22 8635.86 7358.6 849.588 2622.31 6069.42 7345.88 6940.58 7453.22 3722 5961.08 2246.6 6672.55 4304.99 7599.24 7254.25 2131.53 1494.12 4661.68 6143.43 9134.8 4265.13 3824.98 1967.56 7717.63 5911.77 4178.24 10114.8 1435.44 2071.96 3040.07 4602.46 7863.66 3119.7 7165.93 3556.75 5726.4 
7443.61 8122 3515.18 2191.12 2751.36 6368.78 6458.99 4282.24 5244.85 3143.26 8278.18 3773.27 3149.51 3954.64 7760.32 1220.9 2535.71 1109.41 9009.35 8911.64 7916.14 2178.3 7198.06 4294.21 4304.88 2973.25 7188 4026.03 5692.81 6504.23 5107.89 5990.13 4868.81 6613.81 2350.77 1790.11 3662.27 3640.71 3301.03 3983.99 
6515.17 2643.2 5432.61 5337.96 5268.24 111.803 7838.27 5612.88 1460.03 9281.54 2730.02 9841.24 5399.57 9354.12 6396.48 5122.91 6332.85 5945.15 3451.38 8903.11 7382.04 6312.29 2161.57 4111.76 3463.7 5689.87 9121.77 2800.16 1504.16 3568.67 4690.17 5980.8 7043.1 4712.5 5165.63 5418.05 6121.19 2856.01 6480.03 2536.65 
4434.97 6193.71 522.015 827.647 4788.03 5309.36 3737.29 1291.2 3878.83 4694.01 6360.08 5095.02 170.294 4205.23 4763.03 2787.72 1151.09 3725.43 6997.17 6004.71 4920.62 1318.26 5264.6 5540.49 2051.54 380.789 4738.88 4371.56 4090.68 3971.52 6522.83 2981.81 2283.27 3770 715.891 3981.52 998.499 3795.63 1180.17 2850.02 
4171.38 3952.58 2316.14 2604.61 4851.49 3130.06 4834.1 2467.1 1691.89 6796.62 4117.67 7266.26 2347.85 6492.47 4266.44 3483.91 3420.94 4553.88 4794.52 6371.91 4946.04 3501.43 3012.81 4805.54 317.805 2670.81 6081.48 3266.02 1809.45 2193.17 5746.69 3169.01 3899.65 2674.42 2400.85 4411.63 2995.53 2768 3410.84 1208.8 
4573.54 1339.63 6130.74 6850.73 8582.1 3740.21 6888.02 5799.59 3784.71 11021.2 1353.7 11440.1 6328.61 10451.9 4192.68 7682.74 7488.53 8715.3 1200.71 6762.87 5354.12 7653.71 1751.03 7801.85 4420.92 6668.05 8117.42 6288.15 3241.97 2412.9 8489.99 5000.09 6914.62 3201.28 6644.64 8416.47 6657.88 6088.23 7220.01 4841.5 
3228.45 7939.74 3240.06 4383.21 8434.96 8116.08 651.153 2687.77 6728.15 6210.2 8090.72 6229.45 3522.06 4669.87 3731.09 6382.64 3689.08 7175.05 8484.16 3108.5 2958.01 4043.58 7191.7 9217.03 4759.88 3487.65 1052.09 7950.75 6681.44 5271.48 10202 2453.59 1414.5 4247 4355.87 7569.74 2722.81 7376.67 2932.12 6117.65 
5348.99 1240.16 6801.37 7443.39 8875.21 3771.07 7666.72 6510.77 4098.71 11631.6 1156.24 12070.6 6979.23 11130.9 4960.04 8132.41 8133.96 9138.69 587.963 7511.66 6120.52 8280.46 2009.6 7952.67 5006.09 7319.76 8898.12 6502.02 3571.13 3119.7 8571.31 5771.35 7661.87 3972 7237.47 8787.81 7352.72 6366.92 7904.03 5250.84 
1546.93 5931.11 2585.44 3931.54 7757.65 6353.05 1521.61 1814.17 5051.07 7052.5 6078.7 7245.91 2951.78 5862.76 2009.6 5851.44 3731.09 6825.75 6452.32 2961.84 1829.89 4070.11 5221.88 8168.54 3252.2 3119.78 2810.87 6725.66 4904.86 3271.85 9144.14 441.814 1850.76 2211.99 3812.15 7028.83 2510.98 6180.52 3043.81 4718.33 
4436.39 7922.33 2030.1 2702.37 6654.4 7446.8 2462.46 2003.85 6003.34 4272.34 8086.16 4391.65 2127.35 2966.51 4905.97 4588.9 1783.93 5261.65 8626.81 5061.67 4517.84 2108.36 7047.62 7669.63 4027.73 1923.33 2952.96 6606.22 6122.59 5373.27 8636.56 3102.03 1051.9 4687.87 2748.55 5737.36 1340.15 6033.66 1140.61 5080.87 
4210.01 1583.45 4508.71 5049.46 6710.29 2407.09 6001.01 4337.97 1952.56 9242.1 1748.66 9696.04 4647.6 8825.62 4010.45 5770.22 5786.83 6800.53 2361.36 6601.86 5080.25 5910.55 741.08 6069.81 2617.25 4987.04 7294.29 4504.41 1419.05 1244.27 6839.77 4042.43 5634.15 2432.88 4844.1 6508.65 5111.89 4243.02 5628.96 2930.02 
4336.01 4342.45 2044.14 2213.82 4570.73 3378.18 4775.82 2304.95 1936.21 6402.6 4506.99 6878.37 2030.02 6135.8 4471.66 3115.41 3063.49 4189.18 5190.18 6461.28 5075.68 3126.18 3401.65 4652.42 407.922 2340.3 5993.61 3161.72 2131.78 2563.63 5612.39 3225.52 3729.03 2944.5 2011.59 4081.48 2733.09 2630.06 3106.64 1162.84 
5796.9 396.232 6395.78 6810.76 7734.5 2475.88 7835.97 6255.85 3084.15 10988.7 296.816 11475.6 6508.62 10686.4 5493.43 7208.56 7624.81 8162.16 870.23 8116.38 6637.18 7717.7 1221.19 6690.69 4432.44 6844.51 9117.11 5304.87 2614.57 3046.85 7263.33 5878.82 7549.73 4150.98 6609.57 7741.64 7015.73 5238.6 7518.3 4326.53 
4570.96 8699.94 3080.84 3838.24 7765 8440.02 2138.6 2870.91 7001.03 4767.66 8860.07 4736.08 3226.72 3155.46 5070.01 5704.04 2896.08 6328.8 9345.79 4624.5 4431.91 3200.95 7865.53 8805.39 5000.09 3047.77 2116.25 7731.96 7072.48 6072.11 9771.51 3472.82 1505.72 5223.58 3883.3 6836.56 2402.6 7157.91 2276.33 6148.6 
4221.81 7728.65 1895.94 2668.35 6661.48 7297.47 2303.61 1812.21 5854.52 4461.79 7892.08 4595.27 2025.27 3182.91 4689.56 4594.36 1808.12 5303.74 8426.37 4897.45 4317.27 2148.05 6859.19 7630.79 3868.71 1850.11 2876.89 6532.09 5959.95 5168.41 8602.52 2882.1 841.546 4471.11 2698.33 5756.01 1209.34 5957.49 1108.02 4960.17 
6831.43 4586.35 4421.09 3832.56 3106.72 2274.82 7415.98 4879.11 1833.25 7366.97 4708.94 7964.65 4249.53 7712.36 6875.54 3062.5 4894.95 3785.93 5465.61 9065.65 7628.43 4771.51 3833.08 2301.85 2968.05 4453.82 8606.54 721.11 2365.42 4338.72 3151.63 5856.42 6250.82 5196.48 3712.14 3228.16 5078.43 671.789 5262.82 1498.03 
2459.37 2950.83 4106 5075.01 7720.01 4187.6 4593.08 3641.94 3382.37 9100.12 3080.99 9456.09 4368.35 8337.87 2206.4 6357.08 5513.74 7432.26 3370.18 4822.12 3315.09 5736.63 2449.02 7421.87 2858.13 4693.2 5842.3 5824.95 2951.14 794.796 8282.05 2691.41 4640.91 893.197 4876.93 7313.02 4537.85 5437.69 5125.09 3898.01 
1456.02 5739.28 2576.14 3918.42 7696.61 6183.24 1712.92 1807.37 4892.62 7137.51 5886.7 7345.43 2942.79 5982.39 1897.71 5813.26 3770.41 6800.84 6260.18 3040.21 1829.89 4103.12 5032.87 8068.95 3122.85 3129.22 3000.27 6611.54 4735.7 3081.04 9041.66 259.615 1982.15 2020.32 3790.84 6984.02 2553.27 6071.19 3102.81 4592.6 
4659.88 6843 837.616 1008.02 5042.51 5977.62 3561.18 1476.79 4550.03 4160.7 7009.43 4518.11 629.682 3550.39 5035.57 2983.04 576.975 3796.8 7634.51 5986.45 5042.16 869.77 5918.49 5967.35 2714.65 295.466 4424.85 4902.45 4763.91 4549.12 6939.08 3182.34 1997.3 4227.65 1037.88 4168.29 736.817 4332.4 572.451 3496.93 
5111.65 2153.35 4387.99 4586.61 5590.31 1329.7 6513.1 4436.3 800.562 8725.9 2301.52 9234.72 4428.21 8551.02 4999.17 4900.8 5479.51 5872.41 3051.88 7499.87 5978.5 5528.56 1291.2 4832.91 2357.63 4748.58 7805.86 3290.06 304.138 2179.04 5584.88 4618.66 5843.09 3309.7 4392.1 5493.13 5057.85 3087.59 5490.65 2014 
3187.79 2616.96 3636.88 4393.45 6716.26 3260.75 4890.37 3352.88 2337.54 8538.23 2775.03 8947.23 3832.75 7963.43 3054.85 5462.6 4993.16 6531.05 3278.32 5584.24 4059.08 5165.19 1850.03 6369.08 2011.62 4171.95 6183.24 4772.05 1935.07 260 7227.32 2931.38 4582.15 1382.35 4188.47 6358.37 4183.06 4393.93 4734.41 2873.67 
5713.49 7719 1901.18 1233.69 4651.3 6588.18 4367.44 2549.08 5211.8 3116.62 7884.8 3521.51 1619.88 2782.98 6101.29 2621.22 509.902 3182.48 8541.72 6893.48 6050 272.029 6782.05 5857.64 3568.67 1297.69 5035.32 5049.21 5504.41 5550.42 6787.7 4237.1 2774.83 5295.1 1414.39 3706.01 1724.18 4514 1224.83 4035.24 
2670.6 4997.3 1460.14 2650 6180.66 4896.12 2934.01 962.133 3513.69 6446.1 5159.47 6776.76 1774.85 5649.89 2939.01 4379.87 2866.65 5412.48 5684.65 4604.09 3297.3 3127.12 4149.86 6500.56 1600.16 2068.65 4197.34 5049.71 3465.54 2433.78 7473.29 1361.8 2216.39 1938.71 2482.02 5518.06 1846.21 4505.21 2432.88 3052.03 
1959.8 4579.57 2299.93 3487.86 6868.96 4906.58 2943.35 1711.43 3635.56 7265.29 4734.26 7576.08 2620.84 6390.38 2155.39 5150.57 3697.89 6200.08 5179.83 4122.73 2696.09 3967.72 3815.78 7033.63 2006.44 2909.98 4240.85 5516.09 3459.84 1916.04 7987.45 1018.33 2683.37 1142.15 3314.53 6259.53 2618.4 5003.3 3214.5 3462.25 
6360.7 8288.03 2560.7 1736 4539.44 7030.36 4904.94 3207.44 5691.96 2485.2 8453.08 2930.82 2269.91 2417.46 6754.57 2619.64 1167.6 2956.77 9124.15 7464.5 6673.96 900.5 7348.04 5904.07 4151.73 1954.51 5469.78 5263.08 6019.24 6182.05 6794.88 4886.28 3327.46 5953.3 1936.59 3573.26 2366.03 4759.46 1830.44 4474.87 
8622.6 7820.77 4978.97 3696.7 530.848 5585.74 8188.41 5721.77 4899.48 5140.24 7955.27 5790.42 4634.35 6179.92 8838.01 1688.08 4455.87 1147.26 8714.83 10442.4 9246.58 4137.34 6989.78 2285.69 4861.21 4596.56 9089.44 2739.29 5434.01 6921.42 2950.07 7284.85 6659.56 7395.22 3755.86 502.096 5360.04 2669.87 5165.68 3855.23 
8772.62 8199.23 5037.18 3719.1 928.924 6002.43 8204.78 5794.7 5264.6 4780.06 8336.65 5430.04 4682.4 5904.35 9009.61 1738.19 4390.68 922.009 9095.63 10519 9366.67 4056.22 7353.67 2716.49 5093.18 4611.87 9055.63 3175.91 5793.51 7198.09 3328.66 7402.93 6651.14 7614.47 3801.58 610.082 5366.8 3075.08 5124.66 4175.94 
7233.98 4143.09 5252.98 4783.02 3822.05 1632.48 8099.25 5632.98 1910.24 8363.73 4240.62 8963.15 5118.25 8700.28 7211.68 4047.28 5840.69 4712.46 4972.78 9550.55 8068.16 5736.14 3539.9 2584.36 3578.34 5348.35 9329.4 1374.41 2331.22 4495.88 3207.02 6415.3 7041.15 5501.42 4650.01 4102.78 5928.68 1628.9 6161.27 2198.29 
8194.21 8491.72 4289.11 2947.71 2223.24 6555.34 7279.02 5059.8 5561.27 3450.23 8642.23 4100.05 3922.37 4543.57 8493.01 1445.34 3358.72 613.514 9388.01 9718.17 8694.16 3001.77 7588.46 3925.94 4875.16 3767.89 8010.41 3970.2 6046.23 7070.91 4641.3 6754.44 5690.25 7274.73 3088.77 1355.18 4472.61 3685.7 4123.4 4335.55 
2520.5 7889.23 4651.3 5945.26 9940.65 8650.47 1506.85 3934.02 7395.96 8140.39 8019.01 8152.75 4992.68 6580.46 2924.79 7945.6 5431.18 8832.47 8250.39 1214.33 1794.77 5791.73 7309.78 10488.7 5624.03 5054.75 1578.13 9079.39 7210.12 5352.84 11470.1 2762.84 3099.19 4169.65 5872.12 9140.88 4311.81 8526.58 4665.03 7087.55 
5500.58 1025.91 6788.32 7383.55 8696.4 3540.69 7772.29 6528.05 3940.77 11576 920.869 12026 6953.01 11118 5126.1 8007.7 8102.47 9002.54 311.448 7697.88 6287.65 8237.72 1865.31 7737.42 4949.77 7293.53 9015.74 6305.15 3422.35 3148.4 8340.01 5858.75 7711.76 4062.47 7178.14 8633.85 7355.68 6188.52 7898.21 5118.95 
7213.66 9583.01 3682.09 3051.77 5452.79 8357.33 5370.75 4212.47 7019.42 1379.28 9748.67 1671.08 3448.9 1246.64 7648.29 3740.01 2287.9 3787.25 10407.3 7970.31 7397.57 2136.94 8645.17 6980.41 5433.94 3111.93 5639.16 6495.8 7340.64 7390.32 7814.61 5776.03 3920.94 7046.93 3247.8 4497.2 3310.06 6017.08 2714.65 5802.59 
5275.95 2036.3 7191.56 7940.03 9600.26 4567.99 7720.94 6826.43 4804.63 12104.6 1963.06 12516.4 7400.24 11501 4841.62 8762.69 8561.14 9788.53 1355.65 7290 5982.28 8733.75 2722.09 8730.11 5512.62 7738.66 8906.47 7257.28 4266.91 3465.08 9365.82 5899.24 7880.54 4123.12 7734.01 9471.03 7698.96 7095.59 8269.18 5905.96 
3967.73 1434.02 5028.02 5721.06 7585.55 3129.5 6059.13 4738.58 2831.43 9894.52 1563.87 10318.7 5213.91 9356.37 3676.14 6587.27 6371.91 7630.81 1925.85 6301.57 4812.15 6530.28 1112.88 6941.02 3290.97 5554.07 7327.13 5381.39 2294.91 1355.18 7696.04 4117.05 5922.31 2346.91 5514.94 7363.69 5576.53 5122.82 6128.24 3784.4 
8142.05 10063.9 4427.47 3530.58 5012.94 8600.7 6412.53 5044.48 7346.35 726.154 10227.3 1345.36 4141.62 1996.5 8557.67 3619.64 3020.76 3360.24 10918.1 9012.22 8379.29 2772.18 9123 6676.3 5967.95 3824.26 6712.93 6439.6 7724.8 8042.4 7428.25 6681.47 4923.18 7821.77 3736.64 4110.05 4168.19 6023.22 3590.71 6089.35 
8062.83 8392.15 4157.69 2816.19 2253.91 6477.16 7152.2 4928.42 5466 3434.21 8543.38 4082.76 3790.95 4481.08 8362.12 1343.02 3234.15 604.07 9287.74 9588.33 8562.72 2877.93 7486.15 3930.41 4753.7 3637.32 7889.77 3922.09 5947.13 6950.72 4666.18 6622.91 5564.21 7147.38 2957.36 1356.24 4343.56 3622 3998.11 4234.73 
3558.83 8321.69 3528.17 4617.85 8663.86 8483.11 970.979 3016.17 7089.29 6178.82 8472.57 6158.32 3792 4575.25 4059.38 6603.07 3862.91 7360.33 8863.84 3220.93 3229.64 4210.38 7573.38 9496.78 5112.58 3731.34 810.247 8258.26 7051.27 5653.5 10480.2 2833.88 1676.31 4625.17 4604.04 7782.61 2973.1 7682.74 3121.94 6452.91 
1666.76 3994.72 4706.08 5866.15 8894 5516.09 4205.95 4079.67 4716.31 9647.39 4095.42 9929.48 5025.94 8659.38 1221.88 7380.17 6098.24 8451.51 4187.66 3768.08 2372.55 6373.58 3677.84 8709.59 3930.41 5316.29 5325.38 7115.87 4294.41 2121.44 9588.93 2628.4 4715.46 1410.32 5683.56 8410.72 4977.56 6700.9 5572.8 5134.91 
1440.28 4714.54 2705.12 3947.3 7388.06 5272.73 2737.32 2040.83 4057.65 7605.29 4861.81 7885.04 3044.73 6634.29 1647.57 5655.33 4073.03 6699.15 5242.23 3650 2194.56 4362.61 4019.08 7544.32 2515.75 3313.13 4020.45 6018.05 3837.1 2060.1 8494.62 788.543 2772.38 1017.69 3781.6 6772.13 2933.94 5511.32 3528.54 3960.81 
350.143 5058.11 3962.94 5250.09 8715.32 6152.02 2886.47 3238.83 5098.48 8714.5 5180.21 8937.14 4317.24 7578.52 321.403 6992.01 5271.6 8032.93 5381.82 2708.97 1192.18 5584.64 4562.32 8802.78 3792.89 4558.62 3992.42 7248.59 4782.35 2682.87 9737.17 1562.18 3570.22 1520.03 5092.51 8109.19 4077.08 6764.91 4651.24 5193.17 
7148.57 8409.1 3222.48 2035.41 3601.85 6852.07 5908.23 3955.06 5626.01 2482.94 8570.07 3077.48 2875.43 3112.64 7505.58 1907.8 2007.31 1955.63 9279.36 8430.07 7542.27 1653.39 7471.63 5112.58 4403.24 2626.88 6535.36 4716.1 6027.8 6561.5 5946.43 5673.53 4316.02 6516.21 2232.31 2638.83 3214.98 4279.08 2760.53 4361.94 
6651.14 10147.3 4080.01 4128.2 7351.8 9394.17 4319.36 4268.98 7969.72 2921.59 10312.9 2714.59 4023.13 1119.73 7138.86 5457.36 3078.83 5721.14 10886.6 6793.53 6591.94 3180 9246.72 8740.98 6099.26 3711.71 4153.94 8012.5 8175.24 7660.86 9633.82 5397.13 3310.42 7011.28 4270.7 6384.24 3452.54 7478.19 2962.33 6885.23 
3017.98 6089.05 1046.95 2384.66 6323.67 5858.88 2260.55 328.024 4436.77 5642.35 6251.35 5907.45 1405.77 4670.8 3412.7 4351.39 2186.73 5290.29 6773.42 4436.95 3400.19 2514.48 5236.22 6925.27 2436.47 1550.29 3405.44 5602.47 4460.1 3512.41 7910.94 1542.08 1160.04 2864.84 2283.53 5542.39 982.344 5031.82 1563.71 3753.11 
1914.5 6191.9 2367.83 3709.46 7609.45 6485.01 1310.34 1606.39 5146.36 6700.75 6342.75 6883.2 2729.71 5489.42 2384.03 5664.99 3432.86 6614.45 6742.59 3118.49 2120.38 3778.95 5452.35 8099.73 3273.91 2867 2606.4 6693.41 5037.96 3523.93 9080.58 718.679 1474.92 2517.3 3604.36 6851.69 2215.78 6138.15 2724.13 4721.28 
6340.39 8014.24 2457.52 1464.55 4178.24 6687.68 5035.49 3155.2 5367.92 2730.35 8178.47 3221.26 2135.06 2802.09 6714.88 2233.94 1151.56 2625.28 8860.86 7562.29 6701.91 812.219 7073.2 5517.76 3901.55 1848.16 5677.23 4874.53 5712.53 5982.48 6413.63 4862.77 3443.63 5823.44 1670.27 3215.03 2370.34 4374.25 1892.64 4136.97 
2718.11 3240.99 3127.46 4007.06 6682.25 3737.51 4272.63 2776.27 2645.18 8088.83 3397.96 8472.22 3356.5 7431.78 2662.48 5266.62 4515.05 6342.15 3880.12 5095.74 3578.44 4713.9 2471.3 6503.64 1768.19 3690.43 5567.56 4916.36 2334.31 615.873 7401.42 2317 3966.79 952.68 3806.23 6240.03 3632.7 4483.85 4199.63 2912.54 
5610.36 300 6384.12 6855.11 7921.52 2713.12 7706.58 6209.48 3218.85 11042.6 134.536 11518.4 6512.61 10692.7 5291.39 7330.57 7641.05 8300.42 642.884 7909.4 6441.68 7747.06 1239.88 6918.76 4452.02 6850.64 8980.74 5508.05 2726.35 2935.86 7510.33 5755.22 7476.59 4003.2 6652.17 7899.62 6990.31 5418.39 7505.39 4440.6 
3367.74 2631.5 3526.05 4220.96 6464.09 3070.93 4959.7 3293.1 2094.04 8384.39 2793.8 8805.55 3702.39 7856.21 3260.55 5234.01 4859.31 6299.82 3342.83 5759.25 4236.08 5017.58 1806.02 6112.78 1811.77 4042.78 6256.2 4515.77 1711.2 515.461 6973.16 3009.27 4567.73 1564.74 4015.2 6115.72 4097.18 4136.87 4635.27 2619.26 
7792.51 10170.5 4290.05 3624.64 5703.07 8891.01 5877.25 4816.33 7572.48 830.963 10335.9 1064.05 4054.53 1160.43 8232.84 4128 2893.86 4033.39 10999.9 8470.92 7951.79 2731.23 9231.48 7304.63 6025.36 3718.28 6058.51 6925.58 7907.45 7996.2 8100.15 6363.98 4470.98 7653.55 3824.04 4769.54 3912.34 6468.71 3316.05 6342.55 
2770.94 2866.67 5071.17 6062.45 8615.94 4649.99 5196.65 4568.47 4092.38 10068.9 2955.76 10412.5 5343.42 9257.09 2370.02 7320.69 6481.89 8394.43 3016.84 4938.83 3530.35 6712.8 2680.02 8204.98 3826.24 5664.6 6380.63 6612.38 3602.72 1661.48 9025.94 3418.49 5460.59 1725.86 5864.64 8249.72 5472.34 6267.1 6064.86 4770.08 
6182.31 7194.62 2258.87 930.054 3404.76 5722.39 5297.07 3028.53 4446.58 3608.39 7356.21 4153.26 1892.35 3820.99 6500.01 1351.52 1471.39 2061.55 8062.08 7694.37 6663.52 1162.5 6256.01 4585.3 3190.24 1739.25 6123.74 3860.63 4828.88 5363.45 5511.63 4730.92 3727 5388.55 1096.59 2482.44 2464.83 3355.29 2192.72 3192.4 
3959.04 8497.79 3347.67 4329.25 8348.19 8497.79 1397.03 2938.33 7080.97 5645.64 8652.68 5614.71 3572.39 4028.92 4462.3 6281.4 3497.94 6989.61 9081.16 3766.66 3704.07 3833.43 7713.79 9263.97 5081.59 3467.16 1258.73 8086.07 7084.95 5833.32 10242.6 3070.02 1515.29 4868.15 4337.2 7446.4 2733.86 7509.1 2788.3 6358.14 
1252.08 6482.05 4891.18 6234.91 9959.78 7671.9 2647.56 4120.69 6598.97 9206.44 6592.94 9328.26 5257.92 7839.32 1394.63 8118.5 6024.39 9115.46 6713.4 1243.38 487.647 6369.62 6049.5 10189.8 5161.68 5432.03 3335.94 8664.13 6297.3 4200.06 11141.6 2450.82 3916.02 3038.72 6107.37 9279.58 4806.51 8158.05 5310.34 6606 
5349.86 1801.36 4826.85 5032 5881.8 1140.22 6870.26 4854.77 1168.29 9164.57 1938.3 9676.78 4872.47 8998.22 5200.74 5294.32 5926.63 6246.05 2697.04 7746.23 6221.13 5975.37 1040.77 5010.49 2796.86 5193.94 8166.24 3515.18 743.303 2371.54 5709.19 4952.98 6252.18 3544.31 4838.03 5837.68 5493.43 3373.6 5932.55 2422.44 
6086.79 8510.49 2532.69 2087.34 5259.51 7441.08 4398.51 3051.88 6057.73 2522.4 8676.74 2824.82 2321.42 1931.32 6511.54 3307.96 1170.04 3683.48 9317.9 6989.37 6314.78 1113.28 7578.1 6586.73 4360.23 1981.16 4852.24 5864.51 6337.04 6253.53 7491.47 4635.9 2870.28 5886.47 2262.41 4294.71 2151.14 5340.04 1557.56 4889.93 
3412.11 8792.92 5321.39 6564.58 10601.1 9537.4 2077.11 4645.83 8264.53 8349.38 8921.8 8291.54 5644.16 6690 3795.81 8573.36 5944.01 9410.13 9143.42 1612.08 2643.82 6301.34 8215.7 11239.7 6451.43 5664.99 1480.03 9867.32 8093.9 6257.93 12224.3 3627.08 3622.15 5075.61 6512.02 9767.71 4903.68 9307.01 5180.59 7903.95 
7011.71 8627.27 3145.6 2114.54 4133.1 7189.46 5603.5 3834.44 5914.86 2139.02 8790.36 2687.77 2824.55 2589.54 7393.04 2391.34 1808.01 2485.66 9483.95 8161 7350.33 1488.52 7686.51 5628.83 4546.22 2535.69 6153.25 5172 6287.58 6653.61 6471.91 5534.45 4024.92 6512.34 2320.34 3169.51 3025.97 4712.59 2512.87 4662.59 
7079.39 6683.42 3488.62 2279.69 1802.78 4716.53 6726.46 4212.46 3740.39 4881.12 6830.59 5501.13 3159.4 5483.65 7298.36 541.295 3186.63 1342.39 7581.9 8920.59 7706.37 2920.58 5796 2802.03 3360.95 3167.87 7693.44 2280.64 4240.62 5484.03 3730.48 5746.16 5240.47 5882.15 2299.93 1125.39 3932.15 1897.89 3824.13 2550.02 
7018.52 4669.74 4602.45 3988.48 3055.65 2303.58 7606.64 5067.17 1974.97 7461.75 4788.07 8064.8 4425.79 7843.33 7058.99 3139.55 5051.46 3819.35 5542 9256.35 7817.4 4920 3939.26 2153.79 3159.91 4625.02 8795.29 610 2499.3 4504.98 2982.36 6048.22 6435.44 5376.63 3872.84 3234.89 5256.81 720.694 5432.44 1690.09 
2522.86 7861.3 5525.98 6856.97 10772.4 8947.39 2585.59 4771.77 7800.16 9275.52 7974.58 9300.72 5882.92 7733.01 2763.71 8829.16 6441.86 9762.43 8100.88 151.327 1651.09 6801.09 7400.72 11179 6196.21 5987.85 2684.77 9705.32 7541.81 5510.14 12149.4 3322.56 4141.32 4325.01 6762.37 10017.6 5274.92 9173.06 5683.04 7665.87 
1170.68 5365.37 2770.88 4091.61 7751.26 5930.01 2096.14 2022.99 4685.4 7472.22 5509.89 7700.92 3133.13 6365.29 1557.69 5924.57 4041 6937.53 5862.98 3085.61 1726.62 4361.11 4687.1 8028.13 3023 3352.15 3365.37 6535.21 4488.94 2724.13 8991.61 319.531 2385.33 1620.99 3948.49 7077.2 2838.54 6009.6 3409.3 4491.38 
3946.45 1502.33 5294 6034.64 7956.61 3443.84 6146.64 4965.41 3200.56 10195.6 1603.53 10608.9 5494.77 9614.56 3616.43 6944.24 6655.23 7991.13 1814.63 6233.39 4769.34 6824.93 1397.89 7305.05 3614.71 5833.84 7397.9 5748.91 2662.71 1576.1 8052.55 4228.3 6100.79 2432.98 5828.79 7730.68 5821.04 5493.64 6382.64 4152.17 
8837.79 6533.19 5892.16 4910.41 1891.8 4034.35 9089.44 6501.45 3957.63 7408.06 6635.97 8053.15 5627.48 8226.14 8924.4 3278.19 5907.7 3378.71 7372.77 10979.1 9597.47 5672.08 5871.67 182.483 4895.85 5729.86 10184.1 1437.36 4478.26 6467.03 1091.24 7736.1 7740.1 7276.33 4870.03 2628.8 6460.26 1899.92 6472.07 3470.52 
5122.99 2023.88 7064.03 7826.43 9539.35 4549.43 7569.63 6691.28 4741.02 11985.8 1962.29 12393.8 7276.33 11369.5 4688.76 8674.3 8437.36 9704.47 1399.43 7140.06 5829.79 8613.35 2667.21 8694.19 5402.85 7614.26 8754.03 7210.17 4201.15 3337.81 9342.34 5751.28 7737.01 3977.8 7620.53 9396.3 7566.31 7037.39 8138.23 5826.03 
3980.01 3708.26 2466.78 2864 5126.65 3061.93 4797.52 2530 1651.97 7056.94 3874.13 7516.47 2535.84 6704.36 4048.51 3784.4 3639.3 4853.87 4537.19 6224.48 4775.14 3738.94 2772.53 5019.41 447.772 2867.14 6062.78 3459.05 1678.63 1893.91 5947.86 3059.3 3954.57 2422.97 2658.76 4704.25 3131.15 2982.97 3579.12 1405.45 
2419.19 3455.84 5210.47 6290.19 9052.81 5246.05 4950.82 4639.62 4629.49 10194.8 3537.47 10505.7 5508.4 9283.67 1965.4 7667.76 6618.8 8743.39 3541.09 4443.8 3100.97 6873.29 3288.05 8718.4 4171.53 5815.88 6078 7122.15 4156.37 2104.59 9558.04 3306.19 5388.82 1817.47 6098.61 8640.83 5545.96 6753.14 6142.71 5225.56 
6295.86 7950.33 2406.01 1401.21 4153.26 6625.41 5012.43 3108.5 5304.5 2794.15 8114.54 3285.18 2080.82 2855.8 6668.02 2196.41 1115.44 2611.97 8797.14 7533.29 6663.31 770.065 7009.28 5478.92 3838.39 1797.39 5667.19 4823 5648.62 5921.57 6378.38 4818.34 3419.49 5767.71 1607.02 3191.69 2331.74 4320.46 1863.44 4074.24 
7075.43 9260.94 3434.47 2712.21 5085.2 7990.12 5348.42 4009.75 6663.21 1564.16 9426.18 1960.23 3178 1622.62 7497 3350.24 2024.67 3424.86 10093.3 7946.45 7303 1832.51 8321.45 6596.28 5119.07 2846.91 5706.01 6105.01 6995.14 7115.51 7436.83 5620.72 3847.49 6820.69 2912.04 4125.85 3119.7 5627.76 2533.32 5438.13 
9534.29 7830.36 6166.4 4980.46 1013.9 5380.75 9411.53 6864.2 5090.04 6625.99 7943.46 7275.85 5848.98 7706.02 9685.93 3038.72 5846.04 2673.28 8691.88 11522.2 10230.6 5550.44 7107.1 1262.46 5615.87 5869.05 10394.8 2561.27 5630.14 7449.68 1530.52 8298.07 7940.96 8118.5 4999.49 1981.54 6632.72 2813.97 6514.63 4335.37 
6028.18 2691.36 4833.43 4768.28 5016.42 592.284 7264.16 5015.19 860.233 8760.97 2807.08 9310.11 4804.26 8784.51 5938.77 4673.98 5751.29 5549.17 3560.46 8403.74 6888.96 5740.6 2022 4041.5 2865.05 5097.42 8543.47 2590.44 976.524 3133.13 4723.56 5426.98 6446.15 4237.1 4591.91 5070.01 5521.75 2531.26 5884.67 1977.3 
4894.95 1227.76 6397.28 7081.79 8682.89 3719.41 7208.22 6085.2 3885.67 11261.8 1203.54 11689.8 6585.93 10723.5 4511.34 7850.64 7743.98 8872.46 910 7074.94 5672.55 7900.69 1808.78 7841.43 4646.17 6926.05 8439.22 6352.32 3347.12 2693.64 8501.2 5315.8 7218.03 3516.5 6875.64 8550.8 6936 6179.85 7493.23 4987.84 
8577.44 8642.56 4695.53 3349.7 1933.73 6612.11 7721.89 5466.82 5698.18 3762.79 8789.29 4412.36 4329.26 4951.62 8863.51 1666.28 3808.48 617.171 9541.14 10144.9 9097.09 3453.13 7754.7 3696.28 5158.85 4190.05 8466.53 3920.46 6200.03 7341.21 4346.63 7149.19 6135.83 7601.07 3479.37 1197.08 4906.09 3698.5 4571.31 4504.94 
7375.26 5685.67 4407.1 3510.27 1992.23 3394.01 7587.52 4999.86 2834.87 6554.85 5812.85 7176.81 4157.69 7112.54 7486.42 2217.12 4546.74 2760.04 6571.41 9483.63 8118.08 4349.94 4899.08 1618.39 3427.1 4284.76 8695.42 617.171 3378.18 5161.78 2595.86 6239.44 6260.77 5873.71 3444.72 2142.55 4996.32 530.848 5053.1 2061.84 
7546.58 8799.57 3628.91 2453.26 3645.89 7192.34 6241.23 4354.09 5993.41 2201.27 8959.78 2823.49 3285.25 3064.26 7909.11 2141.05 2376.83 1975.17 9673.31 8782.59 7924.95 2030.89 7863.75 5240.77 4813.99 3029.14 6817.54 4960.58 6406.45 6976.85 6034.32 6070.1 4654.65 6933.11 2650.02 2704.07 3593.56 4551.41 3115.65 4727.12 
5239.02 463.249 5680.32 6112.49 7232.05 2170.07 7182.26 5544.84 2486.76 10296.9 618.466 10777.1 5794.94 9973.61 4971.78 6585.93 6914.34 7563.5 1360.77 7595.81 6094.8 7012.08 506.063 6308.64 3722.16 6131.3 8470.09 4849.82 1982.52 2390 6952.7 5222.15 6849.23 3533.86 5910.26 7177.53 6300.58 4724.03 6802.83 3694.6 
6325.29 4573.69 3807.57 3250.55 3140.33 2489.66 6818.36 4271.83 1659.52 6919.03 4710.04 7501.63 3638.04 7175.91 6397.08 2694.09 4310.05 3537.36 5469.23 8521.5 7104.44 4202.2 3745.94 2680.62 2412.99 3847.04 8000.83 1109.41 2200.45 3975.19 3598.06 5296.46 5638.47 4745.29 3121.6 3073.53 4465.61 677.422 4657.56 950 
8481.09 8545.37 4603.39 3257.25 1904.44 6523.13 7639.92 5374.62 5601.61 3775.84 8692.39 4425.98 4237.32 4932.07 8765.67 1564.38 3730.97 519.711 9443.86 10056.8 9003.7 3376.82 7656.4 3654.22 5056.93 4101.62 8393.24 3844.01 6102.36 7239.23 4322.27 7054.59 6055.38 7500.15 3384.97 1131.46 4820.84 3613.32 4492.45 4405.96 
7597.14 5566.51 4774.62 3926.13 2180.57 3183.11 7923.35 5340.08 2814 6981.4 5685.36 7606.06 4539.44 7552.65 7682.94 2649.55 4969.56 3136.96 6439.39 9752.63 8360.86 4779.84 4824.95 1386.54 3658.43 4681.08 9052.72 291.548 3351.21 5256.81 2322.63 6512.61 6630.31 6038.87 3852.4 2480.32 5380.05 662.193 5458.8 2229.1 
8567.43 9757.79 4664.44 3495.21 3878.72 8032.3 7151.01 5379.41 6902.54 1831.83 9915.83 2476.31 4324.68 3264 8938.23 2863.23 3372.14 2304.19 10639.6 9721.41 8920.02 3039.49 8827.6 5614.24 5830.82 4060.75 7626.85 5604.23 7340.48 8005.9 6295.79 7089.86 5583.35 7977.09 3690.34 3047.95 4592.13 5263.39 4083.54 5638.41 
6431.83 6828.79 2635.19 1328.8 2736.51 5161.49 5821.63 3394.66 3974.34 4176.98 6985.88 4760.01 2280.9 4556.33 6703.22 680.074 2163.63 1645.75 7714.15 8117.75 6988.91 1891.8 5902.35 3824.15 3041.2 2228.47 6731.46 3118.49 4407.29 5241.35 4758.93 5028.29 4293.37 5436.25 1399.79 1874.89 2992.01 2634.1 2826.04 2708.23 
8191.03 7061.62 4740.14 3555.19 661.211 4794.01 7984.47 5445.07 4162.22 5659.8 7192.9 6304.92 4420.52 6523.43 8370.55 1659.22 4445.96 1635.73 7952.38 10123.7 8860.93 4164.16 6248.33 1710.03 4326.85 4441.19 8967.02 1941.26 4701.97 6299.73 2544.43 6914.62 6512.46 6859.37 3570.9 894.93 5204.33 1894.1 5097.61 3190.14 
6194.27 1992.11 7780.67 8404.72 9657.6 4405.96 8579.61 7488.98 4937.82 12596 1855.21 13041 7955.94 12110.5 5777.21 9024.47 9109.26 10011.8 1095.63 8262.67 6928.07 9251.39 2881.25 8622.77 5969.05 8296.52 9792.01 7238.4 4428.83 4097.15 9172.36 6708.8 8626.82 4911.71 8199.1 9627.61 8332.65 7154.55 8884.01 6133.6 
2751.82 7606.97 3295.6 4520.9 8561.48 7918.85 165.529 2660.17 6559.16 6628.73 7754.44 6673.84 3608.67 5130.55 3252.63 6529.63 3922.31 7370.24 8118.73 2673.16 2456.01 4281.93 6890 9252.16 4631.21 3621.12 1159.18 7931.02 6474.46 4946.32 10238.1 2112.37 1587.77 3876.6 4471.35 7723.73 2859.53 7361.96 3155.71 6035.3 
4782.39 5921.71 1075.17 650 4229.95 4827.34 4320.05 1785.3 3422.57 4837.13 6086.91 5297.44 790.759 4571.09 5065.04 2293.14 1515.29 3296.74 6757.94 6502.49 5339.91 1541.85 4982.18 4916.39 1790.11 951.262 5355.23 3743.63 3694.37 3899.76 5900 3377.71 2904.13 3891.04 444.072 3469.44 1628.9 3168.36 1760.82 2309.57 
5870.72 6679.42 2020.4 698.928 3360.43 5223.52 5191.99 2786.27 3933.95 4119.93 6840.8 4656.49 1661.11 4246.75 6162.35 1310.15 1593.14 2229.91 7548.36 7503.09 6400.52 1367.95 5741.26 4359 2701.2 1598.41 6105.78 3491.25 4312.59 4888.57 5313.38 4446.22 3664.42 4973.15 784.347 2504.6 2362.05 2960.15 2214.61 2684.05 
9086.43 11578.4 5694.25 5025.73 6630.61 10238.7 7011.57 6193.3 8946.65 974.936 11743.5 363.593 5466.19 1796.27 9541.47 5310.4 4305.16 5006.82 12411.2 9567.47 9181.01 4144.83 10638.6 8332.92 7436.73 5128.9 7001.83 8130.42 9296.65 9407.4 9050.55 7687.67 5717.49 9039.74 5227.17 5759.21 5286.44 7710.01 4690.01 7703.77 
1737.38 3751.83 4438.47 5566.19 8535.84 5176.33 4183.44 3841.47 4352.7 9405.92 3861.72 9705.12 4748.53 8468.32 1360.66 7042.56 5840.42 8115.55 4010.5 3972.81 2520.52 6105.71 3376.82 8341.97 3579.46 5047.23 5350.45 6748.18 3936.34 1758.66 9221.39 2488.23 4568.98 1083.42 5380.15 8062.57 4745.75 6334.04 5342.48 4769.2 
3654.65 2374.03 3735.91 4355.97 6400.38 2787.87 5263.02 3544.93 1891.72 8537.56 2538.37 8973.41 3891.85 8061.79 3529.53 5259.29 5041.48 6315.89 3120.21 6049.28 4524.82 5183.33 1519.9 5968.46 1922 4232.32 6559.86 4373.21 1466.49 717.008 6808.42 3314.23 4843.66 1848.78 4149.82 6096.06 4327.23 4023.49 4852.68 2551.25 
9485.74 11802.8 6004.24 5249.04 6534.91 10374.1 7459.52 6538.09 9115 1062.12 11967 696.419 5757.01 2270.2 9933.85 5351.82 4600 4950.66 12647.3 10026 9605.65 4410.22 10861.8 8270.48 7679.18 5424.09 7480.11 8163.56 9485.38 9695.61 8948.82 8071 6132.09 9374.69 5453.45 5699.73 5633.68 7768.46 5037.16 7860.43 
3865.18 5899.09 187.883 1391.69 5261.65 5245.27 3302.38 755.91 3801.85 5156.44 6065.31 5520.74 451.221 4514 4193.86 3303.94 1569.84 4270.95 6670.37 5480.01 4361.52 1807.54 4986.88 5894.85 1845.7 751.798 4382.92 4628.19 3940.57 3549.93 6880.7 2415.49 1967.87 3248.4 1258.77 4490.13 863.713 4052.28 1310.34 2914.31 
4368.07 3699.31 2650.23 2864.47 4809.26 2790.07 5146.15 2805.03 1352.37 7045.69 3862.9 7529.16 2669.08 6793.42 4429.86 3573.51 3720.86 4630.87 4557.48 6612.81 5164.62 3784.23 2758.3 4642.15 653.758 2986.9 6401.25 3075.14 1483.14 2160.37 5565.15 3438.63 4237.28 2787.71 2664 4433.93 3331.91 2608.64 3738.05 1029.56 
4207.43 8063.87 2389.02 3206.7 7190.95 7750.16 2020.94 2193.47 6310.2 4688.37 8225.41 4751.89 2545.68 3248.34 4694.21 5124.11 2326.39 5811.72 8730.8 4613.91 4193.04 2656.63 7215.68 8169.19 4311.16 2384.47 2406.01 7062.08 6388.82 5458.58 9141.04 2978.34 906.973 4670.59 3236.33 6279.68 1714.79 6486.76 1645.02 5456.42 
1989.27 5847.88 2054.48 3400.35 7238.02 6063.6 1726.99 1283.2 4716.92 6612.72 6001.67 6834.4 2420.99 5500.71 2413.57 5322.03 3228.93 6294.2 6430.01 3478.17 2354.68 3562.02 5083.48 7687.31 2840.04 2595.15 3016.29 6269.11 4618.06 3181.01 8666.45 552.268 1549.35 2249.64 3280.56 6501.3 2012.06 5716.38 2565.35 4289.57 
4598.48 8393.24 2592.78 3264.97 7176.31 7998.11 2363.24 2490.98 6555.16 4370.18 8555.75 4404.38 2702.96 2878.37 5085.87 5116.01 2308.68 5742.56 9074.15 4938.75 4570.83 2611.97 7533.83 8229.82 4568.44 2500 2599.46 7181.54 6658.24 5805.82 9193.26 3366.1 1285.5 5044.06 3318.51 6247.6 1903.79 6609.46 1710.26 5651.94 
3429.87 8827.21 5799.59 7076.64 11090.1 9741.18 2590.62 5092.84 8518.48 9000.47 8947.87 8950.45 6135.14 7350.33 3747.12 9082.4 6508.39 9948.16 9115.54 1251.6 2589.54 6867.81 8309.24 11655.3 6779.75 6180.81 2140.84 10244.1 8309.76 6375.77 12636.9 3903.66 4173.88 5183.25 7011.57 10278.1 5427.78 9692.36 5741.93 8246.21 
5449.45 6623.41 1550.81 206.155 3857.16 5346.19 4695.72 2321.57 3994.72 4120.83 6787.35 4612.13 1185.96 4034.41 5760.56 1808.01 1171.54 2700.24 7474.15 7024.88 5950.63 1022.4 5682.3 4807.75 2534.03 1101.14 5609.32 3848.77 4323.91 4671.24 5771.46 4006.71 3166.35 4651.92 353.553 3001.67 1864 3296.86 1733.58 2789.28 
2064.75 7457.16 4584.16 5907.45 9851.14 8310.24 1640.76 3838.88 7091.72 8347.48 7583.59 8394.77 4937.53 6844.46 2447.39 7889.26 5476.71 8810.69 7794.68 962.549 1304.19 5836.06 6905.09 10317.8 5385.63 5032.45 2011.37 8874.33 6878.79 4959.76 11294.4 2498.04 3178 3769.2 5818.36 9080.67 4313.51 8330.92 4717.65 6856.24 
5913.65 1657.47 7423.44 8044.06 9333.06 4114.68 8269.04 7138.16 4596.54 12235.3 1528.82 12680.6 7596.93 11753.5 5508.18 8673.85 8749.73 9665.35 774.661 8023.78 6664.32 8891.03 2530.32 8328.39 5608.36 7937.51 9490.97 6924.58 4083.06 3747.33 8898.55 6385.21 8287.3 4586.28 7838.43 9288.72 7978.5 6827.36 8528.12 5784.02 
1032.47 5816.61 4963.64 6283.25 9835.5 7163.69 3186.36 4210.01 6180.53 9527.73 5919.8 9695.58 5326.35 8256.55 876.185 8080.84 6201.84 9109.83 6001.22 1971.62 883.912 6532.26 5445.38 9932.75 4924.16 5540 4020.2 8375.11 5834.87 3679.84 10864.7 2490.02 4260.11 2585.21 6136.68 9212.15 4985.14 7894.87 5529.65 6321.55 
4361.11 1300 4798.77 5338.89 6920.12 2415.99 6230.39 4618.5 2133.96 9531.84 1464.14 9987.22 4939.36 9117.04 4133.42 6029.83 6078.89 7053.12 2069.32 6742.66 5227.08 6202.2 528.867 6220.97 2908.14 5278.87 7520.33 4671.81 1591.54 1444.2 6966.05 4270.19 5902.63 2612.28 5133.67 6745.01 5398.94 4437.17 5918.49 3172.33 
6670.32 4120.74 4545.91 4089.6 3590.01 1786.31 7425.4 4938.12 1476.79 7763.79 4239.62 8351.54 4409.67 8032.99 6680.61 3494.68 5143.89 4256.88 4994.18 8952.75 7488.66 5048.96 3394.26 2674.7 2916.06 4640.91 8645.21 1159.18 1982.85 4051.91 3457.01 5782.06 6340.54 4981.21 3951.82 3712.59 5220.61 1151.09 5453.9 1500.53 
3476.69 6277.97 672.086 1964.74 5956.71 5860.01 2573.89 382.099 4421.37 5213.11 6442.38 5498.25 1001.7 4314.49 3865.81 3955.48 1728.18 4869.25 6997.71 4857.21 3855.92 2054.12 5397.96 6642.12 2420.33 1103.54 3631.67 5378.19 4500.59 3769.48 7627.75 1999.7 1225.6 3226.72 1881.62 5150.31 541.295 4802.67 1136.49 3622.29 
7899.15 5680.16 5110.77 4253.53 2200.57 3238.27 8256.71 5674.41 3012.31 7221.04 5792.31 7851.07 4875.09 7840.06 7974.92 2909.93 5293.06 3314.83 6540.5 10069.9 8670.01 5097.22 4974.02 1123.61 3968.69 5014.83 9388.36 475.395 3540.45 5505.53 2020.4 6832.37 6966.46 6319.32 4183.06 2623.93 5715.6 982.904 5790.35 2524.14 
6268.63 9744.83 3684.56 3790.05 7144.96 9021.4 3978.39 3861.67 7592.76 3039.9 9910.26 2914.4 3638.91 1310 6753.68 5208.35 2731.83 5537.3 10481.2 6487.53 6232.13 2860.09 8846.34 8484.82 5708.11 3333.18 3900.01 7705.92 7789.04 7253.39 9392.02 4999.17 2914.31 6604.8 3924.13 6177.78 3050.39 7164.34 2570.93 6524.3 
3810.84 8925.74 4518.07 5635.65 9683.45 9296.5 1510.83 3958.04 7933.74 7011.68 9069.27 6928.85 4795.05 5323.39 4282.15 7623.42 4880.01 8378 9396.98 2771.89 3262.21 5225.33 8236.22 10494.4 5992.8 4746.21 228.254 9227.4 7852.1 6280.39 11479 3457.01 2680.19 5171.19 5617.92 8803.29 3984.93 8653.84 4142.09 7375.94 
6999.23 8548.95 3116.62 2052.51 4028.92 7093.58 5629.25 3815.89 5825.2 2229.91 8711.74 2786.43 2789.48 2698.33 7375.53 2281.4 1801 2385.16 9407.96 8178.98 7350.11 1471.05 7608.48 5519.6 4478.33 2507.99 6199.65 5063.57 6202.23 6595.91 6364.19 5521.61 4046.05 6472.44 2257.63 3064.52 3021.06 4605.76 2520.52 4570.73 
8032 4336.32 6226.76 5750.22 4341.66 1866.25 9028.49 6590.78 2690.07 9231.08 4401.3 9841.99 6095.33 9639.29 7970.75 4891.24 6810.07 5450.47 5075.79 10382.3 8881.69 6697.18 3918.47 2799.46 4506.44 6325.58 10270.8 2088.66 3005.88 5184.53 3136 7299.1 8005.38 6261.25 5621.08 4784.61 6904.1 2489.1 7138.46 3165.09 
2462.05 6887.45 2496.16 3775.62 7785.22 7080.71 772.01 1818.93 5708.8 6328.11 7039.67 6454.59 2829.08 4993.85 2956.52 5778.17 3300.92 6663.82 7448.31 3126.21 2454.91 3660.12 6132.41 8417.16 3770 2884.87 2002.02 7077.23 5640.5 4218.83 9402.68 1426.78 1043.07 3225.68 3706 6973.79 2146.93 6510.03 2543.72 5172.44 
8409.05 8334.13 4563.65 3219.22 1660.12 6284.05 7648.17 5333.25 5387.88 4011.25 8479.68 4661.54 4199.55 5117.69 8681.32 1415.98 3763.64 340.588 9232.98 10035.1 8952.01 3415.41 7451.63 3396.73 4914.35 4083.85 8435.7 3586.32 5894.28 7084.76 4080.11 6996.14 6071.61 7381.52 3333.78 867.698 4817.41 3366.9 4517.74 4207.07 
7141.33 9506.59 3604.07 2977.55 5420.33 8287.27 5310.15 4135.75 6947.09 1451.52 9672.28 1749.17 3370.85 1282.65 7574.99 3690.66 2209.84 3757.13 10330.4 7910.03 7329.18 2060.15 8568.9 6937.45 5357.2 3033.84 5591.51 6439.26 7266.64 7312.25 7776.38 5702.25 3853.89 6969.51 3173.09 4462.66 3233.73 5957.85 2638.56 5732.03 
5050.16 7275.01 1292.75 1116.11 4998.13 6330.18 3769.62 1894.65 4915.65 3707.86 7441.4 4062.08 1070.56 3123.28 5440.31 2932.05 162.788 3644.46 8074.06 6263.1 5390.45 522.015 6346.69 6047.06 3133.38 730 4526.11 5080.51 5155.39 5003.45 7004.83 3574.14 2177.06 4677.71 1222.62 4087.08 1061.18 4520.63 608.358 3814.35 
1642.22 5729.31 2373.94 3716.46 7504.83 6090.94 1742.87 1605.15 4780.29 6957.08 5879.33 7173.51 2740.6 5826.02 2070.6 5614.85 3573.47 6600.19 6274.62 3222.98 2031.8 3904.63 5000.09 7896.36 2974.17 2927.54 3039.49 6449.37 4642.5 3062.83 8871.03 255.539 1843.91 2049.63 3589.54 6787.24 2357.9 5905.29 2912.47 4440.42 
6290.03 2410.02 5333.85 5302.12 5423.33 156.205 7664.15 5482.05 1357.94 9295.56 2503.38 9846.08 5317.38 9317.75 6162.09 5186.11 6279.53 6038.39 3234.83 8681.31 7158.56 6273.57 1903.39 4320.47 3340.73 5615.38 8951.72 2963.78 1319.39 3332.1 4922.6 5790.28 6908.37 4485.29 5124.45 5533.99 6019.98 2976.59 6397.04 2513.82 
1578.48 4152.17 4759.88 5939.02 9014.93 5678.42 4141.85 4117.79 4868.93 9682.34 4251.31 9954.75 5085.23 8667.51 1113.24 7480.43 6144.69 8550.05 4331.95 3624.65 2249.82 6425.76 3841.59 8850.24 4044.87 5370.18 5240.34 7257.69 4451.12 2274.82 9733.47 2622.4 4705.41 1513.31 5758.9 8520.48 5010.59 6837.79 5604.23 5268.81 
2770.42 3211.74 5446.15 6486.45 9120.14 5125.83 5295.1 4901.53 4602.45 10440.2 3282.5 10764.4 5733.34 9566.12 2316.83 7797.97 6857.29 8872.89 3238.67 4777.08 3449.48 7101.8 3125.41 8716.74 4299.42 6047.28 6428.19 7124.3 4109.46 2160.37 9535.85 3622.18 5698.22 2056.43 6291.53 8742.11 5808.48 6778.22 6404.39 5276.74 
3960.23 8505.7 3360.91 4343.29 8362.32 8508.8 1396.03 2950.25 7092.28 5656.37 8660.5 5624.3 3586 4037.92 4463.46 6295.54 3512.06 7003.68 9088.12 3759.32 3702.18 3847.52 7722.43 9277.81 5093.13 3481.06 1246.19 8099.44 7095.58 5840.98 10256.4 3075.84 1527.78 4874.19 4351.15 7460.54 2747.54 7522.47 2802.43 6370.64 
5401.45 1758.41 4899.65 5102.17 5920.41 1110.41 6936.18 4926.67 1226.13 9232.31 1892.33 9745.59 4945.07 9069.89 5247.48 5352.02 5998.44 6299.66 2651.74 7798.27 6273.02 6046.33 1025.91 5030 2869.65 5266.39 8232.41 3544.04 813.019 2420.02 5719.39 5016.62 6323.31 3596.5 4908.46 5885.88 5566.19 3412.87 6005.31 2484.21 
8394 5797.26 5720.87 4879.85 2498.82 3284.45 8844.66 6268.44 3326.74 7770.32 5895.7 8406 5491.93 8441.33 8445.41 3493.67 5919.27 3804.33 6627.07 10602.7 9181.95 5721.58 5165.51 945.569 4494.19 5637.03 9989.72 996.393 3827.58 5889.19 1607.23 7375.29 7576.17 6767.35 4808.33 3080.81 6332.81 1564.26 6415.05 3028.35 
8063.85 8103.2 4212.84 2868.19 1806.79 6114.7 7300.11 4982.62 5162.36 3896.79 8251.26 4544.85 3848.6 4901.23 8339.8 1108.56 3423.58 140.357 9001.25 9684.01 8602.76 3078 7210.25 3466.71 4603.53 3733.11 8096.67 3495.88 5658.73 6783.93 4210.7 6647.83 5725.49 7055.17 2983.76 892.749 4467.99 3225.79 4174.65 3957.84 
2922.19 4728.48 1502.43 2546.92 5900.19 4524.48 3318.51 1190.38 3133.83 6492.96 4892.48 6855.09 1763.86 5797.67 3143.96 4160.62 2906.82 5211.24 5447 4944.46 3598.62 3133.37 3858.11 6156.95 1217.95 2086.14 4579.26 4688.25 3100.92 2243.21 7125.37 1701.82 2541.36 1944.87 2363.24 5273.07 2004.2 4149.82 2565.35 2676.86 
6420.12 8924.33 2938.25 2481.29 5451.84 7835.34 4623.13 3433.51 6458.99 2172.67 9090.57 2432.82 2733.86 1537.34 6854.55 3562.02 1584.05 3834.81 9731.85 7222.5 6612.54 1512.88 7991.71 6846.34 4773.78 2393.41 4978.88 6190.03 6744.63 6662.16 7732.04 4982.63 3141.86 6276.47 2661.6 4484.12 2528 5676.42 1931.27 5281.1 
3705.67 3240.45 2853.23 3390.63 5631.36 2960.15 4831.32 2780.97 1672.75 7577.16 3406.88 8021.78 2973.21 7153.2 3712.16 4346.26 4108.24 5413.56 4040.22 6026.75 4537.85 4233.82 2321.77 5409.92 954.254 3311.68 6119.67 3823.94 1513.44 1343.73 6310.95 2978.09 4163.9 2025.56 3184.54 5245.27 3483.68 3390.96 3975.75 1824.28 
6040.03 1192.02 7197.34 7726.78 8805.96 3533.06 8290.53 6972.82 4125.4 11918.6 1037.3 12384.7 7344.79 11520.9 5668.48 8237.72 8484.74 9207.23 344.384 8241.07 6830.03 8604.09 2125.14 7749.81 5307.3 7684.5 9540.34 6376.4 3633.41 3617.35 8298.25 6366.8 8187.34 4575.51 7522.69 8801.57 7782.78 6308.17 8313.9 5347.34 
2166.68 3497.57 3311.86 4330 7217.32 4272 3954.64 2835.72 3228.87 8309.38 3644.08 8657.16 3585.04 7531.65 2079.09 5727.35 4722.3 6801.77 4033.72 4559.52 3035.56 4954.56 2829.86 7085.17 2255.68 3905.09 5233.82 5500.91 2896.2 864.928 7987.84 2004.12 3865.95 367.967 4136.28 6739.09 3732.09 5060.25 4320.2 3484.32 
6661.01 3806.01 4759.46 4384.63 3946.14 1415.24 7547.3 5105.33 1350.74 8122.74 3918.6 8705.79 4646.4 8354.28 6642.51 3869.39 5430.38 4638.71 4668.36 8976.84 7494.43 5351.65 3121.6 2930.02 3024.24 4892.95 8785.54 1489.46 1803.14 3944.54 3650 5846.61 6522.74 4933.28 4237.98 4091.76 5441.93 1531.54 5705.05 1691.69 
1284.45 6573.9 3785.83 5129.23 8994.44 7341.91 1432.24 3019.74 6117.56 7939.1 6706.49 8057.32 4148.95 6572.09 1755.59 7074.81 4821.47 8033.18 6964.14 1723.63 883.233 5173.57 5981.61 9391.67 4428.32 4285.72 2385.16 7928.64 5907.7 4023.75 10363.9 1541.56 2651.89 2841.78 5021.13 8257.03 3615.22 7391.35 4088.28 5899.71 
8459.39 10212 4693.08 3721.09 4850 8667.19 6778.04 5335.1 7448.29 823.893 10374.1 1473.4 4392.64 2355.19 8867.11 3599.24 3298.8 3225.91 11075.2 9376.53 8717.55 3026.76 9272.44 6552.32 6150.81 4084.96 7097.36 6408.57 7845.47 8257.97 7270.01 6992.63 5274.18 8082.4 3926.86 3978.19 4472.5 6018.01 3904.93 6184.5 
1473.3 4251.04 4718.4 5910.14 9025.41 5748.82 4042.24 4066.74 4918.55 9627.61 4351.67 9894.32 5047.24 8597.86 1004.24 7472.42 6097.82 8540.37 4438.78 3517.17 2139.37 6382.49 3927.34 8882.35 4050.88 5328.43 5134.69 7291.51 4508 2327.44 9770.47 2548.25 4627.58 1514.63 5731.88 8520.52 4955.91 6865.71 5548.33 5293.79 
6506.03 3376.23 4881.85 4620.82 4389.65 976.371 7541.12 5166.29 1160.39 8458.02 3485.28 9030.76 4800.04 8619.76 6456.2 4248.48 5648.96 5050.72 4232.19 8852.42 7353.32 5594.64 2723.42 3343.83 3037.27 5065.69 8798.66 1932.59 1519.9 3700 4023.49 5779.15 6595.4 4744.73 4462.3 4520.01 5570.39 1958.01 5872.46 1845.32 
6487.87 5755.87 3228.16 2280.02 2360.28 3827.82 6450.07 3868.4 2812.58 5598.93 5902.82 6193.88 2956.77 5980.18 6660 1352.07 3320.32 2269.91 6654.45 8473.12 7174.4 3135.43 4871.15 2750 2618.42 3064.72 7519.02 1714.93 3314 4652.11 3734.51 5242.72 5070.8 5154.03 2216.53 1953.46 3789.58 1196.04 3824.98 1634.9 
4654.46 4405.55 2214.43 2192.08 4271.42 3249.69 5057.56 2550.33 1825.62 6349.62 4567.93 6846.04 2151.28 6174.35 4786.2 2886.17 3113.33 3953.86 5270.92 6777.12 5394.56 3139.49 3465.86 4333.77 715.122 2440 6261.63 2849.65 2097.55 2794.85 5294.8 3538.95 3960.11 3242.11 1998.22 3810.47 2903.38 2313.66 3231.25 887.694 
4206.97 6818.25 750 1527.42 5577.81 6158.77 3006.48 1101.45 4717.04 4468.75 6984.17 4765.92 804.114 3640.71 4606.01 3525.02 1010.05 4351.37 7574.75 5443.9 4540.89 1356.24 5912.6 6444.05 2780.29 646.375 3889.5 5310.94 4872.83 4400.66 7421.89 2733.86 1448.07 3944.63 1518.19 4714.29 212.132 4735.65 410.366 3759.71 
5122.68 8807.84 2878.98 3353.36 7128.11 8299.62 2862.04 2889.43 6856.86 3926.74 8971.57 3922.55 2930.15 2372 5609.29 5090.09 2326.93 5629.39 9508.59 5415.43 5090.98 2581.82 7933.57 8278.13 4896.12 2681.68 2965.3 7312.68 6992.63 6250.01 9227.27 3875.87 1788.99 5528.26 3436.82 6180.98 2194.95 6747.59 1868.69 5891.91 
8627.55 9040.76 4698.86 3374.29 2542.83 7094.85 7591.29 5465.02 6110.33 3177.88 9191.35 3825.39 4333.43 4454.57 8941.62 1993.24 3662.7 1100 9936.94 10073.1 9097.74 3302.15 8136.83 4305.37 5395.7 4151.17 8256.21 4471.03 6595.31 7594.8 4952.38 7174.23 5997.21 7765.96 3530.23 1781.94 4824.21 4210.7 4429 4884.28 
7224.2 10103.9 4054.94 3702.03 6401.03 9056.23 5124.58 4449.63 7677.71 1730.81 10270.3 1647.79 3892.17 322.49 7687.68 4643.21 2772.18 4737.81 10897.4 7690.16 7295.38 2731.63 9176.06 7905.5 5961.61 3553.17 5179.29 7352.58 7956.11 7774.12 8752.67 5852.11 3843.34 7294.31 3881.04 5442.66 3551.48 6853.82 2969.98 6501.89 
4932.07 3804.68 2950.02 2911.37 4340.93 2494.67 5640.3 3216.29 1075.64 7020.26 3962.13 7535.95 2903.67 6913.88 4990.75 3282.7 3861.15 4308.47 4690.68 7170.29 5727.13 3872.53 2879.6 4088.24 1118.26 3194.95 6878.18 2514.32 1404.64 2627.18 5004.9 3981.02 4644.07 3337.18 2724.59 4040 3640.01 2061.29 3984.08 496.488 
2184.9 6518.14 2372.87 3692.83 7655.06 6749.94 1047.52 1644.02 5391.71 6488.71 6670.01 6647.13 2723.56 5223.83 2668.35 5677.06 3320.63 6596.97 7077.23 3133.83 2286.94 3674.48 5767.81 8217.02 3479.37 2821.95 2326.59 6843.78 5306.12 3849.49 9200.9 1058.49 1212.64 2856.17 3604.68 6869.97 2122.69 6281.72 2584.96 4904.96 
5553.6 2365.42 4594.98 4664.47 5313.2 917.061 6875.89 4710.04 690.652 8744.48 2497.78 9273.41 4600.92 8664.92 5451.83 4783.77 5605.15 5713.61 3257.38 7936.56 6417.88 5625.24 1601.53 4453.64 2581.18 4909.27 8163.19 2946.35 531.601 2637.59 5174.26 5007.4 6132.36 3756.01 4477.79 5286.09 5276.49 2805.58 5676.2 1952.56 
2560.96 2930.02 3832.75 4764.71 7381.39 3961.46 4537.22 3406.54 3087.01 8817.77 3071.04 9185.43 4082.71 8097.07 2366.98 6020.31 5234.74 7095.24 3432.16 4950.84 3430.01 5447.83 2332.4 7100.18 2521.92 4411.63 5806.69 5503.82 2676.86 494.065 7967.79 2598.87 4473.03 830.06 4565.08 6973.16 4292.19 5108.86 4873.45 3563.55 
6498.62 3683.31 4650.18 4315.52 4037.73 1346.18 7407.09 4979.33 1184.31 8103.53 3799.54 8680.81 4546.88 8299.57 6477.81 3878 5354.86 4675.91 4552.42 8817.9 7333.48 5286.07 2980.02 3071.63 2884.81 4800.09 8649.72 1598.31 1639.82 3778.16 3806.13 5694.78 6400.52 4768.23 4163.87 4148.16 5334.99 1586.85 5610.89 1585.34 
5791.52 4655.08 3130.81 2624.98 3310.97 2864.19 6162.92 3604.51 1720.47 6456.08 4803.68 7017.24 2964.41 6599.4 5898.83 2406.01 3675.45 3372.49 5553.06 7933.35 6544.88 3590.84 3765.86 3184.04 1844.59 3180.58 7334.31 1699.18 2210.7 3653.18 4140.05 4694.65 4963.39 4295.04 2482.9 3039.9 3789.84 1157.45 3992.71 544.518 
9239.62 7463.73 5943.48 4795.05 1010.2 5015.12 9188.05 6625.93 4730.86 6680.75 7576.73 7330.98 5635.65 7684.95 9380.53 2905.12 5696.89 2671.72 8325.15 11257.7 9947.96 5414.21 6742.47 940.479 5308.72 5673.67 10196.8 2196.59 5270.09 7109.21 1410.32 8025.29 7739.94 7798.38 4800.94 1941.65 6433.51 2464.97 6344.14 4002.16 
7419.47 7481.52 3611.79 2280.9 1953.59 5574.17 6760.49 4376.17 4552.47 4080.49 7632.1 4712.89 3252.46 4843.81 7685.34 440.114 2963.19 661.891 8377.83 9094.62 7977.97 2639.64 6578.82 3376.17 3927.66 3169.31 7616.65 3106.93 5036.05 6109.9 4222.91 6017.75 5206.4 6382.54 2375.08 1000 3922.26 2756.1 3686.2 3325.55 
1240.36 4511.01 4669.58 5891.73 9100.25 5957.13 3824.68 3994.11 5084.98 9538.47 4613.77 9789.65 5006.85 8468.32 753.923 7504.11 6032.45 8567.15 4708.51 3247.18 1872.97 6326.27 4165.92 9007.14 4121.71 5277.74 4894.01 7421.12 4690.18 2506.97 9905.81 2416.46 4478.24 1593.99 5718.48 8570.88 4871.36 6982.41 5459.5 5405.67 
8782.53 10314.3 4958.49 3903.6 4605.7 8674.02 7174.3 5629.25 7501.21 1173.88 10474.6 1795.36 4641.86 2810.43 9178.8 3535.04 3589.67 3031.91 11187.2 9769.06 9070.24 3293.04 9378.11 6344.17 6306.96 4348.16 7528.51 6308.36 7919.71 8448.01 7020.84 7309.53 5650.22 8330.31 4106.8 3777.25 4787.87 5950 4235.86 6234.52 
9053.58 7594.38 5631.7 4434.24 502.494 5203.77 8875.52 6336.82 4778.49 6171.37 7715.08 6821.65 5310.49 7196.03 9219.47 2488.88 5296.05 2171.75 8470.05 11010.3 9735.84 5000.93 6832.72 1363.41 5157.96 5324.74 9850 2321.81 5321.69 7056.35 1920.94 7794.93 7397.43 7677.77 4456.59 1454.99 6089.11 2475.18 5965.61 3933.2 
6292.42 9415.48 3329.16 3251.12 6490.15 8554.58 4176.09 3625.8 7140.6 2592.08 9581.7 2591.06 3227.79 1111.4 6761.4 4570.01 2216.17 4877.91 10180.7 6748.52 6347.04 2292.64 8501.29 7851.64 5316.54 2902.45 4285.44 7116.89 7370.08 6998.93 8750.89 4942.63 2906.97 6445.01 3401.54 5522.62 2754.09 6584.38 2209.07 6028.62 
3931.78 4857.26 1321.97 1809.45 4890.04 4107.02 4083.33 1565.41 2663.68 5966.99 5023.59 6399.79 1368.54 5541.16 4140.46 3186.93 2484.29 4251.18 5666.12 5917.06 4602.2 2610 3927.71 5195.62 720.902 1700.74 5277.17 3779.74 2803.71 2736.22 6172.45 2676.43 2983.29 2799.46 1605.24 4275.35 2004.42 3222.19 2419.19 1873.85 
7623.08 9463.47 3855.31 2929.66 4659.2 8023.88 5999.08 4493.92 6756.35 1298 9626.91 1866.25 3559.96 2093.35 8028.08 3116.36 2457.99 2988.8 10316.9 8591.68 7894.76 2191.46 8522.47 6261.8 5366.91 3248.4 6392.69 5930.41 7129.33 7447.31 7054.37 6154.42 4470.28 7247.07 3135.76 3723.76 3633.25 5494.26 3069.67 5502.63 
5484.02 6842.12 1550.48 294.109 3995.46 5597.21 4606.82 2318.12 4239.67 3903.87 7006.58 4382.66 1185.12 3780.54 5812.49 1931.04 945.78 2754.87 7687.19 6983.7 5952.9 770.26 5901.23 5010.04 2730.07 1028.83 5477.82 4087.3 4560.39 4838.03 5967.14 4026.13 3052.67 4765.23 500 3112.72 1768.76 3539.39 1566.3 3040.74 
8805.96 10400.9 5000.65 3968.5 4735.27 8778.52 7164.78 5662.3 7597.22 1055.51 10561.6 1670.45 4688.82 2724.7 9206.59 3648.15 3622.29 3158.54 11271.9 9761.81 9081.77 3333.26 9463.87 6472.48 6380.22 4390.56 7497.11 6427.48 8011.67 8513.39 7150.64 7335.01 5650.57 8379.24 4172.59 3904.68 4812.92 6065.01 4254.69 6330.64 
4846.82 563.028 5735.64 6300.64 7723.94 2794.28 6941.73 5514.17 2931.28 10493.6 677.422 10947.4 5888.1 10061.3 4537.95 6947.09 7032.59 7954.48 1120.58 7160.45 5683.47 7161.01 845.281 6880.18 3868.97 6228.23 8213.43 5387.13 2397.08 2188.26 7552.51 4993.65 6749.61 3234.47 6095.41 7611.48 6320.01 5218.78 6851.4 4066.36 
6270.86 1245.31 6217.15 6430.12 6886.54 1537.08 8066.14 6203.27 2490.98 10541.5 1264.63 11063.5 6272.93 10402.7 6032.35 6563.3 7331.23 7458.13 1891.69 8648.53 7135.71 7377.68 1381.92 5736.91 4190.76 6596.22 9362.59 4425.4 2142.94 3332.22 6266.18 6113.89 7574.97 4516.02 6237.77 6979.4 6876.4 4430.54 7328.14 3755.33 
8806.48 6170.98 6067.78 5175.76 2438.95 3646.64 9216.42 6634.58 3744.33 7885.7 6264.99 8527.4 5826.84 8636.28 8861.93 3676.59 6201.27 3874.39 6989.37 11005.3 9590.63 5987.73 5560.33 700.928 4897.4 5957.63 10347.9 1386.22 4241.7 6309.46 1193.31 7773.45 7923.28 7186 5115.7 3131.29 6666.52 1937.24 6724.2 3435.83 
2170.37 7088.16 3214.5 4510.04 8504.64 7516.13 418.808 2505.69 6189.23 6970.8 7232.79 7059.04 3555.35 5550.9 2672 6508.62 4037.14 7402.6 7576.26 2398.71 1927.69 4396.92 6397.04 9086.94 4317.65 3622.5 1642.47 7710.32 6067.83 4440.28 10070.9 1622.37 1740.4 3339.46 4434.97 7703.77 2887.72 7149.58 3276.66 5758.03 
5292.35 3401.13 3580.68 3508.53 4433.01 1865.61 6191.55 3820.99 490.408 7564.82 3550.13 8096.27 3536.24 7521.33 5298.39 3653.08 4479.75 4625.88 4299.07 7592.66 6117.16 4477.25 2516.03 3916.55 1684.04 3825.62 7445.82 2320.02 957.131 2714.3 4775.62 4460.67 5252.55 3600.57 3327.78 4266.77 4270.57 1983.63 4616.58 777.817 
2638.79 8034.88 5261.61 6574.04 10539.7 8980.54 2186.8 4525.15 7780.91 8830.09 8155.42 8836.98 5610.63 7259.93 2956.3 8565.07 6097.08 9471.44 8325.68 629.682 1797.47 6457.52 7521.98 11023.5 6091.39 5690.83 2169.24 9581.42 7555.64 5594.57 12000.5 3203.15 3772.23 4401.92 6491.79 9758.51 4958.47 9037.93 5332.56 7562.27 
1896.13 3558.79 3695.29 4767.15 7700.53 4596.09 3965.7 3160.14 3636.32 8688.9 3693.47 9016.68 3986.64 7843.76 1718.2 6204.26 5106.16 7277.95 3998.01 4287 2765.39 5353.62 2995.28 7548.81 2738.85 4297.73 5214.53 5960.44 3267.11 1112.52 8443.62 2076.17 4066.69 311.448 4576.85 7221.65 4066.02 5529.06 4660.53 3956.22 
8561.36 8230.67 4770.51 3437.05 1273.93 6106.14 7904.75 5534.88 5285.09 4403.68 8372.37 5053.96 4410.77 5512.18 8815.12 1512.51 4056.41 559.732 9129.21 10253.1 9132.03 3715.71 7365.39 3034.16 4963.64 4320.2 8728.12 3339.97 5803.88 7104.71 3691.64 7170.25 6339.86 7463.86 3533.86 612.209 5067.2 3174.16 4799.93 4146.09 
3378.54 2043.53 4512.14 5294.8 7462.96 3412.48 5433.99 4174.84 2840.18 9436.04 2180.21 9839.23 4721.49 8828.01 3116.02 6314.47 5882.52 7375.78 2542.62 5737.26 4233.63 6061.49 1549.23 6964.75 2902.43 5059.42 6702.6 5378.2 2340.3 787.464 7770.88 3492.92 5321.52 1722.9 5089.77 7164.94 5031.95 5060.05 5595.72 3616.7 
5192.16 7510.66 1507.12 1306.48 5089.76 6560.87 3801.08 2068.65 5148.84 3508.39 7677.06 3846.1 1302.5 2886.47 5593.17 3030.59 245.153 3686.2 8308 6326.78 5501.78 530.754 6582.86 6191.58 3370.18 962.133 4495.88 5263.93 5391.57 5227.25 7142.17 3720.55 2207.85 4877.54 1430.31 4163.94 1198.54 4708.51 661.891 4039.37 
3762.58 3636.17 2477.76 2979.56 5354.21 3158.24 4658.04 2469.82 1780.59 7166.34 3802.55 7612.73 2579.34 6758.58 3822.94 3985.1 3706.24 5057.15 4445.45 6023.16 4564.83 3825.94 2709.69 5246.66 544.059 2916.06 5932.64 3682.46 1740.72 1690.98 6172.24 2881.25 3880.12 2192.28 2773.46 4921.72 3124.39 3211.04 3598.44 1632.48 
6108.39 1473.4 7415.69 7976.97 9108.73 3838.92 8409.31 7168.17 4416.62 12170 1324.84 12629.4 7572.61 11743.6 5720.01 8522.53 8717.73 9497.46 582.58 8266.88 6880.36 8844.66 2394.37 8055.63 5550.23 7912.85 9647.4 6681.23 3918.94 3792.89 8601.66 6501.28 8357.71 4703.67 7772.26 9097.83 7990.32 6609.52 8528.65 5631.09 
5030.87 439.318 5957.48 6512.46 7867.87 2854.12 7151.89 5737.78 3086.49 10705.6 510.784 11162.4 6108 10282.3 4710.94 7130.22 7251.16 8130.79 898.721 7329.53 5861.21 7377.13 997.246 6984.48 4083.25 6448.02 8420.84 5509.92 2558.91 2408.01 7636.39 5206.58 6971.6 3440.61 6307.46 7775.51 6543.13 5360.2 7073.73 4244.21 
9188.54 7882.72 5683.35 4447.92 396.232 5511.63 8918.86 6404.45 5042.07 5951.51 8005.8 6601.53 5352.12 7037.23 9369.83 2462.19 5265.02 2005.04 8762.25 11101.2 9852.76 4957.18 7108.04 1686.3 5324 5345.24 9862.43 2622.92 5585.31 7270.02 2170.83 7902.42 7417.66 7854.36 4485.45 1339.59 6111.01 2737.92 5955.52 4149.46 
7836.33 7491.13 4114.61 2812.56 1339.59 5434.15 7305.5 4867.41 4544.01 4548.43 7635.45 5191.39 3763.79 5418.79 8076.25 809.506 3558.33 594.054 8390.07 9592.27 8430.67 3242.05 6615.08 2830.07 4190.76 3710.97 8193.52 2779.5 5055.29 6327.03 3640.33 6466.88 5768.05 6699.15 2882.78 396.232 4472.19 2524.86 4268.13 3381.55 
6413.25 6896.67 2590.77 1269.09 2815.17 5253.28 5760.95 3354.4 4053.95 4078.79 7054.43 4658.76 2232.89 4446.48 6691.64 750.067 2071.96 1668.65 7780.1 8074.06 6959.49 1793.6 5968.05 3927.87 3073.76 2166.15 6657.76 3228.2 4480.68 5274.71 4859.68 5001.2 4224.8 5445.85 1353.85 1938.07 2927.15 2742.33 2744.89 2787.29 
3172.77 8412.62 4483.61 5698.36 9744.13 8949.75 1252.52 3839.86 7628.37 7486.05 8550.84 7451.72 4795.05 5858.75 3625.38 7706 5051.9 8526.62 8839.71 2057.67 2562.85 5408.26 7766.65 10436.4 5748.26 4798.43 711.126 9100.55 7501.31 5801.11 11422.3 3034.16 2740.22 4653.88 5654.17 8898.42 4034.02 8534.01 4290.37 7177.22 
5483.58 8454.3 2367.99 2424.64 6018.68 7645.77 3590.68 2679.94 6221.08 3150.17 8620.47 3309.15 2281.16 2016.75 5935.72 4002.56 1361.8 4496.72 9218.16 6190.65 5622.99 1535.74 7541.84 7236.66 4366.15 1964.51 3970.2 6370.57 6432.18 6040.8 8170.06 4083.69 2142.2 5516.56 2550.02 5064.42 1796.36 5819.84 1246.8 5143.82 
8890.83 7187.66 5608.36 4476.52 898.109 4765.55 8851.63 6285.62 4420.55 6523.38 7304.19 7172.52 5304.22 7464.38 9032.59 2621.91 5395.59 2490.18 8055.97 10911 9599.32 5120.62 6449.2 895.545 4960.83 5349.58 9869.49 1908.74 4961.7 6774.45 1594.77 7677.56 7412.19 7453.49 4476.39 1742.33 6107.21 2138.46 6031 3662.4 
3614.48 2138.83 4032.07 4694.9 6732.97 2889.98 5380.15 3797.22 2144.48 8870.14 2299.15 9298.78 4203.15 8362.02 3442.24 5613.24 5357.88 6668.86 2835.44 6010.79 4486.36 5509.13 1360.33 6255.18 2266.12 4543.71 6672.43 4664.12 1672.96 629.682 7077.2 3420.72 5055.41 1822.36 4488.79 6442.87 4604.88 4334.48 5142.54 2887.65 
6523.47 10031 3968.34 4043.17 7316.41 9294.71 4196.72 4147.79 7868.17 2984.58 10196.5 2800.18 3917.6 1196.41 7011.03 5406.51 2989.65 5693.03 10767.8 6677.64 6466.72 3101.61 9131.98 8688.41 5990.21 3608.93 4048.36 7940.91 8068.98 7539.36 9586.56 5269.25 3182.47 6885.38 4182.26 6348.68 3336.41 7403.69 2852.82 6791.08 
3139.12 7846.58 3187.51 4346.23 8397.82 8033.19 570.088 2621.77 6647.9 6241.57 7997.41 6269.97 3475.07 4716.66 3641.98 6348.61 3670.49 7150.67 8389.79 3067.8 2880.62 4026.47 7100.18 9164.55 4683.39 3448.9 1109.82 7889.65 6597.35 5178.47 10149.8 2359.34 1376.44 4152.35 4314.83 7537.45 2683.3 7316.15 2910.34 6047.42 
6415.36 2217.75 5628.59 5630.32 5728.92 371.214 7880.42 5750.31 1666.43 9635.54 2294.28 10184.5 5623.07 9644.36 6262.59 5526.85 6599.95 6373.48 3002.82 8811.69 7286.62 6600.19 1836.98 4571.62 3620.84 5925.34 9172.4 3262.42 1553.9 3435.48 5131.18 5984.82 7171.18 4609.77 5450.74 5861.23 6312.19 3300.8 6701.29 2848.81 
8048.53 5021 5752.58 5089.76 3302.26 2490.02 8746.62 6216.31 2785.14 8326.94 5110.16 8949.71 5570 8851.74 8052.33 3989.9 6150.94 4463.19 5828.25 10329.8 8867.67 5996.91 4450.67 1803.14 4268.08 5760.32 9942.86 1179.58 3234.47 5380.01 2311.06 7148.1 7587 6348.32 4986.48 3776.4 6403.63 1692.96 6563.7 2812.56 
7620.93 10660.1 4594.01 4282.92 6903.25 9637.39 5413.66 4949.75 8256.3 1830.98 10826.6 1533.1 4446.86 268.328 8094.52 5193.48 3340.93 5233.93 11446.3 7936.91 7639.59 3311.22 9735.13 8441.39 6524.42 4109.62 5335.86 7922 8529.88 8300.95 9273.86 6284.78 4235.86 7781.55 4460.68 5952.22 4062.34 7427.65 3492.85 7083.57 
10133.9 7395.59 7238.08 6229.07 2730.29 4864.09 10437.6 7849.64 5083.17 8400.86 7477.73 9051.08 6969.23 9372.92 10199.3 4493.61 7205.06 4384.8 8180.3 12305.8 10908.1 6953.11 6840.8 1264.79 6206.94 7062.98 11530.1 2699.37 5571.95 7654.7 314.006 9065.77 9083.67 8528.63 6198.14 3644.28 7799.26 3215.04 7793.11 4758.12 
8928.39 6654.46 5948.34 4947.66 1823.87 4156.01 9153.32 6565.58 4071.56 7376.95 6757.4 8023.22 5678.92 8219.84 9019.37 3281.23 5936.74 3342.83 7494.35 11060.3 9684.18 5695.59 5991.2 60.8276 4983.98 5774.92 10240.2 1543.24 4593.65 6574.38 1018.63 7816.53 7793.33 7375.54 4912.03 2591.1 6509.42 1991.11 6510.8 3565.91 
2932.05 3684.56 2505.71 3345.16 6136.49 3750.55 4059.88 2237.07 2483.59 7440.03 3847.66 7833.47 2714.94 6829.82 2984.36 4642.47 3875.78 5717.74 4395.1 5225.19 3747.69 4064 2832.83 6084.12 1165.2 3051.97 5354.48 4521 2302.56 1226.74 7010.86 2174.7 3530.58 1377.68 3144.17 5647.97 3050.85 4047.53 3600.35 2470.08 
3171.96 2300.35 4214.38 5020.21 7300.17 3465.28 5157.31 3870.05 2765.68 9149.47 2443.46 9547.4 4428.92 8526.72 2942.72 6092.5 5589.82 7158.81 2837.2 5550.44 4036.04 5773.85 1718.17 6868.84 2648.49 4766.02 6431.83 5275.4 2294.21 487.955 7697.08 3209.19 5018.86 1461.23 4815.83 6970.8 4728.99 4931.38 5294.38 3450.23 
2237.54 3163.62 4200.06 5221.21 7966.56 4476.66 4470.45 3692.59 3670.49 9197.92 3286.73 9537.5 4478.24 8382.89 1952.26 6564.28 5611.43 7639.92 3526.87 4575.82 3080.21 5847.68 2710.13 7697.65 3067.9 4796.44 5700.19 6101.16 3242.61 1077.87 8563.09 2612.28 4616.37 857.963 5026.22 7540.06 4596.19 5706.17 5188.68 4157.81 
1342.13 6692.16 3998.4 5341.13 9209.13 7513.72 1533.23 3233.03 6302.92 8110.06 6822 8217.45 4361.11 6720.01 1784.43 7288.82 5022.24 8245.64 7060.18 1509.44 792.086 5375.43 6119.94 9602 4631.99 4494.94 2382.71 8135.28 6083.58 4168.9 10573.5 1748.28 2830.19 2980.77 5234.08 8471.38 3819.23 7599.51 4285.15 6103.25 
