25 5 25
777 335 649 27 763 
92600 54000 42600 17200 73600 21100 36800 56700 42900 78200 53000 86200 12300 6700 13500 92900 80200 2200 5800 6900 16700 39300 45600 1100 4200 
4 19 23 20 16 23 21 0 11 4 24 20 9 0 1 9 4 10 14 11 20 3 22 17 1 
465.108 657.38 72.1803 76.0592 481.179 
531.603 287.571 400.536 402.981 487.155 
574.04 760.109 187.545 107.787 446.645 
361.248 568.589 43.4166 164.195 542.971 
601.09 175.482 753.745 815.67 942.714 
861.451 625.25 574.683 480.983 204.707 
589.886 800.062 214.462 151.159 477.281 
633.942 952.742 344.135 338.813 662.616 
128.39 413.411 373.466 491.235 808.452 
75.7694 605.392 372.228 506.645 882.572 
595.449 211.946 516.896 522.567 561.742 
674.627 437.809 445.88 393.032 332.024 
843.214 930.645 449.539 324.052 326.392 
306.105 828.136 435.037 557.2 961.566 
227.22 737.017 361.773 490.433 890.834 
235.85 531.327 159.906 289.56 657.9 
48.7032 534.394 440.192 570.424 920.223 
595.124 487.592 315.398 255.071 309.317 
757.127 1066.25 458.947 431.019 698.264 
451.586 859.393 295.758 371.831 765.256 
489.155 497.902 192.925 165.484 393.732 
297.121 487.409 135.801 243.387 586.083 
770.144 476.177 544.868 483.1 333.928 
298.766 265.59 374.769 456.724 698.035 
608.777 812.572 231.672 160.178 468.646 
