25 5 25
777 335 649 27 763 
9.26 5.4 4.26 1.72 7.36 2.11 3.68 5.67 4.29 7.82 5.3 8.62 1.23 0.67 1.35 9.29 8.02 0.22 0.58 0.69 1.67 3.93 4.56 0.11 0.42 
4 19 23 20 16 23 21 0 11 4 24 20 9 0 1 9 4 10 14 11 20 3 22 17 1 
46.5108 65.738 7.21803 7.60592 48.1179 
53.1603 28.7571 40.0536 40.2981 48.7155 
57.404 76.0109 18.7545 10.7787 44.6645 
36.1248 56.8589 4.34166 16.4195 54.2971 
60.109 17.5482 75.3745 81.567 94.2714 
86.1451 62.525 57.4683 48.0983 20.4707 
58.9886 80.0062 21.4462 15.1159 47.7281 
63.3942 95.2742 34.4135 33.8813 66.2616 
12.839 41.3411 37.3466 49.1235 80.8452 
7.57694 60.5392 37.2228 50.6645 88.2572 
59.5449 21.1946 51.6896 52.2567 56.1742 
67.4627 43.7809 44.588 39.3032 33.2024 
84.3214 93.0645 44.9539 32.4052 32.6392 
30.6105 82.8136 43.5037 55.72 96.1566 
22.722 73.7017 36.1773 49.0433 89.0834 
23.585 53.1327 15.9906 28.956 65.79 
4.87032 53.4394 44.0192 57.0424 92.0223 
59.5124 48.7592 31.5398 25.5071 30.9317 
75.7127 106.625 45.8947 43.1019 69.8264 
45.1586 85.9393 29.5758 37.1831 76.5256 
48.9155 49.7902 19.2925 16.5484 39.3732 
29.7121 48.7409 13.5801 24.3387 58.6083 
77.0144 47.6177 54.4868 48.31 33.3928 
29.8766 26.559 37.4769 45.6724 69.8035 
60.8777 81.2572 23.1672 16.0178 46.8646 
