25 5 25
777 335 649 27 763 
9260 5400 4260 1720 7360 2110 3680 5670 4290 7820 5300 8620 1230 670 1350 9290 8020 220 580 690 1670 3930 4560 110 420 
4 19 23 20 16 23 21 0 11 4 24 20 9 0 1 9 4 10 14 11 20 3 22 17 1 
4.65108 6.5738 0.721803 0.760592 4.81179 
5.31603 2.87571 4.00536 4.02981 4.87155 
5.7404 7.60109 1.87545 1.07787 4.46645 
3.61248 5.68589 0.434166 1.64195 5.42971 
6.0109 1.75482 7.53745 8.1567 9.42714 
8.61451 6.2525 5.74683 4.80983 2.04707 
5.89886 8.00062 2.14462 1.51159 4.77281 
6.33942 9.52742 3.44135 3.38813 6.62616 
1.2839 4.13411 3.73466 4.91235 8.08452 
0.757694 6.05392 3.72228 5.06645 8.82572 
5.95449 2.11946 5.16896 5.22567 5.61742 
6.74627 4.37809 4.4588 3.93032 3.32024 
8.43214 9.30645 4.49539 3.24052 3.26392 
3.06105 8.28136 4.35037 5.572 9.61566 
2.2722 7.37017 3.61773 4.90433 8.90834 
2.3585 5.31327 1.59906 2.8956 6.579 
0.487032 5.34394 4.40192 5.70424 9.20223 
5.95124 4.87592 3.15398 2.55071 3.09317 
7.57127 10.6625 4.58947 4.31019 6.98264 
4.51586 8.59393 2.95758 3.71831 7.65256 
4.89155 4.97902 1.92925 1.65484 3.93732 
2.97121 4.87409 1.35801 2.43387 5.86083 
7.70144 4.76177 5.44868 4.831 3.33928 
2.98766 2.6559 3.74769 4.56724 6.98035 
6.08777 8.12572 2.31672 1.60178 4.68646 
