25 5 25
777 335 649 27 763 
9260 5400 4260 1720 7360 2110 3680 5670 4290 7820 5300 8620 1230 670 1350 9290 8020 220 580 690 1670 3930 4560 110 420 
4 19 23 20 16 23 21 0 11 4 24 20 9 0 1 9 4 10 14 11 20 3 22 17 1 
465108 657380 72180.3 76059.2 481179 
531603 287571 400536 402981 487155 
574040 760109 187545 107787 446645 
361248 568589 43416.6 164195 542971 
601090 175482 753745 815670 942714 
861451 625250 574683 480983 204707 
589886 800062 214462 151159 477281 
633942 952742 344135 338813 662616 
128390 413411 373466 491235 808452 
75769.4 605392 372228 506645 882572 
595449 211946 516896 522567 561742 
674627 437809 445880 393032 332024 
843214 930645 449539 324052 326392 
306105 828136 435037 557200 961566 
227220 737017 361773 490433 890834 
235850 531327 159906 289560 657900 
48703.2 534394 440192 570424 920223 
595124 487592 315398 255071 309317 
757127 1.06625e+06 458947 431019 698264 
451586 859393 295758 371831 765256 
489155 497902 192925 165484 393732 
297121 487409 135801 243387 586083 
770144 476177 544868 483100 333928 
298766 265590 374769 456724 698035 
608777 812572 231672 160178 468646 
