75 15 20
777 335 649 27 763 426 211 429 862 135 22 167 11 373 784 
537000 198000 324000 315000 370000 413000 526000 91000 980000 956000 873000 862000 170000 996000 281000 305000 925000 84000 327000 336000 
5 13 15 14 4 7 18 3 19 16 12 14 10 7 2 12 0 5 19 11 11 9 16 6 3 8 9 10 15 16 5 1 8 1 0 4 16 7 16 17 7 18 17 18 11 16 3 6 18 9 16 10 19 4 19 9 4 15 11 19 8 11 1 18 16 2 16 4 4 12 10 13 10 0 1 
488895 94111.6 517464 561528 687922 205234 674036 504706 209038 980292 110535 1.02788e+06 528903 946792 465537 
897396 671509 597716 496729 179204 421684 918569 659826 412869 736210 681812 800891 570544 821736 906709 
394819 415202 203039 243742 497855 344036 452306 215128 200562 662695 431808 707921 208907 625664 407182 
452283 655122 61032.8 90000 494928 568961 359484 133004 425959 440710 671765 478232 34058.8 384253 487997 
366191 873060 429200 541690 946620 907628 129757 372980 771052 687669 887525 681165 457095 521001 414059 
743455 527956 474068 396440 247008 289171 784918 527523 255327 716175 539738 778042 452355 767441 750479 
505202 244561 412393 428921 534068 144845 634476 420344 54332.3 842327 259625 893378 415222 826160 496904 
298744 266865 372651 454493 696093 348455 479338 339202 259494 866460 282113 906021 394167 804056 283064 
991805 733197 696233 593570 242002 480037 1.01714e+06 758383 493356 809030 742006 874046 668833 905903 999501 
147763 549659 247655 380707 752386 592423 196023 172000 463764 715268 564526 738241 284102 605290 187641 
338599 719423 185569 296987 702157 701510 159424 143265 558813 529122 735435 543611 211634 401628 385894 
180602 376005 339438 448791 751330 463459 371712 285000 359547 838475 390063 870883 369103 753236 171172 
510554 635284 123693 20615.5 409020 517985 443630 200192 379747 439820 651768 486680 88119.2 419363 541156 
818563 763552 449722 320351 96772.9 549431 769651 524585 469308 478940 777566 543721 414904 574374 841477 
399490 669481 69000 166481 571505 610889 283833 90697.3 466550 467184 686035 495994 84095.2 380518 439483 
693797 517054 416390 340508 250839 293293 728204 470425 230471 674867 530028 735546 394707 717621 702957 
455449 720795 112254 156416 556004 647612 316261 150333 503922 407977 737408 436312 108046 323234 496698 
537587 415785 306778 280264 385001 255705 593762 343759 126669 680062 431003 734020 296243 681787 545389 
167027 479292 243074 367491 715122 521457 268091 177279 395683 733984 494419 762577 277016 639065 190948 
832633 1.05888e+06 477897 403288 574259 922350 641363 532824 793545 30594.1 1.07535e+06 65307 452832 151819 876413 
232648 449755 206189 318699 650490 465027 314963 156311 334105 705569 465653 739030 236019 625809 251269 
630632 226318 546174 545950 560565 27018.5 773683 559000 149646 946792 235009 1.00158e+06 545415 947348 616393 
545055 606897 177882 76531 351689 467985 502309 249874 335491 470821 623077 522855 146373 471594 571080 
821659 489560 608142 546875 369640 237228 902080 651560 289249 875263 497305 937453 591341 926206 819576 
309095 716224 212869 330829 735572 711973 121462 159531 570793 565212 731973 577881 241868 432844 357532 
511723 75213 541133 582580 696915 199722 699011 529371 220737 1.00086e+06 90906.5 1.04907e+06 551960 969665 487308 
875265 876824 487256 352666 191230 671096 789715 564384 582204 383020 891384 447800 450632 506578 903728 
178631 553565 216749 350036 724489 582742 197990 141000 450644 686226 568821 710226 253237 579411 217555 
738253 863343 346071 227882 361386 704469 610568 418937 583545 231976 879392 293128 311541 308551 774249 
432925 259786 359785 395904 559973 217470 563494 358645 105948 814617 276210 862338 367619 784272 426386 
635290 348891 461824 434219 421900 119670 731779 491874 101671 818648 360680 875710 453028 834086 632178 
535381 548631 203298 135074 347311 404428 523582 265166 272635 532886 564628 585755 179368 534480 556378 
760345 584830 461064 368246 184491 351551 780082 521284 302536 660910 597245 723683 435460 722001 771447 
693785 824151 301159 183308 365453 672447 571431 374433 547899 259625 840311 317238 266492 310097 729464 
369709 881477 444846 558008 962996 919696 140812 387769 783747 702659 895806 695414 473017 535060 416886 
540520 194003 723747 796036 954652 447161 783304 688851 475682 1.21329e+06 185607 1.25517e+06 743910 1.1554e+06 497668 
534439 347546 357001 346879 435239 189447 621342 382624 55154.3 751117 362377 804555 351746 748362 535601 
32450 553946 367600 500145 863496 645354 228862 292015 531159 828147 566873 847555 403972 707975 82073.1 
338565 540234 74813.1 189320 555543 494122 319100 65969.7 350629 574227 556785 610082 102694 505751 368164 
630354 860403 268427 211703 510000 746612 464389 323827 609870 233000 877001 267088 244920 191604 672298 
770393 803782 381294 246759 224722 616332 685149 458423 512001 355130 819015 419237 344653 445295 799758 
857084 924173 463087 334013 296522 736941 741335 538677 633064 274642 939513 339366 427005 405720 890380 
174794 680000 336752 469422 863586 735860 84958.8 262231 606942 734588 694058 745322 372200 596108 224660 
744361 812200 351518 219112 275136 636878 645899 428224 524485 314326 827818 377327 314951 395464 776032 
651517 264320 543261 533796 526824 11180.3 783827 561288 146003 928154 273002 984124 539957 935412 639648 
443497 619371 52201.5 82764.7 478803 530936 373729 129120 387883 469401 636008 509502 17029.4 420523 476303 
417138 395258 231614 260461 485149 313006 483410 246710 169189 679662 411767 726626 234785 649247 426644 
457354 133963 613074 685073 858210 374021 688802 579959 378471 1.10212e+06 135370 1.14401e+06 632861 1.04519e+06 419268 
322845 793974 324006 438321 843496 811608 65115.3 268777 672815 621020 809072 622945 352206 466987 373109 
534899 124016 680137 744339 887521 377107 766672 651077 409871 1.16316e+06 115624 1.20706e+06 697923 1.11309e+06 496004 
154693 593111 258544 393154 775765 635305 152161 181417 505107 705250 607870 724591 295178 586276 200960 
443639 792233 203010 270237 665440 744680 246246 200385 600334 427234 808616 439165 212735 296651 490597 
421001 158345 450871 504946 671029 240709 600101 433797 195256 924210 174866 969604 464760 882562 401045 
433601 434245 204414 221382 457073 337818 477582 230495 193621 640260 450699 687837 203002 613580 447166 
579690 39623.2 639578 681076 773450 247588 783597 625585 308415 1.09887e+06 29681.6 1.14756e+06 650862 1.06864e+06 549343 
457096 869994 308084 383824 776500 844002 213860 287091 700103 476766 886007 473608 322672 315546 507001 
422181 772865 189594 266835 666148 729747 230361 181221 585452 446179 789208 459527 202527 318291 468956 
683143 458635 442109 383256 310672 227482 741598 487911 183325 736697 470894 796465 424953 771236 687554 
245937 295083 410600 507501 772001 418760 459308 364194 338237 910012 308099 945609 436835 833787 220640 
145602 573928 257614 391842 769661 618324 171292 180737 489262 713751 588670 734543 294279 598239 189771 
465988 684300 83761.6 100802 504251 597762 356118 147679 455003 416070 700943 451811 62968.2 355039 503557 
511165 215335 438799 458661 559031 132970 651310 443630 80056.2 872590 230152 923472 442821 855102 499917 
318779 261696 363688 439345 671626 326075 489037 335288 233754 853823 277503 894723 383275 796343 305485 
571349 771900 190118 123369 465130 658818 436744 254908 521180 311662 788480 352151 161988 278298 610129 
267060 499730 146014 265000 618066 489612 293401 96213.3 351369 644610 515947 677676 177485 564989 293901 
195980 457957 229993 348786 686896 490658 294335 171143 363556 726529 473426 757608 262084 639038 215539 
636070 828803 256070 173600 453944 703036 490494 320744 569196 248520 845308 293082 226991 241746 675457 
862260 782077 497897 369670 53084.8 558574 818841 572177 489948 514024 795527 579042 463435 617992 883801 
877262 819923 503718 371910 92892.4 600243 820478 579470 526460 478006 833665 543004 468240 590435 900961 
723398 414309 525298 478302 382205 163248 809925 563298 191024 836373 424062 896315 511825 870028 721168 
819421 849172 428911 294771 222324 655534 727902 505980 556127 345023 864223 410005 392237 454357 849301 
252050 788923 465130 594526 994065 865047 150685 393402 739596 814039 801901 815275 499268 658046 292479 
550058 102591 678832 738355 869640 354069 777229 652805 394077 1.1576e+06 92086.9 1.2026e+06 695301 1.1118e+06 512610 
721366 958301 368209 305177 545279 835733 537075 421247 701942 137928 974867 167108 344890 124664 764829 
527595 203630 719156 794003 960026 456799 772094 682643 480463 1.21046e+06 196306 1.25164e+06 740024 1.1501e+06 484162 
