75 15 20
777 335 649 27 763 426 211 429 862 135 22 167 11 373 784 
53.7 19.8 32.4 31.5 37 41.3 52.6 9.1 98 95.6 87.3 86.2 17 99.6 28.1 30.5 92.5 8.4 32.7 33.6 
5 13 15 14 4 7 18 3 19 16 12 14 10 7 2 12 0 5 19 11 11 9 16 6 3 8 9 10 15 16 5 1 8 1 0 4 16 7 16 17 7 18 17 18 11 16 3 6 18 9 16 10 19 4 19 9 4 15 11 19 8 11 1 18 16 2 16 4 4 12 10 13 10 0 1 
4888.95 941.116 5174.64 5615.28 6879.22 2052.34 6740.36 5047.06 2090.38 9802.92 1105.35 10278.8 5289.03 9467.92 4655.37 
8973.96 6715.09 5977.16 4967.29 1792.04 4216.84 9185.69 6598.26 4128.69 7362.1 6818.12 8008.91 5705.44 8217.36 9067.09 
3948.19 4152.02 2030.39 2437.42 4978.55 3440.36 4523.06 2151.28 2005.62 6626.95 4318.08 7079.21 2089.07 6256.64 4071.82 
4522.83 6551.22 610.328 900 4949.28 5689.61 3594.84 1330.04 4259.59 4407.1 6717.65 4782.32 340.588 3842.53 4879.97 
3661.91 8730.6 4292 5416.9 9466.2 9076.28 1297.57 3729.8 7710.52 6876.69 8875.25 6811.65 4570.95 5210.01 4140.59 
7434.55 5279.56 4740.68 3964.4 2470.08 2891.71 7849.18 5275.23 2553.27 7161.75 5397.38 7780.42 4523.55 7674.41 7504.79 
5052.02 2445.61 4123.93 4289.21 5340.68 1448.45 6344.76 4203.44 543.323 8423.27 2596.25 8933.78 4152.22 8261.6 4969.04 
2987.44 2668.65 3726.51 4544.93 6960.93 3484.55 4793.38 3392.02 2594.94 8664.6 2821.13 9060.21 3941.67 8040.56 2830.64 
9918.05 7331.97 6962.33 5935.7 2420.02 4800.37 10171.4 7583.83 4933.56 8090.3 7420.06 8740.46 6688.33 9059.03 9995.01 
1477.63 5496.59 2476.55 3807.07 7523.86 5924.23 1960.23 1720 4637.64 7152.68 5645.26 7382.41 2841.02 6052.9 1876.41 
3385.99 7194.23 1855.69 2969.87 7021.57 7015.1 1594.24 1432.65 5588.13 5291.22 7354.35 5436.11 2116.34 4016.28 3858.94 
1806.02 3760.05 3394.38 4487.91 7513.3 4634.59 3717.12 2850 3595.47 8384.75 3900.63 8708.83 3691.03 7532.36 1711.72 
5105.54 6352.84 1236.93 206.155 4090.2 5179.85 4436.3 2001.92 3797.47 4398.2 6517.68 4866.8 881.192 4193.63 5411.56 
8185.63 7635.52 4497.22 3203.51 967.729 5494.31 7696.51 5245.85 4693.08 4789.4 7775.66 5437.21 4149.04 5743.74 8414.77 
3994.9 6694.81 690 1664.81 5715.05 6108.89 2838.33 906.973 4665.5 4671.84 6860.35 4959.94 840.952 3805.18 4394.83 
6937.97 5170.54 4163.9 3405.08 2508.39 2932.93 7282.04 4704.25 2304.71 6748.67 5300.28 7355.46 3947.07 7176.21 7029.57 
4554.49 7207.95 1122.54 1564.16 5560.04 6476.12 3162.61 1503.33 5039.22 4079.77 7374.08 4363.12 1080.46 3232.34 4966.98 
5375.87 4157.85 3067.78 2802.64 3850.01 2557.05 5937.62 3437.59 1266.69 6800.62 4310.03 7340.2 2962.43 6817.87 5453.89 
1670.27 4792.92 2430.74 3674.91 7151.22 5214.57 2680.91 1772.79 3956.83 7339.84 4944.19 7625.77 2770.16 6390.65 1909.48 
8326.33 10588.8 4778.97 4032.88 5742.59 9223.5 6413.63 5328.24 7935.45 305.941 10753.5 653.07 4528.32 1518.19 8764.13 
2326.48 4497.55 2061.89 3186.99 6504.9 4650.27 3149.63 1563.11 3341.05 7055.69 4656.53 7390.3 2360.19 6258.09 2512.69 
6306.32 2263.18 5461.74 5459.5 5605.65 270.185 7736.83 5590 1496.46 9467.92 2350.09 10015.8 5454.15 9473.48 6163.93 
5450.55 6068.97 1778.82 765.31 3516.89 4679.85 5023.09 2498.74 3354.91 4708.21 6230.77 5228.55 1463.73 4715.94 5710.8 
8216.59 4895.6 6081.42 5468.75 3696.4 2372.28 9020.8 6515.6 2892.49 8752.63 4973.05 9374.53 5913.41 9262.06 8195.76 
3090.95 7162.24 2128.69 3308.29 7355.72 7119.73 1214.62 1595.31 5707.93 5652.12 7319.73 5778.81 2418.68 4328.44 3575.32 
5117.23 752.13 5411.33 5825.8 6969.15 1997.22 6990.11 5293.71 2207.37 10008.6 909.065 10490.7 5519.6 9696.65 4873.08 
8752.65 8768.24 4872.56 3526.66 1912.3 6710.96 7897.15 5643.84 5822.04 3830.2 8913.84 4478 4506.32 5065.78 9037.28 
1786.31 5535.65 2167.49 3500.36 7244.89 5827.42 1979.9 1410 4506.44 6862.26 5688.21 7102.26 2532.37 5794.11 2175.55 
7382.53 8633.43 3460.71 2278.82 3613.86 7044.69 6105.68 4189.37 5835.45 2319.76 8793.92 2931.28 3115.41 3085.51 7742.49 
4329.25 2597.86 3597.85 3959.04 5599.73 2174.7 5634.94 3586.45 1059.48 8146.17 2762.1 8623.38 3676.19 7842.72 4263.86 
6352.9 3488.91 4618.24 4342.19 4219 1196.7 7317.79 4918.74 1016.71 8186.48 3606.8 8757.1 4530.28 8340.86 6321.78 
5353.81 5486.31 2032.98 1350.74 3473.11 4044.28 5235.82 2651.66 2726.35 5328.86 5646.28 5857.55 1793.68 5344.8 5563.78 
7603.45 5848.3 4610.64 3682.46 1844.91 3515.51 7800.82 5212.84 3025.36 6609.1 5972.45 7236.83 4354.6 7220.01 7714.47 
6937.85 8241.51 3011.59 1833.08 3654.53 6724.47 5714.31 3744.33 5478.99 2596.25 8403.11 3172.38 2664.92 3100.97 7294.64 
3697.09 8814.77 4448.46 5580.08 9629.96 9196.96 1408.12 3877.69 7837.47 7026.59 8958.06 6954.14 4730.17 5350.6 4168.86 
5405.2 1940.03 7237.47 7960.36 9546.52 4471.61 7833.04 6888.51 4756.82 12132.9 1856.07 12551.7 7439.1 11554 4976.68 
5344.39 3475.46 3570.01 3468.79 4352.39 1894.47 6213.42 3826.24 551.543 7511.17 3623.77 8045.55 3517.46 7483.62 5356.01 
324.5 5539.46 3676 5001.45 8634.96 6453.54 2288.62 2920.15 5311.59 8281.47 5668.73 8475.55 4039.72 7079.75 820.731 
3385.65 5402.34 748.131 1893.2 5555.43 4941.22 3191 659.697 3506.29 5742.27 5567.85 6100.82 1026.94 5057.51 3681.64 
6303.54 8604.03 2684.27 2117.03 5100 7466.12 4643.89 3238.27 6098.7 2330 8770.01 2670.88 2449.2 1916.04 6722.98 
7703.93 8037.82 3812.94 2467.59 2247.22 6163.32 6851.49 4584.23 5120.01 3551.3 8190.15 4192.37 3446.53 4452.95 7997.58 
8570.84 9241.73 4630.87 3340.13 2965.22 7369.41 7413.35 5386.77 6330.64 2746.42 9395.13 3393.66 4270.05 4057.2 8903.8 
1747.94 6800 3367.52 4694.22 8635.86 7358.6 849.588 2622.31 6069.42 7345.88 6940.58 7453.22 3722 5961.08 2246.6 
7443.61 8122 3515.18 2191.12 2751.36 6368.78 6458.99 4282.24 5244.85 3143.26 8278.18 3773.27 3149.51 3954.64 7760.32 
6515.17 2643.2 5432.61 5337.96 5268.24 111.803 7838.27 5612.88 1460.03 9281.54 2730.02 9841.24 5399.57 9354.12 6396.48 
4434.97 6193.71 522.015 827.647 4788.03 5309.36 3737.29 1291.2 3878.83 4694.01 6360.08 5095.02 170.294 4205.23 4763.03 
4171.38 3952.58 2316.14 2604.61 4851.49 3130.06 4834.1 2467.1 1691.89 6796.62 4117.67 7266.26 2347.85 6492.47 4266.44 
4573.54 1339.63 6130.74 6850.73 8582.1 3740.21 6888.02 5799.59 3784.71 11021.2 1353.7 11440.1 6328.61 10451.9 4192.68 
3228.45 7939.74 3240.06 4383.21 8434.96 8116.08 651.153 2687.77 6728.15 6210.2 8090.72 6229.45 3522.06 4669.87 3731.09 
5348.99 1240.16 6801.37 7443.39 8875.21 3771.07 7666.72 6510.77 4098.71 11631.6 1156.24 12070.6 6979.23 11130.9 4960.04 
1546.93 5931.11 2585.44 3931.54 7757.65 6353.05 1521.61 1814.17 5051.07 7052.5 6078.7 7245.91 2951.78 5862.76 2009.6 
4436.39 7922.33 2030.1 2702.37 6654.4 7446.8 2462.46 2003.85 6003.34 4272.34 8086.16 4391.65 2127.35 2966.51 4905.97 
4210.01 1583.45 4508.71 5049.46 6710.29 2407.09 6001.01 4337.97 1952.56 9242.1 1748.66 9696.04 4647.6 8825.62 4010.45 
4336.01 4342.45 2044.14 2213.82 4570.73 3378.18 4775.82 2304.95 1936.21 6402.6 4506.99 6878.37 2030.02 6135.8 4471.66 
5796.9 396.232 6395.78 6810.76 7734.5 2475.88 7835.97 6255.85 3084.15 10988.7 296.816 11475.6 6508.62 10686.4 5493.43 
4570.96 8699.94 3080.84 3838.24 7765 8440.02 2138.6 2870.91 7001.03 4767.66 8860.07 4736.08 3226.72 3155.46 5070.01 
4221.81 7728.65 1895.94 2668.35 6661.48 7297.47 2303.61 1812.21 5854.52 4461.79 7892.08 4595.27 2025.27 3182.91 4689.56 
6831.43 4586.35 4421.09 3832.56 3106.72 2274.82 7415.98 4879.11 1833.25 7366.97 4708.94 7964.65 4249.53 7712.36 6875.54 
2459.37 2950.83 4106 5075.01 7720.01 4187.6 4593.08 3641.94 3382.37 9100.12 3080.99 9456.09 4368.35 8337.87 2206.4 
1456.02 5739.28 2576.14 3918.42 7696.61 6183.24 1712.92 1807.37 4892.62 7137.51 5886.7 7345.43 2942.79 5982.39 1897.71 
4659.88 6843 837.616 1008.02 5042.51 5977.62 3561.18 1476.79 4550.03 4160.7 7009.43 4518.11 629.682 3550.39 5035.57 
5111.65 2153.35 4387.99 4586.61 5590.31 1329.7 6513.1 4436.3 800.562 8725.9 2301.52 9234.72 4428.21 8551.02 4999.17 
3187.79 2616.96 3636.88 4393.45 6716.26 3260.75 4890.37 3352.88 2337.54 8538.23 2775.03 8947.23 3832.75 7963.43 3054.85 
5713.49 7719 1901.18 1233.69 4651.3 6588.18 4367.44 2549.08 5211.8 3116.62 7884.8 3521.51 1619.88 2782.98 6101.29 
2670.6 4997.3 1460.14 2650 6180.66 4896.12 2934.01 962.133 3513.69 6446.1 5159.47 6776.76 1774.85 5649.89 2939.01 
1959.8 4579.57 2299.93 3487.86 6868.96 4906.58 2943.35 1711.43 3635.56 7265.29 4734.26 7576.08 2620.84 6390.38 2155.39 
6360.7 8288.03 2560.7 1736 4539.44 7030.36 4904.94 3207.44 5691.96 2485.2 8453.08 2930.82 2269.91 2417.46 6754.57 
8622.6 7820.77 4978.97 3696.7 530.848 5585.74 8188.41 5721.77 4899.48 5140.24 7955.27 5790.42 4634.35 6179.92 8838.01 
8772.62 8199.23 5037.18 3719.1 928.924 6002.43 8204.78 5794.7 5264.6 4780.06 8336.65 5430.04 4682.4 5904.35 9009.61 
7233.98 4143.09 5252.98 4783.02 3822.05 1632.48 8099.25 5632.98 1910.24 8363.73 4240.62 8963.15 5118.25 8700.28 7211.68 
8194.21 8491.72 4289.11 2947.71 2223.24 6555.34 7279.02 5059.8 5561.27 3450.23 8642.23 4100.05 3922.37 4543.57 8493.01 
2520.5 7889.23 4651.3 5945.26 9940.65 8650.47 1506.85 3934.02 7395.96 8140.39 8019.01 8152.75 4992.68 6580.46 2924.79 
5500.58 1025.91 6788.32 7383.55 8696.4 3540.69 7772.29 6528.05 3940.77 11576 920.869 12026 6953.01 11118 5126.1 
7213.66 9583.01 3682.09 3051.77 5452.79 8357.33 5370.75 4212.47 7019.42 1379.28 9748.67 1671.08 3448.9 1246.64 7648.29 
5275.95 2036.3 7191.56 7940.03 9600.26 4567.99 7720.94 6826.43 4804.63 12104.6 1963.06 12516.4 7400.24 11501 4841.62 
