10 50 12
777 335 649 27 763 426 211 429 862 135 22 167 11 373 784 324 413 980 862 281 84 505 313 895 814 364 87 178 403 399 676 12 94 570 467 902 652 280 865 619 31 771 709 856 586 683 528 829 270 715 
340000 149000 796000 723000 618000 245000 846000 451000 921000 555000 379000 488000 
8 2 2 10 3 1 4 4 6 7 
1.614 6.88675 3.83099 5.1642 9.08277 7.60135 1.19 3.07695 6.35324 7.8109 7.02084 7.90496 4.18868 6.39641 2.08166 7.13393 4.78968 8.07034 7.28703 1.65496 1.13952 5.14612 6.28067 9.53798 4.61446 4.30081 2.0617 8.09707 6.16157 4.31854 10.5146 1.73217 2.55008 3.14384 5.06759 8.32265 3.60169 7.55238 4.04183 6.08383 2.39767 7.52235 3.02597 7.50784 5.5723 9.10711 2.17187 6.52173 8.66781 1.93104 
4.30228 7.79187 1.93166 2.66511 6.64447 7.34091 2.36932 1.87387 5.89764 4.38622 7.9555 4.51648 2.04783 3.10229 4.77017 4.57755 1.78281 5.27418 8.49293 4.96533 4.3951 2.11783 6.9199 7.63067 3.91594 1.86097 2.91548 6.54523 6.009 5.23717 8.6007 2.9622 0.921141 4.54688 2.7012 5.73474 1.24258 5.97135 1.10136 4.99151 3.36823 4.10104 3.37 7.37052 3.37676 7.96003 1.26696 7.16595 5.72242 2.71825 
8.51942 6.85829 5.27549 4.17484 0.984937 4.4643 8.51474 5.94193 4.06399 6.43529 6.97789 7.08139 4.9786 7.29595 8.65837 2.38757 5.11974 2.40277 7.73217 10.5509 9.23191 4.85709 6.10532 0.93 4.58656 5.03695 9.54839 1.5824 4.60626 6.40054 1.79778 7.31465 7.09146 7.07719 4.16432 1.65221 5.78993 1.77181 5.73562 3.28672 6.86295 6.47563 6.19427 4.72036 3.51753 2.71155 7.39611 6.17344 2.81329 7.056 
6.04745 0.956713 7.02636 7.5126 8.5054 3.21834 8.23787 6.83141 3.85099 11.7005 0.792465 12.1754 7.16126 11.3409 5.69495 7.9716 8.29325 8.93166 0.353553 8.28908 6.85482 8.40238 1.89763 7.43454 5.10633 7.49989 9.49933 6.06993 3.37024 3.51141 7.97898 6.2996 8.07478 4.52134 7.30953 8.51515 7.62493 6.01154 8.14632 5.08476 5.6155 11.5455 5.37398 2.95163 7.02217 5.5044 8.02277 1.698 9.66863 6.36447 
6.67791 7.072 2.85044 1.52069 2.60432 5.35905 6.00701 3.61565 4.20107 4.01278 7.2282 4.60926 2.49088 4.49004 6.95531 0.543783 2.26771 1.40431 7.95953 8.33308 7.22357 1.96919 6.14841 3.80217 3.30764 2.41299 6.88646 3.20765 4.6439 5.50753 4.71561 5.26567 4.46213 5.70025 1.614 1.70294 3.17019 2.75138 2.96346 2.93757 5.04584 3.95949 4.48112 5.52898 1.26143 4.80538 4.81241 6.32001 2.08346 4.96478 
4.78619 1.53574 6.48741 7.22025 8.93135 4.01628 7.1552 6.142 4.13237 11.388 1.51182 11.8038 6.68996 10.8043 4.3833 8.05188 7.85043 9.08248 1.15663 6.91608 5.54109 8.01888 2.07408 8.12002 4.79176 7.029 8.3693 6.61968 3.59089 2.76384 8.79036 5.29046 7.23318 3.49687 7.01419 8.77773 7.00643 6.43299 7.57201 5.20542 4.67344 11.2004 4.59353 3.75213 6.86246 6.38855 7.12 2.04353 9.83679 5.41355 
4.79401 5.09148 1.73925 1.50083 4.02747 3.88888 4.82744 2.24475 2.49018 5.6576 5.25461 6.15202 1.59138 5.49859 4.99223 2.3941 2.45326 3.46902 5.95081 6.76492 5.46498 2.45717 4.15077 4.37727 1.12361 1.84024 5.96685 3.03266 2.78887 3.32399 5.35994 3.53119 3.57528 3.58201 1.31034 3.43657 2.40377 2.4601 2.6503 1.38177 3.12386 5.51322 2.48081 3.97839 0.998599 4.34232 3.81042 4.3523 4.20747 3.27002 
4.91024 7.47393 1.39807 1.52778 5.41599 6.64447 3.44746 1.85065 5.21707 3.7243 7.64029 4.01663 1.27769 2.93212 5.3241 3.35149 0.544885 4.03555 8.25177 5.98286 5.18868 0.880057 6.55534 6.47158 3.3659 0.958801 4.14093 5.48862 5.42677 5.11649 7.43006 3.4478 1.85586 4.69297 1.61623 4.49862 0.948103 4.92541 0.357351 4.1565 3.61813 3.47943 3.38024 6.71345 2.28473 6.97353 2.24109 6.78853 4.50031 3.1504 
2.63492 7.96656 4.51864 5.79669 9.80899 8.65534 1.32231 3.81694 7.37906 7.91003 8.09938 7.91511 4.85374 6.33942 3.06139 7.80164 5.25148 8.6736 8.35135 1.46441 1.95819 5.61177 7.36387 10.3945 5.57216 4.90196 1.33222 9.00385 7.21086 5.40107 11.3777 2.74171 2.91563 4.22721 5.73035 8.99734 4.15177 8.44674 4.48457 7.02866 3.44096 7.61011 4.03843 8.56923 6.29604 10.0848 2.53693 7.6051 9.2187 2.88979 
7.39268 10.4601 4.38719 4.11447 6.84547 9.46794 5.19086 4.73097 8.07996 1.94258 10.6265 1.70485 4.24802 0.152643 7.86631 5.09495 3.15412 5.18001 11.242 7.71986 7.41296 3.14014 9.53705 8.35675 6.32987 3.9122 5.13191 7.79976 8.3456 8.0881 9.20184 6.05743 4.00762 7.55952 4.28843 5.88884 3.84667 7.29812 3.28123 6.917 6.41081 1.6536 6.29403 9.56715 4.82162 9.3854 4.31125 9.76724 5.21728 5.80312 
