10 50 12
777 335 649 27 763 426 211 429 862 135 22 167 11 373 784 324 413 980 862 281 84 505 313 895 814 364 87 178 403 399 676 12 94 570 467 902 652 280 865 619 31 771 709 856 586 683 528 829 270 715 
340 149 796 723 618 245 846 451 921 555 379 488 
8 2 2 10 3 1 4 4 6 7 
16140 68867.5 38309.9 51642 90827.7 76013.5 11900 30769.5 63532.4 78109 70208.4 79049.6 41886.8 63964.1 20816.6 71339.3 47896.8 80703.4 72870.3 16549.6 11395.2 51461.2 62806.7 95379.8 46144.6 43008.1 20617 80970.7 61615.7 43185.4 105146 17321.7 25500.8 31438.4 50675.9 83226.5 36016.9 75523.8 40418.3 60838.3 23976.7 75223.5 30259.7 75078.4 55723 91071.1 21718.7 65217.3 86678.1 19310.4 
43022.8 77918.7 19316.6 26651.1 66444.7 73409.1 23693.2 18738.7 58976.4 43862.2 79555 45164.8 20478.3 31022.9 47701.7 45775.5 17828.1 52741.8 84929.3 49653.3 43951 21178.3 69199 76306.7 39159.4 18609.7 29154.8 65452.3 60090 52371.7 86007 29622 9211.41 45468.8 27012 57347.4 12425.8 59713.5 11013.6 49915.1 33682.3 41010.4 33700 73705.2 33767.6 79600.3 12669.6 71659.5 57224.2 27182.5 
85194.2 68582.9 52754.9 41748.4 9849.37 44643 85147.4 59419.3 40639.9 64352.9 69778.9 70813.9 49786 72959.5 86583.7 23875.7 51197.4 24027.7 77321.7 105509 92319.1 48570.9 61053.2 9300 45865.6 50369.5 95483.9 15824 46062.6 64005.4 17977.8 73146.5 70914.6 70771.9 41643.2 16522.1 57899.3 17718.1 57356.2 32867.2 68629.5 64756.3 61942.7 47203.6 35175.3 27115.5 73961.1 61734.4 28132.9 70560 
60474.5 9567.13 70263.6 75126 85054 32183.4 82378.7 68314.1 38509.9 117005 7924.65 121754 71612.6 113409 56949.5 79716 82932.5 89316.6 3535.53 82890.8 68548.2 84023.8 18976.3 74345.4 51063.3 74998.9 94993.3 60699.3 33702.4 35114.1 79789.8 62996 80747.8 45213.4 73095.3 85151.5 76249.3 60115.4 81463.2 50847.6 56155 115455 53739.8 29516.3 70221.7 55044 80227.7 16980 96686.3 63644.7 
66779.1 70720 28504.4 15206.9 26043.2 53590.5 60070.1 36156.5 42010.7 40127.8 72282 46092.6 24908.8 44900.4 69553.1 5437.83 22677.1 14043.1 79595.3 83330.8 72235.7 19691.9 61484.1 38021.7 33076.4 24129.9 68864.6 32076.5 46439 55075.3 47156.1 52656.7 44621.3 57002.5 16140 17029.4 31701.9 27513.8 29634.6 29375.7 50458.4 39594.9 44811.2 55289.8 12614.3 48053.8 48124.1 63200.1 20834.6 49647.8 
47861.9 15357.4 64874.1 72202.5 89313.5 40162.8 71552 61420 41323.7 113880 15118.2 118038 66899.6 108043 43833 80518.8 78504.3 90824.8 11566.3 69160.8 55410.9 80188.8 20740.8 81200.2 47917.6 70290 83693 66196.8 35908.9 27638.4 87903.6 52904.6 72331.8 34968.7 70141.9 87777.3 70064.3 64329.9 75720.1 52054.2 46734.4 112004 45935.3 37521.3 68624.6 63885.5 71200 20435.3 98367.9 54135.5 
47940.1 50914.8 17392.5 15008.3 40274.7 38888.8 48274.4 22447.5 24901.8 56576 52546.1 61520.2 15913.8 54985.9 49922.3 23941 24532.6 34690.2 59508.1 67649.2 54649.8 24571.7 41507.7 43772.7 11236.1 18402.4 59668.5 30326.6 27888.7 33239.9 53599.4 35311.9 35752.8 35820.1 13103.4 34365.7 24037.7 24601 26503 13817.7 31238.6 55132.2 24808.1 39783.9 9985.99 43423.2 38104.2 43523 42074.7 32700.2 
49102.4 74739.3 13980.7 15277.8 54159.9 66444.7 34474.6 18506.5 52170.7 37243 76402.9 40166.3 12776.9 29321.2 53241 33514.9 5448.85 40355.5 82517.7 59828.6 51886.8 8800.57 65553.4 64715.8 33659 9588.01 41409.3 54886.2 54267.7 51164.9 74300.6 34478 18558.6 46929.7 16162.3 44986.2 9481.03 49254.1 3573.51 41565 36181.3 34794.3 33802.4 67134.5 22847.3 69735.3 22410.9 67885.3 45003.1 31504 
26349.2 79665.6 45186.4 57966.9 98089.9 86553.4 13223.1 38169.4 73790.6 79100.3 80993.8 79151.1 48537.4 63394.2 30613.9 78016.4 52514.8 86736 83513.5 14644.1 19581.9 56117.7 73638.7 103945 55721.6 49019.6 13322.2 90038.5 72108.6 54010.7 113777 27417.1 29156.3 42272.1 57303.5 89973.4 41517.7 84467.4 44845.7 70286.6 34409.6 76101.1 40384.3 85692.3 62960.4 100848 25369.3 76051 92187 28897.9 
73926.8 104601 43871.9 41144.7 68454.7 94679.4 51908.6 47309.7 80799.6 19425.8 106265 17048.5 42480.2 1526.43 78663.1 50949.5 31541.2 51800.1 112420 77198.6 74129.6 31401.4 95370.5 83567.5 63298.7 39122 51319.1 77997.6 83456 80881 92018.4 60574.3 40076.2 75595.2 42884.3 58888.4 38466.7 72981.2 32812.3 69170 64108.1 16536 62940.3 95671.5 48216.2 93854 43112.5 97672.4 52172.8 58031.2 
