10 50 12
777 335 649 27 763 426 211 429 862 135 22 167 11 373 784 324 413 980 862 281 84 505 313 895 814 364 87 178 403 399 676 12 94 570 467 902 652 280 865 619 31 771 709 856 586 683 528 829 270 715 
34 14.9 79.6 72.3 61.8 24.5 84.6 45.1 92.1 55.5 37.9 48.8 
8 2 2 10 3 1 4 4 6 7 
161.4 688.675 383.099 516.42 908.277 760.135 119 307.695 635.324 781.09 702.084 790.496 418.868 639.641 208.166 713.393 478.968 807.034 728.703 165.496 113.952 514.612 628.067 953.798 461.446 430.081 206.17 809.707 616.157 431.854 1051.46 173.217 255.008 314.384 506.759 832.265 360.169 755.238 404.183 608.383 239.767 752.235 302.597 750.784 557.23 910.711 217.187 652.173 866.781 193.104 
430.228 779.187 193.166 266.511 664.447 734.091 236.932 187.387 589.764 438.622 795.55 451.648 204.783 310.229 477.017 457.755 178.281 527.418 849.293 496.533 439.51 211.783 691.99 763.067 391.594 186.097 291.548 654.523 600.9 523.717 860.07 296.22 92.1141 454.688 270.12 573.474 124.258 597.135 110.136 499.151 336.823 410.104 337 737.052 337.676 796.003 126.696 716.595 572.242 271.825 
851.942 685.829 527.549 417.484 98.4937 446.43 851.474 594.193 406.399 643.529 697.789 708.139 497.86 729.595 865.837 238.757 511.974 240.277 773.217 1055.09 923.191 485.709 610.532 93 458.656 503.695 954.839 158.24 460.626 640.054 179.778 731.465 709.146 707.719 416.432 165.221 578.993 177.181 573.562 328.672 686.295 647.563 619.427 472.036 351.753 271.155 739.611 617.344 281.329 705.6 
604.745 95.6713 702.636 751.26 850.54 321.834 823.787 683.141 385.099 1170.05 79.2465 1217.54 716.126 1134.09 569.495 797.16 829.325 893.166 35.3553 828.908 685.482 840.238 189.763 743.454 510.633 749.989 949.933 606.993 337.024 351.141 797.898 629.96 807.478 452.134 730.953 851.515 762.493 601.154 814.632 508.476 561.55 1154.55 537.398 295.163 702.217 550.44 802.277 169.8 966.863 636.447 
667.791 707.2 285.044 152.069 260.432 535.905 600.701 361.565 420.107 401.278 722.82 460.926 249.088 449.004 695.531 54.3783 226.771 140.431 795.953 833.308 722.357 196.919 614.841 380.217 330.764 241.299 688.646 320.765 464.39 550.753 471.561 526.567 446.213 570.025 161.4 170.294 317.019 275.138 296.346 293.757 504.584 395.949 448.112 552.898 126.143 480.538 481.241 632.001 208.346 496.478 
478.619 153.574 648.741 722.025 893.135 401.628 715.52 614.2 413.237 1138.8 151.182 1180.38 668.996 1080.43 438.33 805.188 785.043 908.248 115.663 691.608 554.109 801.888 207.408 812.002 479.176 702.9 836.93 661.968 359.089 276.384 879.036 529.046 723.318 349.687 701.419 877.773 700.643 643.299 757.201 520.542 467.344 1120.04 459.353 375.213 686.246 638.855 712 204.353 983.679 541.355 
479.401 509.148 173.925 150.083 402.747 388.888 482.744 224.475 249.018 565.76 525.461 615.202 159.138 549.859 499.223 239.41 245.326 346.902 595.081 676.492 546.498 245.717 415.077 437.727 112.361 184.024 596.685 303.266 278.887 332.399 535.994 353.119 357.528 358.201 131.034 343.657 240.377 246.01 265.03 138.177 312.386 551.322 248.081 397.839 99.8599 434.232 381.042 435.23 420.747 327.002 
491.024 747.393 139.807 152.778 541.599 664.447 344.746 185.065 521.707 372.43 764.029 401.663 127.769 293.212 532.41 335.149 54.4885 403.555 825.177 598.286 518.868 88.0057 655.534 647.158 336.59 95.8801 414.093 548.862 542.677 511.649 743.006 344.78 185.586 469.297 161.623 449.862 94.8103 492.541 35.7351 415.65 361.813 347.943 338.024 671.345 228.473 697.353 224.109 678.853 450.031 315.04 
263.492 796.656 451.864 579.669 980.899 865.534 132.231 381.694 737.906 791.003 809.938 791.511 485.374 633.942 306.139 780.164 525.148 867.36 835.135 146.441 195.819 561.177 736.387 1039.45 557.216 490.196 133.222 900.385 721.086 540.107 1137.77 274.171 291.563 422.721 573.035 899.734 415.177 844.674 448.457 702.866 344.096 761.011 403.843 856.923 629.604 1008.48 253.693 760.51 921.87 288.979 
739.268 1046.01 438.719 411.447 684.547 946.794 519.086 473.097 807.996 194.258 1062.65 170.485 424.802 15.2643 786.631 509.495 315.412 518.001 1124.2 771.986 741.296 314.014 953.705 835.675 632.987 391.22 513.191 779.976 834.56 808.81 920.184 605.743 400.762 755.952 428.843 588.884 384.667 729.812 328.123 691.7 641.081 165.36 629.403 956.715 482.162 938.54 431.125 976.724 521.728 580.312 
