15 75 10
777 335 649 27 763 426 211 429 862 135 22 167 11 373 784 324 413 980 862 281 84 505 313 895 814 364 87 178 403 399 676 12 94 570 467 902 652 280 865 619 31 771 709 856 586 683 528 829 270 715 796 245 921 488 841 500 124 856 227 936 437 407 858 237 818 11 776 763 606 818 369 996 470 499 644 
590 505 139 954 786 669 82 542 464 197 
7 8 8 6 2 5 0 0 6 8 8 2 6 9 1 
8.66487 56.0108 31.3536 44.69 81.6854 62.9076 19.5226 23.7356 50.7351 77.2653 57.4003 79.2738 35.0069 65.4671 13.2593 63.274 43.5839 73.3219 60.4948 26.6625 13.0924 46.8837 49.6695 84.5224 34.4398 37.0195 31.6639 69.5696 48.5684 30.0193 94.1523 6.62873 25.3308 18.422 43.3263 74.8575 31.4306 64.3281 36.95 49.1076 11.3358 74.5985 18.0325 61.9155 47.2827 78.7467 22.5601 52.0999 79.883 9.68762 65.5172 41.2335 60.4723 46.9707 70.644 61.102 32.3483 58.8192 49.8511 5.59017 26.4458 54.4031 69.3289 77.6032 12.0503 66.5019 63.5574 36.431 37.0567 49.5202 25.4922 57.3248 6.84251 35.8022 42.4417 
34.8827 34.8794 25.9856 32.2025 56.8516 32.5498 45.356 24.9147 19.4178 73.9032 36.5409 78.206 27.4007 69.1527 35.2575 43.0409 38.8742 53.776 42.6645 57.8236 43.0633 40.3053 25.8213 55.5446 8.228 30.8026 58.2244 39.8152 18.1033 13.7928 64.7213 26.97 38.6679 18.7385 30.1438 52.5095 32.1459 35.223 37.2003 19.434 20.1718 72.0875 14.0389 32.0751 29.2159 47.4523 39.2005 28.2312 61.2595 25.7769 54.5133 11.2071 29.063 24.9369 42.2664 50.2157 59.4216 47.4377 18.597 34.1592 19.2567 51.6815 51.9394 63.1114 41.3058 51.2767 33.036 27.366 8.40238 36.327 48.7488 42.5042 31.1464 44.7893 19.1128 
54.9459 76.286 17.254 12.3471 48.3257 65.722 41.3011 23.4386 51.7936 32.7341 77.9475 36.4907 14.6986 28.1149 58.8778 27.8692 3.13847 33.9165 84.4126 66.562 58.2031 2.88617 66.9481 59.9437 34.7697 11.36 48.0817 51.3391 54.5162 54.1133 69.3382 40.1966 25.3728 51.1766 13.9463 38.9513 15.0083 45.8926 9.88585 40.2866 41.0946 30.6007 37.8613 66.6753 19.8252 66.7027 29.2166 69.1741 38.2873 37.1465 19.8285 50.5372 55.756 25.8519 47.9009 15.8433 49.746 89.0484 46.8017 52.0204 24.6887 9.83107 28.2682 32.8347 45.4528 23.7994 65.5925 14.5 36.9623 77.936 38.5053 84.3445 40.078 18.7257 60.7991 
57.649 57.0629 23.7124 14.8637 30.6341 41.0078 56.0029 30.2538 28.6175 52.2067 58.6315 57.753 20.9955 53.7584 59.7369 14.5344 25.4772 25.2517 65.9267 76.7294 64.14 24.1033 47.8127 36.08 20.5477 22.1894 66.6127 24.8387 32.8536 42.2238 45.9234 44.6319 42.1284 45.5923 13.9284 24.5231 29.3437 19.2003 29.9541 15.9552 40.9518 51.2299 34.6113 42.4747 7.21803 39.8453 44.9952 49.5452 32.7515 41.8836 29.7431 31.8291 29.9341 4.11096 22.5743 26.2932 68.1859 73.3706 23.1141 55.7288 25.1032 34.6157 23.8321 35.5879 56.2226 24.168 40.6597 19.3662 20.3049 62.6163 56.0985 67.4337 47.111 41.3189 43.5707 
10.469 60.4239 32.6725 46.1307 84.1215 67.1658 15.7471 24.9596 54.7943 76.6416 61.8052 78.3001 36.3373 64.0252 15.4858 65.2396 44.0018 75.0457 64.8069 23.3403 11.5156 47.427 54.1097 87.6762 37.9033 38.0147 27.4634 72.9496 52.783 34.4581 97.3725 9.10494 23.9585 22.8493 44.9169 76.972 31.8057 67.6096 36.9846 52.6156 15.2322 73.8922 21.7083 66.2197 49.3401 82.5671 20.7509 56.5406 81.3969 11.6846 66.1636 45.4542 64.4287 49.5275 73.7518 61.8231 28.0794 62.8441 53.7015 7.29178 28.5871 54.14 70.8018 78.5504 7.78781 67.7184 67.7975 37.86 40.6433 53.7287 21.9939 61.5374 6.82495 34.4651 46.8771 
47.4709 17.4413 44.8092 48.353 61.2148 17.3971 63.3456 44.3086 13.2371 90.1399 19.0434 95.0007 45.6606 87.333 45.9308 53.2977 56.646 63.287 26.2619 71.4413 56.1883 57.4718 8.15414 53.9912 24.7825 48.9781 76.3207 38.5064 7.80897 17.6491 61.5111 43.9969 57.9871 29.4279 46.3441 59.8411 51.2657 36.2802 56.0022 24.4199 36.7349 88.6539 32.0306 15.7201 43.2759 39.1051 58.3175 9.97046 70.7791 43.5543 68.8959 8.90674 21.4767 37.4219 43.4578 64.9942 77.3885 34.5029 17.9622 47.8853 38.5047 69.0887 63.1292 75.1172 58.1188 63.832 18.3175 45.2916 22.4662 24.611 67.3541 28.1055 48.3997 64.1221 7.02638 
76.3273 48.9401 52.6339 46.0541 30.9613 23.9852 82.7162 57.3362 24.4624 79.1624 49.961 85.3285 50.7963 83.9447 76.5405 35.7393 56.674 41.1947 57.3331 98.9315 84.4233 55.1871 42.5206 18.2214 38.1072 52.7031 94.6177 7.57694 29.3157 50.312 25.088 66.9669 70.9975 59.5836 44.9961 34.64 59.1346 12.2066 60.7421 23.461 60.9606 78.8914 54.2687 26.6543 38.4012 8.70057 73.2149 42.7057 47.1615 65.0007 56.0161 34.9276 14.9466 33.1368 13.7568 53.9748 96.0738 68.2949 22.9828 75.504 50.9345 65.0692 44.3928 55.6296 80.7213 47.8272 22.9513 49.368 35.2865 60.0204 84.2134 61.3241 70.6229 71.9201 43.317 
56.5662 39.2227 35.3276 32.5498 38.7738 21.2876 63.5106 38.8012 9.75295 71.9651 40.671 77.4796 34.321 72.654 56.9956 31.6413 42.7454 41.0742 48.2121 79.0607 64.585 42.3019 30.5491 34.2113 18.4166 36.9135 75.7552 18.2779 14.9345 32.1442 43.1129 47.1645 52.94 40.2505 30.9128 37.2336 42.174 14.4392 45.001 4.7 41.0903 70.9627 34.4073 22.7178 25.5738 26.7367 54.7439 31.8071 48.4679 45.2902 49.3803 17.4485 11.0223 19.2317 21.7807 46.0431 77.1495 57.1431 4.75184 55.6656 32.2281 53.5374 41.59 53.7128 61.0575 43.0656 20.9974 33.2002 15.4806 47.161 65.5134 50.6448 50.9063 55.491 28.3297 
44.3353 51.1892 13.8654 14.4257 43.9386 41.0903 44.2652 18.4716 26.8002 56.3565 52.8411 61.001 12.9314 53.4879 46.5099 26.7421 22.7759 37.4021 59.5668 63.7075 50.8615 23.3808 41.7938 47.8023 10 15.807 55.7374 34.2808 29.1405 31.6484 57.6303 31.4312 31.9776 33.0438 12.3746 37.6384 20.677 28.5748 23.7217 16.8315 27.6442 54.7219 21.3965 41.7647 11.4756 47.067 34.2184 43.942 44.6405 28.7689 36.4664 25.2606 32.4302 9.21141 33.8723 32.182 57.2315 65.28 22.2524 42.4129 12.4483 35.0051 34.7333 45.412 43.5836 33.544 41.1013 12.0033 11.6662 54.2075 45.2731 60.0274 34.1303 33.9921 36.0694 
60.4901 71.4228 21.2132 8.01561 35.3278 57.1545 51.5414 28.9014 44.2109 36.342 73.0458 41.6573 17.5514 37.7737 63.702 14.7299 13.3959 22.0411 80.055 75.519 65.2511 10.4101 62.0249 46.845 31.1006 15.9703 59.8459 39.2046 47.9153 52.7266 56.1729 45.9514 35.8491 52.754 9.76729 26.163 23.2166 34.053 20.538 31.7448 44.7644 35.1605 39.8339 58.5103 10.7713 54.9524 39.4681 63.9941 27.7016 42.8696 15.3183 45.5132 46.2018 16.9499 35.2165 11.0802 61.5019 86.3151 38.8085 57.925 26.9475 18.813 17.1129 25.387 54.2109 13.9517 56.8465 16.1447 32.3025 75.2768 49.7775 80.8842 47.009 31.2335 56.8318 
59.5552 15.6259 55.7197 57.3266 62.357 9.70206 75.8489 56.0389 17.78 98.3108 16.5076 103.565 56.1001 97.1796 57.6657 58.5226 66.4959 67.5663 23.816 83.5103 68.2719 66.8588 12.0615 51.7357 35.4158 59.2839 88.8217 37.9179 14.5962 29.7015 57.7055 56.5279 69.9861 41.616 55.4239 62.9229 62.4079 37.5659 66.7428 30.4095 49.2666 97.1004 44.4627 7.00643 51.2821 33.353 70.512 10.8784 74.7773 56.0515 76.1052 20.1896 20.1693 45.025 43.9182 72.568 89.9016 35.0143 23.2545 60.1469 49.946 78.4513 68.4658 80.5919 70.644 70.0037 10.8074 55.501 32.6377 27.9902 79.7632 28.0087 60.9291 75.544 17.5636 
37.4001 34.9185 26.1358 31.2815 54.5011 30.7903 47.2017 25.8118 17.2812 73.1498 36.5826 77.6091 27.2208 69.0192 37.8114 41.1306 38.5203 51.8348 42.9829 60.2438 45.5397 39.7373 25.6759 52.9967 6.92026 30.5949 60.0051 37.2602 16.4779 15.6349 62.1662 29.1302 39.8246 21.272 29.2205 50.3526 32.5443 32.6841 37.353 16.9 22.4715 71.4183 16.1474 30.4792 27.7737 45.0241 40.571 28.0059 59.3466 27.7849 53.297 10.0623 26.7367 23.1521 39.7472 49.0637 61.2369 48.36 16.1375 36.6281 19.8154 51.229 50.1937 61.5209 43.4246 49.7257 31.2181 27.0276 6.29682 37.2924 50.3746 43.1669 33.2339 45.4512 19.3724 
7.0214 47.4979 41.2317 53.7894 87.3066 59.4607 32.3989 34.2462 49.5036 89.4687 48.6763 91.8769 44.6912 78.5493 3.68917 70.6135 54.6452 81.1382 50.467 29.8216 14.9282 57.671 42.9111 87.4443 37.7115 47.2705 43.5295 71.7541 46.0566 24.6223 96.6603 18.071 38.6063 13.5591 52.1311 81.5724 42.8805 67.0835 48.7155 51.3024 17.0423 86.9154 22.5869 57.9525 54.7851 78.4103 36.0436 45.1054 88.1477 20.8655 75.8317 39.0387 59.6607 53.0103 73.999 71.333 43.926 47.0306 50.1144 9.57549 34.8574 66.2987 77.8311 87.1865 24.1506 75.6381 60.289 45.8519 39.5275 38.8032 38.6648 46.5348 20.1792 48.9532 36.4247 
45.0126 48.8723 16.5747 16.6964 43.2297 38.2832 46.3366 20.7183 24.0142 58.5773 50.517 63.3455 15.7458 56.1413 46.9086 27.0313 25.4615 37.7763 57.3464 65.0526 51.8531 25.9139 39.4635 46.1069 8.33847 18.6132 58.0149 32.1602 26.4764 30.331 55.8917 32.6443 34.4819 32.7185 14.682 37.4489 23.4233 26.5189 26.5377 14.1057 28.3233 57.0202 21.8197 38.9782 12.6625 44.5499 36.5919 41.5616 45.1453 30.1204 38.1918 22.8974 29.6488 8.91403 32.1552 34.0037 59.4871 63.3922 19.4366 43.2558 14.4267 37.541 35.5225 46.556 45.2604 34.7144 38.289 14.8125 9.41754 52.3637 47.5903 57.9905 35.5951 36.7659 33.9607 
95.8188 66.4536 68.9123 59.8385 29.2015 41.1692 100.381 74.5735 44.236 85.2406 67.2441 91.7098 66.485 93.6144 96.2106 44.1118 70.0061 44.8786 74.2195 118.027 103.762 67.7747 61.1337 11.6211 56.9453 67.7529 111.717 21.9659 48.932 70.1294 8.19878 85.7723 87.4662 79.3254 59.29 37.3551 74.877 27.5661 75.3704 42.2641 80.1057 85.6675 73.3485 43.842 52.5224 17.5183 90.0869 60.9594 48.316 83.6035 63.3256 54.742 34.428 48.6033 23.0413 62.6077 113.244 85.8031 42.72 94.8498 68.4895 75.8789 49.91 58.6931 99.1407 54.5132 40.0536 64.8926 54.3368 78.4358 101.206 78.7992 89.2045 86.7745 62.7086 
