15 75 10
777 335 649 27 763 426 211 429 862 135 22 167 11 373 784 324 413 980 862 281 84 505 313 895 814 364 87 178 403 399 676 12 94 570 467 902 652 280 865 619 31 771 709 856 586 683 528 829 270 715 796 245 921 488 841 500 124 856 227 936 437 407 858 237 818 11 776 763 606 818 369 996 470 499 644 
590 505 139 954 786 669 82 542 464 197 
7 8 8 6 2 5 0 0 6 8 8 2 6 9 1 
0.866487 5.60108 3.13536 4.469 8.16854 6.29076 1.95226 2.37356 5.07351 7.72653 5.74003 7.92738 3.50069 6.54671 1.32593 6.3274 4.35839 7.33219 6.04948 2.66625 1.30924 4.68837 4.96695 8.45224 3.44398 3.70195 3.16639 6.95696 4.85684 3.00193 9.41523 0.662873 2.53308 1.8422 4.33263 7.48575 3.14306 6.43281 3.695 4.91076 1.13358 7.45985 1.80325 6.19155 4.72827 7.87467 2.25601 5.20999 7.9883 0.968762 6.55172 4.12335 6.04723 4.69707 7.0644 6.1102 3.23483 5.88192 4.98511 0.559017 2.64458 5.44031 6.93289 7.76032 1.20503 6.65019 6.35574 3.6431 3.70567 4.95202 2.54922 5.73248 0.684251 3.58022 4.24417 
3.48827 3.48794 2.59856 3.22025 5.68516 3.25498 4.5356 2.49147 1.94178 7.39032 3.65409 7.8206 2.74007 6.91527 3.52575 4.30409 3.88742 5.3776 4.26645 5.78236 4.30633 4.03053 2.58213 5.55446 0.8228 3.08026 5.82244 3.98152 1.81033 1.37928 6.47213 2.697 3.86679 1.87385 3.01438 5.25095 3.21459 3.5223 3.72003 1.9434 2.01718 7.20875 1.40389 3.20751 2.92159 4.74523 3.92005 2.82312 6.12595 2.57769 5.45133 1.12071 2.9063 2.49369 4.22664 5.02157 5.94216 4.74377 1.8597 3.41592 1.92567 5.16815 5.19394 6.31114 4.13058 5.12767 3.3036 2.7366 0.840238 3.6327 4.87488 4.25042 3.11464 4.47893 1.91128 
5.49459 7.6286 1.7254 1.23471 4.83257 6.5722 4.13011 2.34386 5.17936 3.27341 7.79475 3.64907 1.46986 2.81149 5.88778 2.78692 0.313847 3.39165 8.44126 6.6562 5.82031 0.288617 6.69481 5.99437 3.47697 1.136 4.80817 5.13391 5.45162 5.41133 6.93382 4.01966 2.53728 5.11766 1.39463 3.89513 1.50083 4.58926 0.988585 4.02866 4.10946 3.06007 3.78613 6.66753 1.98252 6.67027 2.92166 6.91741 3.82873 3.71465 1.98285 5.05372 5.5756 2.58519 4.79009 1.58433 4.9746 8.90484 4.68017 5.20204 2.46887 0.983107 2.82682 3.28347 4.54528 2.37994 6.55925 1.45 3.69623 7.7936 3.85053 8.43445 4.0078 1.87257 6.07991 
5.7649 5.70629 2.37124 1.48637 3.06341 4.10078 5.60029 3.02538 2.86175 5.22067 5.86315 5.7753 2.09955 5.37584 5.97369 1.45344 2.54772 2.52517 6.59267 7.67294 6.414 2.41033 4.78127 3.608 2.05477 2.21894 6.66127 2.48387 3.28536 4.22238 4.59234 4.46319 4.21284 4.55923 1.39284 2.45231 2.93437 1.92003 2.99541 1.59552 4.09518 5.12299 3.46113 4.24747 0.721803 3.98453 4.49952 4.95452 3.27515 4.18836 2.97431 3.18291 2.99341 0.411096 2.25743 2.62932 6.81859 7.33706 2.31141 5.57288 2.51032 3.46157 2.38321 3.55879 5.62226 2.4168 4.06597 1.93662 2.03049 6.26163 5.60985 6.74337 4.7111 4.13189 4.35707 
1.0469 6.04239 3.26725 4.61307 8.41215 6.71658 1.57471 2.49596 5.47943 7.66416 6.18052 7.83001 3.63373 6.40252 1.54858 6.52396 4.40018 7.50457 6.48069 2.33403 1.15156 4.7427 5.41097 8.76762 3.79033 3.80147 2.74634 7.29496 5.2783 3.44581 9.73725 0.910494 2.39585 2.28493 4.49169 7.6972 3.18057 6.76096 3.69846 5.26156 1.52322 7.38922 2.17083 6.62197 4.93401 8.25671 2.07509 5.65406 8.13969 1.16846 6.61636 4.54542 6.44287 4.95275 7.37518 6.18231 2.80794 6.28441 5.37015 0.729178 2.85871 5.414 7.08018 7.85504 0.778781 6.77184 6.77975 3.786 4.06433 5.37287 2.19939 6.15374 0.682495 3.44651 4.68771 
4.74709 1.74413 4.48092 4.8353 6.12148 1.73971 6.33456 4.43086 1.32371 9.01399 1.90434 9.50007 4.56606 8.7333 4.59308 5.32977 5.6646 6.3287 2.62619 7.14413 5.61883 5.74718 0.815414 5.39912 2.47825 4.89781 7.63207 3.85064 0.780897 1.76491 6.15111 4.39969 5.79871 2.94279 4.63441 5.98411 5.12657 3.62802 5.60022 2.44199 3.67349 8.86539 3.20306 1.57201 4.32759 3.91051 5.83175 0.997046 7.07791 4.35543 6.88959 0.890674 2.14767 3.74219 4.34578 6.49942 7.73885 3.45029 1.79622 4.78853 3.85047 6.90887 6.31292 7.51172 5.81188 6.3832 1.83175 4.52916 2.24662 2.4611 6.73541 2.81055 4.83997 6.41221 0.702638 
7.63273 4.89401 5.26339 4.60541 3.09613 2.39852 8.27162 5.73362 2.44624 7.91624 4.9961 8.53285 5.07963 8.39447 7.65405 3.57393 5.6674 4.11947 5.73331 9.89315 8.44233 5.51871 4.25206 1.82214 3.81072 5.27031 9.46177 0.757694 2.93157 5.0312 2.5088 6.69669 7.09975 5.95836 4.49961 3.464 5.91346 1.22066 6.07421 2.3461 6.09606 7.88914 5.42687 2.66543 3.84012 0.870057 7.32149 4.27057 4.71615 6.50007 5.60161 3.49276 1.49466 3.31368 1.37568 5.39748 9.60738 6.82949 2.29828 7.5504 5.09345 6.50692 4.43928 5.56296 8.07213 4.78272 2.29513 4.9368 3.52865 6.00204 8.42134 6.13241 7.06229 7.19201 4.3317 
5.65662 3.92227 3.53276 3.25498 3.87738 2.12876 6.35106 3.88012 0.975295 7.19651 4.0671 7.74796 3.4321 7.2654 5.69956 3.16413 4.27454 4.10742 4.82121 7.90607 6.4585 4.23019 3.05491 3.42113 1.84166 3.69135 7.57552 1.82779 1.49345 3.21442 4.31129 4.71645 5.294 4.02505 3.09128 3.72336 4.2174 1.44392 4.5001 0.47 4.10903 7.09627 3.44073 2.27178 2.55738 2.67367 5.47439 3.18071 4.84679 4.52902 4.93803 1.74485 1.10223 1.92317 2.17807 4.60431 7.71495 5.71431 0.475184 5.56656 3.22281 5.35374 4.159 5.37128 6.10575 4.30656 2.09974 3.32002 1.54806 4.7161 6.55134 5.06448 5.09063 5.5491 2.83297 
4.43353 5.11892 1.38654 1.44257 4.39386 4.10903 4.42652 1.84716 2.68002 5.63565 5.28411 6.1001 1.29314 5.34879 4.65099 2.67421 2.27759 3.74021 5.95668 6.37075 5.08615 2.33808 4.17938 4.78023 1 1.5807 5.57374 3.42808 2.91405 3.16484 5.76303 3.14312 3.19776 3.30438 1.23746 3.76384 2.0677 2.85748 2.37217 1.68315 2.76442 5.47219 2.13965 4.17647 1.14756 4.7067 3.42184 4.3942 4.46405 2.87689 3.64664 2.52606 3.24302 0.921141 3.38723 3.2182 5.72315 6.528 2.22524 4.24129 1.24483 3.50051 3.47333 4.5412 4.35836 3.3544 4.11013 1.20033 1.16662 5.42075 4.52731 6.00274 3.41303 3.39921 3.60694 
6.04901 7.14228 2.12132 0.801561 3.53278 5.71545 5.15414 2.89014 4.42109 3.6342 7.30458 4.16573 1.75514 3.77737 6.3702 1.47299 1.33959 2.20411 8.0055 7.5519 6.52511 1.04101 6.20249 4.6845 3.11006 1.59703 5.98459 3.92046 4.79153 5.27266 5.61729 4.59514 3.58491 5.2754 0.976729 2.6163 2.32166 3.4053 2.0538 3.17448 4.47644 3.51605 3.98339 5.85103 1.07713 5.49524 3.94681 6.39941 2.77016 4.28696 1.53183 4.55132 4.62018 1.69499 3.52165 1.10802 6.15019 8.63151 3.88085 5.7925 2.69475 1.8813 1.71129 2.5387 5.42109 1.39517 5.68465 1.61447 3.23025 7.52768 4.97775 8.08842 4.7009 3.12335 5.68318 
5.95552 1.56259 5.57197 5.73266 6.2357 0.970206 7.58489 5.60389 1.778 9.83108 1.65076 10.3565 5.61001 9.71796 5.76657 5.85226 6.64959 6.75663 2.3816 8.35103 6.82719 6.68588 1.20615 5.17357 3.54158 5.92839 8.88217 3.79179 1.45962 2.97015 5.77055 5.65279 6.99861 4.1616 5.54239 6.29229 6.24079 3.75659 6.67428 3.04095 4.92666 9.71004 4.44627 0.700643 5.12821 3.3353 7.0512 1.08784 7.47773 5.60515 7.61052 2.01896 2.01693 4.5025 4.39182 7.2568 8.99016 3.50143 2.32545 6.01469 4.9946 7.84513 6.84658 8.05919 7.0644 7.00037 1.08074 5.5501 3.26377 2.79902 7.97632 2.80087 6.09291 7.5544 1.75636 
3.74001 3.49185 2.61358 3.12815 5.45011 3.07903 4.72017 2.58118 1.72812 7.31498 3.65826 7.76091 2.72208 6.90192 3.78114 4.11306 3.85203 5.18348 4.29829 6.02438 4.55397 3.97373 2.56759 5.29967 0.692026 3.05949 6.00051 3.72602 1.64779 1.56349 6.21662 2.91302 3.98246 2.1272 2.92205 5.03526 3.25443 3.26841 3.7353 1.69 2.24715 7.14183 1.61474 3.04792 2.77737 4.50241 4.0571 2.80059 5.93466 2.77849 5.3297 1.00623 2.67367 2.31521 3.97472 4.90637 6.12369 4.836 1.61375 3.66281 1.98154 5.1229 5.01937 6.15209 4.34246 4.97257 3.12181 2.70276 0.629682 3.72924 5.03746 4.31669 3.32339 4.54512 1.93724 
0.70214 4.74979 4.12317 5.37894 8.73066 5.94607 3.23989 3.42462 4.95036 8.94687 4.86763 9.18769 4.46912 7.85493 0.368917 7.06135 5.46452 8.11382 5.0467 2.98216 1.49282 5.7671 4.29111 8.74443 3.77115 4.72705 4.35295 7.17541 4.60566 2.46223 9.66603 1.8071 3.86063 1.35591 5.21311 8.15724 4.28805 6.70835 4.87155 5.13024 1.70423 8.69154 2.25869 5.79525 5.47851 7.84103 3.60436 4.51054 8.81477 2.08655 7.58317 3.90387 5.96607 5.30103 7.3999 7.1333 4.3926 4.70306 5.01144 0.957549 3.48574 6.62987 7.78311 8.71865 2.41506 7.56381 6.0289 4.58519 3.95275 3.88032 3.86648 4.65348 2.01792 4.89532 3.64247 
4.50126 4.88723 1.65747 1.66964 4.32297 3.82832 4.63366 2.07183 2.40142 5.85773 5.0517 6.33455 1.57458 5.61413 4.69086 2.70313 2.54615 3.77763 5.73464 6.50526 5.18531 2.59139 3.94635 4.61069 0.833847 1.86132 5.80149 3.21602 2.64764 3.0331 5.58917 3.26443 3.44819 3.27185 1.4682 3.74489 2.34233 2.65189 2.65377 1.41057 2.83233 5.70202 2.18197 3.89782 1.26625 4.45499 3.65919 4.15616 4.51453 3.01204 3.81918 2.28974 2.96488 0.891403 3.21552 3.40037 5.94871 6.33922 1.94366 4.32558 1.44267 3.7541 3.55225 4.6556 4.52604 3.47144 3.8289 1.48125 0.941754 5.23637 4.75903 5.79905 3.55951 3.67659 3.39607 
9.58188 6.64536 6.89123 5.98385 2.92015 4.11692 10.0381 7.45735 4.4236 8.52406 6.72441 9.17098 6.6485 9.36144 9.62106 4.41118 7.00061 4.48786 7.42195 11.8027 10.3762 6.77747 6.11337 1.16211 5.69453 6.77529 11.1717 2.19659 4.8932 7.01294 0.819878 8.57723 8.74662 7.93254 5.929 3.73551 7.4877 2.75661 7.53704 4.22641 8.01057 8.56675 7.33485 4.3842 5.25224 1.75183 9.00869 6.09594 4.8316 8.36035 6.33256 5.4742 3.4428 4.86033 2.30413 6.26077 11.3244 8.58031 4.272 9.48498 6.84895 7.58789 4.991 5.86931 9.91407 5.45132 4.00536 6.48926 5.43368 7.84358 10.1206 7.87992 8.92045 8.67745 6.27086 
