20 100 18
777 335 649 27 763 426 211 429 862 135 22 167 11 373 784 324 413 980 862 281 84 505 313 895 814 364 87 178 403 399 676 12 94 570 467 902 652 280 865 619 31 771 709 856 586 683 528 829 270 715 796 245 921 488 841 500 124 856 227 936 437 407 858 237 818 11 776 763 606 818 369 996 470 499 644 139 669 464 355 611 299 568 311 801 878 736 522 416 924 624 452 550 973 930 660 981 959 668 926 340 
0.9 6.84 3.76 5.42 9.36 1.07 4.45 7.56 1.79 4.18 8.87 4.12 3.48 1.72 6.59 0.09 3.36 2.1 
12 15 13 13 1 17 11 4 4 7 16 8 2 2 2 2 9 1 17 8 
709941 672423 349567 227798 179494 475896 673146 422235 378155 484373 687154 546452 316443 545485 732069 50636 317616 130177 762266 893302 772324 290689 583618 282177 339037 316834 769332 231821 428118 551725 374621 576238 524138 590953 230202 109895 393314 193871 381872 258936 543266 482474 480829 495904 172363 391004 556909 597773 205000 547691 253492 433866 356519 175935 178362 237356 785604 846694 324902 689705 378220 365571 141400 261138 684451 171026 469691 299429 333017 742437 665586 783850 597945 493834 550986 299015 686359 606565 492647 259332 622984 592567 328123 457089 529199 304171 443677 516612 309401 152434 170496 356753 179961 814593 770104 424058 849379 634858 412226 171828 
610816 466953 348323 292171 313844 271280 652056 396295 172409 664172 481203 721688 330841 686069 620059 247491 398005 337535 556821 827179 687221 387675 380970 286775 217002 351511 769275 135059 224876 386999 381189 503700 531945 457389 279065 296933 413783 83006 432539 75894.7 449420 656385 381619 289519 216834 260500 554563 393146 410742 481582 434578 246203 154693 158155 152765 404734 784031 647013 122723 598559 333170 494605 346586 467732 636965 365604 266222 317052 193794 546949 664892 581929 537552 542977 357897 181157 479038 653499 533368 94111.6 464991 526095 376336 252385 361757 411300 369969 417612 445822 319180 354493 186132 388106 773179 566466 576567 651131 445063 591826 379411 
144475 660512 352264 486215 875685 726693 117380 276176 601041 763497 674214 775441 388346 627271 193794 682030 452991 776804 703077 196352 117201 488337 597814 919472 426620 400960 222946 775021 582507 401299 1.01706e+06 138452 234798 285012 475943 800625 332826 720642 379269 573569 205730 735070 267978 717696 525090 875939 198295 622113 837558 158398 675370 509338 696208 532541 779976 633167 227741 680077 587986 117047 321174 544670 731550 802309 32802.4 697786 732823 404447 455110 591143 182455 669214 102650 336786 525476 459152 699779 326585 317345 723355 367110 114337 405998 594829 415640 501499 270130 237531 561649 847923 855637 779959 777736 138636 682136 626789 667881 518035 726912 764687 
338479 223511 531008 619487 845568 417757 574130 488035 378942 1.02868e+06 231664 1.06621e+06 555237 957427 300375 729583 670814 836059 237036 558628 416530 691274 215058 791768 384970 588401 695270 633998 326939 165529 869975 389659 588344 212144 599204 815873 577027 604015 635290 461112 331038 1.008e+06 331724 394975 594792 645864 574808 228219 911454 403764 845687 286007 469930 550619 677366 801974 701120 210090 413586 358833 456213 799181 821035 933756 498515 815457 428339 559473 381602 119000 631114 196431 428404 678852 186124 419955 261176 734415 657408 562161 124808 409693 614398 311965 184054 717016 392445 322416 781049 846180 876393 554355 870573 590448 212236 899105 200370 104809 967699 858735 
431393 180069 617518 697269 889270 416203 670773 579118 411024 1.11152e+06 181571 1.15137e+06 639515 1.04732e+06 390565 790974 755590 895559 159731 643442 506222 773997 213883 817296 456581 673181 791154 664007 356742 245349 888280 486467 683770 308235 676737 868763 666888 641363 724311 510784 426804 1.09192e+06 423232 390621 665706 652435 671059 216481 971136 500073 920610 333808 490251 616650 713550 877798 796684 113217 454120 453296 543104 884372 885624 1.00149e+06 594462 884250 427329 642385 448116 46227.7 728006 108467 525336 772583 218509 487920 210155 830569 751322 592041 219693 506616 700118 335001 258070 800272 482996 416581 863114 895075 928298 567860 934243 682555 130384 984370 104307 132563 1.04865e+06 922909 
732563 602764 414074 314025 169664 382341 736310 478006 311662 603858 616159 666251 386430 663001 747086 170658 415047 225411 692117 935975 803622 393126 520463 184174 340026 395828 843047 113635 365548 528765 282406 612119 598001 590800 309743 167263 469297 89050.5 470032 216592 566768 602416 499985 405222 242671 271448 626907 530634 290663 586489 373451 390415 263837 212840 59000 356721 858800 787250 265731 716771 422916 479310 254578 368376 734932 289748 374606 369900 323364 689348 737922 720878 640614 584062 501496 299923 611036 697657 579573 155567 605714 631956 413353 391349 503925 410444 475946 536656 424062 179388 218836 245839 284285 869416 703946 542775 792124 588939 531897 279029 
252771 788483 545674 678473 1.07109e+06 894043 248974 470545 778165 917397 799978 919614 581234 762685 278686 876108 635784 968930 813607 23323.8 165849 671739 741243 1.11331e+06 615910 591261 257303 966555 753023 551272 1.2105e+06 327947 405191 432484 669247 995073 519570 913085 559772 762969 386167 887614 452816 881827 720118 1.06015e+06 366553 763770 1.02754e+06 351710 856344 679915 876644 728045 973926 815893 248709 764006 771167 248697 516733 713278 921816 985926 209060 885757 901282 597660 642872 694622 296816 769921 297249 495101 673769 650416 828022 447200 479310 912257 497112 306420 593249 761079 570646 681851 463249 418809 737902 1.04271e+06 1.04938e+06 962822 966795 104738 788155 785108 749096 646042 889899 953864 
852416 569022 597478 517731 283064 316057 906448 649887 335678 812316 578070 875825 575806 878014 855585 383881 622367 415843 649998 1.07633e+06 932537 603484 510393 118191 466138 591531 1.02265e+06 123483 383437 594358 164438 754936 782739 686442 509816 343351 659873 181177 670108 319000 696724 812981 629382 343071 442233 93536.1 807094 510358 464665 734139 584829 440505 238757 396548 156051 570842 1.03759e+06 763024 320340 843356 587429 693877 457739 560045 890498 498623 305105 560551 439141 684690 917911 693006 790302 783534 522403 433429 563028 896308 776414 169800 673513 778083 612865 396561 568434 622448 623041 664290 638905 326087 371139 156416 477193 1.02673e+06 670126 757413 772286 607067 741310 475096 
503086 758238 151344 155756 539268 672596 353566 197590 530212 359940 774878 389166 137753 281812 544640 333209 52839.4 398841 836360 608113 530224 83450.6 666197 647864 346655 105109 419990 552197 552001 523534 743280 357001 194805 481769 165979 446794 107331 496179 48104.1 422734 374339 335418 350407 679857 232019 701795 233418 689420 443717 327330 257002 505371 579615 286505 522732 218563 436634 874818 483426 472848 224931 127758 343001 388027 398453 298814 672287 142948 372156 764268 324261 831472 351332 127405 601041 339001 788242 237245 132306 537149 557883 357737 75610.8 579967 514995 84095.2 289007 368456 138611 496971 489041 630229 381085 504251 830000 223707 870000 654144 311194 368989 
839174 764137 475395 347800 65000 543647 796786 549484 471190 507285 777769 572197 441082 605615 860759 147122 425466 104235 853696 1.02144e+06 901613 394098 680207 230497 463492 437800 887764 261817 524370 670329 302952 705457 644376 716800 353344 31780.5 514230 250928 495767 364803 672402 513165 609493 567008 300083 401882 678617 691365 142667 676772 297195 542038 425846 304385 196703 300468 904221 946607 422396 819054 507241 445067 160328 241350 811607 210440 535564 424213 454318 846463 785379 881055 726579 603858 656540 422896 773162 714190 605325 316183 744043 721535 445358 551218 646743 401648 573027 645446 389076 23086.8 56603.9 399232 162521 940324 864817 480951 950844 742893 440137 164000 
626671 133754 613022 632219 674754 139786 802556 613059 237200 1.04251e+06 136927 1.09499e+06 617978 1.03012e+06 603829 643351 723086 732446 201636 864974 713371 727270 138293 559937 410157 650130 932269 428616 203961 331308 613306 607705 750941 450131 613091 684300 679283 429298 723849 363418 535045 1.03036e+06 491009 114237 572177 366067 754528 117478 803971 605072 820337 254788 254395 509645 490306 785064 942501 320295 291894 635152 553390 843294 742701 863932 746867 758800 149616 612426 383193 266923 844152 251098 651878 809719 206903 416909 115412 899444 792370 364966 383192 633338 679650 175308 316362 754184 530000 508276 804671 695935 736804 301957 784358 866581 225400 937129 332122 243889 971830 775745 
556386 500564 261859 205292 332417 338565 573071 314917 213715 594246 516047 649111 242621 603511 571640 206671 310363 310221 589665 761804 627694 302002 408873 349206 165677 262612 686985 213002 257235 369915 447073 437453 446768 418922 191128 288998 326057 155618 343594 87046 390591 583959 323784 352602 131939 349057 471123 425353 385798 412769 370028 252771 230645 70256.7 209690 335394 702084 667776 158619 540626 254568 411958 304133 423835 564415 312046 335477 228484 153470 561770 582081 606867 467723 454301 370417 125000 518693 565242 445048 182784 443010 458088 287392 287446 346873 326535 301400 360457 365757 323223 349894 274066 351063 700037 594933 498036 669625 452866 522805 340414 
259946 634716 171677 303592 700316 634924 159201 100449 495368 599421 650495 619776 206620 484737 304508 502004 270474 594079 697093 378652 285063 305287 554193 760013 298520 216933 278632 625761 492196 370000 858539 120673 90802 285701 294735 621332 149091 569008 199424 436481 166739 572689 185335 632229 348673 745058 81584.3 579351 653649 96876.2 492709 424570 578731 365591 621264 449900 292576 706140 468334 228729 160031 371841 547710 618496 165846 513469 638719 223235 330151 601978 177609 677239 105991 189621 480577 320790 671075 238103 167610 583343 373729 114769 221822 512197 373020 320056 145674 179388 382378 669573 674846 654310 593567 293777 682988 461494 697665 504584 555793 580539 
543281 81786.3 557660 592225 686280 175251 726364 549742 216668 1.00893e+06 94244.4 1.05846e+06 566634 983358 519582 628924 676416 724754 170188 781072 629756 684229 54405.9 590425 357883 599835 855800 446171 169532 250380 653885 530637 683895 368246 572295 683860 621612 435784 669722 340649 458279 994694 418728 148852 538889 412478 684808 33015.1 798537 530024 793385 199123 267110 478754 503171 755450 865504 274467 270756 552635 493356 800465 728176 849038 667809 738783 186430 562971 334440 199612 770406 204883 574783 748969 126570 371656 92005.4 833725 730641 376910 299000 555980 629321 139313 237609 711406 462261 433029 765820 701372 739684 334001 772699 785183 184353 896895 283002 160078 939781 763063 
410235 773296 198595 282144 682807 736174 212763 183120 592030 461885 789560 473760 214086 330044 457587 476114 198346 548074 841758 472424 417164 232622 687285 777746 392562 198567 269602 665904 601002 515190 875134 279122 71693.8 441862 284345 592663 130969 608346 126905 505372 323303 433195 327844 738253 351411 805077 104120 712057 594133 256008 403887 541225 660049 392747 645827 367642 286245 859386 553984 377955 243502 251883 493016 535770 272738 449227 738017 228817 423232 752928 175328 826425 256743 34713.1 615731 400451 807676 109490 18384.8 638727 528242 269616 181395 625269 514079 234182 273715 330879 281460 642848 637373 723675 531501 361843 830030 326120 851742 650700 429000 519400 
351142 737143 198116 304803 709820 718171 159355 159615 575265 521145 753154 533802 222443 389606 398984 504255 236129 583600 802043 416829 357144 271936 653967 792939 374733 215808 236890 672180 579008 474650 891162 224154 17720 393314 303041 622832 139946 614499 159778 499168 274345 492666 287785 718136 367325 804463 44147.5 679003 634255 203494 451426 515330 650130 400649 657749 412826 253207 813548 541531 318779 225009 306589 530872 582495 213588 489699 720878 238891 406282 708865 134201 783684 198668 94641.4 581124 388506 772690 132853 74966.7 638995 481226 212558 206015 601479 475925 278095 239270 285771 331146 672715 670750 718960 571997 309974 788762 384760 805186 609852 486371 559516 
161012 582204 245153 379638 760424 620455 164049 168074 489612 698279 597117 718925 281824 582619 205412 570576 362609 668566 635831 311853 195474 396102 510009 800690 309006 299608 293552 656293 475613 315767 898220 32756.7 182800 212551 367315 688077 240751 601798 295264 455580 104043 671704 155801 613601 411779 759682 159226 535000 732296 40000 583014 403441 582289 415415 661211 539182 303691 631751 473001 130269 204883 469588 626390 705471 117992 596142 625838 296892 338179 532541 212603 609743 16278.8 286309 436056 340654 620355 317200 264473 605376 301682 15652.5 310026 490719 325006 413165 151327 131214 477066 734507 744387 664513 674051 253428 618590 560373 621824 444443 653517 660911 
1.07296e+06 792945 779620 675643 308935 540296 1.10069e+06 841929 567116 873275 800643 938254 752001 978227 1.07961e+06 496473 771360 476018 869830 1.28959e+06 1.1502e+06 745059 739952 182124 680018 760282 1.20868e+06 329515 615497 824711 83546.4 965454 963612 912527 673406 403854 834550 380596 832005 535374 912437 881917 844636 566973 607297 303389 992484 738318 491229 942068 669881 671146 470864 577361 321055 671161 1.22442e+06 986250 547878 1.06145e+06 784253 812525 533000 599521 1.09481e+06 582818 529132 735405 655986 913081 1.10355e+06 916241 997507 945472 754404 643597 783022 1.05886e+06 942453 392983 904080 987099 776170 628536 798727 758009 830292 880600 755950 361681 395297 386846 530250 1.23041e+06 892088 853572 996539 838643 809133 534026 
724407 540107 441192 359201 228116 309739 755499 497229 257329 678050 552667 739687 418169 728330 733771 243822 464247 303600 628466 938898 800250 446467 462455 173046 330080 433042 868680 39115.2 311580 495263 268213 614782 626752 570424 351070 243311 502260 30870.7 511383 188788 562296 675337 494518 333766 283521 198759 652458 470197 367793 591630 446561 348053 193941 238814 45276.9 426569 883915 728575 219545 711767 436867 541004 331857 446556 745356 364940 301359 402647 307508 634982 763614 660787 647244 624888 452010 293027 545338 737787 618013 82764.7 574138 636557 454139 334522 469588 466374 479827 530699 487231 248888 291084 167738 362498 881310 642290 610501 734594 540015 605743 357113 
785016 541912 521023 442143 253014 294959 831291 574167 283283 750915 552675 813548 499249 808418 790530 318148 547220 363142 627025 1.00572e+06 863669 529235 474017 131187 394872 515102 946717 46957.4 334791 537217 211540 683067 706355 623154 433803 294898 583316 104652 593879 248278 626718 749835 559072 321361 366351 125801 730973 477462 419649 661463 520899 384575 196041 320002 90138.8 503829 961736 734792 259124 774623 512191 622321 399164 508036 817110 436610 284886 484004 369131 649077 841887 665382 717510 707187 476428 360694 541089 819874 699938 103755 616695 705783 536646 352278 511220 548862 549979 594503 568008 287433 332357 133330 424005 953329 644368 689279 742618 563288 679117 420353 
