20 100 18
777 335 649 27 763 426 211 429 862 135 22 167 11 373 784 324 413 980 862 281 84 505 313 895 814 364 87 178 403 399 676 12 94 570 467 902 652 280 865 619 31 771 709 856 586 683 528 829 270 715 796 245 921 488 841 500 124 856 227 936 437 407 858 237 818 11 776 763 606 818 369 996 470 499 644 139 669 464 355 611 299 568 311 801 878 736 522 416 924 624 452 550 973 930 660 981 959 668 926 340 
90000 684000 376000 542000 936000 107000 445000 756000 179000 418000 887000 412000 348000 172000 659000 9000 336000 210000 
12 15 13 13 1 17 11 4 4 7 16 8 2 2 2 2 9 1 17 8 
7.09941 6.72423 3.49567 2.27798 1.79494 4.75896 6.73146 4.22235 3.78155 4.84373 6.87154 5.46452 3.16443 5.45485 7.32069 0.50636 3.17616 1.30177 7.62266 8.93302 7.72324 2.90689 5.83618 2.82177 3.39037 3.16834 7.69332 2.31821 4.28118 5.51725 3.74621 5.76238 5.24138 5.90953 2.30202 1.09895 3.93314 1.93871 3.81872 2.58936 5.43266 4.82474 4.80829 4.95904 1.72363 3.91004 5.56909 5.97773 2.05 5.47691 2.53492 4.33866 3.56519 1.75935 1.78362 2.37356 7.85604 8.46694 3.24902 6.89705 3.7822 3.65571 1.414 2.61138 6.84451 1.71026 4.69691 2.99429 3.33017 7.42437 6.65586 7.8385 5.97945 4.93834 5.50986 2.99015 6.86359 6.06565 4.92647 2.59332 6.22984 5.92567 3.28123 4.57089 5.29199 3.04171 4.43677 5.16612 3.09401 1.52434 1.70496 3.56753 1.79961 8.14593 7.70104 4.24058 8.49379 6.34858 4.12226 1.71828 
6.10816 4.66953 3.48323 2.92171 3.13844 2.7128 6.52056 3.96295 1.72409 6.64172 4.81203 7.21688 3.30841 6.86069 6.20059 2.47491 3.98005 3.37535 5.56821 8.27179 6.87221 3.87675 3.8097 2.86775 2.17002 3.51511 7.69275 1.35059 2.24876 3.86999 3.81189 5.037 5.31945 4.57389 2.79065 2.96933 4.13783 0.83006 4.32539 0.758947 4.4942 6.56385 3.81619 2.89519 2.16834 2.605 5.54563 3.93146 4.10742 4.81582 4.34578 2.46203 1.54693 1.58155 1.52765 4.04734 7.84031 6.47013 1.22723 5.98559 3.3317 4.94605 3.46586 4.67732 6.36965 3.65604 2.66222 3.17052 1.93794 5.46949 6.64892 5.81929 5.37552 5.42977 3.57897 1.81157 4.79038 6.53499 5.33368 0.941116 4.64991 5.26095 3.76336 2.52385 3.61757 4.113 3.69969 4.17612 4.45822 3.1918 3.54493 1.86132 3.88106 7.73179 5.66466 5.76567 6.51131 4.45063 5.91826 3.79411 
1.44475 6.60512 3.52264 4.86215 8.75685 7.26693 1.1738 2.76176 6.01041 7.63497 6.74214 7.75441 3.88346 6.27271 1.93794 6.8203 4.52991 7.76804 7.03077 1.96352 1.17201 4.88337 5.97814 9.19472 4.2662 4.0096 2.22946 7.75021 5.82507 4.01299 10.1706 1.38452 2.34798 2.85012 4.75943 8.00625 3.32826 7.20642 3.79269 5.73569 2.0573 7.3507 2.67978 7.17696 5.2509 8.75939 1.98295 6.22113 8.37558 1.58398 6.7537 5.09338 6.96208 5.32541 7.79976 6.33167 2.27741 6.80077 5.87986 1.17047 3.21174 5.4467 7.3155 8.02309 0.328024 6.97786 7.32823 4.04447 4.5511 5.91143 1.82455 6.69214 1.0265 3.36786 5.25476 4.59152 6.99779 3.26585 3.17345 7.23355 3.6711 1.14337 4.05998 5.94829 4.1564 5.01499 2.7013 2.37531 5.61649 8.47923 8.55637 7.79959 7.77736 1.38636 6.82136 6.26789 6.67881 5.18035 7.26912 7.64687 
3.38479 2.23511 5.31008 6.19487 8.45568 4.17757 5.7413 4.88035 3.78942 10.2868 2.31664 10.6621 5.55237 9.57427 3.00375 7.29583 6.70814 8.36059 2.37036 5.58628 4.1653 6.91274 2.15058 7.91768 3.8497 5.88401 6.9527 6.33998 3.26939 1.65529 8.69975 3.89659 5.88344 2.12144 5.99204 8.15873 5.77027 6.04015 6.3529 4.61112 3.31038 10.08 3.31724 3.94975 5.94792 6.45864 5.74808 2.28219 9.11454 4.03764 8.45687 2.86007 4.6993 5.50619 6.77366 8.01974 7.0112 2.1009 4.13586 3.58833 4.56213 7.99181 8.21035 9.33756 4.98515 8.15457 4.28339 5.59473 3.81602 1.19 6.31114 1.96431 4.28404 6.78852 1.86124 4.19955 2.61176 7.34415 6.57408 5.62161 1.24808 4.09693 6.14398 3.11965 1.84054 7.17016 3.92445 3.22416 7.81049 8.4618 8.76393 5.54355 8.70573 5.90448 2.12236 8.99105 2.0037 1.04809 9.67699 8.58735 
4.31393 1.80069 6.17518 6.97269 8.8927 4.16203 6.70773 5.79118 4.11024 11.1152 1.81571 11.5137 6.39515 10.4732 3.90565 7.90974 7.5559 8.95559 1.59731 6.43442 5.06222 7.73997 2.13883 8.17296 4.56581 6.73181 7.91154 6.64007 3.56742 2.45349 8.8828 4.86467 6.8377 3.08235 6.76737 8.68763 6.66888 6.41363 7.24311 5.10784 4.26804 10.9192 4.23232 3.90621 6.65706 6.52435 6.71059 2.16481 9.71136 5.00073 9.2061 3.33808 4.90251 6.1665 7.1355 8.77798 7.96684 1.13217 4.5412 4.53296 5.43104 8.84372 8.85624 10.0149 5.94462 8.8425 4.27329 6.42385 4.48116 0.462277 7.28006 1.08467 5.25336 7.72583 2.18509 4.8792 2.10155 8.30569 7.51322 5.92041 2.19693 5.06616 7.00118 3.35001 2.5807 8.00272 4.82996 4.16581 8.63114 8.95075 9.28298 5.6786 9.34243 6.82555 1.30384 9.8437 1.04307 1.32563 10.4865 9.22909 
7.32563 6.02764 4.14074 3.14025 1.69664 3.82341 7.3631 4.78006 3.11662 6.03858 6.16159 6.66251 3.8643 6.63001 7.47086 1.70658 4.15047 2.25411 6.92117 9.35975 8.03622 3.93126 5.20463 1.84174 3.40026 3.95828 8.43047 1.13635 3.65548 5.28765 2.82406 6.12119 5.98001 5.908 3.09743 1.67263 4.69297 0.890505 4.70032 2.16592 5.66768 6.02416 4.99985 4.05222 2.42671 2.71448 6.26907 5.30634 2.90663 5.86489 3.73451 3.90415 2.63837 2.1284 0.59 3.56721 8.588 7.8725 2.65731 7.16771 4.22916 4.7931 2.54578 3.68376 7.34932 2.89748 3.74606 3.699 3.23364 6.89348 7.37922 7.20878 6.40614 5.84062 5.01496 2.99923 6.11036 6.97657 5.79573 1.55567 6.05714 6.31956 4.13353 3.91349 5.03925 4.10444 4.75946 5.36656 4.24062 1.79388 2.18836 2.45839 2.84285 8.69416 7.03946 5.42775 7.92124 5.88939 5.31897 2.79029 
2.52771 7.88483 5.45674 6.78473 10.7109 8.94043 2.48974 4.70545 7.78165 9.17397 7.99978 9.19614 5.81234 7.62685 2.78686 8.76108 6.35784 9.6893 8.13607 0.233238 1.65849 6.71739 7.41243 11.1331 6.1591 5.91261 2.57303 9.66555 7.53023 5.51272 12.105 3.27947 4.05191 4.32484 6.69247 9.95073 5.1957 9.13085 5.59772 7.62969 3.86167 8.87614 4.52816 8.81827 7.20118 10.6015 3.66553 7.6377 10.2754 3.5171 8.56344 6.79915 8.76644 7.28045 9.73926 8.15893 2.48709 7.64006 7.71167 2.48697 5.16733 7.13278 9.21816 9.85926 2.0906 8.85757 9.01282 5.9766 6.42872 6.94622 2.96816 7.69921 2.97249 4.95101 6.73769 6.50416 8.28022 4.472 4.7931 9.12257 4.97112 3.0642 5.93249 7.61079 5.70646 6.81851 4.63249 4.18809 7.37902 10.4271 10.4938 9.62822 9.66795 1.04738 7.88155 7.85108 7.49096 6.46042 8.89899 9.53864 
8.52416 5.69022 5.97478 5.17731 2.83064 3.16057 9.06448 6.49887 3.35678 8.12316 5.7807 8.75825 5.75806 8.78014 8.55585 3.83881 6.22367 4.15843 6.49998 10.7633 9.32537 6.03484 5.10393 1.18191 4.66138 5.91531 10.2265 1.23483 3.83437 5.94358 1.64438 7.54936 7.82739 6.86442 5.09816 3.43351 6.59873 1.81177 6.70108 3.19 6.96724 8.12981 6.29382 3.43071 4.42233 0.935361 8.07094 5.10358 4.64665 7.34139 5.84829 4.40505 2.38757 3.96548 1.56051 5.70842 10.3759 7.63024 3.2034 8.43356 5.87429 6.93877 4.57739 5.60045 8.90498 4.98623 3.05105 5.60551 4.39141 6.8469 9.17911 6.93006 7.90302 7.83534 5.22403 4.33429 5.63028 8.96308 7.76414 1.698 6.73513 7.78083 6.12865 3.96561 5.68434 6.22448 6.23041 6.6429 6.38905 3.26087 3.71139 1.56416 4.77193 10.2673 6.70126 7.57413 7.72286 6.07067 7.4131 4.75096 
5.03086 7.58238 1.51344 1.55756 5.39268 6.72596 3.53566 1.9759 5.30212 3.5994 7.74878 3.89166 1.37753 2.81812 5.4464 3.33209 0.528394 3.98841 8.3636 6.08113 5.30224 0.834506 6.66197 6.47864 3.46655 1.05109 4.1999 5.52197 5.52001 5.23534 7.4328 3.57001 1.94805 4.81769 1.65979 4.46794 1.07331 4.96179 0.481041 4.22734 3.74339 3.35418 3.50407 6.79857 2.32019 7.01795 2.33418 6.8942 4.43717 3.2733 2.57002 5.05371 5.79615 2.86505 5.22732 2.18563 4.36634 8.74818 4.83426 4.72848 2.24931 1.27758 3.43001 3.88027 3.98453 2.98814 6.72287 1.42948 3.72156 7.64268 3.24261 8.31472 3.51332 1.27405 6.01041 3.39001 7.88242 2.37245 1.32306 5.37149 5.57883 3.57737 0.756108 5.79967 5.14995 0.840952 2.89007 3.68456 1.38611 4.96971 4.89041 6.30229 3.81085 5.04251 8.3 2.23707 8.7 6.54144 3.11194 3.68989 
8.39174 7.64137 4.75395 3.478 0.65 5.43647 7.96786 5.49484 4.7119 5.07285 7.77769 5.72197 4.41082 6.05615 8.60759 1.47122 4.25466 1.04235 8.53696 10.2144 9.01613 3.94098 6.80207 2.30497 4.63492 4.378 8.87764 2.61817 5.2437 6.70329 3.02952 7.05457 6.44376 7.168 3.53344 0.317805 5.1423 2.50928 4.95767 3.64803 6.72402 5.13165 6.09493 5.67008 3.00083 4.01882 6.78617 6.91365 1.42667 6.76772 2.97195 5.42038 4.25846 3.04385 1.96703 3.00468 9.04221 9.46607 4.22396 8.19054 5.07241 4.45067 1.60328 2.4135 8.11607 2.1044 5.35564 4.24213 4.54318 8.46463 7.85379 8.81055 7.26579 6.03858 6.5654 4.22896 7.73162 7.1419 6.05325 3.16183 7.44043 7.21535 4.45358 5.51218 6.46743 4.01648 5.73027 6.45446 3.89076 0.230868 0.566039 3.99232 1.62521 9.40324 8.64817 4.80951 9.50844 7.42893 4.40137 1.64 
6.26671 1.33754 6.13022 6.32219 6.74754 1.39786 8.02556 6.13059 2.372 10.4251 1.36927 10.9499 6.17978 10.3012 6.03829 6.43351 7.23086 7.32446 2.01636 8.64974 7.13371 7.2727 1.38293 5.59937 4.10157 6.5013 9.32269 4.28616 2.03961 3.31308 6.13306 6.07705 7.50941 4.50131 6.13091 6.843 6.79283 4.29298 7.23849 3.63418 5.35045 10.3036 4.91009 1.14237 5.72177 3.66067 7.54528 1.17478 8.03971 6.05072 8.20337 2.54788 2.54395 5.09645 4.90306 7.85064 9.42501 3.20295 2.91894 6.35152 5.5339 8.43294 7.42701 8.63932 7.46867 7.588 1.49616 6.12426 3.83193 2.66923 8.44152 2.51098 6.51878 8.09719 2.06903 4.16909 1.15412 8.99444 7.9237 3.64966 3.83192 6.33338 6.7965 1.75308 3.16362 7.54184 5.3 5.08276 8.04671 6.95935 7.36804 3.01957 7.84358 8.66581 2.254 9.37129 3.32122 2.43889 9.7183 7.75745 
5.56386 5.00564 2.61859 2.05292 3.32417 3.38565 5.73071 3.14917 2.13715 5.94246 5.16047 6.49111 2.42621 6.03511 5.7164 2.06671 3.10363 3.10221 5.89665 7.61804 6.27694 3.02002 4.08873 3.49206 1.65677 2.62612 6.86985 2.13002 2.57235 3.69915 4.47073 4.37453 4.46768 4.18922 1.91128 2.88998 3.26057 1.55618 3.43594 0.87046 3.90591 5.83959 3.23784 3.52602 1.31939 3.49057 4.71123 4.25353 3.85798 4.12769 3.70028 2.52771 2.30645 0.702567 2.0969 3.35394 7.02084 6.67776 1.58619 5.40626 2.54568 4.11958 3.04133 4.23835 5.64415 3.12046 3.35477 2.28484 1.5347 5.6177 5.82081 6.06867 4.67723 4.54301 3.70417 1.25 5.18693 5.65242 4.45048 1.82784 4.4301 4.58088 2.87392 2.87446 3.46873 3.26535 3.014 3.60457 3.65757 3.23223 3.49894 2.74066 3.51063 7.00037 5.94933 4.98036 6.69625 4.52866 5.22805 3.40414 
2.59946 6.34716 1.71677 3.03592 7.00316 6.34924 1.59201 1.00449 4.95368 5.99421 6.50495 6.19776 2.0662 4.84737 3.04508 5.02004 2.70474 5.94079 6.97093 3.78652 2.85063 3.05287 5.54193 7.60013 2.9852 2.16933 2.78632 6.25761 4.92196 3.7 8.58539 1.20673 0.90802 2.85701 2.94735 6.21332 1.49091 5.69008 1.99424 4.36481 1.66739 5.72689 1.85335 6.32229 3.48673 7.45058 0.815843 5.79351 6.53649 0.968762 4.92709 4.2457 5.78731 3.65591 6.21264 4.499 2.92576 7.0614 4.68334 2.28729 1.60031 3.71841 5.4771 6.18496 1.65846 5.13469 6.38719 2.23235 3.30151 6.01978 1.77609 6.77239 1.05991 1.89621 4.80577 3.2079 6.71075 2.38103 1.6761 5.83343 3.73729 1.14769 2.21822 5.12197 3.7302 3.20056 1.45674 1.79388 3.82378 6.69573 6.74846 6.5431 5.93567 2.93777 6.82988 4.61494 6.97665 5.04584 5.55793 5.80539 
5.43281 0.817863 5.5766 5.92225 6.8628 1.75251 7.26364 5.49742 2.16668 10.0893 0.942444 10.5846 5.66634 9.83358 5.19582 6.28924 6.76416 7.24754 1.70188 7.81072 6.29756 6.84229 0.544059 5.90425 3.57883 5.99835 8.558 4.46171 1.69532 2.5038 6.53885 5.30637 6.83895 3.68246 5.72295 6.8386 6.21612 4.35784 6.69722 3.40649 4.58279 9.94694 4.18728 1.48852 5.38889 4.12478 6.84808 0.330151 7.98537 5.30024 7.93385 1.99123 2.6711 4.78754 5.03171 7.5545 8.65504 2.74467 2.70756 5.52635 4.93356 8.00465 7.28176 8.49038 6.67809 7.38783 1.8643 5.62971 3.3444 1.99612 7.70406 2.04883 5.74783 7.48969 1.2657 3.71656 0.920054 8.33725 7.30641 3.7691 2.99 5.5598 6.29321 1.39313 2.37609 7.11406 4.62261 4.33029 7.6582 7.01372 7.39684 3.34001 7.72699 7.85183 1.84353 8.96895 2.83002 1.60078 9.39781 7.63063 
4.10235 7.73296 1.98595 2.82144 6.82807 7.36174 2.12763 1.8312 5.9203 4.61885 7.8956 4.7376 2.14086 3.30044 4.57587 4.76114 1.98346 5.48074 8.41758 4.72424 4.17164 2.32622 6.87285 7.77746 3.92562 1.98567 2.69602 6.65904 6.01002 5.1519 8.75134 2.79122 0.716938 4.41862 2.84345 5.92663 1.30969 6.08346 1.26905 5.05372 3.23303 4.33195 3.27844 7.38253 3.51411 8.05077 1.0412 7.12057 5.94133 2.56008 4.03887 5.41225 6.60049 3.92747 6.45827 3.67642 2.86245 8.59386 5.53984 3.77955 2.43502 2.51883 4.93016 5.3577 2.72738 4.49227 7.38017 2.28817 4.23232 7.52928 1.75328 8.26425 2.56743 0.347131 6.15731 4.00451 8.07676 1.0949 0.183848 6.38727 5.28242 2.69616 1.81395 6.25269 5.14079 2.34182 2.73715 3.30879 2.8146 6.42848 6.37373 7.23675 5.31501 3.61843 8.3003 3.2612 8.51742 6.507 4.29 5.194 
3.51142 7.37143 1.98116 3.04803 7.0982 7.18171 1.59355 1.59615 5.75265 5.21145 7.53154 5.33802 2.22443 3.89606 3.98984 5.04255 2.36129 5.836 8.02043 4.16829 3.57144 2.71936 6.53967 7.92939 3.74733 2.15808 2.3689 6.7218 5.79008 4.7465 8.91162 2.24154 0.1772 3.93314 3.03041 6.22832 1.39946 6.14499 1.59778 4.99168 2.74345 4.92666 2.87785 7.18136 3.67325 8.04463 0.441475 6.79003 6.34255 2.03494 4.51426 5.1533 6.5013 4.00649 6.57749 4.12826 2.53207 8.13548 5.41531 3.18779 2.25009 3.06589 5.30872 5.82495 2.13588 4.89699 7.20878 2.38891 4.06282 7.08865 1.34201 7.83684 1.98668 0.946414 5.81124 3.88506 7.7269 1.32853 0.749667 6.38995 4.81226 2.12558 2.06015 6.01479 4.75925 2.78095 2.3927 2.85771 3.31146 6.72715 6.7075 7.1896 5.71997 3.09974 7.88762 3.8476 8.05186 6.09852 4.86371 5.59516 
1.61012 5.82204 2.45153 3.79638 7.60424 6.20455 1.64049 1.68074 4.89612 6.98279 5.97117 7.18925 2.81824 5.82619 2.05412 5.70576 3.62609 6.68566 6.35831 3.11853 1.95474 3.96102 5.10009 8.0069 3.09006 2.99608 2.93552 6.56293 4.75613 3.15767 8.9822 0.327567 1.828 2.12551 3.67315 6.88077 2.40751 6.01798 2.95264 4.5558 1.04043 6.71704 1.55801 6.13601 4.11779 7.59682 1.59226 5.35 7.32296 0.4 5.83014 4.03441 5.82289 4.15415 6.61211 5.39182 3.03691 6.31751 4.73001 1.30269 2.04883 4.69588 6.2639 7.05471 1.17992 5.96142 6.25838 2.96892 3.38179 5.32541 2.12603 6.09743 0.162788 2.86309 4.36056 3.40654 6.20355 3.172 2.64473 6.05376 3.01682 0.156525 3.10026 4.90719 3.25006 4.13165 1.51327 1.31214 4.77066 7.34507 7.44387 6.64513 6.74051 2.53428 6.1859 5.60373 6.21824 4.44443 6.53517 6.60911 
10.7296 7.92945 7.7962 6.75643 3.08935 5.40296 11.0069 8.41929 5.67116 8.73275 8.00643 9.38254 7.52001 9.78227 10.7961 4.96473 7.7136 4.76018 8.6983 12.8959 11.502 7.45059 7.39952 1.82124 6.80018 7.60282 12.0868 3.29515 6.15497 8.24711 0.835464 9.65454 9.63612 9.12527 6.73406 4.03854 8.3455 3.80596 8.32005 5.35374 9.12437 8.81917 8.44636 5.66973 6.07297 3.03389 9.92484 7.38318 4.91229 9.42068 6.69881 6.71146 4.70864 5.77361 3.21055 6.71161 12.2442 9.8625 5.47878 10.6145 7.84253 8.12525 5.33 5.99521 10.9481 5.82818 5.29132 7.35405 6.55986 9.13081 11.0355 9.16241 9.97507 9.45472 7.54404 6.43597 7.83022 10.5886 9.42453 3.92983 9.0408 9.87099 7.7617 6.28536 7.98727 7.58009 8.30292 8.806 7.5595 3.61681 3.95297 3.86846 5.3025 12.3041 8.92088 8.53572 9.96539 8.38643 8.09133 5.34026 
7.24407 5.40107 4.41192 3.59201 2.28116 3.09739 7.55499 4.97229 2.57329 6.7805 5.52667 7.39687 4.18169 7.2833 7.33771 2.43822 4.64247 3.036 6.28466 9.38898 8.0025 4.46467 4.62455 1.73046 3.3008 4.33042 8.6868 0.391152 3.1158 4.95263 2.68213 6.14782 6.26752 5.70424 3.5107 2.43311 5.0226 0.308707 5.11383 1.88788 5.62296 6.75337 4.94518 3.33766 2.83521 1.98759 6.52458 4.70197 3.67793 5.9163 4.46561 3.48053 1.93941 2.38814 0.452769 4.26569 8.83915 7.28575 2.19545 7.11767 4.36867 5.41004 3.31857 4.46556 7.45356 3.6494 3.01359 4.02647 3.07508 6.34982 7.63614 6.60787 6.47244 6.24888 4.5201 2.93027 5.45338 7.37787 6.18013 0.827647 5.74138 6.36557 4.54139 3.34522 4.69588 4.66374 4.79827 5.30699 4.87231 2.48888 2.91084 1.67738 3.62498 8.8131 6.4229 6.10501 7.34594 5.40015 6.05743 3.57113 
7.85016 5.41912 5.21023 4.42143 2.53014 2.94959 8.31291 5.74167 2.83283 7.50915 5.52675 8.13548 4.99249 8.08418 7.9053 3.18148 5.4722 3.63142 6.27025 10.0572 8.63669 5.29235 4.74017 1.31187 3.94872 5.15102 9.46717 0.469574 3.34791 5.37217 2.1154 6.83067 7.06355 6.23154 4.33803 2.94898 5.83316 1.04652 5.93879 2.48278 6.26718 7.49835 5.59072 3.21361 3.66351 1.25801 7.30973 4.77462 4.19649 6.61463 5.20899 3.84575 1.96041 3.20002 0.901388 5.03829 9.61736 7.34792 2.59124 7.74623 5.12191 6.22321 3.99164 5.08036 8.1711 4.3661 2.84886 4.84004 3.69131 6.49077 8.41887 6.65382 7.1751 7.07187 4.76428 3.60694 5.41089 8.19874 6.99938 1.03755 6.16695 7.05783 5.36646 3.52278 5.1122 5.48862 5.49979 5.94503 5.68008 2.87433 3.32357 1.3333 4.24005 9.53329 6.44368 6.89279 7.42618 5.63288 6.79117 4.20353 
