20 100 18
777 335 649 27 763 426 211 429 862 135 22 167 11 373 784 324 413 980 862 281 84 505 313 895 814 364 87 178 403 399 676 12 94 570 467 902 652 280 865 619 31 771 709 856 586 683 528 829 270 715 796 245 921 488 841 500 124 856 227 936 437 407 858 237 818 11 776 763 606 818 369 996 470 499 644 139 669 464 355 611 299 568 311 801 878 736 522 416 924 624 452 550 973 930 660 981 959 668 926 340 
9000 68400 37600 54200 93600 10700 44500 75600 17900 41800 88700 41200 34800 17200 65900 900 33600 21000 
12 15 13 13 1 17 11 4 4 7 16 8 2 2 2 2 9 1 17 8 
709.941 672.423 349.567 227.798 179.494 475.896 673.146 422.235 378.155 484.373 687.154 546.452 316.443 545.485 732.069 50.636 317.616 130.177 762.266 893.302 772.324 290.689 583.618 282.177 339.037 316.834 769.332 231.821 428.118 551.725 374.621 576.238 524.138 590.953 230.202 109.895 393.314 193.871 381.872 258.936 543.266 482.474 480.829 495.904 172.363 391.004 556.909 597.773 205 547.691 253.492 433.866 356.519 175.935 178.362 237.356 785.604 846.694 324.902 689.705 378.22 365.571 141.4 261.138 684.451 171.026 469.691 299.429 333.017 742.437 665.586 783.85 597.945 493.834 550.986 299.015 686.359 606.565 492.647 259.332 622.984 592.567 328.123 457.089 529.199 304.171 443.677 516.612 309.401 152.434 170.496 356.753 179.961 814.593 770.104 424.058 849.379 634.858 412.226 171.828 
610.816 466.953 348.323 292.171 313.844 271.28 652.056 396.295 172.409 664.172 481.203 721.688 330.841 686.069 620.059 247.491 398.005 337.535 556.821 827.179 687.221 387.675 380.97 286.775 217.002 351.511 769.275 135.059 224.876 386.999 381.189 503.7 531.945 457.389 279.065 296.933 413.783 83.006 432.539 75.8947 449.42 656.385 381.619 289.519 216.834 260.5 554.563 393.146 410.742 481.582 434.578 246.203 154.693 158.155 152.765 404.734 784.031 647.013 122.723 598.559 333.17 494.605 346.586 467.732 636.965 365.604 266.222 317.052 193.794 546.949 664.892 581.929 537.552 542.977 357.897 181.157 479.038 653.499 533.368 94.1116 464.991 526.095 376.336 252.385 361.757 411.3 369.969 417.612 445.822 319.18 354.493 186.132 388.106 773.179 566.466 576.567 651.131 445.063 591.826 379.411 
144.475 660.512 352.264 486.215 875.685 726.693 117.38 276.176 601.041 763.497 674.214 775.441 388.346 627.271 193.794 682.03 452.991 776.804 703.077 196.352 117.201 488.337 597.814 919.472 426.62 400.96 222.946 775.021 582.507 401.299 1017.06 138.452 234.798 285.012 475.943 800.625 332.826 720.642 379.269 573.569 205.73 735.07 267.978 717.696 525.09 875.939 198.295 622.113 837.558 158.398 675.37 509.338 696.208 532.541 779.976 633.167 227.741 680.077 587.986 117.047 321.174 544.67 731.55 802.309 32.8024 697.786 732.823 404.447 455.11 591.143 182.455 669.214 102.65 336.786 525.476 459.152 699.779 326.585 317.345 723.355 367.11 114.337 405.998 594.829 415.64 501.499 270.13 237.531 561.649 847.923 855.637 779.959 777.736 138.636 682.136 626.789 667.881 518.035 726.912 764.687 
338.479 223.511 531.008 619.487 845.568 417.757 574.13 488.035 378.942 1028.68 231.664 1066.21 555.237 957.427 300.375 729.583 670.814 836.059 237.036 558.628 416.53 691.274 215.058 791.768 384.97 588.401 695.27 633.998 326.939 165.529 869.975 389.659 588.344 212.144 599.204 815.873 577.027 604.015 635.29 461.112 331.038 1008 331.724 394.975 594.792 645.864 574.808 228.219 911.454 403.764 845.687 286.007 469.93 550.619 677.366 801.974 701.12 210.09 413.586 358.833 456.213 799.181 821.035 933.756 498.515 815.457 428.339 559.473 381.602 119 631.114 196.431 428.404 678.852 186.124 419.955 261.176 734.415 657.408 562.161 124.808 409.693 614.398 311.965 184.054 717.016 392.445 322.416 781.049 846.18 876.393 554.355 870.573 590.448 212.236 899.105 200.37 104.809 967.699 858.735 
431.393 180.069 617.518 697.269 889.27 416.203 670.773 579.118 411.024 1111.52 181.571 1151.37 639.515 1047.32 390.565 790.974 755.59 895.559 159.731 643.442 506.222 773.997 213.883 817.296 456.581 673.181 791.154 664.007 356.742 245.349 888.28 486.467 683.77 308.235 676.737 868.763 666.888 641.363 724.311 510.784 426.804 1091.92 423.232 390.621 665.706 652.435 671.059 216.481 971.136 500.073 920.61 333.808 490.251 616.65 713.55 877.798 796.684 113.217 454.12 453.296 543.104 884.372 885.624 1001.49 594.462 884.25 427.329 642.385 448.116 46.2277 728.006 108.467 525.336 772.583 218.509 487.92 210.155 830.569 751.322 592.041 219.693 506.616 700.118 335.001 258.07 800.272 482.996 416.581 863.114 895.075 928.298 567.86 934.243 682.555 130.384 984.37 104.307 132.563 1048.65 922.909 
732.563 602.764 414.074 314.025 169.664 382.341 736.31 478.006 311.662 603.858 616.159 666.251 386.43 663.001 747.086 170.658 415.047 225.411 692.117 935.975 803.622 393.126 520.463 184.174 340.026 395.828 843.047 113.635 365.548 528.765 282.406 612.119 598.001 590.8 309.743 167.263 469.297 89.0505 470.032 216.592 566.768 602.416 499.985 405.222 242.671 271.448 626.907 530.634 290.663 586.489 373.451 390.415 263.837 212.84 59 356.721 858.8 787.25 265.731 716.771 422.916 479.31 254.578 368.376 734.932 289.748 374.606 369.9 323.364 689.348 737.922 720.878 640.614 584.062 501.496 299.923 611.036 697.657 579.573 155.567 605.714 631.956 413.353 391.349 503.925 410.444 475.946 536.656 424.062 179.388 218.836 245.839 284.285 869.416 703.946 542.775 792.124 588.939 531.897 279.029 
252.771 788.483 545.674 678.473 1071.09 894.043 248.974 470.545 778.165 917.397 799.978 919.614 581.234 762.685 278.686 876.108 635.784 968.93 813.607 23.3238 165.849 671.739 741.243 1113.31 615.91 591.261 257.303 966.555 753.023 551.272 1210.5 327.947 405.191 432.484 669.247 995.073 519.57 913.085 559.772 762.969 386.167 887.614 452.816 881.827 720.118 1060.15 366.553 763.77 1027.54 351.71 856.344 679.915 876.644 728.045 973.926 815.893 248.709 764.006 771.167 248.697 516.733 713.278 921.816 985.926 209.06 885.757 901.282 597.66 642.872 694.622 296.816 769.921 297.249 495.101 673.769 650.416 828.022 447.2 479.31 912.257 497.112 306.42 593.249 761.079 570.646 681.851 463.249 418.809 737.902 1042.71 1049.38 962.822 966.795 104.738 788.155 785.108 749.096 646.042 889.899 953.864 
852.416 569.022 597.478 517.731 283.064 316.057 906.448 649.887 335.678 812.316 578.07 875.825 575.806 878.014 855.585 383.881 622.367 415.843 649.998 1076.33 932.537 603.484 510.393 118.191 466.138 591.531 1022.65 123.483 383.437 594.358 164.438 754.936 782.739 686.442 509.816 343.351 659.873 181.177 670.108 319 696.724 812.981 629.382 343.071 442.233 93.5361 807.094 510.358 464.665 734.139 584.829 440.505 238.757 396.548 156.051 570.842 1037.59 763.024 320.34 843.356 587.429 693.877 457.739 560.045 890.498 498.623 305.105 560.551 439.141 684.69 917.911 693.006 790.302 783.534 522.403 433.429 563.028 896.308 776.414 169.8 673.513 778.083 612.865 396.561 568.434 622.448 623.041 664.29 638.905 326.087 371.139 156.416 477.193 1026.73 670.126 757.413 772.286 607.067 741.31 475.096 
503.086 758.238 151.344 155.756 539.268 672.596 353.566 197.59 530.212 359.94 774.878 389.166 137.753 281.812 544.64 333.209 52.8394 398.841 836.36 608.113 530.224 83.4506 666.197 647.864 346.655 105.109 419.99 552.197 552.001 523.534 743.28 357.001 194.805 481.769 165.979 446.794 107.331 496.179 48.1041 422.734 374.339 335.418 350.407 679.857 232.019 701.795 233.418 689.42 443.717 327.33 257.002 505.371 579.615 286.505 522.732 218.563 436.634 874.818 483.426 472.848 224.931 127.758 343.001 388.027 398.453 298.814 672.287 142.948 372.156 764.268 324.261 831.472 351.332 127.405 601.041 339.001 788.242 237.245 132.306 537.149 557.883 357.737 75.6108 579.967 514.995 84.0952 289.007 368.456 138.611 496.971 489.041 630.229 381.085 504.251 830 223.707 870 654.144 311.194 368.989 
839.174 764.137 475.395 347.8 65 543.647 796.786 549.484 471.19 507.285 777.769 572.197 441.082 605.615 860.759 147.122 425.466 104.235 853.696 1021.44 901.613 394.098 680.207 230.497 463.492 437.8 887.764 261.817 524.37 670.329 302.952 705.457 644.376 716.8 353.344 31.7805 514.23 250.928 495.767 364.803 672.402 513.165 609.493 567.008 300.083 401.882 678.617 691.365 142.667 676.772 297.195 542.038 425.846 304.385 196.703 300.468 904.221 946.607 422.396 819.054 507.241 445.067 160.328 241.35 811.607 210.44 535.564 424.213 454.318 846.463 785.379 881.055 726.579 603.858 656.54 422.896 773.162 714.19 605.325 316.183 744.043 721.535 445.358 551.218 646.743 401.648 573.027 645.446 389.076 23.0868 56.6039 399.232 162.521 940.324 864.817 480.951 950.844 742.893 440.137 164 
626.671 133.754 613.022 632.219 674.754 139.786 802.556 613.059 237.2 1042.51 136.927 1094.99 617.978 1030.12 603.829 643.351 723.086 732.446 201.636 864.974 713.371 727.27 138.293 559.937 410.157 650.13 932.269 428.616 203.961 331.308 613.306 607.705 750.941 450.131 613.091 684.3 679.283 429.298 723.849 363.418 535.045 1030.36 491.009 114.237 572.177 366.067 754.528 117.478 803.971 605.072 820.337 254.788 254.395 509.645 490.306 785.064 942.501 320.295 291.894 635.152 553.39 843.294 742.701 863.932 746.867 758.8 149.616 612.426 383.193 266.923 844.152 251.098 651.878 809.719 206.903 416.909 115.412 899.444 792.37 364.966 383.192 633.338 679.65 175.308 316.362 754.184 530 508.276 804.671 695.935 736.804 301.957 784.358 866.581 225.4 937.129 332.122 243.889 971.83 775.745 
556.386 500.564 261.859 205.292 332.417 338.565 573.071 314.917 213.715 594.246 516.047 649.111 242.621 603.511 571.64 206.671 310.363 310.221 589.665 761.804 627.694 302.002 408.873 349.206 165.677 262.612 686.985 213.002 257.235 369.915 447.073 437.453 446.768 418.922 191.128 288.998 326.057 155.618 343.594 87.046 390.591 583.959 323.784 352.602 131.939 349.057 471.123 425.353 385.798 412.769 370.028 252.771 230.645 70.2567 209.69 335.394 702.084 667.776 158.619 540.626 254.568 411.958 304.133 423.835 564.415 312.046 335.477 228.484 153.47 561.77 582.081 606.867 467.723 454.301 370.417 125 518.693 565.242 445.048 182.784 443.01 458.088 287.392 287.446 346.873 326.535 301.4 360.457 365.757 323.223 349.894 274.066 351.063 700.037 594.933 498.036 669.625 452.866 522.805 340.414 
259.946 634.716 171.677 303.592 700.316 634.924 159.201 100.449 495.368 599.421 650.495 619.776 206.62 484.737 304.508 502.004 270.474 594.079 697.093 378.652 285.063 305.287 554.193 760.013 298.52 216.933 278.632 625.761 492.196 370 858.539 120.673 90.802 285.701 294.735 621.332 149.091 569.008 199.424 436.481 166.739 572.689 185.335 632.229 348.673 745.058 81.5843 579.351 653.649 96.8762 492.709 424.57 578.731 365.591 621.264 449.9 292.576 706.14 468.334 228.729 160.031 371.841 547.71 618.496 165.846 513.469 638.719 223.235 330.151 601.978 177.609 677.239 105.991 189.621 480.577 320.79 671.075 238.103 167.61 583.343 373.729 114.769 221.822 512.197 373.02 320.056 145.674 179.388 382.378 669.573 674.846 654.31 593.567 293.777 682.988 461.494 697.665 504.584 555.793 580.539 
543.281 81.7863 557.66 592.225 686.28 175.251 726.364 549.742 216.668 1008.93 94.2444 1058.46 566.634 983.358 519.582 628.924 676.416 724.754 170.188 781.072 629.756 684.229 54.4059 590.425 357.883 599.835 855.8 446.171 169.532 250.38 653.885 530.637 683.895 368.246 572.295 683.86 621.612 435.784 669.722 340.649 458.279 994.694 418.728 148.852 538.889 412.478 684.808 33.0151 798.537 530.024 793.385 199.123 267.11 478.754 503.171 755.45 865.504 274.467 270.756 552.635 493.356 800.465 728.176 849.038 667.809 738.783 186.43 562.971 334.44 199.612 770.406 204.883 574.783 748.969 126.57 371.656 92.0054 833.725 730.641 376.91 299 555.98 629.321 139.313 237.609 711.406 462.261 433.029 765.82 701.372 739.684 334.001 772.699 785.183 184.353 896.895 283.002 160.078 939.781 763.063 
410.235 773.296 198.595 282.144 682.807 736.174 212.763 183.12 592.03 461.885 789.56 473.76 214.086 330.044 457.587 476.114 198.346 548.074 841.758 472.424 417.164 232.622 687.285 777.746 392.562 198.567 269.602 665.904 601.002 515.19 875.134 279.122 71.6938 441.862 284.345 592.663 130.969 608.346 126.905 505.372 323.303 433.195 327.844 738.253 351.411 805.077 104.12 712.057 594.133 256.008 403.887 541.225 660.049 392.747 645.827 367.642 286.245 859.386 553.984 377.955 243.502 251.883 493.016 535.77 272.738 449.227 738.017 228.817 423.232 752.928 175.328 826.425 256.743 34.7131 615.731 400.451 807.676 109.49 18.3848 638.727 528.242 269.616 181.395 625.269 514.079 234.182 273.715 330.879 281.46 642.848 637.373 723.675 531.501 361.843 830.03 326.12 851.742 650.7 429 519.4 
351.142 737.143 198.116 304.803 709.82 718.171 159.355 159.615 575.265 521.145 753.154 533.802 222.443 389.606 398.984 504.255 236.129 583.6 802.043 416.829 357.144 271.936 653.967 792.939 374.733 215.808 236.89 672.18 579.008 474.65 891.162 224.154 17.72 393.314 303.041 622.832 139.946 614.499 159.778 499.168 274.345 492.666 287.785 718.136 367.325 804.463 44.1475 679.003 634.255 203.494 451.426 515.33 650.13 400.649 657.749 412.826 253.207 813.548 541.531 318.779 225.009 306.589 530.872 582.495 213.588 489.699 720.878 238.891 406.282 708.865 134.201 783.684 198.668 94.6414 581.124 388.506 772.69 132.853 74.9667 638.995 481.226 212.558 206.015 601.479 475.925 278.095 239.27 285.771 331.146 672.715 670.75 718.96 571.997 309.974 788.762 384.76 805.186 609.852 486.371 559.516 
161.012 582.204 245.153 379.638 760.424 620.455 164.049 168.074 489.612 698.279 597.117 718.925 281.824 582.619 205.412 570.576 362.609 668.566 635.831 311.853 195.474 396.102 510.009 800.69 309.006 299.608 293.552 656.293 475.613 315.767 898.22 32.7567 182.8 212.551 367.315 688.077 240.751 601.798 295.264 455.58 104.043 671.704 155.801 613.601 411.779 759.682 159.226 535 732.296 40 583.014 403.441 582.289 415.415 661.211 539.182 303.691 631.751 473.001 130.269 204.883 469.588 626.39 705.471 117.992 596.142 625.838 296.892 338.179 532.541 212.603 609.743 16.2788 286.309 436.056 340.654 620.355 317.2 264.473 605.376 301.682 15.6525 310.026 490.719 325.006 413.165 151.327 131.214 477.066 734.507 744.387 664.513 674.051 253.428 618.59 560.373 621.824 444.443 653.517 660.911 
1072.96 792.945 779.62 675.643 308.935 540.296 1100.69 841.929 567.116 873.275 800.643 938.254 752.001 978.227 1079.61 496.473 771.36 476.018 869.83 1289.59 1150.2 745.059 739.952 182.124 680.018 760.282 1208.68 329.515 615.497 824.711 83.5464 965.454 963.612 912.527 673.406 403.854 834.55 380.596 832.005 535.374 912.437 881.917 844.636 566.973 607.297 303.389 992.484 738.318 491.229 942.068 669.881 671.146 470.864 577.361 321.055 671.161 1224.42 986.25 547.878 1061.45 784.253 812.525 533 599.521 1094.81 582.818 529.132 735.405 655.986 913.081 1103.55 916.241 997.507 945.472 754.404 643.597 783.022 1058.86 942.453 392.983 904.08 987.099 776.17 628.536 798.727 758.009 830.292 880.6 755.95 361.681 395.297 386.846 530.25 1230.41 892.088 853.572 996.539 838.643 809.133 534.026 
724.407 540.107 441.192 359.201 228.116 309.739 755.499 497.229 257.329 678.05 552.667 739.687 418.169 728.33 733.771 243.822 464.247 303.6 628.466 938.898 800.25 446.467 462.455 173.046 330.08 433.042 868.68 39.1152 311.58 495.263 268.213 614.782 626.752 570.424 351.07 243.311 502.26 30.8707 511.383 188.788 562.296 675.337 494.518 333.766 283.521 198.759 652.458 470.197 367.793 591.63 446.561 348.053 193.941 238.814 45.2769 426.569 883.915 728.575 219.545 711.767 436.867 541.004 331.857 446.556 745.356 364.94 301.359 402.647 307.508 634.982 763.614 660.787 647.244 624.888 452.01 293.027 545.338 737.787 618.013 82.7647 574.138 636.557 454.139 334.522 469.588 466.374 479.827 530.699 487.231 248.888 291.084 167.738 362.498 881.31 642.29 610.501 734.594 540.015 605.743 357.113 
785.016 541.912 521.023 442.143 253.014 294.959 831.291 574.167 283.283 750.915 552.675 813.548 499.249 808.418 790.53 318.148 547.22 363.142 627.025 1005.72 863.669 529.235 474.017 131.187 394.872 515.102 946.717 46.9574 334.791 537.217 211.54 683.067 706.355 623.154 433.803 294.898 583.316 104.652 593.879 248.278 626.718 749.835 559.072 321.361 366.351 125.801 730.973 477.462 419.649 661.463 520.899 384.575 196.041 320.002 90.1388 503.829 961.736 734.792 259.124 774.623 512.191 622.321 399.164 508.036 817.11 436.61 284.886 484.004 369.131 649.077 841.887 665.382 717.51 707.187 476.428 360.694 541.089 819.874 699.938 103.755 616.695 705.783 536.646 352.278 511.22 548.862 549.979 594.503 568.008 287.433 332.357 133.33 424.005 953.329 644.368 689.279 742.618 563.288 679.117 420.353 
