20 100 18
777 335 649 27 763 426 211 429 862 135 22 167 11 373 784 324 413 980 862 281 84 505 313 895 814 364 87 178 403 399 676 12 94 570 467 902 652 280 865 619 31 771 709 856 586 683 528 829 270 715 796 245 921 488 841 500 124 856 227 936 437 407 858 237 818 11 776 763 606 818 369 996 470 499 644 139 669 464 355 611 299 568 311 801 878 736 522 416 924 624 452 550 973 930 660 981 959 668 926 340 
90 684 376 542 936 107 445 756 179 418 887 412 348 172 659 9 336 210 
12 15 13 13 1 17 11 4 4 7 16 8 2 2 2 2 9 1 17 8 
70994.1 67242.3 34956.7 22779.8 17949.4 47589.6 67314.6 42223.5 37815.5 48437.3 68715.4 54645.2 31644.3 54548.5 73206.9 5063.6 31761.6 13017.7 76226.6 89330.2 77232.4 29068.9 58361.8 28217.7 33903.7 31683.4 76933.2 23182.1 42811.8 55172.5 37462.1 57623.8 52413.8 59095.3 23020.2 10989.5 39331.4 19387.1 38187.2 25893.6 54326.6 48247.4 48082.9 49590.4 17236.3 39100.4 55690.9 59777.3 20500 54769.1 25349.2 43386.6 35651.9 17593.5 17836.2 23735.6 78560.4 84669.4 32490.2 68970.5 37822 36557.1 14140 26113.8 68445.1 17102.6 46969.1 29942.9 33301.7 74243.7 66558.6 78385 59794.5 49383.4 55098.6 29901.5 68635.9 60656.5 49264.7 25933.2 62298.4 59256.7 32812.3 45708.9 52919.9 30417.1 44367.7 51661.2 30940.1 15243.4 17049.6 35675.3 17996.1 81459.3 77010.4 42405.8 84937.9 63485.8 41222.6 17182.8 
61081.6 46695.3 34832.3 29217.1 31384.4 27128 65205.6 39629.5 17240.9 66417.2 48120.3 72168.8 33084.1 68606.9 62005.9 24749.1 39800.5 33753.5 55682.1 82717.9 68722.1 38767.5 38097 28677.5 21700.2 35151.1 76927.5 13505.9 22487.6 38699.9 38118.9 50370 53194.5 45738.9 27906.5 29693.3 41378.3 8300.6 43253.9 7589.47 44942 65638.5 38161.9 28951.9 21683.4 26050 55456.3 39314.6 41074.2 48158.2 43457.8 24620.3 15469.3 15815.5 15276.5 40473.4 78403.1 64701.3 12272.3 59855.9 33317 49460.5 34658.6 46773.2 63696.5 36560.4 26622.2 31705.2 19379.4 54694.9 66489.2 58192.9 53755.2 54297.7 35789.7 18115.7 47903.8 65349.9 53336.8 9411.16 46499.1 52609.5 37633.6 25238.5 36175.7 41130 36996.9 41761.2 44582.2 31918 35449.3 18613.2 38810.6 77317.9 56646.6 57656.7 65113.1 44506.3 59182.6 37941.1 
14447.5 66051.2 35226.4 48621.5 87568.5 72669.3 11738 27617.6 60104.1 76349.7 67421.4 77544.1 38834.6 62727.1 19379.4 68203 45299.1 77680.4 70307.7 19635.2 11720.1 48833.7 59781.4 91947.2 42662 40096 22294.6 77502.1 58250.7 40129.9 101706 13845.2 23479.8 28501.2 47594.3 80062.5 33282.6 72064.2 37926.9 57356.9 20573 73507 26797.8 71769.6 52509 87593.9 19829.5 62211.3 83755.8 15839.8 67537 50933.8 69620.8 53254.1 77997.6 63316.7 22774.1 68007.7 58798.6 11704.7 32117.4 54467 73155 80230.9 3280.24 69778.6 73282.3 40444.7 45511 59114.3 18245.5 66921.4 10265 33678.6 52547.6 45915.2 69977.9 32658.5 31734.5 72335.5 36711 11433.7 40599.8 59482.9 41564 50149.9 27013 23753.1 56164.9 84792.3 85563.7 77995.9 77773.6 13863.6 68213.6 62678.9 66788.1 51803.5 72691.2 76468.7 
33847.9 22351.1 53100.8 61948.7 84556.8 41775.7 57413 48803.5 37894.2 102868 23166.4 106621 55523.7 95742.7 30037.5 72958.3 67081.4 83605.9 23703.6 55862.8 41653 69127.4 21505.8 79176.8 38497 58840.1 69527 63399.8 32693.9 16552.9 86997.5 38965.9 58834.4 21214.4 59920.4 81587.3 57702.7 60401.5 63529 46111.2 33103.8 100800 33172.4 39497.5 59479.2 64586.4 57480.8 22821.9 91145.4 40376.4 84568.7 28600.7 46993 55061.9 67736.6 80197.4 70112 21009 41358.6 35883.3 45621.3 79918.1 82103.5 93375.6 49851.5 81545.7 42833.9 55947.3 38160.2 11900 63111.4 19643.1 42840.4 67885.2 18612.4 41995.5 26117.6 73441.5 65740.8 56216.1 12480.8 40969.3 61439.8 31196.5 18405.4 71701.6 39244.5 32241.6 78104.9 84618 87639.3 55435.5 87057.3 59044.8 21223.6 89910.5 20037 10480.9 96769.9 85873.5 
43139.3 18006.9 61751.8 69726.9 88927 41620.3 67077.3 57911.8 41102.4 111152 18157.1 115137 63951.5 104732 39056.5 79097.4 75559 89555.9 15973.1 64344.2 50622.2 77399.7 21388.3 81729.6 45658.1 67318.1 79115.4 66400.7 35674.2 24534.9 88828 48646.7 68377 30823.5 67673.7 86876.3 66688.8 64136.3 72431.1 51078.4 42680.4 109192 42323.2 39062.1 66570.6 65243.5 67105.9 21648.1 97113.6 50007.3 92061 33380.8 49025.1 61665 71355 87779.8 79668.4 11321.7 45412 45329.6 54310.4 88437.2 88562.4 100149 59446.2 88425 42732.9 64238.5 44811.6 4622.77 72800.6 10846.7 52533.6 77258.3 21850.9 48792 21015.5 83056.9 75132.2 59204.1 21969.3 50661.6 70011.8 33500.1 25807 80027.2 48299.6 41658.1 86311.4 89507.5 92829.8 56786 93424.3 68255.5 13038.4 98437 10430.7 13256.3 104865 92290.9 
73256.3 60276.4 41407.4 31402.5 16966.4 38234.1 73631 47800.6 31166.2 60385.8 61615.9 66625.1 38643 66300.1 74708.6 17065.8 41504.7 22541.1 69211.7 93597.5 80362.2 39312.6 52046.3 18417.4 34002.6 39582.8 84304.7 11363.5 36554.8 52876.5 28240.6 61211.9 59800.1 59080 30974.3 16726.3 46929.7 8905.05 47003.2 21659.2 56676.8 60241.6 49998.5 40522.2 24267.1 27144.8 62690.7 53063.4 29066.3 58648.9 37345.1 39041.5 26383.7 21284 5900 35672.1 85880 78725 26573.1 71677.1 42291.6 47931 25457.8 36837.6 73493.2 28974.8 37460.6 36990 32336.4 68934.8 73792.2 72087.8 64061.4 58406.2 50149.6 29992.3 61103.6 69765.7 57957.3 15556.7 60571.4 63195.6 41335.3 39134.9 50392.5 41044.4 47594.6 53665.6 42406.2 17938.8 21883.6 24583.9 28428.5 86941.6 70394.6 54277.5 79212.4 58893.9 53189.7 27902.9 
25277.1 78848.3 54567.4 67847.3 107109 89404.3 24897.4 47054.5 77816.5 91739.7 79997.8 91961.4 58123.4 76268.5 27868.6 87610.8 63578.4 96893 81360.7 2332.38 16584.9 67173.9 74124.3 111331 61591 59126.1 25730.3 96655.5 75302.3 55127.2 121050 32794.7 40519.1 43248.4 66924.7 99507.3 51957 91308.5 55977.2 76296.9 38616.7 88761.4 45281.6 88182.7 72011.8 106015 36655.3 76377 102754 35171 85634.4 67991.5 87664.4 72804.5 97392.6 81589.3 24870.9 76400.6 77116.7 24869.7 51673.3 71327.8 92181.6 98592.6 20906 88575.7 90128.2 59766 64287.2 69462.2 29681.6 76992.1 29724.9 49510.1 67376.9 65041.6 82802.2 44720 47931 91225.7 49711.2 30642 59324.9 76107.9 57064.6 68185.1 46324.9 41880.9 73790.2 104271 104938 96282.2 96679.5 10473.8 78815.5 78510.8 74909.6 64604.2 88989.9 95386.4 
85241.6 56902.2 59747.8 51773.1 28306.4 31605.7 90644.8 64988.7 33567.8 81231.6 57807 87582.5 57580.6 87801.4 85558.5 38388.1 62236.7 41584.3 64999.8 107633 93253.7 60348.4 51039.3 11819.1 46613.8 59153.1 102265 12348.3 38343.7 59435.8 16443.8 75493.6 78273.9 68644.2 50981.6 34335.1 65987.3 18117.7 67010.8 31900 69672.4 81298.1 62938.2 34307.1 44223.3 9353.61 80709.4 51035.8 46466.5 73413.9 58482.9 44050.5 23875.7 39654.8 15605.1 57084.2 103759 76302.4 32034 84335.6 58742.9 69387.7 45773.9 56004.5 89049.8 49862.3 30510.5 56055.1 43914.1 68469 91791.1 69300.6 79030.2 78353.4 52240.3 43342.9 56302.8 89630.8 77641.4 16980 67351.3 77808.3 61286.5 39656.1 56843.4 62244.8 62304.1 66429 63890.5 32608.7 37113.9 15641.6 47719.3 102673 67012.6 75741.3 77228.6 60706.7 74131 47509.6 
50308.6 75823.8 15134.4 15575.6 53926.8 67259.6 35356.6 19759 53021.2 35994 77487.8 38916.6 13775.3 28181.2 54464 33320.9 5283.94 39884.1 83636 60811.3 53022.4 8345.06 66619.7 64786.4 34665.5 10510.9 41999 55219.7 55200.1 52353.4 74328 35700.1 19480.5 48176.9 16597.9 44679.4 10733.1 49617.9 4810.41 42273.4 37433.9 33541.8 35040.7 67985.7 23201.9 70179.5 23341.8 68942 44371.7 32733 25700.2 50537.1 57961.5 28650.5 52273.2 21856.3 43663.4 87481.8 48342.6 47284.8 22493.1 12775.8 34300.1 38802.7 39845.3 29881.4 67228.7 14294.8 37215.6 76426.8 32426.1 83147.2 35133.2 12740.5 60104.1 33900.1 78824.2 23724.5 13230.6 53714.9 55788.3 35773.7 7561.08 57996.7 51499.5 8409.52 28900.7 36845.6 13861.1 49697.1 48904.1 63022.9 38108.5 50425.1 83000 22370.7 87000 65414.4 31119.4 36898.9 
83917.4 76413.7 47539.5 34780 6500 54364.7 79678.6 54948.4 47119 50728.5 77776.9 57219.7 44108.2 60561.5 86075.9 14712.2 42546.6 10423.5 85369.6 102144 90161.3 39409.8 68020.7 23049.7 46349.2 43780 88776.4 26181.7 52437 67032.9 30295.2 70545.7 64437.6 71680 35334.4 3178.05 51423 25092.8 49576.7 36480.3 67240.2 51316.5 60949.3 56700.8 30008.3 40188.2 67861.7 69136.5 14266.7 67677.2 29719.5 54203.8 42584.6 30438.5 19670.3 30046.8 90422.1 94660.7 42239.6 81905.4 50724.1 44506.7 16032.8 24135 81160.7 21044 53556.4 42421.3 45431.8 84646.3 78537.9 88105.5 72657.9 60385.8 65654 42289.6 77316.2 71419 60532.5 31618.3 74404.3 72153.5 44535.8 55121.8 64674.3 40164.8 57302.7 64544.6 38907.6 2308.68 5660.39 39923.2 16252.1 94032.4 86481.7 48095.1 95084.4 74289.3 44013.7 16400 
62667.1 13375.4 61302.2 63221.9 67475.4 13978.6 80255.6 61305.9 23720 104251 13692.7 109499 61797.8 103012 60382.9 64335.1 72308.6 73244.6 20163.6 86497.4 71337.1 72727 13829.3 55993.7 41015.7 65013 93226.9 42861.6 20396.1 33130.8 61330.6 60770.5 75094.1 45013.1 61309.1 68430 67928.3 42929.8 72384.9 36341.8 53504.5 103036 49100.9 11423.7 57217.7 36606.7 75452.8 11747.8 80397.1 60507.2 82033.7 25478.8 25439.5 50964.5 49030.6 78506.4 94250.1 32029.5 29189.4 63515.2 55339 84329.4 74270.1 86393.2 74686.7 75880 14961.6 61242.6 38319.3 26692.3 84415.2 25109.8 65187.8 80971.9 20690.3 41690.9 11541.2 89944.4 79237 36496.6 38319.2 63333.8 67965 17530.8 31636.2 75418.4 53000 50827.6 80467.1 69593.5 73680.4 30195.7 78435.8 86658.1 22540 93712.9 33212.2 24388.9 97183 77574.5 
55638.6 50056.4 26185.9 20529.2 33241.7 33856.5 57307.1 31491.7 21371.5 59424.6 51604.7 64911.1 24262.1 60351.1 57164 20667.1 31036.3 31022.1 58966.5 76180.4 62769.4 30200.2 40887.3 34920.6 16567.7 26261.2 68698.5 21300.2 25723.5 36991.5 44707.3 43745.3 44676.8 41892.2 19112.8 28899.8 32605.7 15561.8 34359.4 8704.6 39059.1 58395.9 32378.4 35260.2 13193.9 34905.7 47112.3 42535.3 38579.8 41276.9 37002.8 25277.1 23064.5 7025.67 20969 33539.4 70208.4 66777.6 15861.9 54062.6 25456.8 41195.8 30413.3 42383.5 56441.5 31204.6 33547.7 22848.4 15347 56177 58208.1 60686.7 46772.3 45430.1 37041.7 12500 51869.3 56524.2 44504.8 18278.4 44301 45808.8 28739.2 28744.6 34687.3 32653.5 30140 36045.7 36575.7 32322.3 34989.4 27406.6 35106.3 70003.7 59493.3 49803.6 66962.5 45286.6 52280.5 34041.4 
25994.6 63471.6 17167.7 30359.2 70031.6 63492.4 15920.1 10044.9 49536.8 59942.1 65049.5 61977.6 20662 48473.7 30450.8 50200.4 27047.4 59407.9 69709.3 37865.2 28506.3 30528.7 55419.3 76001.3 29852 21693.3 27863.2 62576.1 49219.6 37000 85853.9 12067.3 9080.2 28570.1 29473.5 62133.2 14909.1 56900.8 19942.4 43648.1 16673.9 57268.9 18533.5 63222.9 34867.3 74505.8 8158.43 57935.1 65364.9 9687.62 49270.9 42457 57873.1 36559.1 62126.4 44990 29257.6 70614 46833.4 22872.9 16003.1 37184.1 54771 61849.6 16584.6 51346.9 63871.9 22323.5 33015.1 60197.8 17760.9 67723.9 10599.1 18962.1 48057.7 32079 67107.5 23810.3 16761 58334.3 37372.9 11476.9 22182.2 51219.7 37302 32005.6 14567.4 17938.8 38237.8 66957.3 67484.6 65431 59356.7 29377.7 68298.8 46149.4 69766.5 50458.4 55579.3 58053.9 
54328.1 8178.63 55766 59222.5 68628 17525.1 72636.4 54974.2 21666.8 100893 9424.44 105846 56663.4 98335.8 51958.2 62892.4 67641.6 72475.4 17018.8 78107.2 62975.6 68422.9 5440.59 59042.5 35788.3 59983.5 85580 44617.1 16953.2 25038 65388.5 53063.7 68389.5 36824.6 57229.5 68386 62161.2 43578.4 66972.2 34064.9 45827.9 99469.4 41872.8 14885.2 53888.9 41247.8 68480.8 3301.51 79853.7 53002.4 79338.5 19912.3 26711 47875.4 50317.1 75545 86550.4 27446.7 27075.6 55263.5 49335.6 80046.5 72817.6 84903.8 66780.9 73878.3 18643 56297.1 33444 19961.2 77040.6 20488.3 57478.3 74896.9 12657 37165.6 9200.54 83372.5 73064.1 37691 29900 55598 62932.1 13931.3 23760.9 71140.6 46226.1 43302.9 76582 70137.2 73968.4 33400.1 77269.9 78518.3 18435.3 89689.5 28300.2 16007.8 93978.1 76306.3 
41023.5 77329.6 19859.5 28214.4 68280.7 73617.4 21276.3 18312 59203 46188.5 78956 47376 21408.6 33004.4 45758.7 47611.4 19834.6 54807.4 84175.8 47242.4 41716.4 23262.2 68728.5 77774.6 39256.2 19856.7 26960.2 66590.4 60100.2 51519 87513.4 27912.2 7169.38 44186.2 28434.5 59266.3 13096.9 60834.6 12690.5 50537.2 32330.3 43319.5 32784.4 73825.3 35141.1 80507.7 10412 71205.7 59413.3 25600.8 40388.7 54122.5 66004.9 39274.7 64582.7 36764.2 28624.5 85938.6 55398.4 37795.5 24350.2 25188.3 49301.6 53577 27273.8 44922.7 73801.7 22881.7 42323.2 75292.8 17532.8 82642.5 25674.3 3471.31 61573.1 40045.1 80767.6 10949 1838.48 63872.7 52824.2 26961.6 18139.5 62526.9 51407.9 23418.2 27371.5 33087.9 28146 64284.8 63737.3 72367.5 53150.1 36184.3 83003 32612 85174.2 65070 42900 51940 
35114.2 73714.3 19811.6 30480.3 70982 71817.1 15935.5 15961.5 57526.5 52114.5 75315.4 53380.2 22244.3 38960.6 39898.4 50425.5 23612.9 58360 80204.3 41682.9 35714.4 27193.6 65396.7 79293.9 37473.3 21580.8 23689 67218 57900.8 47465 89116.2 22415.4 1772 39331.4 30304.1 62283.2 13994.6 61449.9 15977.8 49916.8 27434.5 49266.6 28778.5 71813.6 36732.5 80446.3 4414.75 67900.3 63425.5 20349.4 45142.6 51533 65013 40064.9 65774.9 41282.6 25320.7 81354.8 54153.1 31877.9 22500.9 30658.9 53087.2 58249.5 21358.8 48969.9 72087.8 23889.1 40628.2 70886.5 13420.1 78368.4 19866.8 9464.14 58112.4 38850.6 77269 13285.3 7496.67 63899.5 48122.6 21255.8 20601.5 60147.9 47592.5 27809.5 23927 28577.1 33114.6 67271.5 67075 71896 57199.7 30997.4 78876.2 38476 80518.6 60985.2 48637.1 55951.6 
16101.2 58220.4 24515.3 37963.8 76042.4 62045.5 16404.9 16807.4 48961.2 69827.9 59711.7 71892.5 28182.4 58261.9 20541.2 57057.6 36260.9 66856.6 63583.1 31185.3 19547.4 39610.2 51000.9 80069 30900.6 29960.8 29355.2 65629.3 47561.3 31576.7 89822 3275.67 18280 21255.1 36731.5 68807.7 24075.1 60179.8 29526.4 45558 10404.3 67170.4 15580.1 61360.1 41177.9 75968.2 15922.6 53500 73229.6 4000 58301.4 40344.1 58228.9 41541.5 66121.1 53918.2 30369.1 63175.1 47300.1 13026.9 20488.3 46958.8 62639 70547.1 11799.2 59614.2 62583.8 29689.2 33817.9 53254.1 21260.3 60974.3 1627.88 28630.9 43605.6 34065.4 62035.5 31720 26447.3 60537.6 30168.2 1565.25 31002.6 49071.9 32500.6 41316.5 15132.7 13121.4 47706.6 73450.7 74438.7 66451.3 67405.1 25342.8 61859 56037.3 62182.4 44444.3 65351.7 66091.1 
107296 79294.5 77962 67564.3 30893.5 54029.6 110069 84192.9 56711.6 87327.5 80064.3 93825.4 75200.1 97822.7 107961 49647.3 77136 47601.8 86983 128959 115020 74505.9 73995.2 18212.4 68001.8 76028.2 120868 32951.5 61549.7 82471.1 8354.64 96545.4 96361.2 91252.7 67340.6 40385.4 83455 38059.6 83200.5 53537.4 91243.7 88191.7 84463.6 56697.3 60729.7 30338.9 99248.4 73831.8 49122.9 94206.8 66988.1 67114.6 47086.4 57736.1 32105.5 67116.1 122442 98625 54787.8 106145 78425.3 81252.5 53300 59952.1 109481 58281.8 52913.2 73540.5 65598.6 91308.1 110355 91624.1 99750.7 94547.2 75440.4 64359.7 78302.2 105886 94245.3 39298.3 90408 98709.9 77617 62853.6 79872.7 75800.9 83029.2 88060 75595 36168.1 39529.7 38684.6 53025 123041 89208.8 85357.2 99653.9 83864.3 80913.3 53402.6 
72440.7 54010.7 44119.2 35920.1 22811.6 30973.9 75549.9 49722.9 25732.9 67805 55266.7 73968.7 41816.9 72833 73377.1 24382.2 46424.7 30360 62846.6 93889.8 80025 44646.7 46245.5 17304.6 33008 43304.2 86868 3911.52 31158 49526.3 26821.3 61478.2 62675.2 57042.4 35107 24331.1 50226 3087.07 51138.3 18878.8 56229.6 67533.7 49451.8 33376.6 28352.1 19875.9 65245.8 47019.7 36779.3 59163 44656.1 34805.3 19394.1 23881.4 4527.69 42656.9 88391.5 72857.5 21954.5 71176.7 43686.7 54100.4 33185.7 44655.6 74535.6 36494 30135.9 40264.7 30750.8 63498.2 76361.4 66078.7 64724.4 62488.8 45201 29302.7 54533.8 73778.7 61801.3 8276.47 57413.8 63655.7 45413.9 33452.2 46958.8 46637.4 47982.7 53069.9 48723.1 24888.8 29108.4 16773.8 36249.8 88131 64229 61050.1 73459.4 54001.5 60574.3 35711.3 
78501.6 54191.2 52102.3 44214.3 25301.4 29495.9 83129.1 57416.7 28328.3 75091.5 55267.5 81354.8 49924.9 80841.8 79053 31814.8 54722 36314.2 62702.5 100572 86366.9 52923.5 47401.7 13118.7 39487.2 51510.2 94671.7 4695.74 33479.1 53721.7 21154 68306.7 70635.5 62315.4 43380.3 29489.8 58331.6 10465.2 59387.9 24827.8 62671.8 74983.5 55907.2 32136.1 36635.1 12580.1 73097.3 47746.2 41964.9 66146.3 52089.9 38457.5 19604.1 32000.2 9013.88 50382.9 96173.6 73479.2 25912.4 77462.3 51219.1 62232.1 39916.4 50803.6 81711 43661 28488.6 48400.4 36913.1 64907.7 84188.7 66538.2 71751 70718.7 47642.8 36069.4 54108.9 81987.4 69993.8 10375.5 61669.5 70578.3 53664.6 35227.8 51122 54886.2 54997.9 59450.3 56800.8 28743.3 33235.7 13333 42400.5 95332.9 64436.8 68927.9 74261.8 56328.8 67911.7 42035.3 
