1000 5 25
777 335 649 27 763 
9260 5400 4260 1720 7360 2110 3680 5670 4290 7820 5300 8620 1230 670 1350 9290 8020 220 580 690 1670 3930 4560 110 420 
4 19 23 20 16 23 21 0 11 4 24 20 9 0 1 9 4 10 14 11 20 3 22 17 1 16 19 4 22 0 17 3 6 24 7 19 8 24 18 1 4 3 18 14 12 16 9 1 0 21 4 18 18 4 18 13 4 13 17 18 15 0 5 11 17 7 23 3 21 22 5 5 20 1 8 8 12 11 4 21 6 19 24 21 13 20 9 9 11 6 12 22 11 12 13 5 21 11 5 0 20 19 5 22 0 24 23 15 9 11 19 19 0 17 18 17 11 9 2 21 3 8 11 23 8 4 18 21 24 8 3 0 0 4 14 4 0 2 24 2 0 13 10 17 4 14 18 0 24 13 18 15 16 7 10 11 15 17 15 7 5 11 1 2 21 20 6 2 14 15 10 24 20 13 20 17 24 9 20 8 14 3 21 9 0 8 18 24 19 19 6 15 7 7 22 21 4 0 16 14 13 21 12 10 1 9 24 0 18 24 5 0 14 18 22 5 1 3 14 2 13 7 21 16 23 16 17 5 5 11 14 1 18 6 24 1 21 10 20 17 4 9 9 22 13 5 9 24 7 18 15 12 16 24 4 7 21 18 3 9 22 8 16 15 14 10 9 3 6 14 22 6 6 4 0 7 6 8 12 0 17 7 6 8 12 1 9 7 13 11 10 8 16 0 0 10 12 21 13 20 8 0 2 21 10 23 18 1 6 24 2 10 9 5 4 18 5 20 22 2 18 9 10 11 16 0 24 23 1 13 12 3 12 16 15 17 1 6 14 4 4 13 20 10 15 11 19 21 14 23 23 13 24 18 10 11 2 6 23 4 17 19 19 1 8 6 16 12 2 2 18 2 23 0 21 3 5 23 4 10 19 2 1 15 13 6 5 16 21 21 20 13 19 10 8 4 24 14 11 15 11 12 23 17 24 13 12 4 9 10 19 2 14 10 7 16 22 4 3 20 24 11 23 6 17 20 19 12 17 17 6 20 21 9 2 0 16 16 0 8 24 18 17 13 14 6 4 8 20 22 8 2 21 8 0 14 21 19 19 17 4 10 7 20 9 0 21 13 23 23 1 4 2 16 9 19 3 19 23 14 13 5 18 23 5 16 22 16 22 11 2 22 10 23 11 3 3 8 6 22 8 13 16 0 5 16 2 15 3 13 12 13 22 7 20 15 9 3 11 9 9 15 24 1 18 11 10 20 24 8 20 16 15 7 18 5 13 19 13 23 18 8 10 19 22 11 7 14 14 18 8 22 24 15 24 15 4 22 18 16 3 20 12 21 5 3 2 13 8 23 11 13 18 10 9 12 7 4 17 9 4 9 23 21 24 5 5 3 0 12 9 19 11 1 12 21 13 11 8 10 19 21 5 15 15 13 0 7 17 22 3 20 5 8 0 10 15 22 11 5 20 13 5 10 5 2 22 7 17 11 24 6 23 7 1 20 5 7 11 9 24 11 17 23 11 10 5 14 8 0 24 2 19 8 6 16 20 11 2 10 21 12 15 24 2 1 15 1 20 6 20 13 24 19 2 7 2 15 10 22 3 3 1 15 9 9 13 14 0 1 3 4 19 11 7 9 20 7 17 1 13 2 8 4 9 1 18 10 18 3 13 1 24 6 14 11 4 8 14 24 13 9 20 16 6 1 10 5 20 21 13 8 11 5 19 16 22 6 4 9 1 18 11 6 9 10 22 24 0 19 5 21 3 21 19 2 23 19 22 0 7 4 0 4 1 10 23 12 10 19 0 6 3 8 23 11 7 11 19 12 10 16 7 8 19 10 8 12 17 20 0 12 14 4 14 19 10 6 24 1 4 11 4 14 22 5 24 14 9 7 18 6 11 17 8 3 17 5 6 13 2 20 6 2 10 24 13 13 4 16 0 9 10 6 13 4 10 7 11 4 21 7 18 19 1 0 19 2 5 6 20 6 3 23 18 22 14 9 20 5 4 17 6 8 3 7 1 21 1 1 3 1 4 8 8 5 1 17 5 24 3 12 13 8 21 24 14 6 15 10 21 5 8 8 16 12 3 17 2 11 18 3 16 16 11 10 20 16 17 6 3 17 9 18 4 13 19 11 1 0 21 11 2 2 21 0 3 7 10 12 2 24 4 14 17 2 4 21 19 17 21 12 4 10 24 2 6 9 21 19 7 8 8 11 18 2 16 8 19 5 7 2 18 7 10 19 11 18 10 12 12 13 24 24 4 10 23 24 20 13 18 0 11 17 1 9 20 1 10 17 3 2 14 13 3 20 12 15 22 22 
46510.8 65738 7218.03 7605.92 48117.9 
53160.3 28757.1 40053.6 40298.1 48715.5 
57404 76010.9 18754.5 10778.7 44664.5 
36124.8 56858.9 4341.66 16419.5 54297.1 
60109 17548.2 75374.5 81567 94271.4 
86145.1 62525 57468.3 48098.3 20470.7 
58988.6 80006.2 21446.2 15115.9 47728.1 
63394.2 95274.2 34413.5 33881.3 66261.6 
12839 41341.1 37346.6 49123.5 80845.2 
7576.94 60539.2 37222.8 50664.5 88257.2 
59544.9 21194.6 51689.6 52256.7 56174.2 
67462.7 43780.9 44588 39303.2 33202.4 
84321.4 93064.5 44953.9 32405.2 32639.2 
30610.5 82813.6 43503.7 55720 96156.6 
22722 73701.7 36177.3 49043.3 89083.4 
23585 53132.7 15990.6 28956 65790 
4870.32 53439.4 44019.2 57042.4 92022.3 
59512.4 48759.2 31539.8 25507.1 30931.7 
75712.7 106625 45894.7 43101.9 69826.4 
45158.6 85939.3 29575.8 37183.1 76525.6 
48915.5 49790.2 19292.5 16548.4 39373.2 
29712.1 48740.9 13580.1 24338.7 58608.3 
77014.4 47617.7 54486.8 48310 33392.8 
29876.6 26559 37476.9 45672.4 69803.5 
60877.7 81257.2 23167.2 16017.8 46864.6 
52070.4 11539.5 51792.9 55142.1 65385.4 
50459.1 46067.9 23873.2 21281 38755.9 
84573.3 111285 51638.2 46057 66154.7 
56086.5 34362.8 38515.7 36967.7 42970.3 
32856.8 24574.8 54180.6 63416.8 86820.8 
61241.3 30182.3 47002.7 45546.7 46840.2 
21783 37124.8 51354.6 62516.7 91195 
73136.1 61911.2 40340.8 29848.5 16015.3 
14577.4 39478.2 40472.8 52012.5 82800.2 
58788.2 30248.3 44313.7 43167.7 46524.9 
53018.2 77243.1 16980 15111.9 52142.2 
63901.5 49518.6 36241.6 29482.2 28211 
44400.2 13806.2 47059.6 52052.5 67240.8 
14368 67209.3 38104.7 51500.7 90409.8 
63166.8 23807.6 53869.7 53595.6 54715.4 
16096.3 42798.4 29049.6 40754.5 73336.8 
70502.5 44913.8 47664.3 42017.1 32784.4 
85999.6 86504.7 47197.5 33738 19163.8 
26050.9 80020.1 49671.7 62682.8 102537 
49414.4 7733.69 53282.4 57826.1 70385.5 
54385.4 81026.4 20349.4 19402.3 55498.2 
71548.9 36161 55326.3 51973.6 44681.7 
66021.2 74007.4 26888.1 13495.2 30425.3 
41269.8 59985.4 2765.86 11287.2 50230.9 
68315.9 40206.1 48186.4 43824.4 37565.9 
66717.1 87809.3 29706.9 22357.3 48598.9 
63165.6 37766.9 43671.5 40244.9 39057 
37436.3 91402.5 57508.3 69889.6 110282 
62191.1 41308.8 39980.5 35747.6 35555.7 
46789.8 23559.3 39594.2 42422.3 55878.9 
22769.5 31255.4 41170.9 51255.1 78550.4 
87395 67203.7 56490.7 46083.1 14541.3 
3401.47 55990.4 42534 55743.1 91608.1 
83163.3 47594.3 63271.2 57625.4 40479.7 
70836.3 75506.6 32021.4 18558.6 25253.9 
16264.1 41653 30194.2 41735.4 73814 
39463.5 33860 27598.6 31892.5 53298.9 
25329.8 79252.6 52388.3 65573.5 105101 
85335.3 75235.4 49818.6 37403.7 3114.48 
69374.5 74740.7 30513.8 17051.1 26480.2 
8664.87 56010.8 31353.6 44690 81685.4 
34882.7 34879.4 25985.6 32202.5 56851.6 
54945.9 76286 17254 12347.1 48325.7 
57649 57062.9 23712.4 14863.7 30634.1 
10469 60423.9 32672.5 46130.7 84121.5 
47470.9 17441.3 44809.2 48353 61214.8 
76327.3 48940.1 52633.9 46054.1 30961.3 
56566.2 39222.7 35327.6 32549.8 38773.8 
44335.3 51189.2 13865.4 14425.7 43938.6 
60490.1 71422.8 21213.2 8015.61 35327.8 
59555.2 15625.9 55719.7 57326.6 62357 
37400.1 34918.5 26135.8 31281.5 54501.1 
7021.4 47497.9 41231.7 53789.4 87306.6 
45012.6 48872.3 16574.7 16696.4 43229.7 
95818.8 66453.6 68912.3 59838.5 29201.5 
54901.5 14080.1 70029.8 76493.3 90635.3 
77424.7 67965.1 42815.5 31100.2 10824 
59814.1 12486.8 72088.4 77586.7 88897.8 
58698 4833.22 63819.3 67702.7 76299.2 
75209.1 65162.7 41319.2 30098.7 13283.4 
68647.6 32718.5 54062.6 51559.8 47047.3 
79716.1 90820.4 40462.3 28380.5 35137 
34407.1 59457.7 5099.02 18554 57609.5 
52024.7 87975.5 28293.1 32478.5 69920.3 
51052.9 82602.7 21982.9 24839.5 62450.1 
53878.1 67159.1 14632.8 1664.33 40100.5 
91940.5 82473.8 55481.3 42573.8 5883.03 
57084.6 83691.5 23124.9 21194.6 55721.5 
61119.1 86298.6 26245.2 22348.6 54112.8 
56510.7 71946.7 17157.2 6389.05 41202.9 
52198.2 21645.3 44602.5 46322 55519.5 
52368.9 14641.4 68420.2 75247.5 90564.7 
59850.6 12845.6 58098.3 60198.5 65739.2 
77466.5 95683.1 39773 30409.5 46697.8 
64279.5 15161.1 62061.3 63607 66726.1 
49048.6 78429.7 17647.7 20593.4 59069.9 
80510.5 88108.2 41112.2 28211 29482.2 
66500.9 97034.1 36222.1 34419.3 64925 
29123.4 24959.6 45821.4 54876.7 79120.5 
66400.3 77906.4 27000.2 14455.4 34582.4 
88226.1 79976.6 51673.6 38776.4 5281.1 
67427.3 53463 38021.7 29893.1 24010.4 
32786.7 44055.6 16925.7 25018.6 55634.3 
20902.9 33501 38072.8 48419.9 76777.7 
81003.8 66372.7 48299.6 37359.1 10478.5 
63300.1 100066 39836.3 41734.6 75696.5 
15556.3 64222.5 30565.5 43965.9 82944.4 
13061.4 66339.2 39062.1 52493.8 91149.7 
19601 34810.5 43693.6 54538.8 83243.4 
31923.2 73053.7 22226.6 33724.9 74234 
29861.3 44868.8 16901.2 26436.7 58439 
67174.5 49397.4 40370.8 33494 27456.3 
88463.4 59171.1 62885.9 54692.7 29148.8 
15979 40909.9 31569.6 43047.5 74798.5 
45935.3 10466.1 59102.6 65823.8 82315.6 
19450.4 73028.6 42802.9 56028.9 95497.1 
69366.3 29811.7 57203.1 55395.4 51433.9 
44532.5 11423.2 49619 55013.6 70396 
55875.7 76560 17936 12151.1 47417.8 
26503 28407.4 47649.6 57472.9 83206.1 
23120.6 35116 31189.3 41081.9 69792.4 
41268.9 48460.8 14322.4 17523.7 46947 
41466.4 12706.3 50460.8 56913.4 74447.8 
84162.8 49570.7 63288 57205.1 38669.9 
38951.4 62635.5 2353.72 14693.2 54660.1 
54688.3 10944.4 54191.5 57167.9 65873.6 
25585.3 78954.3 55567.3 68870.7 108047 
75463 96593.2 38913.9 31034.5 51147.6 
42928.4 58337.8 5936.33 9914.13 47467.6 
68623.6 33305.4 53595.6 50951.3 46277.6 
92946.5 117197 58684.7 51640.5 66277.3 
49206.2 28992.8 36761.4 38021.7 50037.3 
45237.4 15445.7 45660.6 50135.2 64642.1 
91269.3 115278 56820.6 49720.5 64730.9 
48509.2 62391.4 9841.24 4159.33 43241.2 
38200.1 27581.2 33324.2 38577.8 58806.9 
76837.6 99181.7 40964.6 33640 53891.1 
60100.7 90337 29481 28792 62252.4 
77737.1 96620.7 40307.1 31250.8 47984.3 
87240.2 79707.7 50527 37581 6181.42 
46739 72759.6 11903.8 15160.8 54856.6 
71062.3 84608.3 31910.2 20401.2 37409.8 
16807.7 70000.9 50134.3 63590.1 101786 
52744.4 75720 15822.1 13209.5 50563.3 
12869.3 62300.3 31724.6 45180.7 83672 
24570.3 77184 41488.9 54297.1 94393.6 
62250.9 50940.9 33274.6 26192.6 28111.4 
19543.8 34757 38084.8 48703.2 77648.6 
85277.2 99585 46703.9 35777.1 42933.7 
90306.4 110892 54066.8 45534.3 57413 
65125.5 96426.8 35568.8 34410.6 65831.7 
11774.5 53038.6 50550.7 63401.3 97375.3 
71522 60755.7 38890.2 28621.7 17548.2 
43599.7 39481.9 24212.4 26128.3 46938.4 
75424.5 69370.5 39618.2 27365.1 13288 
57454.4 73594.2 18216.5 8043.01 41741.2 
60966.3 92953.4 32111.1 32139.9 65610.1 
61173.6 14618.5 74124.2 79702.3 90932.1 
40678.5 42809.5 19553.3 22921.2 48316 
25645.7 64182.6 18232.1 31366.5 71115.7 
87169.9 112021 53100.8 46521.4 63934.5 
21199.3 32829.9 41961.2 52403.1 80387.4 
7100 61012.9 40088.9 53521.7 90929.3 
37504.7 62654.7 3689.17 16387.8 56341.3 
40803.2 59296.3 2906.89 11734.6 50367.1 
91060.7 60640.9 65703.7 57465.9 30780 
24659.5 58026.2 15219.1 28670 67152.7 
11269.9 51957.7 49722.6 62511.5 96292.9 
32314.9 62004.7 8820.43 22023.9 61721.4 
10344.6 63413.7 37802.1 51264.5 89445.2 
66453.4 61609.3 31972.5 21125.6 21784.6 
69647.5 89745.6 32337.3 24187.8 47594.6 
40370.8 75021.9 17098.8 25681.1 65909.8 
40021.1 15435 55024.5 62623.1 81929.5 
54963.7 16155.5 50812.8 52908.3 60627.8 
29638 47034 15044.6 25272.3 58579.3 
68341.8 50438.6 41149.1 33941.1 26365.5 
85878.5 71752.7 52087.7 40436.1 5658.62 
50589.4 46285.4 23820.2 21115.2 38577.8 
81201.5 89145.4 41800.5 28988.4 30237.2 
30512.5 76623 29692.1 41407.4 81912.9 
61650.7 76405.4 22375.9 11150.3 39337.6 
5800.86 50012 34838.2 47701.7 82639.5 
26475.6 57788 13201.9 26639.1 65107.4 
21359.1 74396.2 41399.8 54472.8 94246.1 
21876.2 46640.1 20463.6 32261.6 66341 
13155.2 62300.3 31342.8 44797.5 83320.3 
45282.3 84497.6 27254.7 34484.3 73761 
43875.5 45550.5 18800.3 20012.5 44730.3 
86697.7 56315.2 62237.1 54595 31257.8 
21220.7 38169.8 29035.3 39539.9 69797.6 
86345.4 112528 53101 47178.1 66115.1 
47760.2 87879.7 30594.3 37325.1 76140 
75775.1 107211 46430.3 43900.1 70917.4 
63473.9 40679.5 41933.8 37734.5 36091.7 
69644.3 66547 33572.6 21451.6 19334.2 
58749 8823.83 69134.4 74256.4 85041.7 
9108.79 56670.3 48505.1 61643.2 96925 
15405.5 39492 43845.6 55406.6 85891.9 
68632.4 72802.5 30105.5 16694 25446.6 
49481.3 7592.76 53417.7 57967.2 70506.3 
92458.9 66601.2 63941.4 54343.8 23122.5 
35761 71786.5 16469.4 27097.8 67610.4 
42616.1 84202.1 28983.1 37450.9 77216.6 
22348.6 67599.2 26100.8 39131.8 78994.9 
81094.1 50235.9 58369.9 51789 33669 
63337.8 18341.5 58193.2 59047.4 61502 
39959.2 24821.2 63002 72011.8 93725.1 
42201.9 14149.6 57241.7 64641.8 83099.6 
62238.4 10131.6 63705.7 66388.7 71988.1 
42596.2 85067.3 30425.8 39054.8 78843.8 
45177.4 44489.7 20708.7 21203.8 43787.9 
82761.3 80953.4 44651.2 31277.5 14776.3 
78022.4 64637.5 45265.7 34460.6 12218.4 
39492 15405.5 47060.1 53558.4 71961.1 
56415.6 8309.63 57585.8 60754.3 69010.3 
87354.6 99389 48382.7 36763.3 39822.1 
76348.2 94484.7 38578 29192.6 46163.7 
23695.8 77662.3 50763.2 63983.2 103432 
6742.4 60165.9 43686.7 57062.9 93861.6 
92755.2 80165.5 57415.3 44928.5 4561.8 
45949.8 18745.9 65141.5 73036 91571.4 
29433.5 82755.7 47071.4 59630.3 99920 
60882.3 22227.2 52399 52627.9 55492.3 
32078.2 30197.4 31346.1 38635.9 62859 
41907.5 86295.1 33243.5 42387.3 82323.4 
76326.9 55403 48386.5 40000 22294.8 
41857 51440.1 11720.9 14782.8 46523.6 
31040.8 73628.5 24101.9 35749.8 76251.2 
27519.1 81381.9 54440.9 67574.1 107208 
43368.3 19120.7 41994.5 46496.1 62229.7 
59836.9 9767.29 70224.9 75273.4 85692.3 
35379.4 89380.4 58040.4 70701.8 110929 
68836.8 70450.9 31045.9 17947.1 22953.9 
70590.4 70929.4 33004.8 19969.2 20912.4 
61911.2 79143.2 23132 13588.2 42506.7 
50517.5 82825.4 22365.4 25734.4 63541.2 
69372.8 101278 40422.4 38910.4 68751.4 
5797.41 51832.2 33821.3 46856.5 82444.2 
7343.02 58929.9 45965.7 59263.8 95474.1 
25628.9 35100.6 29026.4 38341.6 66536.8 
85043.6 84318.7 46531.8 33079.6 16842.8 
54222 90667.1 30929.8 34677.1 71487.1 
19148.1 72900.1 49655.6 63051.8 101844 
65209.3 30747 51203.5 49285.4 47496.6 
73454.3 89873.5 35007.6 24831 42396.2 
23632.6 66220 22772.1 35822.1 75667.7 
49274.1 9689.69 51653.2 55915.1 68253.9 
77202.1 92934.9 38716.4 28249.1 42272.1 
8080.22 58067.5 33292.9 46698.7 84063.6 
14016.1 55192 25586.3 38905.1 76090 
73153.1 54212.3 44925.4 36698 22692.7 
36689.6 23215.5 37913.8 44122.7 64409.4 
55040.1 11541.2 68661.1 74777.6 88213 
35415.4 18745.1 46428.4 53980.1 74796.6 
86992.7 73532.7 52727.6 40827.1 3905.12 
19428.1 58871.6 21246.2 34708.1 73147.6 
1389.24 54913.2 40612.3 53788.6 89583.3 
78790 106379 46324.6 41550.2 64775.6 
41877.9 45728 17356.6 19944.9 46580 
75692.3 106394 45686.3 42786.6 69390.3 
89962.9 87762.5 51524.1 38074.7 16211.7 
87690.6 109418 51908.6 43911.8 58103.1 
61046.3 92120.9 31257 30793.7 64001.3 
82012.8 87532.7 42687.8 29504.2 26412.1 
18815.2 69202.6 33703.7 46885.9 86491.2 
77839.4 77261.2 39776.4 26442.6 17009.7 
49331.5 6963.48 60604 66652.8 81234.6 
66503.6 62940.1 31346.5 20056.2 21914.6 
26236 78425.5 40995.9 53619.1 93861.4 
71368.5 74282.2 32921.9 19516.7 23086.8 
27560.1 32042.6 31475.9 40160.7 66670.1 
92510.9 61565.7 67226.3 58947.6 31646.2 
59086.7 70498.9 19813.4 6627.22 36303.4 
16533.9 51590.9 23070.3 36040.1 72205.6 
61249.1 61523.3 25544.1 14534.4 27561.7 
74768 99222.2 40028.1 33930.8 56922.8 
82961.7 88977.3 43596.6 30505.9 27500.7 
24023.5 38057.3 54838.9 66033.7 94478.8 
41207.4 69139.3 8945.39 17325.4 57812.2 
24641.8 78292.8 53763.3 67045.8 106302 
20912.2 35623.7 48373.6 59368 87905.5 
71794.4 103777 42930.3 41135.9 70029.3 
51879.2 12387.9 51066.2 54325 64577.8 
85510.5 74347.1 50421.9 38193.2 2745.91 
55679.9 19757 73752.3 80837.2 96143.7 
41576.6 67947.8 7375.64 15634.9 56148.5 
43704.1 13720.8 59021.7 66340.1 84308.3 
15242.7 38972.4 37493.1 48885.4 79664.5 
75759.4 78247.9 37088 23629.9 21431.1 
33804.4 33273 27681.2 34317.6 58842.2 
62405.2 21140 54942.2 55267.4 57460.7 
10044.9 62631.4 46919.6 60329.9 97325 
17322 69035.1 36090.2 49358.4 88755.9 
6328.51 48175.1 36458.5 49126.1 83333.4 
35430.2 19325.9 44449.6 51753.5 72470.7 
83522.3 74228 47902.6 35485.3 5032.89 
66838.5 94715.2 34253.3 30931.2 60182.7 
78421.5 69601.1 43344.4 31347.9 9808.67 
28641.6 41651.5 20438.4 29694.8 60219.9 
57550.1 18498.1 51568.2 52876.6 58549.6 
19404.1 35164.3 44145.8 55056.3 83864.8 
38132.9 75547.1 19639 29220.5 69579.5 
31543.1 82815.5 41306.9 53271.1 93762.1 
42127.9 34364.7 28092.2 31194.9 50807.3 
44043.3 91077.3 39794.7 49097.6 88974.9 
58819.1 73772.2 19483.3 8309.63 40100.5 
21781.6 72020.1 34225.3 47166.9 87127.1 
47270.8 74459.8 13600 16846.7 56208.3 
59591 62047.9 23242.2 11985.4 29706.1 
69695.5 87234.5 31414.8 21834.4 43449.7 
30994.4 24374.2 40164.7 48243.7 71522.7 
67927.2 102774 42057.7 42262.3 73949.7 
48443.4 73796 13041.9 14677.9 53875.6 
46500.1 64997.9 7111.26 7072.48 47529.8 
44967.8 68035.1 7424.96 11618.1 52070.7 
72799.2 80373.6 33483.4 20300 28698.6 
78262.4 44100.5 58743.9 53606 39788.7 
38863.5 23547.8 60973.4 69884.3 91583.5 
33473.1 20756.2 48836.5 57194.8 79342.6 
49097.6 40091.1 27618.1 26922.3 42392.6 
75058.6 94632.2 37789.5 29134.2 48244.6 
52898.4 94465.3 37126.4 43078.1 80958.9 
9786.21 55100.8 29881.1 43177.9 80039.8 
72212.2 75194.2 33678.6 20248.5 22884.5 
15634.9 38371.9 39685 51035.8 81449.9 
77806.2 51488.3 52931 45741 28566.1 
55798.3 21140 48010.8 49113 55634.3 
79355.2 44441.6 60054.6 54909.1 40527.6 
82696.6 82909.1 44108.3 30651.1 17927.9 
80330.1 90056.4 40976.3 28537.9 32987.4 
64562.9 94226.2 33457.4 31515.9 62623.1 
33613.4 30431.1 30680.4 37431.8 61022 
86055.3 87212.2 47139 33693.3 20280.5 
27921.7 81513.5 47561.9 60304.1 100462 
53220.3 86269.2 25773 28442.9 65269.4 
63710 16602.7 60052.1 61268.3 64091.3 
57453.7 6543.7 66992.8 72010.3 82884.3 
27557.2 26682.8 41575.6 50624.9 75611.2 
56423.5 76111.1 18094.2 11289.4 46115.6 
87029.2 105088 49640.5 40121.4 50739.4 
74957.3 74517.2 37121.6 23894.8 18076 
9651.94 52200.9 29808.2 42891.5 78903.1 
37430.1 82211.9 30991.9 41195.3 81531.9 
19225.5 65357.9 27190.6 40469.5 79903.2 
8845.9 62566.4 39560.8 53019 90837.7 
82209.7 60062.4 53501.9 44344.1 19942.4 
73153.6 84890.8 33842.3 21726.7 34848.4 
73493.2 77818.9 34586.1 21129.4 24226.6 
55359.6 3498.57 63935.1 68895.9 80171.4 
56897.1 86183.6 25334 25003.2 59896.7 
68551.4 94917.3 34860.4 30438.5 58060 
39204.6 25005 62340.1 71413.2 93370.3 
85363 110837 51629.4 45418.6 64131.2 
60609.2 94320.8 33631.1 34600.6 68647.7 
33107.4 32037 29074.6 35974.7 60361.9 
10295.6 62807.4 36512.1 49974.8 88149.1 
36503.4 71895.3 15932.7 26307.8 66810.8 
86700 93920.2 47301 34509.9 30959.5 
58337.3 75253.2 19285.5 9720.08 42477.5 
72562 32477.7 59524.3 57128.7 50767.8 
38071.6 92059.3 60518.6 73083.9 113380 
24724.5 72582.7 30627.6 43258.5 83480.8 
89735.7 66366.6 60220 50316 19201 
71043.8 94471 35520.3 29160.6 53680.5 
72256.3 92774 35267.7 27215.1 48995.1 
42686.3 53500 10296.1 12828.1 46019.3 
100422 73220.6 71480.1 61424.4 26701.7 
55715.4 1843.91 62628.6 67184 77697.7 
74582.2 81982.5 35245.6 22102 28409.2 
53609 37078.6 34047.6 32491.4 41655.9 
40112.5 60609.2 989.949 12614.7 51931.2 
85954.6 97686.7 46904.7 35168.2 38609.1 
17640.9 37116.2 44132.2 55348 84916.5 
49546.4 51065.6 18868 15402.9 38679.3 
26577.1 65293.9 18285.8 31260.5 71191.6 
55133 95759.8 37619.1 42760.4 79977.6 
22228.1 33202.4 35639.6 45669.8 73780 
36358.5 21851.5 39628.9 46118.3 66424.4 
42979.6 46708 17100.3 18883.1 45392.2 
74194.7 60856.7 42303.7 32200.2 16223.7 
41082.6 28814.1 32719.6 36791.6 55400 
66669.4 59182.6 33583.9 23569.7 21731.3 
28966.4 25059.9 43878.2 52783 77034.3 
24831 73669.9 32471.1 45082.4 85320.3 
100464 76916.6 69440.1 58543 21191 
54994.6 86300.1 25506.9 26807.6 62787.3 
17230.8 70531.2 50124.3 63574.4 101876 
85605.8 93591.3 46218.3 33545.2 31832.4 
40963.5 32548.4 29283.8 33043.8 52869 
37375.1 83353.3 33153.1 43508.4 83863.9 
54793.5 72402.5 15695.2 7368.17 43968.3 
66182.9 49426.5 39112.7 32259.1 27594.4 
55298.6 59760.9 19258.8 9489.47 33871.1 
19706.3 73429.2 43740.3 56972.4 96421 
79373.2 71732.9 43633.1 31274.6 9280.09 
68827.5 54155.8 39360 31020.3 23023.5 
44976.5 38608.3 25841.4 27190.6 46239.5 
64265.5 78493.4 25005.6 13569.5 38356.4 
67280.4 94198.3 33955.6 30022.2 58617.5 
53414.8 66378.4 14263.6 948.683 40052.5 
21390.9 65196.6 24301.9 37517.1 77107.5 
36065.1 18209.9 46331.2 53694.8 74124.8 
71842.7 48754.5 46778 40076.6 28666.5 
29783.4 83017.1 46874.5 59383.2 99701.8 
40458.6 55665.2 6419.5 12832 49069.7 
55775.6 24381.3 45640 46158 52404 
71783.7 66239.6 36406.7 24570.3 16648.1 
32197.2 24175.4 52600.9 61764.9 85211.5 
65742.3 39937 45185.2 41005.5 37102.2 
51313.4 3623.53 60355.4 65766.4 78832 
49551.3 46754.7 22441.5 20104 39329.5 
35867.5 61411.8 4382.92 17651.1 57288.9 
19670.3 47715.1 21676 33899.9 68551.4 
50872.6 3354.1 57709.7 62701.4 75289.3 
34122.3 41726.7 19140 26158.9 54792.4 
46097.7 67121.8 7379.02 9338.09 49825.5 
94415.1 76660.9 61188.2 49538.4 10651.3 
84060.2 106970 48768.9 41412.1 58393.3 
28317.1 28175.3 51120 60953.3 86239.2 
72650.5 76312.1 33928.2 20468.8 23568.8 
76355.1 87385.4 37038.5 24821.4 34204.1 
68125.2 30952.4 54705.8 52633.4 48956.5 
8405.95 61859 44519.3 57934.6 95040.4 
79127.6 66092.4 45962.8 34893.1 10768.9 
84741.6 78640 47771.6 34758.9 8260.75 
76801 37952.7 61301 57712.7 47412.4 
32898.8 65922.4 11920.6 24233.2 64507.8 
46778.6 16335.5 45396.1 49294.6 62690.5 
57746 56881 23943.5 15160.5 30515.9 
79962.2 64438 47942.6 37387.7 12481.2 
46402.3 86777.4 29905.5 37074.1 76172.5 
50050.1 4159.33 58691.1 64136.5 77611.4 
78461 98210.1 41415.5 32751.9 49825.8 
72034.7 92803.7 35151.8 27247 49361.7 
9291.39 54500.1 30242.4 43500 80163.9 
79173.8 103204 44344.3 37746.1 58081.8 
51685.3 45045.8 25890.9 23054.1 38142.5 
34905.7 74518.3 21200.9 31892.5 72389.6 
41459.6 76600.8 18519.4 26601.1 66652.8 
67872.4 95219 34898.3 31124.6 59585.9 
57179 56404.3 23567.1 15085.1 31069.3 
70494.4 96247.2 36440.8 31441.7 57642 
49078.9 52821.3 16957.9 13282.3 39184.7 
29690.6 70710.8 21392.5 33467.7 73886.5 
63076.5 47651.8 36526.3 30405.9 29905.5 
48993.9 41945.3 25977.1 24955.2 41544.4 
77624.8 89269.3 38388.8 26405.5 35483.1 
31468.2 33877.4 27504.5 35003.6 60825.4 
68860.8 68706.5 31703.6 18962.3 21576.1 
58090 86641.9 25855 24765.5 58947.5 
62126.5 78670.3 23186.4 13155.2 41576.9 
39184.3 90271.8 45755.2 56788.1 97238.5 
53218.9 15321.2 49964 52503.8 61496.4 
44911.1 11738 58853.4 65811.6 82924.8 
61068.6 17670.6 75982.7 82039.1 94299.3 
30114.4 64994.2 13970.3 26752.9 66824.1 
36161.4 22585.8 56925.4 65804.6 87948 
68656 26025 59194.9 58284.6 55960.4 
90528.1 71909.4 58267.1 47142.4 11356.5 
29767.4 46128.6 15787.7 25700.2 58455.5 
7783.32 49693.2 45025 57731.3 91482.2 
68016.8 52107.7 39641.5 31931.2 24909.8 
75565.4 70080.1 39494.8 27097.8 13446.6 
55298.6 79876.9 19665.7 17049.6 52613.8 
56640.8 59526.5 21010.7 11140 32249 
23984.2 77443.5 54118.1 67447.2 106534 
84250.4 77064.6 47716.9 34886.2 6800.74 
50629.7 53331 18206 13379.5 37623.5 
41125.3 81760.6 26417 35171.2 75132.2 
99709.2 74017.3 69981.9 59630.6 24107.5 
39446.2 57231.5 4104.88 13213.6 50832.5 
34442 42816.8 18047.2 25068.9 54230.3 
79801.4 62357.4 48882.4 38863.1 14989.3 
51798.1 44722.4 26261.2 23464.9 38190.3 
56610.7 70368.3 17218.6 4993 39463.5 
49114.7 87277.6 28806.2 34598.4 72992.7 
56132.9 36806.1 36714.7 34606.6 40873 
92990.3 81332 57254.3 44607.2 4925.44 
77146.1 98259.7 40663.1 32705.4 51769.7 
54198.3 89605.4 29569.1 32908.7 69600.3 
59591.4 8700 69338.7 74251.6 84461.8 
43639.4 12628.9 48420.8 53886.2 69725.9 
38629.1 70012.7 11649.9 21428.3 61933.3 
89909.4 63400.7 62254.7 53131 24348.3 
61496.2 24046.8 51760.7 51567.6 53678.3 
103975 79018.3 73296.5 62450.1 24839.5 
96408.8 68694.4 68370.3 58815.4 26537.7 
80459.9 107623 47729.8 42620.2 64800.2 
76041.6 45908.8 54347.4 48580.8 34968.7 
11733.7 59006.9 29830.4 43278.2 81169.6 
43188.5 12175.4 49230.3 54970.6 71208.5 
42201.9 83324 27940.1 36447.2 76264.4 
79218.8 108695 48232 44382.2 68764.2 
83821.8 107175 48766.9 41625.2 59122.2 
53970.8 73520.9 15394.2 9291.39 46305.6 
55634.5 16302.5 51304.3 53268 60526.5 
61037.9 20800.2 53612.8 54109 57171 
39487.2 24443.6 62263.7 71253.9 93002.9 
24307.4 30548.6 46647.6 56826.5 83545.5 
40125.4 36328 25490.8 29345 51363.5 
52065 66209.1 12808.2 1264.91 41618.5 
5434.15 52153.6 34111.9 47171.7 82831.2 
39493 14912.1 52737.6 60104.1 79267.9 
68618.1 101655 40800 39983.6 70638.3 
47797.3 20865.5 42281.1 45223.2 57802.8 
47220 86339.4 28644.7 35264.3 74141.8 
11580.2 49932.5 28458.6 41303 76663.7 
38162.4 44905.5 16513 21636.3 50267 
57591.1 28904.3 44076.8 43400.6 47872.4 
56452.6 31792.6 40806 39736.4 45212.4 
16447.8 38650.5 44570.8 56012.6 86112.5 
66553 98372.2 37509.6 36381.6 67373.6 
64559.8 36830.7 45993 42678 40278.2 
43075.7 10933 52760.3 59135.4 76005.9 
56594.7 20229.9 49407 50543.1 56604.8 
63031.8 11903.8 63183.9 65461.8 70157.3 
42100.1 62583.8 2729.47 11013.6 50960.8 
62170.3 47563.1 35505.1 29500.2 30311.7 
77994.7 106683 46349.3 42199.6 66542.7 
23871.7 36512.1 53458.1 64492 92619 
29508.3 83146 48843.9 61496.2 101725 
81425.6 50067.6 58959.8 52455.8 34315.7 
78995.3 71786.7 43129.2 30721 9808.16 
22798.5 76760 50266.9 63520.2 102882 
94789.1 63518.6 69306.6 60846.2 32319 
57635.1 31091 42507.5 41369.6 45729.9 
66024.2 70403.5 27706.5 14401.4 26801.9 
11289.4 64441.8 46795.3 60241.6 97666.8 
60142.2 53445.3 29054.8 21324.4 28574.3 
60329.9 65363.7 22641.8 10044.9 30524.1 
68982.4 41550.2 48075.4 43346.2 36225 
57046.7 64381.7 19100.3 6661.08 34047.2 
37369.6 22772.8 58643.5 67514.5 89408.3 
60035.4 34409.3 42585.7 40337.2 42364.7 
30681.1 23485.3 43596.6 52057.8 75405.4 
14743.5 45487.6 49799 61992.7 93765.9 
56057.6 95918.8 37305.2 41958.7 78803.6 
77987.8 89126.7 38707.2 26580.1 34733.3 
14621.9 52667.4 24805 37918.9 74374.9 
38340.7 35735.1 25533.1 30237.2 53223.4 
46244.8 7900 54138.8 59831.9 74838 
28488.6 65718 16555.7 29353.7 69426.4 
51514 68849.1 12192.6 5080.35 44621.2 
41142.8 41090.4 21415.9 24537.5 48421.2 
49691.2 27180.3 38536.9 39959.2 51336.1 
91904.8 73505.2 59331.4 48027.7 11029.1 
45553.6 68264.2 7798.72 11152.1 51565.6 
75762.3 80416.7 36693.5 23280 24416.8 
39126.1 47105.8 14632.2 19386.9 49113.8 
74458.2 89746.6 35757.7 25073.1 40761.3 
55204.8 72809.3 16130.1 7689.6 43869.9 
25646.2 79451.2 53581 66798 106244 
56177.7 80107.2 20142 16758.6 51732.5 
36147.5 90141.5 57223.9 69734.6 110062 
84302.1 98899.2 45768.5 34931.5 43005.7 
89140.3 59049.6 63951.9 55880.2 30383.2 
69261.5 26197.9 59892.7 58951.5 56321.4 
45669.5 22256.9 66979.5 75316 94780.8 
25612.5 79257.1 46484.1 59387.9 99384.6 
74729.6 97192.8 38829.5 31680.9 53269.3 
55333.6 29701.5 41295 40877 47348.2 
27806.5 70662.9 23547.6 35889.3 76234 
66140 60504.3 32175.3 21691 22077.1 
59400.1 73149.8 20004 8013.11 38620.3 
48165.7 91214 35626.1 43067 82040.3 
22627.6 31465.9 43149 53382.5 80717.6 
85760.6 59533.6 58780.7 50157 24768.1 
77609.6 42035.5 59344.8 54717.9 42163.1 
43679.4 79665.8 21328.4 28528.1 68148.7 
24901.8 67180.4 22402 35300.1 75305.5 
11650.3 43503.6 34436.3 46488.8 79207.1 
84210 91124.2 44811.2 31898.1 29438.2 
88004.8 100657 49156.5 37733.4 41268.5 
49204.2 7560.42 53384.1 58015.6 70750.9 
75219.2 85771.9 35855.8 23454 33256.7 
17646.5 63604.8 27115.5 40496.9 79609.7 
24865.2 53686.2 14676.9 27672.4 64711.8 
7800 52842.1 46678.2 59605.4 94070.7 
40388.7 58183.3 3687.82 12200.4 50244.3 
84314.9 74747.9 48706.2 36274.5 4245 
31418.6 85395.3 53384.1 66122.7 106285 
68340.7 103003 42258.7 42309 73771.3 
56288.3 16127.6 72162 78710.9 92787.6 
14450.6 41123.8 33637.6 45267.4 77077.9 
36186.5 61812.1 4327.82 17475.1 57217.1 
77507.4 101982 42885.5 36610.4 58148.9 
43832.1 85727.1 30371 38570.1 78166.6 
24684 35071.5 53230.2 64075.7 91715.4 
50136.6 6726.81 54311.8 58833 71087.7 
53263.3 48423.2 24828.4 20447.5 35693.1 
5661.27 51647.5 34028.8 47046.9 82560.8 
38268.8 91187.8 51206 62907.1 103425 
75948 86950.4 36623.1 24382.4 34085.2 
25544.1 57048.5 14016.1 27417.1 65640.5 
60170.6 90756.4 29894 29375.2 62878.3 
42809.5 63632.2 3605.55 10688.8 50897.6 
37330.1 91142.1 55556.9 67782.2 108230 
60629.8 10465.2 71009.4 76003.2 86154.8 
56441.6 6198.39 59093.1 62603.9 71318 
36416.6 23323.8 37860 44151.2 64606.3 
46484.6 48734.5 17944.6 17001.8 41807.7 
42643.9 65704.9 4904.08 12300.4 52779.5 
83298.6 63327.7 53063.2 43156.1 16059 
39458.8 42981.5 18869.3 22995.7 49404.7 
90164.3 109672 53449.5 44481.5 55252.3 
53370.4 51932.7 22271.3 16672.1 34916.2 
20665.2 37503.3 30492.6 41025 71058.4 
35415.4 21392.5 40748.3 47640 68421.1 
88097.3 85393.7 49873.5 36458.5 14506.6 
43770 14648.5 46215.6 51269.2 66822.5 
35007.6 79114.2 28404.2 39108.2 79569.2 
11301.8 61983.9 49477.5 62837.6 99347.9 
80638.5 68749 46622.3 35061.2 8309.63 
84509.9 102814 47123.9 37722.8 49901.6 
33792.5 64120.7 9055.39 21694.5 61800.1 
46186.3 82953.6 24400 30780 69842.2 
85289.2 90505.8 45941.3 32800.2 26916.4 
79554.3 92577 40557.1 29084.9 38360 
40520.2 25504.9 35607.3 40235.9 58527.7 
19143.7 37010.9 33248.3 43984.1 73935.8 
29855.8 83845.6 52620.3 65461.8 105526 
45228.3 26245.2 36592.5 39521.6 54486.1 
61263.8 61781.7 25428.3 14312.6 27628.4 
15402.9 38785.8 37661.7 49027 79722.1 
50010 90854.7 33559.6 39924.9 78328.2 
31025.8 35439.7 25971.7 33688 60351.1 
66998.9 36752.4 49019.6 45580.4 41144.3 
81675 79068.9 43869.9 30589.5 13612.5 
10018.5 57801.4 30891.1 44303.6 81807.9 
31048.3 78229 31908.1 43560.1 84072.9 
38337.6 90106.7 47168.2 58485 98980 
14102.8 39929.9 40112.1 51715.9 82703.6 
59614.2 97538.5 37850.5 40970.8 76406.1 
58776.6 74825.1 19580.1 9269.84 41372.6 
65187.2 47134.9 39444.6 33321.6 29795.5 
67806 54131.9 38075.7 29735.7 23385.7 
75624.7 98422.1 39946 32920.1 54226.3 
30625 28330.2 34273.3 42104.8 66381.1 
51105 51614.4 20053.2 15558.9 37127.1 
40731.4 16584.9 57560.1 65403.4 84891 
23789.9 77778.7 48672.1 61805.5 101454 
59850.9 37851.3 39854 36814.3 39074.4 
37464.1 89809.4 48451.7 60029.3 100545 
63949.1 28234.7 51535 50259.4 49882.4 
86003.8 53174.5 63402.9 56538.3 35409 
20393.4 39406.9 51638.7 63088.9 92534.6 
78408.4 100140 42283.4 34580.9 53429 
77426.7 76628.8 39462 26163 16834.5 
64434.2 12756.2 64637 66806.4 70889 
13167.4 65661.3 36916.8 50343.8 89067.4 
20941.8 39793.6 52611.5 64085.3 93512.5 
39342.9 90737.3 46744.9 57844.1 98305 
94994.2 65897.6 68054.1 59000.1 28654 
90382.6 78792.1 54888.4 42380.3 2220.36 
61826.9 46892.6 35568.8 29804.2 30936.2 
29098.6 83104.9 52864.4 65788.2 105757 
83452.8 106019 47955.2 40460.5 57413 
62170.3 16573.8 58087.6 59346.6 62831.8 
31009.8 72554.7 22522.9 34233.5 74723.8 
65946.9 67505.6 28604.4 15879.5 24640.2 
72781.9 78641.5 33657.4 20267.5 26353.9 
90426.2 62428.9 63610.8 54810.4 26764.9 
77227 74623.6 39847 26775.5 14800.3 
70672.5 83298.6 31395.7 19499.7 35994.7 
8713.21 62719.5 41759.4 55210.5 92829.4 
49049.4 21006 69256.1 77172.3 95247.6 
77221 85160.8 37829.8 24880.5 29418.7 
47214.9 61587.2 8683.32 5445.18 44282.4 
32821 37297.9 23686.5 30836.7 57621.2 
38724.2 56303.2 4805.21 14051.3 51215 
26752.4 80721.7 52727.4 65831.1 105527 
69110.4 94607.6 34824.4 29837.7 56700.7 
56968.2 3157.53 63863.1 68307.7 78303 
41372.9 74516.9 15731.8 23762.2 63935.1 
18741.7 36604.9 34758.9 45536 75331.3 
89697.5 84538.5 52024 38733.1 11098.2 
21633.3 35303.4 32619.8 42822.9 71831.6 
91655.1 60296.1 66813.8 58753.1 32351.4 
36401.8 87916.4 45072.8 56535 97046.6 
74543.5 102635 42345.5 38198 63691.5 
37589 24105.2 36804.9 42605.8 62508 
11853.3 42707 35842 47800.6 80135.9 
12455.5 46515.5 29600.2 42000.2 76084.4 
54061.5 79245.6 18813.8 17100 53423.7 
79492.7 53029.2 54226.2 46739 27815.3 
37644.9 16807.4 51836.8 59552.5 79690.7 
27693 28202.3 37179.7 45936.7 71220.5 
98122.2 69078.8 70643.5 61252.3 29066.3 
82349.6 67516.1 49497.5 38422 9489.47 
33311 49823 11280.5 20930.8 55096.3 
70183.3 56640 39560.7 30484.4 20696.9 
79044.1 95611.3 40864.9 30758.6 44360.5 
32807.5 58800.2 6675.33 20109.9 58957.4 
73050.5 88116.9 34246.2 23444.6 40093 
89983.6 112424 54638.1 46893.2 60836.3 
37981.7 90100.5 48041.6 59498.3 100007 
73386.7 36553.8 57535 54128.8 45767.3 
55788.6 45772.5 29548.9 25205 34863.3 
66993.8 29824.2 54100.8 52318.7 49625.1 
10705.6 62664.2 48057.7 61456.4 98315.5 
86578.2 100634 47983.9 36987.8 43104.5 
56930.3 16362.5 52474.5 54240.4 60662 
93855.3 81179.1 58438.1 45902.7 5646.24 
23468.3 61608.8 18501.1 31884.8 71115.3 
82711.8 75377.6 46409.1 33705.3 7220.11 
90879.3 68554.4 60566 50272.2 17365.8 
85676.9 77411.4 49391.7 36640 5001 
81790 100628 44506.7 35363.8 49597 
69937.8 42836.5 48389.4 43305.7 35070.8 
42689.7 91376.7 42306.5 52246.4 92371.7 
68332.3 53265.8 39294.9 31227.2 23873 
69968.7 78628 30628.3 17514 30423.7 
79240.2 54509.4 52907.7 44990.8 25446.6 
36553.1 74126 19015.8 29210.4 69672.4 
77191.3 62997.1 45052.2 34607.1 13800.4 
54247 48701.6 25667.3 20867.7 34793.7 
49540.7 71225.1 11543.4 10119.3 49542.9 
51685.4 23129.4 43105.6 44693.8 54254.6 
34810.5 86800.2 45467.6 57215.8 97731.5 
40950 13138.1 50509.9 57118.3 74991.5 
45701.8 11638.7 59851.1 66780.3 83655.8 
30453.9 37146.9 24352.6 32388.3 60050.8 
39218.6 68816.3 9687.62 19393.3 59909.6 
81917.6 91020.7 42547 30008.3 32409.9 
29505.4 81100.6 41027.8 53261 93688.7 
15024.3 62550 29221.9 42661.1 81405.2 
80669.3 97591 42661.7 32704.3 45626.9 
67137.8 62638.6 32296.4 21147.3 21162.5 
23654.6 52458.5 16080.1 28920.9 65487.7 
49540.5 48486.4 20988.8 18225.8 38959 
61444.8 69743.3 22568.3 9109.34 32437.6 
89382.6 59441.6 64044 55898.9 30106 
27158.8 26850.9 43900.5 53225.9 78397.1 
65317.1 23546.8 56709.2 56390.4 56398.8 
31184.1 76199.9 28083.4 39655.1 80168.6 
20120.1 37933.2 49896.4 61192.3 90373.7 
49075 31004 35058.4 36020 48491 
46706.4 40476.4 25403.1 25674.3 43985.1 
67482.8 94502.2 34242.7 30338.3 58865.7 
6020.8 48987.5 35648.3 48405.1 82946.5 
76975.8 50060.1 52756.5 45906.4 29908.2 
65910.9 65094.5 29574.3 17541.1 23331.7 
80789.4 54083.3 55328.3 47663.1 27506.5 
45486.8 87691.5 32123.8 39968.6 79320.7 
17711.6 59561.5 23531.5 36994.3 75468.9 
24252.8 56789.5 15318.3 28712.4 66824.7 
21507.7 39028.3 27731.8 38284.5 68884 
65472.5 44223.3 41819.1 36508.8 32548 
26349.2 27771.4 44837.1 54423.5 80026.6 
61288.3 65015.2 23941.6 11552.1 29095.2 
56321.7 30083.2 41952.6 41262.2 46833.9 
58020.2 41546.2 35125.1 31458.2 36420.3 
28802.8 72075.6 24412.5 36525.6 76947.4 
51930.1 7392.56 54610.7 58612.1 69587.6 
91351.7 75647.1 57541.7 45722 6826.42 
39290.2 90824.3 47121.2 58266.3 98734.9 
60908.5 85913.1 25899 21936.5 53800.5 
45226.2 70218.1 9374.43 13730.6 53952.3 
95360.4 70712 65657.6 55456 21371.2 
28342.4 82334.1 53340 66353.7 106199 
44211.5 11868 49173.7 54590.3 70132.7 
12935.6 41592.8 35986.9 47774.6 79674.1 
49825.8 61554 11766.1 4036.09 41164.7 
72450.9 105343 44478.9 43072.3 72183.4 
57502.2 90608.7 29934.1 31357.6 66513.8 
50716.9 74726.8 14358.6 13649.9 52024 
10230.3 47976.3 46524.9 59042.5 92067.8 
71088.3 56917.9 40560.2 31435.3 20195 
37393.6 63461.9 4652.96 16994.1 57100.8 
21862.5 75454 52155.2 65515 104481 
80506.2 71236.2 45300.1 33164 7738.86 
27103 64203.6 16585.5 29656.9 69487.9 
87128.6 111687 52880.7 46168.4 63328.5 
84788.7 106478 48887.2 40948.9 56432 
74163.7 67143 39012.8 27170.8 14132.6 
20813.9 73170 38947.8 52013.3 91803.7 
54160.2 16191.4 50104.9 52332.1 60582.6 
70356.9 44013 48104.1 42701.9 33817.9 
86496.3 79366.7 49713 36749.6 6711.93 
31402.7 47593.7 13860 23585 56826.5 
69117.4 61045.1 35648.3 25136.6 19257.5 
17214.2 37363.1 43515.7 54764.7 84485.6 
10480.9 63472.4 46600.4 60032.1 97261.6 
61204.6 38613.6 40805 37387.2 38205 
84643.7 82287.6 46547.3 33169.3 14103.2 
72959.3 103288 42583.7 39784.7 67307.4 
68983 33512.1 53907.3 51207.9 46255.5 
35645.5 81722.8 32293.2 43007 83448.3 
62870.2 62647 26971.3 15572.4 26034.6 
78594.7 97171.3 41082.4 31868.6 47765.8 
16907.1 41708 29361.5 40851.6 72945 
58053.8 80667.8 21308.4 16401.2 49941 
11463 63516.1 48481.4 61896.7 98901.3 
86940.3 69582.2 54593.2 43558.8 10135.6 
87572.9 97700.1 48349.1 36214.5 36503.8 
83169.5 89030.8 43809.8 30702.6 27302.9 
31408.4 29735.5 57041.9 67032.3 92002.7 
81026.2 97739.4 42966.3 32921.9 45399.2 
48247.4 21130.1 68636.6 76636.3 95008.7 
68956.9 70114.5 31305.8 18278.4 22507.8 
43752.3 15454.8 45427.4 50355.7 65874.1 
61741.4 54043.8 30594.9 22490 27110.5 
42520.2 88772.2 37139.7 46534 86500.5 
31304 81962.5 39555.2 51461.2 91958.7 
47221.7 77459.9 16888.5 21132.2 60178.8 
77548.4 60248.9 47080 37425.7 16772 
51106.3 10316 64781.8 71186.6 85955.9 
60556.8 32015.6 44909 43132 44810.8 
62610.1 94964.5 34123.5 33992.1 66854.2 
67642.7 83450.6 28789.2 18285.8 40539 
13154.8 63500.1 51109.7 64493.8 101148 
46651.3 20329.5 42123.3 45466.7 58891.8 
87003.6 83532.3 49044.2 35690.1 12826.5 
83643.6 111081 51194.7 46017.9 67087.5 
22629.6 67822.2 26043.2 39044.8 78943.3 
44632.7 9518.93 55040.4 61372.6 77682 
81891.7 85181.5 42798.4 29401.5 22731.7 
30365.9 84261.1 51481.3 64204.1 104380 
14924.1 46711 50797 63089.5 95105.3 
28075.1 39548.7 22772.8 31869.3 61459.3 
23736 77449.7 52830.8 66125.9 105345 
90797.6 69495.1 59927 49396.4 15700.3 
98470.8 77789.1 66190.6 54832.9 16323.3 
95883.3 75493.7 63781.2 52563.2 14897.3 
82151.4 50971.6 59363.3 52680.6 33783 
43777.8 54088.2 10660.7 11954.1 44989.8 
21636.3 34485.1 48033.7 58861.6 87009.3 
57194.8 53986.9 25187.3 17710.2 31092.3 
6500 48302.8 35836.6 48520.2 82823.2 
59615.9 6789.7 62871.3 66227.3 73702.7 
70526.7 57677.1 39380.3 29997.7 19836.3 
43871.9 58531.1 6780.12 9100.55 46493.4 
62411 89306.9 28891.9 25781.6 57180.5 
40797.7 69591.1 9704.64 18317.5 58796.3 
18638.7 37610.8 32965.6 43818.7 74055.8 
77141.8 52503.9 51351.3 43833.9 26640 
60326.9 10327.6 70807.9 75846 86145.1 
20274.4 72343.2 37935.7 51027.1 90779.1 
68975.7 59846.8 36133.4 25995.6 19678.7 
67575.2 73374.9 28750.3 15288.2 27543.6 
82125.1 52409.5 58331 51250.9 31515.9 
37095.1 22246.8 38912.5 45094.7 65027.8 
68750.3 64584.9 33358.8 21720 19736.8 
38234.1 49564.7 11788.1 17844 50046.9 
47717.7 60362.3 9920.18 5679.79 42994.4 
71568.1 103191 42359.5 40406.4 69205.9 
63732 73207.2 24496.5 11204 32747.1 
37253.9 17100.3 46836.7 53940.1 73698.1 
39754.9 14342.2 49632.7 56441.6 74949.9 
67294.7 59033.9 34459.5 24515.5 21239.8 
73208.3 66904.1 37906.5 26031.7 15164.8 
78463.3 54314.8 51970 44044.6 25097.6 
14940.2 39117.5 38513.4 49959.3 80741.9 
71684.9 44652.5 49385.5 43816.4 33651.4 
81764.8 109429 49432.9 44485.5 66498.3 
93204.4 62031 67943.3 59641.8 32051.2 
19710.1 38253.1 49655.6 60997.8 90327.7 
18852.1 55420.3 20670 34000 71509.6 
73339.8 33092.7 60140.3 57621.2 50708 
45108 77497.9 17650.5 23568.8 63050.9 
58593.2 97793.3 38651.4 42521.5 78557.6 
67776.5 98955.8 38118.2 36458.9 66657.1 
20906.7 72936.3 38075.7 51121.5 90943.1 
87341 85242.7 49015.3 35584.4 15239.8 
86720.8 108056 50713.4 42568.8 56800 
61894.5 42158.7 39024.4 34598.4 34817.4 
36900 90881.2 59782.4 72417.5 112666 
24780 39713.2 24440.1 34437.9 64854.1 
28725.6 73734.2 27103 39160.2 79605.2 
65309.3 83220 26920.8 17679.9 43499 
64409.4 77359.6 25039.2 12961.9 36689.6 
63602 55732.4 31805.7 22992.4 25124.7 
41685.7 49441.8 13600.4 16541.5 46538.2 
71779.2 40735.5 52285.8 47760.3 38754.7 
70269.3 29047.7 59024.5 57413.8 53319.4 
31679.8 73229.6 22762.2 34301.2 74808.6 
62192.8 15028.3 59315.5 60888.3 64801.5 
76042.8 65996.4 41981.5 30621.9 12396.8 
17199.1 49244.1 23183.6 35806.8 71103.1 
91433.5 82029.9 54997.1 42103.8 5521.78 
35305.8 85470.8 40741.3 52058.6 92562.6 
22812.7 36563 29542 39600.3 68954.5 
63090.6 79047.9 24068.4 13636 40735.7 
45513.2 40024.5 24945.1 25849.8 45136.3 
70708.6 31384.9 57807 55631.8 50482.9 
90730.4 78516.2 55453.9 43028.9 2555.39 
70719.5 45094.8 47819.7 42123.3 32653.5 
52460.7 74756.3 15090.4 12114.9 49757.5 
73968.8 79667.9 34820.8 21446.2 26006.9 
76496.6 69885 40757.1 28497.2 12149.5 
66501.2 77843.9 27100.2 14504.1 34358.8 
35766 87218.6 44467.7 55986.9 96502.1 
53544.8 38934 32538.6 30581.2 40349.6 
92719.5 69745.3 62472.5 52136.9 18396.7 
82570 88534.1 43211.3 30102.7 27300.7 
88647.7 68209.8 57660.1 47162.9 14601.4 
48057.7 17551.4 66398.3 73985 91554.6 
80822.6 53445.3 55797.7 48310.8 28497.2 
87310.8 109148 51570.7 43631.3 58100.3 
91994.8 115643 57362.4 50084.8 64465.3 
56720.5 43214 32477.8 28633.2 35820.1 
29613.8 81924.4 43259.8 55590.1 95987.1 
61061.4 27309.5 48898.4 48076 49915.1 
50714.2 76695.9 15962.5 16414.9 54509.2 
73338.8 75112 35020.1 21639.3 21135.8 
56693 81846 21566.9 18840.9 53510.4 
33842.3 61360 6637.02 19932.4 59526.8 
62157.9 36415.7 43488.4 40498 40382.3 
37842.8 91674.5 56116.4 68324.2 108777 
66070.9 53926.8 36018.9 27756.3 24300.8 
90351.5 107355 52701.5 42769.1 50599.8 
79520.7 95558.6 41204.5 30878.1 43602.8 
66761.2 49502 39783 32886.8 27420.4 
33324.2 87329.1 55680.6 68382.6 108577 
61315.3 36378.6 42560.3 39677.8 40392.7 
31856.7 31030.6 30486.7 37835 62428.9 
100457 76100.6 69876.7 59159.2 22363.6 
71942 96055.4 36873 30818.3 55211 
42843.9 34468.1 28328.3 31113.3 50183.9 
83539.9 54113.3 59184.5 51781.9 30564.4 
66110.5 35573.2 48778 45671 42180.8 
86176.9 81522.1 48614.8 35378.7 10656.9 
78652.9 103075 44041 37669.1 58580 
35654.5 46768 14132.6 21290.4 52569.4 
59229.5 49941.6 30375.3 24000.2 30538 
54719 74342.6 16230.8 9904.04 46265 
63456.5 79840 24544.7 14383.7 41294.2 
50981.3 4701.06 56218.1 60864.9 72963.6 
19195.1 69018.5 32733.2 45895.6 85542.3 
47985.4 12516 48931.1 53084.8 65938.9 
31101.4 57771 8321.66 21691 60196 
73193.2 88955.8 34560.1 24075.9 41255.4 
27578.6 63806.3 15670.7 28768.4 68570.8 
72584.6 31408.6 60401.3 58278.4 52348.9 
77386.4 70876.8 41465.4 29081.4 11463.4 
31594.5 22429.4 45292.2 53698.5 76600.6 
73786.9 79388.5 34659.1 21272 25889.8 
54372.1 52583.7 22913.1 16720 33902.5 
55085.8 16658.9 71619.7 78388.3 93119.3 
22360.7 73203.3 35727.4 48623 88632.8 
72047 85203.3 32867.3 21232.3 36915.2 
26445.8 27945.8 40371.9 49601.8 75194.1 
81531.5 74100 45412 32816.2 7810.25 
50575.6 86085.1 26420.1 30909.1 68766.9 
84258.9 103600 47270.8 38310.3 51711.7 
23598.3 33127.2 33702.4 43416.6 71277.6 
32499.2 61985.2 8598.26 21800.9 61500.1 
50621.1 91042.2 33418.1 39502.2 77729 
49896.4 82246.1 21840.3 25480.4 63507.9 
9364.83 51526.8 47703.4 60506.7 94449.1 
67708.2 100499 39641.5 38835.6 69744.8 
62304.1 60773.1 27244.3 16552.9 26163 
65427.6 59760.2 31693.8 21444.1 22800.2 
54883.6 48081 26826.9 22030.2 34494.2 
39200.1 79888.9 25235.3 34582.8 74769.3 
76131.8 98819 40414.1 33302.4 54230 
61006.3 9580.19 70384.7 75112.2 84669.1 
59521.5 12589.7 72011.4 77578.9 89083.8 
45642.2 67354.9 7240.17 10117.8 50599.7 
35787.4 89159.7 51552 63641.7 104120 
10965.9 43583.7 41960.9 54068.2 86204.7 
11428.5 43889.4 34135.3 46240.4 79121 
14751.3 64400.7 31942 45352.4 84256.9 
50720 3827.53 57095.8 62007.1 74536 
64004.5 61027.6 29218 18470 24334.3 
45044.4 65738.3 6053.92 9402.13 49905.7 
51072.5 47629.9 23200.2 19924.9 37778.6 
34149.4 84968.1 41676 53257.3 93775 
55670.5 94908.9 36060.6 40552.7 77380.2 
55870.2 34090.6 38508.3 37065.3 43265 
71732.3 47084.6 47767.1 41531.3 30647.2 
74992.3 95402.8 38084.8 29856.3 49696.1 
19758.5 70008.6 33666.2 46779.9 86507.5 
25500 43262.9 20554.8 31004 63037.5 
65848.5 66124.5 29045 16693.1 23926.6 
24033.3 77856.3 52369.9 65632 104959 
40091 36047.2 25742.2 29627.9 51538.8 
62620.2 16085.4 59033.9 60377.6 63801.6 
89082.9 106403 51500.1 41687 50475 
76835.7 96905.4 39858.9 31395.5 49763.6 
63968.9 96322.6 35471.3 35075.1 67360.8 
18704.3 72448.7 43382 56659.1 95987.8 
79577.9 81256.8 40853.4 27390.7 19984.2 
20997.6 36944.4 50093.6 61253.7 90050 
42081.1 12524 54688.3 61675.4 79592 
59615.6 50986.8 30098.7 23310.5 29818.1 
23079 37712.7 53484.7 64674.3 93227.1 
28300.7 29635.5 52856.4 62916.2 88550.8 
41645.4 52766.4 10239.6 13831.1 46965.9 
85289.2 90505.8 45941.3 32800.2 26916.4 
79546.3 77989.6 41616 28311.5 15368.8 
65508 16001.6 63140.2 64534.8 66996.4 
76999.9 71429.5 40749.1 28212.4 12311 
80367.8 90737.3 41058.1 28789.2 34084.6 
