1000 5 25
777 335 649 27 763 
9260 5400 4260 1720 7360 2110 3680 5670 4290 7820 5300 8620 1230 670 1350 9290 8020 220 580 690 1670 3930 4560 110 420 
4 19 23 20 16 23 21 0 11 4 24 20 9 0 1 9 4 10 14 11 20 3 22 17 1 16 19 4 22 0 17 3 6 24 7 19 8 24 18 1 4 3 18 14 12 16 9 1 0 21 4 18 18 4 18 13 4 13 17 18 15 0 5 11 17 7 23 3 21 22 5 5 20 1 8 8 12 11 4 21 6 19 24 21 13 20 9 9 11 6 12 22 11 12 13 5 21 11 5 0 20 19 5 22 0 24 23 15 9 11 19 19 0 17 18 17 11 9 2 21 3 8 11 23 8 4 18 21 24 8 3 0 0 4 14 4 0 2 24 2 0 13 10 17 4 14 18 0 24 13 18 15 16 7 10 11 15 17 15 7 5 11 1 2 21 20 6 2 14 15 10 24 20 13 20 17 24 9 20 8 14 3 21 9 0 8 18 24 19 19 6 15 7 7 22 21 4 0 16 14 13 21 12 10 1 9 24 0 18 24 5 0 14 18 22 5 1 3 14 2 13 7 21 16 23 16 17 5 5 11 14 1 18 6 24 1 21 10 20 17 4 9 9 22 13 5 9 24 7 18 15 12 16 24 4 7 21 18 3 9 22 8 16 15 14 10 9 3 6 14 22 6 6 4 0 7 6 8 12 0 17 7 6 8 12 1 9 7 13 11 10 8 16 0 0 10 12 21 13 20 8 0 2 21 10 23 18 1 6 24 2 10 9 5 4 18 5 20 22 2 18 9 10 11 16 0 24 23 1 13 12 3 12 16 15 17 1 6 14 4 4 13 20 10 15 11 19 21 14 23 23 13 24 18 10 11 2 6 23 4 17 19 19 1 8 6 16 12 2 2 18 2 23 0 21 3 5 23 4 10 19 2 1 15 13 6 5 16 21 21 20 13 19 10 8 4 24 14 11 15 11 12 23 17 24 13 12 4 9 10 19 2 14 10 7 16 22 4 3 20 24 11 23 6 17 20 19 12 17 17 6 20 21 9 2 0 16 16 0 8 24 18 17 13 14 6 4 8 20 22 8 2 21 8 0 14 21 19 19 17 4 10 7 20 9 0 21 13 23 23 1 4 2 16 9 19 3 19 23 14 13 5 18 23 5 16 22 16 22 11 2 22 10 23 11 3 3 8 6 22 8 13 16 0 5 16 2 15 3 13 12 13 22 7 20 15 9 3 11 9 9 15 24 1 18 11 10 20 24 8 20 16 15 7 18 5 13 19 13 23 18 8 10 19 22 11 7 14 14 18 8 22 24 15 24 15 4 22 18 16 3 20 12 21 5 3 2 13 8 23 11 13 18 10 9 12 7 4 17 9 4 9 23 21 24 5 5 3 0 12 9 19 11 1 12 21 13 11 8 10 19 21 5 15 15 13 0 7 17 22 3 20 5 8 0 10 15 22 11 5 20 13 5 10 5 2 22 7 17 11 24 6 23 7 1 20 5 7 11 9 24 11 17 23 11 10 5 14 8 0 24 2 19 8 6 16 20 11 2 10 21 12 15 24 2 1 15 1 20 6 20 13 24 19 2 7 2 15 10 22 3 3 1 15 9 9 13 14 0 1 3 4 19 11 7 9 20 7 17 1 13 2 8 4 9 1 18 10 18 3 13 1 24 6 14 11 4 8 14 24 13 9 20 16 6 1 10 5 20 21 13 8 11 5 19 16 22 6 4 9 1 18 11 6 9 10 22 24 0 19 5 21 3 21 19 2 23 19 22 0 7 4 0 4 1 10 23 12 10 19 0 6 3 8 23 11 7 11 19 12 10 16 7 8 19 10 8 12 17 20 0 12 14 4 14 19 10 6 24 1 4 11 4 14 22 5 24 14 9 7 18 6 11 17 8 3 17 5 6 13 2 20 6 2 10 24 13 13 4 16 0 9 10 6 13 4 10 7 11 4 21 7 18 19 1 0 19 2 5 6 20 6 3 23 18 22 14 9 20 5 4 17 6 8 3 7 1 21 1 1 3 1 4 8 8 5 1 17 5 24 3 12 13 8 21 24 14 6 15 10 21 5 8 8 16 12 3 17 2 11 18 3 16 16 11 10 20 16 17 6 3 17 9 18 4 13 19 11 1 0 21 11 2 2 21 0 3 7 10 12 2 24 4 14 17 2 4 21 19 17 21 12 4 10 24 2 6 9 21 19 7 8 8 11 18 2 16 8 19 5 7 2 18 7 10 19 11 18 10 12 12 13 24 24 4 10 23 24 20 13 18 0 11 17 1 9 20 1 10 17 3 2 14 13 3 20 12 15 22 22 
4651.08 6573.8 721.803 760.592 4811.79 
5316.03 2875.71 4005.36 4029.81 4871.55 
5740.4 7601.09 1875.45 1077.87 4466.45 
3612.48 5685.89 434.166 1641.95 5429.71 
6010.9 1754.82 7537.45 8156.7 9427.14 
8614.51 6252.5 5746.83 4809.83 2047.07 
5898.86 8000.62 2144.62 1511.59 4772.81 
6339.42 9527.42 3441.35 3388.13 6626.16 
1283.9 4134.11 3734.66 4912.35 8084.52 
757.694 6053.92 3722.28 5066.45 8825.72 
5954.49 2119.46 5168.96 5225.67 5617.42 
6746.27 4378.09 4458.8 3930.32 3320.24 
8432.14 9306.45 4495.39 3240.52 3263.92 
3061.05 8281.36 4350.37 5572 9615.66 
2272.2 7370.17 3617.73 4904.33 8908.34 
2358.5 5313.27 1599.06 2895.6 6579 
487.032 5343.94 4401.92 5704.24 9202.23 
5951.24 4875.92 3153.98 2550.71 3093.17 
7571.27 10662.5 4589.47 4310.19 6982.64 
4515.86 8593.93 2957.58 3718.31 7652.56 
4891.55 4979.02 1929.25 1654.84 3937.32 
2971.21 4874.09 1358.01 2433.87 5860.83 
7701.44 4761.77 5448.68 4831 3339.28 
2987.66 2655.9 3747.69 4567.24 6980.35 
6087.77 8125.72 2316.72 1601.78 4686.46 
5207.04 1153.95 5179.29 5514.21 6538.54 
5045.91 4606.79 2387.32 2128.1 3875.59 
8457.33 11128.5 5163.82 4605.7 6615.47 
5608.65 3436.28 3851.57 3696.77 4297.03 
3285.68 2457.48 5418.06 6341.68 8682.08 
6124.13 3018.23 4700.27 4554.67 4684.02 
2178.3 3712.48 5135.46 6251.67 9119.5 
7313.61 6191.12 4034.08 2984.85 1601.53 
1457.74 3947.82 4047.28 5201.25 8280.02 
5878.82 3024.83 4431.37 4316.77 4652.49 
5301.82 7724.31 1698 1511.19 5214.22 
6390.15 4951.86 3624.16 2948.22 2821.1 
4440.02 1380.62 4705.96 5205.25 6724.08 
1436.8 6720.93 3810.47 5150.07 9040.98 
6316.68 2380.76 5386.97 5359.56 5471.54 
1609.63 4279.84 2904.96 4075.45 7333.68 
7050.25 4491.38 4766.43 4201.71 3278.44 
8599.96 8650.47 4719.75 3373.8 1916.38 
2605.09 8002.01 4967.17 6268.28 10253.7 
4941.44 773.369 5328.24 5782.61 7038.55 
5438.54 8102.64 2034.94 1940.23 5549.82 
7154.89 3616.1 5532.63 5197.36 4468.17 
6602.12 7400.74 2688.81 1349.52 3042.53 
4126.98 5998.54 276.586 1128.72 5023.09 
6831.59 4020.61 4818.64 4382.44 3756.59 
6671.71 8780.93 2970.69 2235.73 4859.89 
6316.56 3776.69 4367.15 4024.49 3905.7 
3743.63 9140.25 5750.83 6988.96 11028.2 
6219.11 4130.88 3998.05 3574.76 3555.57 
4678.98 2355.93 3959.42 4242.23 5587.89 
2276.95 3125.54 4117.09 5125.51 7855.04 
8739.5 6720.37 5649.07 4608.31 1454.13 
340.147 5599.04 4253.4 5574.31 9160.81 
8316.33 4759.43 6327.12 5762.54 4047.97 
7083.63 7550.66 3202.14 1855.86 2525.39 
1626.41 4165.3 3019.42 4173.54 7381.4 
3946.35 3386 2759.86 3189.25 5329.89 
2532.98 7925.26 5238.83 6557.35 10510.1 
8533.53 7523.54 4981.86 3740.37 311.448 
6937.45 7474.07 3051.38 1705.11 2648.02 
866.487 5601.08 3135.36 4469 8168.54 
3488.27 3487.94 2598.56 3220.25 5685.16 
5494.59 7628.6 1725.4 1234.71 4832.57 
5764.9 5706.29 2371.24 1486.37 3063.41 
1046.9 6042.39 3267.25 4613.07 8412.15 
4747.09 1744.13 4480.92 4835.3 6121.48 
7632.73 4894.01 5263.39 4605.41 3096.13 
5656.62 3922.27 3532.76 3254.98 3877.38 
4433.53 5118.92 1386.54 1442.57 4393.86 
6049.01 7142.28 2121.32 801.561 3532.78 
5955.52 1562.59 5571.97 5732.66 6235.7 
3740.01 3491.85 2613.58 3128.15 5450.11 
702.14 4749.79 4123.17 5378.94 8730.66 
4501.26 4887.23 1657.47 1669.64 4322.97 
9581.88 6645.36 6891.23 5983.85 2920.15 
5490.15 1408.01 7002.98 7649.33 9063.53 
7742.47 6796.51 4281.55 3110.02 1082.4 
5981.41 1248.68 7208.84 7758.67 8889.78 
5869.8 483.322 6381.93 6770.27 7629.92 
7520.91 6516.27 4131.92 3009.87 1328.34 
6864.76 3271.85 5406.26 5155.98 4704.73 
7971.61 9082.04 4046.23 2838.05 3513.7 
3440.71 5945.77 509.902 1855.4 5760.95 
5202.47 8797.55 2829.31 3247.85 6992.03 
5105.29 8260.27 2198.29 2483.95 6245.01 
5387.81 6715.91 1463.28 166.433 4010.05 
9194.05 8247.38 5548.13 4257.38 588.303 
5708.46 8369.15 2312.49 2119.46 5572.15 
6111.91 8629.86 2624.52 2234.86 5411.28 
5651.07 7194.67 1715.72 638.905 4120.29 
5219.82 2164.53 4460.25 4632.2 5551.95 
5236.89 1464.14 6842.02 7524.75 9056.47 
5985.06 1284.56 5809.83 6019.85 6573.92 
7746.65 9568.31 3977.3 3040.95 4669.78 
6427.95 1516.11 6206.13 6360.7 6672.61 
4904.86 7842.97 1764.77 2059.34 5906.99 
8051.05 8810.82 4111.22 2821.1 2948.22 
6650.09 9703.41 3622.21 3441.93 6492.5 
2912.34 2495.96 4582.14 5487.67 7912.05 
6640.03 7790.64 2700.02 1445.54 3458.24 
8822.61 7997.66 5167.36 3877.64 528.11 
6742.73 5346.3 3802.17 2989.31 2401.04 
3278.67 4405.56 1692.57 2501.86 5563.43 
2090.29 3350.1 3807.28 4841.99 7677.77 
8100.38 6637.27 4829.96 3735.91 1047.85 
6330.01 10006.6 3983.63 4173.46 7569.65 
1555.63 6422.25 3056.55 4396.59 8294.44 
1306.14 6633.92 3906.21 5249.38 9114.97 
1960.1 3481.05 4369.36 5453.88 8324.34 
3192.32 7305.37 2222.66 3372.49 7423.4 
2986.13 4486.88 1690.12 2643.67 5843.9 
6717.45 4939.74 4037.08 3349.4 2745.63 
8846.34 5917.11 6288.59 5469.27 2914.88 
1597.9 4090.99 3156.96 4304.75 7479.85 
4593.53 1046.61 5910.26 6582.38 8231.56 
1945.04 7302.86 4280.29 5602.89 9549.71 
6936.63 2981.17 5720.31 5539.54 5143.39 
4453.25 1142.32 4961.9 5501.36 7039.6 
5587.57 7656 1793.6 1215.11 4741.78 
2650.3 2840.74 4764.96 5747.29 8320.61 
2312.06 3511.6 3118.93 4108.19 6979.24 
4126.89 4846.08 1432.24 1752.37 4694.7 
4146.64 1270.63 5046.08 5691.34 7444.78 
8416.28 4957.07 6328.8 5720.51 3866.99 
3895.14 6263.55 235.372 1469.32 5466.01 
5468.83 1094.44 5419.15 5716.79 6587.36 
2558.53 7895.43 5556.73 6887.07 10804.7 
7546.3 9659.32 3891.39 3103.45 5114.76 
4292.84 5833.78 593.633 991.413 4746.76 
6862.36 3330.54 5359.56 5095.13 4627.76 
9294.65 11719.7 5868.47 5164.05 6627.73 
4920.62 2899.28 3676.14 3802.17 5003.73 
4523.74 1544.57 4566.06 5013.52 6464.21 
9126.93 11527.8 5682.06 4972.05 6473.09 
4850.92 6239.14 984.124 415.933 4324.12 
3820.01 2758.12 3332.42 3857.78 5880.69 
7683.76 9918.17 4096.46 3364 5389.11 
6010.07 9033.7 2948.1 2879.2 6225.24 
7773.71 9662.07 4030.71 3125.08 4798.43 
8724.02 7970.77 5052.7 3758.1 618.142 
4673.9 7275.96 1190.38 1516.08 5485.66 
7106.23 8460.83 3191.02 2040.12 3740.98 
1680.77 7000.09 5013.43 6359.01 10178.6 
5274.44 7572 1582.21 1320.95 5056.33 
1286.93 6230.03 3172.46 4518.07 8367.2 
2457.03 7718.4 4148.89 5429.71 9439.36 
6225.09 5094.09 3327.46 2619.26 2811.14 
1954.38 3475.7 3808.48 4870.32 7764.86 
8527.72 9958.5 4670.39 3577.71 4293.37 
9030.64 11089.2 5406.68 4553.43 5741.3 
6512.55 9642.68 3556.88 3441.06 6583.17 
1177.45 5303.86 5055.07 6340.13 9737.53 
7152.2 6075.57 3889.02 2862.17 1754.82 
4359.97 3948.19 2421.24 2612.83 4693.84 
7542.45 6937.05 3961.82 2736.51 1328.8 
5745.44 7359.42 1821.65 804.301 4174.12 
6096.63 9295.34 3211.11 3213.99 6561.01 
6117.36 1461.85 7412.42 7970.23 9093.21 
4067.85 4280.95 1955.33 2292.12 4831.6 
2564.57 6418.26 1823.21 3136.65 7111.57 
8716.99 11202.1 5310.08 4652.14 6393.45 
2119.93 3282.99 4196.12 5240.31 8038.74 
710 6101.29 4008.89 5352.17 9092.93 
3750.47 6265.47 368.917 1638.78 5634.13 
4080.32 5929.63 290.689 1173.46 5036.71 
9106.07 6064.09 6570.37 5746.59 3078 
2465.95 5802.62 1521.91 2867 6715.27 
1126.99 5195.77 4972.26 6251.15 9629.29 
3231.49 6200.47 882.043 2202.39 6172.14 
1034.46 6341.37 3780.21 5126.45 8944.52 
6645.34 6160.93 3197.25 2112.56 2178.46 
6964.75 8974.56 3233.73 2418.78 4759.46 
4037.08 7502.19 1709.88 2568.11 6590.98 
4002.11 1543.5 5502.45 6262.31 8192.95 
5496.37 1615.55 5081.28 5290.83 6062.78 
2963.8 4703.4 1504.46 2527.23 5857.93 
6834.18 5043.86 4114.91 3394.11 2636.55 
8587.85 7175.27 5208.77 4043.61 565.862 
5058.94 4628.54 2382.02 2111.52 3857.78 
8120.15 8914.54 4180.05 2898.84 3023.72 
3051.25 7662.3 2969.21 4140.74 8191.29 
6165.07 7640.54 2237.59 1115.03 3933.76 
580.086 5001.2 3483.82 4770.17 8263.95 
2647.56 5778.8 1320.19 2663.91 6510.74 
2135.91 7439.62 4139.98 5447.28 9424.61 
2187.62 4664.01 2046.36 3226.16 6634.1 
1315.52 6230.03 3134.28 4479.75 8332.03 
4528.23 8449.76 2725.47 3448.43 7376.1 
4387.55 4555.05 1880.03 2001.25 4473.03 
8669.77 5631.52 6223.71 5459.5 3125.78 
2122.07 3816.98 2903.53 3953.99 6979.76 
8634.54 11252.8 5310.1 4717.81 6611.51 
4776.02 8787.97 3059.43 3732.51 7614 
7577.51 10721.1 4643.03 4390.01 7091.74 
6347.39 4067.95 4193.38 3773.45 3609.17 
6964.43 6654.7 3357.26 2145.16 1933.42 
5874.9 882.383 6913.44 7425.64 8504.17 
910.879 5667.03 4850.51 6164.32 9692.5 
1540.55 3949.2 4384.56 5540.66 8589.19 
6863.24 7280.25 3010.55 1669.4 2544.66 
4948.13 759.276 5341.77 5796.72 7050.63 
9245.89 6660.12 6394.14 5434.38 2312.25 
3576.1 7178.65 1646.94 2709.78 6761.04 
4261.61 8420.21 2898.31 3745.09 7721.66 
2234.86 6759.92 2610.08 3913.18 7899.49 
8109.41 5023.59 5836.99 5178.9 3366.9 
6333.78 1834.15 5819.32 5904.74 6150.2 
3995.92 2482.12 6300.2 7201.18 9372.51 
4220.19 1414.96 5724.17 6464.18 8309.96 
6223.84 1013.16 6370.57 6638.87 7198.81 
4259.62 8506.73 3042.58 3905.48 7884.38 
4517.74 4448.97 2070.87 2120.38 4378.79 
8276.13 8095.34 4465.12 3127.75 1477.63 
7802.24 6463.75 4526.57 3446.06 1221.84 
3949.2 1540.55 4706.01 5355.84 7196.11 
5641.56 830.963 5758.58 6075.43 6901.03 
8735.46 9938.9 4838.27 3676.33 3982.21 
7634.82 9448.47 3857.8 2919.26 4616.37 
2369.58 7766.23 5076.32 6398.32 10343.2 
674.24 6016.59 4368.67 5706.29 9386.16 
9275.52 8016.55 5741.53 4492.85 456.18 
4594.98 1874.59 6514.15 7303.6 9157.14 
2943.35 8275.57 4707.14 5963.03 9992 
6088.23 2222.72 5239.9 5262.79 5549.23 
3207.82 3019.74 3134.61 3863.59 6285.9 
4190.75 8629.51 3324.35 4238.73 8232.34 
7632.69 5540.3 4838.65 4000 2229.48 
4185.7 5144.01 1172.09 1478.28 4652.36 
3104.08 7362.85 2410.19 3574.98 7625.12 
2751.91 8138.19 5444.09 6757.41 10720.8 
4336.83 1912.07 4199.45 4649.61 6222.97 
5983.69 976.729 7022.49 7527.34 8569.23 
3537.94 8938.04 5804.04 7070.18 11092.9 
6883.68 7045.09 3104.59 1794.71 2295.39 
7059.04 7092.94 3300.48 1996.92 2091.24 
6191.12 7914.32 2313.2 1358.82 4250.67 
5051.75 8282.54 2236.54 2573.44 6354.12 
6937.28 10127.8 4042.24 3891.04 6875.14 
579.741 5183.22 3382.13 4685.65 8244.42 
734.302 5892.99 4596.57 5926.38 9547.41 
2562.89 3510.06 2902.64 3834.16 6653.68 
8504.36 8431.87 4653.18 3307.96 1684.28 
5422.2 9066.71 3092.98 3467.71 7148.71 
1914.81 7290.01 4965.56 6305.18 10184.4 
6520.93 3074.7 5120.35 4928.54 4749.66 
7345.43 8987.35 3500.76 2483.1 4239.62 
2363.26 6622 2277.21 3582.21 7566.77 
4927.41 968.969 5165.32 5591.51 6825.39 
7720.21 9293.49 3871.64 2824.91 4227.21 
808.022 5806.75 3329.29 4669.87 8406.36 
1401.61 5519.2 2558.63 3890.51 7609 
7315.31 5421.23 4492.54 3669.8 2269.27 
3668.96 2321.55 3791.38 4412.27 6440.94 
5504.01 1154.12 6866.11 7477.76 8821.3 
3541.54 1874.51 4642.84 5398.01 7479.66 
8699.27 7353.27 5272.76 4082.71 390.512 
1942.81 5887.16 2124.62 3470.81 7314.76 
138.924 5491.32 4061.23 5378.86 8958.33 
7879 10637.9 4632.46 4155.02 6477.56 
4187.79 4572.8 1735.66 1994.49 4658 
7569.23 10639.4 4568.63 4278.66 6939.03 
8996.29 8776.25 5152.41 3807.47 1621.17 
8769.06 10941.8 5190.86 4391.18 5810.31 
6104.63 9212.09 3125.7 3079.37 6400.13 
8201.28 8753.27 4268.78 2950.42 2641.21 
1881.52 6920.26 3370.37 4688.59 8649.12 
7783.94 7726.12 3977.64 2644.26 1700.97 
4933.15 696.348 6060.4 6665.28 8123.46 
6650.36 6294.01 3134.65 2005.62 2191.46 
2623.6 7842.55 4099.59 5361.91 9386.14 
7136.85 7428.22 3292.19 1951.67 2308.68 
2756.01 3204.26 3147.59 4016.07 6667.01 
9251.09 6156.57 6722.63 5894.76 3164.62 
5908.67 7049.89 1981.34 662.722 3630.34 
1653.39 5159.09 2307.03 3604.01 7220.56 
6124.91 6152.33 2554.41 1453.44 2756.17 
7476.8 9922.22 4002.81 3393.08 5692.28 
8296.17 8897.73 4359.66 3050.59 2750.07 
2402.35 3805.73 5483.89 6603.37 9447.88 
4120.74 6913.93 894.539 1732.54 5781.22 
2464.18 7829.28 5376.33 6704.58 10630.2 
2091.22 3562.37 4837.36 5936.8 8790.55 
7179.44 10377.7 4293.03 4113.59 7002.93 
5187.92 1238.79 5106.62 5432.5 6457.78 
8551.05 7434.71 5042.19 3819.32 274.591 
5567.99 1975.7 7375.23 8083.72 9614.37 
4157.66 6794.78 737.564 1563.49 5614.85 
4370.41 1372.08 5902.17 6634.01 8430.83 
1524.27 3897.24 3749.31 4888.54 7966.45 
7575.94 7824.79 3708.8 2362.99 2143.11 
3380.44 3327.3 2768.12 3431.76 5884.22 
6240.52 2114 5494.22 5526.74 5746.07 
1004.49 6263.14 4691.96 6032.99 9732.5 
1732.2 6903.51 3609.02 4935.84 8875.59 
632.851 4817.51 3645.85 4912.61 8333.34 
3543.02 1932.59 4444.96 5175.35 7247.07 
8352.23 7422.8 4790.26 3548.53 503.289 
6683.85 9471.52 3425.33 3093.12 6018.27 
7842.15 6960.11 4334.44 3134.79 980.867 
2864.16 4165.15 2043.84 2969.48 6021.99 
5755.01 1849.81 5156.82 5287.66 5854.96 
1940.41 3516.43 4414.58 5505.63 8386.48 
3813.29 7554.71 1963.9 2922.05 6957.95 
3154.31 8281.55 4130.69 5327.11 9376.21 
4212.79 3436.47 2809.22 3119.49 5080.73 
4404.33 9107.73 3979.47 4909.76 8897.49 
5881.91 7377.22 1948.33 830.963 4010.05 
2178.16 7202.01 3422.53 4716.69 8712.71 
4727.08 7445.98 1360 1684.67 5620.83 
5959.1 6204.79 2324.22 1198.54 2970.61 
6969.55 8723.45 3141.48 2183.44 4344.97 
3099.44 2437.42 4016.47 4824.37 7152.27 
6792.72 10277.4 4205.77 4226.23 7394.97 
4844.34 7379.6 1304.19 1467.79 5387.56 
4650.01 6499.79 711.126 707.248 4752.98 
4496.78 6803.51 742.496 1161.81 5207.07 
7279.92 8037.36 3348.34 2030 2869.86 
7826.24 4410.05 5874.39 5360.6 3978.87 
3886.35 2354.78 6097.34 6988.43 9158.35 
3347.31 2075.62 4883.65 5719.48 7934.26 
4909.76 4009.11 2761.81 2692.23 4239.26 
7505.86 9463.22 3778.95 2913.42 4824.46 
5289.84 9446.53 3712.64 4307.81 8095.89 
978.621 5510.08 2988.11 4317.79 8003.98 
7221.22 7519.42 3367.86 2024.85 2288.45 
1563.49 3837.19 3968.5 5103.58 8144.99 
7780.62 5148.83 5293.1 4574.1 2856.61 
5579.83 2114 4801.08 4911.3 5563.43 
7935.52 4444.16 6005.46 5490.91 4052.76 
8269.66 8290.91 4410.83 3065.11 1792.79 
8033.01 9005.64 4097.63 2853.79 3298.74 
6456.29 9422.62 3345.74 3151.59 6262.31 
3361.34 3043.11 3068.04 3743.18 6102.2 
8605.53 8721.22 4713.9 3369.33 2028.05 
2792.17 8151.35 4756.19 6030.41 10046.2 
5322.03 8626.92 2577.3 2844.29 6526.94 
6371 1660.27 6005.21 6126.83 6409.13 
5745.37 654.37 6699.28 7201.03 8288.43 
2755.72 2668.28 4157.56 5062.49 7561.12 
5642.35 7611.11 1809.42 1128.94 4611.56 
8702.92 10508.8 4964.05 4012.14 5073.94 
7495.73 7451.72 3712.16 2389.48 1807.6 
965.194 5220.09 2980.82 4289.15 7890.31 
3743.01 8221.19 3099.19 4119.53 8153.19 
1922.55 6535.79 2719.06 4046.95 7990.32 
884.59 6256.64 3956.08 5301.9 9083.77 
8220.97 6006.24 5350.19 4434.41 1994.24 
7315.36 8489.08 3384.23 2172.67 3484.84 
7349.32 7781.89 3458.61 2112.94 2422.66 
5535.96 349.857 6393.51 6889.59 8017.14 
5689.71 8618.36 2533.4 2500.32 5989.67 
6855.14 9491.73 3486.04 3043.85 5806 
3920.46 2500.5 6234.01 7141.32 9337.03 
8536.3 11083.7 5162.94 4541.86 6413.12 
6060.92 9432.08 3363.11 3460.06 6864.77 
3310.74 3203.7 2907.46 3597.47 6036.19 
1029.56 6280.74 3651.21 4997.48 8814.91 
3650.34 7189.53 1593.27 2630.78 6681.08 
8670 9392.02 4730.1 3450.99 3095.95 
5833.73 7525.32 1928.55 972.008 4247.75 
7256.2 3247.77 5952.43 5712.87 5076.78 
3807.16 9205.93 6051.86 7308.39 11338 
2472.45 7258.27 3062.76 4325.85 8348.08 
8973.57 6636.66 6022 5031.6 1920.1 
7104.38 9447.1 3552.03 2916.06 5368.05 
7225.63 9277.4 3526.77 2721.51 4899.51 
4268.63 5350 1029.61 1282.81 4601.93 
10042.2 7322.06 7148.01 6142.44 2670.17 
5571.54 184.391 6262.86 6718.4 7769.77 
7458.22 8198.25 3524.56 2210.2 2840.92 
5360.9 3707.86 3404.76 3249.14 4165.59 
4011.25 6060.92 98.9949 1261.47 5193.12 
8595.46 9768.67 4690.47 3516.82 3860.91 
1764.09 3711.62 4413.22 5534.8 8491.65 
4954.64 5106.56 1886.8 1540.29 3867.93 
2657.71 6529.39 1828.58 3126.05 7119.16 
5513.3 9575.98 3761.91 4276.04 7997.76 
2222.81 3320.24 3563.96 4566.98 7378 
3635.85 2185.15 3962.89 4611.83 6642.44 
4297.96 4670.8 1710.03 1888.31 4539.22 
7419.47 6085.67 4230.37 3220.02 1622.37 
4108.26 2881.41 3271.96 3679.16 5540 
6666.94 5918.26 3358.39 2356.97 2173.13 
2896.64 2505.99 4387.82 5278.3 7703.43 
2483.1 7366.99 3247.11 4508.24 8532.03 
10046.4 7691.66 6944.01 5854.3 2119.1 
5499.46 8630.01 2550.69 2680.76 6278.73 
1723.08 7053.12 5012.43 6357.44 10187.6 
8560.58 9359.13 4621.83 3354.52 3183.24 
4096.35 3254.84 2928.38 3304.38 5286.9 
3737.51 8335.33 3315.31 4350.84 8386.39 
5479.35 7240.25 1569.52 736.817 4396.83 
6618.29 4942.65 3911.27 3225.91 2759.44 
5529.86 5976.09 1925.88 948.947 3387.11 
1970.63 7342.92 4374.03 5697.24 9642.1 
7937.32 7173.29 4363.31 3127.46 928.009 
6882.75 5415.58 3936 3102.03 2302.35 
4497.65 3860.83 2584.14 2719.06 4623.95 
6426.55 7849.34 2500.56 1356.95 3835.64 
6728.04 9419.83 3395.56 3002.22 5861.75 
5341.48 6637.84 1426.36 94.8683 4005.25 
2139.09 6519.66 2430.19 3751.71 7710.75 
3606.51 1820.99 4633.12 5369.48 7412.48 
7184.27 4875.45 4677.8 4007.66 2866.65 
2978.34 8301.71 4687.45 5938.32 9970.18 
4045.86 5566.52 641.95 1283.2 4906.97 
5577.56 2438.13 4564 4615.8 5240.4 
7178.37 6623.96 3640.67 2457.03 1664.81 
3219.72 2417.54 5260.09 6176.49 8521.15 
6574.23 3993.7 4518.52 4100.55 3710.22 
5131.34 362.353 6035.54 6576.64 7883.2 
4955.13 4675.47 2244.15 2010.4 3932.95 
3586.75 6141.18 438.292 1765.11 5728.89 
1967.03 4771.51 2167.6 3389.99 6855.14 
5087.26 335.41 5770.97 6270.14 7528.93 
3412.23 4172.67 1914 2615.89 5479.24 
4609.77 6712.18 737.902 933.809 4982.55 
9441.51 7666.09 6118.82 4953.84 1065.13 
8406.02 10697 4876.89 4141.21 5839.33 
2831.71 2817.53 5112 6095.33 8623.92 
7265.05 7631.21 3392.82 2046.88 2356.88 
7635.51 8738.54 3703.85 2482.14 3420.41 
6812.52 3095.24 5470.58 5263.34 4895.65 
840.595 6185.9 4451.93 5793.46 9504.04 
7912.76 6609.24 4596.28 3489.31 1076.89 
8474.16 7864 4777.16 3475.89 826.075 
7680.1 3795.27 6130.1 5771.27 4741.24 
3289.88 6592.24 1192.06 2423.32 6450.78 
4677.86 1633.55 4539.61 4929.46 6269.05 
5774.6 5688.1 2394.35 1516.05 3051.59 
7996.22 6443.8 4794.26 3738.77 1248.12 
4640.23 8677.74 2990.55 3707.41 7617.25 
5005.01 415.933 5869.11 6413.65 7761.14 
7846.1 9821.01 4141.55 3275.19 4982.58 
7203.47 9280.37 3515.18 2724.7 4936.17 
929.139 5450.01 3024.24 4350 8016.39 
7917.38 10320.4 4434.43 3774.61 5808.18 
5168.53 4504.58 2589.09 2305.41 3814.25 
3490.57 7451.83 2120.09 3189.25 7238.96 
4145.96 7660.08 1851.94 2660.11 6665.28 
6787.24 9521.9 3489.83 3112.46 5958.59 
5717.9 5640.43 2356.71 1508.51 3106.93 
7049.44 9624.72 3644.08 3144.17 5764.2 
4907.89 5282.13 1695.79 1328.23 3918.47 
2969.06 7071.08 2139.25 3346.77 7388.65 
6307.65 4765.18 3652.63 3040.59 2990.55 
4899.39 4194.53 2597.71 2495.52 4154.44 
7762.48 8926.93 3838.88 2640.55 3548.31 
3146.82 3387.74 2750.45 3500.36 6082.54 
6886.08 6870.65 3170.36 1896.23 2157.61 
5809 8664.19 2585.5 2476.55 5894.75 
6212.65 7867.03 2318.64 1315.52 4157.69 
3918.43 9027.18 4575.52 5678.81 9723.85 
5321.89 1532.12 4996.4 5250.38 6149.64 
4491.11 1173.8 5885.34 6581.16 8292.48 
6106.86 1767.06 7598.27 8203.91 9429.93 
3011.44 6499.42 1397.03 2675.29 6682.41 
3616.14 2258.58 5692.54 6580.46 8794.8 
6865.6 2602.5 5919.49 5828.46 5596.04 
9052.81 7190.94 5826.71 4714.24 1135.65 
2976.74 4612.86 1578.77 2570.02 5845.55 
778.332 4969.32 4502.5 5773.13 9148.22 
6801.68 5210.77 3964.15 3193.12 2490.98 
7556.54 7008.01 3949.48 2709.78 1344.66 
5529.86 7987.69 1966.57 1704.96 5261.38 
5664.08 5952.65 2101.07 1114 3224.9 
2398.42 7744.35 5411.81 6744.72 10653.4 
8425.04 7706.46 4771.69 3488.62 680.074 
5062.97 5333.1 1820.6 1337.95 3762.35 
4112.53 8176.06 2641.7 3517.12 7513.22 
9970.92 7401.73 6998.19 5963.06 2410.75 
3944.62 5723.15 410.488 1321.36 5083.25 
3444.2 4281.68 1804.72 2506.89 5423.03 
7980.14 6235.74 4888.24 3886.31 1498.93 
5179.81 4472.24 2626.12 2346.49 3819.03 
5661.07 7036.83 1721.86 499.3 3946.35 
4911.47 8727.76 2880.62 3459.84 7299.27 
5613.29 3680.61 3671.47 3460.66 4087.3 
9299.03 8133.2 5725.43 4460.72 492.544 
7714.61 9825.97 4066.31 3270.54 5176.97 
5419.83 8960.54 2956.91 3290.87 6960.03 
5959.14 870 6933.87 7425.16 8446.18 
4363.94 1262.89 4842.08 5388.62 6972.59 
3862.91 7001.27 1164.99 2142.83 6193.33 
8990.94 6340.07 6225.47 5313.1 2434.83 
6149.62 2404.68 5176.07 5156.76 5367.83 
10397.5 7901.83 7329.65 6245.01 2483.95 
9640.88 6869.44 6837.03 5881.54 2653.77 
8045.99 10762.3 4772.98 4262.02 6480.02 
7604.16 4590.88 5434.74 4858.08 3496.87 
1173.37 5900.69 2983.04 4327.82 8116.96 
4318.85 1217.54 4923.03 5497.06 7120.85 
4220.19 8332.4 2794.01 3644.72 7626.44 
7921.88 10869.5 4823.2 4438.22 6876.42 
8382.18 10717.5 4876.69 4162.52 5912.22 
5397.08 7352.09 1539.42 929.139 4630.56 
5563.45 1630.25 5130.43 5326.8 6052.65 
6103.79 2080.02 5361.28 5410.9 5717.1 
3948.72 2444.36 6226.37 7125.39 9300.29 
2430.74 3054.86 4664.76 5682.65 8354.55 
4012.54 3632.8 2549.08 2934.5 5136.35 
5206.5 6620.91 1280.82 126.491 4161.85 
543.415 5215.36 3411.19 4717.17 8283.12 
3949.3 1491.21 5273.76 6010.41 7926.79 
6861.81 10165.5 4080 3998.36 7063.83 
4779.73 2086.55 4228.11 4522.32 5780.28 
4722 8633.94 2864.47 3526.43 7414.18 
1158.02 4993.25 2845.86 4130.3 7666.37 
3816.24 4490.55 1651.3 2163.63 5026.7 
5759.11 2890.43 4407.68 4340.06 4787.24 
5645.26 3179.26 4080.6 3973.64 4521.24 
1644.78 3865.05 4457.08 5601.26 8611.25 
6655.3 9837.22 3750.96 3638.16 6737.36 
6455.98 3683.07 4599.3 4267.8 4027.82 
4307.57 1093.3 5276.03 5913.54 7600.59 
5659.47 2022.99 4940.7 5054.31 5660.48 
6303.18 1190.38 6318.39 6546.18 7015.73 
4210.01 6258.38 272.947 1101.36 5096.08 
6217.03 4756.31 3550.51 2950.02 3031.17 
7799.47 10668.3 4634.93 4219.96 6654.27 
2387.17 3651.21 5345.81 6449.2 9261.9 
2950.83 8314.6 4884.39 6149.62 10172.5 
8142.56 5006.76 5895.98 5245.58 3431.57 
7899.53 7178.67 4312.92 3072.1 980.816 
2279.85 7676 5026.69 6352.02 10288.2 
9478.91 6351.86 6930.66 6084.62 3231.9 
5763.51 3109.1 4250.75 4136.96 4572.99 
6602.42 7040.35 2770.65 1440.14 2680.19 
1128.94 6444.18 4679.53 6024.16 9766.68 
6014.22 5344.53 2905.48 2132.44 2857.43 
6032.99 6536.37 2264.18 1004.49 3052.41 
6898.24 4155.02 4807.54 4334.62 3622.5 
5704.67 6438.17 1910.03 666.108 3404.72 
3736.96 2277.28 5864.35 6751.45 8940.83 
6003.54 3440.93 4258.57 4033.72 4236.47 
3068.11 2348.53 4359.66 5205.78 7540.54 
1474.35 4548.76 4979.9 6199.27 9376.59 
5605.76 9591.88 3730.52 4195.87 7880.36 
7798.78 8912.67 3870.72 2658.01 3473.33 
1462.19 5266.74 2480.5 3791.89 7437.49 
3834.07 3573.51 2553.31 3023.72 5322.34 
4624.48 790 5413.88 5983.19 7483.8 
2848.86 6571.8 1655.57 2935.37 6942.64 
5151.4 6884.91 1219.26 508.035 4462.12 
4114.28 4109.04 2141.59 2453.75 4842.12 
4969.12 2718.03 3853.69 3995.92 5133.61 
9190.48 7350.52 5933.14 4802.77 1102.91 
4555.36 6826.42 779.872 1115.21 5156.56 
7576.23 8041.67 3669.35 2328 2441.68 
3912.61 4710.58 1463.22 1938.69 4911.38 
7445.82 8974.66 3575.77 2507.31 4076.13 
5520.48 7280.93 1613.01 768.96 4386.99 
2564.62 7945.12 5358.1 6679.8 10624.4 
5617.77 8010.72 2014.2 1675.86 5173.25 
3614.75 9014.15 5722.39 6973.46 11006.2 
8430.21 9889.92 4576.85 3493.15 4300.57 
8914.03 5904.96 6395.19 5588.02 3038.32 
6926.15 2619.79 5989.27 5895.15 5632.14 
4566.95 2225.69 6697.95 7531.6 9478.08 
2561.25 7925.71 4648.41 5938.79 9938.46 
7472.96 9719.28 3882.95 3168.09 5326.93 
5533.36 2970.15 4129.5 4087.7 4734.82 
2780.65 7066.29 2354.76 3588.93 7623.4 
6614 6050.43 3217.53 2169.1 2207.71 
5940.01 7314.98 2000.4 801.311 3862.03 
4816.57 9121.4 3562.61 4306.7 8204.03 
2262.76 3146.59 4314.9 5338.25 8071.76 
8576.06 5953.36 5878.07 5015.7 2476.81 
7760.96 4203.55 5934.48 5471.79 4216.31 
4367.94 7966.58 2132.84 2852.81 6814.87 
2490.18 6718.04 2240.2 3530.01 7530.55 
1165.03 4350.36 3443.63 4648.88 7920.71 
8421 9112.42 4481.12 3189.81 2943.82 
8800.48 10065.7 4915.65 3773.34 4126.85 
4920.42 756.042 5338.41 5801.56 7075.09 
7521.92 8577.19 3585.58 2345.4 3325.67 
1764.65 6360.48 2711.55 4049.69 7960.97 
2486.52 5368.62 1467.69 2767.24 6471.18 
780 5284.21 4667.82 5960.54 9407.07 
4038.87 5818.33 368.782 1220.04 5024.43 
8431.49 7474.79 4870.62 3627.45 424.5 
3141.86 8539.53 5338.41 6612.27 10628.5 
6834.07 10300.3 4225.87 4230.9 7377.13 
5628.83 1612.76 7216.2 7871.09 9278.76 
1445.06 4112.38 3363.76 4526.74 7707.79 
3618.65 6181.21 432.782 1747.51 5721.71 
7750.74 10198.2 4288.55 3661.04 5814.89 
4383.21 8572.71 3037.1 3857.01 7816.66 
2468.4 3507.15 5323.02 6407.57 9171.54 
5013.66 672.681 5431.18 5883.3 7108.77 
5326.33 4842.32 2482.84 2044.75 3569.31 
566.127 5164.75 3402.88 4704.69 8256.08 
3826.88 9118.78 5120.6 6290.71 10342.5 
7594.8 8695.04 3662.31 2438.24 3408.52 
2554.41 5704.85 1401.61 2741.71 6564.05 
6017.06 9075.64 2989.4 2937.52 6287.83 
4280.95 6363.22 360.555 1068.88 5089.76 
3733.01 9114.21 5555.69 6778.22 10823 
6062.98 1046.52 7100.94 7600.32 8615.48 
5644.16 619.839 5909.31 6260.39 7131.8 
3641.66 2332.38 3786 4415.12 6460.63 
4648.46 4873.45 1794.46 1700.18 4180.77 
4264.39 6570.49 490.408 1230.04 5277.95 
8329.86 6332.77 5306.32 4315.61 1605.9 
3945.88 4298.15 1886.93 2299.57 4940.47 
9016.43 10967.2 5344.95 4448.15 5525.23 
5337.04 5193.27 2227.13 1667.21 3491.62 
2066.52 3750.33 3049.26 4102.5 7105.84 
3541.54 2139.25 4074.83 4764 6842.11 
8809.73 8539.37 4987.35 3645.85 1450.66 
4377 1464.85 4621.56 5126.92 6682.25 
3500.76 7911.42 2840.42 3910.82 7956.92 
1130.18 6198.39 4947.75 6283.76 9934.79 
8063.85 6874.9 4662.23 3506.12 830.963 
8450.99 10281.4 4712.39 3772.28 4990.16 
3379.25 6412.07 905.539 2169.45 6180.01 
4618.63 8295.36 2440 3078 6984.22 
8528.92 9050.58 4594.13 3280.02 2691.64 
7955.43 9257.7 4055.71 2908.49 3836 
4052.02 2550.49 3560.73 4023.59 5852.77 
1914.37 3701.09 3324.83 4398.41 7393.58 
2985.58 8384.56 5262.03 6546.18 10552.6 
4522.83 2624.52 3659.25 3952.16 5448.61 
6126.38 6178.17 2542.83 1431.26 2762.84 
1540.29 3878.58 3766.17 4902.7 7972.21 
5001 9085.47 3355.96 3992.49 7832.82 
3102.58 3543.97 2597.17 3368.8 6035.11 
6699.89 3675.24 4901.96 4558.04 4114.43 
8167.5 7906.89 4386.99 3058.95 1361.25 
1001.85 5780.14 3089.11 4430.36 8180.79 
3104.83 7822.9 3190.81 4356.01 8407.29 
3833.76 9010.67 4716.82 5848.5 9898 
1410.28 3992.99 4011.21 5171.59 8270.36 
5961.42 9753.85 3785.05 4097.08 7640.61 
5877.66 7482.51 1958.01 926.984 4137.26 
6518.72 4713.49 3944.46 3332.16 2979.55 
6780.6 5413.19 3807.57 2973.57 2338.57 
7562.47 9842.21 3994.6 3292.01 5422.63 
3062.5 2833.02 3427.33 4210.48 6638.11 
5110.5 5161.44 2005.32 1555.89 3712.71 
4073.14 1658.49 5756.01 6540.34 8489.1 
2378.99 7777.87 4867.21 6180.55 10145.4 
5985.09 3785.13 3985.4 3681.43 3907.44 
3746.41 8980.94 4845.17 6002.93 10054.5 
6394.91 2823.47 5153.5 5025.94 4988.24 
8600.38 5317.45 6340.29 5653.83 3540.9 
2039.34 3940.69 5163.87 6308.89 9253.46 
7840.84 10014 4228.34 3458.09 5342.9 
7742.67 7662.88 3946.2 2616.3 1683.45 
6443.42 1275.62 6463.7 6680.64 7088.9 
1316.74 6566.13 3691.68 5034.38 8906.74 
2094.18 3979.36 5261.15 6408.53 9351.25 
3934.29 9073.73 4674.49 5784.41 9830.5 
9499.42 6589.76 6805.41 5900.01 2865.4 
9038.26 7879.21 5488.84 4238.03 222.036 
6182.69 4689.26 3556.88 2980.42 3093.62 
2909.86 8310.49 5286.44 6578.82 10575.7 
8345.28 10601.9 4795.52 4046.05 5741.3 
6217.03 1657.38 5808.76 5934.66 6283.18 
3100.98 7255.47 2252.29 3423.35 7472.38 
6594.69 6750.56 2860.44 1587.95 2464.02 
7278.19 7864.15 3365.74 2026.75 2635.39 
9042.62 6242.89 6361.08 5481.04 2676.49 
7722.7 7462.36 3984.7 2677.55 1480.03 
7067.25 8329.86 3139.57 1949.97 3599.47 
871.321 6271.95 4175.94 5521.05 9282.94 
4904.94 2100.6 6925.61 7717.23 9524.76 
7722.1 8516.08 3782.98 2488.05 2941.87 
4721.49 6158.72 868.332 544.518 4428.24 
3282.1 3729.79 2368.65 3083.67 5762.12 
3872.42 5630.32 480.521 1405.13 5121.5 
2675.24 8072.17 5272.74 6583.11 10552.7 
6911.04 9460.76 3482.44 2983.77 5670.07 
5696.82 315.753 6386.31 6830.77 7830.3 
4137.29 7451.69 1573.18 2376.22 6393.51 
1874.17 3660.49 3475.89 4553.6 7533.13 
8969.75 8453.85 5202.4 3873.31 1109.82 
2163.33 3530.34 3261.98 4282.29 7183.16 
9165.51 6029.61 6681.38 5875.31 3235.14 
3640.18 8791.64 4507.28 5653.5 9704.66 
7454.35 10263.5 4234.55 3819.8 6369.15 
3758.9 2410.52 3680.49 4260.58 6250.8 
1185.33 4270.7 3584.2 4780.06 8013.59 
1245.55 4651.55 2960.02 4200.02 7608.44 
5406.15 7924.56 1881.38 1710 5342.37 
7949.27 5302.92 5422.62 4673.9 2781.53 
3764.49 1680.74 5183.68 5955.25 7969.07 
2769.3 2820.23 3717.97 4593.67 7122.05 
9812.22 6907.88 7064.35 6125.23 2906.63 
8234.96 6751.61 4949.75 3842.2 948.947 
3331.1 4982.3 1128.05 2093.08 5509.63 
7018.33 5664 3956.07 3048.44 2069.69 
7904.41 9561.13 4086.49 3075.86 4436.05 
3280.75 5880.02 667.533 2010.99 5895.74 
7305.05 8811.69 3424.62 2344.46 4009.3 
8998.36 11242.4 5463.81 4689.32 6083.63 
3798.17 9010.05 4804.16 5949.83 10000.7 
7338.67 3655.38 5753.5 5412.88 4576.73 
5578.86 4577.25 2954.89 2520.5 3486.33 
6699.38 2982.42 5410.08 5231.87 4962.51 
1070.56 6266.42 4805.77 6145.64 9831.55 
8657.82 10063.4 4798.39 3698.78 4310.45 
5693.03 1636.25 5247.45 5424.04 6066.2 
9385.53 8117.91 5843.81 4590.27 564.624 
2346.83 6160.88 1850.11 3188.48 7111.53 
8271.18 7537.76 4640.91 3370.53 722.011 
9087.93 6855.44 6056.6 5027.22 1736.58 
8567.69 7741.14 4939.17 3664 500.1 
8179 10062.8 4450.67 3536.38 4959.7 
6993.78 4283.65 4838.94 4330.57 3507.08 
4268.97 9137.67 4230.65 5224.64 9237.17 
6833.23 5326.58 3929.49 3122.72 2387.3 
6996.87 7862.8 3062.83 1751.4 3042.37 
7924.02 5450.94 5290.77 4499.08 2544.66 
3655.31 7412.6 1901.58 2921.04 6967.24 
7719.13 6299.71 4505.22 3460.71 1380.04 
5424.7 4870.16 2566.73 2086.77 3479.37 
4954.07 7122.51 1154.34 1011.93 4954.29 
5168.54 2312.94 4310.56 4469.38 5425.46 
3481.05 8680.02 4546.76 5721.58 9773.15 
4095 1313.81 5050.99 5711.83 7499.15 
4570.18 1163.87 5985.11 6678.03 8365.58 
3045.39 3714.69 2435.26 3238.83 6005.08 
3921.86 6881.63 968.762 1939.33 5990.96 
8191.76 9102.07 4254.7 3000.83 3240.99 
2950.54 8110.06 4102.78 5326.1 9368.87 
1502.43 6255 2922.19 4266.11 8140.52 
8066.93 9759.1 4266.17 3270.43 4562.69 
6713.78 6263.86 3229.64 2114.73 2116.25 
2365.46 5245.85 1608.01 2892.09 6548.77 
4954.05 4848.64 2098.88 1822.58 3895.9 
6144.48 6974.33 2256.83 910.934 3243.76 
8938.26 5944.16 6404.4 5589.89 3010.6 
2715.88 2685.09 4390.05 5322.59 7839.71 
6531.71 2354.68 5670.92 5639.04 5639.88 
3118.41 7619.99 2808.34 3965.51 8016.86 
2012.01 3793.32 4989.64 6119.23 9037.37 
4907.5 3100.4 3505.84 3602 4849.1 
4670.64 4047.64 2540.31 2567.43 4398.51 
6748.28 9450.22 3424.27 3033.83 5886.57 
602.08 4898.75 3564.83 4840.51 8294.65 
7697.58 5006.01 5275.65 4590.64 2990.82 
6591.09 6509.45 2957.43 1754.11 2333.17 
8078.94 5408.33 5532.83 4766.31 2750.65 
4548.68 8769.15 3212.38 3996.86 7932.07 
1771.16 5956.15 2353.15 3699.43 7546.89 
2425.28 5678.95 1531.83 2871.24 6682.47 
2150.77 3902.83 2773.18 3828.45 6888.4 
6547.25 4422.33 4181.91 3650.88 3254.8 
2634.92 2777.14 4483.71 5442.35 8002.66 
6128.83 6501.52 2394.16 1155.21 2909.52 
5632.17 3008.32 4195.26 4126.22 4683.39 
5802.02 4154.62 3512.51 3145.82 3642.03 
2880.28 7207.56 2441.25 3652.56 7694.74 
5193.01 739.256 5461.07 5861.21 6958.76 
9135.17 7564.71 5754.17 4572.2 682.642 
3929.02 9082.43 4712.12 5826.63 9873.49 
6090.85 8591.31 2589.9 2193.65 5380.05 
4522.62 7021.81 937.443 1373.06 5395.23 
9536.04 7071.2 6565.76 5545.6 2137.12 
2834.24 8233.41 5334 6635.37 10619.9 
4421.15 1186.8 4917.37 5459.03 7013.27 
1293.56 4159.28 3598.69 4777.46 7967.41 
4982.58 6155.4 1176.61 403.609 4116.47 
7245.09 10534.3 4447.89 4307.23 7218.34 
5750.22 9060.87 2993.41 3135.76 6651.38 
5071.69 7472.68 1435.86 1364.99 5202.4 
1023.03 4797.63 4652.49 5904.25 9206.78 
7108.83 5691.79 4056.02 3143.53 2019.5 
3739.36 6346.19 465.296 1699.41 5710.08 
2186.25 7545.4 5215.52 6551.5 10448.1 
8050.62 7123.62 4530.01 3316.4 773.886 
2710.3 6420.36 1658.55 2965.69 6948.79 
8712.86 11168.7 5288.07 4616.84 6332.85 
8478.87 10647.8 4888.72 4094.89 5643.2 
7416.37 6714.3 3901.28 2717.08 1413.26 
2081.39 7317 3894.78 5201.33 9180.37 
5416.02 1619.14 5010.49 5233.21 6058.26 
7035.69 4401.3 4810.41 4270.19 3381.79 
8649.63 7936.67 4971.3 3674.96 671.193 
3140.27 4759.37 1386 2358.5 5682.65 
6911.74 6104.51 3564.83 2513.66 1925.75 
1721.42 3736.31 4351.57 5476.47 8448.56 
1048.09 6347.24 4660.04 6003.21 9726.16 
6120.46 3861.36 4080.5 3738.72 3820.5 
8464.37 8228.76 4654.73 3316.93 1410.32 
7295.93 10328.8 4258.37 3978.47 6730.74 
6898.3 3351.21 5390.73 5120.79 4625.55 
3564.55 8172.28 3229.32 4300.7 8344.83 
6287.02 6264.7 2697.13 1557.24 2603.46 
7859.47 9717.13 4108.24 3186.86 4776.58 
1690.71 4170.8 2936.15 4085.16 7294.5 
5805.38 8066.78 2130.84 1640.12 4994.1 
1146.3 6351.61 4848.14 6189.67 9890.13 
8694.03 6958.22 5459.32 4355.88 1013.56 
8757.29 9770.01 4834.91 3621.45 3650.38 
8316.95 8903.08 4380.98 3070.26 2730.29 
3140.84 2973.55 5704.19 6703.23 9200.27 
8102.62 9773.94 4296.63 3292.19 4539.92 
4824.74 2113.01 6863.66 7663.63 9500.87 
6895.69 7011.45 3130.58 1827.84 2250.78 
4375.23 1545.48 4542.74 5035.57 6587.41 
6174.14 5404.38 3059.49 2249 2711.05 
4252.02 8877.22 3713.97 4653.4 8650.05 
3130.4 8196.25 3955.52 5146.12 9195.87 
4722.17 7745.99 1688.85 2113.22 6017.88 
7754.84 6024.89 4708 3742.57 1677.2 
5110.63 1031.6 6478.18 7118.66 8595.59 
6055.68 3201.56 4490.9 4313.2 4481.08 
6261.01 9496.45 3412.35 3399.21 6685.42 
6764.27 8345.06 2878.92 1828.58 4053.9 
1315.48 6350.01 5110.97 6449.38 10114.8 
4665.13 2032.95 4212.33 4546.67 5889.18 
8700.36 8353.23 4904.42 3569.01 1282.65 
8364.36 11108.1 5119.47 4601.79 6708.75 
2262.96 6782.22 2604.32 3904.48 7894.33 
4463.27 951.893 5504.04 6137.26 7768.2 
8189.17 8518.15 4279.84 2940.15 2273.17 
3036.59 8426.11 5148.13 6420.41 10438 
1492.41 4671.1 5079.7 6308.95 9510.53 
2807.51 3954.87 2277.28 3186.93 6145.93 
2373.6 7744.97 5283.08 6612.59 10534.5 
9079.76 6949.51 5992.7 4939.64 1570.03 
9847.08 7778.91 6619.06 5483.29 1632.33 
9588.33 7549.37 6378.12 5256.32 1489.73 
8215.14 5097.16 5936.33 5268.06 3378.3 
4377.78 5408.82 1066.07 1195.41 4498.98 
2163.63 3448.51 4803.37 5886.16 8700.93 
5719.48 5398.69 2518.73 1771.02 3109.23 
650 4830.28 3583.66 4852.02 8282.32 
5961.59 678.97 6287.13 6622.73 7370.27 
7052.67 5767.71 3938.03 2999.77 1983.63 
4387.19 5853.11 678.012 910.055 4649.34 
6241.1 8930.69 2889.19 2578.16 5718.05 
4079.77 6959.11 970.464 1831.75 5879.63 
1863.87 3761.08 3296.56 4381.87 7405.58 
7714.18 5250.39 5135.13 4383.39 2664 
6032.69 1032.76 7080.79 7584.6 8614.51 
2027.44 7234.32 3793.57 5102.71 9077.91 
6897.57 5984.68 3613.34 2599.56 1967.87 
6757.52 7337.49 2875.03 1528.82 2754.36 
8212.51 5240.95 5833.1 5125.09 3151.59 
3709.51 2224.68 3891.25 4509.47 6502.78 
6875.03 6458.49 3335.88 2172 1973.68 
3823.41 4956.47 1178.81 1784.4 5004.69 
4771.77 6036.23 992.018 567.979 4299.44 
7156.81 10319.1 4235.95 4040.64 6920.59 
6373.2 7320.72 2449.65 1120.4 3274.71 
3725.39 1710.03 4683.67 5394.01 7369.81 
3975.49 1434.22 4963.27 5644.16 7494.99 
6729.47 5903.39 3445.95 2451.55 2123.98 
7320.83 6690.41 3790.65 2603.17 1516.48 
7846.33 5431.48 5197 4404.46 2509.76 
1494.02 3911.75 3851.34 4995.93 8074.19 
7168.49 4465.25 4938.55 4381.64 3365.14 
8176.48 10942.9 4943.29 4448.55 6649.83 
9320.44 6203.1 6794.33 5964.18 3205.12 
1971.01 3825.31 4965.56 6099.78 9032.77 
1885.21 5542.03 2067 3400 7150.96 
7333.98 3309.27 6014.03 5762.12 5070.8 
4510.8 7749.79 1765.05 2356.88 6305.09 
5859.32 9779.33 3865.14 4252.15 7855.76 
6777.65 9895.58 3811.82 3645.89 6665.71 
2090.67 7293.63 3807.57 5112.15 9094.31 
8734.1 8524.27 4901.53 3558.44 1523.98 
8672.08 10805.6 5071.34 4256.88 5680 
6189.45 4215.87 3902.44 3459.84 3481.74 
3690 9088.12 5978.24 7241.75 11266.6 
2478 3971.32 2444.01 3443.79 6485.41 
2872.56 7373.42 2710.3 3916.02 7960.52 
6530.93 8322 2692.08 1767.99 4349.9 
6440.94 7735.96 2503.92 1296.19 3668.96 
6360.2 5573.24 3180.57 2299.24 2512.47 
4168.57 4944.18 1360.04 1654.15 4653.82 
7177.92 4073.55 5228.58 4776.03 3875.47 
7026.93 2904.77 5902.45 5741.38 5331.94 
3167.98 7322.96 2276.22 3430.12 7480.86 
6219.28 1502.83 5931.55 6088.83 6480.15 
7604.28 6599.64 4198.15 3062.19 1239.68 
1719.91 4924.41 2318.36 3580.68 7110.31 
9143.35 8202.99 5499.71 4210.38 552.178 
3530.58 8547.08 4074.13 5205.86 9256.26 
2281.27 3656.3 2954.2 3960.03 6895.45 
6309.06 7904.79 2406.84 1363.6 4073.57 
4551.32 4002.45 2494.51 2584.98 4513.63 
7070.86 3138.49 5780.7 5563.18 5048.29 
9073.04 7851.62 5545.39 4302.89 255.539 
7071.95 4509.48 4781.97 4212.33 3265.35 
5246.07 7475.63 1509.04 1211.49 4975.75 
7396.88 7966.79 3482.08 2144.62 2600.69 
7649.66 6988.5 4075.71 2849.72 1214.95 
6650.12 7784.39 2710.02 1450.41 3435.88 
3576.6 8721.86 4446.77 5598.69 9650.21 
5354.48 3893.4 3253.86 3058.12 4034.96 
9271.95 6974.53 6247.25 5213.69 1839.67 
8257 8853.41 4321.13 3010.27 2730.07 
8864.77 6820.98 5766.01 4716.29 1460.14 
4805.77 1755.14 6639.83 7398.5 9155.46 
8082.26 5344.53 5579.77 4831.08 2849.72 
8731.08 10914.8 5157.07 4363.13 5810.03 
9199.48 11564.3 5736.24 5008.48 6446.53 
5672.05 4321.4 3247.78 2863.32 3582.01 
2961.38 8192.44 4325.98 5559.01 9598.71 
6106.14 2730.95 4889.84 4807.6 4991.51 
5071.42 7669.59 1596.25 1641.49 5450.92 
7333.88 7511.2 3502.01 2163.93 2113.58 
5669.3 8184.6 2156.69 1884.09 5351.04 
3384.23 6136 663.702 1993.24 5952.68 
6215.79 3641.57 4348.84 4049.8 4038.23 
3784.28 9167.45 5611.64 6832.42 10877.7 
6607.09 5392.68 3601.89 2775.63 2430.08 
9035.15 10735.5 5270.15 4276.91 5059.98 
7952.07 9555.86 4120.45 3087.81 4360.28 
6676.12 4950.2 3978.3 3288.68 2742.04 
3332.42 8732.91 5568.06 6838.26 10857.7 
6131.53 3637.86 4256.03 3967.78 4039.27 
3185.67 3103.06 3048.67 3783.5 6242.89 
10045.7 7610.06 6987.67 5915.92 2236.36 
7194.2 9605.54 3687.3 3081.83 5521.1 
4284.39 3446.81 2832.83 3111.33 5018.39 
8353.99 5411.33 5918.45 5178.19 3056.44 
6611.05 3557.32 4877.8 4567.1 4218.08 
8617.69 8152.21 4861.48 3537.87 1065.69 
7865.29 10307.5 4404.1 3766.91 5858 
3565.45 4676.8 1413.26 2129.04 5256.94 
5922.95 4994.16 3037.53 2400.02 3053.8 
5471.9 7434.26 1623.08 990.404 4626.5 
6345.65 7984 2454.47 1438.37 4129.42 
5098.13 470.106 5621.81 6086.49 7296.36 
1919.51 6901.85 3273.32 4589.56 8554.23 
4798.54 1251.6 4893.11 5308.48 6593.89 
3110.14 5777.1 832.166 2169.1 6019.6 
7319.32 8895.58 3456.01 2407.59 4125.54 
2757.86 6380.63 1567.07 2876.84 6857.08 
7258.46 3140.86 6040.13 5827.84 5234.89 
7738.64 7087.68 4146.54 2908.14 1146.34 
3159.45 2242.94 4529.22 5369.85 7660.06 
7378.69 7938.85 3465.91 2127.2 2588.98 
5437.21 5258.37 2291.31 1672 3390.25 
5508.58 1665.89 7161.97 7838.83 9311.93 
2236.07 7320.33 3572.74 4862.3 8863.28 
7204.7 8520.33 3286.73 2123.23 3691.52 
2644.58 2794.58 4037.19 4960.18 7519.41 
8153.15 7410 4541.2 3281.62 781.025 
5057.56 8608.51 2642.01 3090.91 6876.69 
8425.89 10360 4727.08 3831.03 5171.17 
2359.83 3312.72 3370.24 4341.66 7127.76 
3249.92 6198.52 859.826 2180.09 6150.01 
5062.11 9104.22 3341.81 3950.22 7772.9 
4989.64 8224.61 2184.03 2548.04 6350.79 
936.483 5152.68 4770.34 6050.67 9444.91 
6770.82 10049.9 3964.15 3883.56 6974.48 
6230.41 6077.31 2724.43 1655.29 2616.3 
6542.76 5976.02 3169.38 2144.41 2280.02 
5488.36 4808.1 2682.69 2203.02 3449.42 
3920.01 7988.89 2523.53 3458.28 7476.93 
7613.18 9881.9 4041.41 3330.24 5423 
6100.63 958.019 7038.47 7511.22 8466.91 
5952.15 1258.97 7201.14 7757.89 8908.38 
4564.22 6735.49 724.017 1011.78 5059.97 
3578.74 8915.97 5155.2 6364.17 10412 
1096.59 4358.37 4196.09 5406.82 8620.47 
1142.85 4388.94 3413.53 4624.04 7912.1 
1475.13 6440.07 3194.2 4535.24 8425.69 
5072 382.753 5709.58 6200.71 7453.6 
6400.45 6102.76 2921.8 1847 2433.43 
4504.44 6573.83 605.392 940.213 4990.57 
5107.25 4762.99 2320.02 1992.49 3777.86 
3414.94 8496.81 4167.6 5325.73 9377.5 
5567.05 9490.89 3606.06 4055.27 7738.02 
5587.02 3409.06 3850.83 3706.53 4326.5 
7173.23 4708.46 4776.71 4153.13 3064.72 
7499.23 9540.28 3808.48 2985.63 4969.61 
1975.85 7000.86 3366.62 4677.99 8650.75 
2550 4326.29 2055.48 3100.4 6303.75 
6584.85 6612.45 2904.5 1669.31 2392.66 
2403.33 7785.63 5236.99 6563.2 10495.9 
4009.1 3604.72 2574.22 2962.79 5153.88 
6262.02 1608.54 5903.39 6037.76 6380.16 
8908.29 10640.3 5150.01 4168.7 5047.5 
7683.57 9690.54 3985.89 3139.55 4976.36 
6396.89 9632.26 3547.13 3507.51 6736.08 
1870.43 7244.87 4338.2 5665.91 9598.78 
7957.79 8125.68 4085.34 2739.07 1998.42 
2099.76 3694.44 5009.36 6125.37 9005 
4208.11 1252.4 5468.83 6167.54 7959.2 
5961.56 5098.68 3009.87 2331.05 2981.81 
2307.9 3771.27 5348.47 6467.43 9322.71 
2830.07 2963.55 5285.64 6291.62 8855.08 
4164.54 5276.64 1023.96 1383.11 4696.59 
8528.92 9050.58 4594.13 3280.02 2691.64 
7954.63 7798.96 4161.6 2831.15 1536.88 
6550.8 1600.16 6314.02 6453.48 6699.64 
7699.99 7142.95 4074.91 2821.24 1231.1 
8036.78 9073.73 4105.81 2878.92 3408.46 
