1000 5 25
777 335 649 27 763 
92.6 54 42.6 17.2 73.6 21.1 36.8 56.7 42.9 78.2 53 86.2 12.3 6.7 13.5 92.9 80.2 2.2 5.8 6.9 16.7 39.3 45.6 1.1 4.2 
4 19 23 20 16 23 21 0 11 4 24 20 9 0 1 9 4 10 14 11 20 3 22 17 1 16 19 4 22 0 17 3 6 24 7 19 8 24 18 1 4 3 18 14 12 16 9 1 0 21 4 18 18 4 18 13 4 13 17 18 15 0 5 11 17 7 23 3 21 22 5 5 20 1 8 8 12 11 4 21 6 19 24 21 13 20 9 9 11 6 12 22 11 12 13 5 21 11 5 0 20 19 5 22 0 24 23 15 9 11 19 19 0 17 18 17 11 9 2 21 3 8 11 23 8 4 18 21 24 8 3 0 0 4 14 4 0 2 24 2 0 13 10 17 4 14 18 0 24 13 18 15 16 7 10 11 15 17 15 7 5 11 1 2 21 20 6 2 14 15 10 24 20 13 20 17 24 9 20 8 14 3 21 9 0 8 18 24 19 19 6 15 7 7 22 21 4 0 16 14 13 21 12 10 1 9 24 0 18 24 5 0 14 18 22 5 1 3 14 2 13 7 21 16 23 16 17 5 5 11 14 1 18 6 24 1 21 10 20 17 4 9 9 22 13 5 9 24 7 18 15 12 16 24 4 7 21 18 3 9 22 8 16 15 14 10 9 3 6 14 22 6 6 4 0 7 6 8 12 0 17 7 6 8 12 1 9 7 13 11 10 8 16 0 0 10 12 21 13 20 8 0 2 21 10 23 18 1 6 24 2 10 9 5 4 18 5 20 22 2 18 9 10 11 16 0 24 23 1 13 12 3 12 16 15 17 1 6 14 4 4 13 20 10 15 11 19 21 14 23 23 13 24 18 10 11 2 6 23 4 17 19 19 1 8 6 16 12 2 2 18 2 23 0 21 3 5 23 4 10 19 2 1 15 13 6 5 16 21 21 20 13 19 10 8 4 24 14 11 15 11 12 23 17 24 13 12 4 9 10 19 2 14 10 7 16 22 4 3 20 24 11 23 6 17 20 19 12 17 17 6 20 21 9 2 0 16 16 0 8 24 18 17 13 14 6 4 8 20 22 8 2 21 8 0 14 21 19 19 17 4 10 7 20 9 0 21 13 23 23 1 4 2 16 9 19 3 19 23 14 13 5 18 23 5 16 22 16 22 11 2 22 10 23 11 3 3 8 6 22 8 13 16 0 5 16 2 15 3 13 12 13 22 7 20 15 9 3 11 9 9 15 24 1 18 11 10 20 24 8 20 16 15 7 18 5 13 19 13 23 18 8 10 19 22 11 7 14 14 18 8 22 24 15 24 15 4 22 18 16 3 20 12 21 5 3 2 13 8 23 11 13 18 10 9 12 7 4 17 9 4 9 23 21 24 5 5 3 0 12 9 19 11 1 12 21 13 11 8 10 19 21 5 15 15 13 0 7 17 22 3 20 5 8 0 10 15 22 11 5 20 13 5 10 5 2 22 7 17 11 24 6 23 7 1 20 5 7 11 9 24 11 17 23 11 10 5 14 8 0 24 2 19 8 6 16 20 11 2 10 21 12 15 24 2 1 15 1 20 6 20 13 24 19 2 7 2 15 10 22 3 3 1 15 9 9 13 14 0 1 3 4 19 11 7 9 20 7 17 1 13 2 8 4 9 1 18 10 18 3 13 1 24 6 14 11 4 8 14 24 13 9 20 16 6 1 10 5 20 21 13 8 11 5 19 16 22 6 4 9 1 18 11 6 9 10 22 24 0 19 5 21 3 21 19 2 23 19 22 0 7 4 0 4 1 10 23 12 10 19 0 6 3 8 23 11 7 11 19 12 10 16 7 8 19 10 8 12 17 20 0 12 14 4 14 19 10 6 24 1 4 11 4 14 22 5 24 14 9 7 18 6 11 17 8 3 17 5 6 13 2 20 6 2 10 24 13 13 4 16 0 9 10 6 13 4 10 7 11 4 21 7 18 19 1 0 19 2 5 6 20 6 3 23 18 22 14 9 20 5 4 17 6 8 3 7 1 21 1 1 3 1 4 8 8 5 1 17 5 24 3 12 13 8 21 24 14 6 15 10 21 5 8 8 16 12 3 17 2 11 18 3 16 16 11 10 20 16 17 6 3 17 9 18 4 13 19 11 1 0 21 11 2 2 21 0 3 7 10 12 2 24 4 14 17 2 4 21 19 17 21 12 4 10 24 2 6 9 21 19 7 8 8 11 18 2 16 8 19 5 7 2 18 7 10 19 11 18 10 12 12 13 24 24 4 10 23 24 20 13 18 0 11 17 1 9 20 1 10 17 3 2 14 13 3 20 12 15 22 22 
46.5108 65.738 7.21803 7.60592 48.1179 
53.1603 28.7571 40.0536 40.2981 48.7155 
57.404 76.0109 18.7545 10.7787 44.6645 
36.1248 56.8589 4.34166 16.4195 54.2971 
60.109 17.5482 75.3745 81.567 94.2714 
86.1451 62.525 57.4683 48.0983 20.4707 
58.9886 80.0062 21.4462 15.1159 47.7281 
63.3942 95.2742 34.4135 33.8813 66.2616 
12.839 41.3411 37.3466 49.1235 80.8452 
7.57694 60.5392 37.2228 50.6645 88.2572 
59.5449 21.1946 51.6896 52.2567 56.1742 
67.4627 43.7809 44.588 39.3032 33.2024 
84.3214 93.0645 44.9539 32.4052 32.6392 
30.6105 82.8136 43.5037 55.72 96.1566 
22.722 73.7017 36.1773 49.0433 89.0834 
23.585 53.1327 15.9906 28.956 65.79 
4.87032 53.4394 44.0192 57.0424 92.0223 
59.5124 48.7592 31.5398 25.5071 30.9317 
75.7127 106.625 45.8947 43.1019 69.8264 
45.1586 85.9393 29.5758 37.1831 76.5256 
48.9155 49.7902 19.2925 16.5484 39.3732 
29.7121 48.7409 13.5801 24.3387 58.6083 
77.0144 47.6177 54.4868 48.31 33.3928 
29.8766 26.559 37.4769 45.6724 69.8035 
60.8777 81.2572 23.1672 16.0178 46.8646 
52.0704 11.5395 51.7929 55.1421 65.3854 
50.4591 46.0679 23.8732 21.281 38.7559 
84.5733 111.285 51.6382 46.057 66.1547 
56.0865 34.3628 38.5157 36.9677 42.9703 
32.8568 24.5748 54.1806 63.4168 86.8208 
61.2413 30.1823 47.0027 45.5467 46.8402 
21.783 37.1248 51.3546 62.5167 91.195 
73.1361 61.9112 40.3408 29.8485 16.0153 
14.5774 39.4782 40.4728 52.0125 82.8002 
58.7882 30.2483 44.3137 43.1677 46.5249 
53.0182 77.2431 16.98 15.1119 52.1422 
63.9015 49.5186 36.2416 29.4822 28.211 
44.4002 13.8062 47.0596 52.0525 67.2408 
14.368 67.2093 38.1047 51.5007 90.4098 
63.1668 23.8076 53.8697 53.5956 54.7154 
16.0963 42.7984 29.0496 40.7545 73.3368 
70.5025 44.9138 47.6643 42.0171 32.7844 
85.9996 86.5047 47.1975 33.738 19.1638 
26.0509 80.0201 49.6717 62.6828 102.537 
49.4144 7.73369 53.2824 57.8261 70.3855 
54.3854 81.0264 20.3494 19.4023 55.4982 
71.5489 36.161 55.3263 51.9736 44.6817 
66.0212 74.0074 26.8881 13.4952 30.4253 
41.2698 59.9854 2.76586 11.2872 50.2309 
68.3159 40.2061 48.1864 43.8244 37.5659 
66.7171 87.8093 29.7069 22.3573 48.5989 
63.1656 37.7669 43.6715 40.2449 39.057 
37.4363 91.4025 57.5083 69.8896 110.282 
62.1911 41.3088 39.9805 35.7476 35.5557 
46.7898 23.5593 39.5942 42.4223 55.8789 
22.7695 31.2554 41.1709 51.2551 78.5504 
87.395 67.2037 56.4907 46.0831 14.5413 
3.40147 55.9904 42.534 55.7431 91.6081 
83.1633 47.5943 63.2712 57.6254 40.4797 
70.8363 75.5066 32.0214 18.5586 25.2539 
16.2641 41.653 30.1942 41.7354 73.814 
39.4635 33.86 27.5986 31.8925 53.2989 
25.3298 79.2526 52.3883 65.5735 105.101 
85.3353 75.2354 49.8186 37.4037 3.11448 
69.3745 74.7407 30.5138 17.0511 26.4802 
8.66487 56.0108 31.3536 44.69 81.6854 
34.8827 34.8794 25.9856 32.2025 56.8516 
54.9459 76.286 17.254 12.3471 48.3257 
57.649 57.0629 23.7124 14.8637 30.6341 
10.469 60.4239 32.6725 46.1307 84.1215 
47.4709 17.4413 44.8092 48.353 61.2148 
76.3273 48.9401 52.6339 46.0541 30.9613 
56.5662 39.2227 35.3276 32.5498 38.7738 
44.3353 51.1892 13.8654 14.4257 43.9386 
60.4901 71.4228 21.2132 8.01561 35.3278 
59.5552 15.6259 55.7197 57.3266 62.357 
37.4001 34.9185 26.1358 31.2815 54.5011 
7.0214 47.4979 41.2317 53.7894 87.3066 
45.0126 48.8723 16.5747 16.6964 43.2297 
95.8188 66.4536 68.9123 59.8385 29.2015 
54.9015 14.0801 70.0298 76.4933 90.6353 
77.4247 67.9651 42.8155 31.1002 10.824 
59.8141 12.4868 72.0884 77.5867 88.8978 
58.698 4.83322 63.8193 67.7027 76.2992 
75.2091 65.1627 41.3192 30.0987 13.2834 
68.6476 32.7185 54.0626 51.5598 47.0473 
79.7161 90.8204 40.4623 28.3805 35.137 
34.4071 59.4577 5.09902 18.554 57.6095 
52.0247 87.9755 28.2931 32.4785 69.9203 
51.0529 82.6027 21.9829 24.8395 62.4501 
53.8781 67.1591 14.6328 1.66433 40.1005 
91.9405 82.4738 55.4813 42.5738 5.88303 
57.0846 83.6915 23.1249 21.1946 55.7215 
61.1191 86.2986 26.2452 22.3486 54.1128 
56.5107 71.9467 17.1572 6.38905 41.2029 
52.1982 21.6453 44.6025 46.322 55.5195 
52.3689 14.6414 68.4202 75.2475 90.5647 
59.8506 12.8456 58.0983 60.1985 65.7392 
77.4665 95.6831 39.773 30.4095 46.6978 
64.2795 15.1611 62.0613 63.607 66.7261 
49.0486 78.4297 17.6477 20.5934 59.0699 
80.5105 88.1082 41.1122 28.211 29.4822 
66.5009 97.0341 36.2221 34.4193 64.925 
29.1234 24.9596 45.8214 54.8767 79.1205 
66.4003 77.9064 27.0002 14.4554 34.5824 
88.2261 79.9766 51.6736 38.7764 5.2811 
67.4273 53.463 38.0217 29.8931 24.0104 
32.7867 44.0556 16.9257 25.0186 55.6343 
20.9029 33.501 38.0728 48.4199 76.7777 
81.0038 66.3727 48.2996 37.3591 10.4785 
63.3001 100.066 39.8363 41.7346 75.6965 
15.5563 64.2225 30.5655 43.9659 82.9444 
13.0614 66.3392 39.0621 52.4938 91.1497 
19.601 34.8105 43.6936 54.5388 83.2434 
31.9232 73.0537 22.2266 33.7249 74.234 
29.8613 44.8688 16.9012 26.4367 58.439 
67.1745 49.3974 40.3708 33.494 27.4563 
88.4634 59.1711 62.8859 54.6927 29.1488 
15.979 40.9099 31.5696 43.0475 74.7985 
45.9353 10.4661 59.1026 65.8238 82.3156 
19.4504 73.0286 42.8029 56.0289 95.4971 
69.3663 29.8117 57.2031 55.3954 51.4339 
44.5325 11.4232 49.619 55.0136 70.396 
55.8757 76.56 17.936 12.1511 47.4178 
26.503 28.4074 47.6496 57.4729 83.2061 
23.1206 35.116 31.1893 41.0819 69.7924 
41.2689 48.4608 14.3224 17.5237 46.947 
41.4664 12.7063 50.4608 56.9134 74.4478 
84.1628 49.5707 63.288 57.2051 38.6699 
38.9514 62.6355 2.35372 14.6932 54.6601 
54.6883 10.9444 54.1915 57.1679 65.8736 
25.5853 78.9543 55.5673 68.8707 108.047 
75.463 96.5932 38.9139 31.0345 51.1476 
42.9284 58.3378 5.93633 9.91413 47.4676 
68.6236 33.3054 53.5956 50.9513 46.2776 
92.9465 117.197 58.6847 51.6405 66.2773 
49.2062 28.9928 36.7614 38.0217 50.0373 
45.2374 15.4457 45.6606 50.1352 64.6421 
91.2693 115.278 56.8206 49.7205 64.7309 
48.5092 62.3914 9.84124 4.15933 43.2412 
38.2001 27.5812 33.3242 38.5778 58.8069 
76.8376 99.1817 40.9646 33.64 53.8911 
60.1007 90.337 29.481 28.792 62.2524 
77.7371 96.6207 40.3071 31.2508 47.9843 
87.2402 79.7077 50.527 37.581 6.18142 
46.739 72.7596 11.9038 15.1608 54.8566 
71.0623 84.6083 31.9102 20.4012 37.4098 
16.8077 70.0009 50.1343 63.5901 101.786 
52.7444 75.72 15.8221 13.2095 50.5633 
12.8693 62.3003 31.7246 45.1807 83.672 
24.5703 77.184 41.4889 54.2971 94.3936 
62.2509 50.9409 33.2746 26.1926 28.1114 
19.5438 34.757 38.0848 48.7032 77.6486 
85.2772 99.585 46.7039 35.7771 42.9337 
90.3064 110.892 54.0668 45.5343 57.413 
65.1255 96.4268 35.5688 34.4106 65.8317 
11.7745 53.0386 50.5507 63.4013 97.3753 
71.522 60.7557 38.8902 28.6217 17.5482 
43.5997 39.4819 24.2124 26.1283 46.9384 
75.4245 69.3705 39.6182 27.3651 13.288 
57.4544 73.5942 18.2165 8.04301 41.7412 
60.9663 92.9534 32.1111 32.1399 65.6101 
61.1736 14.6185 74.1242 79.7023 90.9321 
40.6785 42.8095 19.5533 22.9212 48.316 
25.6457 64.1826 18.2321 31.3665 71.1157 
87.1699 112.021 53.1008 46.5214 63.9345 
21.1993 32.8299 41.9612 52.4031 80.3874 
7.1 61.0129 40.0889 53.5217 90.9293 
37.5047 62.6547 3.68917 16.3878 56.3413 
40.8032 59.2963 2.90689 11.7346 50.3671 
91.0607 60.6409 65.7037 57.4659 30.78 
24.6595 58.0262 15.2191 28.67 67.1527 
11.2699 51.9577 49.7226 62.5115 96.2929 
32.3149 62.0047 8.82043 22.0239 61.7214 
10.3446 63.4137 37.8021 51.2645 89.4452 
66.4534 61.6093 31.9725 21.1256 21.7846 
69.6475 89.7456 32.3373 24.1878 47.5946 
40.3708 75.0219 17.0988 25.6811 65.9098 
40.0211 15.435 55.0245 62.6231 81.9295 
54.9637 16.1555 50.8128 52.9083 60.6278 
29.638 47.034 15.0446 25.2723 58.5793 
68.3418 50.4386 41.1491 33.9411 26.3655 
85.8785 71.7527 52.0877 40.4361 5.65862 
50.5894 46.2854 23.8202 21.1152 38.5778 
81.2015 89.1454 41.8005 28.9884 30.2372 
30.5125 76.623 29.6921 41.4074 81.9129 
61.6507 76.4054 22.3759 11.1503 39.3376 
5.80086 50.012 34.8382 47.7017 82.6395 
26.4756 57.788 13.2019 26.6391 65.1074 
21.3591 74.3962 41.3998 54.4728 94.2461 
21.8762 46.6401 20.4636 32.2616 66.341 
13.1552 62.3003 31.3428 44.7975 83.3203 
45.2823 84.4976 27.2547 34.4843 73.761 
43.8755 45.5505 18.8003 20.0125 44.7303 
86.6977 56.3152 62.2371 54.595 31.2578 
21.2207 38.1698 29.0353 39.5399 69.7976 
86.3454 112.528 53.101 47.1781 66.1151 
47.7602 87.8797 30.5943 37.3251 76.14 
75.7751 107.211 46.4303 43.9001 70.9174 
63.4739 40.6795 41.9338 37.7345 36.0917 
69.6443 66.547 33.5726 21.4516 19.3342 
58.749 8.82383 69.1344 74.2564 85.0417 
9.10879 56.6703 48.5051 61.6432 96.925 
15.4055 39.492 43.8456 55.4066 85.8919 
68.6324 72.8025 30.1055 16.694 25.4466 
49.4813 7.59276 53.4177 57.9672 70.5063 
92.4589 66.6012 63.9414 54.3438 23.1225 
35.761 71.7865 16.4694 27.0978 67.6104 
42.6161 84.2021 28.9831 37.4509 77.2166 
22.3486 67.5992 26.1008 39.1318 78.9949 
81.0941 50.2359 58.3699 51.789 33.669 
63.3378 18.3415 58.1932 59.0474 61.502 
39.9592 24.8212 63.002 72.0118 93.7251 
42.2019 14.1496 57.2417 64.6418 83.0996 
62.2384 10.1316 63.7057 66.3887 71.9881 
42.5962 85.0673 30.4258 39.0548 78.8438 
45.1774 44.4897 20.7087 21.2038 43.7879 
82.7613 80.9534 44.6512 31.2775 14.7763 
78.0224 64.6375 45.2657 34.4606 12.2184 
39.492 15.4055 47.0601 53.5584 71.9611 
56.4156 8.30963 57.5858 60.7543 69.0103 
87.3546 99.389 48.3827 36.7633 39.8221 
76.3482 94.4847 38.578 29.1926 46.1637 
23.6958 77.6623 50.7632 63.9832 103.432 
6.7424 60.1659 43.6867 57.0629 93.8616 
92.7552 80.1655 57.4153 44.9285 4.5618 
45.9498 18.7459 65.1415 73.036 91.5714 
29.4335 82.7557 47.0714 59.6303 99.92 
60.8823 22.2272 52.399 52.6279 55.4923 
32.0782 30.1974 31.3461 38.6359 62.859 
41.9075 86.2951 33.2435 42.3873 82.3234 
76.3269 55.403 48.3865 40 22.2948 
41.857 51.4401 11.7209 14.7828 46.5236 
31.0408 73.6285 24.1019 35.7498 76.2512 
27.5191 81.3819 54.4409 67.5741 107.208 
43.3683 19.1207 41.9945 46.4961 62.2297 
59.8369 9.76729 70.2249 75.2734 85.6923 
35.3794 89.3804 58.0404 70.7018 110.929 
68.8368 70.4509 31.0459 17.9471 22.9539 
70.5904 70.9294 33.0048 19.9692 20.9124 
61.9112 79.1432 23.132 13.5882 42.5067 
50.5175 82.8254 22.3654 25.7344 63.5412 
69.3728 101.278 40.4224 38.9104 68.7514 
5.79741 51.8322 33.8213 46.8565 82.4442 
7.34302 58.9299 45.9657 59.2638 95.4741 
25.6289 35.1006 29.0264 38.3416 66.5368 
85.0436 84.3187 46.5318 33.0796 16.8428 
54.222 90.6671 30.9298 34.6771 71.4871 
19.1481 72.9001 49.6556 63.0518 101.844 
65.2093 30.747 51.2035 49.2854 47.4966 
73.4543 89.8735 35.0076 24.831 42.3962 
23.6326 66.22 22.7721 35.8221 75.6677 
49.2741 9.68969 51.6532 55.9151 68.2539 
77.2021 92.9349 38.7164 28.2491 42.2721 
8.08022 58.0675 33.2929 46.6987 84.0636 
14.0161 55.192 25.5863 38.9051 76.09 
73.1531 54.2123 44.9254 36.698 22.6927 
36.6896 23.2155 37.9138 44.1227 64.4094 
55.0401 11.5412 68.6611 74.7776 88.213 
35.4154 18.7451 46.4284 53.9801 74.7966 
86.9927 73.5327 52.7276 40.8271 3.90512 
19.4281 58.8716 21.2462 34.7081 73.1476 
1.38924 54.9132 40.6123 53.7886 89.5833 
78.79 106.379 46.3246 41.5502 64.7756 
41.8779 45.728 17.3566 19.9449 46.58 
75.6923 106.394 45.6863 42.7866 69.3903 
89.9629 87.7625 51.5241 38.0747 16.2117 
87.6906 109.418 51.9086 43.9118 58.1031 
61.0463 92.1209 31.257 30.7937 64.0013 
82.0128 87.5327 42.6878 29.5042 26.4121 
18.8152 69.2026 33.7037 46.8859 86.4912 
77.8394 77.2612 39.7764 26.4426 17.0097 
49.3315 6.96348 60.604 66.6528 81.2346 
66.5036 62.9401 31.3465 20.0562 21.9146 
26.236 78.4255 40.9959 53.6191 93.8614 
71.3685 74.2822 32.9219 19.5167 23.0868 
27.5601 32.0426 31.4759 40.1607 66.6701 
92.5109 61.5657 67.2263 58.9476 31.6462 
59.0867 70.4989 19.8134 6.62722 36.3034 
16.5339 51.5909 23.0703 36.0401 72.2056 
61.2491 61.5233 25.5441 14.5344 27.5617 
74.768 99.2222 40.0281 33.9308 56.9228 
82.9617 88.9773 43.5966 30.5059 27.5007 
24.0235 38.0573 54.8389 66.0337 94.4788 
41.2074 69.1393 8.94539 17.3254 57.8122 
24.6418 78.2928 53.7633 67.0458 106.302 
20.9122 35.6237 48.3736 59.368 87.9055 
71.7944 103.777 42.9303 41.1359 70.0293 
51.8792 12.3879 51.0662 54.325 64.5778 
85.5105 74.3471 50.4219 38.1932 2.74591 
55.6799 19.757 73.7523 80.8372 96.1437 
41.5766 67.9478 7.37564 15.6349 56.1485 
43.7041 13.7208 59.0217 66.3401 84.3083 
15.2427 38.9724 37.4931 48.8854 79.6645 
75.7594 78.2479 37.088 23.6299 21.4311 
33.8044 33.273 27.6812 34.3176 58.8422 
62.4052 21.14 54.9422 55.2674 57.4607 
10.0449 62.6314 46.9196 60.3299 97.325 
17.322 69.0351 36.0902 49.3584 88.7559 
6.32851 48.1751 36.4585 49.1261 83.3334 
35.4302 19.3259 44.4496 51.7535 72.4707 
83.5223 74.228 47.9026 35.4853 5.03289 
66.8385 94.7152 34.2533 30.9312 60.1827 
78.4215 69.6011 43.3444 31.3479 9.80867 
28.6416 41.6515 20.4384 29.6948 60.2199 
57.5501 18.4981 51.5682 52.8766 58.5496 
19.4041 35.1643 44.1458 55.0563 83.8648 
38.1329 75.5471 19.639 29.2205 69.5795 
31.5431 82.8155 41.3069 53.2711 93.7621 
42.1279 34.3647 28.0922 31.1949 50.8073 
44.0433 91.0773 39.7947 49.0976 88.9749 
58.8191 73.7722 19.4833 8.30963 40.1005 
21.7816 72.0201 34.2253 47.1669 87.1271 
47.2708 74.4598 13.6 16.8467 56.2083 
59.591 62.0479 23.2422 11.9854 29.7061 
69.6955 87.2345 31.4148 21.8344 43.4497 
30.9944 24.3742 40.1647 48.2437 71.5227 
67.9272 102.774 42.0577 42.2623 73.9497 
48.4434 73.796 13.0419 14.6779 53.8756 
46.5001 64.9979 7.11126 7.07248 47.5298 
44.9678 68.0351 7.42496 11.6181 52.0707 
72.7992 80.3736 33.4834 20.3 28.6986 
78.2624 44.1005 58.7439 53.606 39.7887 
38.8635 23.5478 60.9734 69.8843 91.5835 
33.4731 20.7562 48.8365 57.1948 79.3426 
49.0976 40.0911 27.6181 26.9223 42.3926 
75.0586 94.6322 37.7895 29.1342 48.2446 
52.8984 94.4653 37.1264 43.0781 80.9589 
9.78621 55.1008 29.8811 43.1779 80.0398 
72.2122 75.1942 33.6786 20.2485 22.8845 
15.6349 38.3719 39.685 51.0358 81.4499 
77.8062 51.4883 52.931 45.741 28.5661 
55.7983 21.14 48.0108 49.113 55.6343 
79.3552 44.4416 60.0546 54.9091 40.5276 
82.6966 82.9091 44.1083 30.6511 17.9279 
80.3301 90.0564 40.9763 28.5379 32.9874 
64.5629 94.2262 33.4574 31.5159 62.6231 
33.6134 30.4311 30.6804 37.4318 61.022 
86.0553 87.2122 47.139 33.6933 20.2805 
27.9217 81.5135 47.5619 60.3041 100.462 
53.2203 86.2692 25.773 28.4429 65.2694 
63.71 16.6027 60.0521 61.2683 64.0913 
57.4537 6.5437 66.9928 72.0103 82.8843 
27.5572 26.6828 41.5756 50.6249 75.6112 
56.4235 76.1111 18.0942 11.2894 46.1156 
87.0292 105.088 49.6405 40.1214 50.7394 
74.9573 74.5172 37.1216 23.8948 18.076 
9.65194 52.2009 29.8082 42.8915 78.9031 
37.4301 82.2119 30.9919 41.1953 81.5319 
19.2255 65.3579 27.1906 40.4695 79.9032 
8.8459 62.5664 39.5608 53.019 90.8377 
82.2097 60.0624 53.5019 44.3441 19.9424 
73.1536 84.8908 33.8423 21.7267 34.8484 
73.4932 77.8189 34.5861 21.1294 24.2266 
55.3596 3.49857 63.9351 68.8959 80.1714 
56.8971 86.1836 25.334 25.0032 59.8967 
68.5514 94.9173 34.8604 30.4385 58.06 
39.2046 25.005 62.3401 71.4132 93.3703 
85.363 110.837 51.6294 45.4186 64.1312 
60.6092 94.3208 33.6311 34.6006 68.6477 
33.1074 32.037 29.0746 35.9747 60.3619 
10.2956 62.8074 36.5121 49.9748 88.1491 
36.5034 71.8953 15.9327 26.3078 66.8108 
86.7 93.9202 47.301 34.5099 30.9595 
58.3373 75.2532 19.2855 9.72008 42.4775 
72.562 32.4777 59.5243 57.1287 50.7678 
38.0716 92.0593 60.5186 73.0839 113.38 
24.7245 72.5827 30.6276 43.2585 83.4808 
89.7357 66.3666 60.22 50.316 19.201 
71.0438 94.471 35.5203 29.1606 53.6805 
72.2563 92.774 35.2677 27.2151 48.9951 
42.6863 53.5 10.2961 12.8281 46.0193 
100.422 73.2206 71.4801 61.4244 26.7017 
55.7154 1.84391 62.6286 67.184 77.6977 
74.5822 81.9825 35.2456 22.102 28.4092 
53.609 37.0786 34.0476 32.4914 41.6559 
40.1125 60.6092 0.989949 12.6147 51.9312 
85.9546 97.6867 46.9047 35.1682 38.6091 
17.6409 37.1162 44.1322 55.348 84.9165 
49.5464 51.0656 18.868 15.4029 38.6793 
26.5771 65.2939 18.2858 31.2605 71.1916 
55.133 95.7598 37.6191 42.7604 79.9776 
22.2281 33.2024 35.6396 45.6698 73.78 
36.3585 21.8515 39.6289 46.1183 66.4244 
42.9796 46.708 17.1003 18.8831 45.3922 
74.1947 60.8567 42.3037 32.2002 16.2237 
41.0826 28.8141 32.7196 36.7916 55.4 
66.6694 59.1826 33.5839 23.5697 21.7313 
28.9664 25.0599 43.8782 52.783 77.0343 
24.831 73.6699 32.4711 45.0824 85.3203 
100.464 76.9166 69.4401 58.543 21.191 
54.9946 86.3001 25.5069 26.8076 62.7873 
17.2308 70.5312 50.1243 63.5744 101.876 
85.6058 93.5913 46.2183 33.5452 31.8324 
40.9635 32.5484 29.2838 33.0438 52.869 
37.3751 83.3533 33.1531 43.5084 83.8639 
54.7935 72.4025 15.6952 7.36817 43.9683 
66.1829 49.4265 39.1127 32.2591 27.5944 
55.2986 59.7609 19.2588 9.48947 33.8711 
19.7063 73.4292 43.7403 56.9724 96.421 
79.3732 71.7329 43.6331 31.2746 9.28009 
68.8275 54.1558 39.36 31.0203 23.0235 
44.9765 38.6083 25.8414 27.1906 46.2395 
64.2655 78.4934 25.0056 13.5695 38.3564 
67.2804 94.1983 33.9556 30.0222 58.6175 
53.4148 66.3784 14.2636 0.948683 40.0525 
21.3909 65.1966 24.3019 37.5171 77.1075 
36.0651 18.2099 46.3312 53.6948 74.1248 
71.8427 48.7545 46.778 40.0766 28.6665 
29.7834 83.0171 46.8745 59.3832 99.7018 
40.4586 55.6652 6.4195 12.832 49.0697 
55.7756 24.3813 45.64 46.158 52.404 
71.7837 66.2396 36.4067 24.5703 16.6481 
32.1972 24.1754 52.6009 61.7649 85.2115 
65.7423 39.937 45.1852 41.0055 37.1022 
51.3134 3.62353 60.3554 65.7664 78.832 
49.5513 46.7547 22.4415 20.104 39.3295 
35.8675 61.4118 4.38292 17.6511 57.2889 
19.6703 47.7151 21.676 33.8999 68.5514 
50.8726 3.3541 57.7097 62.7014 75.2893 
34.1223 41.7267 19.14 26.1589 54.7924 
46.0977 67.1218 7.37902 9.33809 49.8255 
94.4151 76.6609 61.1882 49.5384 10.6513 
84.0602 106.97 48.7689 41.4121 58.3933 
28.3171 28.1753 51.12 60.9533 86.2392 
72.6505 76.3121 33.9282 20.4688 23.5688 
76.3551 87.3854 37.0385 24.8214 34.2041 
68.1252 30.9524 54.7058 52.6334 48.9565 
8.40595 61.859 44.5193 57.9346 95.0404 
79.1276 66.0924 45.9628 34.8931 10.7689 
84.7416 78.64 47.7716 34.7589 8.26075 
76.801 37.9527 61.301 57.7127 47.4124 
32.8988 65.9224 11.9206 24.2332 64.5078 
46.7786 16.3355 45.3961 49.2946 62.6905 
57.746 56.881 23.9435 15.1605 30.5159 
79.9622 64.438 47.9426 37.3877 12.4812 
46.4023 86.7774 29.9055 37.0741 76.1725 
50.0501 4.15933 58.6911 64.1365 77.6114 
78.461 98.2101 41.4155 32.7519 49.8258 
72.0347 92.8037 35.1518 27.247 49.3617 
9.29139 54.5001 30.2424 43.5 80.1639 
79.1738 103.204 44.3443 37.7461 58.0818 
51.6853 45.0458 25.8909 23.0541 38.1425 
34.9057 74.5183 21.2009 31.8925 72.3896 
41.4596 76.6008 18.5194 26.6011 66.6528 
67.8724 95.219 34.8983 31.1246 59.5859 
57.179 56.4043 23.5671 15.0851 31.0693 
70.4944 96.2472 36.4408 31.4417 57.642 
49.0789 52.8213 16.9579 13.2823 39.1847 
29.6906 70.7108 21.3925 33.4677 73.8865 
63.0765 47.6518 36.5263 30.4059 29.9055 
48.9939 41.9453 25.9771 24.9552 41.5444 
77.6248 89.2693 38.3888 26.4055 35.4831 
31.4682 33.8774 27.5045 35.0036 60.8254 
68.8608 68.7065 31.7036 18.9623 21.5761 
58.09 86.6419 25.855 24.7655 58.9475 
62.1265 78.6703 23.1864 13.1552 41.5769 
39.1843 90.2718 45.7552 56.7881 97.2385 
53.2189 15.3212 49.964 52.5038 61.4964 
44.9111 11.738 58.8534 65.8116 82.9248 
61.0686 17.6706 75.9827 82.0391 94.2993 
30.1144 64.9942 13.9703 26.7529 66.8241 
36.1614 22.5858 56.9254 65.8046 87.948 
68.656 26.025 59.1949 58.2846 55.9604 
90.5281 71.9094 58.2671 47.1424 11.3565 
29.7674 46.1286 15.7877 25.7002 58.4555 
7.78332 49.6932 45.025 57.7313 91.4822 
68.0168 52.1077 39.6415 31.9312 24.9098 
75.5654 70.0801 39.4948 27.0978 13.4466 
55.2986 79.8769 19.6657 17.0496 52.6138 
56.6408 59.5265 21.0107 11.14 32.249 
23.9842 77.4435 54.1181 67.4472 106.534 
84.2504 77.0646 47.7169 34.8862 6.80074 
50.6297 53.331 18.206 13.3795 37.6235 
41.1253 81.7606 26.417 35.1712 75.1322 
99.7092 74.0173 69.9819 59.6306 24.1075 
39.4462 57.2315 4.10488 13.2136 50.8325 
34.442 42.8168 18.0472 25.0689 54.2303 
79.8014 62.3574 48.8824 38.8631 14.9893 
51.7981 44.7224 26.2612 23.4649 38.1903 
56.6107 70.3683 17.2186 4.993 39.4635 
49.1147 87.2776 28.8062 34.5984 72.9927 
56.1329 36.8061 36.7147 34.6066 40.873 
92.9903 81.332 57.2543 44.6072 4.92544 
77.1461 98.2597 40.6631 32.7054 51.7697 
54.1983 89.6054 29.5691 32.9087 69.6003 
59.5914 8.7 69.3387 74.2516 84.4618 
43.6394 12.6289 48.4208 53.8862 69.7259 
38.6291 70.0127 11.6499 21.4283 61.9333 
89.9094 63.4007 62.2547 53.131 24.3483 
61.4962 24.0468 51.7607 51.5676 53.6783 
103.975 79.0183 73.2965 62.4501 24.8395 
96.4088 68.6944 68.3703 58.8154 26.5377 
80.4599 107.623 47.7298 42.6202 64.8002 
76.0416 45.9088 54.3474 48.5808 34.9687 
11.7337 59.0069 29.8304 43.2782 81.1696 
43.1885 12.1754 49.2303 54.9706 71.2085 
42.2019 83.324 27.9401 36.4472 76.2644 
79.2188 108.695 48.232 44.3822 68.7642 
83.8218 107.175 48.7669 41.6252 59.1222 
53.9708 73.5209 15.3942 9.29139 46.3056 
55.6345 16.3025 51.3043 53.268 60.5265 
61.0379 20.8002 53.6128 54.109 57.171 
39.4872 24.4436 62.2637 71.2539 93.0029 
24.3074 30.5486 46.6476 56.8265 83.5455 
40.1254 36.328 25.4908 29.345 51.3635 
52.065 66.2091 12.8082 1.26491 41.6185 
5.43415 52.1536 34.1119 47.1717 82.8312 
39.493 14.9121 52.7376 60.1041 79.2679 
68.6181 101.655 40.8 39.9836 70.6383 
47.7973 20.8655 42.2811 45.2232 57.8028 
47.22 86.3394 28.6447 35.2643 74.1418 
11.5802 49.9325 28.4586 41.303 76.6637 
38.1624 44.9055 16.513 21.6363 50.267 
57.5911 28.9043 44.0768 43.4006 47.8724 
56.4526 31.7926 40.806 39.7364 45.2124 
16.4478 38.6505 44.5708 56.0126 86.1125 
66.553 98.3722 37.5096 36.3816 67.3736 
64.5598 36.8307 45.993 42.678 40.2782 
43.0757 10.933 52.7603 59.1354 76.0059 
56.5947 20.2299 49.407 50.5431 56.6048 
63.0318 11.9038 63.1839 65.4618 70.1573 
42.1001 62.5838 2.72947 11.0136 50.9608 
62.1703 47.5631 35.5051 29.5002 30.3117 
77.9947 106.683 46.3493 42.1996 66.5427 
23.8717 36.5121 53.4581 64.492 92.619 
29.5083 83.146 48.8439 61.4962 101.725 
81.4256 50.0676 58.9598 52.4558 34.3157 
78.9953 71.7867 43.1292 30.721 9.80816 
22.7985 76.76 50.2669 63.5202 102.882 
94.7891 63.5186 69.3066 60.8462 32.319 
57.6351 31.091 42.5075 41.3696 45.7299 
66.0242 70.4035 27.7065 14.4014 26.8019 
11.2894 64.4418 46.7953 60.2416 97.6668 
60.1422 53.4453 29.0548 21.3244 28.5743 
60.3299 65.3637 22.6418 10.0449 30.5241 
68.9824 41.5502 48.0754 43.3462 36.225 
57.0467 64.3817 19.1003 6.66108 34.0472 
37.3696 22.7728 58.6435 67.5145 89.4083 
60.0354 34.4093 42.5857 40.3372 42.3647 
30.6811 23.4853 43.5966 52.0578 75.4054 
14.7435 45.4876 49.799 61.9927 93.7659 
56.0576 95.9188 37.3052 41.9587 78.8036 
77.9878 89.1267 38.7072 26.5801 34.7333 
14.6219 52.6674 24.805 37.9189 74.3749 
38.3407 35.7351 25.5331 30.2372 53.2234 
46.2448 7.9 54.1388 59.8319 74.838 
28.4886 65.718 16.5557 29.3537 69.4264 
51.514 68.8491 12.1926 5.08035 44.6212 
41.1428 41.0904 21.4159 24.5375 48.4212 
49.6912 27.1803 38.5369 39.9592 51.3361 
91.9048 73.5052 59.3314 48.0277 11.0291 
45.5536 68.2642 7.79872 11.1521 51.5656 
75.7623 80.4167 36.6935 23.28 24.4168 
39.1261 47.1058 14.6322 19.3869 49.1138 
74.4582 89.7466 35.7577 25.0731 40.7613 
55.2048 72.8093 16.1301 7.6896 43.8699 
25.6462 79.4512 53.581 66.798 106.244 
56.1777 80.1072 20.142 16.7586 51.7325 
36.1475 90.1415 57.2239 69.7346 110.062 
84.3021 98.8992 45.7685 34.9315 43.0057 
89.1403 59.0496 63.9519 55.8802 30.3832 
69.2615 26.1979 59.8927 58.9515 56.3214 
45.6695 22.2569 66.9795 75.316 94.7808 
25.6125 79.2571 46.4841 59.3879 99.3846 
74.7296 97.1928 38.8295 31.6809 53.2693 
55.3336 29.7015 41.295 40.877 47.3482 
27.8065 70.6629 23.5476 35.8893 76.234 
66.14 60.5043 32.1753 21.691 22.0771 
59.4001 73.1498 20.004 8.01311 38.6203 
48.1657 91.214 35.6261 43.067 82.0403 
22.6276 31.4659 43.149 53.3825 80.7176 
85.7606 59.5336 58.7807 50.157 24.7681 
77.6096 42.0355 59.3448 54.7179 42.1631 
43.6794 79.6658 21.3284 28.5281 68.1487 
24.9018 67.1804 22.402 35.3001 75.3055 
11.6503 43.5036 34.4363 46.4888 79.2071 
84.21 91.1242 44.8112 31.8981 29.4382 
88.0048 100.657 49.1565 37.7334 41.2685 
49.2042 7.56042 53.3841 58.0156 70.7509 
75.2192 85.7719 35.8558 23.454 33.2567 
17.6465 63.6048 27.1155 40.4969 79.6097 
24.8652 53.6862 14.6769 27.6724 64.7118 
7.8 52.8421 46.6782 59.6054 94.0707 
40.3887 58.1833 3.68782 12.2004 50.2443 
84.3149 74.7479 48.7062 36.2745 4.245 
31.4186 85.3953 53.3841 66.1227 106.285 
68.3407 103.003 42.2587 42.309 73.7713 
56.2883 16.1276 72.162 78.7109 92.7876 
14.4506 41.1238 33.6376 45.2674 77.0779 
36.1865 61.8121 4.32782 17.4751 57.2171 
77.5074 101.982 42.8855 36.6104 58.1489 
43.8321 85.7271 30.371 38.5701 78.1666 
24.684 35.0715 53.2302 64.0757 91.7154 
50.1366 6.72681 54.3118 58.833 71.0877 
53.2633 48.4232 24.8284 20.4475 35.6931 
5.66127 51.6475 34.0288 47.0469 82.5608 
38.2688 91.1878 51.206 62.9071 103.425 
75.948 86.9504 36.6231 24.3824 34.0852 
25.5441 57.0485 14.0161 27.4171 65.6405 
60.1706 90.7564 29.894 29.3752 62.8783 
42.8095 63.6322 3.60555 10.6888 50.8976 
37.3301 91.1421 55.5569 67.7822 108.23 
60.6298 10.4652 71.0094 76.0032 86.1548 
56.4416 6.19839 59.0931 62.6039 71.318 
36.4166 23.3238 37.86 44.1512 64.6063 
46.4846 48.7345 17.9446 17.0018 41.8077 
42.6439 65.7049 4.90408 12.3004 52.7795 
83.2986 63.3277 53.0632 43.1561 16.059 
39.4588 42.9815 18.8693 22.9957 49.4047 
90.1643 109.672 53.4495 44.4815 55.2523 
53.3704 51.9327 22.2713 16.6721 34.9162 
20.6652 37.5033 30.4926 41.025 71.0584 
35.4154 21.3925 40.7483 47.64 68.4211 
88.0973 85.3937 49.8735 36.4585 14.5066 
43.77 14.6485 46.2156 51.2692 66.8225 
35.0076 79.1142 28.4042 39.1082 79.5692 
11.3018 61.9839 49.4775 62.8376 99.3479 
80.6385 68.749 46.6223 35.0612 8.30963 
84.5099 102.814 47.1239 37.7228 49.9016 
33.7925 64.1207 9.05539 21.6945 61.8001 
46.1863 82.9536 24.4 30.78 69.8422 
85.2892 90.5058 45.9413 32.8002 26.9164 
79.5543 92.577 40.5571 29.0849 38.36 
40.5202 25.5049 35.6073 40.2359 58.5277 
19.1437 37.0109 33.2483 43.9841 73.9358 
29.8558 83.8456 52.6203 65.4618 105.526 
45.2283 26.2452 36.5925 39.5216 54.4861 
61.2638 61.7817 25.4283 14.3126 27.6284 
15.4029 38.7858 37.6617 49.027 79.7221 
50.01 90.8547 33.5596 39.9249 78.3282 
31.0258 35.4397 25.9717 33.688 60.3511 
66.9989 36.7524 49.0196 45.5804 41.1443 
81.675 79.0689 43.8699 30.5895 13.6125 
10.0185 57.8014 30.8911 44.3036 81.8079 
31.0483 78.229 31.9081 43.5601 84.0729 
38.3376 90.1067 47.1682 58.485 98.98 
14.1028 39.9299 40.1121 51.7159 82.7036 
59.6142 97.5385 37.8505 40.9708 76.4061 
58.7766 74.8251 19.5801 9.26984 41.3726 
65.1872 47.1349 39.4446 33.3216 29.7955 
67.806 54.1319 38.0757 29.7357 23.3857 
75.6247 98.4221 39.946 32.9201 54.2263 
30.625 28.3302 34.2733 42.1048 66.3811 
51.105 51.6144 20.0532 15.5589 37.1271 
40.7314 16.5849 57.5601 65.4034 84.891 
23.7899 77.7787 48.6721 61.8055 101.454 
59.8509 37.8513 39.854 36.8143 39.0744 
37.4641 89.8094 48.4517 60.0293 100.545 
63.9491 28.2347 51.535 50.2594 49.8824 
86.0038 53.1745 63.4029 56.5383 35.409 
20.3934 39.4069 51.6387 63.0889 92.5346 
78.4084 100.14 42.2834 34.5809 53.429 
77.4267 76.6288 39.462 26.163 16.8345 
64.4342 12.7562 64.637 66.8064 70.889 
13.1674 65.6613 36.9168 50.3438 89.0674 
20.9418 39.7936 52.6115 64.0853 93.5125 
39.3429 90.7373 46.7449 57.8441 98.305 
94.9942 65.8976 68.0541 59.0001 28.654 
90.3826 78.7921 54.8884 42.3803 2.22036 
61.8269 46.8926 35.5688 29.8042 30.9362 
29.0986 83.1049 52.8644 65.7882 105.757 
83.4528 106.019 47.9552 40.4605 57.413 
62.1703 16.5738 58.0876 59.3466 62.8318 
31.0098 72.5547 22.5229 34.2335 74.7238 
65.9469 67.5056 28.6044 15.8795 24.6402 
72.7819 78.6415 33.6574 20.2675 26.3539 
90.4262 62.4289 63.6108 54.8104 26.7649 
77.227 74.6236 39.847 26.7755 14.8003 
70.6725 83.2986 31.3957 19.4997 35.9947 
8.71321 62.7195 41.7594 55.2105 92.8294 
49.0494 21.006 69.2561 77.1723 95.2476 
77.221 85.1608 37.8298 24.8805 29.4187 
47.2149 61.5872 8.68332 5.44518 44.2824 
32.821 37.2979 23.6865 30.8367 57.6212 
38.7242 56.3032 4.80521 14.0513 51.215 
26.7524 80.7217 52.7274 65.8311 105.527 
69.1104 94.6076 34.8244 29.8377 56.7007 
56.9682 3.15753 63.8631 68.3077 78.303 
41.3729 74.5169 15.7318 23.7622 63.9351 
18.7417 36.6049 34.7589 45.536 75.3313 
89.6975 84.5385 52.024 38.7331 11.0982 
21.6333 35.3034 32.6198 42.8229 71.8316 
91.6551 60.2961 66.8138 58.7531 32.3514 
36.4018 87.9164 45.0728 56.535 97.0466 
74.5435 102.635 42.3455 38.198 63.6915 
37.589 24.1052 36.8049 42.6058 62.508 
11.8533 42.707 35.842 47.8006 80.1359 
12.4555 46.5155 29.6002 42.0002 76.0844 
54.0615 79.2456 18.8138 17.1 53.4237 
79.4927 53.0292 54.2262 46.739 27.8153 
37.6449 16.8074 51.8368 59.5525 79.6907 
27.693 28.2023 37.1797 45.9367 71.2205 
98.1222 69.0788 70.6435 61.2523 29.0663 
82.3496 67.5161 49.4975 38.422 9.48947 
33.311 49.823 11.2805 20.9308 55.0963 
70.1833 56.64 39.5607 30.4844 20.6969 
79.0441 95.6113 40.8649 30.7586 44.3605 
32.8075 58.8002 6.67533 20.1099 58.9574 
73.0505 88.1169 34.2462 23.4446 40.093 
89.9836 112.424 54.6381 46.8932 60.8363 
37.9817 90.1005 48.0416 59.4983 100.007 
73.3867 36.5538 57.535 54.1288 45.7673 
55.7886 45.7725 29.5489 25.205 34.8633 
66.9938 29.8242 54.1008 52.3187 49.6251 
10.7056 62.6642 48.0577 61.4564 98.3155 
86.5782 100.634 47.9839 36.9878 43.1045 
56.9303 16.3625 52.4745 54.2404 60.662 
93.8553 81.1791 58.4381 45.9027 5.64624 
23.4683 61.6088 18.5011 31.8848 71.1153 
82.7118 75.3776 46.4091 33.7053 7.22011 
90.8793 68.5544 60.566 50.2722 17.3658 
85.6769 77.4114 49.3917 36.64 5.001 
81.79 100.628 44.5067 35.3638 49.597 
69.9378 42.8365 48.3894 43.3057 35.0708 
42.6897 91.3767 42.3065 52.2464 92.3717 
68.3323 53.2658 39.2949 31.2272 23.873 
69.9687 78.628 30.6283 17.514 30.4237 
79.2402 54.5094 52.9077 44.9908 25.4466 
36.5531 74.126 19.0158 29.2104 69.6724 
77.1913 62.9971 45.0522 34.6071 13.8004 
54.247 48.7016 25.6673 20.8677 34.7937 
49.5407 71.2251 11.5434 10.1193 49.5429 
51.6854 23.1294 43.1056 44.6938 54.2546 
34.8105 86.8002 45.4676 57.2158 97.7315 
40.95 13.1381 50.5099 57.1183 74.9915 
45.7018 11.6387 59.8511 66.7803 83.6558 
30.4539 37.1469 24.3526 32.3883 60.0508 
39.2186 68.8163 9.68762 19.3933 59.9096 
81.9176 91.0207 42.547 30.0083 32.4099 
29.5054 81.1006 41.0278 53.261 93.6887 
15.0243 62.55 29.2219 42.6611 81.4052 
80.6693 97.591 42.6617 32.7043 45.6269 
67.1378 62.6386 32.2964 21.1473 21.1625 
23.6546 52.4585 16.0801 28.9209 65.4877 
49.5405 48.4864 20.9888 18.2258 38.959 
61.4448 69.7433 22.5683 9.10934 32.4376 
89.3826 59.4416 64.044 55.8989 30.106 
27.1588 26.8509 43.9005 53.2259 78.3971 
65.3171 23.5468 56.7092 56.3904 56.3988 
31.1841 76.1999 28.0834 39.6551 80.1686 
20.1201 37.9332 49.8964 61.1923 90.3737 
49.075 31.004 35.0584 36.02 48.491 
46.7064 40.4764 25.4031 25.6743 43.9851 
67.4828 94.5022 34.2427 30.3383 58.8657 
6.0208 48.9875 35.6483 48.4051 82.9465 
76.9758 50.0601 52.7565 45.9064 29.9082 
65.9109 65.0945 29.5743 17.5411 23.3317 
80.7894 54.0833 55.3283 47.6631 27.5065 
45.4868 87.6915 32.1238 39.9686 79.3207 
17.7116 59.5615 23.5315 36.9943 75.4689 
24.2528 56.7895 15.3183 28.7124 66.8247 
21.5077 39.0283 27.7318 38.2845 68.884 
65.4725 44.2233 41.8191 36.5088 32.548 
26.3492 27.7714 44.8371 54.4235 80.0266 
61.2883 65.0152 23.9416 11.5521 29.0952 
56.3217 30.0832 41.9526 41.2622 46.8339 
58.0202 41.5462 35.1251 31.4582 36.4203 
28.8028 72.0756 24.4125 36.5256 76.9474 
51.9301 7.39256 54.6107 58.6121 69.5876 
91.3517 75.6471 57.5417 45.722 6.82642 
39.2902 90.8243 47.1212 58.2663 98.7349 
60.9085 85.9131 25.899 21.9365 53.8005 
45.2262 70.2181 9.37443 13.7306 53.9523 
95.3604 70.712 65.6576 55.456 21.3712 
28.3424 82.3341 53.34 66.3537 106.199 
44.2115 11.868 49.1737 54.5903 70.1327 
12.9356 41.5928 35.9869 47.7746 79.6741 
49.8258 61.554 11.7661 4.03609 41.1647 
72.4509 105.343 44.4789 43.0723 72.1834 
57.5022 90.6087 29.9341 31.3576 66.5138 
50.7169 74.7268 14.3586 13.6499 52.024 
10.2303 47.9763 46.5249 59.0425 92.0678 
71.0883 56.9179 40.5602 31.4353 20.195 
37.3936 63.4619 4.65296 16.9941 57.1008 
21.8625 75.454 52.1552 65.515 104.481 
80.5062 71.2362 45.3001 33.164 7.73886 
27.103 64.2036 16.5855 29.6569 69.4879 
87.1286 111.687 52.8807 46.1684 63.3285 
84.7887 106.478 48.8872 40.9489 56.432 
74.1637 67.143 39.0128 27.1708 14.1326 
20.8139 73.17 38.9478 52.0133 91.8037 
54.1602 16.1914 50.1049 52.3321 60.5826 
70.3569 44.013 48.1041 42.7019 33.8179 
86.4963 79.3667 49.713 36.7496 6.71193 
31.4027 47.5937 13.86 23.585 56.8265 
69.1174 61.0451 35.6483 25.1366 19.2575 
17.2142 37.3631 43.5157 54.7647 84.4856 
10.4809 63.4724 46.6004 60.0321 97.2616 
61.2046 38.6136 40.805 37.3872 38.205 
84.6437 82.2876 46.5473 33.1693 14.1032 
72.9593 103.288 42.5837 39.7847 67.3074 
68.983 33.5121 53.9073 51.2079 46.2555 
35.6455 81.7228 32.2932 43.007 83.4483 
62.8702 62.647 26.9713 15.5724 26.0346 
78.5947 97.1713 41.0824 31.8686 47.7658 
16.9071 41.708 29.3615 40.8516 72.945 
58.0538 80.6678 21.3084 16.4012 49.941 
11.463 63.5161 48.4814 61.8967 98.9013 
86.9403 69.5822 54.5932 43.5588 10.1356 
87.5729 97.7001 48.3491 36.2145 36.5038 
83.1695 89.0308 43.8098 30.7026 27.3029 
31.4084 29.7355 57.0419 67.0323 92.0027 
81.0262 97.7394 42.9663 32.9219 45.3992 
48.2474 21.1301 68.6366 76.6363 95.0087 
68.9569 70.1145 31.3058 18.2784 22.5078 
43.7523 15.4548 45.4274 50.3557 65.8741 
61.7414 54.0438 30.5949 22.49 27.1105 
42.5202 88.7722 37.1397 46.534 86.5005 
31.304 81.9625 39.5552 51.4612 91.9587 
47.2217 77.4599 16.8885 21.1322 60.1788 
77.5484 60.2489 47.08 37.4257 16.772 
51.1063 10.316 64.7818 71.1866 85.9559 
60.5568 32.0156 44.909 43.132 44.8108 
62.6101 94.9645 34.1235 33.9921 66.8542 
67.6427 83.4506 28.7892 18.2858 40.539 
13.1548 63.5001 51.1097 64.4938 101.148 
46.6513 20.3295 42.1233 45.4667 58.8918 
87.0036 83.5323 49.0442 35.6901 12.8265 
83.6436 111.081 51.1947 46.0179 67.0875 
22.6296 67.8222 26.0432 39.0448 78.9433 
44.6327 9.51893 55.0404 61.3726 77.682 
81.8917 85.1815 42.7984 29.4015 22.7317 
30.3659 84.2611 51.4813 64.2041 104.38 
14.9241 46.711 50.797 63.0895 95.1053 
28.0751 39.5487 22.7728 31.8693 61.4593 
23.736 77.4497 52.8308 66.1259 105.345 
90.7976 69.4951 59.927 49.3964 15.7003 
98.4708 77.7891 66.1906 54.8329 16.3233 
95.8833 75.4937 63.7812 52.5632 14.8973 
82.1514 50.9716 59.3633 52.6806 33.783 
43.7778 54.0882 10.6607 11.9541 44.9898 
21.6363 34.4851 48.0337 58.8616 87.0093 
57.1948 53.9869 25.1873 17.7102 31.0923 
6.5 48.3028 35.8366 48.5202 82.8232 
59.6159 6.7897 62.8713 66.2273 73.7027 
70.5267 57.6771 39.3803 29.9977 19.8363 
43.8719 58.5311 6.78012 9.10055 46.4934 
62.411 89.3069 28.8919 25.7816 57.1805 
40.7977 69.5911 9.70464 18.3175 58.7963 
18.6387 37.6108 32.9656 43.8187 74.0558 
77.1418 52.5039 51.3513 43.8339 26.64 
60.3269 10.3276 70.8079 75.846 86.1451 
20.2744 72.3432 37.9357 51.0271 90.7791 
68.9757 59.8468 36.1334 25.9956 19.6787 
67.5752 73.3749 28.7503 15.2882 27.5436 
82.1251 52.4095 58.331 51.2509 31.5159 
37.0951 22.2468 38.9125 45.0947 65.0278 
68.7503 64.5849 33.3588 21.72 19.7368 
38.2341 49.5647 11.7881 17.844 50.0469 
47.7177 60.3623 9.92018 5.67979 42.9944 
71.5681 103.191 42.3595 40.4064 69.2059 
63.732 73.2072 24.4965 11.204 32.7471 
37.2539 17.1003 46.8367 53.9401 73.6981 
39.7549 14.3422 49.6327 56.4416 74.9499 
67.2947 59.0339 34.4595 24.5155 21.2398 
73.2083 66.9041 37.9065 26.0317 15.1648 
78.4633 54.3148 51.97 44.0446 25.0976 
14.9402 39.1175 38.5134 49.9593 80.7419 
71.6849 44.6525 49.3855 43.8164 33.6514 
81.7648 109.429 49.4329 44.4855 66.4983 
93.2044 62.031 67.9433 59.6418 32.0512 
19.7101 38.2531 49.6556 60.9978 90.3277 
18.8521 55.4203 20.67 34 71.5096 
73.3398 33.0927 60.1403 57.6212 50.708 
45.108 77.4979 17.6505 23.5688 63.0509 
58.5932 97.7933 38.6514 42.5215 78.5576 
67.7765 98.9558 38.1182 36.4589 66.6571 
20.9067 72.9363 38.0757 51.1215 90.9431 
87.341 85.2427 49.0153 35.5844 15.2398 
86.7208 108.056 50.7134 42.5688 56.8 
61.8945 42.1587 39.0244 34.5984 34.8174 
36.9 90.8812 59.7824 72.4175 112.666 
24.78 39.7132 24.4401 34.4379 64.8541 
28.7256 73.7342 27.103 39.1602 79.6052 
65.3093 83.22 26.9208 17.6799 43.499 
64.4094 77.3596 25.0392 12.9619 36.6896 
63.602 55.7324 31.8057 22.9924 25.1247 
41.6857 49.4418 13.6004 16.5415 46.5382 
71.7792 40.7355 52.2858 47.7603 38.7547 
70.2693 29.0477 59.0245 57.4138 53.3194 
31.6798 73.2296 22.7622 34.3012 74.8086 
62.1928 15.0283 59.3155 60.8883 64.8015 
76.0428 65.9964 41.9815 30.6219 12.3968 
17.1991 49.2441 23.1836 35.8068 71.1031 
91.4335 82.0299 54.9971 42.1038 5.52178 
35.3058 85.4708 40.7413 52.0586 92.5626 
22.8127 36.563 29.542 39.6003 68.9545 
63.0906 79.0479 24.0684 13.636 40.7357 
45.5132 40.0245 24.9451 25.8498 45.1363 
70.7086 31.3849 57.807 55.6318 50.4829 
90.7304 78.5162 55.4539 43.0289 2.55539 
70.7195 45.0948 47.8197 42.1233 32.6535 
52.4607 74.7563 15.0904 12.1149 49.7575 
73.9688 79.6679 34.8208 21.4462 26.0069 
76.4966 69.885 40.7571 28.4972 12.1495 
66.5012 77.8439 27.1002 14.5041 34.3588 
35.766 87.2186 44.4677 55.9869 96.5021 
53.5448 38.934 32.5386 30.5812 40.3496 
92.7195 69.7453 62.4725 52.1369 18.3967 
82.57 88.5341 43.2113 30.1027 27.3007 
88.6477 68.2098 57.6601 47.1629 14.6014 
48.0577 17.5514 66.3983 73.985 91.5546 
80.8226 53.4453 55.7977 48.3108 28.4972 
87.3108 109.148 51.5707 43.6313 58.1003 
91.9948 115.643 57.3624 50.0848 64.4653 
56.7205 43.214 32.4778 28.6332 35.8201 
29.6138 81.9244 43.2598 55.5901 95.9871 
61.0614 27.3095 48.8984 48.076 49.9151 
50.7142 76.6959 15.9625 16.4149 54.5092 
73.3388 75.112 35.0201 21.6393 21.1358 
56.693 81.846 21.5669 18.8409 53.5104 
33.8423 61.36 6.63702 19.9324 59.5268 
62.1579 36.4157 43.4884 40.498 40.3823 
37.8428 91.6745 56.1164 68.3242 108.777 
66.0709 53.9268 36.0189 27.7563 24.3008 
90.3515 107.355 52.7015 42.7691 50.5998 
79.5207 95.5586 41.2045 30.8781 43.6028 
66.7612 49.502 39.783 32.8868 27.4204 
33.3242 87.3291 55.6806 68.3826 108.577 
61.3153 36.3786 42.5603 39.6778 40.3927 
31.8567 31.0306 30.4867 37.835 62.4289 
100.457 76.1006 69.8767 59.1592 22.3636 
71.942 96.0554 36.873 30.8183 55.211 
42.8439 34.4681 28.3283 31.1133 50.1839 
83.5399 54.1133 59.1845 51.7819 30.5644 
66.1105 35.5732 48.778 45.671 42.1808 
86.1769 81.5221 48.6148 35.3787 10.6569 
78.6529 103.075 44.041 37.6691 58.58 
35.6545 46.768 14.1326 21.2904 52.5694 
59.2295 49.9416 30.3753 24.0002 30.538 
54.719 74.3426 16.2308 9.90404 46.265 
63.4565 79.84 24.5447 14.3837 41.2942 
50.9813 4.70106 56.2181 60.8649 72.9636 
19.1951 69.0185 32.7332 45.8956 85.5423 
47.9854 12.516 48.9311 53.0848 65.9389 
31.1014 57.771 8.32166 21.691 60.196 
73.1932 88.9558 34.5601 24.0759 41.2554 
27.5786 63.8063 15.6707 28.7684 68.5708 
72.5846 31.4086 60.4013 58.2784 52.3489 
77.3864 70.8768 41.4654 29.0814 11.4634 
31.5945 22.4294 45.2922 53.6985 76.6006 
73.7869 79.3885 34.6591 21.272 25.8898 
54.3721 52.5837 22.9131 16.72 33.9025 
55.0858 16.6589 71.6197 78.3883 93.1193 
22.3607 73.2033 35.7274 48.623 88.6328 
72.047 85.2033 32.8673 21.2323 36.9152 
26.4458 27.9458 40.3719 49.6018 75.1941 
81.5315 74.1 45.412 32.8162 7.81025 
50.5756 86.0851 26.4201 30.9091 68.7669 
84.2589 103.6 47.2708 38.3103 51.7117 
23.5983 33.1272 33.7024 43.4166 71.2776 
32.4992 61.9852 8.59826 21.8009 61.5001 
50.6211 91.0422 33.4181 39.5022 77.729 
49.8964 82.2461 21.8403 25.4804 63.5079 
9.36483 51.5268 47.7034 60.5067 94.4491 
67.7082 100.499 39.6415 38.8356 69.7448 
62.3041 60.7731 27.2443 16.5529 26.163 
65.4276 59.7602 31.6938 21.4441 22.8002 
54.8836 48.081 26.8269 22.0302 34.4942 
39.2001 79.8889 25.2353 34.5828 74.7693 
76.1318 98.819 40.4141 33.3024 54.23 
61.0063 9.58019 70.3847 75.1122 84.6691 
59.5215 12.5897 72.0114 77.5789 89.0838 
45.6422 67.3549 7.24017 10.1178 50.5997 
35.7874 89.1597 51.552 63.6417 104.12 
10.9659 43.5837 41.9609 54.0682 86.2047 
11.4285 43.8894 34.1353 46.2404 79.121 
14.7513 64.4007 31.942 45.3524 84.2569 
50.72 3.82753 57.0958 62.0071 74.536 
64.0045 61.0276 29.218 18.47 24.3343 
45.0444 65.7383 6.05392 9.40213 49.9057 
51.0725 47.6299 23.2002 19.9249 37.7786 
34.1494 84.9681 41.676 53.2573 93.775 
55.6705 94.9089 36.0606 40.5527 77.3802 
55.8702 34.0906 38.5083 37.0653 43.265 
71.7323 47.0846 47.7671 41.5313 30.6472 
74.9923 95.4028 38.0848 29.8563 49.6961 
19.7585 70.0086 33.6662 46.7799 86.5075 
25.5 43.2629 20.5548 31.004 63.0375 
65.8485 66.1245 29.045 16.6931 23.9266 
24.0333 77.8563 52.3699 65.632 104.959 
40.091 36.0472 25.7422 29.6279 51.5388 
62.6202 16.0854 59.0339 60.3776 63.8016 
89.0829 106.403 51.5001 41.687 50.475 
76.8357 96.9054 39.8589 31.3955 49.7636 
63.9689 96.3226 35.4713 35.0751 67.3608 
18.7043 72.4487 43.382 56.6591 95.9878 
79.5779 81.2568 40.8534 27.3907 19.9842 
20.9976 36.9444 50.0936 61.2537 90.05 
42.0811 12.524 54.6883 61.6754 79.592 
59.6156 50.9868 30.0987 23.3105 29.8181 
23.079 37.7127 53.4847 64.6743 93.2271 
28.3007 29.6355 52.8564 62.9162 88.5508 
41.6454 52.7664 10.2396 13.8311 46.9659 
85.2892 90.5058 45.9413 32.8002 26.9164 
79.5463 77.9896 41.616 28.3115 15.3688 
65.508 16.0016 63.1402 64.5348 66.9964 
76.9999 71.4295 40.7491 28.2124 12.311 
80.3678 90.7373 41.0581 28.7892 34.0846 
