200 5 20
777 335 649 27 763 
9.26 5.4 4.26 1.72 7.36 2.11 3.68 5.67 4.29 7.82 5.3 8.62 1.23 0.67 1.35 9.29 8.02 0.22 0.58 0.69 
7 11 13 4 4 13 0 2 1 4 5 13 15 14 4 7 18 3 19 16 12 14 10 7 2 12 0 5 19 11 11 9 16 6 3 8 9 10 15 16 5 1 8 1 0 4 16 7 16 17 7 18 17 18 11 16 3 6 18 9 16 10 19 4 19 9 4 15 11 19 8 11 1 18 16 2 16 4 4 12 10 13 10 0 1 19 8 6 0 16 7 19 12 19 10 6 12 19 4 0 8 4 4 16 4 12 5 0 13 4 1 12 4 13 15 19 5 4 14 4 6 2 9 18 8 3 8 7 9 8 10 3 12 12 8 16 1 8 8 14 3 8 1 19 14 15 9 5 15 18 9 12 4 2 9 1 17 1 5 17 6 14 18 0 14 18 10 11 13 12 15 12 9 15 13 18 4 6 17 17 3 13 3 17 9 18 8 17 18 17 3 13 2 12 15 14 11 17 10 1 
43011.6 62133.2 3667.42 9808.16 49580 
74022.3 103934 43301.8 40165.9 66992.8 
5032.89 50981.6 42843.2 55700 90108.9 
70502.5 70491.8 33051 20087.8 20671.2 
52046.1 73411.8 14115.6 10630.1 48718.2 
80775.9 80257.4 42473.6 29063 16709.3 
57314.7 8989.44 68561 73982.8 85636 
23972.7 77216.2 54833.6 68187.8 107162 
8720.67 62411.9 44051.1 57482.6 94772.4 
55284.4 74471 16678.4 9752.95 45661.6 
48889.5 9411.16 51746.4 56152.8 68792.2 
89739.6 67150.9 59771.6 49672.9 17920.4 
39481.9 41520.2 20303.9 24374.2 49785.5 
45228.3 65512.2 6103.28 9000 49492.8 
36619.1 87306 42920 54169 94662 
74345.5 52795.6 47406.8 39644 24700.8 
50520.2 24456.1 41239.3 42892.1 53406.8 
29874.4 26686.5 37265.1 45449.3 69609.3 
99180.5 73319.7 69623.3 59357 24200.2 
14776.3 54965.9 24765.5 38070.7 75238.6 
33859.9 71942.3 18556.9 29698.7 70215.7 
18060.2 37600.5 33943.8 44879.1 75133 
51055.4 63528.4 12369.3 2061.55 40902 
81856.3 76355.2 44972.2 32035.1 9677.29 
39949 66948.1 6900 16648.1 57150.5 
69379.7 51705.4 41639 34050.8 25083.9 
45544.9 72079.5 11225.4 15641.6 55600.4 
53758.7 41578.5 30677.8 28026.4 38500.1 
16702.7 47929.2 24307.4 36749.1 71512.2 
83263.3 105888 47789.7 40328.8 57425.9 
23264.8 44975.5 20618.9 31869.9 65049 
63063.2 22631.8 54617.4 54595 56056.5 
54505.5 60689.7 17788.2 7653.1 35168.9 
82165.9 48956 60814.2 54687.5 36964 
30909.5 71622.4 21286.9 33082.9 73557.2 
51172.3 7521.3 54113.3 58258 69691.5 
87526.5 87682.4 48725.6 35266.6 19123 
17863.1 55356.5 21674.9 35003.6 72448.9 
73825.3 86334.3 34607.1 22788.2 36138.6 
43292.5 25978.6 35978.5 39590.4 55997.3 
63529 34889.1 46182.4 43421.9 42190 
53538.1 54863.1 20329.8 13507.4 34731.1 
76034.5 58483 46106.4 36824.6 18449.1 
69378.5 82415.1 30115.9 18330.8 36545.3 
36970.9 88147.7 44484.6 55800.8 96299.6 
54052 19400.3 72374.7 79603.6 95465.2 
53443.9 34754.6 35700.1 34687.9 43523.9 
3245 55394.6 36760 50014.5 86349.6 
33856.5 54023.4 7481.31 18932 55554.3 
63035.4 86040.3 26842.7 21170.3 51000 
77039.3 80378.2 38129.4 24675.9 22472.2 
85708.4 92417.3 46308.7 33401.3 29652.2 
17479.4 68000 33675.2 46942.2 86358.6 
74436.1 81220 35151.8 21911.2 27513.6 
65151.7 26432 54326.1 53379.6 52682.4 
44349.7 61937.1 5220.15 8276.47 47880.3 
41713.8 39525.8 23161.4 26046.1 48514.9 
45735.4 13396.3 61307.4 68507.3 85821 
32284.5 79397.4 32400.6 43832.1 84349.6 
53489.9 12401.6 68013.7 74433.9 88752.1 
15469.3 59311.1 25854.4 39315.4 77576.5 
44363.9 79223.3 20301 27023.7 66544 
42100.1 15834.5 45087.1 50494.6 67102.9 
43360.1 43424.5 20441.4 22138.2 45707.3 
57969 3962.32 63957.8 68107.6 77345 
45709.6 86999.4 30808.4 38382.4 77650 
42218.1 77286.5 18959.4 26683.5 66614.8 
68314.3 45863.5 44210.9 38325.6 31067.2 
24593.7 29508.3 41060 50750.1 77200.1 
14560.2 57392.8 25761.4 39184.2 76966.1 
46598.8 68430 8376.16 10080.2 50425.1 
51116.5 21533.5 43879.9 45866.1 55903.1 
31877.9 26169.6 36368.8 43934.5 67162.6 
57134.9 77190 19011.8 12336.9 46513 
26706 49973 14601.4 26500 61806.6 
19598 45795.7 22999.3 34878.6 68689.6 
63607 82880.3 25607 17360 45394.4 
86226 78207.7 49789.7 36967 5308.48 
87726.2 81992.3 50371.8 37191 9289.24 
72339.8 41430.9 52529.8 47830.2 38220.5 
81942.1 84917.2 42891.1 29477.1 22232.4 
25205 78892.3 46513 59452.6 99406.5 
55005.8 10259.1 67883.2 73835.5 86964 
72136.6 95830.1 36820.9 30517.7 54527.9 
52759.5 20363 71915.6 79400.3 96002.6 
39677.3 14340.2 50280.2 57210.6 75855.5 
81420.5 100639 44274.7 35305.8 50129.4 
80628.3 83921.5 41576.9 28161.9 22539.1 
35588.3 83216.9 35281.7 46178.5 86638.6 
16667.6 39947.2 47060.8 58661.5 88940 
14402.8 47145.4 27051.2 39473 73880.6 
3501.43 50581.1 39629.4 52500.9 87153.2 
71485.7 84091 32224.8 20354.1 36018.5 
66511.4 101473 40800.1 41282 73518 
30179.8 60890.5 10469.5 23846.6 63236.7 
19145 61919 23678.3 37094.6 76094.5 
63403.9 80142.4 24575.2 14645.5 41782.4 
27181.1 32409.9 31274.6 40070.6 66822.5 
56103.6 3000 63841.2 68551.1 79215.2 
33677.4 26315 35260.5 42209.6 64640.9 
77925.1 101705 42900.5 36246.4 57030.7 
27709.4 28666.7 50711.7 60624.5 86159.4 
61823.1 71946.2 22588.7 9300.54 34047.6 
39590.4 84977.9 33476.7 43292.5 83481.9 
12520.8 64820.5 48911.8 62349.1 99597.8 
53498.6 18013.6 48268.5 50320 58818 
60867.9 85104.9 25326.9 20873.4 52595.1 
34121.1 87929.2 53213.9 65645.8 106011 
70117.1 86272.7 31456 21145.4 41331 
70793.9 66834.2 34886.2 22796.9 18027.8 
70185.2 46697.4 46024.5 39884.8 30556.5 
25228.6 78613 55259.8 68569.7 107724 
11706.8 53653.7 27708.8 40916.1 77512.6 
39464.5 15023.3 52940 60346.4 79566.1 
88377.9 65331.9 58921.6 49104.1 18918 
51229.9 20238.8 70640.3 78264.3 95393.5 
39800.1 37082.6 24667.8 28640 51266.5 
24191.9 34558.4 52104.7 62901.9 90528.1 
62958.6 79503.3 24060.1 14012.1 41532.6 
70754.3 92609.4 34344.7 27122.1 50852 
95342.9 78303.6 61664 49804.6 10139 
60281.8 26913.6 48334.3 47682.8 50164.2 
48949.5 12277.6 63972.8 70817.9 86828.9 
85774.4 86425.6 46955.3 33497 19337.3 
73752.6 56856.7 44071 35102.7 19922.3 
75465.8 87995.7 36289.1 24532.6 36458.9 
52390.2 4632.49 56803.2 61124.9 72320.5 
63252.9 45736.9 38075.7 32505.5 31403.3 
84810.9 85453.7 46033.9 32572.5 19044.4 
75971.4 55665.1 47746.2 39261.3 21805.7 
85674.3 97577.9 46644.4 34952.1 38787.2 
64318.3 68287.9 26351.9 13288 27365.1 
81910.3 70616.2 47401.4 35551.9 6612.11 
61942.7 19921.1 77806.7 84047.2 96576 
27518.2 76069.7 32956 45209 85614.8 
47823.9 59217.1 10751.7 6500 42299.5 
58707.2 66794.2 20204 6989.28 33604.3 
90864.3 115784 56942.5 50257.3 66306.1 
17373.8 37518.3 44384.7 55661.9 85358.4 
36546.5 23740.3 37359.1 43559.7 64003.8 
94857.4 118028 60042.4 52490.4 65349.1 
38651.8 58990.9 1878.83 13916.9 52616.5 
43680.7 36993.1 26502.3 28644.7 48092.6 
42074.3 80638.7 23890.2 32067 71909.5 
19892.7 58478.8 20544.8 34003.5 72380.2 
45984.8 83932.4 25927.8 32649.7 71763.1 
34298.7 88272.1 57995.9 70766.4 110901 
54494.5 66234.1 15508.1 2061.55 38571.6 
20647.5 74571.6 45841.6 59074.5 98511.4 
59136.5 16574.7 74234.4 80440.6 93330.6 
10324.7 58166.1 49636.4 62832.5 98355 
43611.1 13000 47987.7 53388.9 69201.2 
66703.2 41207.4 45459.1 40896 35900.1 
34766.9 62779.7 6720.86 19647.4 59567.1 
78991.5 56801.6 51107.7 42535.3 22005.7 
62686.3 97448.3 36845.6 37900.5 71449.6 
38108.4 89257.4 45180.7 56356.5 96834.5 
69992.3 85489.5 31166.2 20525.1 40289.2 
80320 43363.2 62267.6 57502.2 43416.6 
24620.5 68874.5 24961.6 37756.2 77852.2 
84090.5 83341.3 45636.5 32192.2 16601.2 
71413.3 95065.9 36040.7 29775.5 54203.3 
50501.6 72750.1 12927.5 11161.1 49981.3 
16422.2 57293.1 23739.4 37164.6 75048.3 
62900.3 24100.2 53338.5 53021.2 54233.3 
15784.8 41521.7 47598.8 59390.2 90149.3 
27704.2 32117.4 54461.5 64864.5 91201.4 
39602.3 85057 33609.1 43432.9 83623.2 
54014.5 17584.1 48996.5 51021.7 59204.1 
83940 57972.6 57208.7 48798.5 24988.2 
80638.5 81032 42128.4 28681.9 18067.9 
29221.9 47284.8 15024.3 25469.2 59001.9 
64201.2 89243.3 29382.5 24812.9 54518.4 
37056.7 32404.5 28532.3 33906.3 56313.6 
60400.3 11920.2 71973.4 77267.8 88059.6 
21666.8 34975.7 33118.6 43300 72173.2 
66610.1 38060.1 47594.6 43846.3 39461.4 
12844.5 65739 37858.3 51292.3 89944.4 
84593.9 102120 46930.8 37210.9 48500 
14733 42510.4 47184 59101.4 90254.1 
65060.3 33762.3 48818.5 46208.2 43896.5 
64878.7 57558.7 32281.6 22800.2 23602.8 
46544.6 44055.5 22144.3 21920.8 42714.2 
42069.7 68182.5 7500 15274.2 55778.1 
51226.8 88078.4 28789.8 33533.6 71281.1 
86275.5 90407.6 46988.6 33742.9 25428.3 
72242 101039 40549.4 37020.3 64010.3 
49320.7 38046.8 29500.2 29113.7 43409.3 
21849 65181.4 23728.7 36928.3 76550.6 
55536 23654.2 45949.8 46644.7 53132 
25609.6 29300.2 38327.5 47647.1 73813.9 
64986.2 36833.1 46501.8 43155.2 40377.3 
57915.2 46550.8 31308.1 26249.8 33109.7 
92396.2 74637.3 59434.8 47950.5 10102 
74194.7 74815.2 36117.9 22809 19535.9 
12403.6 45110.1 46695.8 58917.3 91002.5 
87825.3 103143 49584.9 39036 46057 
90535.8 75943.8 56317 44342.4 5024.94 
62924.2 94154.8 33291.6 32511.2 64901.5 
39317.8 48572.6 13219.7 18094.5 48900.4 
