10 20 13
777 335 649 27 763 426 211 429 862 135 22 167 11 373 784 324 413 980 862 281 
3050 9250 840 3270 3360 5050 8460 7290 3130 8570 1240 8950 5820 
2 9 1 12 3 9 7 7 12 1 
674627 437809 445880 393032 332024 206090 740490 488790 166111 753313 449944 812613 430305 784237 677608 324484 499009 398898 525547 900209 
843214 930645 449539 324052 326392 750235 719106 524015 641789 242192 946206 307103 414017 371860 877852 232280 330651 168962 1.01949e+06 972546 
306105 828136 435037 557200 961566 880764 111396 370192 748538 741874 842021 739569 466412 580746 351962 758024 493789 840720 871428 205507 
227220 737017 361773 490433 890834 788041 52345 291446 656795 723095 751130 728945 395536 575306 276062 690638 439878 779046 782630 208154 
235850 531327 159906 289560 657900 534649 246142 91000 397847 647654 547245 676572 195256 555342 268604 472403 294457 573349 595897 416310 
48703.2 534394 440192 570424 920223 656805 299908 366314 555241 907965 545711 927928 476038 788453 25553.9 746860 568243 850535 560116 237775 
595124 487592 315398 255071 309317 303453 624051 366695 193598 629611 502359 686531 296366 649059 607146 219593 361006 315006 577430 806486 
757127 1.06625e+06 458947 431019 698264 966433 534509 492968 827838 193912 1.0829e+06 163600 445040 30149.6 804692 525746 335477 531433 1.14444e+06 786043 
451586 859393 295758 371831 765256 832001 211880 275427 688059 472890 875439 471377 310306 314331 501327 559044 278212 622357 924446 463276 
489155 497902 192925 165484 393732 371446 499608 241853 232723 578358 514106 628784 178362 566400 507372 238296 262909 345811 584566 689814 
