10 20 13
777 335 649 27 763 426 211 429 862 135 22 167 11 373 784 324 413 980 862 281 
3050 9250 840 3270 3360 5050 8460 7290 3130 8570 1240 8950 5820 
2 9 1 12 3 9 7 7 12 1 
674.627 437.809 445.88 393.032 332.024 206.09 740.49 488.79 166.111 753.313 449.944 812.613 430.305 784.237 677.608 324.484 499.009 398.898 525.547 900.209 
843.214 930.645 449.539 324.052 326.392 750.235 719.106 524.015 641.789 242.192 946.206 307.103 414.017 371.86 877.852 232.28 330.651 168.962 1019.49 972.546 
306.105 828.136 435.037 557.2 961.566 880.764 111.396 370.192 748.538 741.874 842.021 739.569 466.412 580.746 351.962 758.024 493.789 840.72 871.428 205.507 
227.22 737.017 361.773 490.433 890.834 788.041 52.345 291.446 656.795 723.095 751.13 728.945 395.536 575.306 276.062 690.638 439.878 779.046 782.63 208.154 
235.85 531.327 159.906 289.56 657.9 534.649 246.142 91 397.847 647.654 547.245 676.572 195.256 555.342 268.604 472.403 294.457 573.349 595.897 416.31 
48.7032 534.394 440.192 570.424 920.223 656.805 299.908 366.314 555.241 907.965 545.711 927.928 476.038 788.453 25.5539 746.86 568.243 850.535 560.116 237.775 
595.124 487.592 315.398 255.071 309.317 303.453 624.051 366.695 193.598 629.611 502.359 686.531 296.366 649.059 607.146 219.593 361.006 315.006 577.43 806.486 
757.127 1066.25 458.947 431.019 698.264 966.433 534.509 492.968 827.838 193.912 1082.9 163.6 445.04 30.1496 804.692 525.746 335.477 531.433 1144.44 786.043 
451.586 859.393 295.758 371.831 765.256 832.001 211.88 275.427 688.059 472.89 875.439 471.377 310.306 314.331 501.327 559.044 278.212 622.357 924.446 463.276 
489.155 497.902 192.925 165.484 393.732 371.446 499.608 241.853 232.723 578.358 514.106 628.784 178.362 566.4 507.372 238.296 262.909 345.811 584.566 689.814 
