10 20 13
777 335 649 27 763 426 211 429 862 135 22 167 11 373 784 324 413 980 862 281 
305000 925000 84000 327000 336000 505000 846000 729000 313000 857000 124000 895000 582000 
2 9 1 12 3 9 7 7 12 1 
67.4627 43.7809 44.588 39.3032 33.2024 20.609 74.049 48.879 16.6111 75.3313 44.9944 81.2613 43.0305 78.4237 67.7608 32.4484 49.9009 39.8898 52.5547 90.0209 
84.3214 93.0645 44.9539 32.4052 32.6392 75.0235 71.9106 52.4015 64.1789 24.2192 94.6206 30.7103 41.4017 37.186 87.7852 23.228 33.0651 16.8962 101.949 97.2546 
30.6105 82.8136 43.5037 55.72 96.1566 88.0764 11.1396 37.0192 74.8538 74.1874 84.2021 73.9569 46.6412 58.0746 35.1962 75.8024 49.3789 84.072 87.1428 20.5507 
22.722 73.7017 36.1773 49.0433 89.0834 78.8041 5.2345 29.1446 65.6795 72.3095 75.113 72.8945 39.5536 57.5306 27.6062 69.0638 43.9878 77.9046 78.263 20.8154 
23.585 53.1327 15.9906 28.956 65.79 53.4649 24.6142 9.1 39.7847 64.7654 54.7245 67.6572 19.5256 55.5342 26.8604 47.2403 29.4457 57.3349 59.5897 41.631 
4.87032 53.4394 44.0192 57.0424 92.0223 65.6805 29.9908 36.6314 55.5241 90.7965 54.5711 92.7928 47.6038 78.8453 2.55539 74.686 56.8243 85.0535 56.0116 23.7775 
59.5124 48.7592 31.5398 25.5071 30.9317 30.3453 62.4051 36.6695 19.3598 62.9611 50.2359 68.6531 29.6366 64.9059 60.7146 21.9593 36.1006 31.5006 57.743 80.6486 
75.7127 106.625 45.8947 43.1019 69.8264 96.6433 53.4509 49.2968 82.7838 19.3912 108.29 16.36 44.504 3.01496 80.4692 52.5746 33.5477 53.1433 114.444 78.6043 
45.1586 85.9393 29.5758 37.1831 76.5256 83.2001 21.188 27.5427 68.8059 47.289 87.5439 47.1377 31.0306 31.4331 50.1327 55.9044 27.8212 62.2357 92.4446 46.3276 
48.9155 49.7902 19.2925 16.5484 39.3732 37.1446 49.9608 24.1853 23.2723 57.8358 51.4106 62.8784 17.8362 56.64 50.7372 23.8296 26.2909 34.5811 58.4566 68.9814 
