15 30 24
777 335 649 27 763 426 211 429 862 135 22 167 11 373 784 324 413 980 862 281 84 505 313 895 814 364 87 178 403 399 
9320 600 6760 3680 7390 120 2260 5860 940 5390 7950 5700 4340 3780 4670 6010 970 9020 3170 4920 6520 7560 3010 2800 
14 17 16 13 9 7 17 5 11 15 15 0 4 11 14 
61.6847 479.437 377.033 503.397 843.586 583.824 298.332 306.811 478.023 859.027 492.05 883.349 411.807 750.798 57.5847 673.873 510.785 778.653 515.062 301.002 148.647 541.144 427.225 849.786 349.687 437.307 414.281 693.981 446.509 237.531 
273.88 502.113 139.617 258.027 611.65 488.431 296.096 92.0869 349.521 638.549 518.376 671.935 170.792 560.093 300.88 431.15 280.432 534.329 571.542 466.053 336.091 306.232 416.778 644.666 156.589 200.385 421.855 500.145 345.776 247.132 
922.356 784.372 574.604 452.134 48.0104 545.793 898.484 646.233 501.807 607.068 796.518 672.075 541.776 714.964 939.898 254.466 535.086 211.681 872.062 1115.22 989.45 504.608 707.738 158.218 534.607 541.713 993.759 257.422 556.138 727.195 
308.255 818.296 401.699 521.783 926.603 860.582 82.7647 339.201 726.158 704.48 832.577 703.082 432.251 544.783 356.202 722.447 456.426 804.016 865.035 236.546 258.805 492.062 750.177 998.103 535.071 431.821 57.9396 866.341 715.856 554.261 
341.457 254.275 361.4 430.029 650.173 302.592 503.724 338.25 208.543 846.681 270.49 888.982 378.857 794.411 329.569 529.306 494.491 635.708 325.357 580.856 428.434 510.13 172.166 612.657 188.534 412.903 633.329 452.966 168.505 51 
186.43 353.657 406.518 515.123 806.435 478.265 412.826 350.887 390.514 905.349 366.005 937.257 436.206 817.774 159.013 658.684 547.449 766.098 389.371 420.962 270.934 572.713 306.545 787.353 311.362 466.995 534.614 628.077 350.464 132.136 
301.496 598.91 99.6243 234.094 625.538 574.843 235.077 24.2074 432.64 567.68 615.168 595.243 136.015 473.466 339.872 429.418 219.317 524.361 667.816 448.987 342.381 251.348 513.321 683.71 232.641 152.643 350.708 550.568 435.005 342.094 
217.113 618.855 207.077 340.978 732.688 636.277 144.101 131.529 499.985 642.608 634.263 662.193 243.101 525.178 262.528 537.202 313.129 631.557 677.2 341.27 242.002 347.635 541.956 784.909 308.577 256.363 271.4 646.261 492.062 352.23 
431.561 393.581 240.707 262.231 473.621 302.238 497.562 258.954 158.013 680.825 410.001 728.723 241.961 654.313 440.556 341.276 347.052 447.854 478.8 652.028 509.284 353.657 299.475 466.374 45.31 273.651 621.969 312.026 173.297 227.607 
353.624 186.507 482.996 561.079 771.145 348.076 567.67 448.486 303.152 975.461 198.842 1015.81 504.034 914.385 323.761 660.444 620.137 766.211 228.281 586.287 437.659 638.024 151.644 715.996 321.179 537.82 693.514 558.198 251.319 110.39 
715.508 1037.47 428.921 412.393 703.393 946.335 490.474 458.268 806.083 228.09 1054.1 204.749 417.698 47.0106 763.417 522.98 312.436 537.671 1114.26 741.537 714.717 314.992 945.838 850.623 626.573 384.708 480.6 789.023 830.637 796.04 
367.241 221.208 391.68 454.948 656.247 279.551 536.411 370.815 199.251 873 237.508 916.415 407.806 824.471 352.115 544.546 522.947 650 294.054 606.964 454.433 537.403 138.708 609.493 211.603 441.862 665.92 450.245 153.496 69.0652 
250.711 766.006 385.467 512.191 914.248 818.086 64.2573 316.863 686.619 729.464 780.023 732.673 418.493 577.008 298.518 712.845 457.2 799.471 810.665 201.099 202.428 493.238 700.213 976.139 500.49 422.573 115.551 839.453 673.25 503.754 
682.72 623.308 338.87 229.124 199.449 426.484 663.323 407.657 328.818 526.031 637.942 587.006 308.457 576.222 702.2 93.6483 327.771 179.388 713.182 874.474 748.578 304.897 535.014 267.884 302.152 314.201 765.278 192.512 379.237 510.069 
76.4788 481.331 433.896 559.804 894.519 608.922 334.763 363.6 512.291 914.822 492.59 938.271 468.603 803.831 30.0666 728.097 567.536 833.382 507.276 290.837 146.055 597.997 439.191 894.452 398.167 494.191 442.386 737.207 476.59 260.555 
