15 30 24
777 335 649 27 763 426 211 429 862 135 22 167 11 373 784 324 413 980 862 281 84 505 313 895 814 364 87 178 403 399 
9320 600 6760 3680 7390 120 2260 5860 940 5390 7950 5700 4340 3780 4670 6010 970 9020 3170 4920 6520 7560 3010 2800 
14 17 16 13 9 7 17 5 11 15 15 0 4 11 14 
6.16847 47.9437 37.7033 50.3397 84.3586 58.3824 29.8332 30.6811 47.8023 85.9027 49.205 88.3349 41.1807 75.0798 5.75847 67.3873 51.0785 77.8653 51.5062 30.1002 14.8647 54.1144 42.7225 84.9786 34.9687 43.7307 41.4281 69.3981 44.6509 23.7531 
27.388 50.2113 13.9617 25.8027 61.165 48.8431 29.6096 9.20869 34.9521 63.8549 51.8376 67.1935 17.0792 56.0093 30.088 43.115 28.0432 53.4329 57.1542 46.6053 33.6091 30.6232 41.6778 64.4666 15.6589 20.0385 42.1855 50.0145 34.5776 24.7132 
92.2356 78.4372 57.4604 45.2134 4.80104 54.5793 89.8484 64.6233 50.1807 60.7068 79.6518 67.2075 54.1776 71.4964 93.9898 25.4466 53.5086 21.1681 87.2062 111.522 98.945 50.4608 70.7738 15.8218 53.4607 54.1713 99.3759 25.7422 55.6138 72.7195 
30.8255 81.8296 40.1699 52.1783 92.6603 86.0582 8.27647 33.9201 72.6158 70.448 83.2577 70.3082 43.2251 54.4783 35.6202 72.2447 45.6426 80.4016 86.5035 23.6546 25.8805 49.2062 75.0177 99.8103 53.5071 43.1821 5.79396 86.6341 71.5856 55.4261 
34.1457 25.4275 36.14 43.0029 65.0173 30.2592 50.3724 33.825 20.8543 84.6681 27.049 88.8982 37.8857 79.4411 32.9569 52.9306 49.4491 63.5708 32.5357 58.0856 42.8434 51.013 17.2166 61.2657 18.8534 41.2903 63.3329 45.2966 16.8505 5.1 
18.643 35.3657 40.6518 51.5123 80.6435 47.8265 41.2826 35.0887 39.0514 90.5349 36.6005 93.7257 43.6206 81.7774 15.9013 65.8684 54.7449 76.6098 38.9371 42.0962 27.0934 57.2713 30.6545 78.7353 31.1362 46.6995 53.4614 62.8077 35.0464 13.2136 
30.1496 59.891 9.96243 23.4094 62.5538 57.4843 23.5077 2.42074 43.264 56.768 61.5168 59.5243 13.6015 47.3466 33.9872 42.9418 21.9317 52.4361 66.7816 44.8987 34.2381 25.1348 51.3321 68.371 23.2641 15.2643 35.0708 55.0568 43.5005 34.2094 
21.7113 61.8855 20.7077 34.0978 73.2688 63.6277 14.4101 13.1529 49.9985 64.2608 63.4263 66.2193 24.3101 52.5178 26.2528 53.7202 31.3129 63.1557 67.72 34.127 24.2002 34.7635 54.1956 78.4909 30.8577 25.6363 27.14 64.6261 49.2062 35.223 
43.1561 39.3581 24.0707 26.2231 47.3621 30.2238 49.7562 25.8954 15.8013 68.0825 41.0001 72.8723 24.1961 65.4313 44.0556 34.1276 34.7052 44.7854 47.88 65.2028 50.9284 35.3657 29.9475 46.6374 4.531 27.3651 62.1969 31.2026 17.3297 22.7607 
35.3624 18.6507 48.2996 56.1079 77.1145 34.8076 56.767 44.8486 30.3152 97.5461 19.8842 101.581 50.4034 91.4385 32.3761 66.0444 62.0137 76.6211 22.8281 58.6287 43.7659 63.8024 15.1644 71.5996 32.1179 53.782 69.3514 55.8198 25.1319 11.039 
71.5508 103.747 42.8921 41.2393 70.3393 94.6335 49.0474 45.8268 80.6083 22.809 105.41 20.4749 41.7698 4.70106 76.3417 52.298 31.2436 53.7671 111.426 74.1537 71.4717 31.4992 94.5838 85.0623 62.6573 38.4708 48.06 78.9023 83.0637 79.604 
36.7241 22.1208 39.168 45.4948 65.6247 27.9551 53.6411 37.0815 19.9251 87.3 23.7508 91.6415 40.7806 82.4471 35.2115 54.4546 52.2947 65 29.4054 60.6964 45.4433 53.7403 13.8708 60.9493 21.1603 44.1862 66.592 45.0245 15.3496 6.90652 
25.0711 76.6006 38.5467 51.2191 91.4248 81.8086 6.42573 31.6863 68.6619 72.9464 78.0023 73.2673 41.8493 57.7008 29.8518 71.2845 45.72 79.9471 81.0665 20.1099 20.2428 49.3238 70.0213 97.6139 50.049 42.2573 11.5551 83.9453 67.325 50.3754 
68.272 62.3308 33.887 22.9124 19.9449 42.6484 66.3323 40.7657 32.8818 52.6031 63.7942 58.7006 30.8457 57.6222 70.22 9.36483 32.7771 17.9388 71.3182 87.4474 74.8578 30.4897 53.5014 26.7884 30.2152 31.4201 76.5278 19.2512 37.9237 51.0069 
7.64788 48.1331 43.3896 55.9804 89.4519 60.8922 33.4763 36.36 51.2291 91.4822 49.259 93.8271 46.8603 80.3831 3.00666 72.8097 56.7536 83.3382 50.7276 29.0837 14.6055 59.7997 43.9191 89.4452 39.8167 49.4191 44.2386 73.7207 47.659 26.0555 
