15 30 24
777 335 649 27 763 426 211 429 862 135 22 167 11 373 784 324 413 980 862 281 84 505 313 895 814 364 87 178 403 399 
93.2 6 67.6 36.8 73.9 1.2 22.6 58.6 9.4 53.9 79.5 57 43.4 37.8 46.7 60.1 9.7 90.2 31.7 49.2 65.2 75.6 30.1 28 
14 17 16 13 9 7 17 5 11 15 15 0 4 11 14 
6168.47 47943.7 37703.3 50339.7 84358.6 58382.4 29833.2 30681.1 47802.3 85902.7 49205 88334.9 41180.7 75079.8 5758.47 67387.3 51078.5 77865.3 51506.2 30100.2 14864.7 54114.4 42722.5 84978.6 34968.7 43730.7 41428.1 69398.1 44650.9 23753.1 
27388 50211.3 13961.7 25802.7 61165 48843.1 29609.6 9208.69 34952.1 63854.9 51837.6 67193.5 17079.2 56009.3 30088 43115 28043.2 53432.9 57154.2 46605.3 33609.1 30623.2 41677.8 64466.6 15658.9 20038.5 42185.5 50014.5 34577.6 24713.2 
92235.6 78437.2 57460.4 45213.4 4801.04 54579.3 89848.4 64623.3 50180.7 60706.8 79651.8 67207.5 54177.6 71496.4 93989.8 25446.6 53508.6 21168.1 87206.2 111522 98945 50460.8 70773.8 15821.8 53460.7 54171.3 99375.9 25742.2 55613.8 72719.5 
30825.5 81829.6 40169.9 52178.3 92660.3 86058.2 8276.47 33920.1 72615.8 70448 83257.7 70308.2 43225.1 54478.3 35620.2 72244.7 45642.6 80401.6 86503.5 23654.6 25880.5 49206.2 75017.7 99810.3 53507.1 43182.1 5793.96 86634.1 71585.6 55426.1 
34145.7 25427.5 36140 43002.9 65017.3 30259.2 50372.4 33825 20854.3 84668.1 27049 88898.2 37885.7 79441.1 32956.9 52930.6 49449.1 63570.8 32535.7 58085.6 42843.4 51013 17216.6 61265.7 18853.4 41290.3 63332.9 45296.6 16850.5 5100 
18643 35365.7 40651.8 51512.3 80643.5 47826.5 41282.6 35088.7 39051.4 90534.9 36600.5 93725.7 43620.6 81777.4 15901.3 65868.4 54744.9 76609.8 38937.1 42096.2 27093.4 57271.3 30654.5 78735.3 31136.2 46699.5 53461.4 62807.7 35046.4 13213.6 
30149.6 59891 9962.43 23409.4 62553.8 57484.3 23507.7 2420.74 43264 56768 61516.8 59524.3 13601.5 47346.6 33987.2 42941.8 21931.7 52436.1 66781.6 44898.7 34238.1 25134.8 51332.1 68371 23264.1 15264.3 35070.8 55056.8 43500.5 34209.4 
21711.3 61885.5 20707.7 34097.8 73268.8 63627.7 14410.1 13152.9 49998.5 64260.8 63426.3 66219.3 24310.1 52517.8 26252.8 53720.2 31312.9 63155.7 67720 34127 24200.2 34763.5 54195.6 78490.9 30857.7 25636.3 27140 64626.1 49206.2 35223 
43156.1 39358.1 24070.7 26223.1 47362.1 30223.8 49756.2 25895.4 15801.3 68082.5 41000.1 72872.3 24196.1 65431.3 44055.6 34127.6 34705.2 44785.4 47880 65202.8 50928.4 35365.7 29947.5 46637.4 4531 27365.1 62196.9 31202.6 17329.7 22760.7 
35362.4 18650.7 48299.6 56107.9 77114.5 34807.6 56767 44848.6 30315.2 97546.1 19884.2 101581 50403.4 91438.5 32376.1 66044.4 62013.7 76621.1 22828.1 58628.7 43765.9 63802.4 15164.4 71599.6 32117.9 53782 69351.4 55819.8 25131.9 11039 
71550.8 103747 42892.1 41239.3 70339.3 94633.5 49047.4 45826.8 80608.3 22809 105410 20474.9 41769.8 4701.06 76341.7 52298 31243.6 53767.1 111426 74153.7 71471.7 31499.2 94583.8 85062.3 62657.3 38470.8 48060 78902.3 83063.7 79604 
36724.1 22120.8 39168 45494.8 65624.7 27955.1 53641.1 37081.5 19925.1 87300 23750.8 91641.5 40780.6 82447.1 35211.5 54454.6 52294.7 65000 29405.4 60696.4 45443.3 53740.3 13870.8 60949.3 21160.3 44186.2 66592 45024.5 15349.6 6906.52 
25071.1 76600.6 38546.7 51219.1 91424.8 81808.6 6425.73 31686.3 68661.9 72946.4 78002.3 73267.3 41849.3 57700.8 29851.8 71284.5 45720 79947.1 81066.5 20109.9 20242.8 49323.8 70021.3 97613.9 50049 42257.3 11555.1 83945.3 67325 50375.4 
68272 62330.8 33887 22912.4 19944.9 42648.4 66332.3 40765.7 32881.8 52603.1 63794.2 58700.6 30845.7 57622.2 70220 9364.83 32777.1 17938.8 71318.2 87447.4 74857.8 30489.7 53501.4 26788.4 30215.2 31420.1 76527.8 19251.2 37923.7 51006.9 
7647.88 48133.1 43389.6 55980.4 89451.9 60892.2 33476.3 36360 51229.1 91482.2 49259 93827.1 46860.3 80383.1 3006.66 72809.7 56753.6 83338.2 50727.6 29083.7 14605.5 59799.7 43919.1 89445.2 39816.7 49419.1 44238.6 73720.7 47659 26055.5 
