15 30 24
777 335 649 27 763 426 211 429 862 135 22 167 11 373 784 324 413 980 862 281 84 505 313 895 814 364 87 178 403 399 
9.32 0.6 6.76 3.68 7.39 0.12 2.26 5.86 0.94 5.39 7.95 5.7 4.34 3.78 4.67 6.01 0.97 9.02 3.17 4.92 6.52 7.56 3.01 2.8 
14 17 16 13 9 7 17 5 11 15 15 0 4 11 14 
0.616847 4.79437 3.77033 5.03397 8.43586 5.83824 2.98332 3.06811 4.78023 8.59027 4.9205 8.83349 4.11807 7.50798 0.575847 6.73873 5.10785 7.78653 5.15062 3.01002 1.48647 5.41144 4.27225 8.49786 3.49687 4.37307 4.14281 6.93981 4.46509 2.37531 
2.7388 5.02113 1.39617 2.58027 6.1165 4.88431 2.96096 0.920869 3.49521 6.38549 5.18376 6.71935 1.70792 5.60093 3.0088 4.3115 2.80432 5.34329 5.71542 4.66053 3.36091 3.06232 4.16778 6.44666 1.56589 2.00385 4.21855 5.00145 3.45776 2.47132 
9.22356 7.84372 5.74604 4.52134 0.480104 5.45793 8.98484 6.46233 5.01807 6.07068 7.96518 6.72075 5.41776 7.14964 9.39898 2.54466 5.35086 2.11681 8.72062 11.1522 9.8945 5.04608 7.07738 1.58218 5.34607 5.41713 9.93759 2.57422 5.56138 7.27195 
3.08255 8.18296 4.01699 5.21783 9.26603 8.60582 0.827647 3.39201 7.26158 7.0448 8.32577 7.03082 4.32251 5.44783 3.56202 7.22447 4.56426 8.04016 8.65035 2.36546 2.58805 4.92062 7.50177 9.98103 5.35071 4.31821 0.579396 8.66341 7.15856 5.54261 
3.41457 2.54275 3.614 4.30029 6.50173 3.02592 5.03724 3.3825 2.08543 8.46681 2.7049 8.88982 3.78857 7.94411 3.29569 5.29306 4.94491 6.35708 3.25357 5.80856 4.28434 5.1013 1.72166 6.12657 1.88534 4.12903 6.33329 4.52966 1.68505 0.51 
1.8643 3.53657 4.06518 5.15123 8.06435 4.78265 4.12826 3.50887 3.90514 9.05349 3.66005 9.37257 4.36206 8.17774 1.59013 6.58684 5.47449 7.66098 3.89371 4.20962 2.70934 5.72713 3.06545 7.87353 3.11362 4.66995 5.34614 6.28077 3.50464 1.32136 
3.01496 5.9891 0.996243 2.34094 6.25538 5.74843 2.35077 0.242074 4.3264 5.6768 6.15168 5.95243 1.36015 4.73466 3.39872 4.29418 2.19317 5.24361 6.67816 4.48987 3.42381 2.51348 5.13321 6.8371 2.32641 1.52643 3.50708 5.50568 4.35005 3.42094 
2.17113 6.18855 2.07077 3.40978 7.32688 6.36277 1.44101 1.31529 4.99985 6.42608 6.34263 6.62193 2.43101 5.25178 2.62528 5.37202 3.13129 6.31557 6.772 3.4127 2.42002 3.47635 5.41956 7.84909 3.08577 2.56363 2.714 6.46261 4.92062 3.5223 
4.31561 3.93581 2.40707 2.62231 4.73621 3.02238 4.97562 2.58954 1.58013 6.80825 4.10001 7.28723 2.41961 6.54313 4.40556 3.41276 3.47052 4.47854 4.788 6.52028 5.09284 3.53657 2.99475 4.66374 0.4531 2.73651 6.21969 3.12026 1.73297 2.27607 
3.53624 1.86507 4.82996 5.61079 7.71145 3.48076 5.6767 4.48486 3.03152 9.75461 1.98842 10.1581 5.04034 9.14385 3.23761 6.60444 6.20137 7.66211 2.28281 5.86287 4.37659 6.38024 1.51644 7.15996 3.21179 5.3782 6.93514 5.58198 2.51319 1.1039 
7.15508 10.3747 4.28921 4.12393 7.03393 9.46335 4.90474 4.58268 8.06083 2.2809 10.541 2.04749 4.17698 0.470106 7.63417 5.2298 3.12436 5.37671 11.1426 7.41537 7.14717 3.14992 9.45838 8.50623 6.26573 3.84708 4.806 7.89023 8.30637 7.9604 
3.67241 2.21208 3.9168 4.54948 6.56247 2.79551 5.36411 3.70815 1.99251 8.73 2.37508 9.16415 4.07806 8.24471 3.52115 5.44546 5.22947 6.5 2.94054 6.06964 4.54433 5.37403 1.38708 6.09493 2.11603 4.41862 6.6592 4.50245 1.53496 0.690652 
2.50711 7.66006 3.85467 5.12191 9.14248 8.18086 0.642573 3.16863 6.86619 7.29464 7.80023 7.32673 4.18493 5.77008 2.98518 7.12845 4.572 7.99471 8.10665 2.01099 2.02428 4.93238 7.00213 9.76139 5.0049 4.22573 1.15551 8.39453 6.7325 5.03754 
6.8272 6.23308 3.3887 2.29124 1.99449 4.26484 6.63323 4.07657 3.28818 5.26031 6.37942 5.87006 3.08457 5.76222 7.022 0.936483 3.27771 1.79388 7.13182 8.74474 7.48578 3.04897 5.35014 2.67884 3.02152 3.14201 7.65278 1.92512 3.79237 5.10069 
0.764788 4.81331 4.33896 5.59804 8.94519 6.08922 3.34763 3.636 5.12291 9.14822 4.9259 9.38271 4.68603 8.03831 0.300666 7.28097 5.67536 8.33382 5.07276 2.90837 1.46055 5.97997 4.39191 8.94452 3.98167 4.94191 4.42386 7.37207 4.7659 2.60555 
