20 40 10
777 335 649 27 763 426 211 429 862 135 22 167 11 373 784 324 413 980 862 281 84 505 313 895 814 364 87 178 403 399 676 12 94 570 467 902 652 280 865 619 
440000 729000 31000 117000 97000 771000 481000 675000 709000 927000 
7 3 6 4 2 9 8 9 8 1 9 8 3 4 7 1 9 1 5 1 
6.12413 3.01823 4.70027 4.55467 4.68402 0.821523 7.24553 4.92995 0.810247 8.49817 3.13614 9.05532 4.64812 8.56983 6.0606 4.37221 5.55707 5.23198 3.89071 8.48291 6.977 5.52958 2.32215 3.73001 2.78173 4.93042 8.51456 2.26153 1.10422 3.28746 4.43559 5.44709 6.36255 4.35078 4.38458 4.74368 5.39023 2.20036 5.72744 1.75208 
2.1783 3.71248 5.13546 6.25167 9.1195 5.44266 4.73114 4.53793 4.77117 10.1033 3.7976 10.4 5.44362 9.15222 1.71292 7.68564 6.53809 8.76057 3.81266 4.17153 2.83833 6.80237 3.51135 8.83585 4.20019 5.74388 5.84015 7.23882 4.31237 2.20785 9.68886 3.14006 5.22725 1.76377 6.0636 8.6813 5.44142 6.85417 6.03801 5.31084 
7.31361 6.19112 4.03408 2.98485 1.60153 4.02604 7.26918 4.69392 3.26377 5.80262 6.32776 6.42748 3.74525 6.41078 7.47425 1.47503 3.97775 2.02566 7.08692 9.31074 8.00825 3.74733 5.35415 1.98245 3.41287 3.82205 8.31601 1.37383 3.79803 5.35956 2.95435 6.07968 5.86121 5.93727 2.95435 1.46997 4.56602 1.09786 4.54855 2.2508 
1.45774 3.94782 4.04728 5.20125 8.28002 5.17653 3.80737 3.43535 4.25202 9.00245 4.06893 9.29572 4.36406 8.05208 1.17273 6.7306 5.44399 7.80003 4.28005 3.79195 2.29445 5.71512 3.48264 8.16241 3.30442 4.65715 4.99866 6.5759 3.87258 1.69759 9.06056 2.07422 4.15246 0.767919 5.01881 7.77435 4.33776 6.13909 4.93421 4.56344 
5.87882 3.02483 4.43137 4.31677 4.65249 1.03817 6.97093 4.65421 0.542033 8.29778 3.15279 8.84758 4.38526 8.33334 5.82683 4.22243 5.30928 5.11423 3.91189 8.23001 6.728 5.29049 2.26638 3.80033 2.50545 4.67124 8.23896 2.27969 0.907855 3.07709 4.54816 5.17897 6.08685 4.11539 4.14307 4.65639 5.12118 2.14786 5.46528 1.51924 
5.30182 7.72431 1.698 1.51119 5.21422 6.78174 3.80825 2.21822 5.37018 3.34978 7.89074 3.66531 1.51238 2.6703 5.71316 3.16526 0.450444 3.7718 8.51834 6.35912 5.58099 0.653682 6.79777 6.35693 3.5871 1.17324 4.44357 5.45809 5.61231 5.42362 7.30142 3.83725 2.22396 5.04668 1.64305 4.27787 1.32608 4.90597 0.747329 4.25837 
6.39015 4.95186 3.62416 2.94822 2.8211 2.90725 6.7206 4.14654 2.01467 6.51915 5.09156 7.10697 3.42257 6.82092 6.49367 2.27702 4.01123 3.12605 5.84953 8.52855 7.1437 3.88021 4.10466 2.58496 2.44364 3.60472 7.872 1.12894 2.54686 4.18918 3.54244 5.28782 5.47391 4.87853 2.83558 2.68412 4.26038 0.565862 4.40729 1.07201 
4.44002 1.38062 4.70596 5.20525 6.72408 2.24475 6.24135 4.55544 1.93507 9.39822 1.54693 9.86083 4.83423 9.01417 4.23132 5.85411 5.96632 6.87258 2.19317 6.82939 5.30928 6.08054 0.503587 6.02098 2.78352 5.17264 7.53484 4.47161 1.3923 1.48277 6.76805 4.28299 5.86233 2.66895 5.00069 6.55668 5.31791 4.23891 5.82773 2.98814 
1.4368 6.72093 3.81047 5.15007 9.04098 7.4659 1.32019 3.0491 6.23077 7.88495 6.85414 7.99186 4.17138 6.49537 1.90539 7.10752 4.8112 8.05597 7.11512 1.67705 0.992018 5.1655 6.12283 9.46482 4.51852 4.29684 2.23652 8.01167 6.02904 4.16293 10.4392 1.63028 2.60693 2.98391 5.04723 8.29299 3.61248 7.47092 4.0707 5.98949 
6.31668 2.38076 5.38697 5.35956 5.47154 0.158114 7.7056 5.5313 1.4123 9.35387 2.4713 9.90437 5.37201 9.37506 6.18463 5.24314 6.3361 6.09361 3.1992 8.70909 7.18579 6.33085 1.89476 4.35726 3.39147 5.6706 8.99394 3.01015 1.36125 3.35412 4.95122 5.82808 6.95691 4.51136 5.18168 5.58716 6.07277 3.02888 6.45152 2.57187 
1.60963 4.27984 2.90496 4.07545 7.33368 4.91955 3.17238 2.30671 3.75755 7.86787 4.42634 8.17267 3.22318 6.96521 1.68861 5.68117 4.30308 6.74072 4.80526 3.93634 2.43742 4.5728 3.59707 7.38756 2.38321 3.51484 4.4522 5.83561 3.49857 1.63306 8.32317 1.22577 3.16746 0.596825 3.89759 6.76504 3.21286 5.3497 3.80963 3.7789 
7.05025 4.49138 4.76643 4.20171 3.27844 2.08147 7.72371 5.20402 1.89423 7.7176 4.60487 8.31895 4.60369 8.0811 7.07221 3.39882 5.2638 4.07806 5.35494 9.31427 7.8608 5.14191 3.79033 2.26566 3.24201 4.81386 8.92639 0.810247 2.39927 4.46448 3.03942 6.12413 6.58727 5.378 4.07962 3.48725 5.429 0.981122 5.62411 1.78718 
8.59996 8.65047 4.71975 3.3738 1.91638 6.61447 7.74847 5.49102 5.70561 3.78442 8.79696 4.43384 4.35354 4.97784 8.88519 1.68122 3.83564 0.626498 9.54912 10.1703 9.12089 3.48042 7.76364 3.6817 5.17537 4.21532 8.49415 3.91699 6.20841 7.35664 4.32782 7.17251 6.16263 7.61999 3.50274 1.19038 4.93207 3.69899 4.59831 4.51465 
2.60509 8.00201 4.96717 6.26828 10.2537 8.84918 1.84358 4.24199 7.61853 8.47001 8.12754 8.47574 5.31154 6.89891 2.97042 8.26574 5.76556 9.15933 8.3301 0.940213 1.81334 6.12612 7.45325 10.7768 5.88154 5.38005 1.82913 9.35361 7.41482 5.50753 11.7566 3.00268 3.43494 4.31724 6.1919 9.46054 4.6404 8.8045 4.99973 7.34932 
4.94144 0.773369 5.32824 5.78261 7.03855 2.1473 6.84036 5.18768 2.25488 9.97128 0.938616 10.4455 5.44737 9.627 4.69256 6.31495 6.57123 7.30756 1.64012 7.31167 5.8028 6.6745 0.172047 6.19001 3.38053 5.78448 8.1303 4.6946 1.72931 2.05295 6.87215 4.88016 6.49268 3.21237 5.57951 6.94508 5.94577 4.53171 6.45061 3.42476 
5.43854 8.10264 2.03494 1.94023 5.54982 7.20573 3.75055 2.46343 5.79008 3.15626 8.26906 3.40847 1.89307 2.29611 5.86986 3.52121 0.881419 4.05558 8.88541 6.33569 5.65406 1.0412 7.18093 6.74523 3.98026 1.5608 4.2671 5.87777 6.02231 5.7541 7.68147 3.99696 2.21002 5.31266 2.07408 4.60109 1.55657 5.32857 0.962133 4.68706 
7.15489 3.6161 5.53263 5.19736 4.46817 1.08462 8.2226 5.83823 1.82538 8.91176 3.70066 9.50081 5.4353 9.16758 7.08798 4.62555 6.24087 5.33274 4.41453 9.51237 8.00756 6.1652 3.10337 3.1797 3.71598 5.69004 9.47931 2.01792 2.12151 4.3001 3.72022 6.45657 7.26509 5.37939 5.04896 4.73762 6.21901 2.22623 6.50062 2.47291 
6.60212 7.40074 2.68881 1.34952 3.04253 5.80056 5.72965 3.45951 4.58507 3.5287 7.56003 4.11001 2.32207 3.95001 6.91185 1.04403 1.87211 1.63371 8.2788 8.13089 7.09389 1.54156 6.46747 4.32685 3.48589 2.17568 6.54003 3.74092 4.99937 5.67866 5.22732 5.15637 4.15554 5.76102 1.5003 2.09898 2.89993 3.27246 2.61094 3.31904 
4.12698 5.99854 0.276586 1.12872 5.02309 5.2318 3.5195 1.00846 3.79158 4.96291 6.16497 5.34627 0.228035 4.39602 4.4522 3.05084 1.38852 4.01061 6.78677 5.73283 4.62391 1.59512 5.07687 5.70088 1.88854 0.565685 4.56806 4.47219 3.96561 3.71397 6.68596 2.67854 2.1285 3.47081 0.997246 4.23987 0.917824 3.89525 1.25419 2.83591 
6.83159 4.02061 4.81864 4.38244 3.75659 1.60153 7.66079 5.19311 1.54923 8.04866 4.13146 8.63873 4.68984 8.32714 6.82309 3.7663 5.43575 4.50156 4.87943 9.13534 7.65969 5.34268 3.34215 2.71002 3.14127 4.92546 8.8896 1.29077 2.01547 4.14403 3.43076 5.98695 6.60231 5.11626 4.24341 3.93514 5.49627 1.38708 5.73847 1.7596 
