20 40 10
777 335 649 27 763 426 211 429 862 135 22 167 11 373 784 324 413 980 862 281 84 505 313 895 814 364 87 178 403 399 676 12 94 570 467 902 652 280 865 619 
4.4 7.29 0.31 1.17 0.97 7.71 4.81 6.75 7.09 9.27 
7 3 6 4 2 9 8 9 8 1 9 8 3 4 7 1 9 1 5 1 
612.413 301.823 470.027 455.467 468.402 82.1523 724.553 492.995 81.0247 849.817 313.614 905.532 464.812 856.983 606.06 437.221 555.707 523.198 389.071 848.291 697.7 552.958 232.215 373.001 278.173 493.042 851.456 226.153 110.422 328.746 443.559 544.709 636.255 435.078 438.458 474.368 539.023 220.036 572.744 175.208 
217.83 371.248 513.546 625.167 911.95 544.266 473.114 453.793 477.117 1010.33 379.76 1040 544.362 915.222 171.292 768.564 653.809 876.057 381.266 417.153 283.833 680.237 351.135 883.585 420.019 574.388 584.015 723.882 431.237 220.785 968.886 314.006 522.725 176.377 606.36 868.13 544.142 685.417 603.801 531.084 
731.361 619.112 403.408 298.485 160.153 402.604 726.918 469.392 326.377 580.262 632.776 642.748 374.525 641.078 747.425 147.503 397.775 202.566 708.692 931.074 800.825 374.733 535.415 198.245 341.287 382.205 831.601 137.383 379.803 535.956 295.435 607.968 586.121 593.727 295.435 146.997 456.602 109.786 454.855 225.08 
145.774 394.782 404.728 520.125 828.002 517.653 380.737 343.535 425.202 900.245 406.893 929.572 436.406 805.208 117.273 673.06 544.399 780.003 428.005 379.195 229.445 571.512 348.264 816.241 330.442 465.715 499.866 657.59 387.258 169.759 906.056 207.422 415.246 76.7919 501.881 777.435 433.776 613.909 493.421 456.344 
587.882 302.483 443.137 431.677 465.249 103.817 697.093 465.421 54.2033 829.778 315.279 884.758 438.526 833.334 582.683 422.243 530.928 511.423 391.189 823.001 672.8 529.049 226.638 380.033 250.545 467.124 823.896 227.969 90.7855 307.709 454.816 517.897 608.685 411.539 414.307 465.639 512.118 214.786 546.528 151.924 
530.182 772.431 169.8 151.119 521.422 678.174 380.825 221.822 537.018 334.978 789.074 366.531 151.238 267.03 571.316 316.526 45.0444 377.18 851.834 635.912 558.099 65.3682 679.777 635.693 358.71 117.324 444.357 545.809 561.231 542.362 730.142 383.725 222.396 504.668 164.305 427.787 132.608 490.597 74.7329 425.837 
639.015 495.186 362.416 294.822 282.11 290.725 672.06 414.654 201.467 651.915 509.156 710.697 342.257 682.092 649.367 227.702 401.123 312.605 584.953 852.855 714.37 388.021 410.466 258.496 244.364 360.472 787.2 112.894 254.686 418.918 354.244 528.782 547.391 487.853 283.558 268.412 426.038 56.5862 440.729 107.201 
444.002 138.062 470.596 520.525 672.408 224.475 624.135 455.544 193.507 939.822 154.693 986.083 483.423 901.417 423.132 585.411 596.632 687.258 219.317 682.939 530.928 608.054 50.3587 602.098 278.352 517.264 753.484 447.161 139.23 148.277 676.805 428.299 586.233 266.895 500.069 655.668 531.791 423.891 582.773 298.814 
143.68 672.093 381.047 515.007 904.098 746.59 132.019 304.91 623.077 788.495 685.414 799.186 417.138 649.537 190.539 710.752 481.12 805.597 711.512 167.705 99.2018 516.55 612.283 946.482 451.852 429.684 223.652 801.167 602.904 416.293 1043.92 163.028 260.693 298.391 504.723 829.299 361.248 747.092 407.07 598.949 
631.668 238.076 538.697 535.956 547.154 15.8114 770.56 553.13 141.23 935.387 247.13 990.437 537.201 937.506 618.463 524.314 633.61 609.361 319.92 870.909 718.579 633.085 189.476 435.726 339.147 567.06 899.394 301.015 136.125 335.412 495.122 582.808 695.691 451.136 518.168 558.716 607.277 302.888 645.152 257.187 
160.963 427.984 290.496 407.545 733.368 491.955 317.238 230.671 375.755 786.787 442.634 817.267 322.318 696.521 168.861 568.117 430.308 674.072 480.526 393.634 243.742 457.28 359.707 738.756 238.321 351.484 445.22 583.561 349.857 163.306 832.317 122.577 316.746 59.6825 389.759 676.504 321.286 534.97 380.963 377.89 
705.025 449.138 476.643 420.171 327.844 208.147 772.371 520.402 189.423 771.76 460.487 831.895 460.369 808.11 707.221 339.882 526.38 407.806 535.494 931.427 786.08 514.191 379.033 226.566 324.201 481.386 892.639 81.0247 239.927 446.448 303.942 612.413 658.727 537.8 407.962 348.725 542.9 98.1122 562.411 178.718 
859.996 865.047 471.975 337.38 191.638 661.447 774.847 549.102 570.561 378.442 879.696 443.384 435.354 497.784 888.519 168.122 383.564 62.6498 954.912 1017.03 912.089 348.042 776.364 368.17 517.537 421.532 849.415 391.699 620.841 735.664 432.782 717.251 616.263 761.999 350.274 119.038 493.207 369.899 459.831 451.465 
260.509 800.201 496.717 626.828 1025.37 884.918 184.358 424.199 761.853 847.001 812.754 847.574 531.154 689.891 297.042 826.574 576.556 915.933 833.01 94.0213 181.334 612.612 745.325 1077.68 588.154 538.005 182.913 935.361 741.482 550.753 1175.66 300.268 343.494 431.724 619.19 946.054 464.04 880.45 499.973 734.932 
494.144 77.3369 532.824 578.261 703.855 214.73 684.036 518.768 225.488 997.128 93.8616 1044.55 544.737 962.7 469.256 631.495 657.123 730.756 164.012 731.167 580.28 667.45 17.2047 619.001 338.053 578.448 813.03 469.46 172.931 205.295 687.215 488.016 649.268 321.237 557.951 694.508 594.577 453.171 645.061 342.476 
543.854 810.264 203.494 194.023 554.982 720.573 375.055 246.343 579.008 315.626 826.906 340.847 189.307 229.611 586.986 352.121 88.1419 405.558 888.541 633.569 565.406 104.12 718.093 674.523 398.026 156.08 426.71 587.777 602.231 575.41 768.147 399.696 221.002 531.266 207.408 460.109 155.657 532.857 96.2133 468.706 
715.489 361.61 553.263 519.736 446.817 108.462 822.26 583.823 182.538 891.176 370.066 950.081 543.53 916.758 708.798 462.555 624.087 533.274 441.453 951.237 800.756 616.52 310.337 317.97 371.598 569.004 947.931 201.792 212.151 430.01 372.022 645.657 726.509 537.939 504.896 473.762 621.901 222.623 650.062 247.291 
660.212 740.074 268.881 134.952 304.253 580.056 572.965 345.951 458.507 352.87 756.003 411.001 232.207 395.001 691.185 104.403 187.211 163.371 827.88 813.089 709.389 154.156 646.747 432.685 348.589 217.568 654.003 374.092 499.937 567.866 522.732 515.637 415.554 576.102 150.03 209.898 289.993 327.246 261.094 331.904 
412.698 599.854 27.6586 112.872 502.309 523.18 351.95 100.846 379.158 496.291 616.497 534.627 22.8035 439.602 445.22 305.084 138.852 401.061 678.677 573.283 462.391 159.512 507.687 570.088 188.854 56.5685 456.806 447.219 396.561 371.397 668.596 267.854 212.85 347.081 99.7246 423.987 91.7824 389.525 125.419 283.591 
683.159 402.061 481.864 438.244 375.659 160.153 766.079 519.311 154.923 804.866 413.146 863.873 468.984 832.714 682.309 376.63 543.575 450.156 487.943 913.534 765.969 534.268 334.215 271.002 314.127 492.546 888.96 129.077 201.547 414.403 343.076 598.695 660.231 511.626 424.341 393.514 549.627 138.708 573.847 175.96 
