20 40 10
777 335 649 27 763 426 211 429 862 135 22 167 11 373 784 324 413 980 862 281 84 505 313 895 814 364 87 178 403 399 676 12 94 570 467 902 652 280 865 619 
4400 7290 310 1170 970 7710 4810 6750 7090 9270 
7 3 6 4 2 9 8 9 8 1 9 8 3 4 7 1 9 1 5 1 
6124.13 3018.23 4700.27 4554.67 4684.02 821.523 7245.53 4929.95 810.247 8498.17 3136.14 9055.32 4648.12 8569.83 6060.6 4372.21 5557.07 5231.98 3890.71 8482.91 6977 5529.58 2322.15 3730.01 2781.73 4930.42 8514.56 2261.53 1104.22 3287.46 4435.59 5447.09 6362.55 4350.78 4384.58 4743.68 5390.23 2200.36 5727.44 1752.08 
2178.3 3712.48 5135.46 6251.67 9119.5 5442.66 4731.14 4537.93 4771.17 10103.3 3797.6 10400 5443.62 9152.22 1712.92 7685.64 6538.09 8760.57 3812.66 4171.53 2838.33 6802.37 3511.35 8835.85 4200.19 5743.88 5840.15 7238.82 4312.37 2207.85 9688.86 3140.06 5227.25 1763.77 6063.6 8681.3 5441.42 6854.17 6038.01 5310.84 
7313.61 6191.12 4034.08 2984.85 1601.53 4026.04 7269.18 4693.92 3263.77 5802.62 6327.76 6427.48 3745.25 6410.78 7474.25 1475.03 3977.75 2025.66 7086.92 9310.74 8008.25 3747.33 5354.15 1982.45 3412.87 3822.05 8316.01 1373.83 3798.03 5359.56 2954.35 6079.68 5861.21 5937.27 2954.35 1469.97 4566.02 1097.86 4548.55 2250.8 
1457.74 3947.82 4047.28 5201.25 8280.02 5176.53 3807.37 3435.35 4252.02 9002.45 4068.93 9295.72 4364.06 8052.08 1172.73 6730.6 5443.99 7800.03 4280.05 3791.95 2294.45 5715.12 3482.64 8162.41 3304.42 4657.15 4998.66 6575.9 3872.58 1697.59 9060.56 2074.22 4152.46 767.919 5018.81 7774.35 4337.76 6139.09 4934.21 4563.44 
5878.82 3024.83 4431.37 4316.77 4652.49 1038.17 6970.93 4654.21 542.033 8297.78 3152.79 8847.58 4385.26 8333.34 5826.83 4222.43 5309.28 5114.23 3911.89 8230.01 6728 5290.49 2266.38 3800.33 2505.45 4671.24 8238.96 2279.69 907.855 3077.09 4548.16 5178.97 6086.85 4115.39 4143.07 4656.39 5121.18 2147.86 5465.28 1519.24 
5301.82 7724.31 1698 1511.19 5214.22 6781.74 3808.25 2218.22 5370.18 3349.78 7890.74 3665.31 1512.38 2670.3 5713.16 3165.26 450.444 3771.8 8518.34 6359.12 5580.99 653.682 6797.77 6356.93 3587.1 1173.24 4443.57 5458.09 5612.31 5423.62 7301.42 3837.25 2223.96 5046.68 1643.05 4277.87 1326.08 4905.97 747.329 4258.37 
6390.15 4951.86 3624.16 2948.22 2821.1 2907.25 6720.6 4146.54 2014.67 6519.15 5091.56 7106.97 3422.57 6820.92 6493.67 2277.02 4011.23 3126.05 5849.53 8528.55 7143.7 3880.21 4104.66 2584.96 2443.64 3604.72 7872 1128.94 2546.86 4189.18 3542.44 5287.82 5473.91 4878.53 2835.58 2684.12 4260.38 565.862 4407.29 1072.01 
4440.02 1380.62 4705.96 5205.25 6724.08 2244.75 6241.35 4555.44 1935.07 9398.22 1546.93 9860.83 4834.23 9014.17 4231.32 5854.11 5966.32 6872.58 2193.17 6829.39 5309.28 6080.54 503.587 6020.98 2783.52 5172.64 7534.84 4471.61 1392.3 1482.77 6768.05 4282.99 5862.33 2668.95 5000.69 6556.68 5317.91 4238.91 5827.73 2988.14 
1436.8 6720.93 3810.47 5150.07 9040.98 7465.9 1320.19 3049.1 6230.77 7884.95 6854.14 7991.86 4171.38 6495.37 1905.39 7107.52 4811.2 8055.97 7115.12 1677.05 992.018 5165.5 6122.83 9464.82 4518.52 4296.84 2236.52 8011.67 6029.04 4162.93 10439.2 1630.28 2606.93 2983.91 5047.23 8292.99 3612.48 7470.92 4070.7 5989.49 
6316.68 2380.76 5386.97 5359.56 5471.54 158.114 7705.6 5531.3 1412.3 9353.87 2471.3 9904.37 5372.01 9375.06 6184.63 5243.14 6336.1 6093.61 3199.2 8709.09 7185.79 6330.85 1894.76 4357.26 3391.47 5670.6 8993.94 3010.15 1361.25 3354.12 4951.22 5828.08 6956.91 4511.36 5181.68 5587.16 6072.77 3028.88 6451.52 2571.87 
1609.63 4279.84 2904.96 4075.45 7333.68 4919.55 3172.38 2306.71 3757.55 7867.87 4426.34 8172.67 3223.18 6965.21 1688.61 5681.17 4303.08 6740.72 4805.26 3936.34 2437.42 4572.8 3597.07 7387.56 2383.21 3514.84 4452.2 5835.61 3498.57 1633.06 8323.17 1225.77 3167.46 596.825 3897.59 6765.04 3212.86 5349.7 3809.63 3778.9 
7050.25 4491.38 4766.43 4201.71 3278.44 2081.47 7723.71 5204.02 1894.23 7717.6 4604.87 8318.95 4603.69 8081.1 7072.21 3398.82 5263.8 4078.06 5354.94 9314.27 7860.8 5141.91 3790.33 2265.66 3242.01 4813.86 8926.39 810.247 2399.27 4464.48 3039.42 6124.13 6587.27 5378 4079.62 3487.25 5429 981.122 5624.11 1787.18 
8599.96 8650.47 4719.75 3373.8 1916.38 6614.47 7748.47 5491.02 5705.61 3784.42 8796.96 4433.84 4353.54 4977.84 8885.19 1681.22 3835.64 626.498 9549.12 10170.3 9120.89 3480.42 7763.64 3681.7 5175.37 4215.32 8494.15 3916.99 6208.41 7356.64 4327.82 7172.51 6162.63 7619.99 3502.74 1190.38 4932.07 3698.99 4598.31 4514.65 
2605.09 8002.01 4967.17 6268.28 10253.7 8849.18 1843.58 4241.99 7618.53 8470.01 8127.54 8475.74 5311.54 6898.91 2970.42 8265.74 5765.56 9159.33 8330.1 940.213 1813.34 6126.12 7453.25 10776.8 5881.54 5380.05 1829.13 9353.61 7414.82 5507.53 11756.6 3002.68 3434.94 4317.24 6191.9 9460.54 4640.4 8804.5 4999.73 7349.32 
4941.44 773.369 5328.24 5782.61 7038.55 2147.3 6840.36 5187.68 2254.88 9971.28 938.616 10445.5 5447.37 9627 4692.56 6314.95 6571.23 7307.56 1640.12 7311.67 5802.8 6674.5 172.047 6190.01 3380.53 5784.48 8130.3 4694.6 1729.31 2052.95 6872.15 4880.16 6492.68 3212.37 5579.51 6945.08 5945.77 4531.71 6450.61 3424.76 
5438.54 8102.64 2034.94 1940.23 5549.82 7205.73 3750.55 2463.43 5790.08 3156.26 8269.06 3408.47 1893.07 2296.11 5869.86 3521.21 881.419 4055.58 8885.41 6335.69 5654.06 1041.2 7180.93 6745.23 3980.26 1560.8 4267.1 5877.77 6022.31 5754.1 7681.47 3996.96 2210.02 5312.66 2074.08 4601.09 1556.57 5328.57 962.133 4687.06 
7154.89 3616.1 5532.63 5197.36 4468.17 1084.62 8222.6 5838.23 1825.38 8911.76 3700.66 9500.81 5435.3 9167.58 7087.98 4625.55 6240.87 5332.74 4414.53 9512.37 8007.56 6165.2 3103.37 3179.7 3715.98 5690.04 9479.31 2017.92 2121.51 4300.1 3720.22 6456.57 7265.09 5379.39 5048.96 4737.62 6219.01 2226.23 6500.62 2472.91 
6602.12 7400.74 2688.81 1349.52 3042.53 5800.56 5729.65 3459.51 4585.07 3528.7 7560.03 4110.01 2322.07 3950.01 6911.85 1044.03 1872.11 1633.71 8278.8 8130.89 7093.89 1541.56 6467.47 4326.85 3485.89 2175.68 6540.03 3740.92 4999.37 5678.66 5227.32 5156.37 4155.54 5761.02 1500.3 2098.98 2899.93 3272.46 2610.94 3319.04 
4126.98 5998.54 276.586 1128.72 5023.09 5231.8 3519.5 1008.46 3791.58 4962.91 6164.97 5346.27 228.035 4396.02 4452.2 3050.84 1388.52 4010.61 6786.77 5732.83 4623.91 1595.12 5076.87 5700.88 1888.54 565.685 4568.06 4472.19 3965.61 3713.97 6685.96 2678.54 2128.5 3470.81 997.246 4239.87 917.824 3895.25 1254.19 2835.91 
6831.59 4020.61 4818.64 4382.44 3756.59 1601.53 7660.79 5193.11 1549.23 8048.66 4131.46 8638.73 4689.84 8327.14 6823.09 3766.3 5435.75 4501.56 4879.43 9135.34 7659.69 5342.68 3342.15 2710.02 3141.27 4925.46 8889.6 1290.77 2015.47 4144.03 3430.76 5986.95 6602.31 5116.26 4243.41 3935.14 5496.27 1387.08 5738.47 1759.6 
