20 40 10
777 335 649 27 763 426 211 429 862 135 22 167 11 373 784 324 413 980 862 281 84 505 313 895 814 364 87 178 403 399 676 12 94 570 467 902 652 280 865 619 
4.4 7.29 0.31 1.17 0.97 7.71 4.81 6.75 7.09 9.27 
7 3 6 4 2 9 8 9 8 1 9 8 3 4 7 1 9 1 5 1 
612413 301823 470027 455467 468402 82152.3 724553 492995 81024.7 849817 313614 905532 464812 856983 606060 437221 555707 523198 389071 848291 697700 552958 232215 373001 278173 493042 851456 226153 110422 328746 443559 544709 636255 435078 438458 474368 539023 220036 572744 175208 
217830 371248 513546 625167 911950 544266 473114 453793 477117 1.01033e+06 379760 1.04e+06 544362 915222 171292 768564 653809 876057 381266 417153 283833 680237 351135 883585 420019 574388 584015 723882 431237 220785 968886 314006 522725 176377 606360 868130 544142 685417 603801 531084 
731361 619112 403408 298485 160153 402604 726918 469392 326377 580262 632776 642748 374525 641078 747425 147503 397775 202566 708692 931074 800825 374733 535415 198245 341287 382205 831601 137383 379803 535956 295435 607968 586121 593727 295435 146997 456602 109786 454855 225080 
145774 394782 404728 520125 828002 517653 380737 343535 425202 900245 406893 929572 436406 805208 117273 673060 544399 780003 428005 379195 229445 571512 348264 816241 330442 465715 499866 657590 387258 169759 906056 207422 415246 76791.9 501881 777435 433776 613909 493421 456344 
587882 302483 443137 431677 465249 103817 697093 465421 54203.3 829778 315279 884758 438526 833334 582683 422243 530928 511423 391189 823001 672800 529049 226638 380033 250545 467124 823896 227969 90785.5 307709 454816 517897 608685 411539 414307 465639 512118 214786 546528 151924 
530182 772431 169800 151119 521422 678174 380825 221822 537018 334978 789074 366531 151238 267030 571316 316526 45044.4 377180 851834 635912 558099 65368.2 679777 635693 358710 117324 444357 545809 561231 542362 730142 383725 222396 504668 164305 427787 132608 490597 74732.9 425837 
639015 495186 362416 294822 282110 290725 672060 414654 201467 651915 509156 710697 342257 682092 649367 227702 401123 312605 584953 852855 714370 388021 410466 258496 244364 360472 787200 112894 254686 418918 354244 528782 547391 487853 283558 268412 426038 56586.2 440729 107201 
444002 138062 470596 520525 672408 224475 624135 455544 193507 939822 154693 986083 483423 901417 423132 585411 596632 687258 219317 682939 530928 608054 50358.7 602098 278352 517264 753484 447161 139230 148277 676805 428299 586233 266895 500069 655668 531791 423891 582773 298814 
143680 672093 381047 515007 904098 746590 132019 304910 623077 788495 685414 799186 417138 649537 190539 710752 481120 805597 711512 167705 99201.8 516550 612283 946482 451852 429684 223652 801167 602904 416293 1.04392e+06 163028 260693 298391 504723 829299 361248 747092 407070 598949 
631668 238076 538697 535956 547154 15811.4 770560 553130 141230 935387 247130 990437 537201 937506 618463 524314 633610 609361 319920 870909 718579 633085 189476 435726 339147 567060 899394 301015 136125 335412 495122 582808 695691 451136 518168 558716 607277 302888 645152 257187 
160963 427984 290496 407545 733368 491955 317238 230671 375755 786787 442634 817267 322318 696521 168861 568117 430308 674072 480526 393634 243742 457280 359707 738756 238321 351484 445220 583561 349857 163306 832317 122577 316746 59682.5 389759 676504 321286 534970 380963 377890 
705025 449138 476643 420171 327844 208147 772371 520402 189423 771760 460487 831895 460369 808110 707221 339882 526380 407806 535494 931427 786080 514191 379033 226566 324201 481386 892639 81024.7 239927 446448 303942 612413 658727 537800 407962 348725 542900 98112.2 562411 178718 
859996 865047 471975 337380 191638 661447 774847 549102 570561 378442 879696 443384 435354 497784 888519 168122 383564 62649.8 954912 1.01703e+06 912089 348042 776364 368170 517537 421532 849415 391699 620841 735664 432782 717251 616263 761999 350274 119038 493207 369899 459831 451465 
260509 800201 496717 626828 1.02537e+06 884918 184358 424199 761853 847001 812754 847574 531154 689891 297042 826574 576556 915933 833010 94021.3 181334 612612 745325 1.07768e+06 588154 538005 182913 935361 741482 550753 1.17566e+06 300268 343494 431724 619190 946054 464040 880450 499973 734932 
494144 77336.9 532824 578261 703855 214730 684036 518768 225488 997128 93861.6 1.04455e+06 544737 962700 469256 631495 657123 730756 164012 731167 580280 667450 17204.7 619001 338053 578448 813030 469460 172931 205295 687215 488016 649268 321237 557951 694508 594577 453171 645061 342476 
543854 810264 203494 194023 554982 720573 375055 246343 579008 315626 826906 340847 189307 229611 586986 352121 88141.9 405558 888541 633569 565406 104120 718093 674523 398026 156080 426710 587777 602231 575410 768147 399696 221002 531266 207408 460109 155657 532857 96213.3 468706 
715489 361610 553263 519736 446817 108462 822260 583823 182538 891176 370066 950081 543530 916758 708798 462555 624087 533274 441453 951237 800756 616520 310337 317970 371598 569004 947931 201792 212151 430010 372022 645657 726509 537939 504896 473762 621901 222623 650062 247291 
660212 740074 268881 134952 304253 580056 572965 345951 458507 352870 756003 411001 232207 395001 691185 104403 187211 163371 827880 813089 709389 154156 646747 432685 348589 217568 654003 374092 499937 567866 522732 515637 415554 576102 150030 209898 289993 327246 261094 331904 
412698 599854 27658.6 112872 502309 523180 351950 100846 379158 496291 616497 534627 22803.5 439602 445220 305084 138852 401061 678677 573283 462391 159512 507687 570088 188854 56568.5 456806 447219 396561 371397 668596 267854 212850 347081 99724.6 423987 91782.4 389525 125419 283591 
683159 402061 481864 438244 375659 160153 766079 519311 154923 804866 413146 863873 468984 832714 682309 376630 543575 450156 487943 913534 765969 534268 334215 271002 314127 492546 888960 129077 201547 414403 343076 598695 660231 511626 424341 393514 549627 138708 573847 175960 
