25 50 25
777 335 649 27 763 426 211 429 862 135 22 167 11 373 784 324 413 980 862 281 84 505 313 895 814 364 87 178 403 399 676 12 94 570 467 902 652 280 865 619 31 771 709 856 586 683 528 829 270 715 
3400 1490 7960 7230 6180 2450 8460 4510 9210 5550 3790 4880 7640 2280 8410 3500 1930 5000 340 7640 1240 9140 9870 8560 7430 
16 9 1 0 21 4 18 18 4 18 13 4 13 17 18 15 0 5 11 17 7 23 3 21 22 
54385.4 81026.4 20349.4 19402.3 55498.2 72057.3 37505.5 24634.3 57900.8 31562.6 82690.6 34084.7 18930.7 22961.1 58698.6 35212.1 8814.19 40555.8 88854.1 63356.9 56540.6 10412 71809.3 67452.3 39802.6 15608 42671 58777.7 60223.1 57541 76814.7 39969.6 22100.2 53126.6 20740.8 46010.9 15565.7 53285.7 9621.33 46870.6 42174 28969.6 40076.9 72856.3 27026.7 74035.5 25912.4 74123.2 44259.7 37085 
71548.9 36161 55326.3 51973.6 44681.7 10846.2 82226 58382.3 18253.8 89117.6 37006.6 95008.1 54353 91675.8 70879.8 46255.5 62408.7 53327.4 44145.3 95123.7 80075.6 61652 31033.7 31797 37159.8 56900.4 94793.1 20179.2 21215.1 43001 37202.2 64565.7 72650.9 53793.9 50489.6 47376.2 62190.1 22262.3 65006.2 24729.1 57812.2 88486.5 51582.4 13530 44605.2 12929.4 74226.2 30696.1 59837.9 63150.6 
66021.2 74007.4 26888.1 13495.2 30425.3 58005.6 57296.5 34595.1 45850.7 35287 75600.3 41100.1 23220.7 39500.1 69118.5 10440.3 18721.1 16337.1 82788 81308.9 70938.9 15415.6 64674.7 43268.5 34858.9 21756.8 65400.3 37409.2 49993.7 56786.6 52273.2 51563.7 41555.4 57610.2 15003 20989.8 28999.3 32724.6 26109.4 33190.4 50100.9 34577.6 44916 59583.6 13865.4 53373 45204 66511.1 21917.3 48493.4 
41269.8 59985.4 2765.86 11287.2 50230.9 52318 35195 10084.6 37915.8 49629.1 61649.7 53462.7 2280.35 43960.2 44522 30508.4 13885.2 40106.1 67867.7 57328.3 46239.1 15951.2 50768.7 57008.8 18885.4 5656.85 45680.6 44721.9 39656.1 37139.7 66859.6 26785.4 21285 34708.1 9972.46 42398.7 9178.24 38952.5 12541.9 28359.1 25712.6 47563.5 21418.9 52825.1 15080.1 58274.2 24050.8 53090.5 46501.7 23722.8 
68315.9 40206.1 48186.4 43824.4 37565.9 16015.3 76607.9 51931.1 15492.3 80486.6 41314.6 86387.3 46898.4 83271.4 68230.9 37663 54357.5 45015.6 48794.3 91353.4 76596.9 53426.8 33421.5 27100.2 31412.7 49254.6 88896 12907.7 20154.7 41440.3 34307.6 59869.5 66023.1 51162.6 42434.1 39351.4 54962.7 13870.8 57384.7 17596 53505.1 79867.7 46960.5 18532.4 36343.5 13917.6 67879.5 33725.1 51710.8 58143.7 
66717.1 87809.3 29706.9 22357.3 48598.9 75348.9 50519.9 35691 61971.8 20302.7 89462.5 24412.5 27051.2 19509.2 70831.6 30227.3 15591.3 32288.9 96125.2 76394.4 69334.3 13528.1 78416.6 62985.8 46381.6 23769.9 55032.8 57247 65222.8 66389.5 71669.4 52074.7 35117.2 63624.2 24343 38928.1 26916.4 52318 21174.7 49798.1 53408.3 18287.7 50312.6 76571.8 28552.4 73145.4 38941.6 80558.4 34265.4 49080.5 
63165.6 37766.9 43671.5 40244.9 39057 15558.9 71566.8 47097.9 10816.7 78316.4 39012.4 84052.4 42592.1 80111 63141.9 36312.7 50633.3 44590.7 46590.7 86170.1 71426.7 49954.5 30230 30649.1 26341 45104 83923.1 15232.9 15885.8 36628.5 38525.3 54701.1 61272.2 46101 38724.2 39579 50507.1 14132.6 53215.9 12998.8 48320.3 77521.7 41782.5 17664.1 32964.5 19103.1 63025.2 30858.5 51624.2 53000 
37436.3 91402.5 57508.3 69889.6 110282 99386.6 25056.9 50771.1 86766.6 86825.4 92660.7 86028.5 60721.3 69968.7 41009.9 89976.4 63543.7 98274.8 94659.9 17293.1 29401.5 67105.9 85838.6 116710 68755.4 60891.1 18085.4 102972 84974.4 66323.1 126557 40394.3 40396.7 54449.3 69385.1 101915 53266.5 97373.2 55928 83303.1 47290.8 83773.3 53376.9 98456.9 75287.5 113886 36834.8 88205.2 103361 41934.4 
62191.1 41308.8 39980.5 35747.6 35555.7 20247.5 68923.1 43935.5 12614.3 73483.2 42639.5 79230.6 38651.4 75457.3 62550 31552.7 46225.2 40058.6 50235.5 84717.2 70234 45412 33245.3 29148.1 23982.7 41009.9 81055.8 13193.9 18040 37165.2 37771.9 52791 57933.1 45722 34298.7 35337.5 46736 10492.4 49139.5 9575.49 46746.2 72700.1 40058.2 22219.4 28362.3 21289.7 59887.3 34148.1 47196.8 50880.3 
46789.8 23559.3 39594.2 42422.3 55878.9 17860 60366.4 39766.9 8514.69 84125.9 25154.9 89048.4 40193.2 81688.2 45891.2 47254.7 50966 57328.3 32380.4 70593.1 55417.3 51655.1 14263.6 49795.3 19335.2 43457.7 73291.8 33999.1 3828.84 18006.9 57824.7 41460.9 53767.8 28861.7 40430.9 54083.3 46212.2 31207.9 50706.3 18449.1 34319.8 82678.4 28873.5 17032.9 37196.2 36749.6 54411.1 16070.2 64841 40626.3 
22769.5 31255.4 41170.9 51255.1 78550.4 43863.4 44628.7 36217.8 35647.7 91149.2 32522.8 94591 43911.8 83151.5 20116.2 64569.7 55279.4 75326 35155.2 46306.8 31277.1 57607 26442.6 75872.1 29597.5 47112.3 57014.8 59908.3 31410.2 9706.18 84538.5 25854.4 45707.3 8070.94 49297.9 74301.7 45235.5 55948.3 51146.9 40460.5 19969.2 88947.7 20700.2 42139.1 49904.9 64345.7 44319.9 28616.3 82743.6 27215.4 
87395 67203.7 56490.7 46083.1 14541.3 42592 88711.9 62866.6 40360.9 69767.2 68307.9 76228.7 53685.1 78254.5 88503.7 28958.8 55818.7 29433.5 75767.3 108320 94782.8 53324 60165.2 3920.46 47915 54501.1 99373.5 14833.7 45698.6 64789.3 13274 75882.9 74848.4 72300.1 45821 21920.3 61927.1 18377.4 61724.6 34131.7 70998.9 70168.5 64247.8 45233 39200.3 23085.3 77770 60632.1 33332.6 73409.8 
3401.47 55990.4 42534 55743.1 91608.1 67259.1 26752.6 35000.1 56598.4 88488.2 57168.6 90323 46162.4 76175.7 5203.84 73836.6 54965.9 84078.8 58864.7 21410.7 6449.81 58251.6 51271.1 93112.5 42866.4 48300.4 36628.5 77691.8 53521 32571.9 102539 17800.3 36056.9 20924.6 54290.5 85218.8 42816.9 72747.9 48318.2 57107.7 20096 85784.8 26666.1 65868.4 57834.2 85354.4 32916.4 53500.4 90794.3 20900.2 
83163.3 47594.3 63271.2 57625.4 40479.7 22705.9 92126 67337.4 29703.9 91004.3 48267.3 97204.4 61727.9 95871.8 82743.6 47598 68255.2 52458.5 55045.5 106483 91579.6 66910.8 43188.5 24355.9 46929.4 63854.6 104388 19403.1 33296.2 55129.4 27164.7 75273.4 81335.4 65627 56458.8 45558.1 69947.5 24110 71957.6 32961.9 68786.7 90783.8 62323.8 25260.6 49984.2 3584.69 83290.4 42671.9 57971.9 73609.8 
70836.3 75506.6 32021.4 18558.6 25253.9 57912.4 62818.2 39731.6 46664 36587.6 77061.1 42748.1 28365.1 43046.5 73762.9 6865.86 24288.7 10770.3 84397.6 86658.5 76012.4 20942.3 66294.2 39147.2 37893 27131.2 70980.1 35056.1 51178.6 59900.1 47809.3 56527.9 47111 61587.7 19829.5 15670.7 34480.4 30938.6 31689.1 34070.8 54682.4 36332.5 49212.3 59691.3 17213.1 51005.3 50742.7 67985.4 16728.7 53481.7 
16264.1 41653 30194.2 41735.4 73814 48595.6 32897.6 24328.2 37236.1 79900 43104.5 82987.3 33330.5 70971.7 16641.2 57525.6 44210.9 68153.5 46802.8 39801.6 24707.3 46870 34965.4 74031.6 24169.8 36286.1 45653 58437.7 34476.8 15306.2 83332.6 13509.3 33034.1 4614.11 39932.6 68266.3 33395.2 53655.4 39361.1 37905.7 7300.68 77559.6 9865.6 47456.2 41900.5 65902.4 31670.8 37414.4 75301.1 14579.8 
39463.5 33860 27598.6 31892.5 53298.9 28639.8 49406.5 27695.7 15047.9 73822.1 35520.3 78411.5 28452.9 70194.4 39745.4 40634.1 39577.9 51276.2 42122.8 62410.9 47659.8 40620.8 24520.4 51237.2 7660.94 31790.7 62193.3 35424.9 14412.5 16414.9 60319.5 31365.1 41801.9 23032.6 29840.2 49487.2 34136.9 30994.4 38776.9 15277.8 24685.4 72164.9 18383.1 28393.3 27888.7 42859.9 42635.8 26775.5 58815.1 30016.7 
25329.8 79252.6 52388.3 65573.5 105101 88925 22048.4 44967.8 77021.1 88714.4 80449 88869.9 55903.5 73146 28416.4 85436.5 60994.4 94580 82100.5 5220.15 16851.4 64596.3 74193.9 109746 60293.4 56778.9 22546 95249.4 74706.2 54967.6 119503 31411.1 37814.4 43044.3 64714.8 97359.8 49510.4 89838.6 53364.6 75006.7 37580 85728.2 44136.7 87790.3 69954.6 104985 33955.9 76492.4 100335 33609.1 
85335.3 75235.4 49818.6 37403.7 3114.48 52517.9 82141.6 57081.2 46203.1 54620.6 76550.6 61113.8 46481.4 64400.2 87296.8 17572.7 45635.5 14328.3 84145.7 104134 91822.9 42600.5 67077.4 19263.4 47110.3 46379.7 91547.8 23865.7 51591.2 67224.1 26391.9 72266.9 67101.8 72475.4 37794.3 6963.48 54037.4 23564.8 52494.8 36255.2 68633.1 55220.4 62208.8 54935.3 32097.5 37120.3 70446 68066.4 17755.3 69460.6 
69374.5 74740.7 30513.8 17051.1 26480.2 57540.7 61301.3 38225.1 46044.9 36494 76305.3 42569.9 26855.5 42321.2 72327.9 7300.68 22832 12280.1 83608.6 85137.4 74516.1 19516.7 65494.1 39972.2 36746.2 25608.2 69501.8 35295.5 50472.3 58755.3 48764 55043.6 45603.2 60268.5 18346.9 16961.4 32959.7 30996.8 30202.6 33411.7 53254.1 36112.2 47830.2 59268 15945.2 51272 49229.5 67221.6 18222.2 51993.9 
8664.87 56010.8 31353.6 44690 81685.4 62907.6 19522.6 23735.6 50735.1 77265.3 57400.3 79273.8 35006.9 65467.1 13259.3 63274 43583.9 73321.9 60494.8 26662.5 13092.4 46883.7 49669.5 84522.4 34439.8 37019.5 31663.9 69569.6 48568.4 30019.3 94152.3 6628.73 25330.8 18422 43326.3 74857.5 31430.6 64328.1 36950 49107.6 11335.8 74598.5 18032.5 61915.5 47282.7 78746.7 22560.1 52099.9 79883 9687.62 
34882.7 34879.4 25985.6 32202.5 56851.6 32549.8 45356 24914.7 19417.8 73903.2 36540.9 78206 27400.7 69152.7 35257.5 43040.9 38874.2 53776 42664.5 57823.6 43063.3 40305.3 25821.3 55544.6 8228 30802.6 58224.4 39815.2 18103.3 13792.8 64721.3 26970 38667.9 18738.5 30143.8 52509.5 32145.9 35223 37200.3 19434 20171.8 72087.5 14038.9 32075.1 29215.9 47452.3 39200.5 28231.2 61259.5 25776.9 
54945.9 76286 17254 12347.1 48325.7 65722 41301.1 23438.6 51793.6 32734.1 77947.5 36490.7 14698.6 28114.9 58877.8 27869.2 3138.47 33916.5 84412.6 66562 58203.1 2886.17 66948.1 59943.7 34769.7 11360 48081.7 51339.1 54516.2 54113.3 69338.2 40196.6 25372.8 51176.6 13946.3 38951.3 15008.3 45892.6 9885.85 40286.6 41094.6 30600.7 37861.3 66675.3 19825.2 66702.7 29216.6 69174.1 38287.3 37146.5 
57649 57062.9 23712.4 14863.7 30634.1 41007.8 56002.9 30253.8 28617.5 52206.7 58631.5 57753 20995.5 53758.4 59736.9 14534.4 25477.2 25251.7 65926.7 76729.4 64140 24103.3 47812.7 36080 20547.7 22189.4 66612.7 24838.7 32853.6 42223.8 45923.4 44631.9 42128.4 45592.3 13928.4 24523.1 29343.7 19200.3 29954.1 15955.2 40951.8 51229.9 34611.3 42474.7 7218.03 39845.3 44995.2 49545.2 32751.5 41883.6 
10469 60423.9 32672.5 46130.7 84121.5 67165.8 15747.1 24959.6 54794.3 76641.6 61805.2 78300.1 36337.3 64025.2 15485.8 65239.6 44001.8 75045.7 64806.9 23340.3 11515.6 47427 54109.7 87676.2 37903.3 38014.7 27463.4 72949.6 52783 34458.1 97372.5 9104.94 23958.5 22849.3 44916.9 76972 31805.7 67609.6 36984.6 52615.6 15232.2 73892.2 21708.3 66219.7 49340.1 82567.1 20750.9 56540.6 81396.9 11684.6 
