25 50 25
777 335 649 27 763 426 211 429 862 135 22 167 11 373 784 324 413 980 862 281 84 505 313 895 814 364 87 178 403 399 676 12 94 570 467 902 652 280 865 619 31 771 709 856 586 683 528 829 270 715 
340000 149000 796000 723000 618000 245000 846000 451000 921000 555000 379000 488000 764000 228000 841000 350000 193000 500000 34000 764000 124000 914000 987000 856000 743000 
16 9 1 0 21 4 18 18 4 18 13 4 13 17 18 15 0 5 11 17 7 23 3 21 22 
54.3854 81.0264 20.3494 19.4023 55.4982 72.0573 37.5055 24.6343 57.9008 31.5626 82.6906 34.0847 18.9307 22.9611 58.6986 35.2121 8.81419 40.5558 88.8541 63.3569 56.5406 10.412 71.8093 67.4523 39.8026 15.608 42.671 58.7777 60.2231 57.541 76.8147 39.9696 22.1002 53.1266 20.7408 46.0109 15.5657 53.2857 9.62133 46.8706 42.174 28.9696 40.0769 72.8563 27.0267 74.0355 25.9124 74.1232 44.2597 37.085 
71.5489 36.161 55.3263 51.9736 44.6817 10.8462 82.226 58.3823 18.2538 89.1176 37.0066 95.0081 54.353 91.6758 70.8798 46.2555 62.4087 53.3274 44.1453 95.1237 80.0756 61.652 31.0337 31.797 37.1598 56.9004 94.7931 20.1792 21.2151 43.001 37.2022 64.5657 72.6509 53.7939 50.4896 47.3762 62.1901 22.2623 65.0062 24.7291 57.8122 88.4865 51.5824 13.53 44.6052 12.9294 74.2262 30.6961 59.8379 63.1506 
66.0212 74.0074 26.8881 13.4952 30.4253 58.0056 57.2965 34.5951 45.8507 35.287 75.6003 41.1001 23.2207 39.5001 69.1185 10.4403 18.7211 16.3371 82.788 81.3089 70.9389 15.4156 64.6747 43.2685 34.8589 21.7568 65.4003 37.4092 49.9937 56.7866 52.2732 51.5637 41.5554 57.6102 15.003 20.9898 28.9993 32.7246 26.1094 33.1904 50.1009 34.5776 44.916 59.5836 13.8654 53.373 45.204 66.5111 21.9173 48.4934 
41.2698 59.9854 2.76586 11.2872 50.2309 52.318 35.195 10.0846 37.9158 49.6291 61.6497 53.4627 2.28035 43.9602 44.522 30.5084 13.8852 40.1061 67.8677 57.3283 46.2391 15.9512 50.7687 57.0088 18.8854 5.65685 45.6806 44.7219 39.6561 37.1397 66.8596 26.7854 21.285 34.7081 9.97246 42.3987 9.17824 38.9525 12.5419 28.3591 25.7126 47.5635 21.4189 52.8251 15.0801 58.2742 24.0508 53.0905 46.5017 23.7228 
68.3159 40.2061 48.1864 43.8244 37.5659 16.0153 76.6079 51.9311 15.4923 80.4866 41.3146 86.3873 46.8984 83.2714 68.2309 37.663 54.3575 45.0156 48.7943 91.3534 76.5969 53.4268 33.4215 27.1002 31.4127 49.2546 88.896 12.9077 20.1547 41.4403 34.3076 59.8695 66.0231 51.1626 42.4341 39.3514 54.9627 13.8708 57.3847 17.596 53.5051 79.8677 46.9605 18.5324 36.3435 13.9176 67.8795 33.7251 51.7108 58.1437 
66.7171 87.8093 29.7069 22.3573 48.5989 75.3489 50.5199 35.691 61.9718 20.3027 89.4625 24.4125 27.0512 19.5092 70.8316 30.2273 15.5913 32.2889 96.1252 76.3944 69.3343 13.5281 78.4166 62.9858 46.3816 23.7699 55.0328 57.247 65.2228 66.3895 71.6694 52.0747 35.1172 63.6242 24.343 38.9281 26.9164 52.318 21.1747 49.7981 53.4083 18.2877 50.3126 76.5718 28.5524 73.1454 38.9416 80.5584 34.2654 49.0805 
63.1656 37.7669 43.6715 40.2449 39.057 15.5589 71.5668 47.0979 10.8167 78.3164 39.0124 84.0524 42.5921 80.111 63.1419 36.3127 50.6333 44.5907 46.5907 86.1701 71.4267 49.9545 30.23 30.6491 26.341 45.104 83.9231 15.2329 15.8858 36.6285 38.5253 54.7011 61.2722 46.101 38.7242 39.579 50.5071 14.1326 53.2159 12.9988 48.3203 77.5217 41.7825 17.6641 32.9645 19.1031 63.0252 30.8585 51.6242 53 
37.4363 91.4025 57.5083 69.8896 110.282 99.3866 25.0569 50.7711 86.7666 86.8254 92.6607 86.0285 60.7213 69.9687 41.0099 89.9764 63.5437 98.2748 94.6599 17.2931 29.4015 67.1059 85.8386 116.71 68.7554 60.8911 18.0854 102.972 84.9744 66.3231 126.557 40.3943 40.3967 54.4493 69.3851 101.915 53.2665 97.3732 55.928 83.3031 47.2908 83.7733 53.3769 98.4569 75.2875 113.886 36.8348 88.2052 103.361 41.9344 
62.1911 41.3088 39.9805 35.7476 35.5557 20.2475 68.9231 43.9355 12.6143 73.4832 42.6395 79.2306 38.6514 75.4573 62.55 31.5527 46.2252 40.0586 50.2355 84.7172 70.234 45.412 33.2453 29.1481 23.9827 41.0099 81.0558 13.1939 18.04 37.1652 37.7719 52.791 57.9331 45.722 34.2987 35.3375 46.736 10.4924 49.1395 9.57549 46.7462 72.7001 40.0582 22.2194 28.3623 21.2897 59.8873 34.1481 47.1968 50.8803 
46.7898 23.5593 39.5942 42.4223 55.8789 17.86 60.3664 39.7669 8.51469 84.1259 25.1549 89.0484 40.1932 81.6882 45.8912 47.2547 50.966 57.3283 32.3804 70.5931 55.4173 51.6551 14.2636 49.7953 19.3352 43.4577 73.2918 33.9991 3.82884 18.0069 57.8247 41.4609 53.7678 28.8617 40.4309 54.0833 46.2122 31.2079 50.7063 18.4491 34.3198 82.6784 28.8735 17.0329 37.1962 36.7496 54.4111 16.0702 64.841 40.6263 
22.7695 31.2554 41.1709 51.2551 78.5504 43.8634 44.6287 36.2178 35.6477 91.1492 32.5228 94.591 43.9118 83.1515 20.1162 64.5697 55.2794 75.326 35.1552 46.3068 31.2771 57.607 26.4426 75.8721 29.5975 47.1123 57.0148 59.9083 31.4102 9.70618 84.5385 25.8544 45.7073 8.07094 49.2979 74.3017 45.2355 55.9483 51.1469 40.4605 19.9692 88.9477 20.7002 42.1391 49.9049 64.3457 44.3199 28.6163 82.7436 27.2154 
87.395 67.2037 56.4907 46.0831 14.5413 42.592 88.7119 62.8666 40.3609 69.7672 68.3079 76.2287 53.6851 78.2545 88.5037 28.9588 55.8187 29.4335 75.7673 108.32 94.7828 53.324 60.1652 3.92046 47.915 54.5011 99.3735 14.8337 45.6986 64.7893 13.274 75.8829 74.8484 72.3001 45.821 21.9203 61.9271 18.3774 61.7246 34.1317 70.9989 70.1685 64.2478 45.233 39.2003 23.0853 77.77 60.6321 33.3326 73.4098 
3.40147 55.9904 42.534 55.7431 91.6081 67.2591 26.7526 35.0001 56.5984 88.4882 57.1686 90.323 46.1624 76.1757 5.20384 73.8366 54.9659 84.0788 58.8647 21.4107 6.44981 58.2516 51.2711 93.1125 42.8664 48.3004 36.6285 77.6918 53.521 32.5719 102.539 17.8003 36.0569 20.9246 54.2905 85.2188 42.8169 72.7479 48.3182 57.1077 20.096 85.7848 26.6661 65.8684 57.8342 85.3544 32.9164 53.5004 90.7943 20.9002 
83.1633 47.5943 63.2712 57.6254 40.4797 22.7059 92.126 67.3374 29.7039 91.0043 48.2673 97.2044 61.7279 95.8718 82.7436 47.598 68.2552 52.4585 55.0455 106.483 91.5796 66.9108 43.1885 24.3559 46.9294 63.8546 104.388 19.4031 33.2962 55.1294 27.1647 75.2734 81.3354 65.627 56.4588 45.5581 69.9475 24.11 71.9576 32.9619 68.7867 90.7838 62.3238 25.2606 49.9842 3.58469 83.2904 42.6719 57.9719 73.6098 
70.8363 75.5066 32.0214 18.5586 25.2539 57.9124 62.8182 39.7316 46.664 36.5876 77.0611 42.7481 28.3651 43.0465 73.7629 6.86586 24.2887 10.7703 84.3976 86.6585 76.0124 20.9423 66.2942 39.1472 37.893 27.1312 70.9801 35.0561 51.1786 59.9001 47.8093 56.5279 47.111 61.5877 19.8295 15.6707 34.4804 30.9386 31.6891 34.0708 54.6824 36.3325 49.2123 59.6913 17.2131 51.0053 50.7427 67.9854 16.7287 53.4817 
16.2641 41.653 30.1942 41.7354 73.814 48.5956 32.8976 24.3282 37.2361 79.9 43.1045 82.9873 33.3305 70.9717 16.6412 57.5256 44.2109 68.1535 46.8028 39.8016 24.7073 46.87 34.9654 74.0316 24.1698 36.2861 45.653 58.4377 34.4768 15.3062 83.3326 13.5093 33.0341 4.61411 39.9326 68.2663 33.3952 53.6554 39.3611 37.9057 7.30068 77.5596 9.8656 47.4562 41.9005 65.9024 31.6708 37.4144 75.3011 14.5798 
39.4635 33.86 27.5986 31.8925 53.2989 28.6398 49.4065 27.6957 15.0479 73.8221 35.5203 78.4115 28.4529 70.1944 39.7454 40.6341 39.5779 51.2762 42.1228 62.4109 47.6598 40.6208 24.5204 51.2372 7.66094 31.7907 62.1933 35.4249 14.4125 16.4149 60.3195 31.3651 41.8019 23.0326 29.8402 49.4872 34.1369 30.9944 38.7769 15.2778 24.6854 72.1649 18.3831 28.3933 27.8887 42.8599 42.6358 26.7755 58.8151 30.0167 
25.3298 79.2526 52.3883 65.5735 105.101 88.925 22.0484 44.9678 77.0211 88.7144 80.449 88.8699 55.9035 73.146 28.4164 85.4365 60.9944 94.58 82.1005 5.22015 16.8514 64.5963 74.1939 109.746 60.2934 56.7789 22.546 95.2494 74.7062 54.9676 119.503 31.4111 37.8144 43.0443 64.7148 97.3598 49.5104 89.8386 53.3646 75.0067 37.58 85.7282 44.1367 87.7903 69.9546 104.985 33.9559 76.4924 100.335 33.6091 
85.3353 75.2354 49.8186 37.4037 3.11448 52.5179 82.1416 57.0812 46.2031 54.6206 76.5506 61.1138 46.4814 64.4002 87.2968 17.5727 45.6355 14.3283 84.1457 104.134 91.8229 42.6005 67.0774 19.2634 47.1103 46.3797 91.5478 23.8657 51.5912 67.2241 26.3919 72.2669 67.1018 72.4754 37.7943 6.96348 54.0374 23.5648 52.4948 36.2552 68.6331 55.2204 62.2088 54.9353 32.0975 37.1203 70.446 68.0664 17.7553 69.4606 
69.3745 74.7407 30.5138 17.0511 26.4802 57.5407 61.3013 38.2251 46.0449 36.494 76.3053 42.5699 26.8555 42.3212 72.3279 7.30068 22.832 12.2801 83.6086 85.1374 74.5161 19.5167 65.4941 39.9722 36.7462 25.6082 69.5018 35.2955 50.4723 58.7553 48.764 55.0436 45.6032 60.2685 18.3469 16.9614 32.9597 30.9968 30.2026 33.4117 53.2541 36.1122 47.8302 59.268 15.9452 51.272 49.2295 67.2216 18.2222 51.9939 
8.66487 56.0108 31.3536 44.69 81.6854 62.9076 19.5226 23.7356 50.7351 77.2653 57.4003 79.2738 35.0069 65.4671 13.2593 63.274 43.5839 73.3219 60.4948 26.6625 13.0924 46.8837 49.6695 84.5224 34.4398 37.0195 31.6639 69.5696 48.5684 30.0193 94.1523 6.62873 25.3308 18.422 43.3263 74.8575 31.4306 64.3281 36.95 49.1076 11.3358 74.5985 18.0325 61.9155 47.2827 78.7467 22.5601 52.0999 79.883 9.68762 
34.8827 34.8794 25.9856 32.2025 56.8516 32.5498 45.356 24.9147 19.4178 73.9032 36.5409 78.206 27.4007 69.1527 35.2575 43.0409 38.8742 53.776 42.6645 57.8236 43.0633 40.3053 25.8213 55.5446 8.228 30.8026 58.2244 39.8152 18.1033 13.7928 64.7213 26.97 38.6679 18.7385 30.1438 52.5095 32.1459 35.223 37.2003 19.434 20.1718 72.0875 14.0389 32.0751 29.2159 47.4523 39.2005 28.2312 61.2595 25.7769 
54.9459 76.286 17.254 12.3471 48.3257 65.722 41.3011 23.4386 51.7936 32.7341 77.9475 36.4907 14.6986 28.1149 58.8778 27.8692 3.13847 33.9165 84.4126 66.562 58.2031 2.88617 66.9481 59.9437 34.7697 11.36 48.0817 51.3391 54.5162 54.1133 69.3382 40.1966 25.3728 51.1766 13.9463 38.9513 15.0083 45.8926 9.88585 40.2866 41.0946 30.6007 37.8613 66.6753 19.8252 66.7027 29.2166 69.1741 38.2873 37.1465 
57.649 57.0629 23.7124 14.8637 30.6341 41.0078 56.0029 30.2538 28.6175 52.2067 58.6315 57.753 20.9955 53.7584 59.7369 14.5344 25.4772 25.2517 65.9267 76.7294 64.14 24.1033 47.8127 36.08 20.5477 22.1894 66.6127 24.8387 32.8536 42.2238 45.9234 44.6319 42.1284 45.5923 13.9284 24.5231 29.3437 19.2003 29.9541 15.9552 40.9518 51.2299 34.6113 42.4747 7.21803 39.8453 44.9952 49.5452 32.7515 41.8836 
10.469 60.4239 32.6725 46.1307 84.1215 67.1658 15.7471 24.9596 54.7943 76.6416 61.8052 78.3001 36.3373 64.0252 15.4858 65.2396 44.0018 75.0457 64.8069 23.3403 11.5156 47.427 54.1097 87.6762 37.9033 38.0147 27.4634 72.9496 52.783 34.4581 97.3725 9.10494 23.9585 22.8493 44.9169 76.972 31.8057 67.6096 36.9846 52.6156 15.2322 73.8922 21.7083 66.2197 49.3401 82.5671 20.7509 56.5406 81.3969 11.6846 
