30 60 18
777 335 649 27 763 426 211 429 862 135 22 167 11 373 784 324 413 980 862 281 84 505 313 895 814 364 87 178 403 399 676 12 94 570 467 902 652 280 865 619 31 771 709 856 586 683 528 829 270 715 796 245 921 488 841 500 124 856 227 936 
43200 55100 43700 22800 27500 40700 47400 12100 85800 39500 2900 23700 23500 79300 81800 42800 14300 1100 
6 10 17 16 12 9 2 11 10 6 2 2 7 4 8 3 4 10 13 5 16 17 6 15 0 5 2 17 7 3 
18.28 38.6374 31.797 42.7855 73.4854 46.185 35.9234 26.3822 35.2881 81.7017 40.0844 84.9523 34.7701 73.2378 17.9201 57.8055 45.8947 68.5007 43.7879 42.1048 26.903 48.4153 32.0465 72.9855 23.7002 37.8428 48.6695 57.2574 32.2405 12.3968 82.1623 16.5197 35.7644 2.14709 40.9181 68.2807 35.4401 52.6454 41.3853 36.8543 10.0648 79.422 11.1826 44.9539 42.4209 64.109 34.5259 34.4819 75.7446 17.4771 65.4866 25.02 45.3998 39.785 59.6263 60.9861 49.5145 43.9028 35.64 18.3807 
13.6854 47.2952 27.693 40.1603 74.6073 53.1994 27.2342 20.9859 41.1351 76.6039 48.7562 79.3638 31.1045 66.78 15.7544 57.2766 41.3319 67.7106 52.4661 35.8912 21.281 44.2476 40.4432 76.1391 25.8544 33.7664 40.0211 60.86 38.8672 20.8195 85.6347 7.87464 28.0032 10.1193 38.5105 68.4485 29.8859 55.8044 35.8236 40.2836 3.41321 74.1507 9.58541 52.218 41.3541 69.3782 26.3623 42.9121 74.6415 9.30054 62.2579 31.5317 50.966 40 62.3912 57.7537 40.9001 52.1552 40.4949 12.3693 
32.0039 42.083 19 27.0601 56.7726 39.3573 38.8402 17.4416 25.5562 68.0254 43.7375 72.0256 20.8626 62.3013 33.4153 40.8001 32.4692 51.514 49.5997 53.6213 39.5032 34.2667 33.1652 57.8001 7.5213 24.2539 51.552 42.638 25.0966 18.6207 67.3314 21.5845 31.264 18.9003 25.0599 51.2884 24.867 37.4899 30.1213 22.1461 15.7267 66.0547 8.94986 39.095 25.6301 52.1852 31.9507 35.6041 58.8043 19.8252 49.8049 18.5389 34.4803 22.7636 44.0409 45.3776 52.8186 53.5292 23.5053 30.6493 
52.5419 2.7313 61.2046 66.4248 78.8592 27.8869 73.6579 59.1859 31.2775 108.35 2.96816 112.992 62.6231 104.401 49.3447 72.0478 74.0017 81.9398 7.56902 75.5275 60.8482 75.1833 10.6231 69.559 42.2153 66.017 86.3681 55.0436 26.1174 26.0969 75.8517 54.1791 71.6595 36.5724 64.3817 78.2081 67.145 53.7767 72.3915 43.1394 47.2458 106.734 44.6518 25.2052 61.796 51.5621 71.1942 9.21141 89.3981 54.7171 87.5018 26.9742 37.1555 56.0823 60.6383 83.5189 87.1674 16.9296 36.4486 54.0557 
60.0262 48.0942 32.6087 26.7092 31.0006 29.3061 63.3202 37.6303 18.6432 64.0647 49.555 69.7782 30.7561 66.0996 61.1383 22.8127 37.3001 32.1758 57.0824 81.3298 67.5148 36.2505 39.3146 29.7634 20.5456 32.7515 74.9123 15.1819 23.7118 38.6774 39.3722 48.9183 51.0424 45.1306 25.4159 28.5575 39.0858 9.61665 40.8397 7.50067 43.7154 63.2475 36.9439 31.0363 19.1669 28.4074 53.3841 40.6519 39.5885 46.6177 41.1709 25.1448 17.8011 13.3375 16.0178 38.1077 76.4029 65.8027 13.3825 58.6881 
54.5212 20.301 73.2105 80.4967 96.4105 45.6089 78.9066 69.6737 48.5161 122.208 19.4371 126.381 75.2447 116.358 50.1941 88.3857 86.8493 98.5853 12.9035 74.7 61.6105 88.5268 27.6279 87.4062 56.1806 78.6349 90.796 72.8204 43.1723 35.9611 93.612 60.6177 80.3481 42.8118 78.4355 95.292 78.3592 71.3405 84.0349 59.7234 54.6642 120.341 54.1421 42.9117 76.8016 69.1668 79.0941 26.7978 106.11 61.9956 102.486 42.4876 54.9605 71.5355 78.3092 98.3005 91.2969 0.948683 53.4136 56.8747 
55.0142 36.5941 35.7677 33.9629 41.4403 19.5931 62.9918 38.7342 7.15612 73.9465 38.0552 79.3742 35.028 74.1271 55.2526 34.1204 43.9527 43.6726 45.5827 77.7821 63.1561 43.7049 27.8729 36.4297 17.7612 37.7719 75.3923 20.46 12.256 29.853 45.1465 46.1504 52.9854 38.372 32.2405 39.9115 42.6568 16.9499 45.7919 5.99333 39.861 72.8701 33.267 20.8002 27.2406 27.6007 54.6161 29.1596 51.0883 44.415 51.5218 14.9345 10.4738 20.8866 24.2909 48.081 76.754 54.4546 2.1 54.2407 
40.152 51.6779 10.4235 15.3395 48.3322 43.7924 39.6602 13.9671 29.3641 56.6845 53.3414 60.9528 10.6104 52.3072 42.563 30.4647 21.7407 40.9585 59.7522 59.1108 46.4436 23.0517 42.3835 52.4704 10.2859 13.9119 51.265 38.8398 30.9885 30.1573 62.2965 26.9229 27.7966 30.0028 13.333 41.7043 17.3142 33.1602 21.2085 20.6461 23.5372 54.8391 17.623 44.2259 14.6168 51.2712 29.8439 44.6598 48.0176 24.2002 38.0789 26.163 35.9221 13.6473 38.5379 33.6506 52.741 64.6467 25.3126 38.1084 
41.8961 24.1456 37.1517 41.4656 58.6046 22.6312 56.0601 36.521 12.7456 83.3866 25.8031 88.0633 38.1534 79.9196 40.9928 48.4004 49.3129 58.7716 32.5272 65.7213 50.5333 50.3257 14.7872 53.6492 17.3925 41.5047 69.0188 37.7244 8.7 13.2575 61.9601 36.9424 50.2359 23.9577 39.4255 56.0879 43.5394 34.4398 48.3663 20.3214 29.7405 81.7847 24.5961 21.6178 36.9682 41.4541 50.6395 17.047 66.3256 36.2691 62.7096 2.60768 22.7794 31.4841 41.7824 58.6537 70.1342 39.1625 15.4055 41.9315 
75.6897 77.1891 37.2518 23.8296 20.1556 58.1414 68.3592 44.9392 47.9176 38.8726 78.6985 45.2448 33.6204 47.1666 78.451 6.71193 29.91 5.23927 86.1485 92.0149 81.1046 26.5505 68.1455 35.2319 41.3237 32.5682 76.6006 33.2533 52.7365 63.2093 43.4246 61.5442 52.6925 65.6881 24.9323 10.4785 39.9941 29.8739 37.3048 35.6204 59.357 39.0267 53.6537 60.1056 21.4149 48.9376 56.3046 69.6854 12.0017 58.5261 16.5303 52.6275 46.2196 24.5153 27.3865 16.4137 78.2602 94.148 42.4909 73.3485 
45.771 17.8933 43.7412 47.6942 61.7508 19.0371 61.7645 43.0265 13.9058 89.5529 19.529 94.339 44.701 86.437 44.2408 53.2768 55.7891 63.3785 26.5548 69.7413 54.4883 56.7071 8.48528 54.9605 23.873 48.0402 74.7402 39.3615 8.50235 15.9531 62.6256 42.3821 56.6117 27.7281 45.6711 60.1173 50.1288 36.9221 54.9531 24.5018 35.1164 88.0196 30.5059 17.4026 42.8225 40.4734 56.8783 10.5802 70.8935 41.9815 68.5066 8.10555 22.6106 37.0757 44.1548 64.5501 75.7977 34.2794 18.312 46.1889 
45.096 49.7363 15.8493 15.8256 43.1195 39.1449 45.9221 20.22 24.891 57.7209 51.3822 62.4725 14.9215 55.2472 47.0814 26.6047 24.5693 37.3343 58.196 64.9159 51.8353 25.0218 40.3288 46.3492 9.03383 17.7553 57.515 32.573 27.3708 30.9808 56.153 32.5424 33.8733 33.1014 13.8058 37.1712 22.6736 26.9007 25.7031 14.8354 28.3952 56.1528 21.9641 39.854 11.9775 45.1545 36.0457 42.4341 44.6706 29.9687 37.4204 23.7649 30.4278 8.59884 32.4006 33.2122 58.9969 64.1804 20.2805 43.2844 
54.5286 59.8588 18.2784 8.62844 34.8001 45.8024 50.7332 25.3505 32.596 48 61.473 53.235 15.2306 48.1769 57.0519 15.9841 19.2585 26.4683 68.5511 72.4189 60.4735 18.1 50.4774 41.9358 20.4267 16.0751 60.9361 31.1194 36.2494 42.419 51.7349 40.8383 36.3761 44.1162 7.65376 27.4591 23.4241 25.4788 23.7143 20.2596 37.9954 46.7615 32.1055 47.0472 1.0198 46.0614 39.4088 52.4047 33.6024 37.9381 26.5189 34.0331 35.2331 5.36656 28.6667 22.5595 62.5308 75.1713 27.2382 52.3622 
27.7218 59.5494 12.492 25.948 64.936 58.2344 21.5873 4.83322 44.1494 58.8694 61.159 61.4706 16.14 48.9449 31.6533 45.4192 24.3249 54.9622 66.2048 42.4157 31.6931 27.5801 51.1789 70.445 24.313 17.8017 33.5181 56.9056 44.0828 33.5049 80.2905 12.9553 12.4535 26.5211 24.8365 57.2892 12.2972 51.241 18.0953 37.9697 14.9626 56.3522 14.7597 58.0669 29.7935 68.8269 12.9653 53.6815 61.1955 9.90404 46.2069 37.5065 52.3072 31.0923 56.546 41.8005 34.9292 67.9509 41.2826 24.8582 
73.661 50.1602 48.23 41.1847 27.6847 26.0163 78.8229 53.2376 23.5536 74.2192 51.304 80.3617 46.2465 78.9111 74.1653 30.8029 51.789 36.6699 58.8099 95.8526 81.5724 50.2364 43.0377 17.7387 34.7897 48.036 90.5332 3.04795 28.7793 48.8215 26.0647 63.6553 66.6913 57.4053 40.1842 30.3863 54.6233 7.20278 56.0293 20.0863 57.9175 73.9138 51.1649 28.5701 33.5376 13.7179 69.0294 43.513 42.8981 61.5533 51.0533 33.5836 15.3062 28.448 9.55877 48.9612 92.0142 69.3354 20.9974 72.6615 
48.259 28.14 36.7935 38.4787 51.2071 18.2165 59.808 37.8001 5.2345 79.9456 29.7061 84.9909 37.0342 78.1369 47.8358 42.4948 47.4305 52.5289 37.0304 71.7607 56.7389 47.8942 18.9528 45.7665 16.5605 40.1991 72.6177 29.851 4.49444 20.8856 54.0981 41.488 52.0311 30.721 36.53 49.2814 43.568 26.7187 47.721 13.6473 34.577 78.58 28.5787 18.1003 32.8977 34.1475 52.9967 20.6206 60.0375 40.3093 58.3436 5.50364 15.3912 26.8704 34.0476 54.5382 73.8485 45.1426 7.70584 47.9418 
57.6321 68.9473 18.4545 5.10098 36.787 55.3586 49.3077 26.1633 42.138 38.5924 70.5783 43.7104 14.7872 38.8747 60.8001 16.1227 12.2188 24.3343 77.5242 72.9883 62.5048 9.82344 59.5399 47.3491 28.3471 13.4737 57.9967 38.7584 45.6602 49.8688 56.842 43.1393 33.77 49.7941 6.80661 27.8993 20.9251 33.415 18.8138 29.8292 41.8387 37.2587 36.8751 56.6181 8.59593 54.3023 37.3066 61.5501 30.3026 40.0656 18.1571 42.9942 44.6515 14.9375 35.1928 13.8232 59.645 83.6086 36.8023 55.0956 
23.7716 31.0103 37.8737 47.6001 74.6853 41.3717 43.7852 33.3054 32.3682 87.8112 32.4002 91.3801 40.4931 80.2591 21.8586 60.6822 51.9481 71.4382 35.8309 47.6707 32.4617 54.1765 25.1525 72.238 25.7031 43.7416 56.4309 56.288 28.3863 6.57647 80.9944 24.4976 43.5736 6.62722 45.6257 70.4011 42.2404 52.2304 48.1 36.6749 18.0025 85.6598 17.6782 39.8045 46.0834 61.2066 42.4647 27.4804 78.8624 25.4594 70.3796 21.7745 42.4948 42.4952 59.4651 65.9309 57.2198 36.0662 33.9329 24.6909 
34.7092 20.3593 51.7042 60.1446 81.9976 39.0717 57.5785 47.7247 35.1864 101.3 21.3019 105.17 54.0049 94.5804 31.1708 70.6859 65.5964 81.301 22.6055 57.2297 42.7591 67.5406 18.8831 76.4621 36.4408 57.3502 69.8823 60.7032 29.9666 14.7027 84.2572 38.7769 58.2477 20.8255 58.1047 79.1582 56.5301 57.7585 62.2981 43.5932 32.6038 99.2839 32.1263 36.8144 57.4381 61.8392 57.0646 20.297 88.8487 39.993 82.6765 26.0094 44.2476 52.8797 65.0889 78.3342 70.5274 21.3862 38.7218 36.5494 
16.2693 59.7724 25.2769 38.7398 77.1511 63.6908 14.8 17.5684 50.5846 69.7402 61.2566 71.6612 28.936 57.8215 20.9022 58.0115 36.6034 67.7097 65.0588 30.0167 18.9594 40.0061 52.6047 81.4195 32.423 30.5635 27.7354 67.063 49.2065 33.1489 91.1877 4.80937 17.702 22.6808 37.5713 69.8056 24.4018 61.589 29.6953 47.0558 12.0204 67.047 17.2169 63.0087 42.1922 77.5194 15.0814 55.1015 73.9985 5.55698 58.7341 41.992 59.8248 42.7404 67.4685 54.3828 28.7367 64.4854 48.8829 13.0973 
43.7659 39.6184 24.1868 26.0048 46.7402 30.054 50.1908 26.1895 15.6205 67.8258 41.2564 72.6521 24.2167 65.338 44.6804 33.6001 34.6157 44.2449 48.1769 65.7732 51.5218 35.2132 30.2074 46.0179 4.96488 27.3542 62.5998 30.6007 17.3459 23.3343 55.4148 33.7125 40.5088 28.6527 24 42.5735 31.0453 25.64 34.9515 10.0265 27.8289 66.3103 21.0794 30.4345 21.2608 40.1966 41.9587 32.2684 51.782 31.8057 47.0027 13.6473 23.1173 15.9656 32.4777 42.9438 63.9553 54.6963 12.1037 42.6251 
57.1424 43.0091 33.0847 29.2036 35.7453 25.0799 62.4256 37.2023 13.5912 68.1195 44.4789 73.6824 31.753 69.1755 57.9118 27.7065 39.5683 37.249 51.9955 79.1103 64.9223 38.9308 34.2072 32.7819 18.0325 34.1475 74.4165 17.2047 18.6075 34.2773 42.0609 46.8966 51.1101 41.4972 27.6622 33.6467 39.8318 12.4615 42.274 3.38378 41.2059 67.1597 34.4398 26.6011 22.0204 27.9551 53.1399 35.5563 44.6804 44.8179 45.4657 20.2556 14.2369 15.741 19.6163 42.1774 75.8538 60.7023 8.27647 56.0266 
13.0648 66.9933 45.0564 58.5161 96.6876 77.0506 20.6737 37.3563 65.56 86.7568 68.2001 87.808 48.7082 72.7792 16.3077 77.7764 55.6925 87.505 69.9861 11.3701 4.70106 59.2035 61.9491 99.94 49.8615 50.1977 27.6588 84.9944 62.9682 42.8193 109.58 21.5232 33.9511 30.9196 57.3665 89.5309 43.601 79.7579 48.3811 64.5105 26.6738 83.8934 33.426 75.8294 61.9001 93.9028 30.2524 64.2365 93.7577 24.2396 77.9326 55.6652 75.4634 62.0672 86.0495 73.6767 27.5274 65.9018 65.0165 12.5196 
41.4349 86.958 34.9857 44.4438 84.4754 86.8074 15.6984 31.1264 72.611 56.033 88.5084 55.5014 37.1194 39.5506 46.4657 63.8045 35.8504 70.6672 92.8029 38.736 38.6846 39.1368 79.1 93.9162 52.5967 35.934 12.7424 82.3177 72.7101 60.3176 103.682 32.6896 16.8345 50.6725 44.5982 75.3824 28.7139 76.5484 28.9249 65.2326 39.2312 52.9862 42.2092 86.6876 51.251 95.7357 15.7 81.6177 74.8669 31.732 55.0372 66.1027 80.2861 55.0522 80.599 51.8368 14.2773 92.6106 69.3866 38.345 
55.5666 94.2827 35.2278 39.538 76.2997 89.434 31.4884 35.1353 75.0067 39.4707 95.914 38.3631 35.7022 22.3081 60.5239 56.1709 29.0801 60.8622 101.175 56.0261 54.4142 31.3268 85.6054 88.4096 55.3864 33.1489 29.8082 79.1808 76.3497 68.5149 97.7998 43.8854 23.2499 60.8817 40.4821 66.7271 28.3833 73.5664 25.0242 65.3049 48.9842 36.4124 49.7749 89.8391 47.151 94.0403 25.1143 88.0696 63.685 41.9237 42.9214 70.6771 81.0001 52.4109 76.1682 40.7034 31.2006 102.816 70.8075 52.3345 
33.6024 58.8511 5.84209 19.2634 58.1207 54.7091 27.8289 2.02485 40.3496 54.6649 60.4983 57.8275 9.50368 46.5414 37.1383 38.5834 19.1039 48.1965 66.1255 49.2541 38.2232 22.0227 50.013 64.0281 20.3062 11.6619 39.1019 50.9035 41.0411 34 73.8857 18.932 15.7178 29.2617 18.058 50.4473 8.48999 45.1807 14.3283 32.7622 18.9108 52.331 16.1335 54.8264 22.9637 63.4769 17.6284 52.4584 54.5286 15.8382 40.2892 35.0657 47.7378 24.5392 50.1905 35.8176 40.5982 69.0792 36.8751 30.9317 
32.3903 86.2981 57.4966 70.4146 110.388 95.8391 25.7624 50.3036 83.7717 90.7491 87.4874 90.4093 60.9076 74.4565 35.4141 90.4312 65.0496 99.2446 89.0632 10.1637 23.8872 68.6517 81.2503 115.698 66.6562 61.4928 22.4751 101.439 81.5727 61.9969 125.495 37.8107 41.6886 50.0707 69.6989 102.385 54.0256 95.9588 57.3802 81.3489 44.2377 87.7207 50.6857 94.7403 75.2247 111.54 37.9084 83.5512 104.725 39.8038 86.6797 74.2381 93.4403 76.6219 101.748 82.8397 21.225 84.3116 82.6987 31.5328 
49.994 14.1156 66.0961 73.0906 89.1696 39.2588 73.5063 62.8441 41.2069 114.862 13.6704 119.107 68.0309 109.331 46.0132 80.8802 79.6214 91.1014 9.42019 71.4057 57.6022 81.2251 20.4025 80.6357 48.7469 71.4291 85.7114 65.8062 35.8281 28.9614 87.1494 54.7403 73.9838 36.7681 71.0291 87.88 71.4101 64.13 77.016 52.2551 48.4646 113.03 47.4368 36.5903 69.3098 62.9628 72.9301 19.8252 98.6309 55.8975 95.0075 34.9726 48.0277 64.0216 71.1683 90.8367 86.3114 6.58635 46.0179 52.0862 
55.8746 13.4648 53.5059 55.9047 63.4679 12.4193 72.5989 53.4158 17.1593 97.2672 14.625 102.381 54.0941 95.4811 53.9268 58.386 64.7565 67.7632 22.184 79.8168 64.5868 65.3043 8.40536 53.7276 33.2519 57.3415 85.5746 39.3512 13.043 26.0548 60.1202 53.1899 67.2086 37.9803 53.9559 63.4679 60.096 38.461 64.6239 29.7794 45.9213 95.953 41.3272 9.86813 50.1855 36.105 67.5959 7.55844 75.0841 52.8186 75.3682 17.6082 21.4441 44.032 45.1136 71.6955 86.6266 32.7611 22.6632 56.5192 
20.7077 74.027 52.3536 65.7606 104.459 85.03 24.6483 44.7166 73.7082 91.7154 75.1626 92.2835 55.9697 76.8214 23.0495 85.2838 62.1914 94.8171 76.4665 3.26497 11.9883 65.7578 69.4344 108.047 58.0332 57.2218 27.8742 93.1615 71.0303 50.5799 117.709 29.5169 39.5922 38.7551 64.7174 97.1113 50.3036 87.9005 54.6963 72.6959 34.869 88.7795 41.6125 83.7484 69.5117 102.097 35.756 71.6648 100.889 32.1076 84.3863 63.7452 83.6367 69.9385 94.14 80.2337 27.2606 71.5025 73.2145 20.601 
