30 60 18
777 335 649 27 763 426 211 429 862 135 22 167 11 373 784 324 413 980 862 281 84 505 313 895 814 364 87 178 403 399 676 12 94 570 467 902 652 280 865 619 31 771 709 856 586 683 528 829 270 715 796 245 921 488 841 500 124 856 227 936 
43.2 55.1 43.7 22.8 27.5 40.7 47.4 12.1 85.8 39.5 2.9 23.7 23.5 79.3 81.8 42.8 14.3 1.1 
6 10 17 16 12 9 2 11 10 6 2 2 7 4 8 3 4 10 13 5 16 17 6 15 0 5 2 17 7 3 
1.828 3.86374 3.1797 4.27855 7.34854 4.6185 3.59234 2.63822 3.52881 8.17017 4.00844 8.49523 3.47701 7.32378 1.79201 5.78055 4.58947 6.85007 4.37879 4.21048 2.6903 4.84153 3.20465 7.29855 2.37002 3.78428 4.86695 5.72574 3.22405 1.23968 8.21623 1.65197 3.57644 0.214709 4.09181 6.82807 3.54401 5.26454 4.13853 3.68543 1.00648 7.9422 1.11826 4.49539 4.24209 6.4109 3.45259 3.44819 7.57446 1.74771 6.54866 2.502 4.53998 3.9785 5.96263 6.09861 4.95145 4.39028 3.564 1.83807 
1.36854 4.72952 2.7693 4.01603 7.46073 5.31994 2.72342 2.09859 4.11351 7.66039 4.87562 7.93638 3.11045 6.678 1.57544 5.72766 4.13319 6.77106 5.24661 3.58912 2.1281 4.42476 4.04432 7.61391 2.58544 3.37664 4.00211 6.086 3.88672 2.08195 8.56347 0.787464 2.80032 1.01193 3.85105 6.84485 2.98859 5.58044 3.58236 4.02836 0.341321 7.41507 0.958541 5.2218 4.13541 6.93782 2.63623 4.29121 7.46415 0.930054 6.22579 3.15317 5.0966 4 6.23912 5.77537 4.09001 5.21552 4.04949 1.23693 
3.20039 4.2083 1.9 2.70601 5.67726 3.93573 3.88402 1.74416 2.55562 6.80254 4.37375 7.20256 2.08626 6.23013 3.34153 4.08001 3.24692 5.1514 4.95997 5.36213 3.95032 3.42667 3.31652 5.78001 0.75213 2.42539 5.1552 4.2638 2.50966 1.86207 6.73314 2.15845 3.1264 1.89003 2.50599 5.12884 2.4867 3.74899 3.01213 2.21461 1.57267 6.60547 0.894986 3.9095 2.56301 5.21852 3.19507 3.56041 5.88043 1.98252 4.98049 1.85389 3.44803 2.27636 4.40409 4.53776 5.28186 5.35292 2.35053 3.06493 
5.25419 0.27313 6.12046 6.64248 7.88592 2.78869 7.36579 5.91859 3.12775 10.835 0.296816 11.2992 6.26231 10.4401 4.93447 7.20478 7.40017 8.19398 0.756902 7.55275 6.08482 7.51833 1.06231 6.9559 4.22153 6.6017 8.63681 5.50436 2.61174 2.60969 7.58517 5.41791 7.16595 3.65724 6.43817 7.82081 6.7145 5.37767 7.23915 4.31394 4.72458 10.6734 4.46518 2.52052 6.1796 5.15621 7.11942 0.921141 8.93981 5.47171 8.75018 2.69742 3.71555 5.60823 6.06383 8.35189 8.71674 1.69296 3.64486 5.40557 
6.00262 4.80942 3.26087 2.67092 3.10006 2.93061 6.33202 3.76303 1.86432 6.40647 4.9555 6.97782 3.07561 6.60996 6.11383 2.28127 3.73001 3.21758 5.70824 8.13298 6.75148 3.62505 3.93146 2.97634 2.05456 3.27515 7.49123 1.51819 2.37118 3.86774 3.93722 4.89183 5.10424 4.51306 2.54159 2.85575 3.90858 0.961665 4.08397 0.750067 4.37154 6.32475 3.69439 3.10363 1.91669 2.84074 5.33841 4.06519 3.95885 4.66177 4.11709 2.51448 1.78011 1.33375 1.60178 3.81077 7.64029 6.58027 1.33825 5.86881 
5.45212 2.0301 7.32105 8.04967 9.64105 4.56089 7.89066 6.96737 4.85161 12.2208 1.94371 12.6381 7.52447 11.6358 5.01941 8.83857 8.68493 9.85853 1.29035 7.47 6.16105 8.85268 2.76279 8.74062 5.61806 7.86349 9.0796 7.28204 4.31723 3.59611 9.3612 6.06177 8.03481 4.28118 7.84355 9.5292 7.83592 7.13405 8.40349 5.97234 5.46642 12.0341 5.41421 4.29117 7.68016 6.91668 7.90941 2.67978 10.611 6.19956 10.2486 4.24876 5.49605 7.15355 7.83092 9.83005 9.12969 0.0948683 5.34136 5.68747 
5.50142 3.65941 3.57677 3.39629 4.14403 1.95931 6.29918 3.87342 0.715612 7.39465 3.80552 7.93742 3.5028 7.41271 5.52526 3.41204 4.39527 4.36726 4.55827 7.77821 6.31561 4.37049 2.78729 3.64297 1.77612 3.77719 7.53923 2.046 1.2256 2.9853 4.51465 4.61504 5.29854 3.8372 3.22405 3.99115 4.26568 1.69499 4.57919 0.599333 3.9861 7.28701 3.3267 2.08002 2.72406 2.76007 5.46161 2.91596 5.10883 4.4415 5.15218 1.49345 1.04738 2.08866 2.42909 4.8081 7.6754 5.44546 0.21 5.42407 
4.0152 5.16779 1.04235 1.53395 4.83322 4.37924 3.96602 1.39671 2.93641 5.66845 5.33414 6.09528 1.06104 5.23072 4.2563 3.04647 2.17407 4.09585 5.97522 5.91108 4.64436 2.30517 4.23835 5.24704 1.02859 1.39119 5.1265 3.88398 3.09885 3.01573 6.22965 2.69229 2.77966 3.00028 1.3333 4.17043 1.73142 3.31602 2.12085 2.06461 2.35372 5.48391 1.7623 4.42259 1.46168 5.12712 2.98439 4.46598 4.80176 2.42002 3.80789 2.6163 3.59221 1.36473 3.85379 3.36506 5.2741 6.46467 2.53126 3.81084 
4.18961 2.41456 3.71517 4.14656 5.86046 2.26312 5.60601 3.6521 1.27456 8.33866 2.58031 8.80633 3.81534 7.99196 4.09928 4.84004 4.93129 5.87716 3.25272 6.57213 5.05333 5.03257 1.47872 5.36492 1.73925 4.15047 6.90188 3.77244 0.87 1.32575 6.19601 3.69424 5.02359 2.39577 3.94255 5.60879 4.35394 3.44398 4.83663 2.03214 2.97405 8.17847 2.45961 2.16178 3.69682 4.14541 5.06395 1.7047 6.63256 3.62691 6.27096 0.260768 2.27794 3.14841 4.17824 5.86537 7.01342 3.91625 1.54055 4.19315 
7.56897 7.71891 3.72518 2.38296 2.01556 5.81414 6.83592 4.49392 4.79176 3.88726 7.86985 4.52448 3.36204 4.71666 7.8451 0.671193 2.991 0.523927 8.61485 9.20149 8.11046 2.65505 6.81455 3.52319 4.13237 3.25682 7.66006 3.32533 5.27365 6.32093 4.34246 6.15442 5.26925 6.56881 2.49323 1.04785 3.99941 2.98739 3.73048 3.56204 5.9357 3.90267 5.36537 6.01056 2.14149 4.89376 5.63046 6.96854 1.20017 5.85261 1.65303 5.26275 4.62196 2.45153 2.73865 1.64137 7.82602 9.4148 4.24909 7.33485 
4.5771 1.78933 4.37412 4.76942 6.17508 1.90371 6.17645 4.30265 1.39058 8.95529 1.9529 9.4339 4.4701 8.6437 4.42408 5.32768 5.57891 6.33785 2.65548 6.97413 5.44883 5.67071 0.848528 5.49605 2.3873 4.80402 7.47402 3.93615 0.850235 1.59531 6.26256 4.23821 5.66117 2.77281 4.56711 6.01173 5.01288 3.69221 5.49531 2.45018 3.51164 8.80196 3.05059 1.74026 4.28225 4.04734 5.68783 1.05802 7.08935 4.19815 6.85066 0.810555 2.26106 3.70757 4.41548 6.45501 7.57977 3.42794 1.8312 4.61889 
4.5096 4.97363 1.58493 1.58256 4.31195 3.91449 4.59221 2.022 2.4891 5.77209 5.13822 6.24725 1.49215 5.52472 4.70814 2.66047 2.45693 3.73343 5.8196 6.49159 5.18353 2.50218 4.03288 4.63492 0.903383 1.77553 5.7515 3.2573 2.73708 3.09808 5.6153 3.25424 3.38733 3.31014 1.38058 3.71712 2.26736 2.69007 2.57031 1.48354 2.83952 5.61528 2.19641 3.9854 1.19775 4.51545 3.60457 4.24341 4.46706 2.99687 3.74204 2.37649 3.04278 0.859884 3.24006 3.32122 5.89969 6.41804 2.02805 4.32844 
5.45286 5.98588 1.82784 0.862844 3.48001 4.58024 5.07332 2.53505 3.2596 4.8 6.1473 5.3235 1.52306 4.81769 5.70519 1.59841 1.92585 2.64683 6.85511 7.24189 6.04735 1.81 5.04774 4.19358 2.04267 1.60751 6.09361 3.11194 3.62494 4.2419 5.17349 4.08383 3.63761 4.41162 0.765376 2.74591 2.34241 2.54788 2.37143 2.02596 3.79954 4.67615 3.21055 4.70472 0.10198 4.60614 3.94088 5.24047 3.36024 3.79381 2.65189 3.40331 3.52331 0.536656 2.86667 2.25595 6.25308 7.51713 2.72382 5.23622 
2.77218 5.95494 1.2492 2.5948 6.4936 5.82344 2.15873 0.483322 4.41494 5.88694 6.1159 6.14706 1.614 4.89449 3.16533 4.54192 2.43249 5.49622 6.62048 4.24157 3.16931 2.75801 5.11789 7.0445 2.4313 1.78017 3.35181 5.69056 4.40828 3.35049 8.02905 1.29553 1.24535 2.65211 2.48365 5.72892 1.22972 5.1241 1.80953 3.79697 1.49626 5.63522 1.47597 5.80669 2.97935 6.88269 1.29653 5.36815 6.11955 0.990404 4.62069 3.75065 5.23072 3.10923 5.6546 4.18005 3.49292 6.79509 4.12826 2.48582 
7.3661 5.01602 4.823 4.11847 2.76847 2.60163 7.88229 5.32376 2.35536 7.42192 5.1304 8.03617 4.62465 7.89111 7.41653 3.08029 5.1789 3.66699 5.88099 9.58526 8.15724 5.02364 4.30377 1.77387 3.47897 4.8036 9.05332 0.304795 2.87793 4.88215 2.60647 6.36553 6.66913 5.74053 4.01842 3.03863 5.46233 0.720278 5.60293 2.00863 5.79175 7.39138 5.11649 2.85701 3.35376 1.37179 6.90294 4.3513 4.28981 6.15533 5.10533 3.35836 1.53062 2.8448 0.955877 4.89612 9.20142 6.93354 2.09974 7.26615 
4.8259 2.814 3.67935 3.84787 5.12071 1.82165 5.9808 3.78001 0.52345 7.99456 2.97061 8.49909 3.70342 7.81369 4.78358 4.24948 4.74305 5.25289 3.70304 7.17607 5.67389 4.78942 1.89528 4.57665 1.65605 4.01991 7.26177 2.9851 0.449444 2.08856 5.40981 4.1488 5.20311 3.0721 3.653 4.92814 4.3568 2.67187 4.7721 1.36473 3.4577 7.858 2.85787 1.81003 3.28977 3.41475 5.29967 2.06206 6.00375 4.03093 5.83436 0.550364 1.53912 2.68704 3.40476 5.45382 7.38485 4.51426 0.770584 4.79418 
5.76321 6.89473 1.84545 0.510098 3.6787 5.53586 4.93077 2.61633 4.2138 3.85924 7.05783 4.37104 1.47872 3.88747 6.08001 1.61227 1.22188 2.43343 7.75242 7.29883 6.25048 0.982344 5.95399 4.73491 2.83471 1.34737 5.79967 3.87584 4.56602 4.98688 5.6842 4.31393 3.377 4.97941 0.680661 2.78993 2.09251 3.3415 1.88138 2.98292 4.18387 3.72587 3.68751 5.66181 0.859593 5.43023 3.73066 6.15501 3.03026 4.00656 1.81571 4.29942 4.46515 1.49375 3.51928 1.38232 5.9645 8.36086 3.68023 5.50956 
2.37716 3.10103 3.78737 4.76001 7.46853 4.13717 4.37852 3.33054 3.23682 8.78112 3.24002 9.13801 4.04931 8.02591 2.18586 6.06822 5.19481 7.14382 3.58309 4.76707 3.24617 5.41765 2.51525 7.2238 2.57031 4.37416 5.64309 5.6288 2.83863 0.657647 8.09944 2.44976 4.35736 0.662722 4.56257 7.04011 4.22404 5.22304 4.81 3.66749 1.80025 8.56598 1.76782 3.98045 4.60834 6.12066 4.24647 2.74804 7.88624 2.54594 7.03796 2.17745 4.24948 4.24952 5.94651 6.59309 5.72198 3.60662 3.39329 2.46909 
3.47092 2.03593 5.17042 6.01446 8.19976 3.90717 5.75785 4.77247 3.51864 10.13 2.13019 10.517 5.40049 9.45804 3.11708 7.06859 6.55964 8.1301 2.26055 5.72297 4.27591 6.75406 1.88831 7.64621 3.64408 5.73502 6.98823 6.07032 2.99666 1.47027 8.42572 3.87769 5.82477 2.08255 5.81047 7.91582 5.65301 5.77585 6.22981 4.35932 3.26038 9.92839 3.21263 3.68144 5.74381 6.18392 5.70646 2.0297 8.88487 3.9993 8.26765 2.60094 4.42476 5.28797 6.50889 7.83342 7.05274 2.13862 3.87218 3.65494 
1.62693 5.97724 2.52769 3.87398 7.71511 6.36908 1.48 1.75684 5.05846 6.97402 6.12566 7.16612 2.8936 5.78215 2.09022 5.80115 3.66034 6.77097 6.50588 3.00167 1.89594 4.00061 5.26047 8.14195 3.2423 3.05635 2.77354 6.7063 4.92065 3.31489 9.11877 0.480937 1.7702 2.26808 3.75713 6.98056 2.44018 6.1589 2.96953 4.70558 1.20204 6.7047 1.72169 6.30087 4.21922 7.75194 1.50814 5.51015 7.39985 0.555698 5.87341 4.1992 5.98248 4.27404 6.74685 5.43828 2.87367 6.44854 4.88829 1.30973 
4.37659 3.96184 2.41868 2.60048 4.67402 3.0054 5.01908 2.61895 1.56205 6.78258 4.12564 7.26521 2.42167 6.5338 4.46804 3.36001 3.46157 4.42449 4.81769 6.57732 5.15218 3.52132 3.02074 4.60179 0.496488 2.73542 6.25998 3.06007 1.73459 2.33343 5.54148 3.37125 4.05088 2.86527 2.4 4.25735 3.10453 2.564 3.49515 1.00265 2.78289 6.63103 2.10794 3.04345 2.12608 4.01966 4.19587 3.22684 5.1782 3.18057 4.70027 1.36473 2.31173 1.59656 3.24777 4.29438 6.39553 5.46963 1.21037 4.26251 
5.71424 4.30091 3.30847 2.92036 3.57453 2.50799 6.24256 3.72023 1.35912 6.81195 4.44789 7.36824 3.1753 6.91755 5.79118 2.77065 3.95683 3.7249 5.19955 7.91103 6.49223 3.89308 3.42072 3.27819 1.80325 3.41475 7.44165 1.72047 1.86075 3.42773 4.20609 4.68966 5.11101 4.14972 2.76622 3.36467 3.98318 1.24615 4.2274 0.338378 4.12059 6.71597 3.44398 2.66011 2.20204 2.79551 5.31399 3.55563 4.46804 4.48179 4.54657 2.02556 1.42369 1.5741 1.96163 4.21774 7.58538 6.07023 0.827647 5.60266 
1.30648 6.69933 4.50564 5.85161 9.66876 7.70506 2.06737 3.73563 6.556 8.67568 6.82001 8.7808 4.87082 7.27792 1.63077 7.77764 5.56925 8.7505 6.99861 1.13701 0.470106 5.92035 6.19491 9.994 4.98615 5.01977 2.76588 8.49944 6.29682 4.28193 10.958 2.15232 3.39511 3.09196 5.73665 8.95309 4.3601 7.97579 4.83811 6.45105 2.66738 8.38934 3.3426 7.58294 6.19001 9.39028 3.02524 6.42365 9.37577 2.42396 7.79326 5.56652 7.54634 6.20672 8.60495 7.36767 2.75274 6.59018 6.50165 1.25196 
4.14349 8.6958 3.49857 4.44438 8.44754 8.68074 1.56984 3.11264 7.2611 5.6033 8.85084 5.55014 3.71194 3.95506 4.64657 6.38045 3.58504 7.06672 9.28029 3.8736 3.86846 3.91368 7.91 9.39162 5.25967 3.5934 1.27424 8.23177 7.27101 6.03176 10.3682 3.26896 1.68345 5.06725 4.45982 7.53824 2.87139 7.65484 2.89249 6.52326 3.92312 5.29862 4.22092 8.66876 5.1251 9.57357 1.57 8.16177 7.48669 3.1732 5.50372 6.61027 8.02861 5.50522 8.0599 5.18368 1.42773 9.26106 6.93866 3.8345 
5.55666 9.42827 3.52278 3.9538 7.62997 8.9434 3.14884 3.51353 7.50067 3.94707 9.5914 3.83631 3.57022 2.23081 6.05239 5.61709 2.90801 6.08622 10.1175 5.60261 5.44142 3.13268 8.56054 8.84096 5.53864 3.31489 2.98082 7.91808 7.63497 6.85149 9.77998 4.38854 2.32499 6.08817 4.04821 6.67271 2.83833 7.35664 2.50242 6.53049 4.89842 3.64124 4.97749 8.98391 4.7151 9.40403 2.51143 8.80696 6.3685 4.19237 4.29214 7.06771 8.10001 5.24109 7.61682 4.07034 3.12006 10.2816 7.08075 5.23345 
3.36024 5.88511 0.584209 1.92634 5.81207 5.47091 2.78289 0.202485 4.03496 5.46649 6.04983 5.78275 0.950368 4.65414 3.71383 3.85834 1.91039 4.81965 6.61255 4.92541 3.82232 2.20227 5.0013 6.40281 2.03062 1.16619 3.91019 5.09035 4.10411 3.4 7.38857 1.8932 1.57178 2.92617 1.8058 5.04473 0.848999 4.51807 1.43283 3.27622 1.89108 5.2331 1.61335 5.48264 2.29637 6.34769 1.76284 5.24584 5.45286 1.58382 4.02892 3.50657 4.77378 2.45392 5.01905 3.58176 4.05982 6.90792 3.68751 3.09317 
3.23903 8.62981 5.74966 7.04146 11.0388 9.58391 2.57624 5.03036 8.37717 9.07491 8.74874 9.04093 6.09076 7.44565 3.54141 9.04312 6.50496 9.92446 8.90632 1.01637 2.38872 6.86517 8.12503 11.5698 6.66562 6.14928 2.24751 10.1439 8.15727 6.19969 12.5495 3.78107 4.16886 5.00707 6.96989 10.2385 5.40256 9.59588 5.73802 8.13489 4.42377 8.77207 5.06857 9.47403 7.52247 11.154 3.79084 8.35512 10.4725 3.98038 8.66797 7.42381 9.34403 7.66219 10.1748 8.28397 2.1225 8.43116 8.26987 3.15328 
4.9994 1.41156 6.60961 7.30906 8.91696 3.92588 7.35063 6.28441 4.12069 11.4862 1.36704 11.9107 6.80309 10.9331 4.60132 8.08802 7.96214 9.11014 0.942019 7.14057 5.76022 8.12251 2.04025 8.06357 4.87469 7.14291 8.57114 6.58062 3.58281 2.89614 8.71494 5.47403 7.39838 3.67681 7.10291 8.788 7.14101 6.413 7.7016 5.22551 4.84646 11.303 4.74368 3.65903 6.93098 6.29628 7.29301 1.98252 9.86309 5.58975 9.50075 3.49726 4.80277 6.40216 7.11683 9.08367 8.63114 0.658635 4.60179 5.20862 
5.58746 1.34648 5.35059 5.59047 6.34679 1.24193 7.25989 5.34158 1.71593 9.72672 1.4625 10.2381 5.40941 9.54811 5.39268 5.8386 6.47565 6.77632 2.2184 7.98168 6.45868 6.53043 0.840536 5.37276 3.32519 5.73415 8.55746 3.93512 1.3043 2.60548 6.01202 5.31899 6.72086 3.79803 5.39559 6.34679 6.0096 3.8461 6.46239 2.97794 4.59213 9.5953 4.13272 0.986813 5.01855 3.6105 6.75959 0.755844 7.50841 5.28186 7.53682 1.76082 2.14441 4.4032 4.51136 7.16955 8.66266 3.27611 2.26632 5.65192 
2.07077 7.4027 5.23536 6.57606 10.4459 8.503 2.46483 4.47166 7.37082 9.17154 7.51626 9.22835 5.59697 7.68214 2.30495 8.52838 6.21914 9.48171 7.64665 0.326497 1.19883 6.57578 6.94344 10.8047 5.80332 5.72218 2.78742 9.31615 7.10303 5.05799 11.7709 2.95169 3.95922 3.87551 6.47174 9.71113 5.03036 8.79005 5.46963 7.26959 3.4869 8.87795 4.16125 8.37484 6.95117 10.2097 3.5756 7.16648 10.0889 3.21076 8.43863 6.37452 8.36367 6.99385 9.414 8.02337 2.72606 7.15025 7.32145 2.0601 
