30 60 18
777 335 649 27 763 426 211 429 862 135 22 167 11 373 784 324 413 980 862 281 84 505 313 895 814 364 87 178 403 399 676 12 94 570 467 902 652 280 865 619 31 771 709 856 586 683 528 829 270 715 796 245 921 488 841 500 124 856 227 936 
43200 55100 43700 22800 27500 40700 47400 12100 85800 39500 2900 23700 23500 79300 81800 42800 14300 1100 
6 10 17 16 12 9 2 11 10 6 2 2 7 4 8 3 4 10 13 5 16 17 6 15 0 5 2 17 7 3 
182.8 386.374 317.97 427.855 734.854 461.85 359.234 263.822 352.881 817.017 400.844 849.523 347.701 732.378 179.201 578.055 458.947 685.007 437.879 421.048 269.03 484.153 320.465 729.855 237.002 378.428 486.695 572.574 322.405 123.968 821.623 165.197 357.644 21.4709 409.181 682.807 354.401 526.454 413.853 368.543 100.648 794.22 111.826 449.539 424.209 641.09 345.259 344.819 757.446 174.771 654.866 250.2 453.998 397.85 596.263 609.861 495.145 439.028 356.4 183.807 
136.854 472.952 276.93 401.603 746.073 531.994 272.342 209.859 411.351 766.039 487.562 793.638 311.045 667.8 157.544 572.766 413.319 677.106 524.661 358.912 212.81 442.476 404.432 761.391 258.544 337.664 400.211 608.6 388.672 208.195 856.347 78.7464 280.032 101.193 385.105 684.485 298.859 558.044 358.236 402.836 34.1321 741.507 95.8541 522.18 413.541 693.782 263.623 429.121 746.415 93.0054 622.579 315.317 509.66 400 623.912 577.537 409.001 521.552 404.949 123.693 
320.039 420.83 190 270.601 567.726 393.573 388.402 174.416 255.562 680.254 437.375 720.256 208.626 623.013 334.153 408.001 324.692 515.14 495.997 536.213 395.032 342.667 331.652 578.001 75.213 242.539 515.52 426.38 250.966 186.207 673.314 215.845 312.64 189.003 250.599 512.884 248.67 374.899 301.213 221.461 157.267 660.547 89.4986 390.95 256.301 521.852 319.507 356.041 588.043 198.252 498.049 185.389 344.803 227.636 440.409 453.776 528.186 535.292 235.053 306.493 
525.419 27.313 612.046 664.248 788.592 278.869 736.579 591.859 312.775 1083.5 29.6816 1129.92 626.231 1044.01 493.447 720.478 740.017 819.398 75.6902 755.275 608.482 751.833 106.231 695.59 422.153 660.17 863.681 550.436 261.174 260.969 758.517 541.791 716.595 365.724 643.817 782.081 671.45 537.767 723.915 431.394 472.458 1067.34 446.518 252.052 617.96 515.621 711.942 92.1141 893.981 547.171 875.018 269.742 371.555 560.823 606.383 835.189 871.674 169.296 364.486 540.557 
600.262 480.942 326.087 267.092 310.006 293.061 633.202 376.303 186.432 640.647 495.55 697.782 307.561 660.996 611.383 228.127 373.001 321.758 570.824 813.298 675.148 362.505 393.146 297.634 205.456 327.515 749.123 151.819 237.118 386.774 393.722 489.183 510.424 451.306 254.159 285.575 390.858 96.1665 408.397 75.0067 437.154 632.475 369.439 310.363 191.669 284.074 533.841 406.519 395.885 466.177 411.709 251.448 178.011 133.375 160.178 381.077 764.029 658.027 133.825 586.881 
545.212 203.01 732.105 804.967 964.105 456.089 789.066 696.737 485.161 1222.08 194.371 1263.81 752.447 1163.58 501.941 883.857 868.493 985.853 129.035 747 616.105 885.268 276.279 874.062 561.806 786.349 907.96 728.204 431.723 359.611 936.12 606.177 803.481 428.118 784.355 952.92 783.592 713.405 840.349 597.234 546.642 1203.41 541.421 429.117 768.016 691.668 790.941 267.978 1061.1 619.956 1024.86 424.876 549.605 715.355 783.092 983.005 912.969 9.48683 534.136 568.747 
550.142 365.941 357.677 339.629 414.403 195.931 629.918 387.342 71.5612 739.465 380.552 793.742 350.28 741.271 552.526 341.204 439.527 436.726 455.827 777.821 631.561 437.049 278.729 364.297 177.612 377.719 753.923 204.6 122.56 298.53 451.465 461.504 529.854 383.72 322.405 399.115 426.568 169.499 457.919 59.9333 398.61 728.701 332.67 208.002 272.406 276.007 546.161 291.596 510.883 444.15 515.218 149.345 104.738 208.866 242.909 480.81 767.54 544.546 21 542.407 
401.52 516.779 104.235 153.395 483.322 437.924 396.602 139.671 293.641 566.845 533.414 609.528 106.104 523.072 425.63 304.647 217.407 409.585 597.522 591.108 464.436 230.517 423.835 524.704 102.859 139.119 512.65 388.398 309.885 301.573 622.965 269.229 277.966 300.028 133.33 417.043 173.142 331.602 212.085 206.461 235.372 548.391 176.23 442.259 146.168 512.712 298.439 446.598 480.176 242.002 380.789 261.63 359.221 136.473 385.379 336.506 527.41 646.467 253.126 381.084 
418.961 241.456 371.517 414.656 586.046 226.312 560.601 365.21 127.456 833.866 258.031 880.633 381.534 799.196 409.928 484.004 493.129 587.716 325.272 657.213 505.333 503.257 147.872 536.492 173.925 415.047 690.188 377.244 87 132.575 619.601 369.424 502.359 239.577 394.255 560.879 435.394 344.398 483.663 203.214 297.405 817.847 245.961 216.178 369.682 414.541 506.395 170.47 663.256 362.691 627.096 26.0768 227.794 314.841 417.824 586.537 701.342 391.625 154.055 419.315 
756.897 771.891 372.518 238.296 201.556 581.414 683.592 449.392 479.176 388.726 786.985 452.448 336.204 471.666 784.51 67.1193 299.1 52.3927 861.485 920.149 811.046 265.505 681.455 352.319 413.237 325.682 766.006 332.533 527.365 632.093 434.246 615.442 526.925 656.881 249.323 104.785 399.941 298.739 373.048 356.204 593.57 390.267 536.537 601.056 214.149 489.376 563.046 696.854 120.017 585.261 165.303 526.275 462.196 245.153 273.865 164.137 782.602 941.48 424.909 733.485 
457.71 178.933 437.412 476.942 617.508 190.371 617.645 430.265 139.058 895.529 195.29 943.39 447.01 864.37 442.408 532.768 557.891 633.785 265.548 697.413 544.883 567.071 84.8528 549.605 238.73 480.402 747.402 393.615 85.0235 159.531 626.256 423.821 566.117 277.281 456.711 601.173 501.288 369.221 549.531 245.018 351.164 880.196 305.059 174.026 428.225 404.734 568.783 105.802 708.935 419.815 685.066 81.0555 226.106 370.757 441.548 645.501 757.977 342.794 183.12 461.889 
450.96 497.363 158.493 158.256 431.195 391.449 459.221 202.2 248.91 577.209 513.822 624.725 149.215 552.472 470.814 266.047 245.693 373.343 581.96 649.159 518.353 250.218 403.288 463.492 90.3383 177.553 575.15 325.73 273.708 309.808 561.53 325.424 338.733 331.014 138.058 371.712 226.736 269.007 257.031 148.354 283.952 561.528 219.641 398.54 119.775 451.545 360.457 424.341 446.706 299.687 374.204 237.649 304.278 85.9884 324.006 332.122 589.969 641.804 202.805 432.844 
545.286 598.588 182.784 86.2844 348.001 458.024 507.332 253.505 325.96 480 614.73 532.35 152.306 481.769 570.519 159.841 192.585 264.683 685.511 724.189 604.735 181 504.774 419.358 204.267 160.751 609.361 311.194 362.494 424.19 517.349 408.383 363.761 441.162 76.5376 274.591 234.241 254.788 237.143 202.596 379.954 467.615 321.055 470.472 10.198 460.614 394.088 524.047 336.024 379.381 265.189 340.331 352.331 53.6656 286.667 225.595 625.308 751.713 272.382 523.622 
277.218 595.494 124.92 259.48 649.36 582.344 215.873 48.3322 441.494 588.694 611.59 614.706 161.4 489.449 316.533 454.192 243.249 549.622 662.048 424.157 316.931 275.801 511.789 704.45 243.13 178.017 335.181 569.056 440.828 335.049 802.905 129.553 124.535 265.211 248.365 572.892 122.972 512.41 180.953 379.697 149.626 563.522 147.597 580.669 297.935 688.269 129.653 536.815 611.955 99.0404 462.069 375.065 523.072 310.923 565.46 418.005 349.292 679.509 412.826 248.582 
736.61 501.602 482.3 411.847 276.847 260.163 788.229 532.376 235.536 742.192 513.04 803.617 462.465 789.111 741.653 308.029 517.89 366.699 588.099 958.526 815.724 502.364 430.377 177.387 347.897 480.36 905.332 30.4795 287.793 488.215 260.647 636.553 666.913 574.053 401.842 303.863 546.233 72.0278 560.293 200.863 579.175 739.138 511.649 285.701 335.376 137.179 690.294 435.13 428.981 615.533 510.533 335.836 153.062 284.48 95.5877 489.612 920.142 693.354 209.974 726.615 
482.59 281.4 367.935 384.787 512.071 182.165 598.08 378.001 52.345 799.456 297.061 849.909 370.342 781.369 478.358 424.948 474.305 525.289 370.304 717.607 567.389 478.942 189.528 457.665 165.605 401.991 726.177 298.51 44.9444 208.856 540.981 414.88 520.311 307.21 365.3 492.814 435.68 267.187 477.21 136.473 345.77 785.8 285.787 181.003 328.977 341.475 529.967 206.206 600.375 403.093 583.436 55.0364 153.912 268.704 340.476 545.382 738.485 451.426 77.0584 479.418 
576.321 689.473 184.545 51.0098 367.87 553.586 493.077 261.633 421.38 385.924 705.783 437.104 147.872 388.747 608.001 161.227 122.188 243.343 775.242 729.883 625.048 98.2344 595.399 473.491 283.471 134.737 579.967 387.584 456.602 498.688 568.42 431.393 337.7 497.941 68.0661 278.993 209.251 334.15 188.138 298.292 418.387 372.587 368.751 566.181 85.9593 543.023 373.066 615.501 303.026 400.656 181.571 429.942 446.515 149.375 351.928 138.232 596.45 836.086 368.023 550.956 
237.716 310.103 378.737 476.001 746.853 413.717 437.852 333.054 323.682 878.112 324.002 913.801 404.931 802.591 218.586 606.822 519.481 714.382 358.309 476.707 324.617 541.765 251.525 722.38 257.031 437.416 564.309 562.88 283.863 65.7647 809.944 244.976 435.736 66.2722 456.257 704.011 422.404 522.304 481 366.749 180.025 856.598 176.782 398.045 460.834 612.066 424.647 274.804 788.624 254.594 703.796 217.745 424.948 424.952 594.651 659.309 572.198 360.662 339.329 246.909 
347.092 203.593 517.042 601.446 819.976 390.717 575.785 477.247 351.864 1013 213.019 1051.7 540.049 945.804 311.708 706.859 655.964 813.01 226.055 572.297 427.591 675.406 188.831 764.621 364.408 573.502 698.823 607.032 299.666 147.027 842.572 387.769 582.477 208.255 581.047 791.582 565.301 577.585 622.981 435.932 326.038 992.839 321.263 368.144 574.381 618.392 570.646 202.97 888.487 399.93 826.765 260.094 442.476 528.797 650.889 783.342 705.274 213.862 387.218 365.494 
162.693 597.724 252.769 387.398 771.511 636.908 148 175.684 505.846 697.402 612.566 716.612 289.36 578.215 209.022 580.115 366.034 677.097 650.588 300.167 189.594 400.061 526.047 814.195 324.23 305.635 277.354 670.63 492.065 331.489 911.877 48.0937 177.02 226.808 375.713 698.056 244.018 615.89 296.953 470.558 120.204 670.47 172.169 630.087 421.922 775.194 150.814 551.015 739.985 55.5698 587.341 419.92 598.248 427.404 674.685 543.828 287.367 644.854 488.829 130.973 
437.659 396.184 241.868 260.048 467.402 300.54 501.908 261.895 156.205 678.258 412.564 726.521 242.167 653.38 446.804 336.001 346.157 442.449 481.769 657.732 515.218 352.132 302.074 460.179 49.6488 273.542 625.998 306.007 173.459 233.343 554.148 337.125 405.088 286.527 240 425.735 310.453 256.4 349.515 100.265 278.289 663.103 210.794 304.345 212.608 401.966 419.587 322.684 517.82 318.057 470.027 136.473 231.173 159.656 324.777 429.438 639.553 546.963 121.037 426.251 
571.424 430.091 330.847 292.036 357.453 250.799 624.256 372.023 135.912 681.195 444.789 736.824 317.53 691.755 579.118 277.065 395.683 372.49 519.955 791.103 649.223 389.308 342.072 327.819 180.325 341.475 744.165 172.047 186.075 342.773 420.609 468.966 511.101 414.972 276.622 336.467 398.318 124.615 422.74 33.8378 412.059 671.597 344.398 266.011 220.204 279.551 531.399 355.563 446.804 448.179 454.657 202.556 142.369 157.41 196.163 421.774 758.538 607.023 82.7647 560.266 
130.648 669.933 450.564 585.161 966.876 770.506 206.737 373.563 655.6 867.568 682.001 878.08 487.082 727.792 163.077 777.764 556.925 875.05 699.861 113.701 47.0106 592.035 619.491 999.4 498.615 501.977 276.588 849.944 629.682 428.193 1095.8 215.232 339.511 309.196 573.665 895.309 436.01 797.579 483.811 645.105 266.738 838.934 334.26 758.294 619.001 939.028 302.524 642.365 937.577 242.396 779.326 556.652 754.634 620.672 860.495 736.767 275.274 659.018 650.165 125.196 
414.349 869.58 349.857 444.438 844.754 868.074 156.984 311.264 726.11 560.33 885.084 555.014 371.194 395.506 464.657 638.045 358.504 706.672 928.029 387.36 386.846 391.368 791 939.162 525.967 359.34 127.424 823.177 727.101 603.176 1036.82 326.896 168.345 506.725 445.982 753.824 287.139 765.484 289.249 652.326 392.312 529.862 422.092 866.876 512.51 957.357 157 816.177 748.669 317.32 550.372 661.027 802.861 550.522 805.99 518.368 142.773 926.106 693.866 383.45 
555.666 942.827 352.278 395.38 762.997 894.34 314.884 351.353 750.067 394.707 959.14 383.631 357.022 223.081 605.239 561.709 290.801 608.622 1011.75 560.261 544.142 313.268 856.054 884.096 553.864 331.489 298.082 791.808 763.497 685.149 977.998 438.854 232.499 608.817 404.821 667.271 283.833 735.664 250.242 653.049 489.842 364.124 497.749 898.391 471.51 940.403 251.143 880.696 636.85 419.237 429.214 706.771 810.001 524.109 761.682 407.034 312.006 1028.16 708.075 523.345 
336.024 588.511 58.4209 192.634 581.207 547.091 278.289 20.2485 403.496 546.649 604.983 578.275 95.0368 465.414 371.383 385.834 191.039 481.965 661.255 492.541 382.232 220.227 500.13 640.281 203.062 116.619 391.019 509.035 410.411 340 738.857 189.32 157.178 292.617 180.58 504.473 84.8999 451.807 143.283 327.622 189.108 523.31 161.335 548.264 229.637 634.769 176.284 524.584 545.286 158.382 402.892 350.657 477.378 245.392 501.905 358.176 405.982 690.792 368.751 309.317 
323.903 862.981 574.966 704.146 1103.88 958.391 257.624 503.036 837.717 907.491 874.874 904.093 609.076 744.565 354.141 904.312 650.496 992.446 890.632 101.637 238.872 686.517 812.503 1156.98 666.562 614.928 224.751 1014.39 815.727 619.969 1254.95 378.107 416.886 500.707 696.989 1023.85 540.256 959.588 573.802 813.489 442.377 877.207 506.857 947.403 752.247 1115.4 379.084 835.512 1047.25 398.038 866.797 742.381 934.403 766.219 1017.48 828.397 212.25 843.116 826.987 315.328 
499.94 141.156 660.961 730.906 891.696 392.588 735.063 628.441 412.069 1148.62 136.704 1191.07 680.309 1093.31 460.132 808.802 796.214 911.014 94.2019 714.057 576.022 812.251 204.025 806.357 487.469 714.291 857.114 658.062 358.281 289.614 871.494 547.403 739.838 367.681 710.291 878.8 714.101 641.3 770.16 522.551 484.646 1130.3 474.368 365.903 693.098 629.628 729.301 198.252 986.309 558.975 950.075 349.726 480.277 640.216 711.683 908.367 863.114 65.8635 460.179 520.862 
558.746 134.648 535.059 559.047 634.679 124.193 725.989 534.158 171.593 972.672 146.25 1023.81 540.941 954.811 539.268 583.86 647.565 677.632 221.84 798.168 645.868 653.043 84.0536 537.276 332.519 573.415 855.746 393.512 130.43 260.548 601.202 531.899 672.086 379.803 539.559 634.679 600.96 384.61 646.239 297.794 459.213 959.53 413.272 98.6813 501.855 361.05 675.959 75.5844 750.841 528.186 753.682 176.082 214.441 440.32 451.136 716.955 866.266 327.611 226.632 565.192 
207.077 740.27 523.536 657.606 1044.59 850.3 246.483 447.166 737.082 917.154 751.626 922.835 559.697 768.214 230.495 852.838 621.914 948.171 764.665 32.6497 119.883 657.578 694.344 1080.47 580.332 572.218 278.742 931.615 710.303 505.799 1177.09 295.169 395.922 387.551 647.174 971.113 503.036 879.005 546.963 726.959 348.69 887.795 416.125 837.484 695.117 1020.97 357.56 716.648 1008.89 321.076 843.863 637.452 836.367 699.385 941.4 802.337 272.606 715.025 732.145 206.01 
