35 70 18
777 335 649 27 763 426 211 429 862 135 22 167 11 373 784 324 413 980 862 281 84 505 313 895 814 364 87 178 403 399 676 12 94 570 467 902 652 280 865 619 31 771 709 856 586 683 528 829 270 715 796 245 921 488 841 500 124 856 227 936 437 407 858 237 818 11 776 763 606 818 
12800 68800 36900 91700 91700 99600 32400 74300 47000 18300 49000 49900 77200 72500 64400 59000 50500 13900 
2 2 7 4 8 3 4 10 13 5 16 17 6 15 0 5 2 17 7 3 11 15 8 2 16 6 15 12 4 3 12 15 13 13 1 
45.771 17.8933 43.7412 47.6942 61.7508 19.0371 61.7645 43.0265 13.9058 89.5529 19.529 94.339 44.701 86.437 44.2408 53.2768 55.7891 63.3785 26.5548 69.7413 54.4883 56.7071 8.48528 54.9605 23.873 48.0402 74.7402 39.3615 8.50235 15.9531 62.6256 42.3821 56.6117 27.7281 45.6711 60.1173 50.1288 36.9221 54.9531 24.5018 35.1164 88.0196 30.5059 17.4026 42.8225 40.4734 56.8783 10.5802 70.8935 41.9815 68.5066 8.10555 22.6106 37.0757 44.1548 64.5501 75.7977 34.2794 18.312 46.1889 37.3149 68.3081 63.0593 74.9987 56.478 63.627 19.9409 44.3847 21.7002 24.1124 
45.096 49.7363 15.8493 15.8256 43.1195 39.1449 45.9221 20.22 24.891 57.7209 51.3822 62.4725 14.9215 55.2472 47.0814 26.6047 24.5693 37.3343 58.196 64.9159 51.8353 25.0218 40.3288 46.3492 9.03383 17.7553 57.515 32.573 27.3708 30.9808 56.153 32.5424 33.8733 33.1014 13.8058 37.1712 22.6736 26.9007 25.7031 14.8354 28.3952 56.1528 21.9641 39.854 11.9775 45.1545 36.0457 42.4341 44.6706 29.9687 37.4204 23.7649 30.4278 8.59884 32.4006 33.2122 58.9969 64.1804 20.2805 43.2844 14.0246 36.6493 34.9676 45.9167 44.9989 34.0642 39.1435 13.9589 10.2552 53.1417 
54.5286 59.8588 18.2784 8.62844 34.8001 45.8024 50.7332 25.3505 32.596 48 61.473 53.235 15.2306 48.1769 57.0519 15.9841 19.2585 26.4683 68.5511 72.4189 60.4735 18.1 50.4774 41.9358 20.4267 16.0751 60.9361 31.1194 36.2494 42.419 51.7349 40.8383 36.3761 44.1162 7.65376 27.4591 23.4241 25.4788 23.7143 20.2596 37.9954 46.7615 32.1055 47.0472 1.0198 46.0614 39.4088 52.4047 33.6024 37.9381 26.5189 34.0331 35.2331 5.36656 28.6667 22.5595 62.5308 75.1713 27.2382 52.3622 20.9859 29.0243 23.6315 34.4703 51.5585 22.6241 45.554 13.5473 21.1483 64.2098 
27.7218 59.5494 12.492 25.948 64.936 58.2344 21.5873 4.83322 44.1494 58.8694 61.159 61.4706 16.14 48.9449 31.6533 45.4192 24.3249 54.9622 66.2048 42.4157 31.6931 27.5801 51.1789 70.445 24.313 17.8017 33.5181 56.9056 44.0828 33.5049 80.2905 12.9553 12.4535 26.5211 24.8365 57.2892 12.2972 51.241 18.0953 37.9697 14.9626 56.3522 14.7597 58.0669 29.7935 68.8269 12.9653 53.6815 61.1955 9.90404 46.2069 37.5065 52.3072 31.0923 56.546 41.8005 34.9292 67.9509 41.2826 24.8582 10.3228 35.6786 50.5941 58.3895 21.4227 47.4788 58.5768 17.7088 27.4871 57.2637 
73.661 50.1602 48.23 41.1847 27.6847 26.0163 78.8229 53.2376 23.5536 74.2192 51.304 80.3617 46.2465 78.9111 74.1653 30.8029 51.789 36.6699 58.8099 95.8526 81.5724 50.2364 43.0377 17.7387 34.7897 48.036 90.5332 3.04795 28.7793 48.8215 26.0647 63.6553 66.6913 57.4053 40.1842 30.3863 54.6233 7.20278 56.0293 20.0863 57.9175 73.9138 51.1649 28.5701 33.5376 13.7179 69.0294 43.513 42.8981 61.5533 51.0533 33.5836 15.3062 28.448 9.55877 48.9612 92.0142 69.3354 20.9974 72.6615 46.9383 60.048 39.6232 51.0283 77.1806 42.9344 25.0799 44.7786 32.1475 60.5119 
48.259 28.14 36.7935 38.4787 51.2071 18.2165 59.808 37.8001 5.2345 79.9456 29.7061 84.9909 37.0342 78.1369 47.8358 42.4948 47.4305 52.5289 37.0304 71.7607 56.7389 47.8942 18.9528 45.7665 16.5605 40.1991 72.6177 29.851 4.49444 20.8856 54.0981 41.488 52.0311 30.721 36.53 49.2814 43.568 26.7187 47.721 13.6473 34.577 78.58 28.5787 18.1003 32.8977 34.1475 52.9967 20.6206 60.0375 40.3093 58.3436 5.50364 15.3912 26.8704 34.0476 54.5382 73.8485 45.1426 7.70584 47.9418 31.446 59.5124 52.3252 64.3212 55.8342 53.08 18.6132 36.4128 13.6341 34.8901 
57.6321 68.9473 18.4545 5.10098 36.787 55.3586 49.3077 26.1633 42.138 38.5924 70.5783 43.7104 14.7872 38.8747 60.8001 16.1227 12.2188 24.3343 77.5242 72.9883 62.5048 9.82344 59.5399 47.3491 28.3471 13.4737 57.9967 38.7584 45.6602 49.8688 56.842 43.1393 33.77 49.7941 6.80661 27.8993 20.9251 33.415 18.8138 29.8292 41.8387 37.2587 36.8751 56.6181 8.59593 54.3023 37.3066 61.5501 30.3026 40.0656 18.1571 42.9942 44.6515 14.9375 35.1928 13.8232 59.645 83.6086 36.8023 55.0956 24.0208 19.7312 19.6987 28.329 51.7004 16.8107 55.0963 13.3222 29.6665 72.5516 
23.7716 31.0103 37.8737 47.6001 74.6853 41.3717 43.7852 33.3054 32.3682 87.8112 32.4002 91.3801 40.4931 80.2591 21.8586 60.6822 51.9481 71.4382 35.8309 47.6707 32.4617 54.1765 25.1525 72.238 25.7031 43.7416 56.4309 56.288 28.3863 6.57647 80.9944 24.4976 43.5736 6.62722 45.6257 70.4011 42.2404 52.2304 48.1 36.6749 18.0025 85.6598 17.6782 39.8045 46.0834 61.2066 42.4647 27.4804 78.8624 25.4594 70.3796 21.7745 42.4948 42.4952 59.4651 65.9309 57.2198 36.0662 33.9329 24.6909 30.4021 64.7151 69.2503 80.0052 37.0086 68.139 42.2271 41.0567 26.3122 25.6581 
34.7092 20.3593 51.7042 60.1446 81.9976 39.0717 57.5785 47.7247 35.1864 101.3 21.3019 105.17 54.0049 94.5804 31.1708 70.6859 65.5964 81.301 22.6055 57.2297 42.7591 67.5406 18.8831 76.4621 36.4408 57.3502 69.8823 60.7032 29.9666 14.7027 84.2572 38.7769 58.2477 20.8255 58.1047 79.1582 56.5301 57.7585 62.2981 43.5932 32.6038 99.2839 32.1263 36.8144 57.4381 61.8392 57.0646 20.297 88.8487 39.993 82.6765 26.0094 44.2476 52.8797 65.0889 78.3342 70.5274 21.3862 38.7218 36.5494 44.2417 78.461 79.9115 91.2703 50.2245 79.4625 40.1254 54.36 35.9568 11.3031 
16.2693 59.7724 25.2769 38.7398 77.1511 63.6908 14.8 17.5684 50.5846 69.7402 61.2566 71.6612 28.936 57.8215 20.9022 58.0115 36.6034 67.7097 65.0588 30.0167 18.9594 40.0061 52.6047 81.4195 32.423 30.5635 27.7354 67.063 49.2065 33.1489 91.1877 4.80937 17.702 22.6808 37.5713 69.8056 24.4018 61.589 29.6953 47.0558 12.0204 67.047 17.2169 63.0087 42.1922 77.5194 15.0814 55.1015 73.9985 5.55698 58.7341 41.992 59.8248 42.7404 67.4685 54.3828 28.7367 64.4854 48.8829 13.0973 21.6261 47.009 63.3988 71.0967 10.2343 60.2755 64.2272 30.4803 35.3628 54.6465 
43.7659 39.6184 24.1868 26.0048 46.7402 30.054 50.1908 26.1895 15.6205 67.8258 41.2564 72.6521 24.2167 65.338 44.6804 33.6001 34.6157 44.2449 48.1769 65.7732 51.5218 35.2132 30.2074 46.0179 4.96488 27.3542 62.5998 30.6007 17.3459 23.3343 55.4148 33.7125 40.5088 28.6527 24 42.5735 31.0453 25.64 34.9515 10.0265 27.8289 66.3103 21.0794 30.4345 21.2608 40.1966 41.9587 32.2684 51.782 31.8057 47.0027 13.6473 23.1173 15.9656 32.4777 42.9438 63.9553 54.6963 12.1037 42.6251 19.6156 46.8415 42.8841 54.4435 47.5733 42.7604 30.2081 23.5637 2.06155 43.7858 
57.1424 43.0091 33.0847 29.2036 35.7453 25.0799 62.4256 37.2023 13.5912 68.1195 44.4789 73.6824 31.753 69.1755 57.9118 27.7065 39.5683 37.249 51.9955 79.1103 64.9223 38.9308 34.2072 32.7819 18.0325 34.1475 74.4165 17.2047 18.6075 34.2773 42.0609 46.8966 51.1101 41.4972 27.6622 33.6467 39.8318 12.4615 42.274 3.38378 41.2059 67.1597 34.4398 26.6011 22.0204 27.9551 53.1399 35.5563 44.6804 44.8179 45.4657 20.2556 14.2369 15.741 19.6163 42.1774 75.8538 60.7023 8.27647 56.0266 30.7247 50.0281 37.6538 49.7733 60.4862 39.1061 24.7324 30.5197 15.4625 50.5537 
13.0648 66.9933 45.0564 58.5161 96.6876 77.0506 20.6737 37.3563 65.56 86.7568 68.2001 87.808 48.7082 72.7792 16.3077 77.7764 55.6925 87.505 69.9861 11.3701 4.70106 59.2035 61.9491 99.94 49.8615 50.1977 27.6588 84.9944 62.9682 42.8193 109.58 21.5232 33.9511 30.9196 57.3665 89.5309 43.601 79.7579 48.3811 64.5105 26.6738 83.8934 33.426 75.8294 61.9001 93.9028 30.2524 64.2365 93.7577 24.2396 77.9326 55.6652 75.4634 62.0672 86.0495 73.6767 27.5274 65.9018 65.0165 12.5196 41.1588 64.9693 83.1544 90.5425 13.3004 79.9288 77.7769 50.267 52.4424 58.2344 
41.4349 86.958 34.9857 44.4438 84.4754 86.8074 15.6984 31.1264 72.611 56.033 88.5084 55.5014 37.1194 39.5506 46.4657 63.8045 35.8504 70.6672 92.8029 38.736 38.6846 39.1368 79.1 93.9162 52.5967 35.934 12.7424 82.3177 72.7101 60.3176 103.682 32.6896 16.8345 50.6725 44.5982 75.3824 28.7139 76.5484 28.9249 65.2326 39.2312 52.9862 42.2092 86.6876 51.251 95.7357 15.7 81.6177 74.8669 31.732 55.0372 66.1027 80.2861 55.0522 80.599 51.8368 14.2773 92.6106 69.3866 38.345 37.7133 38.6467 65.0195 68.1846 24.1847 60.4415 87.1195 38.6943 55.7671 82.6852 
55.5666 94.2827 35.2278 39.538 76.2997 89.434 31.4884 35.1353 75.0067 39.4707 95.914 38.3631 35.7022 22.3081 60.5239 56.1709 29.0801 60.8622 101.175 56.0261 54.4142 31.3268 85.6054 88.4096 55.3864 33.1489 29.8082 79.1808 76.3497 68.5149 97.7998 43.8854 23.2499 60.8817 40.4821 66.7271 28.3833 73.5664 25.0242 65.3049 48.9842 36.4124 49.7749 89.8391 47.151 94.0403 25.1143 88.0696 63.685 41.9237 42.9214 70.6771 81.0001 52.4109 76.1682 40.7034 31.2006 102.816 70.8075 52.3345 40.8187 26.1138 54.9004 55.4806 39.4819 49.9144 89.5317 36.811 58.3374 92.2345 
33.6024 58.8511 5.84209 19.2634 58.1207 54.7091 27.8289 2.02485 40.3496 54.6649 60.4983 57.8275 9.50368 46.5414 37.1383 38.5834 19.1039 48.1965 66.1255 49.2541 38.2232 22.0227 50.013 64.0281 20.3062 11.6619 39.1019 50.9035 41.0411 34 73.8857 18.932 15.7178 29.2617 18.058 50.4473 8.48999 45.1807 14.3283 32.7622 18.9108 52.331 16.1335 54.8264 22.9637 63.4769 17.6284 52.4584 54.5286 15.8382 40.2892 35.0657 47.7378 24.5392 50.1905 35.8176 40.5982 69.0792 36.8751 30.9317 5.30094 31.3729 43.9393 52.1246 28.2462 40.9939 54.9401 10.9882 23.4307 58.1237 
32.3903 86.2981 57.4966 70.4146 110.388 95.8391 25.7624 50.3036 83.7717 90.7491 87.4874 90.4093 60.9076 74.4565 35.4141 90.4312 65.0496 99.2446 89.0632 10.1637 23.8872 68.6517 81.2503 115.698 66.6562 61.4928 22.4751 101.439 81.5727 61.9969 125.495 37.8107 41.6886 50.0707 69.6989 102.385 54.0256 95.9588 57.3802 81.3489 44.2377 87.7207 50.6857 94.7403 75.2247 111.54 37.9084 83.5512 104.725 39.8038 86.6797 74.2381 93.4403 76.6219 101.748 82.8397 21.225 84.3116 82.6987 31.5328 55.5342 71.5439 94.2504 99.8054 24.3508 90.352 96.5187 62.5931 69.4974 77.2089 
49.994 14.1156 66.0961 73.0906 89.1696 39.2588 73.5063 62.8441 41.2069 114.862 13.6704 119.107 68.0309 109.331 46.0132 80.8802 79.6214 91.1014 9.42019 71.4057 57.6022 81.2251 20.4025 80.6357 48.7469 71.4291 85.7114 65.8062 35.8281 28.9614 87.1494 54.7403 73.9838 36.7681 71.0291 87.88 71.4101 64.13 77.016 52.2551 48.4646 113.03 47.4368 36.5903 69.3098 62.9628 72.9301 19.8252 98.6309 55.8975 95.0075 34.9726 48.0277 64.0216 71.1683 90.8367 86.3114 6.58635 46.0179 52.0862 58.7573 92.4897 90.561 102.372 66.0367 90.8063 40.3745 68.1688 47.4856 4.85489 
55.8746 13.4648 53.5059 55.9047 63.4679 12.4193 72.5989 53.4158 17.1593 97.2672 14.625 102.381 54.0941 95.4811 53.9268 58.386 64.7565 67.7632 22.184 79.8168 64.5868 65.3043 8.40536 53.7276 33.2519 57.3415 85.5746 39.3512 13.043 26.0548 60.1202 53.1899 67.2086 37.9803 53.9559 63.4679 60.096 38.461 64.6239 29.7794 45.9213 95.953 41.3272 9.86813 50.1855 36.105 67.5959 7.55844 75.0841 52.8186 75.3682 17.6082 21.4441 44.032 45.1136 71.6955 86.6266 32.7611 22.6632 56.5192 47.4684 76.9273 68.3316 80.4464 67.2287 69.6021 13.534 53.59 30.6341 24.9904 
20.7077 74.027 52.3536 65.7606 104.459 85.03 24.6483 44.7166 73.7082 91.7154 75.1626 92.2835 55.9697 76.8214 23.0495 85.2838 62.1914 94.8171 76.4665 3.26497 11.9883 65.7578 69.4344 108.047 58.0332 57.2218 27.8742 93.1615 71.0303 50.5799 117.709 29.5169 39.5922 38.7551 64.7174 97.1113 50.3036 87.9005 54.6963 72.6959 34.869 88.7795 41.6125 83.7484 69.5117 102.097 35.756 71.6648 100.889 32.1076 84.3863 63.7452 83.6367 69.9385 94.14 80.2337 27.2606 71.5025 73.2145 20.601 48.907 70.6595 90.2898 97.1967 19.1416 86.8726 85.7756 57.5733 60.6337 64.5608 
61.7331 18.4708 76.8238 82.8875 95.0598 42.4807 85.3642 74.0303 47.9413 124.812 17.0699 129.304 78.525 120.126 57.639 88.8708 90.0379 98.7079 9.48472 82.6828 69.1836 91.4161 27.4591 84.649 58.5484 81.9308 97.5649 70.8402 42.8823 40.131 90.1275 66.542 85.5587 48.5536 80.8335 94.8192 82.4093 70.0403 87.8877 59.9562 60.1694 123.113 58.8116 39.8026 78.5008 65.3735 84.6141 25.9141 106.144 67.6302 104.232 43.6818 52.9683 72.8616 76.6932 100.203 98.1565 8.66487 53.2008 63.8875 69.6103 102.844 98.7283 110.729 77.8895 99.4223 43.5344 78.5315 56.9148 16.5412 
48.2104 16.1335 46.185 49.7293 62.1297 17.0742 64.4597 45.6318 14.1439 91.5042 17.7234 96.3756 47.0472 88.7222 46.5473 54.5047 58.0352 64.4436 24.9948 72.1826 56.9309 58.8575 6.93542 54.5777 26.1706 50.3659 77.4354 39.2032 8.76413 18.3412 61.9536 45.0628 59.27 30.2002 47.7222 60.9085 52.63 37.14 57.381 25.6031 37.7955 90.0254 33.2074 15.2306 44.6185 39.2617 59.5627 8.63713 71.9236 44.6794 70.2204 10.2956 21.9495 38.7408 44.272 66.332 78.4893 33.4607 19.0339 48.7016 39.856 70.4751 64.3529 76.3574 59.1362 65.1038 18.0405 46.6804 23.8537 23.7539 
29.0765 83.0716 52.2529 65.1438 105.153 91.6273 20.501 45.101 79.296 85.9456 84.3168 85.7798 55.6511 69.9012 32.6075 85.1674 59.7943 93.9673 86.263 10.2591 21.0002 63.3975 77.6408 110.628 61.8328 56.2181 18.3521 96.4816 77.2796 58.1997 120.438 33.0905 36.4364 46.2922 64.438 97.1224 48.7483 90.9696 52.1254 76.4958 39.7283 82.9292 46.0431 90.6148 69.9952 106.832 32.6466 79.9882 99.4542 34.9361 81.4711 69.9463 88.8609 71.4709 96.6832 77.6089 17.3104 82.1269 78.0467 27.8189 50.4177 66.4447 88.9756 94.5838 19.3104 85.0869 92.2766 57.3385 64.72 74.5325 
62.2509 94.6451 33.8095 33.7717 66.798 86.5427 40.566 36.3573 72.3398 27.5772 96.3052 27.2244 33.0056 11.868 66.9933 47.4735 23.294 50.7312 102.199 66.1613 62.5353 24.3033 85.555 80.2611 53.8543 29.8203 41.2045 72.6823 74.5085 70.2058 89.3031 48.9752 28.4042 64.3467 35.2057 57.126 27.8196 67.3131 22.5843 61.3874 52.7311 24.5231 51.9455 87.3028 41.3205 88.1656 31.4453 87.9223 52.7828 46.4844 31.9401 69.6854 77.0042 47.2612 68.9162 30.3916 42.6938 105.238 67.6078 59.0188 40.6971 15.7991 44.7282 43.982 47.7504 39.6415 86.4903 33.6168 56.4841 94.3203 
59.22 47.6707 31.9781 26.3372 31.7057 29.2335 62.5895 36.9238 18.2538 64.047 49.1428 69.7227 30.1796 65.8614 60.3339 23.0853 36.9049 32.5867 56.6562 80.5355 66.7115 35.9234 38.8398 30.5668 19.7396 32.2262 74.213 15.9298 23.2551 37.9438 40.1696 48.1274 50.3849 44.338 25.0008 29.1084 38.4896 10.3966 40.3273 6.81836 42.9121 63.1926 36.14 30.9079 18.8409 28.9588 52.7 40.2126 40.0262 45.8345 41.2147 24.5122 17.8519 12.9035 16.8238 38.0848 75.6997 65.2856 12.9252 57.8835 30.6804 46.7051 33.0341 45.1586 61.2772 34.6157 28.8002 28.7904 17.6876 55.0563 
95.5327 68.6321 67.1361 57.4674 25.0639 43.3115 98.9615 73.0906 45.0161 81.3983 69.5035 87.8822 64.5484 90.2286 96.1545 40.9246 67.4396 41.0312 76.6261 117.349 103.309 65.0632 62.8478 8.08084 56.317 65.627 110.041 21.2002 49.9433 70.6989 4.71699 84.9734 85.647 79.4326 57.0478 33.5149 72.8962 26.4643 73.0791 41.7825 79.555 81.9061 72.777 46.0088 50.3227 20.1102 88.3956 62.8371 44.1852 82.6937 59.7478 55.3615 35.5578 46.8129 21.0297 59.2277 111.591 88.0275 42.9773 94.4217 67.1678 72.7659 46.2212 54.6594 98.0814 50.9274 42.2076 62.9222 53.86 80.2761 
79.9361 63.4253 48.4633 38.1725 13.6953 39.9025 80.7035 54.8715 35.1962 64.2832 64.6574 70.6614 45.6616 71.5749 81.2296 21.9823 48.0585 24.626 72.2244 100.543 87.1732 45.6826 55.7315 11.5004 40.5255 46.513 91.346 11.0059 40.6262 58.4508 21.2455 68.1281 66.8243 65.3104 37.853 17.5354 53.9157 12.2 53.8093 27.3339 63.4315 64.424 56.7134 42.4011 31.2021 24.4561 69.742 56.4831 29.9348 65.6037 41.708 44.0239 28.6503 28.3551 4.96488 40.6241 92.9252 82.3303 31.2271 78.4398 49.3315 53.6656 28.7903 39.0923 80.5256 32.997 38.9979 44 38.6432 72.985 
69.1876 38.2027 50.7347 46.8675 40.425 13.381 78.4985 54.1651 15.7953 83.8285 39.2255 89.7157 49.5956 86.4589 68.8625 41.0239 57.354 48.3076 46.6135 92.4741 77.5818 56.5134 31.964 28.9558 33.2737 52.0465 90.9164 15.728 19.8457 41.5524 35.4865 61.3425 68.3518 51.7487 45.4274 42.5466 57.5587 17.1703 60.1699 20.0569 54.7995 83.1941 48.3741 16.0078 39.4438 13.1605 70.0834 32.04 54.9459 59.7476 60.6942 26.331 5.65862 33.3636 22.1326 57.994 92.2775 57.5634 16.4247 68.7236 47.5758 67.309 50.5223 62.3501 75.5159 53.2017 12.3976 48.3994 30.1582 49.424 
30.9919 75.4987 27.145 38.7569 79.2669 76.3333 7.7 21.6518 62.3491 59.4024 77.0388 60.0913 30.0083 44.9222 36.0001 58.8002 32.2444 66.9283 81.2682 33.7006 29.7397 35.8265 67.7625 86.9166 42.5554 29.7741 15.7867 74.2418 62.0549 48.833 96.7678 21.1698 9.0802 39.1389 38.4194 70.7025 22.1165 68.4996 24.6008 55.9923 27.6991 56.4685 30.9414 76.0585 44.6387 86.802 5.86003 70.2802 72.0528 20.2032 53.6958 55.2523 70.5365 47.4435 73.2274 49.8839 17.3404 81.1263 59.5202 27.7937 28.1539 38.8062 61.6967 66.8303 14.8071 57.6014 76.7096 31.6986 45.7299 71.1512 
67.7632 82.1663 28.6398 17.4152 38.486 67.6018 55.0974 35.8431 54.8923 25.655 83.7922 31.1713 25.2517 29.4613 71.4077 20.1358 16.1372 22.419 90.7727 80.3338 71.5672 12.6321 72.7641 52.805 41.5621 22.6135 61.4369 47.6592 58.6669 62.8618 61.4586 52.9967 39.176 61.922 19.4494 28.8087 28.2639 42.9745 23.6349 42.3515 52.9317 24.6435 48.7083 69.0456 21.5337 63.6284 43.0215 74.7468 25.3712 49.9027 6.1131 56.2346 56.4075 27.6626 42.8378 2.20227 63.0968 96.8407 49.4581 64.9648 35.4256 12.6052 16.421 19.0373 59.1684 11.3811 67.2477 24.272 42.9317 85.7702 
70.9941 67.2423 34.9567 22.7798 17.9494 47.5896 67.3146 42.2235 37.8155 48.4373 68.7154 54.6452 31.6443 54.5485 73.2069 5.0636 31.7616 13.0177 76.2266 89.3302 77.2324 29.0689 58.3618 28.2177 33.9037 31.6834 76.9332 23.1821 42.8118 55.1725 37.4621 57.6238 52.4138 59.0953 23.0202 10.9895 39.3314 19.3871 38.1872 25.8936 54.3266 48.2474 48.0829 49.5904 17.2363 39.1004 55.6909 59.7773 20.5 54.7691 25.3492 43.3866 35.6519 17.5935 17.8362 23.7356 78.5604 84.6694 32.4902 68.9705 37.822 36.5571 14.14 26.1138 68.4451 17.1026 46.9691 29.9429 33.3017 74.2437 
61.0816 46.6953 34.8323 29.2171 31.3844 27.128 65.2056 39.6295 17.2409 66.4172 48.1203 72.1688 33.0841 68.6069 62.0059 24.7491 39.8005 33.7535 55.6821 82.7179 68.7221 38.7675 38.097 28.6775 21.7002 35.1511 76.9275 13.5059 22.4876 38.6999 38.1189 50.37 53.1945 45.7389 27.9065 29.6933 41.3783 8.3006 43.2539 7.58947 44.942 65.6385 38.1619 28.9519 21.6834 26.05 55.4563 39.3146 41.0742 48.1582 43.4578 24.6203 15.4693 15.8155 15.2765 40.4734 78.4031 64.7013 12.2723 59.8559 33.317 49.4605 34.6586 46.7732 63.6965 36.5604 26.6222 31.7052 19.3794 54.6949 
14.4475 66.0512 35.2264 48.6215 87.5685 72.6693 11.738 27.6176 60.1041 76.3497 67.4214 77.5441 38.8346 62.7271 19.3794 68.203 45.2991 77.6804 70.3077 19.6352 11.7201 48.8337 59.7814 91.9472 42.662 40.096 22.2946 77.5021 58.2507 40.1299 101.706 13.8452 23.4798 28.5012 47.5943 80.0625 33.2826 72.0642 37.9269 57.3569 20.573 73.507 26.7978 71.7696 52.509 87.5939 19.8295 62.2113 83.7558 15.8398 67.537 50.9338 69.6208 53.2541 77.9976 63.3167 22.7741 68.0077 58.7986 11.7047 32.1174 54.467 73.155 80.2309 3.28024 69.7786 73.2823 40.4447 45.511 59.1143 
33.8479 22.3511 53.1008 61.9487 84.5568 41.7757 57.413 48.8035 37.8942 102.868 23.1664 106.621 55.5237 95.7427 30.0375 72.9583 67.0814 83.6059 23.7036 55.8628 41.653 69.1274 21.5058 79.1768 38.497 58.8401 69.527 63.3998 32.6939 16.5529 86.9975 38.9659 58.8344 21.2144 59.9204 81.5873 57.7027 60.4015 63.529 46.1112 33.1038 100.8 33.1724 39.4975 59.4792 64.5864 57.4808 22.8219 91.1454 40.3764 84.5687 28.6007 46.993 55.0619 67.7366 80.1974 70.112 21.009 41.3586 35.8833 45.6213 79.9181 82.1035 93.3756 49.8515 81.5457 42.8339 55.9473 38.1602 11.9 
43.1393 18.0069 61.7518 69.7269 88.927 41.6203 67.0773 57.9118 41.1024 111.152 18.1571 115.137 63.9515 104.732 39.0565 79.0974 75.559 89.5559 15.9731 64.3442 50.6222 77.3997 21.3883 81.7296 45.6581 67.3181 79.1154 66.4007 35.6742 24.5349 88.828 48.6467 68.377 30.8235 67.6737 86.8763 66.6888 64.1363 72.4311 51.0784 42.6804 109.192 42.3232 39.0621 66.5706 65.2435 67.1059 21.6481 97.1136 50.0073 92.061 33.3808 49.0251 61.665 71.355 87.7798 79.6684 11.3217 45.412 45.3296 54.3104 88.4372 88.5624 100.149 59.4462 88.425 42.7329 64.2385 44.8116 4.62277 
