45 90 12
777 335 649 27 763 426 211 429 862 135 22 167 11 373 784 324 413 980 862 281 84 505 313 895 814 364 87 178 403 399 676 12 94 570 467 902 652 280 865 619 31 771 709 856 586 683 528 829 270 715 796 245 921 488 841 500 124 856 227 936 437 407 858 237 818 11 776 763 606 818 369 996 470 499 644 139 669 464 355 611 299 568 311 801 878 736 522 416 924 624 
6 0.36 4.52 8.99 3.79 5.5 4.68 0.71 9.73 1.31 8.81 9.3 
1 3 11 9 2 2 10 6 9 6 4 9 6 9 1 7 7 11 11 10 10 1 4 2 2 2 2 2 3 7 11 8 4 4 5 1 6 10 8 0 4 6 1 1 6 
5587.46 1346.48 5350.59 5590.47 6346.79 1241.93 7259.89 5341.58 1715.93 9726.72 1462.5 10238.1 5409.41 9548.11 5392.68 5838.6 6475.65 6776.32 2218.4 7981.68 6458.68 6530.43 840.536 5372.76 3325.19 5734.15 8557.46 3935.12 1304.3 2605.48 6012.02 5318.99 6720.86 3798.03 5395.59 6346.79 6009.6 3846.1 6462.39 2977.94 4592.13 9595.3 4132.72 986.813 5018.55 3610.5 6759.59 755.844 7508.41 5281.86 7536.82 1760.82 2144.41 4403.2 4511.36 7169.55 8662.66 3276.11 2266.32 5651.92 4746.84 7692.73 6833.16 8044.64 6722.87 6960.21 1353.4 5359 3063.41 2499.04 7665.12 2580.27 5760.11 7310.41 1382.35 3412.35 1395.56 8205.29 7135.95 3247.21 3197 5576.71 6029.59 1004.04 2432.88 6800.89 4512.83 4316.77 7322.21 6508.86 
2070.77 7402.7 5235.36 6576.06 10445.9 8503 2464.83 4471.66 7370.82 9171.54 7516.26 9228.35 5596.97 7682.14 2304.95 8528.38 6219.14 9481.71 7646.65 326.497 1198.83 6575.78 6943.44 10804.7 5803.32 5722.18 2787.42 9316.15 7103.03 5057.99 11770.9 2951.69 3959.22 3875.51 6471.74 9711.13 5030.36 8790.05 5469.63 7269.59 3486.9 8877.95 4161.25 8374.84 6951.17 10209.7 3575.6 7166.48 10088.9 3210.76 8438.63 6374.52 8363.67 6993.85 9414 8023.37 2726.06 7150.25 7321.45 2060.1 4890.7 7065.95 9028.98 9719.67 1914.16 8687.26 8577.56 5757.33 6063.37 6456.08 3014.8 7208.47 2688.29 4912.61 6275.87 6160.01 7797.76 4543.24 4740.04 8756.22 4498.2 2756.1 5765.08 7174.24 5257.8 6694.45 4313.35 3811.63 7277.49 10180.4 
6173.31 1847.08 7682.38 8288.75 9505.98 4248.07 8536.42 7403.03 4794.13 12481.2 1706.99 12930.4 7852.5 12012.6 5763.9 8887.08 9003.79 9870.79 948.472 8268.28 6918.36 9141.61 2745.91 8464.9 5854.84 8193.08 9756.49 7084.02 4288.23 4013.1 9012.75 6654.2 8555.87 4855.36 8083.35 9481.92 8240.93 7004.03 8788.77 5995.62 6016.94 12311.3 5881.16 3980.26 7850.08 6537.35 8461.41 2591.41 10614.4 6763.02 10423.2 4368.18 5296.83 7286.16 7669.32 10020.3 9815.65 866.487 5320.08 6388.75 6961.03 10284.4 9872.83 11072.9 7788.95 9942.23 4353.44 7853.15 5691.48 1654.12 9093.21 894.707 7058.61 9385.79 3239.32 6090.58 1780.25 10046.3 9179.9 6404.57 3962.79 6868.61 8477.65 3998.9 4057.91 9411.71 6446.65 5873.35 10006 9661.73 
4821.04 1613.35 4618.5 4972.93 6212.97 1707.42 6445.97 4563.18 1414.39 9150.42 1772.34 9637.56 4704.72 8872.22 4654.73 5450.47 5803.52 6444.36 2499.48 7218.26 5693.09 5885.75 693.542 5457.77 2617.06 5036.59 7743.54 3920.32 876.413 1834.12 6195.36 4506.28 5927 3020.02 4772.22 6090.85 5263 3714 5738.1 2560.31 3779.55 9002.54 3320.74 1523.06 4461.85 3926.17 5956.27 863.713 7192.36 4467.94 7022.04 1029.56 2194.95 3874.08 4427.2 6633.2 7848.93 3346.07 1903.39 4870.16 3985.6 7047.51 6435.29 7635.74 5913.62 6510.38 1804.05 4668.04 2385.37 2375.39 6852.92 2698.46 4947.18 6546.63 702.14 2762.21 1838.61 7417.8 6366.92 3201.27 2491.61 4764.28 5331.46 630.714 1641.58 6157.66 3713.83 3502.91 6708.66 6310.4 
2907.65 8307.16 5225.29 6514.38 10515.3 9162.73 2050.1 4510.1 7929.6 8594.56 8431.68 8577.98 5565.11 6990.12 3260.75 8516.74 5979.43 9396.73 8626.3 1025.91 2100.02 6339.75 7764.08 11062.8 6183.28 5621.81 1835.21 9648.16 7727.96 5819.97 12043.8 3309.05 3643.64 4629.22 6443.8 9712.24 4874.83 9096.96 5212.54 7649.58 3972.83 8292.92 4604.31 9061.48 6999.52 10683.2 3264.66 7998.82 9945.42 3493.61 8147.11 6994.63 8886.09 7147.09 9668.32 7760.89 1731.04 8212.69 7804.67 2781.89 5041.77 6644.47 8897.56 9458.38 1931.04 8508.69 9227.66 5733.85 6472 7453.25 2402.77 8220.49 2931.38 4447.92 7062.08 6498.2 8703.34 3842.2 4312.37 9147.49 5360.35 3064.38 5603.94 7837.51 5989.76 6413.55 4602.18 4294.46 6936.81 10199.3 
6225.09 9464.51 3380.95 3377.17 6679.8 8654.27 4056.6 3635.73 7233.98 2757.72 9630.52 2722.44 3300.56 1186.8 6699.33 4747.35 2329.4 5073.12 10219.9 6616.13 6253.53 2430.33 8555.5 8026.11 5385.43 2982.03 4120.45 7268.23 7450.85 7020.58 8930.31 4897.52 2840.42 6434.67 3520.57 5712.6 2781.96 6731.31 2258.43 6138.74 5273.11 2452.31 5194.55 8730.28 4132.05 8816.56 3144.53 8792.23 5278.28 4648.44 3194.01 6968.54 7700.42 4726.12 6891.62 3039.16 4269.38 10523.8 6760.78 5901.88 4069.71 1579.91 4472.82 4398.2 4775.04 3964.15 8649.03 3361.68 5648.41 9432.03 3507.71 10133.2 4690.51 1797.25 7883.96 5322.23 9776.58 2020.1 2016.38 7200.44 7263.53 4815.78 2688.12 7728.53 6964.4 2219.03 4597.78 5297.03 2143.08 6189.45 
5922 4767.07 3197.81 2633.72 3170.57 2923.35 6258.95 3692.38 1825.38 6404.7 4914.28 6972.27 3017.96 6586.14 6033.39 2308.53 3690.49 3258.67 5665.62 8053.55 6671.15 3592.34 3883.98 3056.68 1973.96 3222.62 7421.3 1592.98 2325.51 3794.38 4016.96 4812.74 5038.49 4433.8 2500.08 2910.84 3848.96 1039.66 4032.73 681.836 4291.21 6319.26 3614 3090.79 1884.09 2895.88 5270 4021.26 4002.62 4583.45 4121.47 2451.22 1785.19 1290.35 1682.38 3808.48 7569.97 6528.56 1292.52 5788.35 3068.04 4670.51 3303.41 4515.86 6127.72 3461.57 2880.02 2879.04 1768.76 5505.63 6375.58 5890.42 5140.9 5138.06 3599.24 1596.15 4909.18 6244.68 5043.11 1232.23 4562.32 5031.71 3470.62 2613.75 3547.46 3831.15 3465.54 3977.25 4189.61 3174.98 
9553.27 6863.21 6713.61 5746.74 2506.39 4331.15 9896.15 7309.06 4501.61 8139.83 6950.35 8788.22 6454.84 9022.86 9615.45 4092.46 6743.96 4103.12 7662.61 11734.9 10330.9 6506.32 6284.78 808.084 5631.7 6562.7 11004.1 2120.02 4994.33 7069.89 471.699 8497.34 8564.7 7943.26 5704.78 3351.49 7289.62 2646.43 7307.91 4178.25 7955.5 8190.61 7277.7 4600.88 5032.27 2011.02 8839.56 6283.71 4418.52 8269.37 5974.78 5536.15 3555.78 4681.29 2102.97 5922.77 11159.1 8802.75 4297.73 9442.17 6716.78 7276.59 4622.12 5465.94 9808.14 5092.74 4220.76 6292.22 5386 8027.61 9952.01 8102.23 8826.32 8448.06 6393.9 5273.71 6792.39 9584.05 8403.1 2747.82 7864.08 8717.63 6741.22 5136.93 6809.95 6659.8 7151.4 7635.72 6712.06 3023.67 
7993.61 6342.53 4846.33 3817.25 1369.53 3990.25 8070.35 5487.15 3519.62 6428.32 6465.74 7066.14 4566.16 7157.49 8122.96 2198.23 4805.85 2462.6 7222.44 10054.3 8717.32 4568.26 5573.15 1150.04 4052.55 4651.3 9134.6 1100.59 4062.62 5845.08 2124.55 6812.81 6682.43 6531.04 3785.3 1753.54 5391.57 1220 5380.93 2733.39 6343.15 6442.4 5671.34 4240.11 3120.21 2445.61 6974.2 5648.31 2993.48 6560.37 4170.8 4402.39 2865.03 2835.51 496.488 4062.41 9292.52 8233.03 3122.71 7843.98 4933.15 5366.56 2879.03 3909.23 8052.56 3299.7 3899.79 4400 3864.32 7298.5 8083.72 7553.58 7104.36 6519.59 5462.34 3658.31 6384.77 7655.36 6481.24 1756.84 6626.89 7014.68 4817.73 4294.09 5591.3 4725.27 5451.17 6037.57 4805.38 1668.83 
6918.76 3820.27 5073.47 4686.75 4042.5 1338.1 7849.85 5416.51 1579.53 8382.85 3922.55 8971.57 4959.56 8645.89 6886.25 4102.39 5735.4 4830.76 4661.35 9247.41 7758.18 5651.34 3196.4 2895.58 3327.37 5204.65 9091.64 1572.8 1984.57 4155.24 3548.65 6134.25 6835.18 5174.87 4542.74 4254.66 5755.87 1717.03 6016.99 2005.69 5479.95 8319.41 4837.41 1600.78 3944.38 1316.05 7008.34 3204 5494.59 5974.76 6069.42 2633.1 565.862 3336.36 2213.26 5799.4 9227.75 5756.34 1642.47 6872.36 4757.58 6730.9 5052.23 6235.01 7551.59 5320.17 1239.76 4839.94 3015.82 4942.4 8076.24 5058.9 6530.93 7083.08 3334.58 3112.2 3799.54 8154.29 6965.09 1048.09 4932.35 6383.51 5470.91 2077.93 3901.28 5892.27 4919.81 5154.61 6242.92 4301.16 
3099.19 7549.87 2714.5 3875.69 7926.69 7633.33 770 2165.18 6234.91 5940.24 7703.88 6009.13 3000.83 4492.22 3600.01 5880.02 3224.44 6692.83 8126.82 3370.06 2973.97 3582.65 6776.25 8691.66 4255.54 2977.41 1578.67 7424.18 6205.49 4883.3 9676.78 2116.98 908.02 3913.89 3841.94 7070.25 2211.65 6849.96 2460.08 5599.23 2769.91 5646.85 3094.14 7605.85 4463.87 8680.2 586.003 7028.02 7205.28 2020.32 5369.58 5525.23 7053.65 4744.35 7322.74 4988.39 1734.04 8112.63 5952.02 2779.37 2815.39 3880.62 6169.67 6683.03 1480.71 5760.14 7670.96 3169.86 4572.99 7115.12 526.972 7884.09 1736.66 1693.58 6036.19 4454.66 7922.46 1476.11 1540.42 7043.76 4806.88 1918.59 2905.05 6402.81 4941.28 3641.57 2739.95 2970.69 4158.14 7567.26 
6776.32 8216.63 2863.98 1741.52 3848.6 6760.18 5509.74 3584.31 5489.23 2565.5 8379.22 3117.13 2525.17 2946.13 7140.77 2013.58 1613.72 2241.9 9077.27 8033.38 7156.72 1263.21 7276.41 5280.5 4156.21 2261.35 6143.69 4765.92 5866.69 6286.18 6145.86 5299.67 3917.6 6192.2 1944.94 2880.87 2826.39 4297.45 2363.49 4235.15 5293.17 2464.35 4870.83 6904.56 2153.37 6362.84 4302.15 7474.68 2537.12 4990.27 611.31 5623.46 5640.75 2766.26 4283.78 220.227 6309.68 9684.07 4945.81 6496.48 3542.56 1260.52 1642.1 1903.73 5916.84 1138.11 6724.77 2427.2 4293.17 8577.02 5212.95 9151.01 5331.35 3190.75 6747.75 3892.83 8448.08 4180.19 3279.18 4879.22 6809.7 5360.46 2120.38 6170.1 6132.09 1142.85 4297.91 5144.37 722.496 3354.18 
7099.41 6724.23 3495.67 2277.98 1794.94 4758.96 6731.46 4222.35 3781.55 4843.73 6871.54 5464.52 3164.43 5454.85 7320.69 506.36 3176.16 1301.77 7622.66 8933.02 7723.24 2906.89 5836.18 2821.77 3390.37 3168.34 7693.32 2318.21 4281.18 5517.25 3746.21 5762.38 5241.38 5909.53 2302.02 1098.95 3933.14 1938.71 3818.72 2589.36 5432.66 4824.74 4808.29 4959.04 1723.63 3910.04 5569.09 5977.73 2050 5476.91 2534.92 4338.66 3565.19 1759.35 1783.62 2373.56 7856.04 8466.94 3249.02 6897.05 3782.2 3655.71 1414 2611.38 6844.51 1710.26 4696.91 2994.29 3330.17 7424.37 6655.86 7838.5 5979.45 4938.34 5509.86 2990.15 6863.59 6065.65 4926.47 2593.32 6229.84 5925.67 3281.23 4570.89 5291.99 3041.71 4436.77 5166.12 3094.01 1524.34 
6108.16 4669.53 3483.23 2921.71 3138.44 2712.8 6520.56 3962.95 1724.09 6641.72 4812.03 7216.88 3308.41 6860.69 6200.59 2474.91 3980.05 3375.35 5568.21 8271.79 6872.21 3876.75 3809.7 2867.75 2170.02 3515.11 7692.75 1350.59 2248.76 3869.99 3811.89 5037 5319.45 4573.89 2790.65 2969.33 4137.83 830.06 4325.39 758.947 4494.2 6563.85 3816.19 2895.19 2168.34 2605 5545.63 3931.46 4107.42 4815.82 4345.78 2462.03 1546.93 1581.55 1527.65 4047.34 7840.31 6470.13 1227.23 5985.59 3331.7 4946.05 3465.86 4677.32 6369.65 3656.04 2662.22 3170.52 1937.94 5469.49 6648.92 5819.29 5375.52 5429.77 3578.97 1811.57 4790.38 6534.99 5333.68 941.116 4649.91 5260.95 3763.36 2523.85 3617.57 4113 3699.69 4176.12 4458.22 3191.8 
1444.75 6605.12 3522.64 4862.15 8756.85 7266.93 1173.8 2761.76 6010.41 7634.97 6742.14 7754.41 3883.46 6272.71 1937.94 6820.3 4529.91 7768.04 7030.77 1963.52 1172.01 4883.37 5978.14 9194.72 4266.2 4009.6 2229.46 7750.21 5825.07 4012.99 10170.6 1384.52 2347.98 2850.12 4759.43 8006.25 3328.26 7206.42 3792.69 5735.69 2057.3 7350.7 2679.78 7176.96 5250.9 8759.39 1982.95 6221.13 8375.58 1583.98 6753.7 5093.38 6962.08 5325.41 7799.76 6331.67 2277.41 6800.77 5879.86 1170.47 3211.74 5446.7 7315.5 8023.09 328.024 6977.86 7328.23 4044.47 4551.1 5911.43 1824.55 6692.14 1026.5 3367.86 5254.76 4591.52 6997.79 3265.85 3173.45 7233.55 3671.1 1143.37 4059.98 5948.29 4156.4 5014.99 2701.3 2375.31 5616.49 8479.23 
3384.79 2235.11 5310.08 6194.87 8455.68 4177.57 5741.3 4880.35 3789.42 10286.8 2316.64 10662.1 5552.37 9574.27 3003.75 7295.83 6708.14 8360.59 2370.36 5586.28 4165.3 6912.74 2150.58 7917.68 3849.7 5884.01 6952.7 6339.98 3269.39 1655.29 8699.75 3896.59 5883.44 2121.44 5992.04 8158.73 5770.27 6040.15 6352.9 4611.12 3310.38 10080 3317.24 3949.75 5947.92 6458.64 5748.08 2282.19 9114.54 4037.64 8456.87 2860.07 4699.3 5506.19 6773.66 8019.74 7011.2 2100.9 4135.86 3588.33 4562.13 7991.81 8210.35 9337.56 4985.15 8154.57 4283.39 5594.73 3816.02 1190 6311.14 1964.31 4284.04 6788.52 1861.24 4199.55 2611.76 7344.15 6574.08 5621.61 1248.08 4096.93 6143.98 3119.65 1840.54 7170.16 3924.45 3224.16 7810.49 8461.8 
4313.93 1800.69 6175.18 6972.69 8892.7 4162.03 6707.73 5791.18 4110.24 11115.2 1815.71 11513.7 6395.15 10473.2 3905.65 7909.74 7555.9 8955.59 1597.31 6434.42 5062.22 7739.97 2138.83 8172.96 4565.81 6731.81 7911.54 6640.07 3567.42 2453.49 8882.8 4864.67 6837.7 3082.35 6767.37 8687.63 6668.88 6413.63 7243.11 5107.84 4268.04 10919.2 4232.32 3906.21 6657.06 6524.35 6710.59 2164.81 9711.36 5000.73 9206.1 3338.08 4902.51 6166.5 7135.5 8777.98 7966.84 1132.17 4541.2 4532.96 5431.04 8843.72 8856.24 10014.9 5944.62 8842.5 4273.29 6423.85 4481.16 462.277 7280.06 1084.67 5253.36 7725.83 2185.09 4879.2 2101.55 8305.69 7513.22 5920.41 2196.93 5066.16 7001.18 3350.01 2580.7 8002.72 4829.96 4165.81 8631.14 8950.75 
7325.63 6027.64 4140.74 3140.25 1696.64 3823.41 7363.1 4780.06 3116.62 6038.58 6161.59 6662.51 3864.3 6630.01 7470.86 1706.58 4150.47 2254.11 6921.17 9359.75 8036.22 3931.26 5204.63 1841.74 3400.26 3958.28 8430.47 1136.35 3655.48 5287.65 2824.06 6121.19 5980.01 5908 3097.43 1672.63 4692.97 890.505 4700.32 2165.92 5667.68 6024.16 4999.85 4052.22 2426.71 2714.48 6269.07 5306.34 2906.63 5864.89 3734.51 3904.15 2638.37 2128.4 590 3567.21 8588 7872.5 2657.31 7167.71 4229.16 4793.1 2545.78 3683.76 7349.32 2897.48 3746.06 3699 3233.64 6893.48 7379.22 7208.78 6406.14 5840.62 5014.96 2999.23 6110.36 6976.57 5795.73 1555.67 6057.14 6319.56 4133.53 3913.49 5039.25 4104.44 4759.46 5366.56 4240.62 1793.88 
2527.71 7884.83 5456.74 6784.73 10710.9 8940.43 2489.74 4705.45 7781.65 9173.97 7999.78 9196.14 5812.34 7626.85 2786.86 8761.08 6357.84 9689.3 8136.07 233.238 1658.49 6717.39 7412.43 11133.1 6159.1 5912.61 2573.03 9665.55 7530.23 5512.72 12105 3279.47 4051.91 4324.84 6692.47 9950.73 5195.7 9130.85 5597.72 7629.69 3861.67 8876.14 4528.16 8818.27 7201.18 10601.5 3665.53 7637.7 10275.4 3517.1 8563.44 6799.15 8766.44 7280.45 9739.26 8158.93 2487.09 7640.06 7711.67 2486.97 5167.33 7132.78 9218.16 9859.26 2090.6 8857.57 9012.82 5976.6 6428.72 6946.22 2968.16 7699.21 2972.49 4951.01 6737.69 6504.16 8280.22 4472 4793.1 9122.57 4971.12 3064.2 5932.49 7610.79 5706.46 6818.51 4632.49 4188.09 7379.02 10427.1 
8524.16 5690.22 5974.78 5177.31 2830.64 3160.57 9064.48 6498.87 3356.78 8123.16 5780.7 8758.25 5758.06 8780.14 8555.85 3838.81 6223.67 4158.43 6499.98 10763.3 9325.37 6034.84 5103.93 1181.91 4661.38 5915.31 10226.5 1234.83 3834.37 5943.58 1644.38 7549.36 7827.39 6864.42 5098.16 3433.51 6598.73 1811.77 6701.08 3190 6967.24 8129.81 6293.82 3430.71 4422.33 935.361 8070.94 5103.58 4646.65 7341.39 5848.29 4405.05 2387.57 3965.48 1560.51 5708.42 10375.9 7630.24 3203.4 8433.56 5874.29 6938.77 4577.39 5600.45 8904.98 4986.23 3051.05 5605.51 4391.41 6846.9 9179.11 6930.06 7903.02 7835.34 5224.03 4334.29 5630.28 8963.08 7764.14 1698 6735.13 7780.83 6128.65 3965.61 5684.34 6224.48 6230.41 6642.9 6389.05 3260.87 
5030.86 7582.38 1513.44 1557.56 5392.68 6725.96 3535.66 1975.9 5302.12 3599.4 7748.78 3891.66 1377.53 2818.12 5446.4 3332.09 528.394 3988.41 8363.6 6081.13 5302.24 834.506 6661.97 6478.64 3466.55 1051.09 4199.9 5521.97 5520.01 5235.34 7432.8 3570.01 1948.05 4817.69 1659.79 4467.94 1073.31 4961.79 481.041 4227.34 3743.39 3354.18 3504.07 6798.57 2320.19 7017.95 2334.18 6894.2 4437.17 3273.3 2570.02 5053.71 5796.15 2865.05 5227.32 2185.63 4366.34 8748.18 4834.26 4728.48 2249.31 1277.58 3430.01 3880.27 3984.53 2988.14 6722.87 1429.48 3721.56 7642.68 3242.61 8314.72 3513.32 1274.05 6010.41 3390.01 7882.42 2372.45 1323.06 5371.49 5578.83 3577.37 756.108 5799.67 5149.95 840.952 2890.07 3684.56 1386.11 4969.71 
8391.74 7641.37 4753.95 3478 650 5436.47 7967.86 5494.84 4711.9 5072.85 7777.69 5721.97 4410.82 6056.15 8607.59 1471.22 4254.66 1042.35 8536.96 10214.4 9016.13 3940.98 6802.07 2304.97 4634.92 4378 8877.64 2618.17 5243.7 6703.29 3029.52 7054.57 6443.76 7168 3533.44 317.805 5142.3 2509.28 4957.67 3648.03 6724.02 5131.65 6094.93 5670.08 3000.83 4018.82 6786.17 6913.65 1426.67 6767.72 2971.95 5420.38 4258.46 3043.85 1967.03 3004.68 9042.21 9466.07 4223.96 8190.54 5072.41 4450.67 1603.28 2413.5 8116.07 2104.4 5355.64 4242.13 4543.18 8464.63 7853.79 8810.55 7265.79 6038.58 6565.4 4228.96 7731.62 7141.9 6053.25 3161.83 7440.43 7215.35 4453.58 5512.18 6467.43 4016.48 5730.27 6454.46 3890.76 230.868 
6266.71 1337.54 6130.22 6322.19 6747.54 1397.86 8025.56 6130.59 2372 10425.1 1369.27 10949.9 6179.78 10301.2 6038.29 6433.51 7230.86 7324.46 2016.36 8649.74 7133.71 7272.7 1382.93 5599.37 4101.57 6501.3 9322.69 4286.16 2039.61 3313.08 6133.06 6077.05 7509.41 4501.31 6130.91 6843 6792.83 4292.98 7238.49 3634.18 5350.45 10303.6 4910.09 1142.37 5721.77 3660.67 7545.28 1174.78 8039.71 6050.72 8203.37 2547.88 2543.95 5096.45 4903.06 7850.64 9425.01 3202.95 2918.94 6351.52 5533.9 8432.94 7427.01 8639.32 7468.67 7588 1496.16 6124.26 3831.93 2669.23 8441.52 2510.98 6518.78 8097.19 2069.03 4169.09 1154.12 8994.44 7923.7 3649.66 3831.92 6333.38 6796.5 1753.08 3163.62 7541.84 5300 5082.76 8046.71 6959.35 
5563.86 5005.64 2618.59 2052.92 3324.17 3385.65 5730.71 3149.17 2137.15 5942.46 5160.47 6491.11 2426.21 6035.11 5716.4 2066.71 3103.63 3102.21 5896.65 7618.04 6276.94 3020.02 4088.73 3492.06 1656.77 2626.12 6869.85 2130.02 2572.35 3699.15 4470.73 4374.53 4467.68 4189.22 1911.28 2889.98 3260.57 1556.18 3435.94 870.46 3905.91 5839.59 3237.84 3526.02 1319.39 3490.57 4711.23 4253.53 3857.98 4127.69 3700.28 2527.71 2306.45 702.567 2096.9 3353.94 7020.84 6677.76 1586.19 5406.26 2545.68 4119.58 3041.33 4238.35 5644.15 3120.46 3354.77 2284.84 1534.7 5617.7 5820.81 6068.67 4677.23 4543.01 3704.17 1250 5186.93 5652.42 4450.48 1827.84 4430.1 4580.88 2873.92 2874.46 3468.73 3265.35 3014 3604.57 3657.57 3232.23 
2599.46 6347.16 1716.77 3035.92 7003.16 6349.24 1592.01 1004.49 4953.68 5994.21 6504.95 6197.76 2066.2 4847.37 3045.08 5020.04 2704.74 5940.79 6970.93 3786.52 2850.63 3052.87 5541.93 7600.13 2985.2 2169.33 2786.32 6257.61 4921.96 3700 8585.39 1206.73 908.02 2857.01 2947.35 6213.32 1490.91 5690.08 1994.24 4364.81 1667.39 5726.89 1853.35 6322.29 3486.73 7450.58 815.843 5793.51 6536.49 968.762 4927.09 4245.7 5787.31 3655.91 6212.64 4499 2925.76 7061.4 4683.34 2287.29 1600.31 3718.41 5477.1 6184.96 1658.46 5134.69 6387.19 2232.35 3301.51 6019.78 1776.09 6772.39 1059.91 1896.21 4805.77 3207.9 6710.75 2381.03 1676.1 5833.43 3737.29 1147.69 2218.22 5121.97 3730.2 3200.56 1456.74 1793.88 3823.78 6695.73 
5432.81 817.863 5576.6 5922.25 6862.8 1752.51 7263.64 5497.42 2166.68 10089.3 942.444 10584.6 5666.34 9833.58 5195.82 6289.24 6764.16 7247.54 1701.88 7810.72 6297.56 6842.29 544.059 5904.25 3578.83 5998.35 8558 4461.71 1695.32 2503.8 6538.85 5306.37 6838.95 3682.46 5722.95 6838.6 6216.12 4357.84 6697.22 3406.49 4582.79 9946.94 4187.28 1488.52 5388.89 4124.78 6848.08 330.151 7985.37 5300.24 7933.85 1991.23 2671.1 4787.54 5031.71 7554.5 8655.04 2744.67 2707.56 5526.35 4933.56 8004.65 7281.76 8490.38 6678.09 7387.83 1864.3 5629.71 3344.4 1996.12 7704.06 2048.83 5747.83 7489.69 1265.7 3716.56 920.054 8337.25 7306.41 3769.1 2990 5559.8 6293.21 1393.13 2376.09 7114.06 4622.61 4330.29 7658.2 7013.72 
4102.35 7732.96 1985.95 2821.44 6828.07 7361.74 2127.63 1831.2 5920.3 4618.85 7895.6 4737.6 2140.86 3300.44 4575.87 4761.14 1983.46 5480.74 8417.58 4724.24 4171.64 2326.22 6872.85 7777.46 3925.62 1985.67 2696.02 6659.04 6010.02 5151.9 8751.34 2791.22 716.938 4418.62 2843.45 5926.63 1309.69 6083.46 1269.05 5053.72 3233.03 4331.95 3278.44 7382.53 3514.11 8050.77 1041.2 7120.57 5941.33 2560.08 4038.87 5412.25 6600.49 3927.47 6458.27 3676.42 2862.45 8593.86 5539.84 3779.55 2435.02 2518.83 4930.16 5357.7 2727.38 4492.27 7380.17 2288.17 4232.32 7529.28 1753.28 8264.25 2567.43 347.131 6157.31 4004.51 8076.76 1094.9 183.848 6387.27 5282.42 2696.16 1813.95 6252.69 5140.79 2341.82 2737.15 3308.79 2814.6 6428.48 
3511.42 7371.43 1981.16 3048.03 7098.2 7181.71 1593.55 1596.15 5752.65 5211.45 7531.54 5338.02 2224.43 3896.06 3989.84 5042.55 2361.29 5836 8020.43 4168.29 3571.44 2719.36 6539.67 7929.39 3747.33 2158.08 2368.9 6721.8 5790.08 4746.5 8911.62 2241.54 177.2 3933.14 3030.41 6228.32 1399.46 6144.99 1597.78 4991.68 2743.45 4926.66 2877.85 7181.36 3673.25 8044.63 441.475 6790.03 6342.55 2034.94 4514.26 5153.3 6501.3 4006.49 6577.49 4128.26 2532.07 8135.48 5415.31 3187.79 2250.09 3065.89 5308.72 5824.95 2135.88 4896.99 7208.78 2388.91 4062.82 7088.65 1342.01 7836.84 1986.68 946.414 5811.24 3885.06 7726.9 1328.53 749.667 6389.95 4812.26 2125.58 2060.15 6014.79 4759.25 2780.95 2392.7 2857.71 3311.46 6727.15 
1610.12 5822.04 2451.53 3796.38 7604.24 6204.55 1640.49 1680.74 4896.12 6982.79 5971.17 7189.25 2818.24 5826.19 2054.12 5705.76 3626.09 6685.66 6358.31 3118.53 1954.74 3961.02 5100.09 8006.9 3090.06 2996.08 2935.52 6562.93 4756.13 3157.67 8982.2 327.567 1828 2125.51 3673.15 6880.77 2407.51 6017.98 2952.64 4555.8 1040.43 6717.04 1558.01 6136.01 4117.79 7596.82 1592.26 5350 7322.96 400 5830.14 4034.41 5822.89 4154.15 6612.11 5391.82 3036.91 6317.51 4730.01 1302.69 2048.83 4695.88 6263.9 7054.71 1179.92 5961.42 6258.38 2968.92 3381.79 5325.41 2126.03 6097.43 162.788 2863.09 4360.56 3406.54 6203.55 3172 2644.73 6053.76 3016.82 156.525 3100.26 4907.19 3250.06 4131.65 1513.27 1312.14 4770.66 7345.07 
10729.6 7929.45 7796.2 6756.43 3089.35 5402.96 11006.9 8419.29 5671.16 8732.75 8006.43 9382.54 7520.01 9782.27 10796.1 4964.73 7713.6 4760.18 8698.3 12895.9 11502 7450.59 7399.52 1821.24 6800.18 7602.82 12086.8 3295.15 6154.97 8247.11 835.464 9654.54 9636.12 9125.27 6734.06 4038.54 8345.5 3805.96 8320.05 5353.74 9124.37 8819.17 8446.36 5669.73 6072.97 3033.89 9924.84 7383.18 4912.29 9420.68 6698.81 6711.46 4708.64 5773.61 3210.55 6711.61 12244.2 9862.5 5478.78 10614.5 7842.53 8125.25 5330 5995.21 10948.1 5828.18 5291.32 7354.05 6559.86 9130.81 11035.5 9162.41 9975.07 9454.72 7544.04 6435.97 7830.22 10588.6 9424.53 3929.83 9040.8 9870.99 7761.7 6285.36 7987.27 7580.09 8302.92 8806 7559.5 3616.81 
7244.07 5401.07 4411.92 3592.01 2281.16 3097.39 7554.99 4972.29 2573.29 6780.5 5526.67 7396.87 4181.69 7283.3 7337.71 2438.22 4642.47 3036 6284.66 9388.98 8002.5 4464.67 4624.55 1730.46 3300.8 4330.42 8686.8 391.152 3115.8 4952.63 2682.13 6147.82 6267.52 5704.24 3510.7 2433.11 5022.6 308.707 5113.83 1887.88 5622.96 6753.37 4945.18 3337.66 2835.21 1987.59 6524.58 4701.97 3677.93 5916.3 4465.61 3480.53 1939.41 2388.14 452.769 4265.69 8839.15 7285.75 2195.45 7117.67 4368.67 5410.04 3318.57 4465.56 7453.56 3649.4 3013.59 4026.47 3075.08 6349.82 7636.14 6607.87 6472.44 6248.88 4520.1 2930.27 5453.38 7377.87 6180.13 827.647 5741.38 6365.57 4541.39 3345.22 4695.88 4663.74 4798.27 5306.99 4872.31 2488.88 
7850.16 5419.12 5210.23 4421.43 2530.14 2949.59 8312.91 5741.67 2832.83 7509.15 5526.75 8135.48 4992.49 8084.18 7905.3 3181.48 5472.2 3631.42 6270.25 10057.2 8636.69 5292.35 4740.17 1311.87 3948.72 5151.02 9467.17 469.574 3347.91 5372.17 2115.4 6830.67 7063.55 6231.54 4338.03 2948.98 5833.16 1046.52 5938.79 2482.78 6267.18 7498.35 5590.72 3213.61 3663.51 1258.01 7309.73 4774.62 4196.49 6614.63 5208.99 3845.75 1960.41 3200.02 901.388 5038.29 9617.36 7347.92 2591.24 7746.23 5121.91 6223.21 3991.64 5080.36 8171.1 4366.1 2848.86 4840.04 3691.31 6490.77 8418.87 6653.82 7175.1 7071.87 4764.28 3606.94 5410.89 8198.74 6999.38 1037.55 6166.95 7057.83 5366.46 3522.78 5112.2 5488.62 5499.79 5945.03 5680.08 2874.33 
3902.95 8020.75 2590.46 3534.54 7554.5 7849.69 1598.41 2263.18 6418.73 5123.52 8179.84 5168.71 2795.17 3640.05 4398.19 5488.04 2713.12 6209.67 8654.66 4179.39 3824.72 3054.08 7198.03 8474.96 4413.12 2676.75 1975.9 7316.86 6460.19 5382.43 9452.31 2769.04 842.912 4519.57 3544.93 6655.86 1954.33 6740.03 1994.49 5634.13 3336.23 4826.48 3523.31 7850.92 4208.34 8670.97 891.852 7448.83 6662.74 2602.25 4733.96 5823.07 7155.42 4588.78 7142.02 4384.75 2142.17 8731.83 6074.08 3579.51 2913.49 3159.3 5656.75 6054 2333.35 5214.33 7875.89 2951.95 4727.81 7699.54 1098.95 8454.99 2449.9 979.898 6466.96 4540.7 8379.7 704.911 906.035 7011.45 5407.41 2613.24 2526.92 6685.06 5405.2 3060.23 3056.35 3478.07 3502.01 7157.61 
9142.54 5931.51 6714.3 5931.55 3363.41 3416.34 9777.54 7222.67 3874.87 8808.77 6004.21 9448.39 6503.85 9513.03 9148.66 4560.54 6977.89 4807.13 6690.24 11414.9 9958.63 6787.61 5442.29 1582.94 5334.05 6665.71 10952.3 1981.57 4308.9 6468.11 1573.09 8220.59 8564.17 7444.57 5851.58 4066.05 7344.01 2557.05 7453.49 3867 7618.3 8826.32 6950.14 3679.67 5176.1 1048.09 8801.35 5409.37 5241.14 8022.68 6553.97 4934.26 2865.75 4712.96 2301.52 6431.12 11100.3 7859.8 3798.63 9066.97 6591.18 7681.96 5257.54 6233.62 9593.27 5683.92 3304.56 6352.68 5052.61 7155.49 9907.14 7160.45 8584.9 8586.76 5650.14 5024.03 5823.07 9713.34 8513.64 2370.02 7251 8456.84 6881.12 4398.74 6211.67 6975.45 6918.4 7292.41 7129.73 3836.47 
4240.05 4523.55 1813.97 2036.66 4616.86 3608 4580.93 2087.34 2165.66 6229.81 4688.8 6695.57 1804.99 5926.63 4399.33 3074.67 2854.12 4150.3 5361.73 6321.97 4958.68 2929.57 3584.22 4780.17 436.578 2118.96 5788.71 3317.6 2350.34 2637.35 5747.7 3079.38 3507.21 2923.44 1832.08 4084.18 2502.88 2773.63 2879.76 1359.56 2583.68 6067.53 1914.08 3654.71 1664.36 4445.31 3681.09 3800 4892.04 2849.86 4213.72 1932.15 2839.89 1255.75 3390.94 3792.23 5930.34 5947.25 1764.79 4084.47 1429.48 4090.99 3941.29 5051.82 4401.65 3868.36 3618.65 1740.4 572.014 4842.82 4760.01 5413.58 3408.37 3842.55 3014.4 230.217 4788.45 4864.86 3700.12 2837.34 3286.35 3297.57 2413.57 2631.54 2447.69 3201.56 1732.43 2280.79 3764.85 4475.09 
5928.81 603.075 6318.77 6672.81 7459.66 2168.43 7892.05 6217.86 2867.35 10836.1 576.888 11334.2 6414.27 10583.9 5646.46 6992.22 7515.13 7929.65 1191.05 8271.91 6779.21 7593.94 1176.86 6385.26 4328.07 6747.12 9180.09 5018.89 2425.47 3100 6946.06 5931.9 7539.56 4239.87 6473.83 7491.66 6952.55 4972.26 7440.39 4124.12 5215.99 10695.7 4864.58 1900.66 6132.67 4480.18 7533.02 926.499 8660.19 5947.81 8669.87 2741.17 3240.89 5526.85 5616.81 8294.83 9270.54 2376.93 3416.04 6051.78 5666.13 8756.31 7986.6 9197.72 7270.47 8108.08 2274.07 6379.42 4095.85 1927.2 8356.11 1688.34 6370.95 8215.72 1912.12 4468.13 327.567 9042.04 8029.35 4352.99 3469.83 6180.52 7041.77 2121.37 3009.58 7865.7 5326.1 4981.28 8408.67 7640.94 
1368.94 6731.55 4695.03 6041.26 9843.71 7798.11 2254.62 3924.41 6670.27 8874.82 6848.82 8977.9 5060.63 7472.04 1639.18 7961.16 5767.25 8938.11 7006.07 1030.78 497.695 6117.91 6251.35 10148.9 5133.52 5213.1 2903.31 8646.53 6398.76 4356.19 11110.3 2321.77 3595.18 3171.77 5924.36 9134.4 4557.06 8126.86 5037.24 6594.69 2810.44 8588.21 3487.76 7670.42 6371.22 9515.67 3224.9 6476.79 9566.4 2599.56 7991.16 5670.73 7665.62 6378.41 8761.74 7564.93 2881.41 6564.1 6629.22 1358.71 4293.93 6697.18 8506.2 9250.52 1528.95 8186.34 7872.65 5215.61 5386.58 5823.75 2875.71 6585.54 2112.49 4603.17 5577.9 5498.02 7127.33 4392.41 4413.76 8076.14 3810.84 2150.81 5282.47 6469.33 4554.12 6256.93 3678.98 3132.6 6863.85 9595.87 
4209.05 7685.95 1845.32 2621.01 6617.8 7247.98 2319.48 1768.53 5804.96 4460.52 7849.49 4601.14 1974.36 3198.89 4674.72 4550.7 1768.19 5264.99 8385.73 4910.44 4314.74 2110.09 6815.17 7582.54 3819.96 1800.25 2912.34 6481.79 5911.68 5129.38 8554.62 2860.86 835.225 4439.48 2649.68 5713.86 1158.49 5907.12 1062.12 4909.31 3261.49 4177.39 3261.93 7275.62 3323.16 7887.77 1192.18 7061.42 5725.12 2614.57 3827.44 5329.02 6463.44 3751.51 6269.99 3462.27 3078.77 8592.47 5412.08 3888.16 2343.61 2324.59 4713.9 5145.66 2888.91 4276.04 7263.64 2115.96 4122.44 7519.63 1964.69 8247.1 2665.58 248.395 6106.23 3880.01 8024.36 1252.84 50.9902 6223.89 5292.3 2783.54 1615.55 6160.07 5107.42 2126.15 2701.18 3316.22 2605.84 6215.79 
3646.64 8953.42 5056.93 6248.2 10298.8 9540.59 1844.91 4427.57 8224.75 7816.83 9088.81 7738.85 5360.78 6133.6 4073.44 8252.22 5560.76 9050.01 9355.14 2142.83 2958.8 5913.31 8327.03 11020.1 6347.68 5349.58 945.939 9693.94 8092.3 6361.16 12006 3619.64 3279.65 5201.28 6211.8 9441.53 4583.84 9126.37 4806.52 7775.78 4339.7 7511.6 4893.76 9468.16 6824.2 10855.6 2944.96 8570.88 9537.57 3719.74 7628.96 7368.72 9129.65 7067.71 9638.7 7276.28 790.759 9046.96 8027.98 3444.2 5035.89 6036.04 8514.99 8948.99 2195.38 8088.57 9594.88 5530.73 6654.92 8213.43 1875.23 8991.33 3187.63 3874.89 7600.59 6613.09 9346.79 3061.39 3784.19 9258.1 6011.63 3360.06 5274.1 8238.26 6497.26 5942.56 4749.58 4637.8 6396.69 9939.09 
7119.23 7173.46 3346.24 2034.16 2077.11 5306.65 6526.45 4104.68 4252.02 4229.76 7325.09 4850.77 2991.89 4876.43 7378 127.279 2795.17 980.204 8068.7 8828.44 7690.42 2490.18 6266.77 3353.6 3600.72 2931.65 7415.83 2932.05 4728.9 5782.34 4240.96 5728 4988.12 6061 2110.85 1174.44 3692.29 2540.24 3493.82 3015.73 5471.23 4211.71 4882.67 5496.23 1669.04 4523.91 5335.78 6422.6 1718.28 5431.03 1922.08 4712.39 4120.29 1919.09 2392.01 1780.45 7580.64 8864.54 3707.14 6895.43 3745.13 3120.83 868.332 2080.6 6713.16 1100.73 5249.76 2826.52 3592.02 7801.08 6395.32 8254.12 5903.66 4578.49 5889.24 3220.25 7334.06 5687.93 4590.04 3185.23 6458.77 5869.19 2993.88 5025.73 5571.09 2586.31 4450 5228.1 2554.94 1673.62 
5299.14 1651.48 6997.43 7696.66 9250.54 4183.87 7687.52 6666.94 4461.61 11874.8 1574.07 12299.7 7191.86 11319.9 4885.59 8457.19 8351.01 9474.24 976.166 7389.78 6039.02 8511.43 2372.45 8355.58 5261.61 7531.65 8896.57 6892.92 3927.8 3281.23 8983.21 5827.19 7768.58 4033.98 7490.5 9140.95 7526.2 6743.54 8088.1 5587.1 5210.23 11691.9 5122.68 3914.61 7314 6544.87 7656.87 2290.09 10226.2 5950.63 9884.86 3870.72 5107.77 6781.22 7440.67 9468.84 8952.72 296.142 4952.92 5519.51 6262.79 9637.89 9428.28 10612.3 6929.31 9458.46 4294.66 7205.84 5132.49 868.332 8254.09 419.762 6223.19 8629.3 2697.87 5534.74 1780.45 9248.42 8419.75 6188.02 3141.59 6034.64 7809.74 3663.51 3361.44 8778.68 5705.44 5086.74 9390.83 9360.86 
3556.59 8791.28 4715.46 5891.87 9943.42 9294.75 1538.83 4102.5 7961.16 7460.9 8930.2 7393.27 5013.51 5790.31 4006.82 7893.67 5193.12 8684.41 9222.93 2308.68 2933.43 5544.95 8138.43 10686 6060.4 4994.37 584.209 9375.54 7846.53 6173.66 11671.8 3390.94 2922.05 5031.68 5859.21 9081.55 4228.68 8805.96 4440.6 7475.99 4116.52 7155.99 4644.5 9230.18 6477.24 10559.6 2595.09 8384.52 9168.48 3467.33 7257.39 7127.9 8851.83 6733.51 9307.98 6905.22 440.454 8960.61 7748.15 3329.29 4720.86 5665.27 8147.47 8577.42 1995.65 7719.38 9346.15 5183.14 6370.47 8097.11 1512.08 8877.17 2952.44 3503.33 7406.65 6314.47 9182.64 2699.48 3413.53 8952.23 5863.41 3131.98 4913.37 8001.78 6298.48 5572.3 4467.53 4405.01 6025.08 9579.75 
5984.26 8276.41 2340.19 1827.84 5048.76 7182.29 4396.19 2899.93 5802.46 2670.6 8442.52 3014.23 2107.94 2188.88 6398.32 3074.83 947.523 3496.11 9089.36 6973.76 6246.06 856.154 7342.21 6347.61 4124.56 1769.8 4917.66 5606.51 6087.37 6048.22 7258.82 4522.12 2838.54 5716.16 2005.52 4087.11 2012.01 5080.04 1431.36 4629.92 4672.69 2441.25 4389.45 7285.17 2539.7 7170.06 3223.07 7564.19 3816.82 4224.04 1793.88 5699.56 6160.42 3162.67 5214.22 1500.13 5082.49 9546.79 5294.99 5681.77 3088.04 344.093 2901.72 3109.42 4901.72 2408.32 7165.72 2096.09 4341.08 8436.02 4032.68 9080.51 4465.15 1979.75 6728 3972 8554.09 2909.93 2102.78 5578.18 6445.94 4530.72 1504.16 6380.03 5940.52 594.811 3778.16 4594.71 564.004 4576.05 
3451.72 7953.29 2972.29 4058.82 8106.6 8003.21 962.549 2485.68 6596.4 5810.86 8107.6 5838.37 3232.09 4287.68 3954.55 6047.45 3322.77 6816.88 8532.02 3499.61 3260.57 3673.96 7175.86 8937.29 4606.63 3170.99 1360.29 7707.2 6581.19 5287.34 9920.41 2520.04 1117.72 4317.93 4043.53 7229.28 2412.3 7131.19 2574.06 5922.43 3175.06 5512.32 3490.46 7981.21 4685.31 8995.49 892.861 7427.65 7297.54 2425.39 5402.31 5907.62 7397.15 5004.45 7579.98 5040.97 1525.02 8514 6298.8 3136 3143.41 3849.08 6277.02 6721.64 1772.82 5848.5 8038.57 3398.03 4924.43 7519.21 403.113 8288.65 2133.21 1657.23 6436.23 4788.51 8325.17 1176.31 1548.45 7350.11 5210.77 2317.41 3064.72 6783.64 5343.29 3703.62 3117.77 3373.78 4174.94 7729.24 
4892.87 2774.83 3755.65 3910.42 5120.16 1741.06 6060.4 3860 464.004 8050.84 2930.02 8558.15 3776.8 7881.55 4845.54 4280.77 4811.76 5277.88 3666.61 7246.36 5742.52 4854.79 1863.01 4548.16 1734.01 4092.16 7341.73 2959.68 380.132 2134.9 5373.39 4225.87 5283.42 3133.83 3716.46 4942.76 4433.89 2660.08 4846.65 1391.19 3533.27 7916.24 2935.86 1730 3344.32 3356.22 5380.28 2022.72 6027.48 4109.46 5883.2 596.825 1480.54 2737.61 3391.47 5505.38 7464.64 4494.44 767.919 4864 3223.97 6016.14 5266.08 6467.8 5660.72 5348.38 1781.01 3713.17 1439.51 3478 6375.87 3860.95 4646.25 5761.68 1590.22 1753.28 2965.82 6724.65 5602.22 2246.35 2924.81 4482.88 4386.58 676.757 1876.65 5124.55 3155.65 3215.62 5641.5 5183.76 
