45 90 12
777 335 649 27 763 426 211 429 862 135 22 167 11 373 784 324 413 980 862 281 84 505 313 895 814 364 87 178 403 399 676 12 94 570 467 902 652 280 865 619 31 771 709 856 586 683 528 829 270 715 796 245 921 488 841 500 124 856 227 936 437 407 858 237 818 11 776 763 606 818 369 996 470 499 644 139 669 464 355 611 299 568 311 801 878 736 522 416 924 624 
600 36 452 899 379 550 468 71 973 131 881 930 
1 3 11 9 2 2 10 6 9 6 4 9 6 9 1 7 7 11 11 10 10 1 4 2 2 2 2 2 3 7 11 8 4 4 5 1 6 10 8 0 4 6 1 1 6 
5.58746 1.34648 5.35059 5.59047 6.34679 1.24193 7.25989 5.34158 1.71593 9.72672 1.4625 10.2381 5.40941 9.54811 5.39268 5.8386 6.47565 6.77632 2.2184 7.98168 6.45868 6.53043 0.840536 5.37276 3.32519 5.73415 8.55746 3.93512 1.3043 2.60548 6.01202 5.31899 6.72086 3.79803 5.39559 6.34679 6.0096 3.8461 6.46239 2.97794 4.59213 9.5953 4.13272 0.986813 5.01855 3.6105 6.75959 0.755844 7.50841 5.28186 7.53682 1.76082 2.14441 4.4032 4.51136 7.16955 8.66266 3.27611 2.26632 5.65192 4.74684 7.69273 6.83316 8.04464 6.72287 6.96021 1.3534 5.359 3.06341 2.49904 7.66512 2.58027 5.76011 7.31041 1.38235 3.41235 1.39556 8.20529 7.13595 3.24721 3.197 5.57671 6.02959 1.00404 2.43288 6.80089 4.51283 4.31677 7.32221 6.50886 
2.07077 7.4027 5.23536 6.57606 10.4459 8.503 2.46483 4.47166 7.37082 9.17154 7.51626 9.22835 5.59697 7.68214 2.30495 8.52838 6.21914 9.48171 7.64665 0.326497 1.19883 6.57578 6.94344 10.8047 5.80332 5.72218 2.78742 9.31615 7.10303 5.05799 11.7709 2.95169 3.95922 3.87551 6.47174 9.71113 5.03036 8.79005 5.46963 7.26959 3.4869 8.87795 4.16125 8.37484 6.95117 10.2097 3.5756 7.16648 10.0889 3.21076 8.43863 6.37452 8.36367 6.99385 9.414 8.02337 2.72606 7.15025 7.32145 2.0601 4.8907 7.06595 9.02898 9.71967 1.91416 8.68726 8.57756 5.75733 6.06337 6.45608 3.0148 7.20847 2.68829 4.91261 6.27587 6.16001 7.79776 4.54324 4.74004 8.75622 4.4982 2.7561 5.76508 7.17424 5.2578 6.69445 4.31335 3.81163 7.27749 10.1804 
6.17331 1.84708 7.68238 8.28875 9.50598 4.24807 8.53642 7.40303 4.79413 12.4812 1.70699 12.9304 7.8525 12.0126 5.7639 8.88708 9.00379 9.87079 0.948472 8.26828 6.91836 9.14161 2.74591 8.4649 5.85484 8.19308 9.75649 7.08402 4.28823 4.0131 9.01275 6.6542 8.55587 4.85536 8.08335 9.48192 8.24093 7.00403 8.78877 5.99562 6.01694 12.3113 5.88116 3.98026 7.85008 6.53735 8.46141 2.59141 10.6144 6.76302 10.4232 4.36818 5.29683 7.28616 7.66932 10.0203 9.81565 0.866487 5.32008 6.38875 6.96103 10.2844 9.87283 11.0729 7.78895 9.94223 4.35344 7.85315 5.69148 1.65412 9.09321 0.894707 7.05861 9.38579 3.23932 6.09058 1.78025 10.0463 9.1799 6.40457 3.96279 6.86861 8.47765 3.9989 4.05791 9.41171 6.44665 5.87335 10.006 9.66173 
4.82104 1.61335 4.6185 4.97293 6.21297 1.70742 6.44597 4.56318 1.41439 9.15042 1.77234 9.63756 4.70472 8.87222 4.65473 5.45047 5.80352 6.44436 2.49948 7.21826 5.69309 5.88575 0.693542 5.45777 2.61706 5.03659 7.74354 3.92032 0.876413 1.83412 6.19536 4.50628 5.927 3.02002 4.77222 6.09085 5.263 3.714 5.7381 2.56031 3.77955 9.00254 3.32074 1.52306 4.46185 3.92617 5.95627 0.863713 7.19236 4.46794 7.02204 1.02956 2.19495 3.87408 4.4272 6.6332 7.84893 3.34607 1.90339 4.87016 3.9856 7.04751 6.43529 7.63574 5.91362 6.51038 1.80405 4.66804 2.38537 2.37539 6.85292 2.69846 4.94718 6.54663 0.70214 2.76221 1.83861 7.4178 6.36692 3.20127 2.49161 4.76428 5.33146 0.630714 1.64158 6.15766 3.71383 3.50291 6.70866 6.3104 
2.90765 8.30716 5.22529 6.51438 10.5153 9.16273 2.0501 4.5101 7.9296 8.59456 8.43168 8.57798 5.56511 6.99012 3.26075 8.51674 5.97943 9.39673 8.6263 1.02591 2.10002 6.33975 7.76408 11.0628 6.18328 5.62181 1.83521 9.64816 7.72796 5.81997 12.0438 3.30905 3.64364 4.62922 6.4438 9.71224 4.87483 9.09696 5.21254 7.64958 3.97283 8.29292 4.60431 9.06148 6.99952 10.6832 3.26466 7.99882 9.94542 3.49361 8.14711 6.99463 8.88609 7.14709 9.66832 7.76089 1.73104 8.21269 7.80467 2.78189 5.04177 6.64447 8.89756 9.45838 1.93104 8.50869 9.22766 5.73385 6.472 7.45325 2.40277 8.22049 2.93138 4.44792 7.06208 6.4982 8.70334 3.8422 4.31237 9.14749 5.36035 3.06438 5.60394 7.83751 5.98976 6.41355 4.60218 4.29446 6.93681 10.1993 
6.22509 9.46451 3.38095 3.37717 6.6798 8.65427 4.0566 3.63573 7.23398 2.75772 9.63052 2.72244 3.30056 1.1868 6.69933 4.74735 2.3294 5.07312 10.2199 6.61613 6.25353 2.43033 8.5555 8.02611 5.38543 2.98203 4.12045 7.26823 7.45085 7.02058 8.93031 4.89752 2.84042 6.43467 3.52057 5.7126 2.78196 6.73131 2.25843 6.13874 5.27311 2.45231 5.19455 8.73028 4.13205 8.81656 3.14453 8.79223 5.27828 4.64844 3.19401 6.96854 7.70042 4.72612 6.89162 3.03916 4.26938 10.5238 6.76078 5.90188 4.06971 1.57991 4.47282 4.3982 4.77504 3.96415 8.64903 3.36168 5.64841 9.43203 3.50771 10.1332 4.69051 1.79725 7.88396 5.32223 9.77658 2.0201 2.01638 7.20044 7.26353 4.81578 2.68812 7.72853 6.9644 2.21903 4.59778 5.29703 2.14308 6.18945 
5.922 4.76707 3.19781 2.63372 3.17057 2.92335 6.25895 3.69238 1.82538 6.4047 4.91428 6.97227 3.01796 6.58614 6.03339 2.30853 3.69049 3.25867 5.66562 8.05355 6.67115 3.59234 3.88398 3.05668 1.97396 3.22262 7.4213 1.59298 2.32551 3.79438 4.01696 4.81274 5.03849 4.4338 2.50008 2.91084 3.84896 1.03966 4.03273 0.681836 4.29121 6.31926 3.614 3.09079 1.88409 2.89588 5.27 4.02126 4.00262 4.58345 4.12147 2.45122 1.78519 1.29035 1.68238 3.80848 7.56997 6.52856 1.29252 5.78835 3.06804 4.67051 3.30341 4.51586 6.12772 3.46157 2.88002 2.87904 1.76876 5.50563 6.37558 5.89042 5.1409 5.13806 3.59924 1.59615 4.90918 6.24468 5.04311 1.23223 4.56232 5.03171 3.47062 2.61375 3.54746 3.83115 3.46554 3.97725 4.18961 3.17498 
9.55327 6.86321 6.71361 5.74674 2.50639 4.33115 9.89615 7.30906 4.50161 8.13983 6.95035 8.78822 6.45484 9.02286 9.61545 4.09246 6.74396 4.10312 7.66261 11.7349 10.3309 6.50632 6.28478 0.808084 5.6317 6.5627 11.0041 2.12002 4.99433 7.06989 0.471699 8.49734 8.5647 7.94326 5.70478 3.35149 7.28962 2.64643 7.30791 4.17825 7.9555 8.19061 7.2777 4.60088 5.03227 2.01102 8.83956 6.28371 4.41852 8.26937 5.97478 5.53615 3.55578 4.68129 2.10297 5.92277 11.1591 8.80275 4.29773 9.44217 6.71678 7.27659 4.62212 5.46594 9.80814 5.09274 4.22076 6.29222 5.386 8.02761 9.95201 8.10223 8.82632 8.44806 6.3939 5.27371 6.79239 9.58405 8.4031 2.74782 7.86408 8.71763 6.74122 5.13693 6.80995 6.6598 7.1514 7.63572 6.71206 3.02367 
7.99361 6.34253 4.84633 3.81725 1.36953 3.99025 8.07035 5.48715 3.51962 6.42832 6.46574 7.06614 4.56616 7.15749 8.12296 2.19823 4.80585 2.4626 7.22244 10.0543 8.71732 4.56826 5.57315 1.15004 4.05255 4.6513 9.1346 1.10059 4.06262 5.84508 2.12455 6.81281 6.68243 6.53104 3.7853 1.75354 5.39157 1.22 5.38093 2.73339 6.34315 6.4424 5.67134 4.24011 3.12021 2.44561 6.9742 5.64831 2.99348 6.56037 4.1708 4.40239 2.86503 2.83551 0.496488 4.06241 9.29252 8.23303 3.12271 7.84398 4.93315 5.36656 2.87903 3.90923 8.05256 3.2997 3.89979 4.4 3.86432 7.2985 8.08372 7.55358 7.10436 6.51959 5.46234 3.65831 6.38477 7.65536 6.48124 1.75684 6.62689 7.01468 4.81773 4.29409 5.5913 4.72527 5.45117 6.03757 4.80538 1.66883 
6.91876 3.82027 5.07347 4.68675 4.0425 1.3381 7.84985 5.41651 1.57953 8.38285 3.92255 8.97157 4.95956 8.64589 6.88625 4.10239 5.7354 4.83076 4.66135 9.24741 7.75818 5.65134 3.1964 2.89558 3.32737 5.20465 9.09164 1.5728 1.98457 4.15524 3.54865 6.13425 6.83518 5.17487 4.54274 4.25466 5.75587 1.71703 6.01699 2.00569 5.47995 8.31941 4.83741 1.60078 3.94438 1.31605 7.00834 3.204 5.49459 5.97476 6.06942 2.6331 0.565862 3.33636 2.21326 5.7994 9.22775 5.75634 1.64247 6.87236 4.75758 6.7309 5.05223 6.23501 7.55159 5.32017 1.23976 4.83994 3.01582 4.9424 8.07624 5.0589 6.53093 7.08308 3.33458 3.1122 3.79954 8.15429 6.96509 1.04809 4.93235 6.38351 5.47091 2.07793 3.90128 5.89227 4.91981 5.15461 6.24292 4.30116 
3.09919 7.54987 2.7145 3.87569 7.92669 7.63333 0.77 2.16518 6.23491 5.94024 7.70388 6.00913 3.00083 4.49222 3.60001 5.88002 3.22444 6.69283 8.12682 3.37006 2.97397 3.58265 6.77625 8.69166 4.25554 2.97741 1.57867 7.42418 6.20549 4.8833 9.67678 2.11698 0.90802 3.91389 3.84194 7.07025 2.21165 6.84996 2.46008 5.59923 2.76991 5.64685 3.09414 7.60585 4.46387 8.6802 0.586003 7.02802 7.20528 2.02032 5.36958 5.52523 7.05365 4.74435 7.32274 4.98839 1.73404 8.11263 5.95202 2.77937 2.81539 3.88062 6.16967 6.68303 1.48071 5.76014 7.67096 3.16986 4.57299 7.11512 0.526972 7.88409 1.73666 1.69358 6.03619 4.45466 7.92246 1.47611 1.54042 7.04376 4.80688 1.91859 2.90505 6.40281 4.94128 3.64157 2.73995 2.97069 4.15814 7.56726 
6.77632 8.21663 2.86398 1.74152 3.8486 6.76018 5.50974 3.58431 5.48923 2.5655 8.37922 3.11713 2.52517 2.94613 7.14077 2.01358 1.61372 2.2419 9.07727 8.03338 7.15672 1.26321 7.27641 5.2805 4.15621 2.26135 6.14369 4.76592 5.86669 6.28618 6.14586 5.29967 3.9176 6.1922 1.94494 2.88087 2.82639 4.29745 2.36349 4.23515 5.29317 2.46435 4.87083 6.90456 2.15337 6.36284 4.30215 7.47468 2.53712 4.99027 0.61131 5.62346 5.64075 2.76626 4.28378 0.220227 6.30968 9.68407 4.94581 6.49648 3.54256 1.26052 1.6421 1.90373 5.91684 1.13811 6.72477 2.4272 4.29317 8.57702 5.21295 9.15101 5.33135 3.19075 6.74775 3.89283 8.44808 4.18019 3.27918 4.87922 6.8097 5.36046 2.12038 6.1701 6.13209 1.14285 4.29791 5.14437 0.722496 3.35418 
7.09941 6.72423 3.49567 2.27798 1.79494 4.75896 6.73146 4.22235 3.78155 4.84373 6.87154 5.46452 3.16443 5.45485 7.32069 0.50636 3.17616 1.30177 7.62266 8.93302 7.72324 2.90689 5.83618 2.82177 3.39037 3.16834 7.69332 2.31821 4.28118 5.51725 3.74621 5.76238 5.24138 5.90953 2.30202 1.09895 3.93314 1.93871 3.81872 2.58936 5.43266 4.82474 4.80829 4.95904 1.72363 3.91004 5.56909 5.97773 2.05 5.47691 2.53492 4.33866 3.56519 1.75935 1.78362 2.37356 7.85604 8.46694 3.24902 6.89705 3.7822 3.65571 1.414 2.61138 6.84451 1.71026 4.69691 2.99429 3.33017 7.42437 6.65586 7.8385 5.97945 4.93834 5.50986 2.99015 6.86359 6.06565 4.92647 2.59332 6.22984 5.92567 3.28123 4.57089 5.29199 3.04171 4.43677 5.16612 3.09401 1.52434 
6.10816 4.66953 3.48323 2.92171 3.13844 2.7128 6.52056 3.96295 1.72409 6.64172 4.81203 7.21688 3.30841 6.86069 6.20059 2.47491 3.98005 3.37535 5.56821 8.27179 6.87221 3.87675 3.8097 2.86775 2.17002 3.51511 7.69275 1.35059 2.24876 3.86999 3.81189 5.037 5.31945 4.57389 2.79065 2.96933 4.13783 0.83006 4.32539 0.758947 4.4942 6.56385 3.81619 2.89519 2.16834 2.605 5.54563 3.93146 4.10742 4.81582 4.34578 2.46203 1.54693 1.58155 1.52765 4.04734 7.84031 6.47013 1.22723 5.98559 3.3317 4.94605 3.46586 4.67732 6.36965 3.65604 2.66222 3.17052 1.93794 5.46949 6.64892 5.81929 5.37552 5.42977 3.57897 1.81157 4.79038 6.53499 5.33368 0.941116 4.64991 5.26095 3.76336 2.52385 3.61757 4.113 3.69969 4.17612 4.45822 3.1918 
1.44475 6.60512 3.52264 4.86215 8.75685 7.26693 1.1738 2.76176 6.01041 7.63497 6.74214 7.75441 3.88346 6.27271 1.93794 6.8203 4.52991 7.76804 7.03077 1.96352 1.17201 4.88337 5.97814 9.19472 4.2662 4.0096 2.22946 7.75021 5.82507 4.01299 10.1706 1.38452 2.34798 2.85012 4.75943 8.00625 3.32826 7.20642 3.79269 5.73569 2.0573 7.3507 2.67978 7.17696 5.2509 8.75939 1.98295 6.22113 8.37558 1.58398 6.7537 5.09338 6.96208 5.32541 7.79976 6.33167 2.27741 6.80077 5.87986 1.17047 3.21174 5.4467 7.3155 8.02309 0.328024 6.97786 7.32823 4.04447 4.5511 5.91143 1.82455 6.69214 1.0265 3.36786 5.25476 4.59152 6.99779 3.26585 3.17345 7.23355 3.6711 1.14337 4.05998 5.94829 4.1564 5.01499 2.7013 2.37531 5.61649 8.47923 
3.38479 2.23511 5.31008 6.19487 8.45568 4.17757 5.7413 4.88035 3.78942 10.2868 2.31664 10.6621 5.55237 9.57427 3.00375 7.29583 6.70814 8.36059 2.37036 5.58628 4.1653 6.91274 2.15058 7.91768 3.8497 5.88401 6.9527 6.33998 3.26939 1.65529 8.69975 3.89659 5.88344 2.12144 5.99204 8.15873 5.77027 6.04015 6.3529 4.61112 3.31038 10.08 3.31724 3.94975 5.94792 6.45864 5.74808 2.28219 9.11454 4.03764 8.45687 2.86007 4.6993 5.50619 6.77366 8.01974 7.0112 2.1009 4.13586 3.58833 4.56213 7.99181 8.21035 9.33756 4.98515 8.15457 4.28339 5.59473 3.81602 1.19 6.31114 1.96431 4.28404 6.78852 1.86124 4.19955 2.61176 7.34415 6.57408 5.62161 1.24808 4.09693 6.14398 3.11965 1.84054 7.17016 3.92445 3.22416 7.81049 8.4618 
4.31393 1.80069 6.17518 6.97269 8.8927 4.16203 6.70773 5.79118 4.11024 11.1152 1.81571 11.5137 6.39515 10.4732 3.90565 7.90974 7.5559 8.95559 1.59731 6.43442 5.06222 7.73997 2.13883 8.17296 4.56581 6.73181 7.91154 6.64007 3.56742 2.45349 8.8828 4.86467 6.8377 3.08235 6.76737 8.68763 6.66888 6.41363 7.24311 5.10784 4.26804 10.9192 4.23232 3.90621 6.65706 6.52435 6.71059 2.16481 9.71136 5.00073 9.2061 3.33808 4.90251 6.1665 7.1355 8.77798 7.96684 1.13217 4.5412 4.53296 5.43104 8.84372 8.85624 10.0149 5.94462 8.8425 4.27329 6.42385 4.48116 0.462277 7.28006 1.08467 5.25336 7.72583 2.18509 4.8792 2.10155 8.30569 7.51322 5.92041 2.19693 5.06616 7.00118 3.35001 2.5807 8.00272 4.82996 4.16581 8.63114 8.95075 
7.32563 6.02764 4.14074 3.14025 1.69664 3.82341 7.3631 4.78006 3.11662 6.03858 6.16159 6.66251 3.8643 6.63001 7.47086 1.70658 4.15047 2.25411 6.92117 9.35975 8.03622 3.93126 5.20463 1.84174 3.40026 3.95828 8.43047 1.13635 3.65548 5.28765 2.82406 6.12119 5.98001 5.908 3.09743 1.67263 4.69297 0.890505 4.70032 2.16592 5.66768 6.02416 4.99985 4.05222 2.42671 2.71448 6.26907 5.30634 2.90663 5.86489 3.73451 3.90415 2.63837 2.1284 0.59 3.56721 8.588 7.8725 2.65731 7.16771 4.22916 4.7931 2.54578 3.68376 7.34932 2.89748 3.74606 3.699 3.23364 6.89348 7.37922 7.20878 6.40614 5.84062 5.01496 2.99923 6.11036 6.97657 5.79573 1.55567 6.05714 6.31956 4.13353 3.91349 5.03925 4.10444 4.75946 5.36656 4.24062 1.79388 
2.52771 7.88483 5.45674 6.78473 10.7109 8.94043 2.48974 4.70545 7.78165 9.17397 7.99978 9.19614 5.81234 7.62685 2.78686 8.76108 6.35784 9.6893 8.13607 0.233238 1.65849 6.71739 7.41243 11.1331 6.1591 5.91261 2.57303 9.66555 7.53023 5.51272 12.105 3.27947 4.05191 4.32484 6.69247 9.95073 5.1957 9.13085 5.59772 7.62969 3.86167 8.87614 4.52816 8.81827 7.20118 10.6015 3.66553 7.6377 10.2754 3.5171 8.56344 6.79915 8.76644 7.28045 9.73926 8.15893 2.48709 7.64006 7.71167 2.48697 5.16733 7.13278 9.21816 9.85926 2.0906 8.85757 9.01282 5.9766 6.42872 6.94622 2.96816 7.69921 2.97249 4.95101 6.73769 6.50416 8.28022 4.472 4.7931 9.12257 4.97112 3.0642 5.93249 7.61079 5.70646 6.81851 4.63249 4.18809 7.37902 10.4271 
8.52416 5.69022 5.97478 5.17731 2.83064 3.16057 9.06448 6.49887 3.35678 8.12316 5.7807 8.75825 5.75806 8.78014 8.55585 3.83881 6.22367 4.15843 6.49998 10.7633 9.32537 6.03484 5.10393 1.18191 4.66138 5.91531 10.2265 1.23483 3.83437 5.94358 1.64438 7.54936 7.82739 6.86442 5.09816 3.43351 6.59873 1.81177 6.70108 3.19 6.96724 8.12981 6.29382 3.43071 4.42233 0.935361 8.07094 5.10358 4.64665 7.34139 5.84829 4.40505 2.38757 3.96548 1.56051 5.70842 10.3759 7.63024 3.2034 8.43356 5.87429 6.93877 4.57739 5.60045 8.90498 4.98623 3.05105 5.60551 4.39141 6.8469 9.17911 6.93006 7.90302 7.83534 5.22403 4.33429 5.63028 8.96308 7.76414 1.698 6.73513 7.78083 6.12865 3.96561 5.68434 6.22448 6.23041 6.6429 6.38905 3.26087 
5.03086 7.58238 1.51344 1.55756 5.39268 6.72596 3.53566 1.9759 5.30212 3.5994 7.74878 3.89166 1.37753 2.81812 5.4464 3.33209 0.528394 3.98841 8.3636 6.08113 5.30224 0.834506 6.66197 6.47864 3.46655 1.05109 4.1999 5.52197 5.52001 5.23534 7.4328 3.57001 1.94805 4.81769 1.65979 4.46794 1.07331 4.96179 0.481041 4.22734 3.74339 3.35418 3.50407 6.79857 2.32019 7.01795 2.33418 6.8942 4.43717 3.2733 2.57002 5.05371 5.79615 2.86505 5.22732 2.18563 4.36634 8.74818 4.83426 4.72848 2.24931 1.27758 3.43001 3.88027 3.98453 2.98814 6.72287 1.42948 3.72156 7.64268 3.24261 8.31472 3.51332 1.27405 6.01041 3.39001 7.88242 2.37245 1.32306 5.37149 5.57883 3.57737 0.756108 5.79967 5.14995 0.840952 2.89007 3.68456 1.38611 4.96971 
8.39174 7.64137 4.75395 3.478 0.65 5.43647 7.96786 5.49484 4.7119 5.07285 7.77769 5.72197 4.41082 6.05615 8.60759 1.47122 4.25466 1.04235 8.53696 10.2144 9.01613 3.94098 6.80207 2.30497 4.63492 4.378 8.87764 2.61817 5.2437 6.70329 3.02952 7.05457 6.44376 7.168 3.53344 0.317805 5.1423 2.50928 4.95767 3.64803 6.72402 5.13165 6.09493 5.67008 3.00083 4.01882 6.78617 6.91365 1.42667 6.76772 2.97195 5.42038 4.25846 3.04385 1.96703 3.00468 9.04221 9.46607 4.22396 8.19054 5.07241 4.45067 1.60328 2.4135 8.11607 2.1044 5.35564 4.24213 4.54318 8.46463 7.85379 8.81055 7.26579 6.03858 6.5654 4.22896 7.73162 7.1419 6.05325 3.16183 7.44043 7.21535 4.45358 5.51218 6.46743 4.01648 5.73027 6.45446 3.89076 0.230868 
6.26671 1.33754 6.13022 6.32219 6.74754 1.39786 8.02556 6.13059 2.372 10.4251 1.36927 10.9499 6.17978 10.3012 6.03829 6.43351 7.23086 7.32446 2.01636 8.64974 7.13371 7.2727 1.38293 5.59937 4.10157 6.5013 9.32269 4.28616 2.03961 3.31308 6.13306 6.07705 7.50941 4.50131 6.13091 6.843 6.79283 4.29298 7.23849 3.63418 5.35045 10.3036 4.91009 1.14237 5.72177 3.66067 7.54528 1.17478 8.03971 6.05072 8.20337 2.54788 2.54395 5.09645 4.90306 7.85064 9.42501 3.20295 2.91894 6.35152 5.5339 8.43294 7.42701 8.63932 7.46867 7.588 1.49616 6.12426 3.83193 2.66923 8.44152 2.51098 6.51878 8.09719 2.06903 4.16909 1.15412 8.99444 7.9237 3.64966 3.83192 6.33338 6.7965 1.75308 3.16362 7.54184 5.3 5.08276 8.04671 6.95935 
5.56386 5.00564 2.61859 2.05292 3.32417 3.38565 5.73071 3.14917 2.13715 5.94246 5.16047 6.49111 2.42621 6.03511 5.7164 2.06671 3.10363 3.10221 5.89665 7.61804 6.27694 3.02002 4.08873 3.49206 1.65677 2.62612 6.86985 2.13002 2.57235 3.69915 4.47073 4.37453 4.46768 4.18922 1.91128 2.88998 3.26057 1.55618 3.43594 0.87046 3.90591 5.83959 3.23784 3.52602 1.31939 3.49057 4.71123 4.25353 3.85798 4.12769 3.70028 2.52771 2.30645 0.702567 2.0969 3.35394 7.02084 6.67776 1.58619 5.40626 2.54568 4.11958 3.04133 4.23835 5.64415 3.12046 3.35477 2.28484 1.5347 5.6177 5.82081 6.06867 4.67723 4.54301 3.70417 1.25 5.18693 5.65242 4.45048 1.82784 4.4301 4.58088 2.87392 2.87446 3.46873 3.26535 3.014 3.60457 3.65757 3.23223 
2.59946 6.34716 1.71677 3.03592 7.00316 6.34924 1.59201 1.00449 4.95368 5.99421 6.50495 6.19776 2.0662 4.84737 3.04508 5.02004 2.70474 5.94079 6.97093 3.78652 2.85063 3.05287 5.54193 7.60013 2.9852 2.16933 2.78632 6.25761 4.92196 3.7 8.58539 1.20673 0.90802 2.85701 2.94735 6.21332 1.49091 5.69008 1.99424 4.36481 1.66739 5.72689 1.85335 6.32229 3.48673 7.45058 0.815843 5.79351 6.53649 0.968762 4.92709 4.2457 5.78731 3.65591 6.21264 4.499 2.92576 7.0614 4.68334 2.28729 1.60031 3.71841 5.4771 6.18496 1.65846 5.13469 6.38719 2.23235 3.30151 6.01978 1.77609 6.77239 1.05991 1.89621 4.80577 3.2079 6.71075 2.38103 1.6761 5.83343 3.73729 1.14769 2.21822 5.12197 3.7302 3.20056 1.45674 1.79388 3.82378 6.69573 
5.43281 0.817863 5.5766 5.92225 6.8628 1.75251 7.26364 5.49742 2.16668 10.0893 0.942444 10.5846 5.66634 9.83358 5.19582 6.28924 6.76416 7.24754 1.70188 7.81072 6.29756 6.84229 0.544059 5.90425 3.57883 5.99835 8.558 4.46171 1.69532 2.5038 6.53885 5.30637 6.83895 3.68246 5.72295 6.8386 6.21612 4.35784 6.69722 3.40649 4.58279 9.94694 4.18728 1.48852 5.38889 4.12478 6.84808 0.330151 7.98537 5.30024 7.93385 1.99123 2.6711 4.78754 5.03171 7.5545 8.65504 2.74467 2.70756 5.52635 4.93356 8.00465 7.28176 8.49038 6.67809 7.38783 1.8643 5.62971 3.3444 1.99612 7.70406 2.04883 5.74783 7.48969 1.2657 3.71656 0.920054 8.33725 7.30641 3.7691 2.99 5.5598 6.29321 1.39313 2.37609 7.11406 4.62261 4.33029 7.6582 7.01372 
4.10235 7.73296 1.98595 2.82144 6.82807 7.36174 2.12763 1.8312 5.9203 4.61885 7.8956 4.7376 2.14086 3.30044 4.57587 4.76114 1.98346 5.48074 8.41758 4.72424 4.17164 2.32622 6.87285 7.77746 3.92562 1.98567 2.69602 6.65904 6.01002 5.1519 8.75134 2.79122 0.716938 4.41862 2.84345 5.92663 1.30969 6.08346 1.26905 5.05372 3.23303 4.33195 3.27844 7.38253 3.51411 8.05077 1.0412 7.12057 5.94133 2.56008 4.03887 5.41225 6.60049 3.92747 6.45827 3.67642 2.86245 8.59386 5.53984 3.77955 2.43502 2.51883 4.93016 5.3577 2.72738 4.49227 7.38017 2.28817 4.23232 7.52928 1.75328 8.26425 2.56743 0.347131 6.15731 4.00451 8.07676 1.0949 0.183848 6.38727 5.28242 2.69616 1.81395 6.25269 5.14079 2.34182 2.73715 3.30879 2.8146 6.42848 
3.51142 7.37143 1.98116 3.04803 7.0982 7.18171 1.59355 1.59615 5.75265 5.21145 7.53154 5.33802 2.22443 3.89606 3.98984 5.04255 2.36129 5.836 8.02043 4.16829 3.57144 2.71936 6.53967 7.92939 3.74733 2.15808 2.3689 6.7218 5.79008 4.7465 8.91162 2.24154 0.1772 3.93314 3.03041 6.22832 1.39946 6.14499 1.59778 4.99168 2.74345 4.92666 2.87785 7.18136 3.67325 8.04463 0.441475 6.79003 6.34255 2.03494 4.51426 5.1533 6.5013 4.00649 6.57749 4.12826 2.53207 8.13548 5.41531 3.18779 2.25009 3.06589 5.30872 5.82495 2.13588 4.89699 7.20878 2.38891 4.06282 7.08865 1.34201 7.83684 1.98668 0.946414 5.81124 3.88506 7.7269 1.32853 0.749667 6.38995 4.81226 2.12558 2.06015 6.01479 4.75925 2.78095 2.3927 2.85771 3.31146 6.72715 
1.61012 5.82204 2.45153 3.79638 7.60424 6.20455 1.64049 1.68074 4.89612 6.98279 5.97117 7.18925 2.81824 5.82619 2.05412 5.70576 3.62609 6.68566 6.35831 3.11853 1.95474 3.96102 5.10009 8.0069 3.09006 2.99608 2.93552 6.56293 4.75613 3.15767 8.9822 0.327567 1.828 2.12551 3.67315 6.88077 2.40751 6.01798 2.95264 4.5558 1.04043 6.71704 1.55801 6.13601 4.11779 7.59682 1.59226 5.35 7.32296 0.4 5.83014 4.03441 5.82289 4.15415 6.61211 5.39182 3.03691 6.31751 4.73001 1.30269 2.04883 4.69588 6.2639 7.05471 1.17992 5.96142 6.25838 2.96892 3.38179 5.32541 2.12603 6.09743 0.162788 2.86309 4.36056 3.40654 6.20355 3.172 2.64473 6.05376 3.01682 0.156525 3.10026 4.90719 3.25006 4.13165 1.51327 1.31214 4.77066 7.34507 
10.7296 7.92945 7.7962 6.75643 3.08935 5.40296 11.0069 8.41929 5.67116 8.73275 8.00643 9.38254 7.52001 9.78227 10.7961 4.96473 7.7136 4.76018 8.6983 12.8959 11.502 7.45059 7.39952 1.82124 6.80018 7.60282 12.0868 3.29515 6.15497 8.24711 0.835464 9.65454 9.63612 9.12527 6.73406 4.03854 8.3455 3.80596 8.32005 5.35374 9.12437 8.81917 8.44636 5.66973 6.07297 3.03389 9.92484 7.38318 4.91229 9.42068 6.69881 6.71146 4.70864 5.77361 3.21055 6.71161 12.2442 9.8625 5.47878 10.6145 7.84253 8.12525 5.33 5.99521 10.9481 5.82818 5.29132 7.35405 6.55986 9.13081 11.0355 9.16241 9.97507 9.45472 7.54404 6.43597 7.83022 10.5886 9.42453 3.92983 9.0408 9.87099 7.7617 6.28536 7.98727 7.58009 8.30292 8.806 7.5595 3.61681 
7.24407 5.40107 4.41192 3.59201 2.28116 3.09739 7.55499 4.97229 2.57329 6.7805 5.52667 7.39687 4.18169 7.2833 7.33771 2.43822 4.64247 3.036 6.28466 9.38898 8.0025 4.46467 4.62455 1.73046 3.3008 4.33042 8.6868 0.391152 3.1158 4.95263 2.68213 6.14782 6.26752 5.70424 3.5107 2.43311 5.0226 0.308707 5.11383 1.88788 5.62296 6.75337 4.94518 3.33766 2.83521 1.98759 6.52458 4.70197 3.67793 5.9163 4.46561 3.48053 1.93941 2.38814 0.452769 4.26569 8.83915 7.28575 2.19545 7.11767 4.36867 5.41004 3.31857 4.46556 7.45356 3.6494 3.01359 4.02647 3.07508 6.34982 7.63614 6.60787 6.47244 6.24888 4.5201 2.93027 5.45338 7.37787 6.18013 0.827647 5.74138 6.36557 4.54139 3.34522 4.69588 4.66374 4.79827 5.30699 4.87231 2.48888 
7.85016 5.41912 5.21023 4.42143 2.53014 2.94959 8.31291 5.74167 2.83283 7.50915 5.52675 8.13548 4.99249 8.08418 7.9053 3.18148 5.4722 3.63142 6.27025 10.0572 8.63669 5.29235 4.74017 1.31187 3.94872 5.15102 9.46717 0.469574 3.34791 5.37217 2.1154 6.83067 7.06355 6.23154 4.33803 2.94898 5.83316 1.04652 5.93879 2.48278 6.26718 7.49835 5.59072 3.21361 3.66351 1.25801 7.30973 4.77462 4.19649 6.61463 5.20899 3.84575 1.96041 3.20002 0.901388 5.03829 9.61736 7.34792 2.59124 7.74623 5.12191 6.22321 3.99164 5.08036 8.1711 4.3661 2.84886 4.84004 3.69131 6.49077 8.41887 6.65382 7.1751 7.07187 4.76428 3.60694 5.41089 8.19874 6.99938 1.03755 6.16695 7.05783 5.36646 3.52278 5.1122 5.48862 5.49979 5.94503 5.68008 2.87433 
3.90295 8.02075 2.59046 3.53454 7.5545 7.84969 1.59841 2.26318 6.41873 5.12352 8.17984 5.16871 2.79517 3.64005 4.39819 5.48804 2.71312 6.20967 8.65466 4.17939 3.82472 3.05408 7.19803 8.47496 4.41312 2.67675 1.9759 7.31686 6.46019 5.38243 9.45231 2.76904 0.842912 4.51957 3.54493 6.65586 1.95433 6.74003 1.99449 5.63413 3.33623 4.82648 3.52331 7.85092 4.20834 8.67097 0.891852 7.44883 6.66274 2.60225 4.73396 5.82307 7.15542 4.58878 7.14202 4.38475 2.14217 8.73183 6.07408 3.57951 2.91349 3.1593 5.65675 6.054 2.33335 5.21433 7.87589 2.95195 4.72781 7.69954 1.09895 8.45499 2.4499 0.979898 6.46696 4.5407 8.3797 0.704911 0.906035 7.01145 5.40741 2.61324 2.52692 6.68506 5.4052 3.06023 3.05635 3.47807 3.50201 7.15761 
9.14254 5.93151 6.7143 5.93155 3.36341 3.41634 9.77754 7.22267 3.87487 8.80877 6.00421 9.44839 6.50385 9.51303 9.14866 4.56054 6.97789 4.80713 6.69024 11.4149 9.95863 6.78761 5.44229 1.58294 5.33405 6.66571 10.9523 1.98157 4.3089 6.46811 1.57309 8.22059 8.56417 7.44457 5.85158 4.06605 7.34401 2.55705 7.45349 3.867 7.6183 8.82632 6.95014 3.67967 5.1761 1.04809 8.80135 5.40937 5.24114 8.02268 6.55397 4.93426 2.86575 4.71296 2.30152 6.43112 11.1003 7.8598 3.79863 9.06697 6.59118 7.68196 5.25754 6.23362 9.59327 5.68392 3.30456 6.35268 5.05261 7.15549 9.90714 7.16045 8.5849 8.58676 5.65014 5.02403 5.82307 9.71334 8.51364 2.37002 7.251 8.45684 6.88112 4.39874 6.21167 6.97545 6.9184 7.29241 7.12973 3.83647 
4.24005 4.52355 1.81397 2.03666 4.61686 3.608 4.58093 2.08734 2.16566 6.22981 4.6888 6.69557 1.80499 5.92663 4.39933 3.07467 2.85412 4.1503 5.36173 6.32197 4.95868 2.92957 3.58422 4.78017 0.436578 2.11896 5.78871 3.3176 2.35034 2.63735 5.7477 3.07938 3.50721 2.92344 1.83208 4.08418 2.50288 2.77363 2.87976 1.35956 2.58368 6.06753 1.91408 3.65471 1.66436 4.44531 3.68109 3.8 4.89204 2.84986 4.21372 1.93215 2.83989 1.25575 3.39094 3.79223 5.93034 5.94725 1.76479 4.08447 1.42948 4.09099 3.94129 5.05182 4.40165 3.86836 3.61865 1.7404 0.572014 4.84282 4.76001 5.41358 3.40837 3.84255 3.0144 0.230217 4.78845 4.86486 3.70012 2.83734 3.28635 3.29757 2.41357 2.63154 2.44769 3.20156 1.73243 2.28079 3.76485 4.47509 
5.92881 0.603075 6.31877 6.67281 7.45966 2.16843 7.89205 6.21786 2.86735 10.8361 0.576888 11.3342 6.41427 10.5839 5.64646 6.99222 7.51513 7.92965 1.19105 8.27191 6.77921 7.59394 1.17686 6.38526 4.32807 6.74712 9.18009 5.01889 2.42547 3.1 6.94606 5.9319 7.53956 4.23987 6.47383 7.49166 6.95255 4.97226 7.44039 4.12412 5.21599 10.6957 4.86458 1.90066 6.13267 4.48018 7.53302 0.926499 8.66019 5.94781 8.66987 2.74117 3.24089 5.52685 5.61681 8.29483 9.27054 2.37693 3.41604 6.05178 5.66613 8.75631 7.9866 9.19772 7.27047 8.10808 2.27407 6.37942 4.09585 1.9272 8.35611 1.68834 6.37095 8.21572 1.91212 4.46813 0.327567 9.04204 8.02935 4.35299 3.46983 6.18052 7.04177 2.12137 3.00958 7.8657 5.3261 4.98128 8.40867 7.64094 
1.36894 6.73155 4.69503 6.04126 9.84371 7.79811 2.25462 3.92441 6.67027 8.87482 6.84882 8.9779 5.06063 7.47204 1.63918 7.96116 5.76725 8.93811 7.00607 1.03078 0.497695 6.11791 6.25135 10.1489 5.13352 5.2131 2.90331 8.64653 6.39876 4.35619 11.1103 2.32177 3.59518 3.17177 5.92436 9.1344 4.55706 8.12686 5.03724 6.59469 2.81044 8.58821 3.48776 7.67042 6.37122 9.51567 3.2249 6.47679 9.5664 2.59956 7.99116 5.67073 7.66562 6.37841 8.76174 7.56493 2.88141 6.5641 6.62922 1.35871 4.29393 6.69718 8.5062 9.25052 1.52895 8.18634 7.87265 5.21561 5.38658 5.82375 2.87571 6.58554 2.11249 4.60317 5.5779 5.49802 7.12733 4.39241 4.41376 8.07614 3.81084 2.15081 5.28247 6.46933 4.55412 6.25693 3.67898 3.1326 6.86385 9.59587 
4.20905 7.68595 1.84532 2.62101 6.6178 7.24798 2.31948 1.76853 5.80496 4.46052 7.84949 4.60114 1.97436 3.19889 4.67472 4.5507 1.76819 5.26499 8.38573 4.91044 4.31474 2.11009 6.81517 7.58254 3.81996 1.80025 2.91234 6.48179 5.91168 5.12938 8.55462 2.86086 0.835225 4.43948 2.64968 5.71386 1.15849 5.90712 1.06212 4.90931 3.26149 4.17739 3.26193 7.27562 3.32316 7.88777 1.19218 7.06142 5.72512 2.61457 3.82744 5.32902 6.46344 3.75151 6.26999 3.46227 3.07877 8.59247 5.41208 3.88816 2.34361 2.32459 4.7139 5.14566 2.88891 4.27604 7.26364 2.11596 4.12244 7.51963 1.96469 8.2471 2.66558 0.248395 6.10623 3.88001 8.02436 1.25284 0.0509902 6.22389 5.2923 2.78354 1.61555 6.16007 5.10742 2.12615 2.70118 3.31622 2.60584 6.21579 
3.64664 8.95342 5.05693 6.2482 10.2988 9.54059 1.84491 4.42757 8.22475 7.81683 9.08881 7.73885 5.36078 6.1336 4.07344 8.25222 5.56076 9.05001 9.35514 2.14283 2.9588 5.91331 8.32703 11.0201 6.34768 5.34958 0.945939 9.69394 8.0923 6.36116 12.006 3.61964 3.27965 5.20128 6.2118 9.44153 4.58384 9.12637 4.80652 7.77578 4.3397 7.5116 4.89376 9.46816 6.8242 10.8556 2.94496 8.57088 9.53757 3.71974 7.62896 7.36872 9.12965 7.06771 9.6387 7.27628 0.790759 9.04696 8.02798 3.4442 5.03589 6.03604 8.51499 8.94899 2.19538 8.08857 9.59488 5.53073 6.65492 8.21343 1.87523 8.99133 3.18763 3.87489 7.60059 6.61309 9.34679 3.06139 3.78419 9.2581 6.01163 3.36006 5.2741 8.23826 6.49726 5.94256 4.74958 4.6378 6.39669 9.93909 
7.11923 7.17346 3.34624 2.03416 2.07711 5.30665 6.52645 4.10468 4.25202 4.22976 7.32509 4.85077 2.99189 4.87643 7.378 0.127279 2.79517 0.980204 8.0687 8.82844 7.69042 2.49018 6.26677 3.3536 3.60072 2.93165 7.41583 2.93205 4.7289 5.78234 4.24096 5.728 4.98812 6.061 2.11085 1.17444 3.69229 2.54024 3.49382 3.01573 5.47123 4.21171 4.88267 5.49623 1.66904 4.52391 5.33578 6.4226 1.71828 5.43103 1.92208 4.71239 4.12029 1.91909 2.39201 1.78045 7.58064 8.86454 3.70714 6.89543 3.74513 3.12083 0.868332 2.0806 6.71316 1.10073 5.24976 2.82652 3.59202 7.80108 6.39532 8.25412 5.90366 4.57849 5.88924 3.22025 7.33406 5.68793 4.59004 3.18523 6.45877 5.86919 2.99388 5.02573 5.57109 2.58631 4.45 5.2281 2.55494 1.67362 
5.29914 1.65148 6.99743 7.69666 9.25054 4.18387 7.68752 6.66694 4.46161 11.8748 1.57407 12.2997 7.19186 11.3199 4.88559 8.45719 8.35101 9.47424 0.976166 7.38978 6.03902 8.51143 2.37245 8.35558 5.26161 7.53165 8.89657 6.89292 3.9278 3.28123 8.98321 5.82719 7.76858 4.03398 7.4905 9.14095 7.5262 6.74354 8.0881 5.5871 5.21023 11.6919 5.12268 3.91461 7.314 6.54487 7.65687 2.29009 10.2262 5.95063 9.88486 3.87072 5.10777 6.78122 7.44067 9.46884 8.95272 0.296142 4.95292 5.51951 6.26279 9.63789 9.42828 10.6123 6.92931 9.45846 4.29466 7.20584 5.13249 0.868332 8.25409 0.419762 6.22319 8.6293 2.69787 5.53474 1.78045 9.24842 8.41975 6.18802 3.14159 6.03464 7.80974 3.66351 3.36144 8.77868 5.70544 5.08674 9.39083 9.36086 
3.55659 8.79128 4.71546 5.89187 9.94342 9.29475 1.53883 4.1025 7.96116 7.4609 8.9302 7.39327 5.01351 5.79031 4.00682 7.89367 5.19312 8.68441 9.22293 2.30868 2.93343 5.54495 8.13843 10.686 6.0604 4.99437 0.584209 9.37554 7.84653 6.17366 11.6718 3.39094 2.92205 5.03168 5.85921 9.08155 4.22868 8.80596 4.4406 7.47599 4.11652 7.15599 4.6445 9.23018 6.47724 10.5596 2.59509 8.38452 9.16848 3.46733 7.25739 7.1279 8.85183 6.73351 9.30798 6.90522 0.440454 8.96061 7.74815 3.32929 4.72086 5.66527 8.14747 8.57742 1.99565 7.71938 9.34615 5.18314 6.37047 8.09711 1.51208 8.87717 2.95244 3.50333 7.40665 6.31447 9.18264 2.69948 3.41353 8.95223 5.86341 3.13198 4.91337 8.00178 6.29848 5.5723 4.46753 4.40501 6.02508 9.57975 
5.98426 8.27641 2.34019 1.82784 5.04876 7.18229 4.39619 2.89993 5.80246 2.6706 8.44252 3.01423 2.10794 2.18888 6.39832 3.07483 0.947523 3.49611 9.08936 6.97376 6.24606 0.856154 7.34221 6.34761 4.12456 1.7698 4.91766 5.60651 6.08737 6.04822 7.25882 4.52212 2.83854 5.71616 2.00552 4.08711 2.01201 5.08004 1.43136 4.62992 4.67269 2.44125 4.38945 7.28517 2.5397 7.17006 3.22307 7.56419 3.81682 4.22404 1.79388 5.69956 6.16042 3.16267 5.21422 1.50013 5.08249 9.54679 5.29499 5.68177 3.08804 0.344093 2.90172 3.10942 4.90172 2.40832 7.16572 2.09609 4.34108 8.43602 4.03268 9.08051 4.46515 1.97975 6.728 3.972 8.55409 2.90993 2.10278 5.57818 6.44594 4.53072 1.50416 6.38003 5.94052 0.594811 3.77816 4.59471 0.564004 4.57605 
3.45172 7.95329 2.97229 4.05882 8.1066 8.00321 0.962549 2.48568 6.5964 5.81086 8.1076 5.83837 3.23209 4.28768 3.95455 6.04745 3.32277 6.81688 8.53202 3.49961 3.26057 3.67396 7.17586 8.93729 4.60663 3.17099 1.36029 7.7072 6.58119 5.28734 9.92041 2.52004 1.11772 4.31793 4.04353 7.22928 2.4123 7.13119 2.57406 5.92243 3.17506 5.51232 3.49046 7.98121 4.68531 8.99549 0.892861 7.42765 7.29754 2.42539 5.40231 5.90762 7.39715 5.00445 7.57998 5.04097 1.52502 8.514 6.2988 3.136 3.14341 3.84908 6.27702 6.72164 1.77282 5.8485 8.03857 3.39803 4.92443 7.51921 0.403113 8.28865 2.13321 1.65723 6.43623 4.78851 8.32517 1.17631 1.54845 7.35011 5.21077 2.31741 3.06472 6.78364 5.34329 3.70362 3.11777 3.37378 4.17494 7.72924 
4.89287 2.77483 3.75565 3.91042 5.12016 1.74106 6.0604 3.86 0.464004 8.05084 2.93002 8.55815 3.7768 7.88155 4.84554 4.28077 4.81176 5.27788 3.66661 7.24636 5.74252 4.85479 1.86301 4.54816 1.73401 4.09216 7.34173 2.95968 0.380132 2.1349 5.37339 4.22587 5.28342 3.13383 3.71646 4.94276 4.43389 2.66008 4.84665 1.39119 3.53327 7.91624 2.93586 1.73 3.34432 3.35622 5.38028 2.02272 6.02748 4.10946 5.8832 0.596825 1.48054 2.73761 3.39147 5.50538 7.46464 4.49444 0.767919 4.864 3.22397 6.01614 5.26608 6.4678 5.66072 5.34838 1.78101 3.71317 1.43951 3.478 6.37587 3.86095 4.64625 5.76168 1.59022 1.75328 2.96582 6.72465 5.60222 2.24635 2.92481 4.48288 4.38658 0.676757 1.87665 5.12455 3.15565 3.21562 5.6415 5.18376 
