45 90 12
777 335 649 27 763 426 211 429 862 135 22 167 11 373 784 324 413 980 862 281 84 505 313 895 814 364 87 178 403 399 676 12 94 570 467 902 652 280 865 619 31 771 709 856 586 683 528 829 270 715 796 245 921 488 841 500 124 856 227 936 437 407 858 237 818 11 776 763 606 818 369 996 470 499 644 139 669 464 355 611 299 568 311 801 878 736 522 416 924 624 
600 36 452 899 379 550 468 71 973 131 881 930 
1 3 11 9 2 2 10 6 9 6 4 9 6 9 1 7 7 11 11 10 10 1 4 2 2 2 2 2 3 7 11 8 4 4 5 1 6 10 8 0 4 6 1 1 6 
558746 134648 535059 559047 634679 124193 725989 534158 171593 972672 146250 1.02381e+06 540941 954811 539268 583860 647565 677632 221840 798168 645868 653043 84053.6 537276 332519 573415 855746 393512 130430 260548 601202 531899 672086 379803 539559 634679 600960 384610 646239 297794 459213 959530 413272 98681.3 501855 361050 675959 75584.4 750841 528186 753682 176082 214441 440320 451136 716955 866266 327611 226632 565192 474684 769273 683316 804464 672287 696021 135340 535900 306341 249904 766512 258027 576011 731041 138235 341235 139556 820529 713595 324721 319700 557671 602959 100404 243288 680089 451283 431677 732221 650886 
207077 740270 523536 657606 1.04459e+06 850300 246483 447166 737082 917154 751626 922835 559697 768214 230495 852838 621914 948171 764665 32649.7 119883 657578 694344 1.08047e+06 580332 572218 278742 931615 710303 505799 1.17709e+06 295169 395922 387551 647174 971113 503036 879005 546963 726959 348690 887795 416125 837484 695117 1.02097e+06 357560 716648 1.00889e+06 321076 843863 637452 836367 699385 941400 802337 272606 715025 732145 206010 489070 706595 902898 971967 191416 868726 857756 575733 606337 645608 301480 720847 268829 491261 627587 616001 779776 454324 474004 875622 449820 275610 576508 717424 525780 669445 431335 381163 727749 1.01804e+06 
617331 184708 768238 828875 950598 424807 853642 740303 479413 1.24812e+06 170699 1.29304e+06 785250 1.20126e+06 576390 888708 900379 987079 94847.2 826828 691836 914161 274591 846490 585484 819308 975649 708402 428823 401310 901275 665420 855587 485536 808335 948192 824093 700403 878877 599562 601694 1.23113e+06 588116 398026 785008 653735 846141 259141 1.06144e+06 676302 1.04232e+06 436818 529683 728616 766932 1.00203e+06 981565 86648.7 532008 638875 696103 1.02844e+06 987283 1.10729e+06 778895 994223 435344 785315 569148 165412 909321 89470.7 705861 938579 323932 609058 178025 1.00463e+06 917990 640457 396279 686861 847765 399890 405791 941171 644665 587335 1.0006e+06 966173 
482104 161335 461850 497293 621297 170742 644597 456318 141439 915042 177234 963756 470472 887222 465473 545047 580352 644436 249948 721826 569309 588575 69354.2 545777 261706 503659 774354 392032 87641.3 183412 619536 450628 592700 302002 477222 609085 526300 371400 573810 256031 377955 900254 332074 152306 446185 392617 595627 86371.3 719236 446794 702204 102956 219495 387408 442720 663320 784893 334607 190339 487016 398560 704751 643529 763574 591362 651038 180405 466804 238537 237539 685292 269846 494718 654663 70214 276221 183861 741780 636692 320127 249161 476428 533146 63071.4 164158 615766 371383 350291 670866 631040 
290765 830716 522529 651438 1.05153e+06 916273 205010 451010 792960 859456 843168 857798 556511 699012 326075 851674 597943 939673 862630 102591 210002 633975 776408 1.10628e+06 618328 562181 183521 964816 772796 581997 1.20438e+06 330905 364364 462922 644380 971224 487483 909696 521254 764958 397283 829292 460431 906148 699952 1.06832e+06 326466 799882 994542 349361 814711 699463 888609 714709 966832 776089 173104 821269 780467 278189 504177 664447 889756 945838 193104 850869 922766 573385 647200 745325 240277 822049 293138 444792 706208 649820 870334 384220 431237 914749 536035 306438 560394 783751 598976 641355 460218 429446 693681 1.01993e+06 
622509 946451 338095 337717 667980 865427 405660 363573 723398 275772 963052 272244 330056 118680 669933 474735 232940 507312 1.02199e+06 661613 625353 243033 855550 802611 538543 298203 412045 726823 745085 702058 893031 489752 284042 643467 352057 571260 278196 673131 225843 613874 527311 245231 519455 873028 413205 881656 314453 879223 527828 464844 319401 696854 770042 472612 689162 303916 426938 1.05238e+06 676078 590188 406971 157991 447282 439820 477504 396415 864903 336168 564841 943203 350771 1.01332e+06 469051 179725 788396 532223 977658 202010 201638 720044 726353 481578 268812 772853 696440 221903 459778 529703 214308 618945 
592200 476707 319781 263372 317057 292335 625895 369238 182538 640470 491428 697227 301796 658614 603339 230853 369049 325867 566562 805355 667115 359234 388398 305668 197396 322262 742130 159298 232551 379438 401696 481274 503849 443380 250008 291084 384896 103966 403273 68183.6 429121 631926 361400 309079 188409 289588 527000 402126 400262 458345 412147 245122 178519 129035 168238 380848 756997 652856 129252 578835 306804 467051 330341 451586 612772 346157 288002 287904 176876 550563 637558 589042 514090 513806 359924 159615 490918 624468 504311 123223 456232 503171 347062 261375 354746 383115 346554 397725 418961 317498 
955327 686321 671361 574674 250639 433115 989615 730906 450161 813983 695035 878822 645484 902286 961545 409246 674396 410312 766261 1.17349e+06 1.03309e+06 650632 628478 80808.4 563170 656270 1.10041e+06 212002 499433 706989 47169.9 849734 856470 794326 570478 335149 728962 264643 730791 417825 795550 819061 727770 460088 503227 201102 883956 628371 441852 826937 597478 553615 355578 468129 210297 592277 1.11591e+06 880275 429773 944217 671678 727659 462212 546594 980814 509274 422076 629222 538600 802761 995201 810223 882632 844806 639390 527371 679239 958405 840310 274782 786408 871763 674122 513693 680995 665980 715140 763572 671206 302367 
799361 634253 484633 381725 136953 399025 807035 548715 351962 642832 646574 706614 456616 715749 812296 219823 480585 246260 722244 1.00543e+06 871732 456826 557315 115004 405255 465130 913460 110059 406262 584508 212455 681281 668243 653104 378530 175354 539157 122000 538093 273339 634315 644240 567134 424011 312021 244561 697420 564831 299348 656037 417080 440239 286503 283551 49648.8 406241 929252 823303 312271 784398 493315 536656 287903 390923 805256 329970 389979 440000 386432 729850 808372 755358 710436 651959 546234 365831 638477 765536 648124 175684 662689 701468 481773 429409 559130 472527 545117 603757 480538 166883 
691876 382027 507347 468675 404250 133810 784985 541651 157953 838285 392255 897157 495956 864589 688625 410239 573540 483076 466135 924741 775818 565134 319640 289558 332737 520465 909164 157280 198457 415524 354865 613425 683518 517487 454274 425466 575587 171703 601699 200569 547995 831941 483741 160078 394438 131605 700834 320400 549459 597476 606942 263310 56586.2 333636 221326 579940 922775 575634 164247 687236 475758 673090 505223 623501 755159 532017 123976 483994 301582 494240 807624 505890 653093 708308 333458 311220 379954 815429 696509 104809 493235 638351 547091 207793 390128 589227 491981 515461 624292 430116 
309919 754987 271450 387569 792669 763333 77000 216518 623491 594024 770388 600913 300083 449222 360001 588002 322444 669283 812682 337006 297397 358265 677625 869166 425554 297741 157867 742418 620549 488330 967678 211698 90802 391389 384194 707025 221165 684996 246008 559923 276991 564685 309414 760585 446387 868020 58600.3 702802 720528 202032 536958 552523 705365 474435 732274 498839 173404 811263 595202 277937 281539 388062 616967 668303 148071 576014 767096 316986 457299 711512 52697.2 788409 173666 169358 603619 445466 792246 147611 154042 704376 480688 191859 290505 640281 494128 364157 273995 297069 415814 756726 
677632 821663 286398 174152 384860 676018 550974 358431 548923 256550 837922 311713 252517 294613 714077 201358 161372 224190 907727 803338 715672 126321 727641 528050 415621 226135 614369 476592 586669 628618 614586 529967 391760 619220 194494 288087 282639 429745 236349 423515 529317 246435 487083 690456 215337 636284 430215 747468 253712 499027 61131 562346 564075 276626 428378 22022.7 630968 968407 494581 649648 354256 126052 164210 190373 591684 113811 672477 242720 429317 857702 521295 915101 533135 319075 674775 389283 844808 418019 327918 487922 680970 536046 212038 617010 613209 114285 429791 514437 72249.6 335418 
709941 672423 349567 227798 179494 475896 673146 422235 378155 484373 687154 546452 316443 545485 732069 50636 317616 130177 762266 893302 772324 290689 583618 282177 339037 316834 769332 231821 428118 551725 374621 576238 524138 590953 230202 109895 393314 193871 381872 258936 543266 482474 480829 495904 172363 391004 556909 597773 205000 547691 253492 433866 356519 175935 178362 237356 785604 846694 324902 689705 378220 365571 141400 261138 684451 171026 469691 299429 333017 742437 665586 783850 597945 493834 550986 299015 686359 606565 492647 259332 622984 592567 328123 457089 529199 304171 443677 516612 309401 152434 
610816 466953 348323 292171 313844 271280 652056 396295 172409 664172 481203 721688 330841 686069 620059 247491 398005 337535 556821 827179 687221 387675 380970 286775 217002 351511 769275 135059 224876 386999 381189 503700 531945 457389 279065 296933 413783 83006 432539 75894.7 449420 656385 381619 289519 216834 260500 554563 393146 410742 481582 434578 246203 154693 158155 152765 404734 784031 647013 122723 598559 333170 494605 346586 467732 636965 365604 266222 317052 193794 546949 664892 581929 537552 542977 357897 181157 479038 653499 533368 94111.6 464991 526095 376336 252385 361757 411300 369969 417612 445822 319180 
144475 660512 352264 486215 875685 726693 117380 276176 601041 763497 674214 775441 388346 627271 193794 682030 452991 776804 703077 196352 117201 488337 597814 919472 426620 400960 222946 775021 582507 401299 1.01706e+06 138452 234798 285012 475943 800625 332826 720642 379269 573569 205730 735070 267978 717696 525090 875939 198295 622113 837558 158398 675370 509338 696208 532541 779976 633167 227741 680077 587986 117047 321174 544670 731550 802309 32802.4 697786 732823 404447 455110 591143 182455 669214 102650 336786 525476 459152 699779 326585 317345 723355 367110 114337 405998 594829 415640 501499 270130 237531 561649 847923 
338479 223511 531008 619487 845568 417757 574130 488035 378942 1.02868e+06 231664 1.06621e+06 555237 957427 300375 729583 670814 836059 237036 558628 416530 691274 215058 791768 384970 588401 695270 633998 326939 165529 869975 389659 588344 212144 599204 815873 577027 604015 635290 461112 331038 1.008e+06 331724 394975 594792 645864 574808 228219 911454 403764 845687 286007 469930 550619 677366 801974 701120 210090 413586 358833 456213 799181 821035 933756 498515 815457 428339 559473 381602 119000 631114 196431 428404 678852 186124 419955 261176 734415 657408 562161 124808 409693 614398 311965 184054 717016 392445 322416 781049 846180 
431393 180069 617518 697269 889270 416203 670773 579118 411024 1.11152e+06 181571 1.15137e+06 639515 1.04732e+06 390565 790974 755590 895559 159731 643442 506222 773997 213883 817296 456581 673181 791154 664007 356742 245349 888280 486467 683770 308235 676737 868763 666888 641363 724311 510784 426804 1.09192e+06 423232 390621 665706 652435 671059 216481 971136 500073 920610 333808 490251 616650 713550 877798 796684 113217 454120 453296 543104 884372 885624 1.00149e+06 594462 884250 427329 642385 448116 46227.7 728006 108467 525336 772583 218509 487920 210155 830569 751322 592041 219693 506616 700118 335001 258070 800272 482996 416581 863114 895075 
732563 602764 414074 314025 169664 382341 736310 478006 311662 603858 616159 666251 386430 663001 747086 170658 415047 225411 692117 935975 803622 393126 520463 184174 340026 395828 843047 113635 365548 528765 282406 612119 598001 590800 309743 167263 469297 89050.5 470032 216592 566768 602416 499985 405222 242671 271448 626907 530634 290663 586489 373451 390415 263837 212840 59000 356721 858800 787250 265731 716771 422916 479310 254578 368376 734932 289748 374606 369900 323364 689348 737922 720878 640614 584062 501496 299923 611036 697657 579573 155567 605714 631956 413353 391349 503925 410444 475946 536656 424062 179388 
252771 788483 545674 678473 1.07109e+06 894043 248974 470545 778165 917397 799978 919614 581234 762685 278686 876108 635784 968930 813607 23323.8 165849 671739 741243 1.11331e+06 615910 591261 257303 966555 753023 551272 1.2105e+06 327947 405191 432484 669247 995073 519570 913085 559772 762969 386167 887614 452816 881827 720118 1.06015e+06 366553 763770 1.02754e+06 351710 856344 679915 876644 728045 973926 815893 248709 764006 771167 248697 516733 713278 921816 985926 209060 885757 901282 597660 642872 694622 296816 769921 297249 495101 673769 650416 828022 447200 479310 912257 497112 306420 593249 761079 570646 681851 463249 418809 737902 1.04271e+06 
852416 569022 597478 517731 283064 316057 906448 649887 335678 812316 578070 875825 575806 878014 855585 383881 622367 415843 649998 1.07633e+06 932537 603484 510393 118191 466138 591531 1.02265e+06 123483 383437 594358 164438 754936 782739 686442 509816 343351 659873 181177 670108 319000 696724 812981 629382 343071 442233 93536.1 807094 510358 464665 734139 584829 440505 238757 396548 156051 570842 1.03759e+06 763024 320340 843356 587429 693877 457739 560045 890498 498623 305105 560551 439141 684690 917911 693006 790302 783534 522403 433429 563028 896308 776414 169800 673513 778083 612865 396561 568434 622448 623041 664290 638905 326087 
503086 758238 151344 155756 539268 672596 353566 197590 530212 359940 774878 389166 137753 281812 544640 333209 52839.4 398841 836360 608113 530224 83450.6 666197 647864 346655 105109 419990 552197 552001 523534 743280 357001 194805 481769 165979 446794 107331 496179 48104.1 422734 374339 335418 350407 679857 232019 701795 233418 689420 443717 327330 257002 505371 579615 286505 522732 218563 436634 874818 483426 472848 224931 127758 343001 388027 398453 298814 672287 142948 372156 764268 324261 831472 351332 127405 601041 339001 788242 237245 132306 537149 557883 357737 75610.8 579967 514995 84095.2 289007 368456 138611 496971 
839174 764137 475395 347800 65000 543647 796786 549484 471190 507285 777769 572197 441082 605615 860759 147122 425466 104235 853696 1.02144e+06 901613 394098 680207 230497 463492 437800 887764 261817 524370 670329 302952 705457 644376 716800 353344 31780.5 514230 250928 495767 364803 672402 513165 609493 567008 300083 401882 678617 691365 142667 676772 297195 542038 425846 304385 196703 300468 904221 946607 422396 819054 507241 445067 160328 241350 811607 210440 535564 424213 454318 846463 785379 881055 726579 603858 656540 422896 773162 714190 605325 316183 744043 721535 445358 551218 646743 401648 573027 645446 389076 23086.8 
626671 133754 613022 632219 674754 139786 802556 613059 237200 1.04251e+06 136927 1.09499e+06 617978 1.03012e+06 603829 643351 723086 732446 201636 864974 713371 727270 138293 559937 410157 650130 932269 428616 203961 331308 613306 607705 750941 450131 613091 684300 679283 429298 723849 363418 535045 1.03036e+06 491009 114237 572177 366067 754528 117478 803971 605072 820337 254788 254395 509645 490306 785064 942501 320295 291894 635152 553390 843294 742701 863932 746867 758800 149616 612426 383193 266923 844152 251098 651878 809719 206903 416909 115412 899444 792370 364966 383192 633338 679650 175308 316362 754184 530000 508276 804671 695935 
556386 500564 261859 205292 332417 338565 573071 314917 213715 594246 516047 649111 242621 603511 571640 206671 310363 310221 589665 761804 627694 302002 408873 349206 165677 262612 686985 213002 257235 369915 447073 437453 446768 418922 191128 288998 326057 155618 343594 87046 390591 583959 323784 352602 131939 349057 471123 425353 385798 412769 370028 252771 230645 70256.7 209690 335394 702084 667776 158619 540626 254568 411958 304133 423835 564415 312046 335477 228484 153470 561770 582081 606867 467723 454301 370417 125000 518693 565242 445048 182784 443010 458088 287392 287446 346873 326535 301400 360457 365757 323223 
259946 634716 171677 303592 700316 634924 159201 100449 495368 599421 650495 619776 206620 484737 304508 502004 270474 594079 697093 378652 285063 305287 554193 760013 298520 216933 278632 625761 492196 370000 858539 120673 90802 285701 294735 621332 149091 569008 199424 436481 166739 572689 185335 632229 348673 745058 81584.3 579351 653649 96876.2 492709 424570 578731 365591 621264 449900 292576 706140 468334 228729 160031 371841 547710 618496 165846 513469 638719 223235 330151 601978 177609 677239 105991 189621 480577 320790 671075 238103 167610 583343 373729 114769 221822 512197 373020 320056 145674 179388 382378 669573 
543281 81786.3 557660 592225 686280 175251 726364 549742 216668 1.00893e+06 94244.4 1.05846e+06 566634 983358 519582 628924 676416 724754 170188 781072 629756 684229 54405.9 590425 357883 599835 855800 446171 169532 250380 653885 530637 683895 368246 572295 683860 621612 435784 669722 340649 458279 994694 418728 148852 538889 412478 684808 33015.1 798537 530024 793385 199123 267110 478754 503171 755450 865504 274467 270756 552635 493356 800465 728176 849038 667809 738783 186430 562971 334440 199612 770406 204883 574783 748969 126570 371656 92005.4 833725 730641 376910 299000 555980 629321 139313 237609 711406 462261 433029 765820 701372 
410235 773296 198595 282144 682807 736174 212763 183120 592030 461885 789560 473760 214086 330044 457587 476114 198346 548074 841758 472424 417164 232622 687285 777746 392562 198567 269602 665904 601002 515190 875134 279122 71693.8 441862 284345 592663 130969 608346 126905 505372 323303 433195 327844 738253 351411 805077 104120 712057 594133 256008 403887 541225 660049 392747 645827 367642 286245 859386 553984 377955 243502 251883 493016 535770 272738 449227 738017 228817 423232 752928 175328 826425 256743 34713.1 615731 400451 807676 109490 18384.8 638727 528242 269616 181395 625269 514079 234182 273715 330879 281460 642848 
351142 737143 198116 304803 709820 718171 159355 159615 575265 521145 753154 533802 222443 389606 398984 504255 236129 583600 802043 416829 357144 271936 653967 792939 374733 215808 236890 672180 579008 474650 891162 224154 17720 393314 303041 622832 139946 614499 159778 499168 274345 492666 287785 718136 367325 804463 44147.5 679003 634255 203494 451426 515330 650130 400649 657749 412826 253207 813548 541531 318779 225009 306589 530872 582495 213588 489699 720878 238891 406282 708865 134201 783684 198668 94641.4 581124 388506 772690 132853 74966.7 638995 481226 212558 206015 601479 475925 278095 239270 285771 331146 672715 
161012 582204 245153 379638 760424 620455 164049 168074 489612 698279 597117 718925 281824 582619 205412 570576 362609 668566 635831 311853 195474 396102 510009 800690 309006 299608 293552 656293 475613 315767 898220 32756.7 182800 212551 367315 688077 240751 601798 295264 455580 104043 671704 155801 613601 411779 759682 159226 535000 732296 40000 583014 403441 582289 415415 661211 539182 303691 631751 473001 130269 204883 469588 626390 705471 117992 596142 625838 296892 338179 532541 212603 609743 16278.8 286309 436056 340654 620355 317200 264473 605376 301682 15652.5 310026 490719 325006 413165 151327 131214 477066 734507 
1.07296e+06 792945 779620 675643 308935 540296 1.10069e+06 841929 567116 873275 800643 938254 752001 978227 1.07961e+06 496473 771360 476018 869830 1.28959e+06 1.1502e+06 745059 739952 182124 680018 760282 1.20868e+06 329515 615497 824711 83546.4 965454 963612 912527 673406 403854 834550 380596 832005 535374 912437 881917 844636 566973 607297 303389 992484 738318 491229 942068 669881 671146 470864 577361 321055 671161 1.22442e+06 986250 547878 1.06145e+06 784253 812525 533000 599521 1.09481e+06 582818 529132 735405 655986 913081 1.10355e+06 916241 997507 945472 754404 643597 783022 1.05886e+06 942453 392983 904080 987099 776170 628536 798727 758009 830292 880600 755950 361681 
724407 540107 441192 359201 228116 309739 755499 497229 257329 678050 552667 739687 418169 728330 733771 243822 464247 303600 628466 938898 800250 446467 462455 173046 330080 433042 868680 39115.2 311580 495263 268213 614782 626752 570424 351070 243311 502260 30870.7 511383 188788 562296 675337 494518 333766 283521 198759 652458 470197 367793 591630 446561 348053 193941 238814 45276.9 426569 883915 728575 219545 711767 436867 541004 331857 446556 745356 364940 301359 402647 307508 634982 763614 660787 647244 624888 452010 293027 545338 737787 618013 82764.7 574138 636557 454139 334522 469588 466374 479827 530699 487231 248888 
785016 541912 521023 442143 253014 294959 831291 574167 283283 750915 552675 813548 499249 808418 790530 318148 547220 363142 627025 1.00572e+06 863669 529235 474017 131187 394872 515102 946717 46957.4 334791 537217 211540 683067 706355 623154 433803 294898 583316 104652 593879 248278 626718 749835 559072 321361 366351 125801 730973 477462 419649 661463 520899 384575 196041 320002 90138.8 503829 961736 734792 259124 774623 512191 622321 399164 508036 817110 436610 284886 484004 369131 649077 841887 665382 717510 707187 476428 360694 541089 819874 699938 103755 616695 705783 536646 352278 511220 548862 549979 594503 568008 287433 
390295 802075 259046 353454 755450 784969 159841 226318 641873 512352 817984 516871 279517 364005 439819 548804 271312 620967 865466 417939 382472 305408 719803 847496 441312 267675 197590 731686 646019 538243 945231 276904 84291.2 451957 354493 665586 195433 674003 199449 563413 333623 482648 352331 785092 420834 867097 89185.2 744883 666274 260225 473396 582307 715542 458878 714202 438475 214217 873183 607408 357951 291349 315930 565675 605400 233335 521433 787589 295195 472781 769954 109895 845499 244990 97989.8 646696 454070 837970 70491.1 90603.5 701145 540741 261324 252692 668506 540520 306023 305635 347807 350201 715761 
914254 593151 671430 593155 336341 341634 977754 722267 387487 880877 600421 944839 650385 951303 914866 456054 697789 480713 669024 1.14149e+06 995863 678761 544229 158294 533405 666571 1.09523e+06 198157 430890 646811 157309 822059 856417 744457 585158 406605 734401 255705 745349 386700 761830 882632 695014 367967 517610 104809 880135 540937 524114 802268 655397 493426 286575 471296 230152 643112 1.11003e+06 785980 379863 906697 659118 768196 525754 623362 959327 568392 330456 635268 505261 715549 990714 716045 858490 858676 565014 502403 582307 971334 851364 237002 725100 845684 688112 439874 621167 697545 691840 729241 712973 383647 
424005 452355 181397 203666 461686 360800 458093 208734 216566 622981 468880 669557 180499 592663 439933 307467 285412 415030 536173 632197 495868 292957 358422 478017 43657.8 211896 578871 331760 235034 263735 574770 307938 350721 292344 183208 408418 250288 277363 287976 135956 258368 606753 191408 365471 166436 444531 368109 380000 489204 284986 421372 193215 283989 125575 339094 379223 593034 594725 176479 408447 142948 409099 394129 505182 440165 386836 361865 174040 57201.4 484282 476001 541358 340837 384255 301440 23021.7 478845 486486 370012 283734 328635 329757 241357 263154 244769 320156 173243 228079 376485 447509 
592881 60307.5 631877 667281 745966 216843 789205 621786 286735 1.08361e+06 57688.8 1.13342e+06 641427 1.05839e+06 564646 699222 751513 792965 119105 827191 677921 759394 117686 638526 432807 674712 918009 501889 242547 310000 694606 593190 753956 423987 647383 749166 695255 497226 744039 412412 521599 1.06957e+06 486458 190066 613267 448018 753302 92649.9 866019 594781 866987 274117 324089 552685 561681 829483 927054 237693 341604 605178 566613 875631 798660 919772 727047 810808 227407 637942 409585 192720 835611 168834 637095 821572 191212 446813 32756.7 904204 802935 435299 346983 618052 704177 212137 300958 786570 532610 498128 840867 764094 
136894 673155 469503 604126 984371 779811 225462 392441 667027 887482 684882 897790 506063 747204 163918 796116 576725 893811 700607 103078 49769.5 611791 625135 1.01489e+06 513352 521310 290331 864653 639876 435619 1.11103e+06 232177 359518 317177 592436 913440 455706 812686 503724 659469 281044 858821 348776 767042 637122 951567 322490 647679 956640 259956 799116 567073 766562 637841 876174 756493 288141 656410 662922 135871 429393 669718 850620 925052 152895 818634 787265 521561 538658 582375 287571 658554 211249 460317 557790 549802 712733 439241 441376 807614 381084 215081 528247 646933 455412 625693 367898 313260 686385 959587 
420905 768595 184532 262101 661780 724798 231948 176853 580496 446052 784949 460114 197436 319889 467472 455070 176819 526499 838573 491044 431474 211009 681517 758254 381996 180025 291234 648179 591168 512938 855462 286086 83522.5 443948 264968 571386 115849 590712 106212 490931 326149 417739 326193 727562 332316 788777 119218 706142 572512 261457 382744 532902 646344 375151 626999 346227 307877 859247 541208 388816 234361 232459 471390 514566 288891 427604 726364 211596 412244 751963 196469 824710 266558 24839.5 610623 388001 802436 125284 5099.02 622389 529230 278354 161555 616007 510742 212615 270118 331622 260584 621579 
364664 895342 505693 624820 1.02988e+06 954059 184491 442757 822475 781683 908881 773885 536078 613360 407344 825222 556076 905001 935514 214283 295880 591331 832703 1.10201e+06 634768 534958 94593.9 969394 809230 636116 1.2006e+06 361964 327965 520128 621180 944153 458384 912637 480652 777578 433970 751160 489376 946816 682420 1.08556e+06 294496 857088 953757 371974 762896 736872 912965 706771 963870 727628 79075.9 904696 802798 344420 503589 603604 851499 894899 219538 808857 959488 553073 665492 821343 187523 899133 318763 387489 760059 661309 934679 306139 378419 925810 601163 336006 527410 823826 649726 594256 474958 463780 639669 993909 
711923 717346 334624 203416 207711 530665 652645 410468 425202 422976 732509 485077 299189 487643 737800 12727.9 279517 98020.4 806870 882844 769042 249018 626677 335360 360072 293165 741583 293205 472890 578234 424096 572800 498812 606100 211085 117444 369229 254024 349382 301573 547123 421171 488267 549623 166904 452391 533578 642260 171828 543103 192208 471239 412029 191909 239201 178045 758064 886454 370714 689543 374513 312083 86833.2 208060 671316 110073 524976 282652 359202 780108 639532 825412 590366 457849 588924 322025 733406 568793 459004 318523 645877 586919 299388 502573 557109 258631 445000 522810 255494 167362 
529914 165148 699743 769666 925054 418387 768752 666694 446161 1.18748e+06 157407 1.22997e+06 719186 1.13199e+06 488559 845719 835101 947424 97616.6 738978 603902 851143 237245 835558 526161 753165 889657 689292 392780 328123 898321 582719 776858 403398 749050 914095 752620 674354 808810 558710 521023 1.16919e+06 512268 391461 731400 654487 765687 229009 1.02262e+06 595063 988486 387072 510777 678122 744067 946884 895272 29614.2 495292 551951 626279 963789 942828 1.06123e+06 692931 945846 429466 720584 513249 86833.2 825409 41976.2 622319 862930 269787 553474 178045 924842 841975 618802 314159 603464 780974 366351 336144 877868 570544 508674 939083 936086 
355659 879128 471546 589187 994342 929475 153883 410250 796116 746090 893020 739327 501351 579031 400682 789367 519312 868441 922293 230868 293343 554495 813843 1.0686e+06 606040 499437 58420.9 937554 784653 617366 1.16718e+06 339094 292205 503168 585921 908155 422868 880596 444060 747599 411652 715599 464450 923018 647724 1.05596e+06 259509 838452 916848 346733 725739 712790 885183 673351 930798 690522 44045.4 896061 774815 332929 472086 566527 814747 857742 199565 771938 934615 518314 637047 809711 151208 887717 295244 350333 740665 631447 918264 269948 341353 895223 586341 313198 491337 800178 629848 557230 446753 440501 602508 957975 
598426 827641 234019 182784 504876 718229 439619 289993 580246 267060 844252 301423 210794 218888 639832 307483 94752.3 349611 908936 697376 624606 85615.4 734221 634761 412456 176980 491766 560651 608737 604822 725882 452212 283854 571616 200552 408711 201201 508004 143136 462992 467269 244125 438945 728517 253970 717006 322307 756419 381682 422404 179388 569956 616042 316267 521422 150013 508249 954679 529499 568177 308804 34409.3 290172 310942 490172 240832 716572 209609 434108 843602 403268 908051 446515 197975 672800 397200 855409 290993 210278 557818 644594 453072 150416 638003 594052 59481.1 377816 459471 56400.4 457605 
345172 795329 297229 405882 810660 800321 96254.9 248568 659640 581086 810760 583837 323209 428768 395455 604745 332277 681688 853202 349961 326057 367396 717586 893729 460663 317099 136029 770720 658119 528734 992041 252004 111772 431793 404353 722928 241230 713119 257406 592243 317506 551232 349046 798121 468531 899549 89286.1 742765 729754 242539 540231 590762 739715 500445 757998 504097 152502 851400 629880 313600 314341 384908 627702 672164 177282 584850 803857 339803 492443 751921 40311.3 828865 213321 165723 643623 478851 832517 117631 154845 735011 521077 231741 306472 678364 534329 370362 311777 337378 417494 772924 
489287 277483 375565 391042 512016 174106 606040 386000 46400.4 805084 293002 855815 377680 788155 484554 428077 481176 527788 366661 724636 574252 485479 186301 454816 173401 409216 734173 295968 38013.2 213490 537339 422587 528342 313383 371646 494276 443389 266008 484665 139119 353327 791624 293586 173000 334432 335622 538028 202272 602748 410946 588320 59682.5 148054 273761 339147 550538 746464 449444 76791.9 486400 322397 601614 526608 646780 566072 534838 178101 371317 143951 347800 637587 386095 464625 576168 159022 175328 296582 672465 560222 224635 292481 448288 438658 67675.7 187665 512455 315565 321562 564150 518376 
