45 90 12
777 335 649 27 763 426 211 429 862 135 22 167 11 373 784 324 413 980 862 281 84 505 313 895 814 364 87 178 403 399 676 12 94 570 467 902 652 280 865 619 31 771 709 856 586 683 528 829 270 715 796 245 921 488 841 500 124 856 227 936 437 407 858 237 818 11 776 763 606 818 369 996 470 499 644 139 669 464 355 611 299 568 311 801 878 736 522 416 924 624 
60 3.6 45.2 89.9 37.9 55 46.8 7.1 97.3 13.1 88.1 93 
1 3 11 9 2 2 10 6 9 6 4 9 6 9 1 7 7 11 11 10 10 1 4 2 2 2 2 2 3 7 11 8 4 4 5 1 6 10 8 0 4 6 1 1 6 
55.8746 13.4648 53.5059 55.9047 63.4679 12.4193 72.5989 53.4158 17.1593 97.2672 14.625 102.381 54.0941 95.4811 53.9268 58.386 64.7565 67.7632 22.184 79.8168 64.5868 65.3043 8.40536 53.7276 33.2519 57.3415 85.5746 39.3512 13.043 26.0548 60.1202 53.1899 67.2086 37.9803 53.9559 63.4679 60.096 38.461 64.6239 29.7794 45.9213 95.953 41.3272 9.86813 50.1855 36.105 67.5959 7.55844 75.0841 52.8186 75.3682 17.6082 21.4441 44.032 45.1136 71.6955 86.6266 32.7611 22.6632 56.5192 47.4684 76.9273 68.3316 80.4464 67.2287 69.6021 13.534 53.59 30.6341 24.9904 76.6512 25.8027 57.6011 73.1041 13.8235 34.1235 13.9556 82.0529 71.3595 32.4721 31.97 55.7671 60.2959 10.0404 24.3288 68.0089 45.1283 43.1677 73.2221 65.0886 
20.7077 74.027 52.3536 65.7606 104.459 85.03 24.6483 44.7166 73.7082 91.7154 75.1626 92.2835 55.9697 76.8214 23.0495 85.2838 62.1914 94.8171 76.4665 3.26497 11.9883 65.7578 69.4344 108.047 58.0332 57.2218 27.8742 93.1615 71.0303 50.5799 117.709 29.5169 39.5922 38.7551 64.7174 97.1113 50.3036 87.9005 54.6963 72.6959 34.869 88.7795 41.6125 83.7484 69.5117 102.097 35.756 71.6648 100.889 32.1076 84.3863 63.7452 83.6367 69.9385 94.14 80.2337 27.2606 71.5025 73.2145 20.601 48.907 70.6595 90.2898 97.1967 19.1416 86.8726 85.7756 57.5733 60.6337 64.5608 30.148 72.0847 26.8829 49.1261 62.7587 61.6001 77.9776 45.4324 47.4004 87.5622 44.982 27.561 57.6508 71.7424 52.578 66.9445 43.1335 38.1163 72.7749 101.804 
61.7331 18.4708 76.8238 82.8875 95.0598 42.4807 85.3642 74.0303 47.9413 124.812 17.0699 129.304 78.525 120.126 57.639 88.8708 90.0379 98.7079 9.48472 82.6828 69.1836 91.4161 27.4591 84.649 58.5484 81.9308 97.5649 70.8402 42.8823 40.131 90.1275 66.542 85.5587 48.5536 80.8335 94.8192 82.4093 70.0403 87.8877 59.9562 60.1694 123.113 58.8116 39.8026 78.5008 65.3735 84.6141 25.9141 106.144 67.6302 104.232 43.6818 52.9683 72.8616 76.6932 100.203 98.1565 8.66487 53.2008 63.8875 69.6103 102.844 98.7283 110.729 77.8895 99.4223 43.5344 78.5315 56.9148 16.5412 90.9321 8.94707 70.5861 93.8579 32.3932 60.9058 17.8025 100.463 91.799 64.0457 39.6279 68.6861 84.7765 39.989 40.5791 94.1171 64.4665 58.7335 100.06 96.6173 
48.2104 16.1335 46.185 49.7293 62.1297 17.0742 64.4597 45.6318 14.1439 91.5042 17.7234 96.3756 47.0472 88.7222 46.5473 54.5047 58.0352 64.4436 24.9948 72.1826 56.9309 58.8575 6.93542 54.5777 26.1706 50.3659 77.4354 39.2032 8.76413 18.3412 61.9536 45.0628 59.27 30.2002 47.7222 60.9085 52.63 37.14 57.381 25.6031 37.7955 90.0254 33.2074 15.2306 44.6185 39.2617 59.5627 8.63713 71.9236 44.6794 70.2204 10.2956 21.9495 38.7408 44.272 66.332 78.4893 33.4607 19.0339 48.7016 39.856 70.4751 64.3529 76.3574 59.1362 65.1038 18.0405 46.6804 23.8537 23.7539 68.5292 26.9846 49.4718 65.4663 7.0214 27.6221 18.3861 74.178 63.6692 32.0127 24.9161 47.6428 53.3146 6.30714 16.4158 61.5766 37.1383 35.0291 67.0866 63.104 
29.0765 83.0716 52.2529 65.1438 105.153 91.6273 20.501 45.101 79.296 85.9456 84.3168 85.7798 55.6511 69.9012 32.6075 85.1674 59.7943 93.9673 86.263 10.2591 21.0002 63.3975 77.6408 110.628 61.8328 56.2181 18.3521 96.4816 77.2796 58.1997 120.438 33.0905 36.4364 46.2922 64.438 97.1224 48.7483 90.9696 52.1254 76.4958 39.7283 82.9292 46.0431 90.6148 69.9952 106.832 32.6466 79.9882 99.4542 34.9361 81.4711 69.9463 88.8609 71.4709 96.6832 77.6089 17.3104 82.1269 78.0467 27.8189 50.4177 66.4447 88.9756 94.5838 19.3104 85.0869 92.2766 57.3385 64.72 74.5325 24.0277 82.2049 29.3138 44.4792 70.6208 64.982 87.0334 38.422 43.1237 91.4749 53.6035 30.6438 56.0394 78.3751 59.8976 64.1355 46.0218 42.9446 69.3681 101.993 
62.2509 94.6451 33.8095 33.7717 66.798 86.5427 40.566 36.3573 72.3398 27.5772 96.3052 27.2244 33.0056 11.868 66.9933 47.4735 23.294 50.7312 102.199 66.1613 62.5353 24.3033 85.555 80.2611 53.8543 29.8203 41.2045 72.6823 74.5085 70.2058 89.3031 48.9752 28.4042 64.3467 35.2057 57.126 27.8196 67.3131 22.5843 61.3874 52.7311 24.5231 51.9455 87.3028 41.3205 88.1656 31.4453 87.9223 52.7828 46.4844 31.9401 69.6854 77.0042 47.2612 68.9162 30.3916 42.6938 105.238 67.6078 59.0188 40.6971 15.7991 44.7282 43.982 47.7504 39.6415 86.4903 33.6168 56.4841 94.3203 35.0771 101.332 46.9051 17.9725 78.8396 53.2223 97.7658 20.201 20.1638 72.0044 72.6353 48.1578 26.8812 77.2853 69.644 22.1903 45.9778 52.9703 21.4308 61.8945 
59.22 47.6707 31.9781 26.3372 31.7057 29.2335 62.5895 36.9238 18.2538 64.047 49.1428 69.7227 30.1796 65.8614 60.3339 23.0853 36.9049 32.5867 56.6562 80.5355 66.7115 35.9234 38.8398 30.5668 19.7396 32.2262 74.213 15.9298 23.2551 37.9438 40.1696 48.1274 50.3849 44.338 25.0008 29.1084 38.4896 10.3966 40.3273 6.81836 42.9121 63.1926 36.14 30.9079 18.8409 28.9588 52.7 40.2126 40.0262 45.8345 41.2147 24.5122 17.8519 12.9035 16.8238 38.0848 75.6997 65.2856 12.9252 57.8835 30.6804 46.7051 33.0341 45.1586 61.2772 34.6157 28.8002 28.7904 17.6876 55.0563 63.7558 58.9042 51.409 51.3806 35.9924 15.9615 49.0918 62.4468 50.4311 12.3223 45.6232 50.3171 34.7062 26.1375 35.4746 38.3115 34.6554 39.7725 41.8961 31.7498 
95.5327 68.6321 67.1361 57.4674 25.0639 43.3115 98.9615 73.0906 45.0161 81.3983 69.5035 87.8822 64.5484 90.2286 96.1545 40.9246 67.4396 41.0312 76.6261 117.349 103.309 65.0632 62.8478 8.08084 56.317 65.627 110.041 21.2002 49.9433 70.6989 4.71699 84.9734 85.647 79.4326 57.0478 33.5149 72.8962 26.4643 73.0791 41.7825 79.555 81.9061 72.777 46.0088 50.3227 20.1102 88.3956 62.8371 44.1852 82.6937 59.7478 55.3615 35.5578 46.8129 21.0297 59.2277 111.591 88.0275 42.9773 94.4217 67.1678 72.7659 46.2212 54.6594 98.0814 50.9274 42.2076 62.9222 53.86 80.2761 99.5201 81.0223 88.2632 84.4806 63.939 52.7371 67.9239 95.8405 84.031 27.4782 78.6408 87.1763 67.4122 51.3693 68.0995 66.598 71.514 76.3572 67.1206 30.2367 
79.9361 63.4253 48.4633 38.1725 13.6953 39.9025 80.7035 54.8715 35.1962 64.2832 64.6574 70.6614 45.6616 71.5749 81.2296 21.9823 48.0585 24.626 72.2244 100.543 87.1732 45.6826 55.7315 11.5004 40.5255 46.513 91.346 11.0059 40.6262 58.4508 21.2455 68.1281 66.8243 65.3104 37.853 17.5354 53.9157 12.2 53.8093 27.3339 63.4315 64.424 56.7134 42.4011 31.2021 24.4561 69.742 56.4831 29.9348 65.6037 41.708 44.0239 28.6503 28.3551 4.96488 40.6241 92.9252 82.3303 31.2271 78.4398 49.3315 53.6656 28.7903 39.0923 80.5256 32.997 38.9979 44 38.6432 72.985 80.8372 75.5358 71.0436 65.1959 54.6234 36.5831 63.8477 76.5536 64.8124 17.5684 66.2689 70.1468 48.1773 42.9409 55.913 47.2527 54.5117 60.3757 48.0538 16.6883 
69.1876 38.2027 50.7347 46.8675 40.425 13.381 78.4985 54.1651 15.7953 83.8285 39.2255 89.7157 49.5956 86.4589 68.8625 41.0239 57.354 48.3076 46.6135 92.4741 77.5818 56.5134 31.964 28.9558 33.2737 52.0465 90.9164 15.728 19.8457 41.5524 35.4865 61.3425 68.3518 51.7487 45.4274 42.5466 57.5587 17.1703 60.1699 20.0569 54.7995 83.1941 48.3741 16.0078 39.4438 13.1605 70.0834 32.04 54.9459 59.7476 60.6942 26.331 5.65862 33.3636 22.1326 57.994 92.2775 57.5634 16.4247 68.7236 47.5758 67.309 50.5223 62.3501 75.5159 53.2017 12.3976 48.3994 30.1582 49.424 80.7624 50.589 65.3093 70.8308 33.3458 31.122 37.9954 81.5429 69.6509 10.4809 49.3235 63.8351 54.7091 20.7793 39.0128 58.9227 49.1981 51.5461 62.4292 43.0116 
30.9919 75.4987 27.145 38.7569 79.2669 76.3333 7.7 21.6518 62.3491 59.4024 77.0388 60.0913 30.0083 44.9222 36.0001 58.8002 32.2444 66.9283 81.2682 33.7006 29.7397 35.8265 67.7625 86.9166 42.5554 29.7741 15.7867 74.2418 62.0549 48.833 96.7678 21.1698 9.0802 39.1389 38.4194 70.7025 22.1165 68.4996 24.6008 55.9923 27.6991 56.4685 30.9414 76.0585 44.6387 86.802 5.86003 70.2802 72.0528 20.2032 53.6958 55.2523 70.5365 47.4435 73.2274 49.8839 17.3404 81.1263 59.5202 27.7937 28.1539 38.8062 61.6967 66.8303 14.8071 57.6014 76.7096 31.6986 45.7299 71.1512 5.26972 78.8409 17.3666 16.9358 60.3619 44.5466 79.2246 14.7611 15.4042 70.4376 48.0688 19.1859 29.0505 64.0281 49.4128 36.4157 27.3995 29.7069 41.5814 75.6726 
67.7632 82.1663 28.6398 17.4152 38.486 67.6018 55.0974 35.8431 54.8923 25.655 83.7922 31.1713 25.2517 29.4613 71.4077 20.1358 16.1372 22.419 90.7727 80.3338 71.5672 12.6321 72.7641 52.805 41.5621 22.6135 61.4369 47.6592 58.6669 62.8618 61.4586 52.9967 39.176 61.922 19.4494 28.8087 28.2639 42.9745 23.6349 42.3515 52.9317 24.6435 48.7083 69.0456 21.5337 63.6284 43.0215 74.7468 25.3712 49.9027 6.1131 56.2346 56.4075 27.6626 42.8378 2.20227 63.0968 96.8407 49.4581 64.9648 35.4256 12.6052 16.421 19.0373 59.1684 11.3811 67.2477 24.272 42.9317 85.7702 52.1295 91.5101 53.3135 31.9075 67.4775 38.9283 84.4808 41.8019 32.7918 48.7922 68.097 53.6046 21.2038 61.701 61.3209 11.4285 42.9791 51.4437 7.22496 33.5418 
70.9941 67.2423 34.9567 22.7798 17.9494 47.5896 67.3146 42.2235 37.8155 48.4373 68.7154 54.6452 31.6443 54.5485 73.2069 5.0636 31.7616 13.0177 76.2266 89.3302 77.2324 29.0689 58.3618 28.2177 33.9037 31.6834 76.9332 23.1821 42.8118 55.1725 37.4621 57.6238 52.4138 59.0953 23.0202 10.9895 39.3314 19.3871 38.1872 25.8936 54.3266 48.2474 48.0829 49.5904 17.2363 39.1004 55.6909 59.7773 20.5 54.7691 25.3492 43.3866 35.6519 17.5935 17.8362 23.7356 78.5604 84.6694 32.4902 68.9705 37.822 36.5571 14.14 26.1138 68.4451 17.1026 46.9691 29.9429 33.3017 74.2437 66.5586 78.385 59.7945 49.3834 55.0986 29.9015 68.6359 60.6565 49.2647 25.9332 62.2984 59.2567 32.8123 45.7089 52.9199 30.4171 44.3677 51.6612 30.9401 15.2434 
61.0816 46.6953 34.8323 29.2171 31.3844 27.128 65.2056 39.6295 17.2409 66.4172 48.1203 72.1688 33.0841 68.6069 62.0059 24.7491 39.8005 33.7535 55.6821 82.7179 68.7221 38.7675 38.097 28.6775 21.7002 35.1511 76.9275 13.5059 22.4876 38.6999 38.1189 50.37 53.1945 45.7389 27.9065 29.6933 41.3783 8.3006 43.2539 7.58947 44.942 65.6385 38.1619 28.9519 21.6834 26.05 55.4563 39.3146 41.0742 48.1582 43.4578 24.6203 15.4693 15.8155 15.2765 40.4734 78.4031 64.7013 12.2723 59.8559 33.317 49.4605 34.6586 46.7732 63.6965 36.5604 26.6222 31.7052 19.3794 54.6949 66.4892 58.1929 53.7552 54.2977 35.7897 18.1157 47.9038 65.3499 53.3368 9.41116 46.4991 52.6095 37.6336 25.2385 36.1757 41.13 36.9969 41.7612 44.5822 31.918 
14.4475 66.0512 35.2264 48.6215 87.5685 72.6693 11.738 27.6176 60.1041 76.3497 67.4214 77.5441 38.8346 62.7271 19.3794 68.203 45.2991 77.6804 70.3077 19.6352 11.7201 48.8337 59.7814 91.9472 42.662 40.096 22.2946 77.5021 58.2507 40.1299 101.706 13.8452 23.4798 28.5012 47.5943 80.0625 33.2826 72.0642 37.9269 57.3569 20.573 73.507 26.7978 71.7696 52.509 87.5939 19.8295 62.2113 83.7558 15.8398 67.537 50.9338 69.6208 53.2541 77.9976 63.3167 22.7741 68.0077 58.7986 11.7047 32.1174 54.467 73.155 80.2309 3.28024 69.7786 73.2823 40.4447 45.511 59.1143 18.2455 66.9214 10.265 33.6786 52.5476 45.9152 69.9779 32.6585 31.7345 72.3355 36.711 11.4337 40.5998 59.4829 41.564 50.1499 27.013 23.7531 56.1649 84.7923 
33.8479 22.3511 53.1008 61.9487 84.5568 41.7757 57.413 48.8035 37.8942 102.868 23.1664 106.621 55.5237 95.7427 30.0375 72.9583 67.0814 83.6059 23.7036 55.8628 41.653 69.1274 21.5058 79.1768 38.497 58.8401 69.527 63.3998 32.6939 16.5529 86.9975 38.9659 58.8344 21.2144 59.9204 81.5873 57.7027 60.4015 63.529 46.1112 33.1038 100.8 33.1724 39.4975 59.4792 64.5864 57.4808 22.8219 91.1454 40.3764 84.5687 28.6007 46.993 55.0619 67.7366 80.1974 70.112 21.009 41.3586 35.8833 45.6213 79.9181 82.1035 93.3756 49.8515 81.5457 42.8339 55.9473 38.1602 11.9 63.1114 19.6431 42.8404 67.8852 18.6124 41.9955 26.1176 73.4415 65.7408 56.2161 12.4808 40.9693 61.4398 31.1965 18.4054 71.7016 39.2445 32.2416 78.1049 84.618 
43.1393 18.0069 61.7518 69.7269 88.927 41.6203 67.0773 57.9118 41.1024 111.152 18.1571 115.137 63.9515 104.732 39.0565 79.0974 75.559 89.5559 15.9731 64.3442 50.6222 77.3997 21.3883 81.7296 45.6581 67.3181 79.1154 66.4007 35.6742 24.5349 88.828 48.6467 68.377 30.8235 67.6737 86.8763 66.6888 64.1363 72.4311 51.0784 42.6804 109.192 42.3232 39.0621 66.5706 65.2435 67.1059 21.6481 97.1136 50.0073 92.061 33.3808 49.0251 61.665 71.355 87.7798 79.6684 11.3217 45.412 45.3296 54.3104 88.4372 88.5624 100.149 59.4462 88.425 42.7329 64.2385 44.8116 4.62277 72.8006 10.8467 52.5336 77.2583 21.8509 48.792 21.0155 83.0569 75.1322 59.2041 21.9693 50.6616 70.0118 33.5001 25.807 80.0272 48.2996 41.6581 86.3114 89.5075 
73.2563 60.2764 41.4074 31.4025 16.9664 38.2341 73.631 47.8006 31.1662 60.3858 61.6159 66.6251 38.643 66.3001 74.7086 17.0658 41.5047 22.5411 69.2117 93.5975 80.3622 39.3126 52.0463 18.4174 34.0026 39.5828 84.3047 11.3635 36.5548 52.8765 28.2406 61.2119 59.8001 59.08 30.9743 16.7263 46.9297 8.90505 47.0032 21.6592 56.6768 60.2416 49.9985 40.5222 24.2671 27.1448 62.6907 53.0634 29.0663 58.6489 37.3451 39.0415 26.3837 21.284 5.9 35.6721 85.88 78.725 26.5731 71.6771 42.2916 47.931 25.4578 36.8376 73.4932 28.9748 37.4606 36.99 32.3364 68.9348 73.7922 72.0878 64.0614 58.4062 50.1496 29.9923 61.1036 69.7657 57.9573 15.5567 60.5714 63.1956 41.3353 39.1349 50.3925 41.0444 47.5946 53.6656 42.4062 17.9388 
25.2771 78.8483 54.5674 67.8473 107.109 89.4043 24.8974 47.0545 77.8165 91.7397 79.9978 91.9614 58.1234 76.2685 27.8686 87.6108 63.5784 96.893 81.3607 2.33238 16.5849 67.1739 74.1243 111.331 61.591 59.1261 25.7303 96.6555 75.3023 55.1272 121.05 32.7947 40.5191 43.2484 66.9247 99.5073 51.957 91.3085 55.9772 76.2969 38.6167 88.7614 45.2816 88.1827 72.0118 106.015 36.6553 76.377 102.754 35.171 85.6344 67.9915 87.6644 72.8045 97.3926 81.5893 24.8709 76.4006 77.1167 24.8697 51.6733 71.3278 92.1816 98.5926 20.906 88.5757 90.1282 59.766 64.2872 69.4622 29.6816 76.9921 29.7249 49.5101 67.3769 65.0416 82.8022 44.72 47.931 91.2257 49.7112 30.642 59.3249 76.1079 57.0646 68.1851 46.3249 41.8809 73.7902 104.271 
85.2416 56.9022 59.7478 51.7731 28.3064 31.6057 90.6448 64.9887 33.5678 81.2316 57.807 87.5825 57.5806 87.8014 85.5585 38.3881 62.2367 41.5843 64.9998 107.633 93.2537 60.3484 51.0393 11.8191 46.6138 59.1531 102.265 12.3483 38.3437 59.4358 16.4438 75.4936 78.2739 68.6442 50.9816 34.3351 65.9873 18.1177 67.0108 31.9 69.6724 81.2981 62.9382 34.3071 44.2233 9.35361 80.7094 51.0358 46.4665 73.4139 58.4829 44.0505 23.8757 39.6548 15.6051 57.0842 103.759 76.3024 32.034 84.3356 58.7429 69.3877 45.7739 56.0045 89.0498 49.8623 30.5105 56.0551 43.9141 68.469 91.7911 69.3006 79.0302 78.3534 52.2403 43.3429 56.3028 89.6308 77.6414 16.98 67.3513 77.8083 61.2865 39.6561 56.8434 62.2448 62.3041 66.429 63.8905 32.6087 
50.3086 75.8238 15.1344 15.5756 53.9268 67.2596 35.3566 19.759 53.0212 35.994 77.4878 38.9166 13.7753 28.1812 54.464 33.3209 5.28394 39.8841 83.636 60.8113 53.0224 8.34506 66.6197 64.7864 34.6655 10.5109 41.999 55.2197 55.2001 52.3534 74.328 35.7001 19.4805 48.1769 16.5979 44.6794 10.7331 49.6179 4.81041 42.2734 37.4339 33.5418 35.0407 67.9857 23.2019 70.1795 23.3418 68.942 44.3717 32.733 25.7002 50.5371 57.9615 28.6505 52.2732 21.8563 43.6634 87.4818 48.3426 47.2848 22.4931 12.7758 34.3001 38.8027 39.8453 29.8814 67.2287 14.2948 37.2156 76.4268 32.4261 83.1472 35.1332 12.7405 60.1041 33.9001 78.8242 23.7245 13.2306 53.7149 55.7883 35.7737 7.56108 57.9967 51.4995 8.40952 28.9007 36.8456 13.8611 49.6971 
83.9174 76.4137 47.5395 34.78 6.5 54.3647 79.6786 54.9484 47.119 50.7285 77.7769 57.2197 44.1082 60.5615 86.0759 14.7122 42.5466 10.4235 85.3696 102.144 90.1613 39.4098 68.0207 23.0497 46.3492 43.78 88.7764 26.1817 52.437 67.0329 30.2952 70.5457 64.4376 71.68 35.3344 3.17805 51.423 25.0928 49.5767 36.4803 67.2402 51.3165 60.9493 56.7008 30.0083 40.1882 67.8617 69.1365 14.2667 67.6772 29.7195 54.2038 42.5846 30.4385 19.6703 30.0468 90.4221 94.6607 42.2396 81.9054 50.7241 44.5067 16.0328 24.135 81.1607 21.044 53.5564 42.4213 45.4318 84.6463 78.5379 88.1055 72.6579 60.3858 65.654 42.2896 77.3162 71.419 60.5325 31.6183 74.4043 72.1535 44.5358 55.1218 64.6743 40.1648 57.3027 64.5446 38.9076 2.30868 
62.6671 13.3754 61.3022 63.2219 67.4754 13.9786 80.2556 61.3059 23.72 104.251 13.6927 109.499 61.7978 103.012 60.3829 64.3351 72.3086 73.2446 20.1636 86.4974 71.3371 72.727 13.8293 55.9937 41.0157 65.013 93.2269 42.8616 20.3961 33.1308 61.3306 60.7705 75.0941 45.0131 61.3091 68.43 67.9283 42.9298 72.3849 36.3418 53.5045 103.036 49.1009 11.4237 57.2177 36.6067 75.4528 11.7478 80.3971 60.5072 82.0337 25.4788 25.4395 50.9645 49.0306 78.5064 94.2501 32.0295 29.1894 63.5152 55.339 84.3294 74.2701 86.3932 74.6867 75.88 14.9616 61.2426 38.3193 26.6923 84.4152 25.1098 65.1878 80.9719 20.6903 41.6909 11.5412 89.9444 79.237 36.4966 38.3192 63.3338 67.965 17.5308 31.6362 75.4184 53 50.8276 80.4671 69.5935 
55.6386 50.0564 26.1859 20.5292 33.2417 33.8565 57.3071 31.4917 21.3715 59.4246 51.6047 64.9111 24.2621 60.3511 57.164 20.6671 31.0363 31.0221 58.9665 76.1804 62.7694 30.2002 40.8873 34.9206 16.5677 26.2612 68.6985 21.3002 25.7235 36.9915 44.7073 43.7453 44.6768 41.8922 19.1128 28.8998 32.6057 15.5618 34.3594 8.7046 39.0591 58.3959 32.3784 35.2602 13.1939 34.9057 47.1123 42.5353 38.5798 41.2769 37.0028 25.2771 23.0645 7.02567 20.969 33.5394 70.2084 66.7776 15.8619 54.0626 25.4568 41.1958 30.4133 42.3835 56.4415 31.2046 33.5477 22.8484 15.347 56.177 58.2081 60.6867 46.7723 45.4301 37.0417 12.5 51.8693 56.5242 44.5048 18.2784 44.301 45.8088 28.7392 28.7446 34.6873 32.6535 30.14 36.0457 36.5757 32.3223 
25.9946 63.4716 17.1677 30.3592 70.0316 63.4924 15.9201 10.0449 49.5368 59.9421 65.0495 61.9776 20.662 48.4737 30.4508 50.2004 27.0474 59.4079 69.7093 37.8652 28.5063 30.5287 55.4193 76.0013 29.852 21.6933 27.8632 62.5761 49.2196 37 85.8539 12.0673 9.0802 28.5701 29.4735 62.1332 14.9091 56.9008 19.9424 43.6481 16.6739 57.2689 18.5335 63.2229 34.8673 74.5058 8.15843 57.9351 65.3649 9.68762 49.2709 42.457 57.8731 36.5591 62.1264 44.99 29.2576 70.614 46.8334 22.8729 16.0031 37.1841 54.771 61.8496 16.5846 51.3469 63.8719 22.3235 33.0151 60.1978 17.7609 67.7239 10.5991 18.9621 48.0577 32.079 67.1075 23.8103 16.761 58.3343 37.3729 11.4769 22.1822 51.2197 37.302 32.0056 14.5674 17.9388 38.2378 66.9573 
54.3281 8.17863 55.766 59.2225 68.628 17.5251 72.6364 54.9742 21.6668 100.893 9.42444 105.846 56.6634 98.3358 51.9582 62.8924 67.6416 72.4754 17.0188 78.1072 62.9756 68.4229 5.44059 59.0425 35.7883 59.9835 85.58 44.6171 16.9532 25.038 65.3885 53.0637 68.3895 36.8246 57.2295 68.386 62.1612 43.5784 66.9722 34.0649 45.8279 99.4694 41.8728 14.8852 53.8889 41.2478 68.4808 3.30151 79.8537 53.0024 79.3385 19.9123 26.711 47.8754 50.3171 75.545 86.5504 27.4467 27.0756 55.2635 49.3356 80.0465 72.8176 84.9038 66.7809 73.8783 18.643 56.2971 33.444 19.9612 77.0406 20.4883 57.4783 74.8969 12.657 37.1656 9.20054 83.3725 73.0641 37.691 29.9 55.598 62.9321 13.9313 23.7609 71.1406 46.2261 43.3029 76.582 70.1372 
41.0235 77.3296 19.8595 28.2144 68.2807 73.6174 21.2763 18.312 59.203 46.1885 78.956 47.376 21.4086 33.0044 45.7587 47.6114 19.8346 54.8074 84.1758 47.2424 41.7164 23.2622 68.7285 77.7746 39.2562 19.8567 26.9602 66.5904 60.1002 51.519 87.5134 27.9122 7.16938 44.1862 28.4345 59.2663 13.0969 60.8346 12.6905 50.5372 32.3303 43.3195 32.7844 73.8253 35.1411 80.5077 10.412 71.2057 59.4133 25.6008 40.3887 54.1225 66.0049 39.2747 64.5827 36.7642 28.6245 85.9386 55.3984 37.7955 24.3502 25.1883 49.3016 53.577 27.2738 44.9227 73.8017 22.8817 42.3232 75.2928 17.5328 82.6425 25.6743 3.47131 61.5731 40.0451 80.7676 10.949 1.83848 63.8727 52.8242 26.9616 18.1395 62.5269 51.4079 23.4182 27.3715 33.0879 28.146 64.2848 
35.1142 73.7143 19.8116 30.4803 70.982 71.8171 15.9355 15.9615 57.5265 52.1145 75.3154 53.3802 22.2443 38.9606 39.8984 50.4255 23.6129 58.36 80.2043 41.6829 35.7144 27.1936 65.3967 79.2939 37.4733 21.5808 23.689 67.218 57.9008 47.465 89.1162 22.4154 1.772 39.3314 30.3041 62.2832 13.9946 61.4499 15.9778 49.9168 27.4345 49.2666 28.7785 71.8136 36.7325 80.4463 4.41475 67.9003 63.4255 20.3494 45.1426 51.533 65.013 40.0649 65.7749 41.2826 25.3207 81.3548 54.1531 31.8779 22.5009 30.6589 53.0872 58.2495 21.3588 48.9699 72.0878 23.8891 40.6282 70.8865 13.4201 78.3684 19.8668 9.46414 58.1124 38.8506 77.269 13.2853 7.49667 63.8995 48.1226 21.2558 20.6015 60.1479 47.5925 27.8095 23.927 28.5771 33.1146 67.2715 
16.1012 58.2204 24.5153 37.9638 76.0424 62.0455 16.4049 16.8074 48.9612 69.8279 59.7117 71.8925 28.1824 58.2619 20.5412 57.0576 36.2609 66.8566 63.5831 31.1853 19.5474 39.6102 51.0009 80.069 30.9006 29.9608 29.3552 65.6293 47.5613 31.5767 89.822 3.27567 18.28 21.2551 36.7315 68.8077 24.0751 60.1798 29.5264 45.558 10.4043 67.1704 15.5801 61.3601 41.1779 75.9682 15.9226 53.5 73.2296 4 58.3014 40.3441 58.2289 41.5415 66.1211 53.9182 30.3691 63.1751 47.3001 13.0269 20.4883 46.9588 62.639 70.5471 11.7992 59.6142 62.5838 29.6892 33.8179 53.2541 21.2603 60.9743 1.62788 28.6309 43.6056 34.0654 62.0355 31.72 26.4473 60.5376 30.1682 1.56525 31.0026 49.0719 32.5006 41.3165 15.1327 13.1214 47.7066 73.4507 
107.296 79.2945 77.962 67.5643 30.8935 54.0296 110.069 84.1929 56.7116 87.3275 80.0643 93.8254 75.2001 97.8227 107.961 49.6473 77.136 47.6018 86.983 128.959 115.02 74.5059 73.9952 18.2124 68.0018 76.0282 120.868 32.9515 61.5497 82.4711 8.35464 96.5454 96.3612 91.2527 67.3406 40.3854 83.455 38.0596 83.2005 53.5374 91.2437 88.1917 84.4636 56.6973 60.7297 30.3389 99.2484 73.8318 49.1229 94.2068 66.9881 67.1146 47.0864 57.7361 32.1055 67.1161 122.442 98.625 54.7878 106.145 78.4253 81.2525 53.3 59.9521 109.481 58.2818 52.9132 73.5405 65.5986 91.3081 110.355 91.6241 99.7507 94.5472 75.4404 64.3597 78.3022 105.886 94.2453 39.2983 90.408 98.7099 77.617 62.8536 79.8727 75.8009 83.0292 88.06 75.595 36.1681 
72.4407 54.0107 44.1192 35.9201 22.8116 30.9739 75.5499 49.7229 25.7329 67.805 55.2667 73.9687 41.8169 72.833 73.3771 24.3822 46.4247 30.36 62.8466 93.8898 80.025 44.6467 46.2455 17.3046 33.008 43.3042 86.868 3.91152 31.158 49.5263 26.8213 61.4782 62.6752 57.0424 35.107 24.3311 50.226 3.08707 51.1383 18.8788 56.2296 67.5337 49.4518 33.3766 28.3521 19.8759 65.2458 47.0197 36.7793 59.163 44.6561 34.8053 19.3941 23.8814 4.52769 42.6569 88.3915 72.8575 21.9545 71.1767 43.6867 54.1004 33.1857 44.6556 74.5356 36.494 30.1359 40.2647 30.7508 63.4982 76.3614 66.0787 64.7244 62.4888 45.201 29.3027 54.5338 73.7787 61.8013 8.27647 57.4138 63.6557 45.4139 33.4522 46.9588 46.6374 47.9827 53.0699 48.7231 24.8888 
78.5016 54.1912 52.1023 44.2143 25.3014 29.4959 83.1291 57.4167 28.3283 75.0915 55.2675 81.3548 49.9249 80.8418 79.053 31.8148 54.722 36.3142 62.7025 100.572 86.3669 52.9235 47.4017 13.1187 39.4872 51.5102 94.6717 4.69574 33.4791 53.7217 21.154 68.3067 70.6355 62.3154 43.3803 29.4898 58.3316 10.4652 59.3879 24.8278 62.6718 74.9835 55.9072 32.1361 36.6351 12.5801 73.0973 47.7462 41.9649 66.1463 52.0899 38.4575 19.6041 32.0002 9.01388 50.3829 96.1736 73.4792 25.9124 77.4623 51.2191 62.2321 39.9164 50.8036 81.711 43.661 28.4886 48.4004 36.9131 64.9077 84.1887 66.5382 71.751 70.7187 47.6428 36.0694 54.1089 81.9874 69.9938 10.3755 61.6695 70.5783 53.6646 35.2278 51.122 54.8862 54.9979 59.4503 56.8008 28.7433 
39.0295 80.2075 25.9046 35.3454 75.545 78.4969 15.9841 22.6318 64.1873 51.2352 81.7984 51.6871 27.9517 36.4005 43.9819 54.8804 27.1312 62.0967 86.5466 41.7939 38.2472 30.5408 71.9803 84.7496 44.1312 26.7675 19.759 73.1686 64.6019 53.8243 94.5231 27.6904 8.42912 45.1957 35.4493 66.5586 19.5433 67.4003 19.9449 56.3413 33.3623 48.2648 35.2331 78.5092 42.0834 86.7097 8.91852 74.4883 66.6274 26.0225 47.3396 58.2307 71.5542 45.8878 71.4202 43.8475 21.4217 87.3183 60.7408 35.7951 29.1349 31.593 56.5675 60.54 23.3335 52.1433 78.7589 29.5195 47.2781 76.9954 10.9895 84.5499 24.499 9.79898 64.6696 45.407 83.797 7.04911 9.06035 70.1145 54.0741 26.1324 25.2692 66.8506 54.052 30.6023 30.5635 34.7807 35.0201 71.5761 
91.4254 59.3151 67.143 59.3155 33.6341 34.1634 97.7754 72.2267 38.7487 88.0877 60.0421 94.4839 65.0385 95.1303 91.4866 45.6054 69.7789 48.0713 66.9024 114.149 99.5863 67.8761 54.4229 15.8294 53.3405 66.6571 109.523 19.8157 43.089 64.6811 15.7309 82.2059 85.6417 74.4457 58.5158 40.6605 73.4401 25.5705 74.5349 38.67 76.183 88.2632 69.5014 36.7967 51.761 10.4809 88.0135 54.0937 52.4114 80.2268 65.5397 49.3426 28.6575 47.1296 23.0152 64.3112 111.003 78.598 37.9863 90.6697 65.9118 76.8196 52.5754 62.3362 95.9327 56.8392 33.0456 63.5268 50.5261 71.5549 99.0714 71.6045 85.849 85.8676 56.5014 50.2403 58.2307 97.1334 85.1364 23.7002 72.51 84.5684 68.8112 43.9874 62.1167 69.7545 69.184 72.9241 71.2973 38.3647 
42.4005 45.2355 18.1397 20.3666 46.1686 36.08 45.8093 20.8734 21.6566 62.2981 46.888 66.9557 18.0499 59.2663 43.9933 30.7467 28.5412 41.503 53.6173 63.2197 49.5868 29.2957 35.8422 47.8017 4.36578 21.1896 57.8871 33.176 23.5034 26.3735 57.477 30.7938 35.0721 29.2344 18.3208 40.8418 25.0288 27.7363 28.7976 13.5956 25.8368 60.6753 19.1408 36.5471 16.6436 44.4531 36.8109 38 48.9204 28.4986 42.1372 19.3215 28.3989 12.5575 33.9094 37.9223 59.3034 59.4725 17.6479 40.8447 14.2948 40.9099 39.4129 50.5182 44.0165 38.6836 36.1865 17.404 5.72014 48.4282 47.6001 54.1358 34.0837 38.4255 30.144 2.30217 47.8845 48.6486 37.0012 28.3734 32.8635 32.9757 24.1357 26.3154 24.4769 32.0156 17.3243 22.8079 37.6485 44.7509 
59.2881 6.03075 63.1877 66.7281 74.5966 21.6843 78.9205 62.1786 28.6735 108.361 5.76888 113.342 64.1427 105.839 56.4646 69.9222 75.1513 79.2965 11.9105 82.7191 67.7921 75.9394 11.7686 63.8526 43.2807 67.4712 91.8009 50.1889 24.2547 31 69.4606 59.319 75.3956 42.3987 64.7383 74.9166 69.5255 49.7226 74.4039 41.2412 52.1599 106.957 48.6458 19.0066 61.3267 44.8018 75.3302 9.26499 86.6019 59.4781 86.6987 27.4117 32.4089 55.2685 56.1681 82.9483 92.7054 23.7693 34.1604 60.5178 56.6613 87.5631 79.866 91.9772 72.7047 81.0808 22.7407 63.7942 40.9585 19.272 83.5611 16.8834 63.7095 82.1572 19.1212 44.6813 3.27567 90.4204 80.2935 43.5299 34.6983 61.8052 70.4177 21.2137 30.0958 78.657 53.261 49.8128 84.0867 76.4094 
13.6894 67.3155 46.9503 60.4126 98.4371 77.9811 22.5462 39.2441 66.7027 88.7482 68.4882 89.779 50.6063 74.7204 16.3918 79.6116 57.6725 89.3811 70.0607 10.3078 4.97695 61.1791 62.5135 101.489 51.3352 52.131 29.0331 86.4653 63.9876 43.5619 111.103 23.2177 35.9518 31.7177 59.2436 91.344 45.5706 81.2686 50.3724 65.9469 28.1044 85.8821 34.8776 76.7042 63.7122 95.1567 32.249 64.7679 95.664 25.9956 79.9116 56.7073 76.6562 63.7841 87.6174 75.6493 28.8141 65.641 66.2922 13.5871 42.9393 66.9718 85.062 92.5052 15.2895 81.8634 78.7265 52.1561 53.8658 58.2375 28.7571 65.8554 21.1249 46.0317 55.779 54.9802 71.2733 43.9241 44.1376 80.7614 38.1084 21.5081 52.8247 64.6933 45.5412 62.5693 36.7898 31.326 68.6385 95.9587 
42.0905 76.8595 18.4532 26.2101 66.178 72.4798 23.1948 17.6853 58.0496 44.6052 78.4949 46.0114 19.7436 31.9889 46.7472 45.507 17.6819 52.6499 83.8573 49.1044 43.1474 21.1009 68.1517 75.8254 38.1996 18.0025 29.1234 64.8179 59.1168 51.2938 85.5462 28.6086 8.35225 44.3948 26.4968 57.1386 11.5849 59.0712 10.6212 49.0931 32.6149 41.7739 32.6193 72.7562 33.2316 78.8777 11.9218 70.6142 57.2512 26.1457 38.2744 53.2902 64.6344 37.5151 62.6999 34.6227 30.7877 85.9247 54.1208 38.8816 23.4361 23.2459 47.139 51.4566 28.8891 42.7604 72.6364 21.1596 41.2244 75.1963 19.6469 82.471 26.6558 2.48395 61.0623 38.8001 80.2436 12.5284 0.509902 62.2389 52.923 27.8354 16.1555 61.6007 51.0742 21.2615 27.0118 33.1622 26.0584 62.1579 
36.4664 89.5342 50.5693 62.482 102.988 95.4059 18.4491 44.2757 82.2475 78.1683 90.8881 77.3885 53.6078 61.336 40.7344 82.5222 55.6076 90.5001 93.5514 21.4283 29.588 59.1331 83.2703 110.201 63.4768 53.4958 9.45939 96.9394 80.923 63.6116 120.06 36.1964 32.7965 52.0128 62.118 94.4153 45.8384 91.2637 48.0652 77.7578 43.397 75.116 48.9376 94.6816 68.242 108.556 29.4496 85.7088 95.3757 37.1974 76.2896 73.6872 91.2965 70.6771 96.387 72.7628 7.90759 90.4696 80.2798 34.442 50.3589 60.3604 85.1499 89.4899 21.9538 80.8857 95.9488 55.3073 66.5492 82.1343 18.7523 89.9133 31.8763 38.7489 76.0059 66.1309 93.4679 30.6139 37.8419 92.581 60.1163 33.6006 52.741 82.3826 64.9726 59.4256 47.4958 46.378 63.9669 99.3909 
71.1923 71.7346 33.4624 20.3416 20.7711 53.0665 65.2645 41.0468 42.5202 42.2976 73.2509 48.5077 29.9189 48.7643 73.78 1.27279 27.9517 9.80204 80.687 88.2844 76.9042 24.9018 62.6677 33.536 36.0072 29.3165 74.1583 29.3205 47.289 57.8234 42.4096 57.28 49.8812 60.61 21.1085 11.7444 36.9229 25.4024 34.9382 30.1573 54.7123 42.1171 48.8267 54.9623 16.6904 45.2391 53.3578 64.226 17.1828 54.3103 19.2208 47.1239 41.2029 19.1909 23.9201 17.8045 75.8064 88.6454 37.0714 68.9543 37.4513 31.2083 8.68332 20.806 67.1316 11.0073 52.4976 28.2652 35.9202 78.0108 63.9532 82.5412 59.0366 45.7849 58.8924 32.2025 73.3406 56.8793 45.9004 31.8523 64.5877 58.6919 29.9388 50.2573 55.7109 25.8631 44.5 52.281 25.5494 16.7362 
52.9914 16.5148 69.9743 76.9666 92.5054 41.8387 76.8752 66.6694 44.6161 118.748 15.7407 122.997 71.9186 113.199 48.8559 84.5719 83.5101 94.7424 9.76166 73.8978 60.3902 85.1143 23.7245 83.5558 52.6161 75.3165 88.9657 68.9292 39.278 32.8123 89.8321 58.2719 77.6858 40.3398 74.905 91.4095 75.262 67.4354 80.881 55.871 52.1023 116.919 51.2268 39.1461 73.14 65.4487 76.5687 22.9009 102.262 59.5063 98.8486 38.7072 51.0777 67.8122 74.4067 94.6884 89.5272 2.96142 49.5292 55.1951 62.6279 96.3789 94.2828 106.123 69.2931 94.5846 42.9466 72.0584 51.3249 8.68332 82.5409 4.19762 62.2319 86.293 26.9787 55.3474 17.8045 92.4842 84.1975 61.8802 31.4159 60.3464 78.0974 36.6351 33.6144 87.7868 57.0544 50.8674 93.9083 93.6086 
35.5659 87.9128 47.1546 58.9187 99.4342 92.9475 15.3883 41.025 79.6116 74.609 89.302 73.9327 50.1351 57.9031 40.0682 78.9367 51.9312 86.8441 92.2293 23.0868 29.3343 55.4495 81.3843 106.86 60.604 49.9437 5.84209 93.7554 78.4653 61.7366 116.718 33.9094 29.2205 50.3168 58.5921 90.8155 42.2868 88.0596 44.406 74.7599 41.1652 71.5599 46.445 92.3018 64.7724 105.596 25.9509 83.8452 91.6848 34.6733 72.5739 71.279 88.5183 67.3351 93.0798 69.0522 4.40454 89.6061 77.4815 33.2929 47.2086 56.6527 81.4747 85.7742 19.9565 77.1938 93.4615 51.8314 63.7047 80.9711 15.1208 88.7717 29.5244 35.0333 74.0665 63.1447 91.8264 26.9948 34.1353 89.5223 58.6341 31.3198 49.1337 80.0178 62.9848 55.723 44.6753 44.0501 60.2508 95.7975 
59.8426 82.7641 23.4019 18.2784 50.4876 71.8229 43.9619 28.9993 58.0246 26.706 84.4252 30.1423 21.0794 21.8888 63.9832 30.7483 9.47523 34.9611 90.8936 69.7376 62.4606 8.56154 73.4221 63.4761 41.2456 17.698 49.1766 56.0651 60.8737 60.4822 72.5882 45.2212 28.3854 57.1616 20.0552 40.8711 20.1201 50.8004 14.3136 46.2992 46.7269 24.4125 43.8945 72.8517 25.397 71.7006 32.2307 75.6419 38.1682 42.2404 17.9388 56.9956 61.6042 31.6267 52.1422 15.0013 50.8249 95.4679 52.9499 56.8177 30.8804 3.44093 29.0172 31.0942 49.0172 24.0832 71.6572 20.9609 43.4108 84.3602 40.3268 90.8051 44.6515 19.7975 67.28 39.72 85.5409 29.0993 21.0278 55.7818 64.4594 45.3072 15.0416 63.8003 59.4052 5.94811 37.7816 45.9471 5.64004 45.7605 
34.5172 79.5329 29.7229 40.5882 81.066 80.0321 9.62549 24.8568 65.964 58.1086 81.076 58.3837 32.3209 42.8768 39.5455 60.4745 33.2277 68.1688 85.3202 34.9961 32.6057 36.7396 71.7586 89.3729 46.0663 31.7099 13.6029 77.072 65.8119 52.8734 99.2041 25.2004 11.1772 43.1793 40.4353 72.2928 24.123 71.3119 25.7406 59.2243 31.7506 55.1232 34.9046 79.8121 46.8531 89.9549 8.92861 74.2765 72.9754 24.2539 54.0231 59.0762 73.9715 50.0445 75.7998 50.4097 15.2502 85.14 62.988 31.36 31.4341 38.4908 62.7702 67.2164 17.7282 58.485 80.3857 33.9803 49.2443 75.1921 4.03113 82.8865 21.3321 16.5723 64.3623 47.8851 83.2517 11.7631 15.4845 73.5011 52.1077 23.1741 30.6472 67.8364 53.4329 37.0362 31.1777 33.7378 41.7494 77.2924 
48.9287 27.7483 37.5565 39.1042 51.2016 17.4106 60.604 38.6 4.64004 80.5084 29.3002 85.5815 37.768 78.8155 48.4554 42.8077 48.1176 52.7788 36.6661 72.4636 57.4252 48.5479 18.6301 45.4816 17.3401 40.9216 73.4173 29.5968 3.80132 21.349 53.7339 42.2587 52.8342 31.3383 37.1646 49.4276 44.3389 26.6008 48.4665 13.9119 35.3327 79.1624 29.3586 17.3 33.4432 33.5622 53.8028 20.2272 60.2748 41.0946 58.832 5.96825 14.8054 27.3761 33.9147 55.0538 74.6464 44.9444 7.67919 48.64 32.2397 60.1614 52.6608 64.678 56.6072 53.4838 17.8101 37.1317 14.3951 34.78 63.7587 38.6095 46.4625 57.6168 15.9022 17.5328 29.6582 67.2465 56.0222 22.4635 29.2481 44.8288 43.8658 6.76757 18.7665 51.2455 31.5565 32.1562 56.415 51.8376 
