50 100 19
777 335 649 27 763 426 211 429 862 135 22 167 11 373 784 324 413 980 862 281 84 505 313 895 814 364 87 178 403 399 676 12 94 570 467 902 652 280 865 619 31 771 709 856 586 683 528 829 270 715 796 245 921 488 841 500 124 856 227 936 437 407 858 237 818 11 776 763 606 818 369 996 470 499 644 139 669 464 355 611 299 568 311 801 878 736 522 416 924 624 452 550 973 930 660 981 959 668 926 340 
900 6840 3760 5420 9360 1070 4450 7560 1790 4180 8870 4120 3480 1720 6590 90 3360 2100 3420 
15 17 4 0 12 2 2 17 17 3 14 3 11 0 8 17 11 11 12 7 9 7 9 15 15 9 2 14 8 17 1 15 14 4 18 16 15 12 11 2 13 10 0 10 18 17 2 1 2 3 
6.11191 8.62986 2.62452 2.23486 5.41128 7.58631 4.36327 3.11448 6.19852 2.48284 8.79619 2.75187 2.42887 1.79109 6.54331 3.46655 1.29004 3.82753 9.43231 6.95932 6.31805 1.2596 7.69925 6.74633 4.48232 2.0883 4.77671 6.02519 6.47158 6.35007 7.64956 4.66999 2.85701 5.95756 2.40651 4.44568 2.20912 5.5 1.61245 5.03724 4.87791 2.22569 4.64221 7.68503 2.9561 7.59016 3.23262 7.92456 4.09552 4.38056 2.02633 6.06447 6.57343 3.5761 5.62755 1.8 4.93916 9.8583 5.69622 5.80211 3.3701 0.340588 3.22837 3.31217 4.92854 2.72485 7.57145 2.43655 4.70976 8.74966 3.94782 9.40732 4.5748 1.90394 7.072 4.34824 8.91476 2.7103 2.06197 5.99844 6.71405 4.65611 1.80546 6.76189 6.25353 1.00807 4.02826 4.82421 0.873212 4.92831 4.74827 6.97376 3.48632 5.84829 9.38178 1.10693 9.81465 7.63959 2.0662 3.38658 
5.65107 7.19467 1.71572 0.638905 4.12029 5.95716 4.60679 2.46033 4.60197 3.55692 7.35942 4.02616 1.36624 3.42584 6.00004 2.05801 0.751665 2.76796 8.03592 7.04577 6.07705 0.474342 6.25412 5.23483 3.07044 1.13111 5.40631 4.38316 4.92164 5.15102 6.17836 4.18019 3.02557 5.02558 0.8422 3.20339 1.79627 3.8452 1.47635 3.40026 4.13628 3.39413 3.70401 6.07076 1.29031 5.9319 3.39438 6.46469 3.29188 3.87021 1.74951 4.59793 4.91504 1.91971 4.02881 1.29877 5.57219 8.58673 4.08094 5.38046 2.37697 1.51169 2.24508 2.92904 4.9148 1.86601 5.93633 1.26127 3.24299 7.47605 4.4071 8.07614 4.24721 2.53539 5.68521 2.85272 7.44949 3.64611 2.55384 4.32843 5.65287 4.25988 1.05948 5.22015 5.00801 0.670075 3.13383 3.98018 1.09859 3.70548 3.64978 5.30182 2.67798 6.09656 8.01904 2.42002 8.56361 6.34716 2.90172 2.54961 
5.21982 2.16453 4.46025 4.6322 5.55195 1.22188 6.61346 4.52134 0.782943 8.76037 2.30887 9.27373 4.49361 8.60598 5.1069 4.9023 5.53586 5.86441 3.06341 7.60796 6.08664 5.57883 1.32774 4.76518 2.43074 4.81175 7.90555 3.23187 0.344384 2.2858 5.50718 4.7223 5.93142 3.41784 4.43921 5.47292 5.13277 3.04587 5.55925 2.02299 4.00676 8.63023 3.46439 1.12641 4.05216 3.27361 6.00521 1.42804 6.60497 4.63985 6.57222 0.978621 1.50443 3.43651 3.75055 6.2032 8.02153 3.99461 1.32061 5.23179 3.89965 6.73986 5.89499 7.10406 6.1538 6.0068 1.29541 4.43352 2.14842 3.05722 6.96708 3.32758 5.1552 6.45273 1.3448 2.47542 2.30638 7.39201 6.28767 2.51448 3.02076 4.98182 5.10656 0.108167 2.05244 5.84839 3.75971 3.70401 6.36121 5.67004 6.04094 2.34094 6.34023 7.43551 3.16261 7.68333 4.0498 2.18888 8.06013 6.24367 
5.23689 1.46414 6.84202 7.52475 9.05647 3.99606 7.59627 6.52442 4.26808 11.7062 1.39262 12.1351 7.03143 11.1676 4.83414 8.26904 8.18952 9.28433 0.840238 7.3621 5.99164 8.34589 2.17862 8.16354 5.08842 7.37153 8.815 6.69914 3.73472 3.13423 8.79446 5.72098 7.64391 3.92379 7.31861 8.94859 7.3782 6.54941 7.9368 5.39676 5.09309 11.5253 4.98623 3.7271 7.13474 6.35932 7.53956 2.09614 10.0359 5.83658 9.70668 3.68513 4.91435 6.59849 7.24652 9.2921 8.87426 0.490306 4.76051 5.44905 6.11006 9.47561 9.24134 10.4268 6.84746 9.27465 4.10702 7.04284 4.95461 0.729452 8.15584 0.255539 6.12222 8.49377 2.51436 5.35679 1.60963 9.12849 8.28537 5.99401 3.03059 5.93271 7.65105 3.46976 3.20515 8.61372 5.56389 4.96067 9.22304 9.16743 9.52799 5.60022 9.7135 7.75173 0.53535 10.4723 0.572189 1.81761 11.055 9.60661 
5.98506 1.28456 5.80983 6.01985 6.57392 1.27769 7.71093 5.80675 2.09124 10.1365 1.35447 10.6561 5.86285 9.99124 5.76945 6.18361 6.91978 7.09346 2.0662 8.37342 6.85412 6.96656 1.12606 5.49307 3.78217 6.18561 9.00832 4.1268 1.73185 3.01811 6.07053 5.76514 7.1858 4.20933 5.82715 6.6319 6.47112 4.09649 6.91948 3.35753 5.03829 10.0111 4.5907 1.00841 5.42996 3.61865 7.22281 0.947945 7.81584 5.73468 7.92669 2.22463 2.35567 4.808 4.72966 7.5682 9.11178 3.21055 2.64169 6.06209 5.21076 8.12778 7.17824 8.39088 7.16171 7.32612 1.38521 5.80923 3.51525 2.57233 8.12272 2.51056 6.20671 7.77418 1.7773 3.85673 1.19821 8.67058 7.60032 3.46781 3.56434 6.02204 6.48093 1.44028 2.86024 7.23626 4.97692 4.76766 7.74755 6.76634 7.16771 2.90904 7.60263 8.36826 2.27108 9.07057 3.31545 2.21822 9.43231 7.51375 
7.74665 9.56831 3.9773 3.04095 4.66978 8.11032 6.11569 4.61736 6.85073 1.20934 9.73153 1.79622 3.68057 2.12132 8.15177 3.17052 2.58105 3.00167 10.4235 8.70933 8.01706 2.31262 8.62744 6.29007 5.47759 3.37001 6.49888 5.98833 7.22806 7.56345 7.07181 6.27809 4.59004 7.36848 3.24711 3.74204 3.75694 5.55932 3.19312 5.59473 6.38238 1.14983 6.03583 8.25955 3.51336 7.58426 4.97081 8.82878 2.95447 5.97629 1.1414 6.97213 6.97782 4.12835 5.45433 1.38708 6.65887 11.0009 6.30651 7.4471 4.70523 1.48 2.46073 1.93631 6.66037 2.00639 8.0722 3.61707 5.63157 9.89077 5.69843 10.4825 6.23436 3.65779 8.08418 5.23381 9.80488 4.39933 3.81262 6.16942 8.04137 6.29592 3.15546 7.53132 7.4236 2.07793 5.43744 6.27479 1.41693 4.14133 3.82969 7.1676 2.46447 7.60214 10.4178 0.97 10.9791 8.7614 0.49679 2.41853 
6.42795 1.51611 6.20613 6.3607 6.67261 1.31484 8.15738 6.22685 2.3914 10.4432 1.54146 10.9745 6.24568 10.3509 6.20556 6.41412 7.28358 7.28871 2.16816 8.81385 7.29609 7.31665 1.55193 5.48894 4.1758 6.56403 9.45487 4.20595 2.09504 3.46562 6.00257 6.21303 7.61412 4.65611 6.17171 6.79272 6.87346 4.23595 7.30953 3.64446 5.48614 10.3267 5.03287 1.07378 5.74625 3.52512 7.65755 1.35074 7.99801 6.18026 8.20864 2.64047 2.48783 5.11744 4.83011 7.86245 9.55895 3.36364 2.93206 6.50816 5.62275 8.47482 7.40587 8.6172 7.61069 7.57866 1.40631 6.18567 3.89924 2.85047 8.56526 2.67526 6.65451 8.18428 2.22335 4.22664 1.31469 9.09428 8.01355 3.58469 3.9993 6.47012 6.8588 1.81893 3.30927 7.58475 5.40947 5.21403 8.07963 6.89656 7.30986 2.91661 7.81553 8.81668 2.41448 9.40597 3.48524 2.61813 9.73347 7.73175 
4.90486 7.84297 1.76477 2.05934 5.90699 7.11848 3.18277 2.04355 5.68356 3.69088 8.0089 3.90083 1.72386 2.65279 5.34619 3.84896 1.04809 4.48068 8.59782 5.76534 5.0948 1.34183 6.93638 6.99638 3.78541 1.43503 3.74626 6.01973 5.86805 5.40882 7.95178 3.48174 1.64012 4.88215 2.1456 4.97749 1.164 5.45587 0.64846 4.6552 3.75373 3.42161 3.60636 7.17798 2.81585 7.50025 2.02062 7.17432 4.90153 3.20206 2.96623 5.36113 6.22676 3.33781 5.73791 2.61375 3.91234 8.9181 5.23567 4.59184 2.44755 1.47054 3.91281 4.28591 3.71163 3.45626 7.12085 1.81221 4.05927 7.82164 2.82793 8.5163 3.36216 0.79404 6.26189 3.75293 8.15718 1.85914 0.891852 5.84702 5.68542 3.45162 1.16 6.1391 5.34634 1.3025 3.00027 3.74001 1.73954 5.47877 5.38862 6.76368 4.27477 4.68327 8.51742 2.31193 8.86059 6.74004 3.28763 4.15702 
8.05105 8.81082 4.11122 2.8211 2.94822 7.01128 6.92243 4.86806 5.92112 2.73359 8.96621 3.38213 3.75012 3.83693 8.38373 1.83221 3.00137 1.30384 9.69981 9.42497 8.48892 2.6417 7.88926 4.63001 4.99892 3.54189 7.56419 4.55817 6.37709 7.1969 5.36411 6.58595 5.32846 7.28179 2.99421 2.05623 4.18524 4.219 3.76431 4.66495 6.49492 2.79458 6.00051 7.19831 2.90147 6.11871 5.7112 8.0587 1.23665 6.27625 0.880909 6.28727 5.8258 3.37765 3.96274 1.21078 7.73003 10.4363 5.3713 7.78617 4.71377 2.56632 0.876584 0.520096 7.29976 0.697711 6.95506 3.62088 5.05903 9.35128 6.63531 9.85057 6.65904 4.6114 7.45729 4.66275 8.99105 5.57779 4.70188 4.87599 7.80439 6.67109 3.45568 6.67811 7.01018 2.55738 5.4711 6.30785 2.10535 2.41748 2.08904 5.84648 0.726911 8.42748 9.7434 2.61176 10.4414 8.23379 2.06475 0.700643 
6.65009 9.70341 3.62221 3.44193 6.4925 8.77763 4.52637 3.95324 7.37461 2.28355 9.86978 2.24511 3.49824 0.757166 7.11827 4.6265 2.43813 4.85556 10.4783 7.09233 6.7047 2.46951 8.78415 7.91046 5.58581 3.16628 4.59831 7.24177 7.62155 7.31391 8.79163 5.29589 3.26497 6.78258 3.60411 5.52552 3.07065 6.7206 2.51008 6.23802 5.63653 1.97773 5.51632 8.86721 4.17481 8.81111 3.58398 9.01648 5.0009 5.03698 2.93232 7.17354 7.78412 4.78968 6.83005 2.83826 4.74641 10.8255 6.88391 6.32811 4.33803 1.45 4.25842 4.07296 5.23261 3.74883 8.76644 3.53838 5.83401 9.72666 3.98437 10.414 5.10883 2.21371 8.12916 5.49004 10.0047 2.50008 2.42887 7.22174 7.59434 5.22683 2.87117 7.90598 7.24412 2.22767 4.91076 5.64107 2.00898 5.98923 5.76014 8.1963 4.43054 5.90872 10.4077 1.22025 10.7696 8.63807 2.23707 4.34957 
2.91234 2.49596 4.58214 5.48767 7.91205 4.00769 5.12831 4.15337 3.38378 9.5629 2.61444 9.93457 4.8278 8.84613 2.60311 6.6583 5.98205 7.72915 2.8493 5.228 3.74585 6.19048 2.11936 7.492 3.18002 5.1583 6.369 5.89892 2.90193 0.9827 8.31685 3.23631 5.18278 1.43924 5.28609 7.5634 5.04172 5.55389 5.62385 4.06356 2.61658 9.35433 2.59048 3.80938 5.2691 6.17888 5.06246 2.31355 8.48011 3.35529 7.75645 2.37539 4.3529 4.85314 6.28767 7.31665 6.4377 2.78088 3.65954 3.07132 3.83407 7.26472 7.5541 8.6647 4.40702 7.4792 4.10581 4.87312 3.1753 1.76465 5.67609 2.53996 3.64078 6.07224 1.60078 3.54611 2.89171 6.65555 5.85896 5.19065 0.54626 3.45046 5.41671 2.81192 1.20503 6.44662 3.19625 2.51024 7.08917 7.88777 8.17178 5.22848 8.05268 5.41887 2.64683 8.26367 2.69898 1.07564 8.95739 7.93216 
6.64003 7.79064 2.70002 1.44554 3.45824 6.27539 5.56386 3.45419 5.02467 3.04416 7.95196 3.61024 2.34137 3.43071 6.97929 1.53883 1.63719 1.92463 8.65934 8.03306 7.07537 1.27906 6.85252 4.82066 3.78336 2.12763 6.29085 4.26433 5.41713 5.94794 5.70485 5.17279 3.97212 5.93334 1.63515 2.49562 2.78431 3.79318 2.40337 3.76431 5.09975 2.95718 4.6306 6.42487 1.72351 5.86051 4.34925 7.04483 2.34804 4.86297 0.857555 5.20634 5.14745 2.31407 3.79047 0.454533 6.45728 9.30089 4.478 6.37314 3.3234 1.65705 1.34618 1.93259 5.90374 0.899444 6.23777 2.21815 3.89667 8.19847 5.3217 8.75242 5.24559 3.35601 6.34648 3.49448 8.0116 4.40692 3.41422 4.37535 6.50696 5.25681 2.05 5.72114 5.78135 1.26507 4.08285 4.9254 1.0911 2.98503 2.8429 5.37443 1.72308 7.06256 8.67115 2.23188 9.29124 7.06983 2.3271 1.60016 
8.82261 7.99766 5.16736 3.87764 0.52811 5.74282 8.37054 5.91277 5.0824 5.17604 8.13093 5.82626 4.82084 6.26556 9.0393 1.86936 4.61746 1.24085 8.89054 10.6349 9.44412 4.29424 7.1722 2.31976 5.06333 4.77696 9.26106 2.88062 5.61843 7.12085 2.92554 7.48193 6.83617 7.59743 3.94122 0.67424 5.53921 2.8379 5.33401 4.04975 7.1552 5.25884 6.52664 5.98326 3.42301 4.18714 7.18307 7.27641 1.38917 7.19403 3.18511 5.81949 4.57949 3.47554 2.23544 3.26957 9.42613 9.83921 4.60663 8.62041 5.49859 4.73321 1.8384 2.45345 8.53244 2.3483 5.65785 4.65292 4.96734 8.84898 8.24294 9.17798 7.68932 6.39963 6.95639 4.65692 8.07547 7.49242 6.42241 3.47177 7.86206 7.64084 4.84149 5.88106 6.8832 4.35326 6.16013 6.88608 4.18115 0.202237 0.404475 4.25029 1.74428 9.81327 9.00973 5.02173 9.88533 7.82387 4.5311 1.78997 
6.74273 5.3463 3.80217 2.98931 2.40104 3.22386 6.96078 4.37477 2.42043 6.3361 5.48336 6.93878 3.56881 6.74538 6.86225 2.02425 4.0446 2.78959 6.24239 8.84338 7.48059 3.87866 4.51054 2.25858 2.79589 3.71769 8.0821 0.975141 2.9567 4.60196 3.23427 5.59916 5.65785 5.26579 2.90243 2.30098 4.40967 0.431045 4.50309 1.47959 5.10186 6.28981 4.42666 3.4374 2.22892 2.52127 5.91872 4.61866 3.49201 5.3584 4.01659 3.20156 2.02726 1.77553 0.866083 3.77881 8.23527 7.1772 1.95318 6.6017 3.78114 4.85545 2.97405 4.16515 6.8812 3.24423 3.15572 3.4133 2.6 6.19165 7.03082 6.51749 5.91055 5.63706 4.31057 2.40786 5.44266 6.76533 5.5672 1.03832 5.37756 5.81037 3.93071 3.2196 4.35118 4.08593 4.24199 4.7917 4.32852 2.47935 2.8533 2.02872 3.33997 8.2378 6.35308 5.58839 7.22357 5.18483 5.61015 3.2681 
3.27867 4.40556 1.69257 2.50186 5.56343 4.05098 3.81077 1.57686 2.64885 6.59037 4.57131 6.98997 1.87395 6.022 3.44746 3.92216 3.03449 4.99004 5.16443 5.38658 4.00232 3.21442 3.50721 5.72752 0.734098 2.21326 5.06913 4.23382 2.64068 2.07425 6.68853 2.15724 2.98027 2.05548 2.30313 4.98977 2.29026 3.70601 2.80794 2.2032 1.6241 6.39295 0.952575 4.03656 2.38533 5.24535 3.06889 3.74931 5.71386 1.95602 4.77846 2.0096 3.50721 2.13265 4.34332 4.33457 5.19977 5.56515 2.40337 3.12477 0.99925 4.32251 4.71658 5.75641 3.53171 4.57193 4.08579 1.8976 1.03078 4.4548 4.07946 5.11251 2.51811 3.5536 2.82363 1.07615 4.72563 4.44599 3.37369 3.70086 2.57387 2.3895 2.49159 2.86393 1.9588 3.47651 0.877268 1.31928 4.10838 5.39956 5.59189 4.30286 5.22012 4.89009 5.09605 5.32167 5.52685 3.3426 5.97144 5.09313 
2.09029 3.3501 3.80728 4.84199 7.67777 4.43696 4.17337 3.29959 3.52026 8.80493 3.48415 9.14346 4.08795 7.99138 1.8868 6.22557 5.21878 7.30075 3.78868 4.47493 2.95655 5.45715 2.79866 7.47797 2.74002 4.40478 5.42407 5.88539 3.13168 0.955249 8.36231 2.27528 4.24634 0.483735 4.64855 7.22277 4.20268 5.46762 4.79488 3.90242 1.67275 8.58242 1.75317 4.28042 4.7351 6.408 4.1118 3.02769 8.03794 2.40187 7.12026 2.461 4.53485 4.40768 6.18684 6.67261 5.49758 3.72979 3.65825 2.19672 3.06635 6.48494 7.06154 8.11601 3.46976 6.93098 4.52227 4.15578 2.82816 2.72591 4.71561 3.5 2.68002 5.16377 2.12878 3.14129 3.74457 5.70728 4.94773 5.21124 0.419762 2.48944 4.64424 3.13428 1.1967 5.70243 2.36681 1.60552 6.35706 7.59069 7.8323 5.42885 7.56487 4.54251 3.59901 7.47746 3.63941 1.92094 8.22835 7.43942 
8.10038 6.63727 4.82996 3.73591 1.04785 4.31116 8.06945 5.49764 3.78319 6.15325 6.76327 6.79464 4.53345 6.93957 8.24874 1.99685 4.69163 2.15713 7.5213 10.115 8.80471 4.43606 5.85211 1.28787 4.17852 4.59419 9.10355 1.42888 4.3264 6.04452 2.21416 6.88151 6.64678 6.68468 3.722 1.43265 5.34597 1.47959 5.29823 2.92181 6.44003 6.17729 5.77409 4.55817 3.07293 2.77651 6.95076 5.93507 2.6634 6.62046 3.92046 4.63087 3.17194 2.85491 0.797057 3.83885 9.26329 8.51674 3.3618 7.93918 4.96806 5.18089 2.60231 3.59785 8.08735 3.04237 4.22246 4.36495 4.01061 7.56746 8.05546 7.84136 7.15687 6.43138 5.71402 3.77709 6.68913 7.56485 6.40413 2.05993 6.8193 7.07532 4.74292 4.5671 5.79367 4.57771 5.52073 6.14083 4.61637 1.32944 1.77722 2.79401 2.77042 9.42484 7.65847 5.70699 8.57421 6.59276 5.45311 2.75313 
6.33001 10.0066 3.98363 4.17346 7.56965 9.35951 3.94554 4.09683 7.92518 3.33924 10.1713 3.14668 3.96548 1.54738 6.82268 5.62894 3.1113 5.96178 10.7254 6.38941 6.23472 3.2585 9.11846 8.903 6.01365 3.67143 3.73044 8.10571 8.10359 7.47819 9.81298 5.11953 3.03534 6.77703 4.30001 6.60252 3.32773 7.56034 2.88735 6.88077 5.59103 3.03798 5.61378 9.41952 4.93685 9.63769 3.2596 9.36108 6.15306 4.9065 4.07181 7.57682 8.45073 5.51 7.74855 3.92826 3.86167 10.9442 7.47439 6.00601 4.61268 2.46966 5.36157 5.24768 4.74085 4.85255 9.36096 4.05088 6.29414 9.87178 3.32952 10.5972 4.84661 2.10623 8.42342 5.99393 10.3351 1.80701 2.31588 8.006 7.63888 4.9961 3.3874 8.37085 7.44883 3.06728 5.04588 5.66359 3.03191 7.07939 6.87652 8.95 5.5692 5.17816 10.622 2.40169 10.8707 8.83016 3.39488 5.48151 
1.55563 6.42225 3.05655 4.39659 8.29444 6.94338 1.08632 2.29578 5.65329 7.24694 6.56515 7.38968 3.4176 5.93776 2.05798 6.35437 4.08167 7.30229 6.89854 2.42918 1.52398 4.43301 5.74924 8.75306 3.858 3.54683 2.31465 7.32274 5.49626 3.7864 9.73107 1.01951 1.95727 2.66678 4.29331 7.54072 2.87388 6.77432 3.35252 5.32241 1.73488 6.9669 2.31225 6.86584 4.78649 8.36519 1.61307 5.99617 7.91169 1.16829 6.3057 4.76932 6.58752 4.86963 7.35789 5.88063 2.39301 6.74835 5.49659 1.23907 2.7551 5.03017 6.85147 7.56897 0.416293 6.51701 7.00024 3.57841 4.15023 5.81268 1.69614 6.59255 0.607454 2.99827 5.01599 4.17049 6.81073 3.02055 2.7953 6.82015 3.52853 0.761577 3.60285 5.63569 3.90717 4.57121 2.27466 2.03686 5.18078 8.01431 8.0903 7.41273 7.31471 1.76604 6.70466 5.87392 6.63533 5.01367 6.86039 7.1841 
1.30614 6.63392 3.90621 5.24938 9.11497 7.43398 1.49215 3.14035 6.21795 8.03911 6.76491 8.15163 4.26919 6.6598 1.76173 7.19561 4.9366 8.15354 7.01121 1.60378 0.820061 5.28923 6.05345 9.50842 4.54042 4.40477 2.38839 8.04279 6.00221 4.09941 10.4801 1.6556 2.7553 2.91343 5.14164 8.37786 3.73186 7.50654 4.20145 6.01176 2.26685 7.75379 2.92063 7.33098 5.61794 9.00564 2.3873 6.29158 8.76804 1.89402 7.16063 5.26866 7.18722 5.66887 8.11483 6.73731 2.4095 6.71126 6.11805 1.10005 3.56104 5.85623 7.70767 8.42711 0.699214 7.37576 7.49993 4.42821 4.81506 5.86652 2.13806 6.64449 1.35831 3.7694 5.34335 4.88109 7.02906 3.62012 3.57733 7.50696 3.68392 1.44014 4.46171 6.10778 4.26305 5.4231 3.00794 2.59237 6.02605 8.84719 8.93309 8.03802 8.17245 1.25766 6.78852 6.67372 6.58204 5.20128 7.67756 8.04175 
1.9601 3.48105 4.36936 5.45388 8.32434 4.88615 4.33074 3.80802 4.08075 9.35641 3.59477 9.67298 4.66669 8.46991 1.6183 6.87285 5.77834 7.94769 3.7716 4.24058 2.77051 6.03165 3.0873 8.09249 3.39013 4.97437 5.52496 6.49696 3.65624 1.48607 8.96429 2.5602 4.61966 0.975756 5.26366 7.87307 4.71495 6.09277 5.31129 4.53542 2.08197 9.12586 2.30835 4.70737 5.37294 6.9504 4.44072 3.29193 8.68332 2.74767 7.72882 3.02476 5.08702 5.0557 6.81587 7.27957 5.58055 3.50477 4.25846 2.15455 3.64003 7.0291 7.70191 8.74575 3.55833 7.56229 4.97821 4.74453 3.47667 2.61765 4.91749 3.39607 2.91386 5.58616 2.5006 3.7916 3.87594 6.03302 5.36706 5.8131 0.706045 2.73386 5.20159 3.62218 1.74471 6.27034 2.91186 2.09695 6.92882 8.24044 8.4826 5.9785 8.20543 4.4801 3.54141 8.01424 3.39034 2.06584 8.79683 8.07941 
3.19232 7.30537 2.22266 3.37249 7.4234 7.25536 1.19641 1.71712 5.84132 5.60036 7.46282 5.71238 2.50138 4.24539 3.68049 5.37729 2.74046 6.1963 7.92152 3.7663 3.20025 3.10015 6.50035 8.19825 3.84584 2.47413 2.07087 6.94719 5.84173 4.65408 9.18286 2.01229 0.408167 3.76606 3.33901 6.56804 1.70836 6.37182 1.97385 5.15349 2.58629 5.31338 2.81233 7.24017 3.96343 8.22694 0.143178 6.75187 6.7172 1.84765 4.90927 5.18009 6.6316 4.25516 6.83323 4.51895 2.22913 7.97895 5.53484 2.86782 2.37548 3.46764 5.67768 6.21743 1.74597 5.27459 7.2883 2.66993 4.16357 6.95208 1.02069 7.71077 1.70426 1.32834 5.76459 4.02096 7.66959 1.46185 1.1428 6.58278 4.65551 1.86196 2.4047 6.05212 4.68846 3.17177 2.39052 2.7417 3.71077 7.06474 7.05868 7.34983 6.09647 2.70326 7.77504 4.24085 7.88835 5.99573 5.26214 5.97068 
2.98613 4.48688 1.69012 2.64367 5.8439 4.28267 3.54052 1.43569 2.90126 6.65791 4.6513 7.03457 1.92276 6.0075 3.17057 4.1631 3.07847 5.22463 5.21444 5.08178 3.70061 3.28722 3.61137 6.031 1.03479 2.25411 4.80926 4.53856 2.85477 2.03691 6.9928 1.85397 2.79308 1.85335 2.45204 5.25038 2.22733 4.01059 2.77683 2.50571 1.32484 6.45 0.661287 4.25494 2.60094 5.53868 2.85212 3.85811 5.94001 1.65895 4.9213 2.19057 3.78428 2.39493 4.6457 4.47343 4.93661 5.54956 2.68337 2.82554 0.950158 4.36371 4.92914 5.94085 3.23668 4.76105 4.32241 1.97231 1.3231 4.44496 3.83407 5.12821 2.22036 3.43759 2.90462 1.38058 4.82109 4.27931 3.24785 4.00281 2.45253 2.0883 2.51748 3.06105 1.95801 3.54189 0.613922 1.02694 4.18699 5.66824 5.84932 4.59109 5.43194 4.59296 5.12837 5.36355 5.50195 3.35203 6.05739 5.30363 
6.71745 4.93974 4.03708 3.3494 2.74563 2.74554 7.11916 4.55057 2.05913 6.82087 5.0715 7.41933 3.83694 7.18577 6.80101 2.51938 4.412 3.27428 5.83106 8.88795 7.486 4.27117 4.13368 2.26744 2.78469 4.01787 8.27827 0.735935 2.60231 4.40219 3.20062 5.65301 5.88544 5.15932 3.24197 2.75409 4.67467 0.250799 4.81922 1.34718 5.10886 6.76912 4.43091 2.96665 2.58414 2.11946 6.12396 4.22522 3.96548 5.43065 4.5025 2.93641 1.55206 2.05937 0.985089 4.25329 8.4276 6.80089 1.65366 6.59856 3.92822 5.28467 3.47023 4.65929 6.98176 3.73852 2.67367 3.69038 2.54608 5.84363 7.23132 6.13066 5.9899 5.94085 3.99406 2.42769 5.01597 7.05861 5.85671 0.54626 5.19065 5.8764 4.24985 2.84565 4.14566 4.4904 4.31393 4.79004 4.76873 2.88765 3.28353 1.54383 3.83172 8.34358 5.95538 6.04492 6.85511 4.8737 6.09473 3.76175 
8.84634 5.91711 6.28859 5.46927 2.91488 3.38479 9.38691 6.8191 3.65825 8.32025 6.00187 8.95927 6.06726 9.02404 8.87478 4.0702 6.51049 4.32487 6.71107 11.0883 9.64909 6.31383 5.36035 1.16846 4.98691 6.21895 10.5456 1.54829 4.12626 6.24942 1.42506 7.87493 8.14236 7.18104 5.39515 3.58712 6.90818 2.12474 7.00061 3.51552 7.29208 8.33639 6.6189 3.65396 4.71816 1.06099 8.38874 5.35004 4.77462 7.66689 6.06321 4.71059 2.67591 4.27376 1.81868 5.94068 10.6955 7.85573 3.52026 8.75723 6.19633 7.19712 4.76929 5.75613 9.23018 5.19362 3.27391 5.91338 4.71653 7.09662 9.49764 7.1551 8.22849 8.13674 5.50557 4.65967 5.84086 9.2663 8.06867 2.02277 7.0396 8.1064 6.42819 4.24694 5.9906 6.49804 6.55573 6.96762 6.64364 3.37415 3.81958 1.82631 4.93697 10.5925 6.92087 7.81006 7.95274 6.34478 7.61554 4.92349 
1.5979 4.09099 3.15696 4.30475 7.47985 4.85732 3.37431 2.57163 3.75089 8.12883 4.23383 8.43759 3.46919 7.23409 1.59531 5.86819 4.55935 6.93289 4.58717 3.97291 2.45524 4.82437 3.4442 7.4753 2.50793 3.76591 4.64247 5.90989 3.45722 1.48071 8.40031 1.45152 3.42934 0.347851 4.12335 6.93537 3.47829 5.43865 4.07491 3.8612 0.859127 7.89487 1.1183 4.73635 4.31094 6.62695 3.28586 3.68686 7.65006 1.57544 6.56339 2.73212 4.75909 4.07953 6.12944 6.11242 4.72424 4.55712 3.76853 1.59706 2.44469 5.7997 6.63772 7.63116 2.71149 6.45728 4.93061 3.55928 2.68263 3.54903 3.9 4.31984 1.86561 4.36767 2.72465 2.91371 4.48004 4.88201 4.14982 5.2811 1.24064 1.67371 3.98246 3.52785 1.64137 5.05665 1.69729 0.863539 5.7171 7.33788 7.53883 5.64335 7.14012 3.87342 4.40941 6.7814 4.46534 2.6857 7.58009 7.01142 
4.59353 1.04661 5.91026 6.58238 8.23156 3.38585 6.82879 5.61495 3.43284 10.7637 1.09202 11.194 6.09381 10.2388 4.24078 7.36156 7.25074 8.388 1.1411 6.84082 5.40017 7.40438 1.39058 7.44151 4.14643 6.43414 8.07666 5.92976 2.89088 2.22434 8.12997 4.9124 6.77481 3.1167 6.37624 8.07788 6.45756 5.73485 7.01046 4.5076 4.25353 10.5833 4.09353 3.12771 6.19879 5.75303 6.69078 1.39058 9.14178 5.00276 8.76906 2.76877 4.17019 5.67001 6.44736 8.35278 8.14666 1.39086 3.89782 4.77085 5.18256 8.53607 8.32726 9.50647 6.11616 8.34878 3.49738 6.10302 4.01673 0.360555 7.3634 0.895879 5.32869 7.59714 1.59214 4.41897 1.38809 8.26968 7.39152 5.21387 2.23607 5.13697 6.71506 2.6494 2.27607 7.6725 4.65798 4.09547 8.2807 8.31662 8.6648 4.92311 8.80389 7.11119 0.946414 9.53206 1.40118 0.882383 10.1125 8.69501 
1.94504 7.30286 4.28029 5.60289 9.54971 8.08327 1.37058 3.53647 6.84553 8.07701 7.43303 8.13615 4.63327 6.59589 2.36713 7.58538 5.17571 8.50606 7.67001 1.25447 1.27534 5.5348 6.72382 10.0286 5.11251 4.72787 1.90263 8.59289 6.64639 4.76831 11.0063 2.23002 2.88383 3.5837 5.51417 8.77707 4.00979 8.04692 4.4178 6.58167 2.88877 7.78337 3.5224 7.98542 6.03511 9.60485 2.49808 6.96221 9.08958 2.42769 7.386 5.91331 7.80314 6.14007 8.63343 6.97827 1.88915 7.34064 6.72367 1.76479 4.02604 5.98273 8.0326 8.67805 0.914166 7.67178 8.14721 4.7986 5.39752 6.51786 1.93848 7.29389 1.86724 3.82047 6.01247 5.4359 7.69819 3.46914 3.65088 8.07961 4.3523 1.98977 4.74659 6.75966 4.92898 5.64057 3.54318 3.21048 6.21003 9.25637 9.31567 8.64378 8.48199 0.586941 7.44325 6.73502 7.20747 5.86973 7.77001 8.35268 
6.93663 2.98117 5.72031 5.53954 5.14339 0.528015 8.21243 5.94021 1.78885 9.39673 3.0538 9.97016 5.66559 9.54682 6.82356 5.16954 6.55617 5.93526 3.75005 9.32174 7.80217 6.51464 2.5672 3.87398 3.78926 5.94455 9.49067 2.67925 1.90515 3.99731 4.38771 6.37323 7.37271 5.13585 5.37565 5.36889 6.41028 2.82158 6.74413 2.74367 5.67173 9.31709 5.08781 0.756439 4.83266 1.92128 7.49665 2.4965 6.60656 6.26259 7.09736 2.63865 1.21462 4.20202 3.3247 6.80212 9.61526 4.90976 2.15114 6.94241 5.28663 7.63301 6.13502 7.32755 7.80867 6.37907 0.431393 5.56723 3.47311 4.228 8.51469 4.21001 6.79692 7.75041 2.93471 3.68067 2.88028 8.77104 7.61053 2.14979 4.70952 6.63121 6.22656 1.82628 3.76873 6.76826 5.29698 5.35863 7.1734 5.41421 5.84472 1.32823 6.49945 9.11382 3.96788 8.49368 5.01483 3.65308 8.67314 6.43009 
4.45325 1.14232 4.9619 5.50136 7.0396 2.43502 6.36227 4.77699 2.24511 9.69444 1.30545 10.1506 5.10327 9.2808 4.211 6.17629 6.2429 7.19561 1.90536 6.8271 5.31595 6.36592 0.449444 6.30906 3.07148 5.44281 7.65006 4.77 1.70179 1.57003 7.04006 4.40223 6.05486 2.72259 5.29623 6.87884 5.56059 4.54981 6.08135 3.31122 3.68782 9.52794 3.36174 2.2081 5.06676 4.7377 6.02961 0.664078 7.94847 4.42295 7.64094 1.59531 3.04381 4.51536 5.26841 7.23439 7.74078 2.56889 2.69943 4.55505 4.26825 7.51588 7.14829 8.33514 5.74394 7.18679 2.54118 5.09231 2.90259 1.54353 6.831 1.96919 4.84103 6.78081 0.45607 3.30194 1.49683 7.5604 6.58663 4.0502 2.00552 4.65053 5.73223 1.48014 1.48788 6.637 3.85519 3.45939 7.22289 7.11844 7.46561 3.84912 7.62052 6.88994 1.8843 8.50259 2.5948 0.694622 9.02711 7.51349 
5.58757 7.656 1.7936 1.21511 4.74178 6.56489 4.23757 2.4286 5.17929 3.21179 7.822 3.60168 1.52411 2.80957 5.97762 2.7015 0.388973 3.29079 8.47354 6.76209 5.92003 0.241868 6.7206 5.92112 3.50407 1.1957 4.91415 5.08207 5.46101 5.4621 6.85689 4.1117 2.64458 5.18787 1.38514 3.80132 1.59615 4.54129 1.0933 4.01643 4.19029 3.00486 3.85549 6.66432 1.95028 6.6255 3.02881 6.94136 3.72285 3.80592 1.87683 5.07568 5.55673 2.56164 4.72807 1.47679 5.08057 8.95007 4.67508 5.29641 2.53308 0.948103 2.72369 3.17616 4.64999 2.27431 6.55012 1.49335 3.71652 7.83843 3.9579 8.47379 4.10537 1.97608 6.11249 3.34594 7.93102 3.04174 2.03745 5.01225 5.88885 4.14933 0.963846 5.75355 5.34577 0.131529 3.25161 4.08496 0.778845 4.30113 4.20021 5.97773 3.09627 5.74359 8.43576 1.93794 8.91507 6.71789 2.63463 2.97607 
2.6503 2.84074 4.76496 5.74729 8.32061 4.46972 5.00292 4.27468 3.8413 9.76194 2.94457 10.1101 5.0337 8.96748 2.28845 7.00846 6.17486 8.0826 3.08469 4.89612 3.44781 6.40279 2.55196 7.94001 3.51256 5.35628 6.20987 6.34505 3.36506 1.36033 8.77243 3.18121 5.20096 1.44589 5.54923 7.94392 5.17653 5.9882 5.76754 4.47881 2.6303 9.54364 2.72239 4.26814 5.57826 6.64489 5.04774 2.733 8.82987 3.33952 8.02462 2.82151 4.81586 5.19394 6.72086 7.58032 6.26795 2.83134 4.10154 2.84693 4.01966 7.44731 7.8844 8.97402 4.24238 7.78723 4.5686 5.09259 3.53736 1.9251 5.57857 2.70352 3.55788 6.13372 2.064 3.89344 3.2319 6.64425 5.91684 5.64004 0.672309 3.37285 5.60257 3.27825 1.60527 6.65244 3.33635 2.58095 7.30329 8.28073 8.55348 5.69317 8.38547 5.17078 2.85028 8.44219 2.72465 1.46813 9.17491 8.26293 
2.31206 3.5116 3.11893 4.10819 6.97924 4.13905 3.95127 2.6766 3.04764 8.11281 3.66306 8.47001 3.38195 7.36827 2.26374 5.48821 4.52637 6.56282 4.09207 4.69158 3.17309 4.75079 2.79517 6.86283 2.01559 3.706 5.24015 5.28187 2.74016 0.843801 7.77059 1.99123 3.76671 0.564358 3.91297 6.4989 3.56393 4.83473 4.14712 3.25712 1.28133 7.89747 1.11521 4.02046 3.99185 5.93299 3.68766 3.04322 7.29812 2.02596 6.387 2.01792 4.06037 3.67196 5.54196 5.94052 5.33304 4.22481 3.0984 2.31458 2.37171 5.80312 6.31881 7.37342 3.3531 6.18813 4.21201 3.44061 2.13026 3.15425 4.42815 3.89539 2.43019 4.61511 2.06073 2.42095 3.89062 5.26157 4.40478 4.6322 0.98737 2.24 3.95607 2.80945 0.95352 5.0012 1.7184 1.08849 5.65127 6.87573 7.10766 4.94887 6.82221 4.56422 3.94791 6.80018 4.15601 2.16622 7.52283 6.6966 
4.12689 4.84608 1.43224 1.75237 4.6947 3.9901 4.27954 1.74385 2.54772 5.9357 5.01203 6.38437 1.42941 5.57324 4.32695 3.02106 2.50392 4.09011 5.66973 6.12288 4.80418 2.60192 3.91063 4.98959 0.69527 1.74929 5.46531 3.57795 2.72281 2.8178 5.96665 2.8817 3.14968 2.95169 1.54625 4.09381 2.12151 3.01877 2.5006 1.69517 2.45687 5.76327 1.81463 4.036 1.50443 4.77213 3.3388 4.13265 4.81702 2.6303 3.9865 2.27068 3.20765 1.23762 3.59457 3.55373 5.61 6.20801 2.14189 3.94686 1.0959 3.758 3.8297 4.89691 4.15072 3.71012 4.00052 1.37383 0.921954 5.0984 4.42883 5.6959 3.17921 3.46144 3.31171 0.612046 5.1227 4.48969 3.32074 3.14212 3.4093 3.08402 2.04463 2.99977 2.65187 2.8736 1.5199 2.17624 3.45793 4.51119 4.69401 3.89283 4.33315 5.50967 5.64316 4.73874 6.18802 3.96869 5.28153 4.20743 
4.14664 1.27063 5.04608 5.69134 7.44478 2.91707 6.19013 4.78853 2.67067 9.87484 1.41089 10.3096 5.21829 9.37625 3.86747 6.49463 6.37227 7.53047 1.84391 6.4925 4.99673 6.51952 0.893756 6.76528 3.25484 5.55887 7.46481 5.21384 2.13 1.4359 7.50936 4.23986 6.00304 2.49008 5.48523 7.24547 5.61129 4.97031 6.15419 3.6662 3.54581 9.6966 3.30353 2.6874 5.30864 5.21929 5.94718 1.05423 8.28558 4.29326 7.87787 1.90436 3.50828 4.78553 5.69506 7.46097 7.54722 2.27982 3.09291 4.2752 4.32726 7.65561 7.45367 8.62713 5.53014 7.46536 3.02364 5.22276 3.1258 1.18966 6.6894 1.76185 4.67132 6.78435 0.737564 3.528 1.66364 7.5064 6.58317 4.49285 1.6887 4.47913 5.84234 1.93256 1.4359 6.78836 3.84158 3.35037 7.39295 7.50351 7.83878 4.32487 7.93395 6.62348 1.74453 8.65002 2.27864 0.219317 9.22176 7.82338 
8.41628 4.95707 6.3288 5.72051 3.86699 2.45489 9.25534 6.75707 3.07885 8.98546 5.02715 9.60927 6.16294 9.50884 8.3858 4.6501 6.78317 5.10137 5.71013 10.7361 9.25262 6.63821 4.4968 2.23002 4.74371 6.36624 10.472 1.83992 3.46071 5.642 2.49826 7.59592 8.1473 6.67432 5.61036 4.40178 6.99035 2.34009 7.17398 3.32388 6.95684 8.96975 6.30448 2.71413 4.95529 0.251794 8.35154 4.45199 5.6376 7.42232 6.67994 4.12933 2.06495 4.41589 2.3812 6.49384 10.6135 6.88209 3.10408 8.36517 6.10629 7.62514 5.47156 6.55058 9.00069 5.84332 2.3435 6.02491 4.44245 6.19436 9.4407 6.18324 7.98221 8.28383 4.74982 4.48112 4.8434 9.38928 8.18819 1.91366 6.41131 7.84129 6.60803 3.51574 5.39045 6.85211 6.34386 6.63061 7.09429 4.27423 4.7264 1.18562 5.71234 10.3536 5.93742 8.33514 6.98949 5.54246 8.26598 5.67923 
3.89514 6.26355 0.235372 1.46932 5.46601 5.6464 3.05944 0.701783 4.20298 4.92443 6.42947 5.25556 0.508035 4.18169 4.25967 3.45944 1.35768 4.37499 7.02157 5.35023 4.31912 1.64976 5.35829 6.19003 2.24199 0.631269 4.07933 4.96856 4.33813 3.85996 7.17447 2.42052 1.63371 3.46092 1.38571 4.6545 0.462709 4.39164 0.952103 3.3028 2.44444 4.69591 2.1356 5.68327 1.96703 6.31573 1.92003 5.59722 4.9808 2.11059 3.48759 3.79791 4.85186 2.25362 4.82869 3.04278 4.2371 7.37361 3.80047 3.62006 0.876185 2.59825 3.92042 4.69093 3.2249 3.59918 5.65905 0.678012 2.5334 6.27039 3.0283 6.95209 2.49072 1.80136 4.68257 2.27141 6.57877 2.8458 1.66301 4.65491 4.20288 2.49802 0.784474 4.59862 3.78276 1.86261 1.52322 2.34361 2.52353 5.14102 5.18353 5.48835 4.38749 4.48642 6.94629 3.58893 7.32323 5.17645 4.37645 4.2565 
5.46883 1.09444 5.41915 5.71679 6.58736 1.49907 7.21734 5.37343 1.90882 9.87179 1.21758 10.3742 5.49455 9.65064 5.25481 6.03464 6.57864 6.98556 1.97649 7.85738 6.3379 6.64624 0.629682 5.63089 3.4056 5.82348 8.51409 4.18516 1.45671 2.5041 6.27277 5.26674 6.73466 3.69446 5.51931 6.56964 6.06845 4.08315 6.53652 3.15869 4.54041 9.7342 4.11147 1.2404 5.16637 3.86948 6.7585 0.505668 7.72146 5.24462 7.70112 1.82168 2.3946 4.55871 4.7555 7.32675 8.61538 3.01803 2.4541 5.54669 4.79401 7.80908 7.02815 8.23807 6.65656 7.14244 1.61075 5.45154 3.15824 2.24116 7.64003 2.32349 5.70853 7.35593 1.26178 3.52087 1.17661 8.227 7.17681 3.49268 3.05064 5.52269 6.11882 1.15261 2.35153 6.91755 4.52 4.27566 7.45174 6.74093 7.12576 3.0708 7.46995 7.85586 2.12002 8.76704 3.10079 1.7404 9.17652 7.37482 
2.55853 7.89543 5.55673 6.88707 10.8047 8.98338 2.60768 4.80309 7.83617 9.29453 8.00853 9.31754 5.91338 7.74848 2.79804 8.86019 6.46873 9.79235 8.13354 0.18 1.68671 6.82807 7.43589 11.2134 6.23138 6.01722 2.69067 9.74031 7.57786 5.54585 12.184 3.35716 4.16625 4.36085 6.793 10.0489 5.30322 9.20783 5.70947 7.70112 3.92725 8.99681 4.59654 8.85814 7.29708 10.6633 3.77985 7.65935 10.3814 3.6 8.67613 6.84781 8.82418 7.36952 9.82022 8.27051 2.60284 7.62053 7.77371 2.53255 5.25761 7.24994 9.32367 9.97065 2.19313 8.96541 9.05685 6.07711 6.49835 6.94124 3.08934 7.69068 3.0593 5.06949 6.76639 6.5797 8.29038 4.59365 4.91066 9.19243 4.99123 3.14612 6.04003 7.65405 5.74314 6.93098 4.71343 4.25339 7.49362 10.5242 10.5939 9.68864 9.77487 1.16902 7.87633 7.97076 7.47 6.47403 9.01801 9.64541 
7.5463 9.65932 3.89139 3.10345 5.11476 8.31464 5.79221 4.47772 7.01402 1.11018 9.82398 1.56984 3.62527 1.62788 7.96827 3.514 2.47988 3.44384 10.4999 8.39193 7.76861 2.26632 8.71865 6.69813 5.52974 3.29803 6.1047 6.31317 7.3643 7.55499 7.50297 6.09199 4.3068 7.28179 3.30692 4.17336 3.58979 5.85969 3.00433 5.77382 6.2505 0.92957 5.95124 8.45116 3.65919 7.91157 4.68028 8.92812 3.43903 5.79656 1.5221 7.0622 7.20694 4.28921 5.80359 1.65952 6.26231 11.0271 6.47751 7.2397 4.63435 1.24595 2.88257 2.43378 6.37734 2.40408 8.28242 3.58402 5.70777 9.91521 5.34379 10.5311 6.01575 3.33038 8.14666 5.31703 9.91159 3.99326 3.50116 6.44932 7.99123 6.09053 3.05498 7.66543 7.43006 2.00644 5.34319 6.16709 1.37975 4.5894 4.29401 7.44852 2.9291 7.2624 10.4795 0.488774 10.9975 8.78954 0.620322 2.87425 
4.29284 5.83378 0.593633 0.991413 4.74676 4.96488 3.81932 1.26779 3.5301 5.02412 6.00011 5.43843 0.431856 4.56724 4.59245 2.80794 1.50801 3.79817 6.64055 5.98374 4.831 1.65097 4.90368 5.38644 1.68941 0.73736 4.88415 4.15018 3.73202 3.64227 6.37194 2.87167 2.449 3.50477 0.820244 3.98741 1.23227 3.57325 1.51199 2.53505 2.6903 4.83249 2.19659 5.02524 1.23167 5.5096 2.72002 5.13039 4.46061 2.57154 3.2548 3.27617 4.10099 1.43951 4.01756 2.80508 5.04004 7.11486 3.08561 4.05268 0.910879 2.78368 3.41123 4.32946 3.8896 3.17101 4.96815 0.362353 1.93424 6.00293 3.83208 6.63483 3.04357 2.54772 4.27926 1.6044 6.12046 3.63373 2.43578 3.84666 4.12335 3.00741 1.03247 4.01125 3.51461 1.91732 1.66193 2.4969 2.54008 4.45876 4.54612 4.70032 3.90314 5.19871 6.59822 3.7769 7.08283 4.88035 4.4016 3.77195 
6.86236 3.33054 5.35956 5.09513 4.62776 0.801561 7.98234 5.63257 1.55631 8.89524 3.42094 9.47444 5.28015 9.08847 6.78735 4.64866 6.12647 5.40542 4.1448 9.22658 7.71804 6.06805 2.7926 3.42041 3.49494 5.5461 9.24653 2.15928 1.81838 3.99169 4.00151 6.19395 7.06329 5.08084 4.93855 4.8391 6.04847 2.29142 6.35284 2.32551 5.5111 8.82148 4.89719 1.07168 4.37293 1.60162 7.20902 2.76557 6.07622 6.06064 6.59001 2.53314 0.755381 3.74856 2.8013 6.30341 9.37649 5.27046 1.80679 6.84352 4.97395 7.17268 5.61008 6.80027 7.62552 5.86121 0.693542 5.17279 3.17723 4.51328 8.25126 4.57018 6.6068 7.3861 3.04016 3.34045 3.27666 8.42998 7.25524 1.61966 4.74157 6.44888 5.82241 1.82609 3.74833 6.31709 5.05059 5.19076 6.70168 4.88938 5.31805 0.839345 5.97101 8.95177 4.34166 8.01676 5.36451 3.8277 8.17059 5.90255 
9.29465 11.7197 5.86847 5.16405 6.62773 10.342 7.23476 6.38122 9.0638 1.03078 11.8846 0.51614 5.63264 2.02485 9.74737 5.36956 4.47234 5.02096 12.5575 9.79349 9.39752 4.29979 10.7793 8.34656 7.58446 5.29689 7.23156 8.1878 9.42257 9.57423 9.04602 7.89015 5.9303 9.22467 5.36691 5.7726 5.47491 7.77856 4.87811 7.81543 8.13971 1.1323 7.90641 10.4871 5.71172 9.77655 6.26809 10.9894 4.75067 7.61158 3.35004 9.12308 9.21358 6.33745 7.62953 3.62271 7.37024 13.0637 8.52362 8.9766 6.61659 3.18597 4.55798 3.67005 7.93477 4.1648 10.3054 5.60742 7.76754 11.9519 6.68522 12.5794 7.74772 4.88256 10.2017 7.37786 11.9731 5.17823 5.08882 8.39772 9.97215 7.84975 5.03358 9.72424 9.4599 4.0321 7.29285 8.09154 3.43332 6.10005 5.72071 9.39439 4.42195 8.60189 12.5328 2.18653 13.0292 10.8297 1.75693 4.41693 
4.92062 2.89928 3.67614 3.80217 5.00373 1.78718 6.0347 3.80159 0.428019 7.93565 3.05413 8.44553 3.68816 7.78052 4.88567 4.15554 4.71259 5.15276 3.79148 7.26419 5.7655 4.75017 1.98829 4.45539 1.66364 4.00056 7.31205 2.86356 0.488262 2.20484 5.29029 4.21769 5.22861 3.17493 3.60943 4.81965 4.35726 2.55125 4.76098 1.2659 3.53261 7.80283 2.92318 1.79338 3.22816 3.31042 5.33353 2.14721 5.90249 4.09273 5.76292 0.668506 1.43628 2.61874 3.2839 5.38677 7.4368 4.61863 0.65192 4.88363 3.1604 5.91068 5.14102 6.34301 5.651 5.22464 1.82014 3.62084 1.36195 3.59956 6.33896 3.986 4.63406 5.68842 1.70696 1.66027 3.08765 6.66147 5.53174 2.15407 2.99767 4.47353 4.29441 0.790253 1.94538 5.01941 3.11955 3.21237 5.53137 5.06317 5.40651 2.32659 5.60022 6.97362 3.85317 6.85328 4.65189 2.58213 7.23799 5.49825 
4.52374 1.54457 4.56606 5.01352 6.46421 2.05117 6.23221 4.45394 1.67431 9.20403 1.71026 9.67512 4.67848 8.85736 4.34066 5.61293 5.79974 6.62616 2.39207 6.91937 5.39541 5.90263 0.610574 5.76453 2.6086 5.01496 7.52868 4.21233 1.13159 1.53942 6.51777 4.28065 5.78744 2.73183 4.81 6.30277 5.19186 3.97819 5.68859 2.73923 3.55443 9.04615 3.13772 1.85981 4.54472 4.26758 5.79615 0.845813 7.37811 4.26142 7.11632 1.06217 2.51436 3.978 4.69959 6.71678 7.62948 3.13847 2.12219 4.58568 3.90333 7.06003 6.5892 7.78091 5.67183 6.63982 2.14895 4.6542 2.40919 2.1205 6.66061 2.5205 4.72246 6.45112 0.35609 2.80143 1.83087 7.28676 6.26505 3.49143 2.16206 4.53654 5.30793 0.933809 1.37033 6.17454 3.57129 3.29184 6.74437 6.54121 6.88881 3.34887 7.05799 6.88059 2.41102 8.03844 3.16901 1.17886 8.52772 6.95236 
9.12693 11.5278 5.68206 4.97205 6.47309 10.1523 7.08837 6.20007 8.87244 0.847585 11.6926 0.33541 5.44416 1.90003 9.57749 5.18958 4.28422 4.85791 12.3658 9.6539 9.23926 4.10932 10.5873 8.18426 7.39295 5.10883 7.11 8.00871 9.23066 9.38557 8.89248 7.71767 5.768 9.04186 5.17496 5.61006 5.29419 7.59614 4.69737 7.62457 7.96058 0.940213 7.72231 10.2968 5.52007 9.59882 6.10902 10.7974 4.60435 7.43765 3.16716 8.93107 9.02526 6.14609 7.4536 3.4346 7.25056 12.8738 8.33249 8.80956 6.43012 2.99868 4.38731 3.52142 7.78062 3.98799 10.116 5.41791 7.57563 11.7619 6.54543 12.3885 7.58009 4.7223 10.0102 7.18585 11.781 5.0451 4.92687 8.21342 9.78653 7.68016 4.84663 9.53229 9.27041 3.84194 7.10894 7.90977 3.24164 5.94445 5.57008 9.21052 4.26203 8.46586 12.3415 2 12.8397 10.6394 1.57305 4.25387 
4.85092 6.23914 0.984124 0.415933 4.32412 5.16501 4.2003 1.74631 3.76092 4.53785 6.4047 4.98454 0.635138 4.23405 5.16047 2.32177 1.1772 3.27029 7.06883 6.46694 5.36296 1.21202 5.30094 5.11744 2.09476 0.684251 5.18299 4.00661 4.0294 4.15849 6.09643 3.41315 2.72567 4.07413 0.257099 3.51518 1.42274 3.43494 1.46997 2.64201 3.26221 4.36299 2.77115 5.25259 0.852115 5.4569 3.04174 5.51806 3.91256 3.10846 2.68812 3.65034 4.20747 1.29248 3.78842 2.24018 5.34375 7.59771 3.27061 4.60331 1.48054 2.37453 2.85727 3.75453 4.35143 2.6 5.15632 0.466476 2.2902 6.48649 4.13793 7.09448 3.5555 2.59988 4.7119 1.91437 6.50665 3.72877 2.53332 3.80001 4.67184 3.53375 0.900278 4.3212 4.0152 1.48385 2.23573 3.07236 2.05769 3.99952 4.05306 4.71611 3.34401 5.62755 7.04348 3.34426 7.57291 5.3584 3.8924 3.21255 
3.82001 2.75812 3.33242 3.85778 5.88069 2.67346 5.16722 3.23062 1.54564 8.04838 2.92453 8.49831 3.45579 7.63574 3.76276 4.71526 4.59004 5.77201 3.55951 6.18807 4.67611 4.71208 1.84253 5.5182 1.42144 3.79427 6.46261 3.92135 1.24169 1.11126 6.38412 3.26241 4.59071 2.05105 3.65199 5.55788 3.95627 3.54035 4.4549 2.03158 2.54568 7.87779 2.0195 2.58681 3.46831 4.43776 4.62572 2.08147 6.52739 3.18889 6.0356 0.510392 2.56205 2.96142 4.27142 5.61851 6.57494 4.12176 1.67869 3.80526 2.66865 5.86168 5.65265 6.8097 4.69289 5.63937 2.73739 3.44013 1.28472 3.02209 5.54518 3.58603 3.69682 5.22162 1.19854 1.68656 3.06349 6.08133 5.03841 3.23311 1.90373 3.522 4.08541 1.35665 0.853756 4.98302 2.37929 2.24448 5.57245 5.86652 6.16346 3.45468 6.14121 5.97709 3.52864 6.84856 4.11491 1.89789 7.38773 6.02656 
7.68376 9.91817 4.09646 3.364 5.38911 8.60006 5.85144 4.6555 7.29226 0.913893 10.0832 1.30096 3.84423 1.40616 8.1146 3.80911 2.68881 3.71872 10.754 8.45072 7.8765 2.49898 8.97805 6.98522 5.7807 3.51216 6.10129 6.60928 7.63629 7.7825 7.78338 6.24039 4.4013 7.47754 3.56587 4.45286 3.75826 6.15556 3.1659 6.05598 6.42686 0.684105 6.15028 8.7343 3.93761 8.20769 4.7679 9.1897 3.68456 5.9492 1.81011 7.32247 7.49646 4.56946 6.0988 1.95563 6.25615 11.2646 6.75763 7.3736 4.84282 1.41905 3.16425 2.65669 6.46483 2.69119 8.56881 3.81168 5.96561 10.1527 5.37894 10.7765 6.14564 3.39848 8.39789 5.57743 10.1747 3.9851 3.58022 6.74414 8.20182 6.22801 3.25886 7.93673 7.66319 2.23332 5.5394 6.35519 1.63028 4.86215 4.55748 7.74328 3.19188 7.30537 10.729 0.481664 11.2322 9.02906 0.640078 3.14226 
6.01007 9.0337 2.9481 2.8792 6.22524 8.17108 3.98814 3.26711 6.75563 2.72222 9.19997 2.80492 2.84201 1.43402 6.47124 4.26954 1.83636 4.63862 9.80224 6.57986 6.1044 1.93023 8.11815 7.5429 4.93092 2.51623 4.20954 6.76938 6.98385 6.62959 8.45367 4.63418 2.63577 6.09886 3.02524 5.25978 2.38533 6.2316 1.83052 5.64845 4.95718 2.42596 4.83017 8.25126 3.6327 8.31655 2.97405 8.35235 4.88427 4.3694 2.80243 6.51738 7.20755 4.22896 6.39704 2.60714 4.36606 10.1405 6.27682 5.69 3.65716 1.13719 4.03886 4.05242 4.65099 3.53344 8.16417 2.89337 5.18693 9.04246 3.49052 9.73228 4.46448 1.58751 7.45681 4.85275 9.33921 2.09554 1.79424 6.7006 6.90844 4.57526 2.22092 7.26452 6.56209 1.72052 4.22456 4.95704 1.68716 5.74228 5.55846 7.66045 4.28229 5.42008 9.72844 1.42972 10.084 7.95611 2.50344 4.18628 
