50 100 19
777 335 649 27 763 426 211 429 862 135 22 167 11 373 784 324 413 980 862 281 84 505 313 895 814 364 87 178 403 399 676 12 94 570 467 902 652 280 865 619 31 771 709 856 586 683 528 829 270 715 796 245 921 488 841 500 124 856 227 936 437 407 858 237 818 11 776 763 606 818 369 996 470 499 644 139 669 464 355 611 299 568 311 801 878 736 522 416 924 624 452 550 973 930 660 981 959 668 926 340 
9 68.4 37.6 54.2 93.6 10.7 44.5 75.6 17.9 41.8 88.7 41.2 34.8 17.2 65.9 0.9 33.6 21 34.2 
15 17 4 0 12 2 2 17 17 3 14 3 11 0 8 17 11 11 12 7 9 7 9 15 15 9 2 14 8 17 1 15 14 4 18 16 15 12 11 2 13 10 0 10 18 17 2 1 2 3 
611.191 862.986 262.452 223.486 541.128 758.631 436.327 311.448 619.852 248.284 879.619 275.187 242.887 179.109 654.331 346.655 129.004 382.753 943.231 695.932 631.805 125.96 769.925 674.633 448.232 208.83 477.671 602.519 647.158 635.007 764.956 466.999 285.701 595.756 240.651 444.568 220.912 550 161.245 503.724 487.791 222.569 464.221 768.503 295.61 759.016 323.262 792.456 409.552 438.056 202.633 606.447 657.343 357.61 562.755 180 493.916 985.83 569.622 580.211 337.01 34.0588 322.837 331.217 492.854 272.485 757.145 243.655 470.976 874.966 394.782 940.732 457.48 190.394 707.2 434.824 891.476 271.03 206.197 599.844 671.405 465.611 180.546 676.189 625.353 100.807 402.826 482.421 87.3212 492.831 474.827 697.376 348.632 584.829 938.178 110.693 981.465 763.959 206.62 338.658 
565.107 719.467 171.572 63.8905 412.029 595.716 460.679 246.033 460.197 355.692 735.942 402.616 136.624 342.584 600.004 205.801 75.1665 276.796 803.592 704.577 607.705 47.4342 625.412 523.483 307.044 113.111 540.631 438.316 492.164 515.102 617.836 418.019 302.557 502.558 84.22 320.339 179.627 384.52 147.635 340.026 413.628 339.413 370.401 607.076 129.031 593.19 339.438 646.469 329.188 387.021 174.951 459.793 491.504 191.971 402.881 129.877 557.219 858.673 408.094 538.046 237.697 151.169 224.508 292.904 491.48 186.601 593.633 126.127 324.299 747.605 440.71 807.614 424.721 253.539 568.521 285.272 744.949 364.611 255.384 432.843 565.287 425.988 105.948 522.015 500.801 67.0075 313.383 398.018 109.859 370.548 364.978 530.182 267.798 609.656 801.904 242.002 856.361 634.716 290.172 254.961 
521.982 216.453 446.025 463.22 555.195 122.188 661.346 452.134 78.2943 876.037 230.887 927.373 449.361 860.598 510.69 490.23 553.586 586.441 306.341 760.796 608.664 557.883 132.774 476.518 243.074 481.175 790.555 323.187 34.4384 228.58 550.718 472.23 593.142 341.784 443.921 547.292 513.277 304.587 555.925 202.299 400.676 863.023 346.439 112.641 405.216 327.361 600.521 142.804 660.497 463.985 657.222 97.8621 150.443 343.651 375.055 620.32 802.153 399.461 132.061 523.179 389.965 673.986 589.499 710.406 615.38 600.68 129.541 443.352 214.842 305.722 696.708 332.758 515.52 645.273 134.48 247.542 230.638 739.201 628.767 251.448 302.076 498.182 510.656 10.8167 205.244 584.839 375.971 370.401 636.121 567.004 604.094 234.094 634.023 743.551 316.261 768.333 404.98 218.888 806.013 624.367 
523.689 146.414 684.202 752.475 905.647 399.606 759.627 652.442 426.808 1170.62 139.262 1213.51 703.143 1116.76 483.414 826.904 818.952 928.433 84.0238 736.21 599.164 834.589 217.862 816.354 508.842 737.153 881.5 669.914 373.472 313.423 879.446 572.098 764.391 392.379 731.861 894.859 737.82 654.941 793.68 539.676 509.309 1152.53 498.623 372.71 713.474 635.932 753.956 209.614 1003.59 583.658 970.668 368.513 491.435 659.849 724.652 929.21 887.426 49.0306 476.051 544.905 611.006 947.561 924.134 1042.68 684.746 927.465 410.702 704.284 495.461 72.9452 815.584 25.5539 612.222 849.377 251.436 535.679 160.963 912.849 828.537 599.401 303.059 593.271 765.105 346.976 320.515 861.372 556.389 496.067 922.304 916.743 952.799 560.022 971.35 775.173 53.535 1047.23 57.2189 181.761 1105.5 960.661 
598.506 128.456 580.983 601.985 657.392 127.769 771.093 580.675 209.124 1013.65 135.447 1065.61 586.285 999.124 576.945 618.361 691.978 709.346 206.62 837.342 685.412 696.656 112.606 549.307 378.217 618.561 900.832 412.68 173.185 301.811 607.053 576.514 718.58 420.933 582.715 663.19 647.112 409.649 691.948 335.753 503.829 1001.11 459.07 100.841 542.996 361.865 722.281 94.7945 781.584 573.468 792.669 222.463 235.567 480.8 472.966 756.82 911.178 321.055 264.169 606.209 521.076 812.778 717.824 839.088 716.171 732.612 138.521 580.923 351.525 257.233 812.272 251.056 620.671 777.418 177.73 385.673 119.821 867.058 760.032 346.781 356.434 602.204 648.093 144.028 286.024 723.626 497.692 476.766 774.755 676.634 716.771 290.904 760.263 836.826 227.108 907.057 331.545 221.822 943.231 751.375 
774.665 956.831 397.73 304.095 466.978 811.032 611.569 461.736 685.073 120.934 973.153 179.622 368.057 212.132 815.177 317.052 258.105 300.167 1042.35 870.933 801.706 231.262 862.744 629.007 547.759 337.001 649.888 598.833 722.806 756.345 707.181 627.809 459.004 736.848 324.711 374.204 375.694 555.932 319.312 559.473 638.238 114.983 603.583 825.955 351.336 758.426 497.081 882.878 295.447 597.629 114.14 697.213 697.782 412.835 545.433 138.708 665.887 1100.09 630.651 744.71 470.523 148 246.073 193.631 666.037 200.639 807.22 361.707 563.157 989.077 569.843 1048.25 623.436 365.779 808.418 523.381 980.488 439.933 381.262 616.942 804.137 629.592 315.546 753.132 742.36 207.793 543.744 627.479 141.693 414.133 382.969 716.76 246.447 760.214 1041.78 97 1097.91 876.14 49.679 241.853 
642.795 151.611 620.613 636.07 667.261 131.484 815.738 622.685 239.14 1044.32 154.146 1097.45 624.568 1035.09 620.556 641.412 728.358 728.871 216.816 881.385 729.609 731.665 155.193 548.894 417.58 656.403 945.487 420.595 209.504 346.562 600.257 621.303 761.412 465.611 617.171 679.272 687.346 423.595 730.953 364.446 548.614 1032.67 503.287 107.378 574.625 352.512 765.755 135.074 799.801 618.026 820.864 264.047 248.783 511.744 483.011 786.245 955.895 336.364 293.206 650.816 562.275 847.482 740.587 861.72 761.069 757.866 140.631 618.567 389.924 285.047 856.526 267.526 665.451 818.428 222.335 422.664 131.469 909.428 801.355 358.469 399.93 647.012 685.88 181.893 330.927 758.475 540.947 521.403 807.963 689.656 730.986 291.661 781.553 881.668 241.448 940.597 348.524 261.813 973.347 773.175 
490.486 784.297 176.477 205.934 590.699 711.848 318.277 204.355 568.356 369.088 800.89 390.083 172.386 265.279 534.619 384.896 104.809 448.068 859.782 576.534 509.48 134.183 693.638 699.638 378.541 143.503 374.626 601.973 586.805 540.882 795.178 348.174 164.012 488.215 214.56 497.749 116.4 545.587 64.846 465.52 375.373 342.161 360.636 717.798 281.585 750.025 202.062 717.432 490.153 320.206 296.623 536.113 622.676 333.781 573.791 261.375 391.234 891.81 523.567 459.184 244.755 147.054 391.281 428.591 371.163 345.626 712.085 181.221 405.927 782.164 282.793 851.63 336.216 79.404 626.189 375.293 815.718 185.914 89.1852 584.702 568.542 345.162 116 613.91 534.634 130.25 300.027 374.001 173.954 547.877 538.862 676.368 427.477 468.327 851.742 231.193 886.059 674.004 328.763 415.702 
805.105 881.082 411.122 282.11 294.822 701.128 692.243 486.806 592.112 273.359 896.621 338.213 375.012 383.693 838.373 183.221 300.137 130.384 969.981 942.497 848.892 264.17 788.926 463.001 499.892 354.189 756.419 455.817 637.709 719.69 536.411 658.595 532.846 728.179 299.421 205.623 418.524 421.9 376.431 466.495 649.492 279.458 600.051 719.831 290.147 611.871 571.12 805.87 123.665 627.625 88.0909 628.727 582.58 337.765 396.274 121.078 773.003 1043.63 537.13 778.617 471.377 256.632 87.6584 52.0096 729.976 69.7711 695.506 362.088 505.903 935.128 663.531 985.057 665.904 461.14 745.729 466.275 899.105 557.779 470.188 487.599 780.439 667.109 345.568 667.811 701.018 255.738 547.11 630.785 210.535 241.748 208.904 584.648 72.6911 842.748 974.34 261.176 1044.14 823.379 206.475 70.0643 
665.009 970.341 362.221 344.193 649.25 877.763 452.637 395.324 737.461 228.355 986.978 224.511 349.824 75.7166 711.827 462.65 243.813 485.556 1047.83 709.233 670.47 246.951 878.415 791.046 558.581 316.628 459.831 724.177 762.155 731.391 879.163 529.589 326.497 678.258 360.411 552.552 307.065 672.06 251.008 623.802 563.653 197.773 551.632 886.721 417.481 881.111 358.398 901.648 500.09 503.698 293.232 717.354 778.412 478.968 683.005 283.826 474.641 1082.55 688.391 632.811 433.803 145 425.842 407.296 523.261 374.883 876.644 353.838 583.401 972.666 398.437 1041.4 510.883 221.371 812.916 549.004 1000.47 250.008 242.887 722.174 759.434 522.683 287.117 790.598 724.412 222.767 491.076 564.107 200.898 598.923 576.014 819.63 443.054 590.872 1040.77 122.025 1076.96 863.807 223.707 434.957 
291.234 249.596 458.214 548.767 791.205 400.769 512.831 415.337 338.378 956.29 261.444 993.457 482.78 884.613 260.311 665.83 598.205 772.915 284.93 522.8 374.585 619.048 211.936 749.2 318.002 515.83 636.9 589.892 290.193 98.27 831.685 323.631 518.278 143.924 528.609 756.34 504.172 555.389 562.385 406.356 261.658 935.433 259.048 380.938 526.91 617.888 506.246 231.355 848.011 335.529 775.645 237.539 435.29 485.314 628.767 731.665 643.77 278.088 365.954 307.132 383.407 726.472 755.41 866.47 440.702 747.92 410.581 487.312 317.53 176.465 567.609 253.996 364.078 607.224 160.078 354.611 289.171 665.555 585.896 519.065 54.626 345.046 541.671 281.192 120.503 644.662 319.625 251.024 708.917 788.777 817.178 522.848 805.268 541.887 264.683 826.367 269.898 107.564 895.739 793.216 
664.003 779.064 270.002 144.554 345.824 627.539 556.386 345.419 502.467 304.416 795.196 361.024 234.137 343.071 697.929 153.883 163.719 192.463 865.934 803.306 707.537 127.906 685.252 482.066 378.336 212.763 629.085 426.433 541.713 594.794 570.485 517.279 397.212 593.334 163.515 249.562 278.431 379.318 240.337 376.431 509.975 295.718 463.06 642.487 172.351 586.051 434.925 704.483 234.804 486.297 85.7555 520.634 514.745 231.407 379.047 45.4533 645.728 930.089 447.8 637.314 332.34 165.705 134.618 193.259 590.374 89.9444 623.777 221.815 389.667 819.847 532.17 875.242 524.559 335.601 634.648 349.448 801.16 440.692 341.422 437.535 650.696 525.681 205 572.114 578.135 126.507 408.285 492.54 109.11 298.503 284.29 537.443 172.308 706.256 867.115 223.188 929.124 706.983 232.71 160.016 
882.261 799.766 516.736 387.764 52.811 574.282 837.054 591.277 508.24 517.604 813.093 582.626 482.084 626.556 903.93 186.936 461.746 124.085 889.054 1063.49 944.412 429.424 717.22 231.976 506.333 477.696 926.106 288.062 561.843 712.085 292.554 748.193 683.617 759.743 394.122 67.424 553.921 283.79 533.401 404.975 715.52 525.884 652.664 598.326 342.301 418.714 718.307 727.641 138.917 719.403 318.511 581.949 457.949 347.554 223.544 326.957 942.613 983.921 460.663 862.041 549.859 473.321 183.84 245.345 853.244 234.83 565.785 465.292 496.734 884.898 824.294 917.798 768.932 639.963 695.639 465.692 807.547 749.242 642.241 347.177 786.206 764.084 484.149 588.106 688.32 435.326 616.013 688.608 418.115 20.2237 40.4475 425.029 174.428 981.327 900.973 502.173 988.533 782.387 453.11 178.997 
674.273 534.63 380.217 298.931 240.104 322.386 696.078 437.477 242.043 633.61 548.336 693.878 356.881 674.538 686.225 202.425 404.46 278.959 624.239 884.338 748.059 387.866 451.054 225.858 279.589 371.769 808.21 97.5141 295.67 460.196 323.427 559.916 565.785 526.579 290.243 230.098 440.967 43.1045 450.309 147.959 510.186 628.981 442.666 343.74 222.892 252.127 591.872 461.866 349.201 535.84 401.659 320.156 202.726 177.553 86.6083 377.881 823.527 717.72 195.318 660.17 378.114 485.545 297.405 416.515 688.12 324.423 315.572 341.33 260 619.165 703.082 651.749 591.055 563.706 431.057 240.786 544.266 676.533 556.72 103.832 537.756 581.037 393.071 321.96 435.118 408.593 424.199 479.17 432.852 247.935 285.33 202.872 333.997 823.78 635.308 558.839 722.357 518.483 561.015 326.81 
327.867 440.556 169.257 250.186 556.343 405.098 381.077 157.686 264.885 659.037 457.131 698.997 187.395 602.2 344.746 392.216 303.449 499.004 516.443 538.658 400.232 321.442 350.721 572.752 73.4098 221.326 506.913 423.382 264.068 207.425 668.853 215.724 298.027 205.548 230.313 498.977 229.026 370.601 280.794 220.32 162.41 639.295 95.2575 403.656 238.533 524.535 306.889 374.931 571.386 195.602 477.846 200.96 350.721 213.265 434.332 433.457 519.977 556.515 240.337 312.477 99.925 432.251 471.658 575.641 353.171 457.193 408.579 189.76 103.078 445.48 407.946 511.251 251.811 355.36 282.363 107.615 472.563 444.599 337.369 370.086 257.387 238.95 249.159 286.393 195.88 347.651 87.7268 131.928 410.838 539.956 559.189 430.286 522.012 489.009 509.605 532.167 552.685 334.26 597.144 509.313 
209.029 335.01 380.728 484.199 767.777 443.696 417.337 329.959 352.026 880.493 348.415 914.346 408.795 799.138 188.68 622.557 521.878 730.075 378.868 447.493 295.655 545.715 279.866 747.797 274.002 440.478 542.407 588.539 313.168 95.5249 836.231 227.528 424.634 48.3735 464.855 722.277 420.268 546.762 479.488 390.242 167.275 858.242 175.317 428.042 473.51 640.8 411.18 302.769 803.794 240.187 712.026 246.1 453.485 440.768 618.684 667.261 549.758 372.979 365.825 219.672 306.635 648.494 706.154 811.601 346.976 693.098 452.227 415.578 282.816 272.591 471.561 350 268.002 516.377 212.878 314.129 374.457 570.728 494.773 521.124 41.9762 248.944 464.424 313.428 119.67 570.243 236.681 160.552 635.706 759.069 783.23 542.885 756.487 454.251 359.901 747.746 363.941 192.094 822.835 743.942 
810.038 663.727 482.996 373.591 104.785 431.116 806.945 549.764 378.319 615.325 676.327 679.464 453.345 693.957 824.874 199.685 469.163 215.713 752.13 1011.5 880.471 443.606 585.211 128.787 417.852 459.419 910.355 142.888 432.64 604.452 221.416 688.151 664.678 668.468 372.2 143.265 534.597 147.959 529.823 292.181 644.003 617.729 577.409 455.817 307.293 277.651 695.076 593.507 266.34 662.046 392.046 463.087 317.194 285.491 79.7057 383.885 926.329 851.674 336.18 793.918 496.806 518.089 260.231 359.785 808.735 304.237 422.246 436.495 401.061 756.746 805.546 784.136 715.687 643.138 571.402 377.709 668.913 756.485 640.413 205.993 681.93 707.532 474.292 456.71 579.367 457.771 552.073 614.083 461.637 132.944 177.722 279.401 277.042 942.484 765.847 570.699 857.421 659.276 545.311 275.313 
633.001 1000.66 398.363 417.346 756.965 935.951 394.554 409.683 792.518 333.924 1017.13 314.668 396.548 154.738 682.268 562.894 311.13 596.178 1072.54 638.941 623.472 325.85 911.846 890.3 601.365 367.143 373.044 810.571 810.359 747.819 981.298 511.953 303.534 677.703 430.001 660.252 332.773 756.034 288.735 688.077 559.103 303.798 561.378 941.952 493.685 963.769 325.96 936.108 615.306 490.65 407.181 757.682 845.073 551 774.855 392.826 386.167 1094.42 747.439 600.601 461.268 246.966 536.157 524.768 474.085 485.255 936.096 405.088 629.414 987.178 332.952 1059.72 484.661 210.623 842.342 599.393 1033.51 180.701 231.588 800.6 763.888 499.61 338.74 837.085 744.883 306.728 504.588 566.359 303.191 707.939 687.652 895 556.92 517.816 1062.2 240.169 1087.07 883.016 339.488 548.151 
155.563 642.225 305.655 439.659 829.444 694.338 108.632 229.578 565.329 724.694 656.515 738.968 341.76 593.776 205.798 635.437 408.167 730.229 689.854 242.918 152.398 443.301 574.924 875.306 385.8 354.683 231.465 732.274 549.626 378.64 973.107 101.951 195.727 266.678 429.331 754.072 287.388 677.432 335.252 532.241 173.488 696.69 231.225 686.584 478.649 836.519 161.307 599.617 791.169 116.829 630.57 476.932 658.752 486.963 735.789 588.063 239.301 674.835 549.659 123.907 275.51 503.017 685.147 756.897 41.6293 651.701 700.024 357.841 415.023 581.268 169.614 659.255 60.7454 299.827 501.599 417.049 681.073 302.055 279.53 682.015 352.853 76.1577 360.285 563.569 390.717 457.121 227.466 203.686 518.078 801.431 809.03 741.273 731.471 176.604 670.466 587.392 663.533 501.367 686.039 718.41 
130.614 663.392 390.621 524.938 911.497 743.398 149.215 314.035 621.795 803.911 676.491 815.163 426.919 665.98 176.173 719.561 493.66 815.354 701.121 160.378 82.0061 528.923 605.345 950.842 454.042 440.477 238.839 804.279 600.221 409.941 1048.01 165.56 275.53 291.343 514.164 837.786 373.186 750.654 420.145 601.176 226.685 775.379 292.063 733.098 561.794 900.564 238.73 629.158 876.804 189.402 716.063 526.866 718.722 566.887 811.483 673.731 240.95 671.126 611.805 110.005 356.104 585.623 770.767 842.711 69.9214 737.576 749.993 442.821 481.506 586.652 213.806 664.449 135.831 376.94 534.335 488.109 702.906 362.012 357.733 750.696 368.392 144.014 446.171 610.778 426.305 542.31 300.794 259.237 602.605 884.719 893.309 803.802 817.245 125.766 678.852 667.372 658.204 520.128 767.756 804.175 
196.01 348.105 436.936 545.388 832.434 488.615 433.074 380.802 408.075 935.641 359.477 967.298 466.669 846.991 161.83 687.285 577.834 794.769 377.16 424.058 277.051 603.165 308.73 809.249 339.013 497.437 552.496 649.696 365.624 148.607 896.429 256.02 461.966 97.5756 526.366 787.307 471.495 609.277 531.129 453.542 208.197 912.586 230.835 470.737 537.294 695.04 444.072 329.193 868.332 274.767 772.882 302.476 508.702 505.57 681.587 727.957 558.055 350.477 425.846 215.455 364.003 702.91 770.191 874.575 355.833 756.229 497.821 474.453 347.667 261.765 491.749 339.607 291.386 558.616 250.06 379.16 387.594 603.302 536.706 581.31 70.6045 273.386 520.159 362.218 174.471 627.034 291.186 209.695 692.882 824.044 848.26 597.85 820.543 448.01 354.141 801.424 339.034 206.584 879.683 807.941 
319.232 730.537 222.266 337.249 742.34 725.536 119.641 171.712 584.132 560.036 746.282 571.238 250.138 424.539 368.049 537.729 274.046 619.63 792.152 376.63 320.025 310.015 650.035 819.825 384.584 247.413 207.087 694.719 584.173 465.408 918.286 201.229 40.8167 376.606 333.901 656.804 170.836 637.182 197.385 515.349 258.629 531.338 281.233 724.017 396.343 822.694 14.3178 675.187 671.72 184.765 490.927 518.009 663.16 425.516 683.323 451.895 222.913 797.895 553.484 286.782 237.548 346.764 567.768 621.743 174.597 527.459 728.83 266.993 416.357 695.208 102.069 771.077 170.426 132.834 576.459 402.096 766.959 146.185 114.28 658.278 465.551 186.196 240.47 605.212 468.846 317.177 239.052 274.17 371.077 706.474 705.868 734.983 609.647 270.326 777.504 424.085 788.835 599.573 526.214 597.068 
298.613 448.688 169.012 264.367 584.39 428.267 354.052 143.569 290.126 665.791 465.13 703.457 192.276 600.75 317.057 416.31 307.847 522.463 521.444 508.178 370.061 328.722 361.137 603.1 103.479 225.411 480.926 453.856 285.477 203.691 699.28 185.397 279.308 185.335 245.204 525.038 222.733 401.059 277.683 250.571 132.484 645 66.1287 425.494 260.094 553.868 285.212 385.811 594.001 165.895 492.13 219.057 378.428 239.493 464.57 447.343 493.661 554.956 268.337 282.554 95.0158 436.371 492.914 594.085 323.668 476.105 432.241 197.231 132.31 444.496 383.407 512.821 222.036 343.759 290.462 138.058 482.109 427.931 324.785 400.281 245.253 208.83 251.748 306.105 195.801 354.189 61.3922 102.694 418.699 566.824 584.932 459.109 543.194 459.296 512.837 536.355 550.195 335.203 605.739 530.363 
671.745 493.974 403.708 334.94 274.563 274.554 711.916 455.057 205.913 682.087 507.15 741.933 383.694 718.577 680.101 251.938 441.2 327.428 583.106 888.795 748.6 427.117 413.368 226.744 278.469 401.787 827.827 73.5935 260.231 440.219 320.062 565.301 588.544 515.932 324.197 275.409 467.467 25.0799 481.922 134.718 510.886 676.912 443.091 296.665 258.414 211.946 612.396 422.522 396.548 543.065 450.25 293.641 155.206 205.937 98.5089 425.329 842.76 680.089 165.366 659.856 392.822 528.467 347.023 465.929 698.176 373.852 267.367 369.038 254.608 584.363 723.132 613.066 598.99 594.085 399.406 242.769 501.597 705.861 585.671 54.626 519.065 587.64 424.985 284.565 414.566 449.04 431.393 479.004 476.873 288.765 328.353 154.383 383.172 834.358 595.538 604.492 685.511 487.37 609.473 376.175 
884.634 591.711 628.859 546.927 291.488 338.479 938.691 681.91 365.825 832.025 600.187 895.927 606.726 902.404 887.478 407.02 651.049 432.487 671.107 1108.83 964.909 631.383 536.035 116.846 498.691 621.895 1054.56 154.829 412.626 624.942 142.506 787.493 814.236 718.104 539.515 358.712 690.818 212.474 700.061 351.552 729.208 833.639 661.89 365.396 471.816 106.099 838.874 535.004 477.462 766.689 606.321 471.059 267.591 427.376 181.868 594.068 1069.55 785.573 352.026 875.723 619.633 719.712 476.929 575.613 923.018 519.362 327.391 591.338 471.653 709.662 949.764 715.51 822.849 813.674 550.557 465.967 584.086 926.63 806.867 202.277 703.96 810.64 642.819 424.694 599.06 649.804 655.573 696.762 664.364 337.415 381.958 182.631 493.697 1059.25 692.087 781.006 795.274 634.478 761.554 492.349 
159.79 409.099 315.696 430.475 747.985 485.732 337.431 257.163 375.089 812.883 423.383 843.759 346.919 723.409 159.531 586.819 455.935 693.289 458.717 397.291 245.524 482.437 344.42 747.53 250.793 376.591 464.247 590.989 345.722 148.071 840.031 145.152 342.934 34.7851 412.335 693.537 347.829 543.865 407.491 386.12 85.9127 789.487 111.83 473.635 431.094 662.695 328.586 368.686 765.006 157.544 656.339 273.212 475.909 407.953 612.944 611.242 472.424 455.712 376.853 159.706 244.469 579.97 663.772 763.116 271.149 645.728 493.061 355.928 268.263 354.903 390 431.984 186.561 436.767 272.465 291.371 448.004 488.201 414.982 528.11 124.064 167.371 398.246 352.785 164.137 505.665 169.729 86.3539 571.71 733.788 753.883 564.335 714.012 387.342 440.941 678.14 446.534 268.57 758.009 701.142 
459.353 104.661 591.026 658.238 823.156 338.585 682.879 561.495 343.284 1076.37 109.202 1119.4 609.381 1023.88 424.078 736.156 725.074 838.8 114.11 684.082 540.017 740.438 139.058 744.151 414.643 643.414 807.666 592.976 289.088 222.434 812.997 491.24 677.481 311.67 637.624 807.788 645.756 573.485 701.046 450.76 425.353 1058.33 409.353 312.771 619.879 575.303 669.078 139.058 914.178 500.276 876.906 276.877 417.019 567.001 644.736 835.278 814.666 139.086 389.782 477.085 518.256 853.607 832.726 950.647 611.616 834.878 349.738 610.302 401.673 36.0555 736.34 89.5879 532.869 759.714 159.214 441.897 138.809 826.968 739.152 521.387 223.607 513.697 671.506 264.94 227.607 767.25 465.798 409.547 828.07 831.662 866.48 492.311 880.389 711.119 94.6414 953.206 140.118 88.2383 1011.25 869.501 
194.504 730.286 428.029 560.289 954.971 808.327 137.058 353.647 684.553 807.701 743.303 813.615 463.327 659.589 236.713 758.538 517.571 850.606 767.001 125.447 127.534 553.48 672.382 1002.86 511.251 472.787 190.263 859.289 664.639 476.831 1100.63 223.002 288.383 358.37 551.417 877.707 400.979 804.692 441.78 658.167 288.877 778.337 352.24 798.542 603.511 960.485 249.808 696.221 908.958 242.769 738.6 591.331 780.314 614.007 863.343 697.827 188.915 734.064 672.367 176.479 402.604 598.273 803.26 867.805 91.4166 767.178 814.721 479.86 539.752 651.786 193.848 729.389 186.724 382.047 601.247 543.59 769.819 346.914 365.088 807.961 435.23 198.977 474.659 675.966 492.898 564.057 354.318 321.048 621.003 925.637 931.567 864.378 848.199 58.6941 744.325 673.502 720.747 586.973 777.001 835.268 
693.663 298.117 572.031 553.954 514.339 52.8015 821.243 594.021 178.885 939.673 305.38 997.016 566.559 954.682 682.356 516.954 655.617 593.526 375.005 932.174 780.217 651.464 256.72 387.398 378.926 594.455 949.067 267.925 190.515 399.731 438.771 637.323 737.271 513.585 537.565 536.889 641.028 282.158 674.413 274.367 567.173 931.709 508.781 75.6439 483.266 192.128 749.665 249.65 660.656 626.259 709.736 263.865 121.462 420.202 332.47 680.212 961.526 490.976 215.114 694.241 528.663 763.301 613.502 732.755 780.867 637.907 43.1393 556.723 347.311 422.8 851.469 421.001 679.692 775.041 293.471 368.067 288.028 877.104 761.053 214.979 470.952 663.121 622.656 182.628 376.873 676.826 529.698 535.863 717.34 541.421 584.472 132.823 649.945 911.382 396.788 849.368 501.483 365.308 867.314 643.009 
445.325 114.232 496.19 550.136 703.96 243.502 636.227 477.699 224.511 969.444 130.545 1015.06 510.327 928.08 421.1 617.629 624.29 719.561 190.536 682.71 531.595 636.592 44.9444 630.906 307.148 544.281 765.006 477 170.179 157.003 704.006 440.223 605.486 272.259 529.623 687.884 556.059 454.981 608.135 331.122 368.782 952.794 336.174 220.81 506.676 473.77 602.961 66.4078 794.847 442.295 764.094 159.531 304.381 451.536 526.841 723.439 774.078 256.889 269.943 455.505 426.825 751.588 714.829 833.514 574.394 718.679 254.118 509.231 290.259 154.353 683.1 196.919 484.103 678.081 45.607 330.194 149.683 756.04 658.663 405.02 200.552 465.053 573.223 148.014 148.788 663.7 385.519 345.939 722.289 711.844 746.561 384.912 762.052 688.994 188.43 850.259 259.48 69.4622 902.711 751.349 
558.757 765.6 179.36 121.511 474.178 656.489 423.757 242.86 517.929 321.179 782.2 360.168 152.411 280.957 597.762 270.15 38.8973 329.079 847.354 676.209 592.003 24.1868 672.06 592.112 350.407 119.57 491.415 508.207 546.101 546.21 685.689 411.17 264.458 518.787 138.514 380.132 159.615 454.129 109.33 401.643 419.029 300.486 385.549 666.432 195.028 662.55 302.881 694.136 372.285 380.592 187.683 507.568 555.673 256.164 472.807 147.679 508.057 895.007 467.508 529.641 253.308 94.8103 272.369 317.616 464.999 227.431 655.012 149.335 371.652 783.843 395.79 847.379 410.537 197.608 611.249 334.594 793.102 304.174 203.745 501.225 588.885 414.933 96.3846 575.355 534.577 13.1529 325.161 408.496 77.8845 430.113 420.021 597.773 309.627 574.359 843.576 193.794 891.507 671.789 263.463 297.607 
265.03 284.074 476.496 574.729 832.061 446.972 500.292 427.468 384.13 976.194 294.457 1011.01 503.37 896.748 228.845 700.846 617.486 808.26 308.469 489.612 344.781 640.279 255.196 794.001 351.256 535.628 620.987 634.505 336.506 136.033 877.243 318.121 520.096 144.589 554.923 794.392 517.653 598.82 576.754 447.881 263.03 954.364 272.239 426.814 557.826 664.489 504.774 273.3 882.987 333.952 802.462 282.151 481.586 519.394 672.086 758.032 626.795 283.134 410.154 284.693 401.966 744.731 788.44 897.402 424.238 778.723 456.86 509.259 353.736 192.51 557.857 270.352 355.788 613.372 206.4 389.344 323.19 664.425 591.684 564.004 67.2309 337.285 560.257 327.825 160.527 665.244 333.635 258.095 730.329 828.073 855.348 569.317 838.547 517.078 285.028 844.219 272.465 146.813 917.491 826.293 
231.206 351.16 311.893 410.819 697.924 413.905 395.127 267.66 304.764 811.281 366.306 847.001 338.195 736.827 226.374 548.821 452.637 656.282 409.207 469.158 317.309 475.079 279.517 686.283 201.559 370.6 524.015 528.187 274.016 84.3801 777.059 199.123 376.671 56.4358 391.297 649.89 356.393 483.473 414.712 325.712 128.133 789.747 111.521 402.046 399.185 593.299 368.766 304.322 729.812 202.596 638.7 201.792 406.037 367.196 554.196 594.052 533.304 422.481 309.84 231.458 237.171 580.312 631.881 737.342 335.31 618.813 421.201 344.061 213.026 315.425 442.815 389.539 243.019 461.511 206.073 242.095 389.062 526.157 440.478 463.22 98.737 224 395.607 280.945 95.352 500.12 171.84 108.849 565.127 687.573 710.766 494.887 682.221 456.422 394.791 680.018 415.601 216.622 752.283 669.66 
412.689 484.608 143.224 175.237 469.47 399.01 427.954 174.385 254.772 593.57 501.203 638.437 142.941 557.324 432.695 302.106 250.392 409.011 566.973 612.288 480.418 260.192 391.063 498.959 69.527 174.929 546.531 357.795 272.281 281.78 596.665 288.17 314.968 295.169 154.625 409.381 212.151 301.877 250.06 169.517 245.687 576.327 181.463 403.6 150.443 477.213 333.88 413.265 481.702 263.03 398.65 227.068 320.765 123.762 359.457 355.373 561 620.801 214.189 394.686 109.59 375.8 382.97 489.691 415.072 371.012 400.052 137.383 92.1954 509.84 442.883 569.59 317.921 346.144 331.171 61.2046 512.27 448.969 332.074 314.212 340.93 308.402 204.463 299.977 265.187 287.36 151.99 217.624 345.793 451.119 469.401 389.283 433.315 550.967 564.316 473.874 618.802 396.869 528.153 420.743 
414.664 127.063 504.608 569.134 744.478 291.707 619.013 478.853 267.067 987.484 141.089 1030.96 521.829 937.625 386.747 649.463 637.227 753.047 184.391 649.25 499.673 651.952 89.3756 676.528 325.484 555.887 746.481 521.384 213 143.59 750.936 423.986 600.304 249.008 548.523 724.547 561.129 497.031 615.419 366.62 354.581 969.66 330.353 268.74 530.864 521.929 594.718 105.423 828.558 429.326 787.787 190.436 350.828 478.553 569.506 746.097 754.722 227.982 309.291 427.52 432.726 765.561 745.367 862.713 553.014 746.536 302.364 522.276 312.58 118.966 668.94 176.185 467.132 678.435 73.7564 352.8 166.364 750.64 658.317 449.285 168.87 447.913 584.234 193.256 143.59 678.836 384.158 335.037 739.295 750.351 783.878 432.487 793.395 662.348 174.453 865.002 227.864 21.9317 922.176 782.338 
841.628 495.707 632.88 572.051 386.699 245.489 925.534 675.707 307.885 898.546 502.715 960.927 616.294 950.884 838.58 465.01 678.317 510.137 571.013 1073.61 925.262 663.821 449.68 223.002 474.371 636.624 1047.2 183.992 346.071 564.2 249.826 759.592 814.73 667.432 561.036 440.178 699.035 234.009 717.398 332.388 695.684 896.975 630.448 271.413 495.529 25.1794 835.154 445.199 563.76 742.232 667.994 412.933 206.495 441.589 238.12 649.384 1061.35 688.209 310.408 836.517 610.629 762.514 547.156 655.058 900.069 584.332 234.35 602.491 444.245 619.436 944.07 618.324 798.221 828.383 474.982 448.112 484.34 938.928 818.819 191.366 641.131 784.129 660.803 351.574 539.045 685.211 634.386 663.061 709.429 427.423 472.64 118.562 571.234 1035.36 593.742 833.514 698.949 554.246 826.598 567.923 
389.514 626.355 23.5372 146.932 546.601 564.64 305.944 70.1783 420.298 492.443 642.947 525.556 50.8035 418.169 425.967 345.944 135.768 437.499 702.157 535.023 431.912 164.976 535.829 619.003 224.199 63.1269 407.933 496.856 433.813 385.996 717.447 242.052 163.371 346.092 138.571 465.45 46.2709 439.164 95.2103 330.28 244.444 469.591 213.56 568.327 196.703 631.573 192.003 559.722 498.08 211.059 348.759 379.791 485.186 225.362 482.869 304.278 423.71 737.361 380.047 362.006 87.6185 259.825 392.042 469.093 322.49 359.918 565.905 67.8012 253.34 627.039 302.83 695.209 249.072 180.136 468.257 227.141 657.877 284.58 166.301 465.491 420.288 249.802 78.4474 459.862 378.276 186.261 152.322 234.361 252.353 514.102 518.353 548.835 438.749 448.642 694.629 358.893 732.323 517.645 437.645 425.65 
546.883 109.444 541.915 571.679 658.736 149.907 721.734 537.343 190.882 987.179 121.758 1037.42 549.455 965.064 525.481 603.464 657.864 698.556 197.649 785.738 633.79 664.624 62.9682 563.089 340.56 582.348 851.409 418.516 145.671 250.41 627.277 526.674 673.466 369.446 551.931 656.964 606.845 408.315 653.652 315.869 454.041 973.42 411.147 124.04 516.637 386.948 675.85 50.5668 772.146 524.462 770.112 182.168 239.46 455.871 475.55 732.675 861.538 301.803 245.41 554.669 479.401 780.908 702.815 823.807 665.656 714.244 161.075 545.154 315.824 224.116 764.003 232.349 570.853 735.593 126.178 352.087 117.661 822.7 717.681 349.268 305.064 552.269 611.882 115.261 235.153 691.755 452 427.566 745.174 674.093 712.576 307.08 746.995 785.586 212.002 876.704 310.079 174.04 917.652 737.482 
255.853 789.543 555.673 688.707 1080.47 898.338 260.768 480.309 783.617 929.453 800.853 931.754 591.338 774.848 279.804 886.019 646.873 979.235 813.354 18 168.671 682.807 743.589 1121.34 623.138 601.722 269.067 974.031 757.786 554.585 1218.4 335.716 416.625 436.085 679.3 1004.89 530.322 920.783 570.947 770.112 392.725 899.681 459.654 885.814 729.708 1066.33 377.985 765.935 1038.14 360 867.613 684.781 882.418 736.952 982.022 827.051 260.284 762.053 777.371 253.255 525.761 724.994 932.367 997.065 219.313 896.541 905.685 607.711 649.835 694.124 308.934 769.068 305.93 506.949 676.639 657.97 829.038 459.365 491.066 919.243 499.123 314.612 604.003 765.405 574.314 693.098 471.343 425.339 749.362 1052.42 1059.39 968.864 977.487 116.902 787.633 797.076 747 647.403 901.801 964.541 
754.63 965.932 389.139 310.345 511.476 831.464 579.221 447.772 701.402 111.018 982.398 156.984 362.527 162.788 796.827 351.4 247.988 344.384 1049.99 839.193 776.861 226.632 871.865 669.813 552.974 329.803 610.47 631.317 736.43 755.499 750.297 609.199 430.68 728.179 330.692 417.336 358.979 585.969 300.433 577.382 625.05 92.957 595.124 845.116 365.919 791.157 468.028 892.812 343.903 579.656 152.21 706.22 720.694 428.921 580.359 165.952 626.231 1102.71 647.751 723.97 463.435 124.595 288.257 243.378 637.734 240.408 828.242 358.402 570.777 991.521 534.379 1053.11 601.575 333.038 814.666 531.703 991.159 399.326 350.116 644.932 799.123 609.053 305.498 766.543 743.006 200.644 534.319 616.709 137.975 458.94 429.401 744.852 292.91 726.24 1047.95 48.8774 1099.75 878.954 62.0322 287.425 
429.284 583.378 59.3633 99.1413 474.676 496.488 381.932 126.779 353.01 502.412 600.011 543.843 43.1856 456.724 459.245 280.794 150.801 379.817 664.055 598.374 483.1 165.097 490.368 538.644 168.941 73.736 488.415 415.018 373.202 364.227 637.194 287.167 244.9 350.477 82.0244 398.741 123.227 357.325 151.199 253.505 269.03 483.249 219.659 502.524 123.167 550.96 272.002 513.039 446.061 257.154 325.48 327.617 410.099 143.951 401.756 280.508 504.004 711.486 308.561 405.268 91.0879 278.368 341.123 432.946 388.96 317.101 496.815 36.2353 193.424 600.293 383.208 663.483 304.357 254.772 427.926 160.44 612.046 363.373 243.578 384.666 412.335 300.741 103.247 401.125 351.461 191.732 166.193 249.69 254.008 445.876 454.612 470.032 390.314 519.871 659.822 377.69 708.283 488.035 440.16 377.195 
686.236 333.054 535.956 509.513 462.776 80.1561 798.234 563.257 155.631 889.524 342.094 947.444 528.015 908.847 678.735 464.866 612.647 540.542 414.48 922.658 771.804 606.805 279.26 342.041 349.494 554.61 924.653 215.928 181.838 399.169 400.151 619.395 706.329 508.084 493.855 483.91 604.847 229.142 635.284 232.551 551.11 882.148 489.719 107.168 437.293 160.162 720.902 276.557 607.622 606.064 659.001 253.314 75.5381 374.856 280.13 630.341 937.649 527.046 180.679 684.352 497.395 717.268 561.008 680.027 762.552 586.121 69.3542 517.279 317.723 451.328 825.126 457.018 660.68 738.61 304.016 334.045 327.666 842.998 725.524 161.966 474.157 644.888 582.241 182.609 374.833 631.709 505.059 519.076 670.168 488.938 531.805 83.9345 597.101 895.177 434.166 801.676 536.451 382.77 817.059 590.255 
929.465 1171.97 586.847 516.405 662.773 1034.2 723.476 638.122 906.38 103.078 1188.46 51.614 563.264 202.485 974.737 536.956 447.234 502.096 1255.75 979.349 939.752 429.979 1077.93 834.656 758.446 529.689 723.156 818.78 942.257 957.423 904.602 789.015 593.03 922.467 536.691 577.26 547.491 777.856 487.811 781.543 813.971 113.23 790.641 1048.71 571.172 977.655 626.809 1098.94 475.067 761.158 335.004 912.308 921.358 633.745 762.953 362.271 737.024 1306.37 852.362 897.66 661.659 318.597 455.798 367.005 793.477 416.48 1030.54 560.742 776.754 1195.19 668.522 1257.94 774.772 488.256 1020.17 737.786 1197.31 517.823 508.882 839.772 997.215 784.975 503.358 972.424 945.99 403.21 729.285 809.154 343.332 610.005 572.071 939.439 442.195 860.189 1253.28 218.653 1302.92 1082.97 175.693 441.693 
492.062 289.928 367.614 380.217 500.373 178.718 603.47 380.159 42.8019 793.565 305.413 844.553 368.816 778.052 488.567 415.554 471.259 515.276 379.148 726.419 576.55 475.017 198.829 445.539 166.364 400.056 731.205 286.356 48.8262 220.484 529.029 421.769 522.861 317.493 360.943 481.965 435.726 255.125 476.098 126.59 353.261 780.283 292.318 179.338 322.816 331.042 533.353 214.721 590.249 409.273 576.292 66.8506 143.628 261.874 328.39 538.677 743.68 461.863 65.192 488.363 316.04 591.068 514.102 634.301 565.1 522.464 182.014 362.084 136.195 359.956 633.896 398.6 463.406 568.842 170.696 166.027 308.765 666.147 553.174 215.407 299.767 447.353 429.441 79.0253 194.538 501.941 311.955 321.237 553.137 506.317 540.651 232.659 560.022 697.362 385.317 685.328 465.189 258.213 723.799 549.825 
452.374 154.457 456.606 501.352 646.421 205.117 623.221 445.394 167.431 920.403 171.026 967.512 467.848 885.736 434.066 561.293 579.974 662.616 239.207 691.937 539.541 590.263 61.0574 576.453 260.86 501.496 752.868 421.233 113.159 153.942 651.777 428.065 578.744 273.183 481 630.277 519.186 397.819 568.859 273.923 355.443 904.615 313.772 185.981 454.472 426.758 579.615 84.5813 737.811 426.142 711.632 106.217 251.436 397.8 469.959 671.678 762.948 313.847 212.219 458.568 390.333 706.003 658.92 778.091 567.183 663.982 214.895 465.42 240.919 212.05 666.061 252.05 472.246 645.112 35.609 280.143 183.087 728.676 626.505 349.143 216.206 453.654 530.793 93.3809 137.033 617.454 357.129 329.184 674.437 654.121 688.881 334.887 705.799 688.059 241.102 803.844 316.901 117.886 852.772 695.236 
912.693 1152.78 568.206 497.205 647.309 1015.23 708.837 620.007 887.244 84.7585 1169.26 33.541 544.416 190.003 957.749 518.958 428.422 485.791 1236.58 965.39 923.926 410.932 1058.73 818.426 739.295 510.883 711 800.871 923.066 938.557 889.248 771.767 576.8 904.186 517.496 561.006 529.419 759.614 469.737 762.457 796.058 94.0213 772.231 1029.68 552.007 959.882 610.902 1079.74 460.435 743.765 316.716 893.107 902.526 614.609 745.36 343.46 725.056 1287.38 833.249 880.956 643.012 299.868 438.731 352.142 778.062 398.799 1011.6 541.791 757.563 1176.19 654.543 1238.85 758.009 472.23 1001.02 718.585 1178.1 504.51 492.687 821.342 978.653 768.016 484.663 953.229 927.041 384.194 710.894 790.977 324.164 594.445 557.008 921.052 426.203 846.586 1234.15 200 1283.97 1063.94 157.305 425.387 
485.092 623.914 98.4124 41.5933 432.412 516.501 420.03 174.631 376.092 453.785 640.47 498.454 63.5138 423.405 516.047 232.177 117.72 327.029 706.883 646.694 536.296 121.202 530.094 511.744 209.476 68.4251 518.299 400.661 402.94 415.849 609.643 341.315 272.567 407.413 25.7099 351.518 142.274 343.494 146.997 264.201 326.221 436.299 277.115 525.259 85.2115 545.69 304.174 551.806 391.256 310.846 268.812 365.034 420.747 129.248 378.842 224.018 534.375 759.771 327.061 460.331 148.054 237.453 285.727 375.453 435.143 260 515.632 46.6476 229.02 648.649 413.793 709.448 355.55 259.988 471.19 191.437 650.665 372.877 253.332 380.001 467.184 353.375 90.0278 432.12 401.52 148.385 223.573 307.236 205.769 399.952 405.306 471.611 334.401 562.755 704.348 334.426 757.291 535.84 389.24 321.255 
382.001 275.812 333.242 385.778 588.069 267.346 516.722 323.062 154.564 804.838 292.453 849.831 345.579 763.574 376.276 471.526 459.004 577.201 355.951 618.807 467.611 471.208 184.253 551.82 142.144 379.427 646.261 392.135 124.169 111.126 638.412 326.241 459.071 205.105 365.199 555.788 395.627 354.035 445.49 203.158 254.568 787.779 201.95 258.681 346.831 443.776 462.572 208.147 652.739 318.889 603.56 51.0392 256.205 296.142 427.142 561.851 657.494 412.176 167.869 380.526 266.865 586.168 565.265 680.97 469.289 563.937 273.739 344.013 128.472 302.209 554.518 358.603 369.682 522.162 119.854 168.656 306.349 608.133 503.841 323.311 190.373 352.2 408.541 135.665 85.3756 498.302 237.929 224.448 557.245 586.652 616.346 345.468 614.121 597.709 352.864 684.856 411.491 189.789 738.773 602.656 
768.376 991.817 409.646 336.4 538.911 860.006 585.144 465.55 729.226 91.3893 1008.32 130.096 384.423 140.616 811.46 380.911 268.881 371.872 1075.4 845.072 787.65 249.898 897.805 698.522 578.07 351.216 610.129 660.928 763.629 778.25 778.338 624.039 440.13 747.754 356.587 445.286 375.826 615.556 316.59 605.598 642.686 68.4105 615.028 873.43 393.761 820.769 476.79 918.97 368.456 594.92 181.011 732.247 749.646 456.946 609.88 195.563 625.615 1126.46 675.763 737.36 484.282 141.905 316.425 265.669 646.483 269.119 856.881 381.168 596.561 1015.27 537.894 1077.65 614.564 339.848 839.789 557.743 1017.47 398.51 358.022 674.414 820.182 622.801 325.886 793.673 766.319 223.332 553.94 635.519 163.028 486.215 455.748 774.328 319.188 730.537 1072.9 48.1664 1123.22 902.906 64.0078 314.226 
601.007 903.37 294.81 287.92 622.524 817.108 398.814 326.711 675.563 272.222 919.997 280.492 284.201 143.402 647.124 426.954 183.636 463.862 980.224 657.986 610.44 193.023 811.815 754.29 493.092 251.623 420.954 676.938 698.385 662.959 845.367 463.418 263.577 609.886 302.524 525.978 238.533 623.16 183.052 564.845 495.718 242.596 483.017 825.126 363.27 831.655 297.405 835.235 488.427 436.94 280.243 651.738 720.755 422.896 639.704 260.714 436.606 1014.05 627.682 569 365.716 113.719 403.886 405.242 465.099 353.344 816.417 289.337 518.693 904.246 349.052 973.228 446.448 158.751 745.681 485.275 933.921 209.554 179.424 670.06 690.844 457.526 222.092 726.452 656.209 172.052 422.456 495.704 168.716 574.228 555.846 766.045 428.229 542.008 972.844 142.972 1008.4 795.611 250.344 418.628 
