55 110 14
777 335 649 27 763 426 211 429 862 135 22 167 11 373 784 324 413 980 862 281 84 505 313 895 814 364 87 178 403 399 676 12 94 570 467 902 652 280 865 619 31 771 709 856 586 683 528 829 270 715 796 245 921 488 841 500 124 856 227 936 437 407 858 237 818 11 776 763 606 818 369 996 470 499 644 139 669 464 355 611 299 568 311 801 878 736 522 416 924 624 452 550 973 930 660 981 959 668 926 340 376 107 179 412 659 210 206 372 819 904 
9.39 8.11 9.4 6.67 7.05 2.28 1.27 1.5 9.84 6.58 9.2 2.24 4.22 2.69 
12 8 10 9 4 7 10 11 12 8 1 9 11 11 6 12 0 2 6 9 0 0 11 4 11 7 4 4 13 8 10 6 2 7 2 2 0 5 12 5 5 12 7 3 7 13 2 13 12 12 10 3 7 13 1 
395904 849779 334767 432925 834819 849779 139703 293833 708097 564564 865268 561471 357239 402892 446230 628140 349794 698961 908116 376666 370407 383343 771379 926397 508159 346716 125873 808607 708495 583332 1.02426e+06 307002 151529 486815 433720 744640 273386 750910 278830 635814 372400 534214 402523 848343 499785 941505 138130 796558 742566 297410 546298 642112 785663 536355 792523 513157 142004 906277 676436 364825 359780 384232 643063 678083 224243 597978 853001 373226 539896 806943 74652.5 883892 267989 173217 697500 524124 886829 88005.7 169071 776050 576095 286531 332182 729429 588558 382460 363022 391842 422830 794833 788795 855643 679890 255932 891964 438731 896147 715788 545991 668088 54744.9 553315 385191 423814 530144 302688 264518 235136 445225 525933 
125208 648205 489118 623491 995978 767190 264756 412069 659897 920644 659294 932826 525792 783932 139463 811850 602439 911546 671340 124338 48764.7 636962 604950 1.01898e+06 516168 543203 333594 866413 629730 420006 1.11416e+06 245082 391602 303872 610737 927958 480651 815805 531034 660600 284522 892328 352037 753160 652063 946829 355574 626770 976079 274722 824399 557743 760498 648705 881090 781156 331403 622181 659365 134529 443668 699932 870244 948608 187856 840082 775077 540726 539812 552203 327951 627415 231225 494171 539823 553979 687634 478539 474605 807168 360050 231683 552091 634833 441277 652130 377915 315634 714070 973203 985373 848586 918029 184938 645728 783690 607474 506598 882912 904887 351778 252579 264698 151990 801958 696121 388233 259156 717586 396548 
534986 180136 482685 503200 588180 114022 687026 485477 116829 916457 193830 967678 487247 899822 520074 529432 592663 624605 269704 774623 622113 597537 104077 501049 279686 519394 816624 351518 74330.3 237154 570919 495298 625218 354431 483803 583768 549343 337360 593255 242244 422985 903368 372372 96400.2 445638 339096 631001 109041 698316 489094 697622 127193 174046 384111 406208 660775 827754 367614 171479 538499 424500 713711 628802 749827 637534 640631 123693 481705 252464 279179 724743 299588 539073 680525 126823 286356 191669 772472 663576 280794 305275 521239 548916 44721.4 216208 624540 406001 393845 676249 601945 639860 250833 672934 763215 281514 808359 374222 203158 846463 663428 762287 437704 425659 505241 676175 889270 509419 556008 645555 268732 
608679 851049 253269 208734 525951 744108 439851 305188 605773 252240 867674 282482 232142 193132 651154 330796 117004 368348 931790 698937 631478 111328 757810 658673 436023 198116 485224 586451 633704 625353 749147 463590 287028 588647 226241 429471 215114 534004 155756 488993 482104 227660 456571 754221 280252 743033 325014 780186 396688 434278 190851 593938 642246 342475 546631 166193 501567 975811 555252 577970 328030 24738.6 308526 320670 494171 258403 742520 232078 458260 864840 400196 930026 455566 194941 695684 421735 879200 280444 209497 584059 663205 463087 170449 662857 615209 85615.4 395238 475742 72670.5 477906 460492 681710 335410 589071 927117 116108 971668 753523 206495 325209 407000 712860 508506 619806 178899 216190 312000 421470 108337 565874 
341211 879292 532139 656458 1.06011e+06 953740 207711 464583 826453 834938 892180 829154 564416 669000 379581 857336 594401 941013 914342 161208 264382 630134 821570 1.12397e+06 645143 566499 148003 986732 809390 625793 1.22243e+06 362708 362215 507561 651202 976771 490368 930701 518059 790395 432394 804504 492392 944874 709965 1.09654e+06 326198 845457 992553 377327 806105 736316 919905 729747 984979 769343 134239 876530 810586 325346 522024 650173 889018 937961 219713 847951 959769 581437 675012 798023 226927 875206 321790 431677 750219 674354 918851 358240 420602 939757 584209 337202 561587 821993 641393 635022 485374 463712 683520 1.02612e+06 1.02684e+06 1.0019e+06 930271 90609.1 891009 709396 862585 735925 816525 917808 219317 501442 427286 376161 787853 562968 432112 318286 700921 584447 
701171 862727 314560 211454 413310 718946 560350 383444 591486 213902 879036 268777 282455 258954 739304 239134 180801 248566 948395 816100 735033 148852 768651 562883 454622 253569 615325 517200 628758 665361 647191 553445 402492 651234 232034 316951 302597 471259 251287 466259 557391 203494 518376 733328 257235 677012 441131 788729 266957 522708 58694.1 603166 606980 319014 467547 52086.5 631801 1.00731e+06 537239 672347 385068 110114 189042 187963 606282 138235 715417 274308 469392 896415 526217 954825 553611 321286 714773 429522 886314 412989 332701 530094 715556 557818 235771 659067 650668 130188 459796 544255 69857 362360 338999 630017 207511 710894 948072 135300 1.0054e+06 783425 143837 198645 536004 784890 584778 707255 53141.3 323785 399431 523009 68949.3 610379 
707939 668342 348862 227969 180278 471653 672646 421246 374039 488112 683059 550113 315940 548365 729836 54129.5 318663 134239 758190 892059 770637 292058 579600 280203 336095 316787 769344 228064 424062 548403 373048 574616 524047 588215 229993 112539 393215 189789 382413 255002 541202 486079 478578 491664 171421 387342 556656 593709 208971 546155 257099 430081 352278 173566 175034 240533 785596 842769 320832 687841 376733 367967 145602 265377 683433 174929 465450 298918 329803 738597 665496 779867 596584 494581 547156 296000 682221 607415 493207 255180 619827 591082 328434 453008 525816 305853 441820 514418 311873 154331 173289 352677 184196 813797 766077 427117 845488 631114 415928 176071 689656 728583 565892 699477 244812 594718 452093 580979 272905 512079 
701852 466974 460245 398848 305565 230358 760664 506717 197497 746175 478807 806480 442579 784333 705899 313955 505146 381935 554200 925635 781740 492000 393926 215379 315991 462502 879529 61000 249930 450498 298236 604822 643544 537663 387284 323489 525681 72069.4 543244 169009 545976 741569 478712 255000 322448 149050 665540 399400 447599 584624 514208 297893 118127 267479 121198 490316 894097 657895 172630 692564 442712 594140 406510 523474 741556 436039 221653 428572 288513 568388 775490 589207 640839 654379 391829 284609 469814 765248 645078 19209.4 529975 628232 486659 269151 424500 514249 474052 513517 542635 328938 371431 90824 439802 877707 569526 670153 664831 479213 673589 433720 807803 660855 562384 681470 498735 810000 539008 640666 504544 443424 
252286 786130 552598 685697 1.07724e+06 894739 258559 477177 780016 927552 797458 930072 588292 773301 276371 882916 644186 976243 810088 15132.7 165109 680109 740072 1.1179e+06 619621 598785 268477 970532 754181 551014 1.21494e+06 332256 414132 432501 676237 1.00176e+06 527492 917306 568304 766587 389166 897805 456111 882220 726529 1.06275e+06 375494 762430 1.03524e+06 356602 865014 681175 878823 733638 978589 824394 259887 759032 773791 249650 522473 722696 929457 994397 216335 893717 902083 604650 646297 690887 307189 765881 302592 504777 673090 654481 825630 457857 488808 915706 495626 311204 601173 761804 570729 690490 467916 421777 746877 1.04926e+06 1.05631e+06 965278 974627 115521 784400 795040 744003 643960 899681 961676 316741 391322 375159 283933 844354 674003 447904 316665 757415 521215 
117068 536537 277088 409161 775126 593001 209614 202299 468540 747222 550989 770092 313313 636529 155769 592457 404100 693753 586298 308561 172662 436111 468710 802813 302300 335215 336537 653521 448894 272413 899161 31953.1 238533 162099 394849 707720 283854 600960 340930 449138 72945.2 721268 138708 584045 432412 746837 215928 493389 760182 61983.9 621225 375682 564989 427874 664008 576730 345036 577710 458017 91082.4 224350 516563 654927 740173 145986 627915 599167 326957 328811 480360 263746 557986 60835.8 340965 395455 337960 575251 373815 319011 598219 250060 42720 349185 461147 284684 455057 157080 105437 520125 752604 765591 650000 703651 272118 567927 609554 567388 396449 699998 690503 301241 233362 67268.1 124278 597804 569552 185723 96020.8 517262 225175 
394645 150233 529400 603464 795661 344384 614664 496541 320056 1.01956e+06 160353 1.06089e+06 549477 961456 361643 694424 665523 799113 181463 623339 476934 682493 139789 730505 361471 583384 739790 574891 266271 157610 805255 422830 610079 243298 582879 773068 582104 549364 638264 415217 357123 1.00064e+06 343001 320765 569956 575897 601103 151489 874694 432005 825528 237977 405094 520271 622116 783023 746967 194456 360514 411099 455782 794310 789079 905098 543994 788006 355169 551392 352013 83737.7 667943 156109 464492 693721 125064 391945 189156 759276 672971 502780 155563 445314 610966 247348 166208 709042 400500 341884 771038 800166 832810 486796 837678 645745 163049 894187 190906 37121.4 955731 826351 705799 249303 344089 359907 801790 923301 507469 494362 749033 219021 
883779 653319 589216 491041 189180 403435 908944 650145 395763 740806 663597 805315 562748 822614 892440 327819 590770 337871 737277 1.09791e+06 959747 567208 587167 18248.3 489585 572986 1.01841e+06 143736 447826 646703 109124 773610 774010 727633 487003 262880 646026 189992 647207 347052 721782 744361 654011 430249 419869 194733 802001 590103 377595 749947 520047 495323 309317 386256 128888 512544 1.034e+06 846724 368090 871271 592001 645843 386571 478533 902456 432001 392929 546385 466717 762262 913203 777093 805293 761205 589604 452404 650824 874805 756832 213476 726113 795050 590593 465692 620762 582846 638210 690204 589525 236916 280777 240187 398378 1.03806e+06 755535 699327 854890 676617 671646 398246 941628 855313 741094 866250 512878 872833 682898 799076 550718 635108 
512299 202388 706403 782643 953935 454943 756963 669128 474102 1.19858e+06 196229 1.23938e+06 727633 1.13695e+06 468876 867430 843736 970447 139943 714006 582979 861335 266721 869419 540285 761426 875403 721017 420115 333781 934234 575128 773701 397780 762053 939630 756631 703739 813823 582603 516558 1.17945e+06 513355 428165 747910 691759 760517 261324 1.04587e+06 589475 1.00413e+06 408100 543330 696590 774355 961850 880307 30594.1 521426 536020 632193 972553 963579 1.08093e+06 679118 964591 466082 730000 529590 99282.4 815206 82855.3 613270 862792 290462 569719 218515 920111 841525 649942 309627 594718 788655 394994 344816 887789 572965 506741 950068 963208 998251 614183 1.0115e+06 761284 110463 1.07251e+06 15297.1 211473 1.13492e+06 1.0005e+06 852008 346717 498889 477904 980478 1.0942e+06 677200 646753 928231 393966 
398001 370826 246678 286400 512665 306193 479752 253000 165197 705694 387413 751647 253584 670436 404851 378440 363930 485387 453719 622448 477514 373894 277253 501941 44777.2 286714 606278 345905 167863 189391 594786 305930 395457 242297 265876 470425 313115 298297 357912 140545 242909 689141 176816 306000 247330 431807 406021 299541 560560 289638 503672 114039 253142 199249 367927 461863 619175 512103 143736 388330 189676 489605 469601 583541 447294 465859 309343 249930 30083.2 401908 507632 458384 345232 444717 218552 69318.1 398560 539579 428224 285394 261002 330643 316206 192782 167836 401080 186574 210278 458696 505253 531415 335601 519062 581976 451966 587527 511200 289171 639175 507261 543737 377362 258258 378958 480160 654144 279716 351733 432833 155563 
241919 345584 521047 629019 905281 524605 495082 463962 462949 1.01948e+06 353747 1.05057e+06 550840 928367 196540 766776 661880 874339 354109 444380 310097 687329 328805 871840 417153 581588 607800 712215 415637 210459 955804 330619 538882 181747 609861 864083 554596 675314 614271 522556 289401 996249 314992 503817 618967 743592 518464 344971 948401 352185 856664 360207 560704 584883 748392 811784 611596 302121 487647 268157 448175 786652 851423 957156 413652 838659 534648 558574 423000 234047 556555 307168 362001 637762 284565 456580 383283 676404 615769 642067 133304 345145 604194 406872 235934 711158 375215 293109 777026 899320 925091 648475 901734 488594 326939 884954 288134 217954 963787 889235 591826 75272.8 265045 208569 832314 869161 461863 398557 764003 240408 
629586 795033 240601 140121 415326 662541 501243 310850 530450 279415 811454 328518 208082 285580 666802 219641 111544 261197 879714 753329 666331 77006.5 700928 547892 383839 179739 566719 482300 564862 592157 637838 481834 341949 576771 160702 319169 233174 432046 186344 407424 483628 264433 443938 675326 195133 640726 380360 721633 298210 450960 110887 535248 554314 258536 439096 70228.2 583343 935803 477193 601266 310644 99297.5 202356 240127 541698 154467 659776 199850 400262 824755 472488 884446 484004 271680 645036 360849 819825 373664 279544 486215 641387 487297 163600 594955 577984 64513.6 385504 470023 44011.4 368144 353278 585431 235601 651850 878450 173692 933541 711846 213054 224109 486129 710623 511048 634703 89738.5 326218 328390 454688 6403.12 536631 
707543 926094 343447 271221 508520 799012 534842 400975 666321 156416 942618 196023 317800 162262 749700 335024 202467 342486 1.00933e+06 794645 730300 183251 832145 659628 511907 284691 570601 610501 699514 711551 743683 562072 384749 682069 291204 412585 311970 562776 253332 543813 578250 135093 549154 811696 331400 770055 422342 853499 352264 532534 147828 666706 690461 394890 562601 148273 586573 1.0598e+06 613353 676918 417972 77491.9 283805 259187 591921 233574 796244 314460 530864 948603 491601 1.01116e+06 554585 288626 773582 492294 952134 360555 305041 619451 753841 561976 259700 729433 699618 156630 488201 570267 97652.4 456974 431231 719123 296508 682702 1.00659e+06 39115.2 1.05652e+06 836279 107671 289171 494841 808923 604950 718249 149050 234957 409664 520502 130269 653429 
953429 783036 616640 498046 101390 538075 941153 686420 509004 662599 794346 727585 584898 770602 968593 303872 584604 267328 869188 1.15222e+06 1.02306e+06 555044 710710 126246 561587 586905 1.03948e+06 256127 563014 744968 153052 829807 794096 811850 499949 198154 663272 281397 651463 433537 787147 671316 720781 564416 438854 337618 826338 716303 281007 803134 462082 600108 434447 424976 207964 466840 1.05572e+06 974708 471785 936912 636242 611271 325730 389082 947304 376324 528015 567877 544546 884774 935535 905817 856086 762340 704102 521433 783661 874211 762079 327611 823100 848591 598278 584578 719590 564661 693992 757450 555133 152611 184610 376017 319931 1.07982e+06 885624 646007 981759 792076 598592 324181 959794 946461 809411 940166 461408 836570 718136 843892 518773 724034 
602818 269136 483343 476828 501642 59228.4 726416 501519 86023.3 876097 280708 931011 480426 878451 593877 467398 575129 554917 356046 840374 688896 574060 202200 404150 286505 509742 854347 259044 97652.4 313313 472356 542698 644615 423710 459191 507001 552175 253126 588467 197730 472848 865888 413978 70724.8 410202 242266 656062 204022 626343 531413 649942 170660 80081.2 346655 317515 616887 866748 461299 130361 602138 436606 688193 566467 687554 686232 584658 60008.3 471721 255196 377041 757100 392074 584945 686053 219146 278950 271956 786125 671329 191039 387964 568462 538535 96400.2 289228 600194 435178 441372 645210 520112 560257 152191 607329 817177 371727 777988 469026 300416 804471 598949 793486 522245 480534 575657 630187 880196 529299 596418 611341 331074 
489495 122776 639728 708179 868289 371941 720822 608520 388567 1.12618e+06 120354 1.16898e+06 658593 1.07235e+06 451134 785064 774398 887246 91000 707494 567255 790069 180878 784143 464617 692605 843922 635232 334712 269364 850120 531580 721803 351650 687564 855080 693600 617985 749323 498784 467616 1.10804e+06 455159 345407 669813 609141 712085 176003 962539 542232 926879 326038 457739 616709 688523 885273 850282 89470.7 436497 509362 566612 903009 881914 1.00008e+06 647297 884512 383115 659734 451643 32249 775845 45891.2 572301 805882 208540 491867 146997 870664 785128 564113 262488 553249 720569 309278 276053 816843 512550 453485 877838 878032 913437 529689 929400 741492 62585.9 1.00268e+06 92048.9 137208 1.06118e+06 918592 813449 331186 453247 454485 903478 1.03535e+06 619630 603379 854406 330905 
857744 864256 469553 334970 193373 661211 772189 546682 569818 376279 878929 441236 432926 495162 886351 166628 380848 61717.1 954114 1.01449e+06 909709 345313 775470 369628 515885 419005 846653 392046 620003 734121 434663 714919 613583 760107 347937 119708 490609 369850 457131 450494 695423 385852 639226 682643 317002 539434 650834 789649 17720 684459 194250 623978 541599 347704 328055 215761 863296 1.03801e+06 516769 833677 519212 360584 88323.3 103238 801385 127863 654178 417714 515004 932946 749669 975562 728097 552577 741483 477938 877745 655051 558965 437013 801648 726722 417085 648926 712885 343373 592466 672810 309742 141411 102000 527684 46097.7 921257 961971 372551 1.04039e+06 824229 313600 57688.8 765747 901075 721948 854752 202475 573691 572658 705080 281585 692406 
737526 568567 440710 351027 199223 339401 758752 499986 283487 655485 581285 717681 415769 711254 748642 221712 454674 276004 657141 948363 811808 434994 489908 161839 342710 428476 869542 61717.1 337818 516178 259586 623944 626077 587371 344472 214255 499632 53084.8 505310 206184 573873 653680 506274 363369 276697 219791 653094 498177 339029 599854 424700 371214 223289 237413 22825.4 406736 884995 756335 243206 723785 441418 525694 306545 419672 751897 341541 331038 399782 322025 661744 764346 688808 655031 619245 477378 304332 574321 732582 613365 112254 594610 645061 448157 361522 490702 453749 488226 542719 471106 219208 261444 196156 335491 887453 670609 592031 762115 565354 583419 330553 793514 719628 594077 721489 412069 749186 532768 648482 432057 497438 
754658 879957 362891 245326 364589 719234 624123 435409 599341 220127 895978 282349 328525 306426 790911 214105 237683 197517 967331 878259 792495 203089 786375 524077 481399 302914 681754 496058 640645 697685 603432 607010 465465 693311 265002 270407 359356 455141 311565 472712 605529 218979 561843 735658 274401 655250 504061 805137 204685 576064 17464.2 622354 603567 331361 441346 62361.8 698256 1.0329e+06 544301 726705 429564 176604 141510 121078 667236 95524.9 714731 318027 492367 922762 591650 977605 610066 387232 737011 452143 901138 479877 397960 517751 752693 613082 289085 671054 681170 189085 505341 589957 135004 312181 284074 617148 148556 774795 969083 182362 1.03205e+06 809938 147963 141739 602204 829753 632987 758776 41785.2 382341 454089 580882 122589 645368 
523902 46324.9 568032 611249 723205 217007 718226 554484 248676 1.02969e+06 61846.6 1.07771e+06 579494 997361 497178 658593 691434 756350 136077 759581 609480 701208 50606.3 630864 372216 613130 847009 484982 198252 239000 695270 522215 684923 353386 591026 717753 630058 472403 680283 369460 450694 1.01448e+06 416560 190625 561471 454235 683477 29068.9 830659 524023 817634 215372 306178 502842 540881 778666 856058 234233 301294 535397 500972 817120 757460 877867 656160 766006 228186 576990 351262 158114 764853 165221 566107 754682 121511 389873 71554.2 835349 735702 415008 278029 547058 642436 169118 230254 728410 464004 427482 784653 736799 774354 375108 802853 769552 146455 914633 242167 131034 961395 792891 803057 392719 445004 490380 795291 975133 572881 590425 756810 292865 
632529 457369 380757 325055 314033 248966 681836 427183 165952 691903 471004 750163 363804 717591 639708 269409 431005 353736 546923 852150 710444 420220 374594 268062 241299 384704 800083 110941 220045 397519 359806 529646 563847 474529 312160 307353 446561 67742.2 465756 95000 473241 684896 405554 269002 249451 227607 585888 384865 425265 508413 461299 251056 129958 191316 141152 432945 814715 641393 123037 621484 363435 526282 367414 487977 664640 389550 242992 350127 215845 544180 695934 575015 564543 576067 357946 207617 466892 686420 566323 61351.4 476420 552533 409575 245489 371845 443605 397200 441091 476861 324834 362684 153395 406808 800871 558252 607001 646369 445818 619407 398818 728143 603523 491065 613958 443644 737694 459540 563072 439766 382385 
848109 854537 460339 325725 190444 652313 763992 537462 560161 377584 869239 442598 423732 493207 876567 156438 373097 51971.1 944386 1.00568e+06 900370 337682 765640 365422 505693 410162 839324 384401 610236 723923 432227 705459 605538 750015 338497 113146 482084 361332 449245 440596 685630 386381 629287 673625 307015 532752 642686 779896 27166.2 675032 190287 613932 532673 337511 320656 210021 855967 1.02805e+06 507025 824132 509558 355563 79378.8 106367 792612 120801 645347 408442 504810 922911 741989 965676 718878 545550 731454 467740 868168 648645 551661 428509 791459 717390 408627 639203 702693 336305 582697 662925 304086 137931 100499 519702 40607.9 912900 952152 370105 1.03039e+06 814136 313849 50990.2 758382 890990 712127 844988 197434 570246 563600 696053 275176 682221 
759714 556651 477462 392613 218057 318311 792335 534008 281400 698140 568536 760606 453944 755265 768294 264955 496956 313696 643939 975263 836086 477984 482495 138654 365843 468108 905272 29154.8 335121 525681 232263 651261 663031 603887 385240 248032 538005 66219.3 545880 222910 598205 696781 530407 343546 317515 177406 688991 488636 373277 628269 467813 376347 207858 274707 39115.2 450494 920540 747217 247952 747478 473739 569594 347438 458262 782164 383923 309129 438275 342603 656410 800176 678693 683933 659604 476656 329219 559480 772706 653119 99247.2 604869 673146 488649 356237 499857 497097 516467 566485 515079 246108 290134 165239 374066 918139 659182 635969 753932 564510 626231 369846 830105 732799 617214 742082 455555 792788 566806 679200 476038 511848 
856743 975779 466444 349521 387872 803230 715101 537941 690254 183183 991583 247631 432468 326400 893823 286323 337214 230419 1.06396e+06 972141 892002 303949 882760 561424 583082 406075 762685 560423 734048 800590 629579 708986 558335 797709 369034 304795 459213 526339 408354 563841 709355 196703 666219 821299 374214 716082 596940 900680 200489 678122 121758 720156 685254 428042 500546 166760 778924 1.13289e+06 635109 828324 533821 253355 192315 92086.9 763036 166508 797898 422257 592558 1.02324e+06 677975 1.07631e+06 710310 472492 835958 552407 995394 554907 485708 591799 856613 714121 390756 764351 783564 287007 609533 694168 225978 335257 297015 689153 169319 865268 1.06687e+06 217154 1.13251e+06 910659 128891 170792 684960 934093 736813 861708 146103 422191 555371 680003 222729 748973 
643183 682879 263519 132880 273651 516149 582163 339466 397434 417698 698588 476001 228090 455633 670322 68007.4 216363 164575 771415 811775 698891 189180 590235 382415 304120 222847 673146 311849 440729 524135 475893 502829 429337 543625 139979 187489 299201 263410 282604 270823 479401 410775 422303 532443 100000 470992 463600 607715 234077 472933 188322 429303 401254 138708 268168 158773 689558 844183 342286 620210 305007 269898 133989 246130 600203 129850 511798 211540 307703 735833 570426 785682 519643 393402 546268 268613 702095 505713 393085 321363 588430 516493 230673 471034 504406 203354 376747 456124 215058 236814 240204 421284 184296 726870 775227 338337 844780 624320 345272 171820 592798 684481 505681 638903 169594 495008 368213 500016 176011 478986 
819103 706162 474014 355519 66121.1 479401 798447 544507 416222 565980 719290 630492 442052 652343 837055 165922 444596 163573 795238 1.01237e+06 886093 416416 624833 171003 432685 444119 896702 194126 470197 629973 254443 691462 651246 685937 357090 89493 520433 189410 509761 319014 652175 569689 586963 503433 296150 332569 683440 634566 211483 664088 346831 494386 363147 285792 129201 342812 912921 891643 370412 801122 495976 481938 212038 306426 805993 258627 470935 425027 419402 794076 792675 825000 716218 621477 606132 391939 713264 733965 620520 252295 705907 709429 455988 495758 605516 428002 556386 623482 425329 79812.3 123762 331489 224589 937849 807694 528209 896666 693479 496906 223788 817127 823685 675457 807755 341252 709119 576003 702829 387460 602316 
619427 199211 778067 840472 965760 440596 857961 748898 493782 1.2596e+06 185521 1.3041e+06 795594 1.21105e+06 577721 902447 910926 1.00118e+06 109563 826267 692807 925139 288125 862277 596905 829652 979201 723840 442883 409715 917236 670880 862682 491171 819910 962761 833265 715455 888401 613360 607990 1.24239e+06 596008 413793 797424 669718 852602 273265 1.07563e+06 682402 1.0548e+06 449420 545047 741416 782198 1.01432e+06 984868 82873.4 546136 641574 705600 1.03915e+06 1.0009e+06 1.12077e+06 782461 1.0074e+06 451154 795920 581083 171397 914217 98005.1 710921 946675 335672 621076 193610 1.01138e+06 925972 655739 401852 691990 857989 414121 415030 952106 653074 594348 1.01187e+06 981045 1.01909e+06 603842 1.0469e+06 870093 102616 1.13845e+06 99247.2 275632 1.19333e+06 1.03672e+06 951587 455672 592927 584661 1.03185e+06 1.17579e+06 760434 742744 986927 471301 
275182 760697 329560 452090 856148 791885 16552.9 266017 655916 662873 775444 667384 360867 513055 325263 652963 392231 737024 811873 267316 245601 428193 689000 925216 463121 362112 115918 793102 647446 494632 1.02381e+06 211237 158777 387660 447135 772373 285953 736196 315571 603530 283000 633265 328469 786857 506928 912027 121939 714006 789820 212042 608185 576782 742970 530004 787051 569689 127883 799758 632487 245284 327581 459518 685677 739354 100896 645629 796518 377895 494385 705063 50219.5 782907 167586 240410 615013 487509 799036 201480 225575 750846 475422 186775 357405 664669 504001 434954 304923 308715 487305 821760 822495 820405 727795 154208 793348 530034 788577 621701 634858 715196 80709.4 437120 289263 305098 588838 419944 233214 144886 501570 442072 
478239 592171 107517 65000 422995 482734 432005 178530 342257 483713 608691 529744 79075.9 457109 506504 229314 151529 329674 675794 650249 533991 154185 498218 491639 179011 95126.2 535523 374363 369437 389976 590000 337771 290413 389104 44407.2 346944 162890 316836 176082 230957 315634 467052 261843 491424 71344.2 516419 319658 519659 397334 308058 290904 332844 387769 101242 356387 246862 551340 731057 293288 455027 139832 270453 293334 390448 440756 272883 481922 63063.5 196939 620081 430465 679601 356001 287237 440528 158685 618401 399084 278959 350274 444567 352013 120266 398724 374509 181276 212603 294043 236685 393996 403093 440393 343093 571253 673891 366652 729003 507119 417925 330055 458039 528401 342329 474861 266661 457695 209411 338647 211192 337001 
587072 667942 202040 69892.8 336043 522352 519199 278627 393395 411993 684080 465649 166111 424675 616235 131015 159314 222991 754836 750309 640052 136795 574126 435900 270120 159841 610578 349125 431259 488857 531338 444622 366442 497315 78434.7 250460 236205 296015 221461 268405 425470 400622 371594 535965 61400.3 505004 400601 593384 288226 414343 196023 409591 413044 121037 313356 156272 626958 820125 339202 563072 248582 233805 183535 282577 538281 164149 519277 149857 279580 710211 507622 764603 459584 333654 524009 239376 690188 446686 332232 346803 548471 457223 168297 461629 471038 155824 322397 404031 183848 299822 302364 445361 233137 664206 756194 315014 819503 597537 341440 220082 530377 637297 452249 584511 173113 452134 306615 438819 147384 439557 
908643 1.15784e+06 569425 502573 663061 1.02387e+06 701157 619330 894665 97493.6 1.17435e+06 36359.3 546619 179627 954147 531040 430516 500682 1.24112e+06 956747 918101 414483 1.06386e+06 833292 743673 512890 700183 813042 929665 940740 905055 768767 571749 903974 522717 575921 528644 771001 469001 770377 794739 101533 772490 1.03793e+06 559204 972307 605260 1.08511e+06 477008 741111 328283 898354 911900 622113 758191 353239 714034 1.29025e+06 840914 876770 644225 301705 452604 368599 771565 411643 1.02041e+06 544590 762588 1.1791e+06 645945 1.24249e+06 753962 466836 1.00531e+06 723874 1.18365e+06 495065 487595 832186 979443 764377 486161 959747 929707 387536 711101 790448 329073 610118 573171 932001 441500 837483 1.23821e+06 201735 1.28658e+06 1.06709e+06 169098 440315 637122 1.0248e+06 820463 923824 343402 286566 622570 717388 358415 881717 
173738 375183 443847 556619 853584 517633 418344 384147 435270 940592 386172 970512 474853 846832 136066 704256 584042 811555 401050 397281 252052 610571 337682 834197 357946 504723 535045 674818 393634 175866 922139 248823 456898 108342 538015 806257 474575 633404 534248 476920 208291 916922 239069 499866 552161 722840 436867 357946 884589 270148 783368 329462 536191 523001 705365 738320 539933 367952 451542 195780 372259 707611 785293 887722 339001 769717 526795 483513 368436 284007 478519 361311 281256 555763 279258 398453 414560 595211 533766 606976 99156.4 264017 526361 390800 201517 633818 297859 214283 699866 843896 867117 625442 835646 425519 377085 805393 355647 234542 886118 822936 514471 36769.6 183404 138813 759055 787125 380816 317405 688356 186038 
365465 237403 373591 435597 640038 278787 526302 354493 189172 853756 253837 897341 389185 806179 352953 525929 504148 631589 312021 604928 452482 518333 151990 596846 192200 423232 655986 437321 146649 71700.8 680842 331423 484366 184878 414982 609606 432723 402349 485268 255125 258745 835945 217329 265187 399645 475682 483848 177102 707132 329123 655705 85070.6 289318 350091 475742 613551 666179 360601 213026 368543 303528 632248 619526 734918 471466 617654 286812 389082 181596 249948 569106 309716 375586 554867 79378.8 221551 271326 634724 535597 366947 149218 357106 451861 146986 47507.9 545257 263321 232175 605563 639820 670058 378423 668450 594542 306139 731544 359184 137011 788584 656952 607185 283185 258366 336430 632084 777890 372249 396247 581818 100439 
948574 1.18028e+06 600424 524904 653491 1.03741e+06 745952 653809 911500 106212 1.1967e+06 69641.9 575701 227020 993385 535182 460000 495066 1.26473e+06 1.0026e+06 960565 441022 1.08618e+06 827048 767918 542409 748011 816356 948538 969561 894882 807100 613209 937469 545345 569973 563368 776846 503716 786043 830259 122919 805166 1.05251e+06 577031 974624 647521 1.10685e+06 464311 778895 334978 920496 923499 639050 759408 364968 762016 1.31752e+06 857168 916911 675167 332039 450983 357022 814921 413766 1.03347e+06 572456 785348 1.20632e+06 691749 1.26811e+06 793918 508803 1.02957e+06 746063 1.20494e+06 541709 529140 839608 1.01102e+06 803711 516721 978800 957532 414584 743909 824568 352966 601002 562029 939004 434514 883801 1.26289e+06 232777 1.3144e+06 1.09384e+06 177341 434802 683904 1.06083e+06 856360 962739 352677 335345 658813 757737 378857 911351 
386518 589909 18788.3 139169 526165 524527 330238 75591 380185 515644 606531 552074 45122.1 451400 419386 330394 156984 427095 667037 548001 436152 180754 498688 589485 184570 75179.8 438292 462819 394057 354993 688070 241549 196787 324840 125877 449013 86371.3 405228 131034 291431 231970 494171 191596 528266 174485 594542 221883 522349 491285 210924 356609 341063 445702 194281 452001 311541 453715 705897 340119 361006 58668.6 285044 385593 471068 337747 357874 525800 57008.8 213410 595134 333120 661880 255519 220227 432187 187067 620804 323736 206119 428841 394392 253211 100265 420326 345636 204949 132503 217044 270564 496588 504088 510546 433896 468129 660406 384969 701450 484633 457596 420743 363077 457621 259422 387291 332579 426769 106254 236163 258358 295393 
436807 369931 265023 286447 480926 279007 514615 280503 135237 704569 386290 752916 266908 679342 442986 357351 372086 463087 455748 661281 516462 378423 275830 464215 65375.8 298690 640125 307514 148314 216037 556515 343863 423728 278771 266400 443393 333191 260864 373805 102956 281656 689479 215232 281498 238170 393634 436555 296331 538607 326712 495550 110345 217187 183698 331344 455230 653334 522389 106888 427276 215393 494702 451462 567966 484530 451648 281144 260910 34000 413769 540242 465340 382562 466476 224931 65863.5 394656 565014 451067 246473 291076 368348 328184 176233 192510 405571 221253 249046 460027 476105 504195 297968 500130 619601 456653 590912 522750 302491 636473 488750 575817 411618 297200 417423 472607 669214 308911 387738 431700 189190 
420743 806387 238902 320670 719095 775016 202094 219347 631020 468837 822541 475189 254568 324834 469421 512411 232639 581172 873080 461391 419304 265663 721568 816919 431116 238447 240601 706208 638882 545858 914104 297834 90697.3 467059 323633 627968 171479 648676 164502 545642 348076 439318 358469 776660 390948 845599 112004 746464 624628 277521 429787 577990 700058 433073 685579 395683 257158 886833 593633 388294 281455 271162 525095 561758 271330 479993 777023 269208 462010 781589 154719 855967 270542 55217.8 649416 440024 841314 69354.2 53851.6 679248 554698 285281 220204 662707 546008 264464 306806 358504 306415 678178 671269 764094 561948 346578 860468 336214 878650 681299 441725 550115 161003 560073 367800 441807 413011 244469 197952 232775 327567 485077 
198927 584788 205448 340035 723802 606360 172699 128320 471692 661272 600167 683440 242099 550071 241357 532203 322893 629420 643001 347817 235468 356202 508348 768731 284004 259515 301629 626911 461806 318101 866645 55226.8 154935 224964 328056 650130 201206 571638 256535 428957 107564 635066 143014 601140 374012 735440 137928 533502 692694 33121 543001 391065 561364 380296 629223 499121 313383 646258 451239 169012 168908 431521 586742 665361 144972 556167 611138 257344 314312 544008 211038 620249 53160.1 255225 434256 313002 622142 297572 233214 578412 313982 54147.9 270002 478968 324234 373551 124020 127012 437727 696925 706015 641536 634257 281043 627407 523474 637194 450552 615313 621122 249128 317404 123822 210395 520078 485424 105043 43416.6 437371 261612 
459848 839324 259278 326497 717631 799811 236324 249098 655516 437018 855575 440438 270296 287837 508587 511601 230868 574256 907415 493875 457083 261197 753383 822982 456844 250000 259946 718154 665824 580582 919326 336610 128550 504406 331851 624760 190379 660946 171026 565194 385479 407123 393137 802477 399626 861074 151208 778152 613678 315748 413998 606805 720951 445880 694223 382688 276132 923395 616137 427398 308600 250284 516815 545389 308521 470023 801390 283637 487188 817538 184003 891442 309726 57723.5 681811 463001 873758 58898.2 70064.3 694741 591609 324376 228239 690427 579855 256008 339666 394791 290759 674881 665397 782054 551153 377021 895397 307117 915450 716098 413824 539742 183763 599040 405744 481009 398830 205300 230465 271950 315653 519493 
342987 882721 579959 707664 1.10901e+06 974118 259062 509284 851848 900047 894787 895045 613514 735033 374712 908240 650839 994816 911554 125160 258954 686781 830924 1.16553e+06 677975 618081 214084 1.02441e+06 830976 637577 1.26369e+06 390366 417388 518325 701157 1.02781e+06 542778 969236 574193 824621 456186 869663 519755 963583 757644 1.12784e+06 380132 854112 1.0484e+06 409020 865394 757623 947828 773473 1.02612e+06 827673 200562 865306 839860 332988 563257 711872 944073 996966 252660 904258 980748 630449 706804 793272 287084 869272 352797 492577 761479 709480 922339 423288 480368 974413 588919 366005 615179 841429 655210 693017 519874 488459 743455 1.07673e+06 1.07925e+06 1.03186e+06 986413 116675 886767 773447 850602 739579 880365 973801 282986 493794 447303 376948 846561 629273 477470 355675 759385 601289 
544945 662341 155081 20615.5 385716 534619 469572 232157 399472 412083 678735 461213 118596 403441 576056 180801 117154 270024 747415 702488 595063 102240 568230 480775 253403 110114 560932 384877 432391 467124 577146 400671 316635 465192 35355.3 300167 186400 329686 173358 278928 386157 397316 336048 546059 68731.4 537276 350801 588800 332343 370062 213441 402568 430759 131042 354189 169532 577292 806202 347131 519954 208022 212191 226515 315835 490037 200002 532538 103078 268106 695444 457849 753406 413552 286575 513394 228397 686931 400012 284113 375033 521990 412074 119004 462391 451213 126115 283397 366771 169806 349607 351411 471377 274782 615019 746738 302476 804555 582440 344420 261630 480835 603670 413310 544111 189214 420058 259046 391515 139313 414468 
206475 745716 458416 590745 985114 831024 164076 383888 709172 834748 758359 839477 493753 684446 244739 788926 547671 881069 779468 96254.9 130419 583606 690509 1.03178e+06 538563 503245 201137 887433 687879 495976 1.12944e+06 249804 317800 376920 581836 908067 431351 833092 471765 685624 313704 805238 378208 820603 633726 986803 279177 714045 939381 270823 768486 614524 805706 643681 892274 727859 197345 742117 698310 192419 432234 627077 833697 897867 121709 797527 837641 510272 566692 663012 217589 740195 215077 410044 620202 571484 785318 370390 393509 835364 450787 226433 505028 698365 512987 593956 382577 346133 650530 955952 961990 890351 878591 49769.5 756024 701140 728354 602316 805105 865666 232863 366771 304237 241350 747813 588490 353828 224377 660879 458394 
591365 165747 742344 804406 933306 411468 826904 713816 459654 1.22353e+06 152882 1.26806e+06 759693 1.17535e+06 550818 867385 874973 966535 77466.1 802378 666432 889103 253032 832839 560836 793751 949097 692458 408306 374733 889855 638521 828730 458628 783843 928872 797850 682736 852812 578402 574770 1.20632e+06 561405 384526 761506 643028 819225 238933 1.04112e+06 649377 1.0189e+06 413600 513448 705660 750127 978354 955088 68505.5 511613 612647 670019 1.00316e+06 965709 1.08544e+06 752351 971846 422195 759951 545055 138514 882479 62769.4 679003 911935 299628 585062 163884 977737 891314 623771 369381 659995 822125 379812 379554 916077 618108 560461 975808 947800 985500 574529 1.01188e+06 842748 66850.6 1.10244e+06 85982.6 240208 1.15727e+06 1.00162e+06 919992 429197 560290 556465 995921 1.14071e+06 725731 710349 950861 436312 
103247 581661 496364 628325 983550 716369 318636 421001 618053 952773 591980 969558 532635 825655 87618.5 808084 620184 910983 600122 197162 88391.2 653226 544538 993275 492416 554000 402020 837511 583487 367984 1.08647e+06 249002 426011 258521 613668 921215 498514 789487 552965 632155 269091 925409 333114 700600 648171 907044 392938 565289 978497 280002 839434 513455 719590 637358 857443 795182 401329 547001 623205 129016 441808 726423 873578 959409 235476 847199 724846 546255 512851 480401 383564 554564 248745 530905 482902 531994 620784 529283 510158 774964 301040 243187 566644 585609 391152 670871 370099 296655 734932 964560 980098 808644 922545 259124 573753 814946 532060 442110 910372 909405 411272 182562 244761 113146 816221 743820 401779 282809 734442 353713 
436111 130000 479877 533889 692012 241599 623039 461850 213396 953184 146414 998722 493936 911704 413342 602983 607889 705312 206932 674266 522708 620220 52886.7 622097 290814 527887 752033 467181 159154 144420 696605 427019 590263 261228 513367 674501 539894 443717 591849 317233 355276 936483 321279 220000 490820 468902 588164 76791.9 780666 428432 748239 144253 296420 436000 515932 707478 761290 271472 257309 445372 410649 735196 699946 818411 562228 703341 251962 492830 274133 167171 669264 212509 471000 662233 29206.2 314116 164712 740790 642884 395103 192754 452010 556836 138813 134629 647324 369986 331851 705970 699089 733399 378566 747337 678189 204561 833882 273542 73375.7 886526 736561 707464 318211 350241 403565 725155 885124 479109 494910 680309 197231 
667032 412074 454591 408960 359001 178631 742540 493812 147679 776379 423962 835154 440967 803299 668061 349468 514389 425688 499418 895275 748866 504896 339426 267470 291606 464091 864521 115918 198285 405191 345701 578206 634054 498121 395182 371259 522061 115109 545390 150053 515986 769931 449810 202319 334055 159850 653342 344569 493880 560040 545162 251436 63324.6 274221 174554 517929 878579 603021 132654 659740 428404 611904 445405 564515 717806 470967 170652 428292 261840 514118 761712 534297 616144 653694 339815 265228 415260 762308 642739 48877.4 484451 602438 490046 215838 379241 528655 451576 483343 562702 380063 421612 70859 481749 853396 514618 692847 610030 426691 703808 474768 795335 616835 530483 644926 528096 821776 525336 618961 525632 403065 
347669 627797 67208.6 196474 595671 586001 257389 38209.9 442137 521311 644238 549825 100170 431449 386581 395548 172818 486925 699771 485721 385592 205412 539796 664212 242033 110354 363167 537819 450059 376948 762775 199970 122560 322672 188162 515031 54129.5 480267 113649 362229 212941 496855 194517 587576 244935 667720 146731 564307 546857 169331 392000 390664 513942 269201 527015 348144 378636 726906 406090 318981 92541.9 288617 440858 514946 273000 407613 588122 117047 273016 617875 257979 688698 202633 165076 469553 252579 661076 258002 146986 502539 402359 205022 119000 474337 372508 223754 134317 208600 288882 563604 568001 582001 487118 399100 690114 385088 720768 511344 470549 474052 288009 443654 239270 354683 369087 389340 46043.5 176366 286630 315406 
789915 568016 511077 425353 220057 323827 825671 567441 301231 722104 579231 785107 487509 784006 797492 290993 529306 331483 654050 1.00699e+06 867001 509722 497402 112361 396869 501483 938836 47539.5 354045 550553 202040 683237 696646 631932 418306 262393 571560 98290.4 579035 252414 629289 721738 561493 349894 350545 157471 722574 502021 386908 660560 493037 399506 219911 308302 62128.9 477595 954090 760111 271974 778235 506949 599544 369087 476414 814863 407830 314027 471810 372834 672146 833751 691018 716327 692830 495949 360867 568595 806000 686488 118068 629946 705326 521820 373343 524623 528380 548780 597409 544621 254207 299152 164128 392537 950908 670592 663821 767480 583412 650588 389235 863713 759126 647871 771679 481751 823593 600234 712029 505523 539120 
626863 974483 368456 379005 714496 902140 397839 386167 759276 303990 991026 291440 363891 131000 675368 520835 273183 553730 1.04812e+06 648753 623213 286009 884634 848482 570811 333318 390001 770592 778904 725339 939202 499917 291431 660480 392413 617778 305039 716434 257093 652430 542738 273485 540320 908886 455054 924578 317844 908639 573413 476844 365137 728234 809133 513352 733967 350361 404079 1.07402e+06 713135 594416 434259 204502 493705 483911 474065 442815 901974 371393 598101 965785 339087 1.03724e+06 475619 191784 816165 566859 1.00659e+06 186344 213621 762094 745268 489486 304381 806132 721153 266024 482037 547753 260776 665454 645244 857211 514779 528547 1.03877e+06 201400 1.06721e+06 859983 303528 505917 327536 762742 565000 647383 359138 40804.4 376203 437824 298104 663754 
381084 892574 451807 563565 968345 929650 151083 395804 793374 701168 906927 692885 479505 532339 428215 762342 488001 837800 939698 277189 326221 522533 823622 1.04944e+06 599280 474621 22825.4 922740 785210 628039 1.1479e+06 345701 268019 517119 561792 880329 398493 865384 414209 737594 418226 670621 466004 924582 625412 1.04613e+06 239134 848496 883722 349047 689226 714457 879448 654941 912781 655403 11401.8 919215 768960 355764 459762 527467 782944 821102 214401 738884 934264 496271 630737 829420 127883 907509 301538 314708 749865 622113 931336 226808 307883 883476 602735 320351 464123 802312 638753 523455 442115 445166 565765 930375 926582 955667 821051 161443 919668 579175 906974 751801 686619 809060 102069 547710 422030 414609 672715 425231 363369 282113 587231 577387 
699923 854895 311662 205251 402892 709358 562925 381589 582520 222991 871174 278643 278948 269833 737553 228140 180100 238516 940796 817898 735011 147105 760848 551960 447833 250799 619965 506357 620223 659591 636419 552161 404605 647244 225763 306452 302106 460576 252052 457073 554691 213338 514596 723915 248823 666177 443234 780774 258606 521349 51400.4 595466 597068 310221 456584 41109.6 636475 1.00062e+06 528164 671340 381379 117414 178846 182529 607524 127945 705749 270248 462082 889807 529873 947730 553203 325386 707527 422121 878203 418847 336204 519605 710643 557039 234062 650558 644596 130062 456422 540981 73164.2 352091 329237 619533 198600 713558 940740 146277 998867 776804 152269 189433 540367 781540 582110 705471 42953.5 333641 398369 523061 66098.4 605030 
