55 110 14
777 335 649 27 763 426 211 429 862 135 22 167 11 373 784 324 413 980 862 281 84 505 313 895 814 364 87 178 403 399 676 12 94 570 467 902 652 280 865 619 31 771 709 856 586 683 528 829 270 715 796 245 921 488 841 500 124 856 227 936 437 407 858 237 818 11 776 763 606 818 369 996 470 499 644 139 669 464 355 611 299 568 311 801 878 736 522 416 924 624 452 550 973 930 660 981 959 668 926 340 376 107 179 412 659 210 206 372 819 904 
93900 81100 94000 66700 70500 22800 12700 15000 98400 65800 92000 22400 42200 26900 
12 8 10 9 4 7 10 11 12 8 1 9 11 11 6 12 0 2 6 9 0 0 11 4 11 7 4 4 13 8 10 6 2 7 2 2 0 5 12 5 5 12 7 3 7 13 2 13 12 12 10 3 7 13 1 
39590.4 84977.9 33476.7 43292.5 83481.9 84977.9 13970.3 29383.3 70809.7 56456.4 86526.8 56147.1 35723.9 40289.2 44623 62814 34979.4 69896.1 90811.6 37666.6 37040.7 38334.3 77137.9 92639.7 50815.9 34671.6 12587.3 80860.7 70849.5 58333.2 102426 30700.2 15152.9 48681.5 43372 74464 27338.6 75091 27883 63581.4 37240 53421.4 40252.3 84834.3 49978.5 94150.5 13813 79655.8 74256.6 29741 54629.8 64211.2 78566.3 53635.5 79252.3 51315.7 14200.4 90627.7 67643.6 36482.5 35978 38423.2 64306.3 67808.3 22424.3 59797.8 85300.1 37322.6 53989.6 80694.3 7465.25 88389.2 26798.9 17321.7 69750 52412.4 88682.9 8800.57 16907.1 77605 57609.5 28653.1 33218.2 72942.9 58855.8 38246 36302.2 39184.2 42283 79483.3 78879.5 85564.3 67989 25593.2 89196.4 43873.1 89614.7 71578.8 54599.1 66808.8 5474.49 55331.5 38519.1 42381.4 53014.4 30268.8 26451.8 23513.6 44522.5 52593.3 
12520.8 64820.5 48911.8 62349.1 99597.8 76719 26475.6 41206.9 65989.7 92064.4 65929.4 93282.6 52579.2 78393.2 13946.3 81185 60243.9 91154.6 67134 12433.8 4876.47 63696.2 60495 101898 51616.8 54320.3 33359.4 86641.3 62973 42000.6 111416 24508.2 39160.2 30387.2 61073.7 92795.8 48065.1 81580.5 53103.4 66060 28452.2 89232.8 35203.7 75316 65206.3 94682.9 35557.4 62677 97607.9 27472.2 82439.9 55774.3 76049.8 64870.5 88109 78115.6 33140.3 62218.1 65936.5 13452.9 44366.8 69993.2 87024.4 94860.8 18785.6 84008.2 77507.7 54072.6 53981.2 55220.3 32795.1 62741.5 23122.5 49417.1 53982.3 55397.9 68763.4 47853.9 47460.5 80716.8 36005 23168.3 55209.1 63483.3 44127.7 65213 37791.5 31563.4 71407 97320.3 98537.3 84858.6 91802.9 18493.8 64572.8 78369 60747.4 50659.8 88291.2 90488.7 35177.8 25257.9 26469.8 15199 80195.8 69612.1 38823.3 25915.6 71758.6 39654.8 
53498.6 18013.6 48268.5 50320 58818 11402.2 68702.6 48547.7 11682.9 91645.7 19383 96767.8 48724.7 89982.2 52007.4 52943.2 59266.3 62460.5 26970.4 77462.3 62211.3 59753.7 10407.7 50104.9 27968.6 51939.4 81662.4 35151.8 7433.03 23715.4 57091.9 49529.8 62521.8 35443.1 48380.3 58376.8 54934.3 33736 59325.5 24224.4 42298.5 90336.8 37237.2 9640.02 44563.8 33909.6 63100.1 10904.1 69831.6 48909.4 69762.2 12719.3 17404.6 38411.1 40620.8 66077.5 82775.4 36761.4 17147.9 53849.9 42450 71371.1 62880.2 74982.7 63753.4 64063.1 12369.3 48170.5 25246.4 27917.9 72474.3 29958.8 53907.3 68052.5 12682.3 28635.6 19166.9 77247.2 66357.6 28079.4 30527.5 52123.9 54891.6 4472.14 21620.8 62454 40600.1 39384.5 67624.9 60194.5 63986 25083.3 67293.4 76321.5 28151.4 80835.9 37422.2 20315.8 84646.3 66342.8 76228.7 43770.4 42565.9 50524.1 67617.5 88927 50941.9 55600.8 64555.5 26873.2 
60867.9 85104.9 25326.9 20873.4 52595.1 74410.8 43985.1 30518.8 60577.3 25224 86767.4 28248.2 23214.2 19313.2 65115.4 33079.6 11700.4 36834.8 93179 69893.7 63147.8 11132.8 75781 65867.3 43602.3 19811.6 48522.4 58645.1 63370.4 62535.3 74914.7 46359 28702.8 58864.7 22624.1 42947.1 21511.4 53400.4 15575.6 48899.3 48210.4 22766 45657.1 75422.1 28025.2 74303.3 32501.4 78018.6 39668.8 43427.8 19085.1 59393.8 64224.6 34247.5 54663.1 16619.3 50156.7 97581.1 55525.2 57797 32803 2473.86 30852.6 32067 49417.1 25840.3 74252 23207.8 45826 86484 40019.6 93002.6 45556.6 19494.1 69568.4 42173.5 87920 28044.4 20949.7 58405.9 66320.5 46308.7 17044.9 66285.7 61520.9 8561.54 39523.8 47574.2 7267.05 47790.6 46049.2 68171 33541 58907.1 92711.7 11610.8 97166.8 75352.3 20649.5 32520.9 40700 71286 50850.6 61980.6 17889.9 21619 31200 42147 10833.7 56587.4 
34121.1 87929.2 53213.9 65645.8 106011 95374 20771.1 46458.3 82645.3 83493.8 89218 82915.4 56441.6 66900 37958.1 85733.6 59440.1 94101.3 91434.2 16120.8 26438.2 63013.4 82157 112397 64514.3 56649.9 14800.3 98673.2 80939 62579.3 122243 36270.8 36221.5 50756.1 65120.2 97677.1 49036.8 93070.1 51805.9 79039.5 43239.4 80450.4 49239.2 94487.4 70996.5 109654 32619.8 84545.7 99255.3 37732.7 80610.5 73631.6 91990.5 72974.7 98497.9 76934.3 13423.9 87653 81058.6 32534.6 52202.4 65017.3 88901.8 93796.1 21971.3 84795.1 95976.9 58143.7 67501.2 79802.3 22692.7 87520.6 32179 43167.7 75021.9 67435.4 91885.1 35824 42060.2 93975.7 58420.9 33720.2 56158.7 82199.3 64139.3 63502.2 48537.4 46371.2 68352 102612 102684 100190 93027.1 9060.91 89100.9 70939.6 86258.5 73592.5 81652.5 91780.8 21931.7 50144.2 42728.6 37616.1 78785.3 56296.8 43211.2 31828.6 70092.1 58444.7 
70117.1 86272.7 31456 21145.4 41331 71894.6 56035 38344.4 59148.6 21390.2 87903.6 26877.7 28245.5 25895.4 73930.4 23913.4 18080.1 24856.6 94839.5 81610 73503.3 14885.2 76865.1 56288.3 45462.2 25356.9 61532.5 51720 62875.8 66536.1 64719.1 55344.5 40249.2 65123.4 23203.4 31695.1 30259.7 47125.9 25128.7 46625.9 55739.1 20349.4 51837.6 73332.8 25723.5 67701.2 44113.1 78872.9 26695.7 52270.8 5869.41 60316.6 60698 31901.4 46754.7 5208.65 63180.1 100731 53723.9 67234.7 38506.8 11011.4 18904.2 18796.3 60628.2 13823.5 71541.7 27430.8 46939.2 89641.5 52621.7 95482.5 55361.1 32128.6 71477.3 42952.2 88631.4 41298.9 33270.1 53009.4 71555.6 55781.8 23577.1 65906.7 65066.8 13018.8 45979.6 54425.5 6985.7 36236 33899.9 63001.7 20751.1 71089.4 94807.2 13530 100540 78342.5 14383.7 19864.5 53600.4 78489 58477.8 70725.5 5314.13 32378.5 39943.1 52300.9 6894.93 61037.9 
70793.9 66834.2 34886.2 22796.9 18027.8 47165.3 67264.6 42124.6 37403.9 48811.2 68305.9 55011.3 31594 54836.5 72983.6 5412.95 31866.3 13423.9 75819 89205.9 77063.7 29205.8 57960 28020.3 33609.5 31678.7 76934.4 22806.4 42406.2 54840.3 37304.8 57461.6 52404.7 58821.5 22999.3 11253.9 39321.5 18978.9 38241.3 25500.2 54120.2 48607.9 47857.8 49166.4 17142.1 38734.2 55665.6 59370.9 20897.1 54615.5 25709.9 43008.1 35227.8 17356.6 17503.4 24053.3 78559.6 84276.9 32083.2 68784.1 37673.3 36796.7 14560.2 26537.7 68343.3 17492.9 46545 29891.8 32980.3 73859.7 66549.6 77986.7 59658.4 49458.1 54715.6 29600 68222.1 60741.5 49320.7 25518 61982.7 59108.2 32843.4 45300.8 52581.6 30585.3 44182 51441.8 31187.3 15433.1 17328.9 35267.7 18419.6 81379.7 76607.7 42711.7 84548.8 63111.4 41592.8 17607.1 68965.6 72858.3 56589.2 69947.7 24481.2 59471.8 45209.3 58097.9 27290.5 51207.9 
70185.2 46697.4 46024.5 39884.8 30556.5 23035.8 76066.4 50671.7 19749.7 74617.5 47880.7 80648 44257.9 78433.3 70589.9 31395.5 50514.6 38193.5 55420 92563.5 78174 49200 39392.6 21537.9 31599.1 46250.2 87952.9 6100 24993 45049.8 29823.6 60482.2 64354.4 53766.3 38728.4 32348.9 52568.1 7206.94 54324.4 16900.9 54597.6 74156.9 47871.2 25500 32244.8 14905 66554 39940 44759.9 58462.4 51420.8 29789.3 11812.7 26747.9 12119.8 49031.6 89409.7 65789.5 17263 69256.4 44271.2 59414 40651 52347.4 74155.6 43603.9 22165.3 42857.2 28851.3 56838.8 77549 58920.7 64083.9 65437.9 39182.9 28460.9 46981.4 76524.8 64507.8 1920.94 52997.5 62823.2 48665.9 26915.1 42450 51424.9 47405.2 51351.7 54263.5 32893.8 37143.1 9082.4 43980.2 87770.7 56952.6 67015.3 66483.1 47921.3 67358.9 43372 80780.3 66085.5 56238.4 68147 49873.5 81000 53900.8 64066.6 50454.4 44342.4 
25228.6 78613 55259.8 68569.7 107724 89473.9 25855.9 47717.7 78001.6 92755.2 79745.8 93007.2 58829.2 77330.1 27637.1 88291.6 64418.6 97624.3 81008.8 1513.27 16510.9 68010.9 74007.2 111790 61962.1 59878.5 26847.7 97053.2 75418.1 55101.4 121494 33225.6 41413.2 43250.1 67623.7 100176 52749.2 91730.6 56830.4 76658.7 38916.6 89780.5 45611.1 88222 72652.9 106275 37549.4 76243 103524 35660.2 86501.4 68117.5 87882.3 73363.8 97858.9 82439.4 25988.7 75903.2 77379.1 24965 52247.3 72269.6 92945.7 99439.7 21633.5 89371.7 90208.3 60465 64629.7 69088.7 30718.9 76588.1 30259.2 50477.7 67309 65448.1 82563 45785.7 48880.8 91570.6 49562.6 31120.4 60117.3 76180.4 57072.9 69049 46791.6 42177.7 74687.7 104926 105631 96527.8 97462.7 11552.1 78440 79504 74400.3 64396 89968.1 96167.6 31674.1 39132.2 37515.9 28393.3 84435.4 67400.3 44790.4 31666.5 75741.5 52121.5 
11706.8 53653.7 27708.8 40916.1 77512.6 59300.1 20961.4 20229.9 46854 74722.2 55098.9 77009.2 31331.3 63652.9 15576.9 59245.7 40410 69375.3 58629.8 30856.1 17266.2 43611.1 46871 80281.3 30230 33521.5 33653.7 65352.1 44889.4 27241.3 89916.1 3195.31 23853.3 16209.9 39484.9 70772 28385.4 60096 34093 44913.8 7294.52 72126.8 13870.8 58404.5 43241.2 74683.7 21592.8 49338.9 76018.2 6198.39 62122.5 37568.2 56498.9 42787.4 66400.8 57673 34503.6 57771 45801.7 9108.24 22435 51656.3 65492.7 74017.3 14598.6 62791.5 59916.7 32695.7 32881.1 48036 26374.6 55798.6 6083.58 34096.5 39545.5 33796 57525.1 37381.5 31901.1 59821.9 25006 4272 34918.5 46114.7 28468.4 45505.7 15708 10543.7 52012.5 75260.4 76559.1 65000 70365.1 27211.8 56792.7 60955.4 56738.8 39644.9 69999.8 69050.3 30124.1 23336.2 6726.81 12427.8 59780.4 56955.2 18572.3 9602.08 51726.2 22517.5 
39464.5 15023.3 52940 60346.4 79566.1 34438.4 61466.4 49654.1 32005.6 101956 16035.3 106089 54947.7 96145.6 36164.3 69442.4 66552.3 79911.3 18146.3 62333.9 47693.4 68249.3 13978.9 73050.5 36147.1 58338.4 73979 57489.1 26627.1 15761 80525.5 42283 61007.9 24329.8 58287.9 77306.8 58210.4 54936.4 63826.4 41521.7 35712.3 100064 34300.1 32076.5 56995.6 57589.7 60110.3 15148.9 87469.4 43200.5 82552.8 23797.7 40509.4 52027.1 62211.6 78302.3 74696.7 19445.6 36051.4 41109.9 45578.2 79431 78907.9 90509.8 54399.4 78800.6 35516.9 55139.2 35201.3 8373.77 66794.3 15610.9 46449.2 69372.1 12506.4 39194.5 18915.6 75927.6 67297.1 50278 15556.3 44531.4 61096.6 24734.8 16620.8 70904.2 40050 34188.4 77103.8 80016.6 83281 48679.6 83767.8 64574.5 16304.9 89418.7 19090.6 3712.14 95573.1 82635.1 70579.9 24930.3 34408.9 35990.7 80179 92330.1 50746.9 49436.2 74903.3 21902.1 
88377.9 65331.9 58921.6 49104.1 18918 40343.5 90894.4 65014.5 39576.3 74080.6 66359.7 80531.5 56274.8 82261.4 89244 32781.9 59077 33787.1 73727.7 109791 95974.7 56720.8 58716.7 1824.83 48958.5 57298.6 101841 14373.6 44782.6 64670.3 10912.4 77361 77401 72763.3 48700.3 26288 64602.6 18999.2 64720.7 34705.2 72178.2 74436.1 65401.1 43024.9 41986.9 19473.3 80200.1 59010.3 37759.5 74994.7 52004.7 49532.3 30931.7 38625.6 12888.8 51254.4 103400 84672.4 36809 87127.1 59200.1 64584.3 38657.1 47853.3 90245.6 43200.1 39292.9 54638.5 46671.7 76226.2 91320.3 77709.3 80529.3 76120.5 58960.4 45240.4 65082.4 87480.5 75683.2 21347.6 72611.3 79505 59059.3 46569.2 62076.2 58284.6 63821 69020.4 58952.5 23691.6 28077.7 24018.7 39837.8 103806 75553.5 69932.7 85489 67661.7 67164.6 39824.6 94162.8 85531.3 74109.4 86625 51287.8 87283.3 68289.8 79907.6 55071.8 63510.8 
51229.9 20238.8 70640.3 78264.3 95393.5 45494.3 75696.3 66912.8 47410.2 119858 19622.9 123938 72763.3 113695 46887.6 86743 84373.6 97044.7 13994.3 71400.6 58297.9 86133.5 26672.1 86941.9 54028.5 76142.6 87540.3 72101.7 42011.5 33378.1 93423.4 57512.8 77370.1 39778 76205.3 93963 75663.1 70373.9 81382.3 58260.3 51655.8 117945 51335.5 42816.5 74791 69175.9 76051.7 26132.4 104587 58947.5 100413 40810 54333 69659 77435.5 96185 88030.7 3059.41 52142.6 53602 63219.3 97255.3 96357.9 108093 67911.8 96459.1 46608.2 73000 52959 9928.24 81520.6 8285.53 61327 86279.2 29046.2 56971.9 21851.5 92011.1 84152.5 64994.2 30962.7 59471.8 78865.5 39499.4 34481.6 88778.9 57296.5 50674.1 95006.8 96320.8 99825.1 61418.3 101150 76128.4 11046.3 107251 1529.71 21147.3 113492 100050 85200.8 34671.7 49888.9 47790.4 98047.8 109420 67720 64675.3 92823.1 39396.6 
39800.1 37082.6 24667.8 28640 51266.5 30619.3 47975.2 25300 16519.7 70569.4 38741.3 75164.7 25358.4 67043.6 40485.1 37844 36393 48538.7 45371.9 62244.8 47751.4 37389.4 27725.3 50194.1 4477.72 28671.4 60627.8 34590.5 16786.3 18939.1 59478.6 30593 39545.7 24229.7 26587.6 47042.5 31311.5 29829.7 35791.2 14054.5 24290.9 68914.1 17681.6 30600 24733 43180.7 40602.1 29954.1 56056 28963.8 50367.2 11403.9 25314.2 19924.9 36792.7 46186.3 61917.5 51210.3 14373.6 38833 18967.6 48960.5 46960.1 58354.1 44729.4 46585.9 30934.3 24993 3008.32 40190.8 50763.2 45838.4 34523.2 44471.7 21855.2 6931.81 39856 53957.9 42822.4 28539.4 26100.2 33064.3 31620.6 19278.2 16783.6 40108 18657.4 21027.8 45869.6 50525.3 53141.5 33560.1 51906.2 58197.6 45196.6 58752.7 51120 28917.1 63917.5 50726.1 54373.7 37736.2 25825.8 37895.8 48016 65414.4 27971.6 35173.3 43283.3 15556.3 
24191.9 34558.4 52104.7 62901.9 90528.1 52460.5 49508.2 46396.2 46294.9 101948 35374.7 105057 55084 92836.7 19654 76677.6 66188 87433.9 35410.9 44438 31009.7 68732.9 32880.5 87184 41715.3 58158.8 60780 71221.5 41563.7 21045.9 95580.4 33061.9 53888.2 18174.7 60986.1 86408.3 55459.6 67531.4 61427.1 52255.6 28940.1 99624.9 31499.2 50381.7 61896.7 74359.2 51846.4 34497.1 94840.1 35218.5 85666.4 36020.7 56070.4 58488.3 74839.2 81178.4 61159.6 30212.1 48764.7 26815.7 44817.5 78665.2 85142.3 95715.6 41365.2 83865.9 53464.8 55857.4 42300 23404.7 55655.5 30716.8 36200.1 63776.2 28456.5 45658 38328.3 67640.4 61576.9 64206.7 13330.4 34514.5 60419.4 40687.2 23593.4 71115.8 37521.5 29310.9 77702.6 89932 92509.1 64847.5 90173.4 48859.4 32693.9 88495.4 28813.4 21795.4 96378.7 88923.5 59182.6 7527.28 26504.5 20856.9 83231.4 86916.1 46186.3 39855.7 76400.3 24040.8 
62958.6 79503.3 24060.1 14012.1 41532.6 66254.1 50124.3 31085 53045 27941.5 81145.4 32851.8 20808.2 28558 66680.2 21964.1 11154.4 26119.7 87971.4 75332.9 66633.1 7700.65 70092.8 54789.2 38383.9 17973.9 56671.9 48230 56486.2 59215.7 63783.8 48183.4 34194.9 57677.1 16070.2 31916.9 23317.4 43204.6 18634.4 40742.4 48362.8 26443.3 44393.8 67532.6 19513.3 64072.6 38036 72163.3 29821 45096 11088.7 53524.8 55431.4 25853.6 43909.6 7022.82 58334.3 93580.3 47719.3 60126.6 31064.4 9929.75 20235.6 24012.7 54169.8 15446.7 65977.6 19985 40026.2 82475.5 47248.8 88444.6 48400.4 27168 64503.6 36084.9 81982.5 37366.4 27954.4 48621.5 64138.7 48729.7 16360 59495.5 57798.4 6451.36 38550.4 47002.3 4401.14 36814.4 35327.8 58543.1 23560.1 65185 87845 17369.2 93354.1 71184.6 21305.4 22410.9 48612.9 71062.3 51104.8 63470.3 8973.85 32621.8 32839 45468.8 640.312 53663.1 
70754.3 92609.4 34344.7 27122.1 50852 79901.2 53484.2 40097.5 66632.1 15641.6 94261.8 19602.3 31780 16226.2 74970 33502.4 20246.7 34248.6 100933 79464.5 73030 18325.1 83214.5 65962.8 51190.7 28469.1 57060.1 61050.1 69951.4 71155.1 74368.3 56207.2 38474.9 68206.9 29120.4 41258.5 31197 56277.6 25333.2 54381.3 57825 13509.3 54915.4 81169.6 33140 77005.5 42234.2 85349.9 35226.4 53253.4 14782.8 66670.6 69046.1 39489 56260.1 14827.3 58657.3 105980 61335.3 67691.8 41797.2 7749.19 28380.5 25918.7 59192.1 23357.4 79624.4 31446 53086.4 94860.3 49160.1 101116 55458.5 28862.6 77358.2 49229.4 95213.4 36055.5 30504.1 61945.1 75384.1 56197.6 25970 72943.3 69961.8 15663 48820.1 57026.7 9765.24 45697.4 43123.1 71912.3 29650.8 68270.2 100659 3911.52 105652 83627.9 10767.1 28917.1 49484.1 80892.3 60495 71824.9 14905 23495.7 40966.4 52050.2 13026.9 65342.9 
95342.9 78303.6 61664 49804.6 10139 53807.5 94115.3 68642 50900.4 66259.9 79434.6 72758.5 58489.8 77060.2 96859.3 30387.2 58460.4 26732.8 86918.8 115222 102306 55504.4 71071 12624.6 56158.7 58690.5 103948 25612.7 56301.4 74496.8 15305.2 82980.7 79409.6 81185 49994.9 19815.4 66327.2 28139.7 65146.3 43353.7 78714.7 67131.6 72078.1 56441.6 43885.4 33761.8 82633.8 71630.3 28100.7 80313.4 46208.2 60010.8 43444.7 42497.6 20796.4 46684 105572 97470.8 47178.5 93691.2 63624.2 61127.1 32573 38908.2 94730.4 37632.4 52801.5 56787.7 54454.6 88477.4 93553.5 90581.7 85608.6 76234 70410.2 52143.3 78366.1 87421.1 76207.9 32761.1 82310 84859.1 59827.8 58457.8 71959 56466.1 69399.2 75745 55513.3 15261.1 18461 37601.7 31993.1 107982 88562.4 64600.7 98175.9 79207.6 59859.2 32418.1 95979.4 94646.1 80941.1 94016.6 46140.8 83657 71813.6 84389.2 51877.3 72403.4 
60281.8 26913.6 48334.3 47682.8 50164.2 5922.84 72641.6 50151.9 8602.33 87609.7 28070.8 93101.1 48042.6 87845.1 59387.7 46739.8 57512.9 55491.7 35604.6 84037.4 68889.6 57406 20220 40415 28650.5 50974.2 85434.7 25904.4 9765.24 31331.3 47235.6 54269.8 64461.5 42371 45919.1 50700.1 55217.5 25312.6 58846.7 19773 47284.8 86588.8 41397.8 7072.48 41020.2 24226.6 65606.2 20402.2 62634.3 53141.3 64994.2 17066 8008.12 34665.5 31751.5 61688.7 86674.8 46129.9 13036.1 60213.8 43660.6 68819.3 56646.7 68755.4 68623.2 58465.8 6000.83 47172.1 25519.6 37704.1 75710 39207.4 58494.5 68605.3 21914.6 27895 27195.6 78612.5 67132.9 19103.9 38796.4 56846.2 53853.5 9640.02 28922.8 60019.4 43517.8 44137.2 64521 52011.2 56025.7 15219.1 60732.9 81717.7 37172.7 77798.8 46902.6 30041.6 80447.1 59894.9 79348.6 52224.5 48053.4 57565.7 63018.7 88019.6 52929.9 59641.8 61134.1 33107.4 
48949.5 12277.6 63972.8 70817.9 86828.9 37194.1 72082.2 60852 38856.7 112618 12035.4 116898 65859.3 107235 45113.4 78506.4 77439.8 88724.6 9100 70749.4 56725.5 79006.9 18087.8 78414.3 46461.7 69260.5 84392.2 63523.2 33471.2 26936.4 85012 53158 72180.3 35165 68756.4 85508 69360 61798.5 74932.3 49878.4 46761.6 110804 45515.9 34540.7 66981.3 60914.1 71208.5 17600.3 96253.9 54223.2 92687.9 32603.8 45773.9 61670.9 68852.3 88527.3 85028.2 8947.07 43649.7 50936.2 56661.2 90300.9 88191.4 100008 64729.7 88451.2 38311.5 65973.4 45164.3 3224.9 77584.5 4589.12 57230.1 80588.2 20854 49186.7 14699.7 87066.4 78512.8 56411.3 26248.8 55324.9 72056.9 30927.8 27605.3 81684.3 51255 45348.5 87783.8 87803.2 91343.7 52968.9 92940 74149.2 6258.59 100268 9204.89 13720.8 106118 91859.2 81344.9 33118.6 45324.7 45448.5 90347.8 103535 61963 60337.9 85440.6 33090.5 
85774.4 86425.6 46955.3 33497 19337.3 66121.1 77218.9 54668.2 56981.8 37627.9 87892.9 44123.6 43292.6 49516.2 88635.1 16662.8 38084.8 6171.71 95411.4 101449 90970.9 34531.3 77547 36962.8 51588.5 41900.5 84665.3 39204.6 62000.3 73412.1 43466.3 71491.9 61358.3 76010.7 34793.7 11970.8 49060.9 36985 45713.1 45049.4 69542.3 38585.2 63922.6 68264.3 31700.2 53943.4 65083.4 78964.9 1772 68445.9 19425 62397.8 54159.9 34770.4 32805.5 21576.1 86329.6 103801 51676.9 83367.7 51921.2 36058.4 8832.33 10323.8 80138.5 12786.3 65417.8 41771.4 51500.4 93294.6 74966.9 97556.2 72809.7 55257.7 74148.3 47793.8 87774.5 65505.1 55896.5 43701.3 80164.8 72672.2 41708.5 64892.6 71288.5 34337.3 59246.6 67281 30974.2 14141.1 10200 52768.4 4609.77 92125.7 96197.1 37255.1 104039 82422.9 31360 5768.88 76574.7 90107.5 72194.8 85475.2 20247.5 57369.1 57265.8 70508 28158.5 69240.6 
73752.6 56856.7 44071 35102.7 19922.3 33940.1 75875.2 49998.6 28348.7 65548.5 58128.5 71768.1 41576.9 71125.4 74864.2 22171.2 45467.4 27600.4 65714.1 94836.3 81180.8 43499.4 48990.8 16183.9 34271 42847.6 86954.2 6171.71 33781.8 51617.8 25958.6 62394.4 62607.7 58737.1 34447.2 21425.5 49963.2 5308.48 50531 20618.4 57387.3 65368 50627.4 36336.9 27669.7 21979.1 65309.4 49817.7 33902.9 59985.4 42470 37121.4 22328.9 23741.3 2282.54 40673.6 88499.5 75633.5 24320.6 72378.5 44141.8 52569.4 30654.5 41967.2 75189.7 34154.1 33103.8 39978.2 32202.5 66174.4 76434.6 68880.8 65503.1 61924.5 47737.8 30433.2 57432.1 73258.2 61336.5 11225.4 59461 64506.1 44815.7 36152.2 49070.2 45374.9 48822.6 54271.9 47110.6 21920.8 26144.4 19615.6 33549.1 88745.3 67060.9 59203.1 76211.5 56535.4 58341.9 33055.3 79351.4 71962.8 59407.7 72148.9 41206.9 74918.6 53276.8 64848.2 43205.7 49743.8 
75465.8 87995.7 36289.1 24532.6 36458.9 71923.4 62412.3 43540.9 59934.1 22012.7 89597.8 28234.9 32852.5 30642.6 79091.1 21410.5 23768.3 19751.7 96733.1 87825.9 79249.5 20308.9 78637.5 52407.7 48139.9 30291.4 68175.4 49605.8 64064.5 69768.5 60343.2 60701 46546.5 69331.1 26500.2 27040.7 35935.6 45514.1 31156.5 47271.2 60552.9 21897.9 56184.3 73565.8 27440.1 65525 50406.1 80513.7 20468.5 57606.4 1746.42 62235.4 60356.7 33136.1 44134.6 6236.18 69825.6 103290 54430.1 72670.5 42956.4 17660.4 14151 12107.8 66723.6 9552.49 71473.1 31802.7 49236.7 92276.2 59165 97760.5 61006.6 38723.2 73701.1 45214.3 90113.8 47987.7 39796 51775.1 75269.3 61308.2 28908.5 67105.4 68117 18908.5 50534.1 58995.7 13500.4 31218.1 28407.4 61714.8 14855.6 77479.5 96908.3 18236.2 103205 80993.8 14796.3 14173.9 60220.4 82975.3 63298.7 75877.6 4178.52 38234.1 45408.9 58088.2 12258.9 64536.8 
52390.2 4632.49 56803.2 61124.9 72320.5 21700.7 71822.6 55448.4 24867.6 102969 6184.66 107771 57949.4 99736.1 49717.8 65859.3 69143.4 75635 13607.7 75958.1 60948 70120.8 5060.63 63086.4 37221.6 61313 84700.9 48498.2 19825.2 23900 69527 52221.5 68492.3 35338.6 59102.6 71775.3 63005.8 47240.3 68028.3 36946 45069.4 101448 41656 19062.5 56147.1 45423.5 68347.7 2906.89 83065.9 52402.3 81763.4 21537.2 30617.8 50284.2 54088.1 77866.6 85605.8 23423.3 30129.4 53539.7 50097.2 81712 75746 87786.7 65616 76600.6 22818.6 57699 35126.2 15811.4 76485.3 16522.1 56610.7 75468.2 12151.1 38987.3 7155.42 83534.9 73570.2 41500.8 27802.9 54705.8 64243.6 16911.8 23025.4 72841 46400.4 42748.2 78465.3 73679.9 77435.4 37510.8 80285.3 76955.2 14645.5 91463.3 24216.7 13103.4 96139.5 79289.1 80305.7 39271.9 44500.4 49038 79529.1 97513.3 57288.1 59042.5 75681 29286.5 
63252.9 45736.9 38075.7 32505.5 31403.3 24896.6 68183.6 42718.3 16595.2 69190.3 47100.4 75016.3 36380.4 71759.1 63970.8 26940.9 43100.5 35373.6 54692.3 85215 71044.4 42022 37459.4 26806.2 24129.9 38470.4 80008.3 11094.1 22004.5 39751.9 35980.6 52964.6 56384.7 47452.9 31216 30735.3 44656.1 6774.22 46575.6 9500 47324.1 68489.6 40555.4 26900.2 24945.1 22760.7 58588.8 38486.5 42526.5 50841.3 46129.9 25105.6 12995.8 19131.6 14115.2 43294.5 81471.5 64139.3 12303.7 62148.4 36343.5 52628.2 36741.4 48797.7 66464 38955 24299.2 35012.7 21584.5 54418 69593.4 57501.5 56454.3 57606.7 35794.6 20761.7 46689.2 68642 56632.3 6135.14 47642 55253.3 40957.5 24548.9 37184.5 44360.5 39720 44109.1 47686.1 32483.4 36268.4 15339.5 40680.8 80087.1 55825.2 60700.1 64636.9 44581.8 61940.7 39881.8 72814.3 60352.3 49106.5 61395.8 44364.4 73769.4 45954 56307.2 43976.6 38238.5 
84810.9 85453.7 46033.9 32572.5 19044.4 65231.3 76399.2 53746.2 56016.1 37758.4 86923.9 44259.8 42373.2 49320.7 87656.7 15643.8 37309.7 5197.11 94438.6 100568 90037 33768.2 76564 36542.2 50569.3 41016.2 83932.4 38440.1 61023.6 72392.3 43222.7 70545.9 60553.8 75001.5 33849.7 11314.6 48208.4 36133.2 44924.5 44059.6 68563 38638.1 62928.7 67362.5 30701.5 53275.2 64268.6 77989.6 2716.62 67503.2 19028.7 61393.2 53267.3 33751.1 32065.6 21002.1 85596.7 102805 50702.5 82413.2 50955.8 35556.3 7937.88 10636.7 79261.2 12080.1 64534.7 40844.2 50481 92291.1 74198.9 96567.6 71887.8 54555 73145.4 46774 86816.8 64864.5 55166.1 42850.9 79145.9 71739 40862.7 63920.3 70269.3 33630.5 58269.7 66292.5 30408.6 13793.1 10049.9 51970.2 4060.79 91290 95215.2 37010.5 103039 81413.6 31384.9 5099.02 75838.2 89099 71212.7 84498.8 19743.4 57024.6 56360 69605.3 27517.6 68222.1 
75971.4 55665.1 47746.2 39261.3 21805.7 31831.1 79233.5 53400.8 28140 69814 56853.6 76060.6 45394.4 75526.5 76829.4 26495.5 49695.6 31369.6 64393.9 97526.3 83608.6 47798.4 48249.5 13865.4 36584.3 46810.8 90527.2 2915.48 33512.1 52568.1 23226.3 65126.1 66303.1 60388.7 38524 24803.2 53800.5 6621.93 54588 22291 59820.5 69678.1 53040.7 34354.6 31751.5 17740.6 68899.1 48863.6 37327.7 62826.9 46781.3 37634.7 20785.8 27470.7 3911.52 45049.4 92054 74721.7 24795.2 74747.8 47373.9 56959.4 34743.8 45826.2 78216.4 38392.3 30912.9 43827.5 34260.3 65641 80017.6 67869.3 68393.3 65960.4 47665.6 32921.9 55948 77270.6 65311.9 9924.72 60486.9 67314.6 48864.9 35623.7 49985.7 49709.7 51646.7 56648.5 51507.9 24610.8 29013.4 16523.9 37406.6 91813.9 65918.2 63596.9 75393.2 56451 62623.1 36984.6 83010.5 73279.9 61721.4 74208.2 45555.5 79278.8 56680.6 67920 47603.8 51184.8 
85674.3 97577.9 46644.4 34952.1 38787.2 80323 71510.1 53794.1 69025.4 18318.3 99158.3 24763.1 43246.8 32640 89382.3 28632.3 33721.4 23041.9 106396 97214.1 89200.2 30394.9 88276 56142.4 58308.2 40607.5 76268.5 56042.3 73404.8 80059 62957.9 70898.6 55833.5 79770.9 36903.4 30479.5 45921.3 52633.9 40835.4 56384.1 70935.5 19670.3 66621.9 82129.9 37421.4 71608.2 59694 90068 20048.9 67812.2 12175.8 72015.6 68525.4 42804.2 50054.6 16676 77892.4 113289 63510.9 82832.4 53382.1 25335.5 19231.5 9208.69 76303.6 16650.8 79789.8 42225.7 59255.8 102324 67797.5 107631 71031 47249.2 83595.8 55240.7 99539.4 55490.7 48570.8 59179.9 85661.3 71412.1 39075.6 76435.1 78356.4 28700.7 60953.3 69416.8 22597.8 33525.7 29701.5 68915.3 16931.9 86526.8 106687 21715.4 113251 91065.9 12889.1 17079.2 68496 93409.3 73681.3 86170.8 14610.3 42219.1 55537.1 68000.3 22272.9 74897.3 
64318.3 68287.9 26351.9 13288 27365.1 51614.9 58216.3 33946.6 39743.4 41769.8 69858.8 47600.1 22809 45563.3 67032.2 6800.74 21636.3 16457.5 77141.5 81177.5 69889.1 18918 59023.5 38241.5 30412 22284.7 67314.6 31184.9 44072.9 52413.5 47589.3 50282.9 42933.7 54362.5 13997.9 18748.9 29920.1 26341 28260.4 27082.3 47940.1 41077.5 42230.3 53244.3 10000 47099.2 46360 60771.5 23407.7 47293.3 18832.2 42930.3 40125.4 13870.8 26816.8 15877.3 68955.8 84418.3 34228.6 62021 30500.7 26989.8 13398.9 24613 60020.3 12985 51179.8 21154 30770.3 73583.3 57042.6 78568.2 51964.3 39340.2 54626.8 26861.3 70209.5 50571.3 39308.5 32136.3 58843 51649.3 23067.3 47103.4 50440.6 20335.4 37674.7 45612.4 21505.8 23681.4 24020.4 42128.4 18429.6 72687 77522.7 33833.7 84478 62432 34527.2 17182 59279.8 68448.1 50568.1 63890.3 16959.4 49500.8 36821.3 50001.6 17601.1 47898.6 
81910.3 70616.2 47401.4 35551.9 6612.11 47940.1 79844.7 54450.7 41622.2 56598 71929 63049.2 44205.2 65234.3 83705.5 16592.2 44459.6 16357.3 79523.8 101237 88609.3 41641.6 62483.3 17100.3 43268.5 44411.9 89670.2 19412.6 47019.7 62997.3 25444.3 69146.2 65124.6 68593.7 35709 8949.3 52043.3 18941 50976.1 31901.4 65217.5 56968.9 58696.3 50343.3 29615 33256.9 68344 63456.6 21148.3 66408.8 34683.1 49438.6 36314.7 28579.2 12920.1 34281.2 91292.1 89164.3 37041.2 80112.2 49597.6 48193.8 21203.8 30642.6 80599.3 25862.7 47093.5 42502.7 41940.2 79407.6 79267.5 82500 71621.8 62147.7 60613.2 39193.9 71326.4 73396.5 62052 25229.5 70590.7 70942.9 45598.8 49575.8 60551.6 42800.2 55638.6 62348.2 42532.9 7981.23 12376.2 33148.9 22458.9 93784.9 80769.4 52820.9 89666.6 69347.9 49690.6 22378.8 81712.7 82368.5 67545.7 80775.5 34125.2 70911.9 57600.3 70282.9 38746 60231.6 
61942.7 19921.1 77806.7 84047.2 96576 44059.6 85796.1 74889.8 49378.2 125960 18552.1 130410 79559.4 121105 57772.1 90244.7 91092.6 100118 10956.3 82626.7 69280.7 92513.9 28812.5 86227.7 59690.5 82965.2 97920.1 72384 44288.3 40971.5 91723.6 67088 86268.2 49117.1 81991 96276.1 83326.5 71545.5 88840.1 61336 60799 124239 59600.8 41379.3 79742.4 66971.8 85260.2 27326.5 107563 68240.2 105480 44942 54504.7 74141.6 78219.8 101432 98486.8 8287.34 54613.6 64157.4 70560 103915 100090 112077 78246.1 100740 45115.4 79592 58108.3 17139.7 91421.7 9800.51 71092.1 94667.5 33567.2 62107.6 19361 101138 92597.2 65573.9 40185.2 69199 85798.9 41412.1 41503 95210.6 65307.4 59434.8 101187 98104.5 101909 60384.2 104690 87009.3 10261.6 113845 9924.72 27563.2 119333 103672 95158.7 45567.2 59292.7 58466.1 103185 117579 76043.4 74274.4 98692.7 47130.1 
27518.2 76069.7 32956 45209 85614.8 79188.5 1655.29 26601.7 65591.6 66287.3 77544.4 66738.4 36086.7 51305.5 32526.3 65296.3 39223.1 73702.4 81187.3 26731.6 24560.1 42819.3 68900 92521.6 46312.1 36211.2 11591.8 79310.2 64744.6 49463.2 102381 21123.7 15877.7 38766 44713.5 77237.3 28595.3 73619.6 31557.1 60353 28300 63326.5 32846.9 78685.7 50692.8 91202.7 12193.9 71400.6 78982 21204.2 60818.5 57678.2 74297 53000.4 78705.1 56968.9 12788.3 79975.8 63248.7 24528.4 32758.1 45951.8 68567.7 73935.4 10089.6 64562.9 79651.8 37789.5 49438.5 70506.3 5021.95 78290.7 16758.6 24041 61501.3 48750.9 79903.6 20148 22557.5 75084.6 47542.2 18677.5 35740.5 66466.9 50400.1 43495.4 30492.3 30871.5 48730.5 82176 82249.5 82040.5 72779.5 15420.8 79334.8 53003.4 78857.7 62170.1 63485.8 71519.6 8070.94 43712 28926.3 30509.8 58883.8 41994.4 23321.4 14488.6 50157 44207.2 
47823.9 59217.1 10751.7 6500 42299.5 48273.4 43200.5 17853 34225.7 48371.3 60869.1 52974.4 7907.59 45710.9 50650.4 22931.4 15152.9 32967.4 67579.4 65024.9 53399.1 15418.5 49821.8 49163.9 17901.1 9512.62 53552.3 37436.3 36943.7 38997.6 59000 33777.1 29041.3 38910.4 4440.72 34694.4 16289 31683.6 17608.2 23095.7 31563.4 46705.2 26184.3 49142.4 7134.42 51641.9 31965.8 51965.9 39733.4 30805.8 29090.4 33284.4 38776.9 10124.2 35638.7 24686.2 55134 73105.7 29328.8 45502.7 13983.2 27045.3 29333.4 39044.8 44075.6 27288.3 48192.2 6306.35 19693.9 62008.1 43046.5 67960.1 35600.1 28723.7 44052.8 15868.5 61840.1 39908.4 27895.9 35027.4 44456.7 35201.3 12026.6 39872.4 37450.9 18127.6 21260.3 29404.3 23668.5 39399.6 40309.3 44039.3 34309.3 57125.3 67389.1 36665.2 72900.3 50711.9 41792.5 33005.5 45803.9 52840.1 34232.9 47486.1 26666.1 45769.5 20941.1 33864.7 21119.2 33700.1 
58707.2 66794.2 20204 6989.28 33604.3 52235.2 51919.9 27862.7 39339.5 41199.3 68408 46564.9 16611.1 42467.5 61623.5 13101.5 15931.4 22299.1 75483.6 75030.9 64005.2 13679.5 57412.6 43590 27012 15984.1 61057.8 34912.5 43125.9 48885.7 53133.8 44462.2 36644.2 49731.5 7843.47 25046 23620.5 29601.5 22146.1 26840.5 42547 40062.2 37159.4 53596.5 6140.03 50500.4 40060.1 59338.4 28822.6 41434.3 19602.3 40959.1 41304.4 12103.7 31335.6 15627.2 62695.8 82012.5 33920.2 56307.2 24858.2 23380.5 18353.5 28257.7 53828.1 16414.9 51927.7 14985.7 27958 71021.1 50762.2 76460.3 45958.4 33365.4 52400.9 23937.6 69018.8 44668.6 33223.2 34680.3 54847.1 45722.3 16829.7 46162.9 47103.8 15582.4 32239.7 40403.1 18384.8 29982.2 30236.4 44536.1 23313.7 66420.6 75619.4 31501.4 81950.3 59753.7 34144 22008.2 53037.7 63729.7 45224.9 58451.1 17311.3 45213.4 30661.5 43881.9 14738.4 43955.7 
90864.3 115784 56942.5 50257.3 66306.1 102387 70115.7 61933 89466.5 9749.36 117435 3635.93 54661.9 17962.7 95414.7 53104 43051.6 50068.2 124112 95674.7 91810.1 41448.3 106386 83329.2 74367.3 51289 70018.3 81304.2 92966.5 94074 90505.5 76876.7 57174.9 90397.4 52271.7 57592.1 52864.4 77100.1 46900.1 77037.7 79473.9 10153.3 77249 103793 55920.4 97230.7 60526 108511 47700.8 74111.1 32828.3 89835.4 91190 62211.3 75819.1 35323.9 71403.4 129025 84091.4 87677 64422.5 30170.5 45260.4 36859.9 77156.5 41164.3 102041 54459 76258.8 117910 64594.5 124249 75396.2 46683.6 100531 72387.4 118365 49506.5 48759.5 83218.6 97944.3 76437.7 48616.1 95974.7 92970.7 38753.6 71110.1 79044.8 32907.3 61011.8 57317.1 93200.1 44150 83748.3 123821 20173.5 128658 106709 16909.8 44031.5 63712.2 102480 82046.3 92382.4 34340.2 28656.6 62257 71738.8 35841.5 88171.7 
17373.8 37518.3 44384.7 55661.9 85358.4 51763.3 41834.4 38414.7 43527 94059.2 38617.2 97051.2 47485.3 84683.2 13606.6 70425.6 58404.2 81155.5 40105 39728.1 25205.2 61057.1 33768.2 83419.7 35794.6 50472.3 53504.5 67481.8 39363.4 17586.6 92213.9 24882.3 45689.8 10834.2 53801.5 80625.7 47457.5 63340.4 53424.8 47692 20829.1 91692.2 23906.9 49986.6 55216.1 72284 43686.7 35794.6 88458.9 27014.8 78336.8 32946.2 53619.1 52300.1 70536.5 73832 53993.3 36795.2 45154.2 19578 37225.9 70761.1 78529.3 88772.2 33900.1 76971.7 52679.5 48351.3 36843.6 28400.7 47851.9 36131.1 28125.6 55576.3 27925.8 39845.3 41456 59521.1 53376.6 60697.6 9915.64 26401.7 52636.1 39080 20151.7 63381.8 29785.9 21428.3 69986.6 84389.6 86711.7 62544.2 83564.6 42551.9 37708.5 80539.3 35564.7 23454.2 88611.8 82293.6 51447.1 3676.96 18340.4 13881.3 75905.5 78712.5 38081.6 31740.5 68835.6 18603.8 
36546.5 23740.3 37359.1 43559.7 64003.8 27878.7 52630.2 35449.3 18917.2 85375.6 25383.7 89734.1 38918.5 80617.9 35295.3 52592.9 50414.8 63158.9 31202.1 60492.8 45248.2 51833.3 15199 59684.6 19220 42323.2 65598.6 43732.1 14664.9 7170.08 68084.2 33142.3 48436.6 18487.8 41498.2 60960.6 43272.3 40234.9 48526.8 25512.5 25874.5 83594.5 21732.9 26518.7 39964.5 47568.2 48384.8 17710.2 70713.2 32912.3 65570.5 8507.06 28931.8 35009.1 47574.2 61355.1 66617.9 36060.1 21302.6 36854.3 30352.8 63224.8 61952.6 73491.8 47146.6 61765.4 28681.2 38908.2 18159.6 24994.8 56910.6 30971.6 37558.6 55486.7 7937.88 22155.1 27132.6 63472.4 53559.7 36694.7 14921.8 35710.6 45186.1 14698.6 4750.79 54525.7 26332.1 23217.5 60556.3 63982 67005.8 37842.3 66845 59454.2 30613.9 73154.4 35918.4 13701.1 78858.4 65695.2 60718.5 28318.5 25836.6 33643 63208.4 77789 37224.9 39624.7 58181.8 10043.9 
94857.4 118028 60042.4 52490.4 65349.1 103741 74595.2 65380.9 91150 10621.2 119670 6964.19 57570.1 22702 99338.5 53518.2 46000 49506.6 126473 100260 96056.5 44102.2 108618 82704.8 76791.8 54240.9 74801.1 81635.6 94853.8 96956.1 89488.2 80710 61320.9 93746.9 54534.5 56997.3 56336.8 77684.6 50371.6 78604.3 83025.9 12291.9 80516.6 105251 57703.1 97462.4 64752.1 110685 46431.1 77889.5 33497.8 92049.6 92349.9 63905 75940.8 36496.8 76201.6 131752 85716.8 91691.1 67516.7 33203.9 45098.3 35702.2 81492.1 41376.6 103347 57245.6 78534.8 120632 69174.9 126811 79391.8 50880.3 102957 74606.3 120494 54170.9 52914 83960.8 101102 80371.1 51672.1 97880 95753.2 41458.4 74390.9 82456.8 35296.6 60100.2 56202.9 93900.4 43451.4 88380.1 126289 23277.7 131440 109384 17734.1 43480.2 68390.4 106083 85636 96273.9 35267.7 33534.5 65881.3 75773.7 37885.7 91135.1 
38651.8 58990.9 1878.83 13916.9 52616.5 52452.7 33023.8 7559.1 38018.5 51564.4 60653.1 55207.4 4512.21 45140 41938.6 33039.4 15698.4 42709.5 66703.7 54800.1 43615.2 18075.4 49868.8 58948.5 18457 7517.98 43829.2 46281.9 39405.7 35499.3 68807 24154.9 19678.7 32484 12587.7 44901.3 8637.13 40522.8 13103.4 29143.1 23197 49417.1 19159.6 52826.6 17448.5 59454.2 22188.3 52234.9 49128.5 21092.4 35660.9 34106.3 44570.2 19428.1 45200.1 31154.1 45371.5 70589.7 34011.9 36100.6 5866.86 28504.4 38559.3 47106.8 33774.7 35787.4 52580 5700.88 21341 59513.4 33312 66188 25551.9 22022.7 43218.7 18706.7 62080.4 32373.6 20611.9 42884.1 39439.2 25321.1 10026.5 42032.6 34563.6 20494.9 13250.3 21704.4 27056.4 49658.8 50408.8 51054.6 43389.6 46812.9 66040.6 38496.9 70145 48463.3 45759.6 42074.3 36307.7 45762.1 25942.2 38729.1 33257.9 42676.9 10625.4 23616.3 25835.8 29539.3 
43680.7 36993.1 26502.3 28644.7 48092.6 27900.7 51461.5 28050.3 13523.7 70456.9 38629 75291.6 26690.8 67934.2 44298.6 35735.1 37208.6 46308.7 45574.8 66128.1 51646.2 37842.3 27583 46421.5 6537.58 29869 64012.5 30751.4 14831.4 21603.7 55651.5 34386.3 42372.8 27877.1 26640 44339.3 33319.1 26086.4 37380.5 10295.6 28165.6 68947.9 21523.2 28149.8 23817 39363.4 43655.5 29633.1 53860.7 32671.2 49555 11034.5 21718.7 18369.8 33134.4 45523 65333.4 52238.9 10688.8 42727.6 21539.3 49470.2 45146.2 56796.6 48453 45164.8 28114.4 26091 3400 41376.9 54024.2 46534 38256.2 46647.6 22493.1 6586.35 39465.6 56501.4 45106.7 24647.3 29107.6 36834.8 32818.4 17623.3 19251 40557.1 22125.3 24904.6 46002.7 47610.5 50419.5 29796.8 50013 61960.1 45665.3 59091.2 52275 30249.1 63647.3 48875 57581.7 41161.8 29720 41742.3 47260.7 66921.4 30891.1 38773.8 43170 18919 
42074.3 80638.7 23890.2 32067 71909.5 77501.6 20209.4 21934.7 63102 46883.7 82254.1 47518.9 25456.8 32483.4 46942.1 51241.1 23263.9 58117.2 87308 46139.1 41930.4 26566.3 72156.8 81691.9 43111.6 23844.7 24060.1 70620.8 63888.2 54585.8 91410.4 29783.4 9069.73 46705.9 32363.3 62796.8 17147.9 64867.6 16450.2 54564.2 34807.6 43931.8 35846.9 77666 39094.8 84559.9 11200.4 74646.4 62462.8 27752.1 42978.7 57799 70005.8 43307.3 68557.9 39568.3 25715.8 88683.3 59363.3 38829.4 28145.5 27116.2 52509.5 56175.8 27133 47999.3 77702.3 26920.8 46201 78158.9 15471.9 85596.7 27054.2 5521.78 64941.6 44002.4 84131.4 6935.42 5385.16 67924.8 55469.8 28528.1 22020.4 66270.7 54600.8 26446.4 30680.6 35850.4 30641.5 67817.8 67126.9 76409.4 56194.8 34657.8 86046.8 33621.4 87865 68129.9 44172.5 55011.5 16100.3 56007.3 36780 44180.7 41301.1 24446.9 19795.2 23277.5 32756.7 48507.7 
19892.7 58478.8 20544.8 34003.5 72380.2 60636 17269.9 12832 47169.2 66127.2 60016.7 68344 24209.9 55007.1 24135.7 53220.3 32289.3 62942 64300.1 34781.7 23546.8 35620.2 50834.8 76873.1 28400.4 25951.5 30162.9 62691.1 46180.6 31810.1 86664.5 5522.68 15493.5 22496.4 32805.6 65013 20120.6 57163.8 25653.5 42895.7 10756.4 63506.6 14301.4 60114 37401.2 73544 13792.8 53350.2 69269.4 3312.1 54300.1 39106.5 56136.4 38029.6 62922.3 49912.1 31338.3 64625.8 45123.9 16901.2 16890.8 43152.1 58674.2 66536.1 14497.2 55616.7 61113.8 25734.4 31431.2 54400.8 21103.8 62024.9 5316.01 25522.5 43425.6 31300.2 62214.2 29757.2 23321.4 57841.2 31398.2 5414.79 27000.2 47896.8 32423.4 37355.1 12402 12701.2 43772.7 69692.5 70601.5 64153.6 63425.7 28104.3 62740.7 52347.4 63719.4 45055.2 61531.3 62112.2 24912.8 31740.4 12382.2 21039.5 52007.8 48542.4 10504.3 4341.66 43737.1 26161.2 
45984.8 83932.4 25927.8 32649.7 71763.1 79981.1 23632.4 24909.8 65551.6 43701.8 85557.5 44043.8 27029.6 28783.7 50858.7 51160.1 23086.8 57425.6 90741.5 49387.5 45708.3 26119.7 75338.3 82298.2 45684.4 25000 25994.6 71815.4 66582.4 58058.2 91932.6 33661 12855 50440.6 33185.1 62476 19037.9 66094.6 17102.6 56519.4 38547.9 40712.3 39313.7 80247.7 39962.6 86107.4 15120.8 77815.2 61367.8 31574.8 41399.8 60680.5 72095.1 44588 69422.3 38268.8 27613.2 92339.5 61613.7 42739.8 30860 25028.4 51681.5 54538.9 30852.1 47002.3 80139 28363.7 48718.8 81753.8 18400.3 89144.2 30972.6 5772.35 68181.1 46300.1 87375.8 5889.82 7006.43 69474.1 59160.9 32437.6 22823.9 69042.7 57985.5 25600.8 33966.6 39479.1 29075.9 67488.1 66539.7 78205.4 55115.3 37702.1 89539.7 30711.7 91545 71609.8 41382.4 53974.2 18376.3 59904 40574.4 48100.9 39883 20530 23046.5 27195 31565.3 51949.3 
34298.7 88272.1 57995.9 70766.4 110901 97411.8 25906.2 50928.4 85184.8 90004.7 89478.7 89504.5 61351.4 73503.3 37471.2 90824 65083.9 99481.6 91155.4 12516 25895.4 68678.1 83092.4 116553 67797.5 61808.1 21408.4 102441 83097.6 63757.7 126369 39036.6 41738.8 51832.5 70115.7 102781 54277.8 96923.6 57419.3 82462.1 45618.6 86966.3 51975.5 96358.3 75764.4 112784 38013.2 85411.2 104840 40902 86539.4 75762.3 94782.8 77347.3 102612 82767.3 20056.2 86530.6 83986 33298.8 56325.7 71187.2 94407.3 99696.6 25266 90425.8 98074.8 63044.9 70680.4 79327.2 28708.4 86927.2 35279.7 49257.7 76147.9 70948 92233.9 42328.8 48036.8 97441.3 58891.9 36600.5 61517.9 84142.9 65521 69301.7 51987.4 48845.9 74345.5 107673 107925 103186 98641.3 11667.5 88676.7 77344.7 85060.2 73957.9 88036.5 97380.1 28298.6 49379.4 44730.3 37694.8 84656.1 62927.3 47747 35567.5 75938.5 60128.9 
54494.5 66234.1 15508.1 2061.55 38571.6 53461.9 46957.2 23215.7 39947.2 41208.3 67873.5 46121.3 11859.6 40344.1 57605.6 18080.1 11715.4 27002.4 74741.5 70248.8 59506.3 10224 56823 48077.5 25340.3 11011.4 56093.2 38487.7 43239.1 46712.4 57714.6 40067.1 31663.5 46519.2 3535.53 30016.7 18640 32968.6 17335.8 27892.8 38615.7 39731.6 33604.8 54605.9 6873.14 53727.6 35080.1 58880 33234.3 37006.2 21344.1 40256.8 43075.9 13104.2 35418.9 16953.2 57729.2 80620.2 34713.1 51995.4 20802.2 21219.1 22651.5 31583.5 49003.7 20000.2 53253.8 10307.8 26810.6 69544.4 45784.9 75340.6 41355.2 28657.5 51339.4 22839.7 68693.1 40001.2 28411.3 37503.3 52199 41207.4 11900.4 46239.1 45121.3 12611.5 28339.7 36677.1 16980.6 34960.7 35141.1 47137.7 27478.2 61501.9 74673.8 30247.6 80455.5 58244 34442 26163 48083.5 60367 41331 54411.1 18921.4 42005.8 25904.6 39151.5 13931.3 41446.8 
20647.5 74571.6 45841.6 59074.5 98511.4 83102.4 16407.6 38388.8 70917.2 83474.8 75835.9 83947.7 49375.3 68444.6 24473.9 78892.6 54767.1 88106.9 77946.8 9625.49 13041.9 58360.6 69050.9 103178 53856.3 50324.5 20113.7 88743.3 68787.9 49597.6 112944 24980.4 31780 37692 58183.6 90806.7 43135.1 83309.2 47176.5 68562.4 31370.4 80523.8 37820.8 82060.3 63372.6 98680.3 27917.7 71404.5 93938.1 27082.3 76848.6 61452.4 80570.6 64368.1 89227.4 72785.9 19734.5 74211.7 69831 19241.9 43223.4 62707.7 83369.7 89786.7 12170.9 79752.7 83764.1 51027.2 56669.2 66301.2 21758.9 74019.5 21507.7 41004.4 62020.2 57148.4 78531.8 37039 39350.9 83536.4 45078.7 22643.3 50502.8 69836.5 51298.7 59395.6 38257.7 34613.3 65053 95595.2 96199 89035.1 87859.1 4976.95 75602.4 70114 72835.4 60231.6 80510.5 86566.6 23286.3 36677.1 30423.7 24135 74781.3 58849 35382.8 22437.7 66087.9 45839.4 
59136.5 16574.7 74234.4 80440.6 93330.6 41146.8 82690.4 71381.6 45965.4 122353 15288.2 126806 75969.3 117535 55081.8 86738.5 87497.3 96653.5 7746.61 80237.8 66643.2 88910.3 25303.2 83283.9 56083.6 79375.1 94909.7 69245.8 40830.6 37473.3 88985.5 63852.1 82873 45862.8 78384.3 92887.2 79785 68273.6 85281.2 57840.2 57477 120632 56140.5 38452.6 76150.6 64302.8 81922.5 23893.3 104112 64937.7 101890 41360 51344.8 70566 75012.7 97835.4 95508.8 6850.55 51161.3 61264.7 67001.9 100316 96570.9 108544 75235.1 97184.6 42219.5 75995.1 54505.5 13851.4 88247.9 6276.94 67900.3 91193.5 29962.8 58506.2 16388.4 97773.7 89131.4 62377.1 36938.1 65999.5 82212.5 37981.2 37955.4 91607.7 61810.8 56046.1 97580.8 94780 98550 57452.9 101188 84274.8 6685.06 110244 8598.26 24020.8 115727 100162 91999.2 42919.7 56029 55646.5 99592.1 114071 72573.1 71034.9 95086.1 43631.2 
10324.7 58166.1 49636.4 62832.5 98355 71636.9 31863.6 42100.1 61805.3 95277.3 59198 96955.8 53263.5 82565.5 8761.85 80808.4 62018.4 91098.3 60012.2 19716.2 8839.12 65322.6 54453.8 99327.5 49241.6 55400 40202 83751.1 58348.7 36798.4 108647 24900.2 42601.1 25852.1 61366.8 92121.5 49851.4 78948.7 55296.5 63215.5 26909.1 92540.9 33311.4 70060 64817.1 90704.4 39293.8 56528.9 97849.7 28000.2 83943.4 51345.5 71959 63735.8 85744.3 79518.2 40132.9 54700.1 62320.5 12901.6 44180.8 72642.3 87357.8 95940.9 23547.6 84719.9 72484.6 54625.5 51285.1 48040.1 38356.4 55456.4 24874.5 53090.5 48290.2 53199.4 62078.4 52928.3 51015.8 77496.4 30104 24318.7 56664.4 58560.9 39115.2 67087.1 37009.9 29665.5 73493.2 96456 98009.8 80864.4 92254.5 25912.4 57375.3 81494.6 53206 44211 91037.2 90940.5 41127.2 18256.2 24476.1 11314.6 81622.1 74382 40177.9 28280.9 73444.2 35371.3 
43611.1 13000 47987.7 53388.9 69201.2 24159.9 62303.9 46185 21339.6 95318.4 14641.4 99872.2 49393.6 91170.4 41334.2 60298.3 60788.9 70531.2 20693.2 67426.6 52270.8 62022 5288.67 62209.7 29081.4 52788.7 75203.3 46718.1 15915.4 14442 69660.5 42701.9 59026.3 26122.8 51336.7 67450.1 53989.4 44371.7 59184.9 31723.3 35527.6 93648.3 32127.9 22000 49082 46890.2 58816.4 7679.19 78066.6 42843.2 74823.9 14425.3 29642 43600 51593.2 70747.8 76129 27147.2 25730.9 44537.2 41064.9 73519.6 69994.6 81841.1 56222.8 70334.1 25196.2 49283 27413.3 16717.1 66926.4 21250.9 47100 66223.3 2920.62 31411.6 16471.2 74079 64288.4 39510.3 19275.4 45201 55683.6 13881.3 13462.9 64732.4 36998.6 33185.1 70597 69908.9 73339.9 37856.6 74733.7 67818.9 20456.1 83388.2 27354.2 7337.57 88652.6 73656.1 70746.4 31821.1 35024.1 40356.5 72515.5 88512.4 47910.9 49491 68030.9 19723.1 
66703.2 41207.4 45459.1 40896 35900.1 17863.1 74254 49381.2 14767.9 77637.9 42396.2 83515.4 44096.7 80329.9 66806.1 34946.8 51438.9 42568.8 49941.8 89527.5 74886.6 50489.6 33942.6 26747 29160.6 46409.1 86452.1 11591.8 19828.5 40519.1 34570.1 57820.6 63405.4 49812.1 39518.2 37125.9 52206.1 11510.9 54539 15005.3 51598.6 76993.1 44981 20231.9 33405.5 15985 65334.2 34456.9 49388 56004 54516.2 25143.6 6332.46 27422.1 17455.4 51792.9 87857.9 60302.1 13265.4 65974 42840.4 61190.4 44540.5 56451.5 71780.6 47096.7 17065.2 42829.2 26184 51411.8 76171.2 53429.7 61614.4 65369.4 33981.5 26522.8 41526 76230.8 64273.9 4887.74 48445.1 60243.8 49004.6 21583.8 37924.1 52865.5 45157.6 48334.3 56270.2 38006.3 42161.2 7085.9 48174.9 85339.6 51461.8 69284.7 61003 42669.1 70380.8 47476.8 79533.5 61683.5 53048.3 64492.6 52809.6 82177.6 52533.6 61896.1 52563.2 40306.5 
34766.9 62779.7 6720.86 19647.4 59567.1 58600.1 25738.9 3820.99 44213.7 52131.1 64423.8 54982.5 10017 43144.9 38658.1 39554.8 17281.8 48692.5 69977.1 48572.1 38559.2 20541.2 53979.6 66421.2 24203.3 11035.4 36316.7 53781.9 45005.9 37694.8 76277.5 19997 12256 32267.2 18816.2 51503.1 5412.95 48026.7 11364.9 36222.9 21294.1 49685.5 19451.7 58757.6 24493.5 66772 14673.1 56430.7 54685.7 16933.1 39200 39066.4 51394.2 26920.1 52701.5 34814.4 37863.6 72690.6 40609 31898.1 9254.19 28861.7 44085.8 51494.6 27300 40761.3 58812.2 11704.7 27301.6 61787.5 25797.9 68869.8 20263.3 16507.6 46955.3 25257.9 66107.6 25800.2 14698.6 50253.9 40235.9 20502.2 11900 47433.7 37250.8 22375.4 13431.7 20860 28888.2 56360.4 56800.1 58200.1 48711.8 39910 69011.4 38508.8 72076.8 51134.4 47054.9 47405.2 28800.9 44365.4 23927 35468.3 36908.7 38934 4604.35 17636.6 28663 31540.6 
78991.5 56801.6 51107.7 42535.3 22005.7 32382.7 82567.1 56744.1 30123.1 72210.4 57923.1 78510.7 48750.9 78400.6 79749.2 29099.3 52930.6 33148.3 65405 100699 86700.1 50972.2 49740.2 11236.1 39686.9 50148.3 93883.6 4753.95 35404.5 55055.3 20204 68323.7 69664.6 63193.2 41830.6 26239.3 57156 9829.04 57903.5 25241.4 62928.9 72173.8 56149.3 34989.4 35054.5 15747.1 72257.4 50202.1 38690.8 66056 49303.7 39950.6 21991.1 30830.2 6212.89 47759.5 95409 76011.1 27197.4 77823.5 50694.9 59954.4 36908.7 47641.4 81486.3 40783 31402.7 47181 37283.4 67214.6 83375.1 69101.8 71632.7 69283 49594.9 36086.7 56859.5 80600 68648.8 11806.8 62994.6 70532.6 52182 37334.3 52462.3 52838 54878 59740.9 54462.1 25420.7 29915.2 16412.8 39253.7 95090.8 67059.2 66382.1 76748 58341.2 65058.8 38923.5 86371.3 75912.6 64787.1 77167.9 48175.1 82359.3 60023.4 71202.9 50552.3 53912 
62686.3 97448.3 36845.6 37900.5 71449.6 90214 39783.9 38616.7 75927.6 30399 99102.6 29144 36389.1 13100 67536.8 52083.5 27318.3 55373 104812 64875.3 62321.3 28600.9 88463.4 84848.2 57081.1 33331.8 39000.1 77059.2 77890.4 72533.9 93920.2 49991.7 29143.1 66048 39241.3 61777.8 30503.9 71643.4 25709.3 65243 54273.8 27348.5 54032 90888.6 45505.4 92457.8 31784.4 90863.9 57341.3 47684.4 36513.7 72823.4 80913.3 51335.2 73396.7 35036.1 40407.9 107402 71313.5 59441.6 43425.9 20450.2 49370.5 48391.1 47406.5 44281.5 90197.4 37139.3 59810.1 96578.5 33908.7 103724 47561.9 19178.4 81616.5 56685.9 100659 18634.4 21362.1 76209.4 74526.8 48948.6 30438.1 80613.2 72115.3 26602.4 48203.7 54775.3 26077.6 66545.4 64524.4 85721.1 51477.9 52854.7 103877 20140 106721 85998.3 30352.8 50591.7 32753.6 76274.2 56500 64738.3 35913.8 4080.44 37620.3 43782.4 29810.4 66375.4 
38108.4 89257.4 45180.7 56356.5 96834.5 92965 15108.3 39580.4 79337.4 70116.8 90692.7 69288.5 47950.5 53233.9 42821.5 76234.2 48800.1 83780 93969.8 27718.9 32622.1 52253.3 82362.2 104944 59928 47462.1 2282.54 92274 78521 62803.9 114790 34570.1 26801.9 51711.9 56179.2 88032.9 39849.3 86538.4 41420.9 73759.4 41822.6 67062.1 46600.4 92458.2 62541.2 104613 23913.4 84849.6 88372.2 34904.7 68922.6 71445.7 87944.8 65494.1 91278.1 65540.3 1140.18 91921.5 76896 35576.4 45976.2 52746.7 78294.4 82110.2 21440.1 73888.4 93426.4 49627.1 63073.7 82942 12788.3 90750.9 30153.8 31470.8 74986.5 62211.3 93133.6 22680.8 30788.3 88347.6 60273.5 32035.1 46412.3 80231.2 63875.3 52345.5 44211.5 44516.6 56576.5 93037.5 92658.2 95566.7 82105.1 16144.3 91966.8 57917.5 90697.4 75180.1 68661.9 80906 10206.9 54771 42203 41460.9 67271.5 42523.1 36336.9 28211.3 58723.1 57738.7 
69992.3 85489.5 31166.2 20525.1 40289.2 70935.8 56292.5 38158.9 58252 22299.1 87117.4 27864.3 27894.8 26983.3 73755.3 22814 18010 23851.6 94079.6 81789.8 73501.1 14710.5 76084.8 55196 44783.3 25079.9 61996.5 50635.7 62022.3 65959.1 63641.9 55216.1 40460.5 64724.4 22576.3 30645.2 30210.6 46057.6 25205.2 45707.3 55469.1 21333.8 51459.6 72391.5 24882.3 66617.7 44323.4 78077.4 25860.6 52134.9 5140.04 59546.6 59706.8 31022.1 45658.4 4110.96 63647.5 100062 52816.4 67134 38137.9 11741.4 17884.6 18252.9 60752.4 12794.5 70574.9 27024.8 46208.2 88980.7 52987.3 94773 55320.3 32538.6 70752.7 42212.1 87820.3 41884.7 33620.4 51960.5 71064.3 55703.9 23406.2 65055.8 64459.6 13006.2 45642.2 54098.1 7316.42 35209.1 32923.7 61953.3 19860 71355.8 94074 14627.7 99886.7 77680.4 15226.9 18943.3 54036.7 78154 58211 70547.1 4295.35 33364.1 39836.9 52306.1 6609.84 60503 
