100 50 22
777 335 649 27 763 426 211 429 862 135 22 167 11 373 784 324 413 980 862 281 84 505 313 895 814 364 87 178 403 399 676 12 94 570 467 902 652 280 865 619 31 771 709 856 586 683 528 829 270 715 
340000 149000 796000 723000 618000 245000 846000 451000 921000 555000 379000 488000 764000 228000 841000 350000 193000 500000 34000 764000 124000 914000 
15 15 9 9 3 19 11 19 15 13 21 14 6 0 15 21 12 9 13 16 10 3 12 0 12 18 3 4 10 20 6 2 4 16 5 15 1 12 5 12 1 17 4 12 18 14 21 6 0 11 13 15 21 19 7 20 8 21 14 0 17 7 16 2 1 20 6 1 20 0 17 3 21 9 18 3 16 18 10 14 21 18 0 6 15 9 5 15 11 11 8 0 14 20 1 0 14 2 13 20 
4941.44 773.369 5328.24 5782.61 7038.55 2147.3 6840.36 5187.68 2254.88 9971.28 938.616 10445.5 5447.37 9627 4692.56 6314.95 6571.23 7307.56 1640.12 7311.67 5802.8 6674.5 172.047 6190.01 3380.53 5784.48 8130.3 4694.6 1729.31 2052.95 6872.15 4880.16 6492.68 3212.37 5579.51 6945.08 5945.77 4531.71 6450.61 3424.76 4162.36 9815.48 3811.15 1897.81 5300.76 4503.89 6480.2 186.011 8054.72 4892.54 
5438.54 8102.64 2034.94 1940.23 5549.82 7205.73 3750.55 2463.43 5790.08 3156.26 8269.06 3408.47 1893.07 2296.11 5869.86 3521.21 881.419 4055.58 8885.41 6335.69 5654.06 1041.2 7180.93 6745.23 3980.26 1560.8 4267.1 5877.77 6022.31 5754.1 7681.47 3996.96 2210.02 5312.66 2074.08 4601.09 1556.57 5328.57 962.133 4687.06 4217.4 2896.96 4007.69 7285.63 2702.67 7403.55 2591.24 7412.32 4425.97 3708.5 
7154.89 3616.1 5532.63 5197.36 4468.17 1084.62 8222.6 5838.23 1825.38 8911.76 3700.66 9500.81 5435.3 9167.58 7087.98 4625.55 6240.87 5332.74 4414.53 9512.37 8007.56 6165.2 3103.37 3179.7 3715.98 5690.04 9479.31 2017.92 2121.51 4300.1 3720.22 6456.57 7265.09 5379.39 5048.96 4737.62 6219.01 2226.23 6500.62 2472.91 5781.22 8848.65 5158.24 1353 4460.52 1292.94 7422.62 3069.61 5983.79 6315.06 
6602.12 7400.74 2688.81 1349.52 3042.53 5800.56 5729.65 3459.51 4585.07 3528.7 7560.03 4110.01 2322.07 3950.01 6911.85 1044.03 1872.11 1633.71 8278.8 8130.89 7093.89 1541.56 6467.47 4326.85 3485.89 2175.68 6540.03 3740.92 4999.37 5678.66 5227.32 5156.37 4155.54 5761.02 1500.3 2098.98 2899.93 3272.46 2610.94 3319.04 5010.09 3457.76 4491.6 5958.36 1386.54 5337.3 4520.4 6651.11 2191.73 4849.34 
4126.98 5998.54 276.586 1128.72 5023.09 5231.8 3519.5 1008.46 3791.58 4962.91 6164.97 5346.27 228.035 4396.02 4452.2 3050.84 1388.52 4010.61 6786.77 5732.83 4623.91 1595.12 5076.87 5700.88 1888.54 565.685 4568.06 4472.19 3965.61 3713.97 6685.96 2678.54 2128.5 3470.81 997.246 4239.87 917.824 3895.25 1254.19 2835.91 2571.26 4756.35 2141.89 5282.51 1508.01 5827.42 2405.08 5309.05 4650.17 2372.28 
6831.59 4020.61 4818.64 4382.44 3756.59 1601.53 7660.79 5193.11 1549.23 8048.66 4131.46 8638.73 4689.84 8327.14 6823.09 3766.3 5435.75 4501.56 4879.43 9135.34 7659.69 5342.68 3342.15 2710.02 3141.27 4925.46 8889.6 1290.77 2015.47 4144.03 3430.76 5986.95 6602.31 5116.26 4243.41 3935.14 5496.27 1387.08 5738.47 1759.6 5350.51 7986.77 4696.05 1853.24 3634.35 1391.76 6787.95 3372.51 5171.08 5814.37 
6671.71 8780.93 2970.69 2235.73 4859.89 7534.89 5051.99 3569.1 6197.18 2030.27 8946.25 2441.25 2705.12 1950.92 7083.16 3022.73 1559.13 3228.89 9612.52 7639.44 6933.43 1352.81 7841.66 6298.58 4638.16 2376.99 5503.28 5724.7 6522.28 6638.95 7166.94 5207.47 3511.72 6362.42 2434.3 3892.81 2691.64 5231.8 2117.47 4979.81 5340.83 1828.77 5031.26 7657.18 2855.24 7314.54 3894.16 8055.84 3426.54 4908.05 
6316.56 3776.69 4367.15 4024.49 3905.7 1555.89 7156.68 4709.79 1081.67 7831.64 3901.24 8405.24 4259.21 8011.1 6314.19 3631.27 5063.33 4459.07 4659.07 8617.01 7142.67 4995.45 3023 3064.91 2634.1 4510.4 8392.31 1523.29 1588.58 3662.85 3852.53 5470.11 6127.22 4610.1 3872.42 3957.9 5050.71 1413.26 5321.59 1299.88 4832.03 7752.17 4178.25 1766.41 3296.45 1910.31 6302.52 3085.85 5162.42 5300 
3743.63 9140.25 5750.83 6988.96 11028.2 9938.66 2505.69 5077.11 8676.66 8682.54 9266.07 8602.85 6072.13 6996.87 4100.99 8997.64 6354.37 9827.48 9465.99 1729.31 2940.15 6710.59 8583.86 11671 6875.54 6089.11 1808.54 10297.2 8497.44 6632.31 12655.7 4039.43 4039.67 5444.93 6938.51 10191.5 5326.65 9737.32 5592.8 8330.31 4729.08 8377.33 5337.69 9845.69 7528.75 11388.6 3683.48 8820.52 10336.1 4193.44 
6219.11 4130.88 3998.05 3574.76 3555.57 2024.75 6892.31 4393.55 1261.43 7348.32 4263.95 7923.06 3865.14 7545.73 6255 3155.27 4622.52 4005.86 5023.55 8471.72 7023.4 4541.2 3324.53 2914.81 2398.27 4100.99 8105.58 1319.39 1804 3716.52 3777.19 5279.1 5793.31 4572.2 3429.87 3533.75 4673.6 1049.24 4913.95 957.549 4674.62 7270.01 4005.82 2221.94 2836.23 2128.97 5988.73 3414.81 4719.68 5088.03 
4678.98 2355.93 3959.42 4242.23 5587.89 1786 6036.64 3976.69 851.469 8412.59 2515.49 8904.84 4019.32 8168.82 4589.12 4725.47 5096.6 5732.83 3238.04 7059.31 5541.73 5165.51 1426.36 4979.53 1933.52 4345.77 7329.18 3399.91 382.884 1800.69 5782.47 4146.09 5376.78 2886.17 4043.09 5408.33 4621.22 3120.79 5070.63 1844.91 3431.98 8267.84 2887.35 1703.29 3719.62 3674.96 5441.11 1607.02 6484.1 4062.63 
2276.95 3125.54 4117.09 5125.51 7855.04 4386.34 4462.87 3621.78 3564.77 9114.92 3252.28 9459.1 4391.18 8315.15 2011.62 6456.97 5527.94 7532.6 3515.52 4630.68 3127.71 5760.7 2644.26 7587.21 2959.75 4711.23 5701.48 5990.83 3141.02 970.618 8453.85 2585.44 4570.73 807.094 4929.79 7430.17 4523.55 5594.83 5114.69 4046.05 1996.92 8894.77 2070.02 4213.91 4990.49 6434.57 4431.99 2861.63 8274.36 2721.54 
8739.5 6720.37 5649.07 4608.31 1454.13 4259.2 8871.19 6286.66 4036.09 6976.72 6830.79 7622.87 5368.51 7825.45 8850.37 2895.88 5581.87 2943.35 7576.73 10832 9478.28 5332.4 6016.52 392.046 4791.5 5450.11 9937.35 1483.37 4569.86 6478.93 1327.4 7588.29 7484.84 7230.01 4582.1 2192.03 6192.71 1837.74 6172.46 3413.17 7099.89 7016.85 6424.78 4523.3 3920.03 2308.53 7777 6063.21 3333.26 7340.98 
340.147 5599.04 4253.4 5574.31 9160.81 6725.91 2675.26 3500.01 5659.84 8848.82 5716.86 9032.3 4616.24 7617.57 520.384 7383.66 5496.59 8407.88 5886.47 2141.07 644.981 5825.16 5127.11 9311.25 4286.64 4830.04 3662.85 7769.18 5352.1 3257.19 10253.9 1780.03 3605.69 2092.46 5429.05 8521.88 4281.69 7274.79 4831.82 5710.77 2009.6 8578.48 2666.61 6586.84 5783.42 8535.44 3291.64 5350.04 9079.43 2090.02 
8316.33 4759.43 6327.12 5762.54 4047.97 2270.59 9212.6 6733.74 2970.39 9100.43 4826.73 9720.44 6172.79 9587.18 8274.36 4759.8 6825.52 5245.85 5504.55 10648.3 9157.96 6691.08 4318.85 2435.59 4692.94 6385.46 10438.8 1940.31 3329.62 5512.94 2716.47 7527.34 8133.54 6562.7 5645.88 4555.81 6994.75 2411 7195.76 3296.19 6878.67 9078.38 6232.38 2526.06 4998.42 358.469 8329.04 4267.19 5797.19 7360.98 
7083.63 7550.66 3202.14 1855.86 2525.39 5791.24 6281.82 3973.16 4666.4 3658.76 7706.11 4274.81 2836.51 4304.65 7376.29 686.586 2428.87 1077.03 8439.76 8665.85 7601.24 2094.23 6629.42 3914.72 3789.3 2713.12 7098.01 3505.61 5117.86 5990.01 4780.93 5652.79 4711.1 6158.77 1982.95 1567.07 3448.04 3093.86 3168.91 3407.08 5468.24 3633.25 4921.23 5969.13 1721.31 5100.53 5074.27 6798.54 1672.87 5348.17 
1626.41 4165.3 3019.42 4173.54 7381.4 4859.56 3289.76 2432.82 3723.61 7990 4310.45 8298.73 3333.05 7097.17 1664.12 5752.56 4421.09 6815.35 4680.28 3980.16 2470.73 4687 3496.54 7403.16 2416.98 3628.61 4565.3 5843.77 3447.68 1530.62 8333.26 1350.93 3303.41 461.411 3993.26 6826.63 3339.52 5365.54 3936.11 3790.57 730.068 7755.96 986.56 4745.62 4190.05 6590.24 3167.08 3741.44 7530.11 1457.98 
3946.35 3386 2759.86 3189.25 5329.89 2863.98 4940.65 2769.57 1504.79 7382.21 3552.03 7841.15 2845.29 7019.44 3974.54 4063.41 3957.79 5127.62 4212.28 6241.09 4765.98 4062.08 2452.04 5123.72 766.094 3179.07 6219.33 3542.49 1441.25 1641.49 6031.95 3136.51 4180.19 2303.26 2984.02 4948.72 3413.69 3099.44 3877.69 1527.78 2468.54 7216.49 1838.31 2839.33 2788.87 4285.99 4263.58 2677.55 5881.51 3001.67 
2532.98 7925.26 5238.83 6557.35 10510.1 8892.5 2204.84 4496.78 7702.11 8871.44 8044.9 8886.99 5590.35 7314.6 2841.64 8543.65 6099.44 9458 8210.05 522.015 1685.14 6459.63 7419.39 10974.6 6029.34 5677.89 2254.6 9524.94 7470.62 5496.76 11950.3 3141.11 3781.44 4304.43 6471.48 9735.98 4951.04 8983.86 5336.46 7500.67 3758 8572.82 4413.67 8779.03 6995.46 10498.5 3395.59 7649.24 10033.5 3360.91 
8533.53 7523.54 4981.86 3740.37 311.448 5251.79 8214.16 5708.12 4620.31 5462.06 7655.06 6111.38 4648.14 6440.02 8729.68 1757.27 4563.55 1432.83 8414.57 10413.4 9182.29 4260.05 6707.74 1926.34 4711.03 4637.97 9154.78 2386.57 5159.12 6722.41 2639.19 7226.69 6710.18 7247.54 3779.43 696.348 5403.74 2356.48 5249.48 3625.52 6863.31 5522.04 6220.88 5493.53 3209.75 3712.03 7044.6 6806.64 1775.53 6946.06 
6937.45 7474.07 3051.38 1705.11 2648.02 5754.07 6130.13 3822.51 4604.49 3649.4 7630.53 4256.99 2685.55 4232.12 7232.79 730.068 2283.2 1228.01 8360.86 8513.74 7451.61 1951.67 6549.41 3997.22 3674.62 2560.82 6950.18 3529.55 5047.23 5875.53 4876.4 5504.36 4560.32 6026.85 1834.69 1696.14 3295.97 3099.68 3020.26 3341.17 5325.41 3611.22 4783.02 5926.8 1594.52 5127.2 4922.95 6722.16 1822.22 5199.39 
866.487 5601.08 3135.36 4469 8168.54 6290.76 1952.26 2373.56 5073.51 7726.53 5740.03 7927.38 3500.69 6546.71 1325.93 6327.4 4358.39 7332.19 6049.48 2666.25 1309.24 4688.37 4966.95 8452.24 3443.98 3701.95 3166.39 6956.96 4856.84 3001.93 9415.23 662.873 2533.08 1842.2 4332.63 7485.75 3143.06 6432.81 3695 4910.76 1133.58 7459.85 1803.25 6191.55 4728.27 7874.67 2256.01 5209.99 7988.3 968.762 
3488.27 3487.94 2598.56 3220.25 5685.16 3254.98 4535.6 2491.47 1941.78 7390.32 3654.09 7820.6 2740.07 6915.27 3525.75 4304.09 3887.42 5377.6 4266.45 5782.36 4306.33 4030.53 2582.13 5554.46 822.8 3080.26 5822.44 3981.52 1810.33 1379.28 6472.13 2697 3866.79 1873.85 3014.38 5250.95 3214.59 3522.3 3720.03 1943.4 2017.18 7208.75 1403.89 3207.51 2921.59 4745.23 3920.05 2823.12 6125.95 2577.69 
5494.59 7628.6 1725.4 1234.71 4832.57 6572.2 4130.11 2343.86 5179.36 3273.41 7794.75 3649.07 1469.86 2811.49 5887.78 2786.92 313.847 3391.65 8441.26 6656.2 5820.31 288.617 6694.81 5994.37 3476.97 1136 4808.17 5133.91 5451.62 5411.33 6933.82 4019.66 2537.28 5117.66 1394.63 3895.13 1500.83 4589.26 988.585 4028.66 4109.46 3060.07 3786.13 6667.53 1982.52 6670.27 2921.66 6917.41 3828.73 3714.65 
5764.9 5706.29 2371.24 1486.37 3063.41 4100.78 5600.29 3025.38 2861.75 5220.67 5863.15 5775.3 2099.55 5375.84 5973.69 1453.44 2547.72 2525.17 6592.67 7672.94 6414 2410.33 4781.27 3608 2054.77 2218.94 6661.27 2483.87 3285.36 4222.38 4592.34 4463.19 4212.84 4559.23 1392.84 2452.31 2934.37 1920.03 2995.41 1595.52 4095.18 5122.99 3461.13 4247.47 721.803 3984.53 4499.52 4954.52 3275.15 4188.36 
1046.9 6042.39 3267.25 4613.07 8412.15 6716.58 1574.71 2495.96 5479.43 7664.16 6180.52 7830.01 3633.73 6402.52 1548.58 6523.96 4400.18 7504.57 6480.69 2334.03 1151.56 4742.7 5410.97 8767.62 3790.33 3801.47 2746.34 7294.96 5278.3 3445.81 9737.25 910.494 2395.85 2284.93 4491.69 7697.2 3180.57 6760.96 3698.46 5261.56 1523.22 7389.22 2170.83 6621.97 4934.01 8256.71 2075.09 5654.06 8139.69 1168.46 
4747.09 1744.13 4480.92 4835.3 6121.48 1739.71 6334.56 4430.86 1323.71 9013.99 1904.34 9500.07 4566.06 8733.3 4593.08 5329.77 5664.6 6328.7 2626.19 7144.13 5618.83 5747.18 815.414 5399.12 2478.25 4897.81 7632.07 3850.64 780.897 1764.91 6151.11 4399.69 5798.71 2942.79 4634.41 5984.11 5126.57 3628.02 5600.22 2441.99 3673.49 8865.39 3203.06 1572.01 4327.59 3910.51 5831.75 997.046 7077.91 4355.43 
7632.73 4894.01 5263.39 4605.41 3096.13 2398.52 8271.62 5733.62 2446.24 7916.24 4996.1 8532.85 5079.63 8394.47 7654.05 3573.93 5667.4 4119.47 5733.31 9893.15 8442.33 5518.71 4252.06 1822.14 3810.72 5270.31 9461.77 757.694 2931.57 5031.2 2508.8 6696.69 7099.75 5958.36 4499.61 3464 5913.46 1220.66 6074.21 2346.1 6096.06 7889.14 5426.87 2665.43 3840.12 870.057 7321.49 4270.57 4716.15 6500.07 
5656.62 3922.27 3532.76 3254.98 3877.38 2128.76 6351.06 3880.12 975.295 7196.51 4067.1 7747.96 3432.1 7265.4 5699.56 3164.13 4274.54 4107.42 4821.21 7906.07 6458.5 4230.19 3054.91 3421.13 1841.66 3691.35 7575.52 1827.79 1493.45 3214.42 4311.29 4716.45 5294 4025.05 3091.28 3723.36 4217.4 1443.92 4500.1 470 4109.03 7096.27 3440.73 2271.78 2557.38 2673.67 5474.39 3180.71 4846.79 4529.02 
4433.53 5118.92 1386.54 1442.57 4393.86 4109.03 4426.52 1847.16 2680.02 5635.65 5284.11 6100.1 1293.14 5348.79 4650.99 2674.21 2277.59 3740.21 5956.68 6370.75 5086.15 2338.08 4179.38 4780.23 1000 1580.7 5573.74 3428.08 2914.05 3164.84 5763.03 3143.12 3197.76 3304.38 1237.46 3763.84 2067.7 2857.48 2372.17 1683.15 2764.42 5472.19 2139.65 4176.47 1147.56 4706.7 3421.84 4394.2 4464.05 2876.89 
6049.01 7142.28 2121.32 801.561 3532.78 5715.45 5154.14 2890.14 4421.09 3634.2 7304.58 4165.73 1755.14 3777.37 6370.2 1472.99 1339.59 2204.11 8005.5 7551.9 6525.11 1041.01 6202.49 4684.5 3110.06 1597.03 5984.59 3920.46 4791.53 5272.66 5617.29 4595.14 3584.91 5275.4 976.729 2616.3 2321.66 3405.3 2053.8 3174.48 4476.44 3516.05 3983.39 5851.03 1077.13 5495.24 3946.81 6399.41 2770.16 4286.96 
5955.52 1562.59 5571.97 5732.66 6235.7 970.206 7584.89 5603.89 1778 9831.08 1650.76 10356.5 5610.01 9717.96 5766.57 5852.26 6649.59 6756.63 2381.6 8351.03 6827.19 6685.88 1206.15 5173.57 3541.58 5928.39 8882.17 3791.79 1459.62 2970.15 5770.55 5652.79 6998.61 4161.6 5542.39 6292.29 6240.79 3756.59 6674.28 3040.95 4926.66 9710.04 4446.27 700.643 5128.21 3335.3 7051.2 1087.84 7477.73 5605.15 
3740.01 3491.85 2613.58 3128.15 5450.11 3079.03 4720.17 2581.18 1728.12 7314.98 3658.26 7760.91 2722.08 6901.92 3781.14 4113.06 3852.03 5183.48 4298.29 6024.38 4553.97 3973.73 2567.59 5299.67 692.026 3059.49 6000.51 3726.02 1647.79 1563.49 6216.62 2913.02 3982.46 2127.2 2922.05 5035.26 3254.43 3268.41 3735.3 1690 2247.15 7141.83 1614.74 3047.92 2777.37 4502.41 4057.1 2800.59 5934.66 2778.49 
702.14 4749.79 4123.17 5378.94 8730.66 5946.07 3239.89 3424.62 4950.36 8946.87 4867.63 9187.69 4469.12 7854.93 368.917 7061.35 5464.52 8113.82 5046.7 2982.16 1492.82 5767.1 4291.11 8744.43 3771.15 4727.05 4352.95 7175.41 4605.66 2462.23 9666.03 1807.1 3860.63 1355.91 5213.11 8157.24 4288.05 6708.35 4871.55 5130.24 1704.23 8691.54 2258.69 5795.25 5478.51 7841.03 3604.36 4510.54 8814.77 2086.55 
4501.26 4887.23 1657.47 1669.64 4322.97 3828.32 4633.66 2071.83 2401.42 5857.73 5051.7 6334.55 1574.58 5614.13 4690.86 2703.13 2546.15 3777.63 5734.64 6505.26 5185.31 2591.39 3946.35 4610.69 833.847 1861.32 5801.49 3216.02 2647.64 3033.1 5589.17 3264.43 3448.19 3271.85 1468.2 3744.89 2342.33 2651.89 2653.77 1410.57 2832.33 5702.02 2181.97 3897.82 1266.25 4454.99 3659.19 4156.16 4514.53 3012.04 
9581.88 6645.36 6891.23 5983.85 2920.15 4116.92 10038.1 7457.35 4423.6 8524.06 6724.41 9170.98 6648.5 9361.44 9621.06 4411.18 7000.61 4487.86 7421.95 11802.7 10376.2 6777.47 6113.37 1162.11 5694.53 6775.29 11171.7 2196.59 4893.2 7012.94 819.878 8577.23 8746.62 7932.54 5929 3735.51 7487.7 2756.61 7537.04 4226.41 8010.57 8566.75 7334.85 4384.2 5252.24 1751.83 9008.69 6095.94 4831.6 8360.35 
5490.15 1408.01 7002.98 7649.33 9063.53 3930.2 7831.81 6706.71 4293.17 11837.3 1310.04 12275.5 7182.6 11332.1 5091.92 8334.71 8337.83 9339.06 653.911 7626.07 6250.51 8485.39 2206.17 8122.87 5211.99 7523.1 9056.81 6682.31 3767.82 3314.85 8730.02 5945.42 7848.73 4146.38 7443.39 8984.08 7551.49 6555.15 8104.32 5451.62 5307.69 11661.3 5178.47 3660.12 7238.02 6279.76 7752.43 2094.8 10088.2 6053.67 
7742.47 6796.51 4281.55 3110.02 1082.4 4613.95 7526.44 4984.78 3867.47 5455.14 6933.12 6092.95 3964.06 6215.14 7928.79 1278.83 4023.36 1521.18 7692.31 9664.31 8406.36 3752.57 5957.78 2008.23 3898.82 3991.12 8516.21 1862.07 4400.28 5910.69 2908.49 6457.86 6060.4 6434.79 3119.31 885.268 4752.79 1681.07 4660.04 2824.92 6072.53 5469.96 5423.88 4842.57 2503.38 3368.59 6379.67 6068.62 2130.38 6182.95 
5981.41 1248.68 7208.84 7758.67 8889.78 3631.89 8252.58 6971.32 4192.4 11951.5 1100.59 12413 7362.02 11535.3 5603.57 8297.81 8505.27 9273.02 360.694 8167.8 6765 8629.51 2170.83 7848.57 5334.01 7702.08 9497.6 6465.74 3694.24 3604.51 8404.3 6335.37 8173.09 4540.7 7554.14 8874.71 7788.1 6389.28 8323.39 5406.38 5670.81 11788.6 5478.83 3363.63 7296.38 5932.16 8101.04 1999.72 10014.4 6420.67 
5869.8 483.322 6381.93 6770.27 7629.92 2353.25 7878.69 6258.73 3006.29 10942.3 417.253 11434.2 6487.26 10662.2 5574.59 7132.38 7597.01 8078.45 1000.45 8199.09 6714.31 7683.7 1212.64 6569.67 4405.83 6821.91 9162.89 5194.32 2548.76 3085.85 7135.11 5919.77 7564.77 4205.76 6570.01 7649.44 7008.03 5138.02 7504.35 4256.07 5208.62 10797.9 4879.43 2084.71 6243.75 4670.39 7548.52 970.824 8811.65 5945.64 
7520.91 6516.27 4131.92 3009.87 1328.34 4348.15 7376.53 4817.98 3586.03 5587.07 6653.31 6218.85 3825.98 6272.14 7697.08 1312.44 3962.44 1731.04 7412.37 9474.39 8197.52 3709.41 5676.31 2001.92 3652.68 3874.75 8391.81 1643.05 4118.69 5642.56 2942.72 6256.2 5934.48 6186 3001.67 1146.21 4630.39 1416.51 4570.83 2548.67 5852.39 5587.93 5198.02 4573.95 2362.41 3188.49 6244.65 5787.69 2376.26 5986.02 
6864.76 3271.85 5406.26 5155.98 4704.73 740 8008.85 5670.67 1575.82 8966.66 3360.13 9544.8 5330.94 9152.19 6784.05 4723.82 6184.96 5482.93 4081.04 9232.75 7722.19 6129.45 2748.98 3488.91 3529.55 5599.15 9275.48 2236.6 1815.71 3982.07 4060.44 6212.03 7102.11 5079.47 4998.08 4917.17 6095.55 2369.07 6404.88 2380.19 5525.98 8891.81 4916.36 1010.05 4436.33 1646.85 7244.4 2716.27 6154.17 6082.17 
7971.61 9082.04 4046.23 2838.05 3513.7 7388.48 6674.88 4778.21 6236.7 2182.15 9240.48 2827.81 3698.18 3288.24 8329.48 2246.62 2811.14 1860.03 9962.66 9218.11 8357.33 2463.43 8150.81 5181.17 5153.53 3450.58 7237.47 5036.07 6668.88 7332.24 5927.6 6496.04 5089.32 7325.48 3029.52 2610.94 4026.57 4664.51 3551.3 4971.09 6467.77 2231.1 6017.52 7563.72 3062.97 6612.72 5475.37 8331.42 1777.92 6186.34 
3440.71 5945.77 509.902 1855.4 5760.95 5500.04 2815.17 262.488 4061.77 5381.77 6110.72 5699.59 876.641 4577.39 3796.76 3798.12 1824.97 4752.9 6678.03 4985.5 3895.25 2117.47 5058.35 6372.48 2060.22 1083.74 3926.23 5073.26 4141.35 3472.3 7358.4 1971.62 1563.2 3009.62 1739.54 4986.48 773.369 4499.79 1352.81 3279.83 1976.49 5148.84 1694.52 5515.67 2244.15 6345.21 1771.24 5302.12 5381.99 1661.93 
5202.47 8797.55 2829.31 3247.85 6992.03 8244.91 2981.71 2881.06 6803.31 3783.38 8961.77 3791.79 2862.11 2255.68 5685.7 4958.92 2211.09 5485.23 9507.81 5545.9 5192.34 2455.22 7916.92 8158.07 4854.12 2602.33 3116.42 7210.84 6950.41 6256.33 9104.12 3931.37 1845.05 5559.89 3337.93 6042.68 2151.95 6647.83 1790.45 5820.01 4376.59 3481.44 4390.63 8290.26 4007.04 8691.86 2111.52 8161.28 5816.29 3705.27 
5105.29 8260.27 2198.29 2483.95 6245.01 7568.97 3180.77 2406.7 6133.13 3554.39 8425.89 3693.81 2173.48 2334.31 5563.86 4201.95 1442.22 4768 9004.19 5780.7 5224.22 1691.98 7359.42 7389.99 4225.38 1886.8 3587.76 6448.29 6312.19 5793.79 8337.7 3725.08 1744.51 5212.76 2581.18 5302.12 1565.89 5887.43 1094.44 5106.62 4060.07 3269.33 3965.51 7626.96 3245.75 7939.4 2098.48 7599.08 5139.82 3461.52 
5387.81 6715.91 1463.28 166.433 4010.05 5486.89 4562.28 2233.76 4123.4 4030.91 6880.44 4507.29 1096.59 3886.66 5710.71 1952.56 994.636 2811.49 7560.17 6917.14 5868.37 858.429 5775.09 4981.98 2602.1 970.618 5456.78 4024.92 4439.28 4711.23 5944.27 3934.68 3020.6 4646.91 372.022 3142.01 1725.14 3471.96 1566.05 2931.64 3820.27 3873.32 3342.01 5596.3 851.469 5545.93 3367.86 5984.45 3413.53 3626.79 
9194.05 8247.38 5548.13 4257.38 588.303 5943.48 8750.42 6293.21 5353.22 5391.29 8377.05 6039.88 5201.59 6550.49 9406.08 2249.56 4986.55 1562.47 9136.22 11014.9 9820.24 4659.97 7438.88 2289.74 5415.03 5156.44 9636.06 3057.61 5892.93 7450.43 2777.23 7858.63 7214 7951.08 4321.87 1053.94 5918.22 3076.9 5707.48 4360.33 7525.7 5490.97 6893.77 6190.22 3802.37 4264.33 7561.91 7534.41 1563.2 7571.54 
5708.46 8369.15 2312.49 2119.46 5572.15 7428.73 3958.28 2749.35 6021.03 2884.34 8535.58 3124.63 2156.04 2024.67 6143.7 3573.02 1086.69 4035.55 9156.84 6552.22 5906.89 1171.54 7444.9 6827.39 4237.84 1819.7 4408.55 6016.31 6266.16 6035.11 7751.18 4272.86 2445.24 5598.66 2268.74 4614.17 1842.53 5475.37 1248.08 4897.4 4501.88 2620.57 4293.37 7514.75 2872.11 7558.58 2821.44 7674.77 4360.94 3986.48 
6111.91 8629.86 2624.52 2234.86 5411.28 7586.31 4363.27 3114.48 6198.52 2482.84 8796.19 2751.87 2428.87 1791.09 6543.31 3466.55 1290.04 3827.53 9432.31 6959.32 6318.05 1259.6 7699.25 6746.33 4482.32 2088.3 4776.71 6025.19 6471.58 6350.07 7649.56 4669.99 2857.01 5957.56 2406.51 4445.68 2209.12 5500 1612.45 5037.24 4877.91 2225.69 4642.21 7685.03 2956.1 7590.16 3232.62 7924.56 4095.52 4380.56 
5651.07 7194.67 1715.72 638.905 4120.29 5957.16 4606.79 2460.33 4601.97 3556.92 7359.42 4026.16 1366.24 3425.84 6000.04 2058.01 751.665 2767.96 8035.92 7045.77 6077.05 474.342 6254.12 5234.83 3070.44 1131.11 5406.31 4383.16 4921.64 5151.02 6178.36 4180.19 3025.57 5025.58 842.2 3203.39 1796.27 3845.2 1476.35 3400.26 4136.28 3394.13 3704.01 6070.76 1290.31 5931.9 3394.38 6464.69 3291.88 3870.21 
5219.82 2164.53 4460.25 4632.2 5551.95 1221.88 6613.46 4521.34 782.943 8760.37 2308.87 9273.73 4493.61 8605.98 5106.9 4902.3 5535.86 5864.41 3063.41 7607.96 6086.64 5578.83 1327.74 4765.18 2430.74 4811.75 7905.55 3231.87 344.384 2285.8 5507.18 4722.3 5931.42 3417.84 4439.21 5472.92 5132.77 3045.87 5559.25 2022.99 4006.76 8630.23 3464.39 1126.41 4052.16 3273.61 6005.21 1428.04 6604.97 4639.85 
5236.89 1464.14 6842.02 7524.75 9056.47 3996.06 7596.27 6524.42 4268.08 11706.2 1392.62 12135.1 7031.43 11167.6 4834.14 8269.04 8189.52 9284.33 840.238 7362.1 5991.64 8345.89 2178.62 8163.54 5088.42 7371.53 8815 6699.14 3734.72 3134.23 8794.46 5720.98 7643.91 3923.79 7318.61 8948.59 7378.2 6549.41 7936.8 5396.76 5093.09 11525.3 4986.23 3727.1 7134.74 6359.32 7539.56 2096.14 10035.9 5836.58 
5985.06 1284.56 5809.83 6019.85 6573.92 1277.69 7710.93 5806.75 2091.24 10136.5 1354.47 10656.1 5862.85 9991.24 5769.45 6183.61 6919.78 7093.46 2066.2 8373.42 6854.12 6966.56 1126.06 5493.07 3782.17 6185.61 9008.32 4126.8 1731.85 3018.11 6070.53 5765.14 7185.8 4209.33 5827.15 6631.9 6471.12 4096.49 6919.48 3357.53 5038.29 10011.1 4590.7 1008.41 5429.96 3618.65 7222.81 947.945 7815.84 5734.68 
7746.65 9568.31 3977.3 3040.95 4669.78 8110.32 6115.69 4617.36 6850.73 1209.34 9731.53 1796.22 3680.57 2121.32 8151.77 3170.52 2581.05 3001.67 10423.5 8709.33 8017.06 2312.62 8627.44 6290.07 5477.59 3370.01 6498.88 5988.33 7228.06 7563.45 7071.81 6278.09 4590.04 7368.48 3247.11 3742.04 3756.94 5559.32 3193.12 5594.73 6382.38 1149.83 6035.83 8259.55 3513.36 7584.26 4970.81 8828.78 2954.47 5976.29 
6427.95 1516.11 6206.13 6360.7 6672.61 1314.84 8157.38 6226.85 2391.4 10443.2 1541.46 10974.5 6245.68 10350.9 6205.56 6414.12 7283.58 7288.71 2168.16 8813.85 7296.09 7316.65 1551.93 5488.94 4175.8 6564.03 9454.87 4205.95 2095.04 3465.62 6002.57 6213.03 7614.12 4656.11 6171.71 6792.72 6873.46 4235.95 7309.53 3644.46 5486.14 10326.7 5032.87 1073.78 5746.25 3525.12 7657.55 1350.74 7998.01 6180.26 
4904.86 7842.97 1764.77 2059.34 5906.99 7118.48 3182.77 2043.55 5683.56 3690.88 8008.9 3900.83 1723.86 2652.79 5346.19 3848.96 1048.09 4480.68 8597.82 5765.34 5094.8 1341.83 6936.38 6996.38 3785.41 1435.03 3746.26 6019.73 5868.05 5408.82 7951.78 3481.74 1640.12 4882.15 2145.6 4977.49 1164 5455.87 648.46 4655.2 3753.73 3421.61 3606.36 7177.98 2815.85 7500.25 2020.62 7174.32 4901.53 3202.06 
8051.05 8810.82 4111.22 2821.1 2948.22 7011.28 6922.43 4868.06 5921.12 2733.59 8966.21 3382.13 3750.12 3836.93 8383.73 1832.21 3001.37 1303.84 9699.81 9424.97 8488.92 2641.7 7889.26 4630.01 4998.92 3541.89 7564.19 4558.17 6377.09 7196.9 5364.11 6585.95 5328.46 7281.79 2994.21 2056.23 4185.24 4219 3764.31 4664.95 6494.92 2794.58 6000.51 7198.31 2901.47 6118.71 5711.2 8058.7 1236.65 6276.25 
6650.09 9703.41 3622.21 3441.93 6492.5 8777.63 4526.37 3953.24 7374.61 2283.55 9869.78 2245.11 3498.24 757.166 7118.27 4626.5 2438.13 4855.56 10478.3 7092.33 6704.7 2469.51 8784.15 7910.46 5585.81 3166.28 4598.31 7241.77 7621.55 7313.91 8791.63 5295.89 3264.97 6782.58 3604.11 5525.52 3070.65 6720.6 2510.08 6238.02 5636.53 1977.73 5516.32 8867.21 4174.81 8811.11 3583.98 9016.48 5000.9 5036.98 
2912.34 2495.96 4582.14 5487.67 7912.05 4007.69 5128.31 4153.37 3383.78 9562.9 2614.44 9934.57 4827.8 8846.13 2603.11 6658.3 5982.05 7729.15 2849.3 5228 3745.85 6190.48 2119.36 7492 3180.02 5158.3 6369 5898.92 2901.93 982.7 8316.85 3236.31 5182.78 1439.24 5286.09 7563.4 5041.72 5553.89 5623.85 4063.56 2616.58 9354.33 2590.48 3809.38 5269.1 6178.88 5062.46 2313.55 8480.11 3355.29 
6640.03 7790.64 2700.02 1445.54 3458.24 6275.39 5563.86 3454.19 5024.67 3044.16 7951.96 3610.24 2341.37 3430.71 6979.29 1538.83 1637.19 1924.63 8659.34 8033.06 7075.37 1279.06 6852.52 4820.66 3783.36 2127.63 6290.85 4264.33 5417.13 5947.94 5704.85 5172.79 3972.12 5933.34 1635.15 2495.62 2784.31 3793.18 2403.37 3764.31 5099.75 2957.18 4630.6 6424.87 1723.51 5860.51 4349.25 7044.83 2348.04 4862.97 
8822.61 7997.66 5167.36 3877.64 528.11 5742.82 8370.54 5912.77 5082.4 5176.04 8130.93 5826.26 4820.84 6265.56 9039.3 1869.36 4617.46 1240.85 8890.54 10634.9 9444.12 4294.24 7172.2 2319.76 5063.33 4776.96 9261.06 2880.62 5618.43 7120.85 2925.54 7481.93 6836.17 7597.43 3941.22 674.24 5539.21 2837.9 5334.01 4049.75 7155.2 5258.84 6526.64 5983.26 3423.01 4187.14 7183.07 7276.41 1389.17 7194.03 
6742.73 5346.3 3802.17 2989.31 2401.04 3223.86 6960.78 4374.77 2420.43 6336.1 5483.36 6938.78 3568.81 6745.38 6862.25 2024.25 4044.6 2789.59 6242.39 8843.38 7480.59 3878.66 4510.54 2258.58 2795.89 3717.69 8082.1 975.141 2956.7 4601.96 3234.27 5599.16 5657.85 5265.79 2902.43 2300.98 4409.67 431.045 4503.09 1479.59 5101.86 6289.81 4426.66 3437.4 2228.92 2521.27 5918.72 4618.66 3492.01 5358.4 
3278.67 4405.56 1692.57 2501.86 5563.43 4050.98 3810.77 1576.86 2648.85 6590.37 4571.31 6989.97 1873.95 6022 3447.46 3922.16 3034.49 4990.04 5164.43 5386.58 4002.32 3214.42 3507.21 5727.52 734.098 2213.26 5069.13 4233.82 2640.68 2074.25 6688.53 2157.24 2980.27 2055.48 2303.13 4989.77 2290.26 3706.01 2807.94 2203.2 1624.1 6392.95 952.575 4036.56 2385.33 5245.35 3068.89 3749.31 5713.86 1956.02 
2090.29 3350.1 3807.28 4841.99 7677.77 4436.96 4173.37 3299.59 3520.26 8804.93 3484.15 9143.46 4087.95 7991.38 1886.8 6225.57 5218.78 7300.75 3788.68 4474.93 2956.55 5457.15 2798.66 7477.97 2740.02 4404.78 5424.07 5885.39 3131.68 955.249 8362.31 2275.28 4246.34 483.735 4648.55 7222.77 4202.68 5467.62 4794.88 3902.42 1672.75 8582.42 1753.17 4280.42 4735.1 6408 4111.8 3027.69 8037.94 2401.87 
8100.38 6637.27 4829.96 3735.91 1047.85 4311.16 8069.45 5497.64 3783.19 6153.25 6763.27 6794.64 4533.45 6939.57 8248.74 1996.85 4691.63 2157.13 7521.3 10115 8804.71 4436.06 5852.11 1287.87 4178.52 4594.19 9103.55 1428.88 4326.4 6044.52 2214.16 6881.51 6646.78 6684.68 3722 1432.65 5345.97 1479.59 5298.23 2921.81 6440.03 6177.29 5774.09 4558.17 3072.93 2776.51 6950.76 5935.07 2663.4 6620.46 
6330.01 10006.6 3983.63 4173.46 7569.65 9359.51 3945.54 4096.83 7925.18 3339.24 10171.3 3146.68 3965.48 1547.38 6822.68 5628.94 3111.3 5961.78 10725.4 6389.41 6234.72 3258.5 9118.46 8903 6013.65 3671.43 3730.44 8105.71 8103.59 7478.19 9812.98 5119.53 3035.34 6777.03 4300.01 6602.52 3327.73 7560.34 2887.35 6880.77 5591.03 3037.98 5613.78 9419.52 4936.85 9637.69 3259.6 9361.08 6153.06 4906.5 
1555.63 6422.25 3056.55 4396.59 8294.44 6943.38 1086.32 2295.78 5653.29 7246.94 6565.15 7389.68 3417.6 5937.76 2057.98 6354.37 4081.67 7302.29 6898.54 2429.18 1523.98 4433.01 5749.24 8753.06 3858 3546.83 2314.65 7322.74 5496.26 3786.4 9731.07 1019.51 1957.27 2666.78 4293.31 7540.72 2873.88 6774.32 3352.52 5322.41 1734.88 6966.9 2312.25 6865.84 4786.49 8365.19 1613.07 5996.17 7911.69 1168.29 
1306.14 6633.92 3906.21 5249.38 9114.97 7433.98 1492.15 3140.35 6217.95 8039.11 6764.91 8151.63 4269.19 6659.8 1761.73 7195.61 4936.6 8153.54 7011.21 1603.78 820.061 5289.23 6053.45 9508.42 4540.42 4404.77 2388.39 8042.79 6002.21 4099.41 10480.1 1655.6 2755.3 2913.43 5141.64 8377.86 3731.86 7506.54 4201.45 6011.76 2266.85 7753.79 2920.63 7330.98 5617.94 9005.64 2387.3 6291.58 8768.04 1894.02 
1960.1 3481.05 4369.36 5453.88 8324.34 4886.15 4330.74 3808.02 4080.75 9356.41 3594.77 9672.98 4666.69 8469.91 1618.3 6872.85 5778.34 7947.69 3771.6 4240.58 2770.51 6031.65 3087.3 8092.49 3390.13 4974.37 5524.96 6496.96 3656.24 1486.07 8964.29 2560.2 4619.66 975.756 5263.66 7873.07 4714.95 6092.77 5311.29 4535.42 2081.97 9125.86 2308.35 4707.37 5372.94 6950.4 4440.72 3291.93 8683.32 2747.67 
3192.32 7305.37 2222.66 3372.49 7423.4 7255.36 1196.41 1717.12 5841.32 5600.36 7462.82 5712.38 2501.38 4245.39 3680.49 5377.29 2740.46 6196.3 7921.52 3766.3 3200.25 3100.15 6500.35 8198.25 3845.84 2474.13 2070.87 6947.19 5841.73 4654.08 9182.86 2012.29 408.167 3766.06 3339.01 6568.04 1708.36 6371.82 1973.85 5153.49 2586.29 5313.38 2812.33 7240.17 3963.43 8226.94 143.178 6751.87 6717.2 1847.65 
2986.13 4486.88 1690.12 2643.67 5843.9 4282.67 3540.52 1435.69 2901.26 6657.91 4651.3 7034.57 1922.76 6007.5 3170.57 4163.1 3078.47 5224.63 5214.44 5081.78 3700.61 3287.22 3611.37 6031 1034.79 2254.11 4809.26 4538.56 2854.77 2036.91 6992.8 1853.97 2793.08 1853.35 2452.04 5250.38 2227.33 4010.59 2776.83 2505.71 1324.84 6450 661.287 4254.94 2600.94 5538.68 2852.12 3858.11 5940.01 1658.95 
6717.45 4939.74 4037.08 3349.4 2745.63 2745.54 7119.16 4550.57 2059.13 6820.87 5071.5 7419.33 3836.94 7185.77 6801.01 2519.38 4412 3274.28 5831.06 8887.95 7486 4271.17 4133.68 2267.44 2784.69 4017.87 8278.27 735.935 2602.31 4402.19 3200.62 5653.01 5885.44 5159.32 3241.97 2754.09 4674.67 250.799 4819.22 1347.18 5108.86 6769.12 4430.91 2966.65 2584.14 2119.46 6123.96 4225.22 3965.48 5430.65 
8846.34 5917.11 6288.59 5469.27 2914.88 3384.79 9386.91 6819.1 3658.25 8320.25 6001.87 8959.27 6067.26 9024.04 8874.78 4070.2 6510.49 4324.87 6711.07 11088.3 9649.09 6313.83 5360.35 1168.46 4986.91 6218.95 10545.6 1548.29 4126.26 6249.42 1425.06 7874.93 8142.36 7181.04 5395.15 3587.12 6908.18 2124.74 7000.61 3515.52 7292.08 8336.39 6618.9 3653.96 4718.16 1060.99 8388.74 5350.04 4774.62 7666.89 
1597.9 4090.99 3156.96 4304.75 7479.85 4857.32 3374.31 2571.63 3750.89 8128.83 4233.83 8437.59 3469.19 7234.09 1595.31 5868.19 4559.35 6932.89 4587.17 3972.91 2455.24 4824.37 3444.2 7475.3 2507.93 3765.91 4642.47 5909.89 3457.22 1480.71 8400.31 1451.52 3429.34 347.851 4123.35 6935.37 3478.29 5438.65 4074.91 3861.2 859.127 7894.87 1118.3 4736.35 4310.94 6626.95 3285.86 3686.86 7650.06 1575.44 
4593.53 1046.61 5910.26 6582.38 8231.56 3385.85 6828.79 5614.95 3432.84 10763.7 1092.02 11194 6093.81 10238.8 4240.78 7361.56 7250.74 8388 1141.1 6840.82 5400.17 7404.38 1390.58 7441.51 4146.43 6434.14 8076.66 5929.76 2890.88 2224.34 8129.97 4912.4 6774.81 3116.7 6376.24 8077.88 6457.56 5734.85 7010.46 4507.6 4253.53 10583.3 4093.53 3127.71 6198.79 5753.03 6690.78 1390.58 9141.78 5002.76 
1945.04 7302.86 4280.29 5602.89 9549.71 8083.27 1370.58 3536.47 6845.53 8077.01 7433.03 8136.15 4633.27 6595.89 2367.13 7585.38 5175.71 8506.06 7670.01 1254.47 1275.34 5534.8 6723.82 10028.6 5112.51 4727.87 1902.63 8592.89 6646.39 4768.31 11006.3 2230.02 2883.83 3583.7 5514.17 8777.07 4009.79 8046.92 4417.8 6581.67 2888.77 7783.37 3522.4 7985.42 6035.11 9604.85 2498.08 6962.21 9089.58 2427.69 
6936.63 2981.17 5720.31 5539.54 5143.39 528.015 8212.43 5940.21 1788.85 9396.73 3053.8 9970.16 5665.59 9546.82 6823.56 5169.54 6556.17 5935.26 3750.05 9321.74 7802.17 6514.64 2567.2 3873.98 3789.26 5944.55 9490.67 2679.25 1905.15 3997.31 4387.71 6373.23 7372.71 5135.85 5375.65 5368.89 6410.28 2821.58 6744.13 2743.67 5671.73 9317.09 5087.81 756.439 4832.66 1921.28 7496.65 2496.5 6606.56 6262.59 
4453.25 1142.32 4961.9 5501.36 7039.6 2435.02 6362.27 4776.99 2245.11 9694.44 1305.45 10150.6 5103.27 9280.8 4211 6176.29 6242.9 7195.61 1905.36 6827.1 5315.95 6365.92 449.444 6309.06 3071.48 5442.81 7650.06 4770 1701.79 1570.03 7040.06 4402.23 6054.86 2722.59 5296.23 6878.84 5560.59 4549.81 6081.35 3311.22 3687.82 9527.94 3361.74 2208.1 5066.76 4737.7 6029.61 664.078 7948.47 4422.95 
5587.57 7656 1793.6 1215.11 4741.78 6564.89 4237.57 2428.6 5179.29 3211.79 7822 3601.68 1524.11 2809.57 5977.62 2701.5 388.973 3290.79 8473.54 6762.09 5920.03 241.868 6720.6 5921.12 3504.07 1195.7 4914.15 5082.07 5461.01 5462.1 6856.89 4111.7 2644.58 5187.87 1385.14 3801.32 1596.15 4541.29 1093.3 4016.43 4190.29 3004.86 3855.49 6664.32 1950.28 6625.5 3028.81 6941.36 3722.85 3805.92 
2650.3 2840.74 4764.96 5747.29 8320.61 4469.72 5002.92 4274.68 3841.3 9761.94 2944.57 10110.1 5033.7 8967.48 2288.45 7008.46 6174.86 8082.6 3084.69 4896.12 3447.81 6402.79 2551.96 7940.01 3512.56 5356.28 6209.87 6345.05 3365.06 1360.33 8772.43 3181.21 5200.96 1445.89 5549.23 7943.92 5176.53 5988.2 5767.54 4478.81 2630.3 9543.64 2722.39 4268.14 5578.26 6644.89 5047.74 2733 8829.87 3339.52 
2312.06 3511.6 3118.93 4108.19 6979.24 4139.05 3951.27 2676.6 3047.64 8112.81 3663.06 8470.01 3381.95 7368.27 2263.74 5488.21 4526.37 6562.82 4092.07 4691.58 3173.09 4750.79 2795.17 6862.83 2015.59 3706 5240.15 5281.87 2740.16 843.801 7770.59 1991.23 3766.71 564.358 3912.97 6498.9 3563.93 4834.73 4147.12 3257.12 1281.33 7897.47 1115.21 4020.46 3991.85 5932.99 3687.66 3043.22 7298.12 2025.96 
4126.89 4846.08 1432.24 1752.37 4694.7 3990.1 4279.54 1743.85 2547.72 5935.7 5012.03 6384.37 1429.41 5573.24 4326.95 3021.06 2503.92 4090.11 5669.73 6122.88 4804.18 2601.92 3910.63 4989.59 695.27 1749.29 5465.31 3577.95 2722.81 2817.8 5966.65 2881.7 3149.68 2951.69 1546.25 4093.81 2121.51 3018.77 2500.6 1695.17 2456.87 5763.27 1814.63 4036 1504.43 4772.13 3338.8 4132.65 4817.02 2630.3 
4146.64 1270.63 5046.08 5691.34 7444.78 2917.07 6190.13 4788.53 2670.67 9874.84 1410.89 10309.6 5218.29 9376.25 3867.47 6494.63 6372.27 7530.47 1843.91 6492.5 4996.73 6519.52 893.756 6765.28 3254.84 5558.87 7464.81 5213.84 2130 1435.9 7509.36 4239.86 6003.04 2490.08 5485.23 7245.47 5611.29 4970.31 6154.19 3666.2 3545.81 9696.6 3303.53 2687.4 5308.64 5219.29 5947.18 1054.23 8285.58 4293.26 
8416.28 4957.07 6328.8 5720.51 3866.99 2454.89 9255.34 6757.07 3078.85 8985.46 5027.15 9609.27 6162.94 9508.84 8385.8 4650.1 6783.17 5101.37 5710.13 10736.1 9252.62 6638.21 4496.8 2230.02 4743.71 6366.24 10472 1839.92 3460.71 5642 2498.26 7595.92 8147.3 6674.32 5610.36 4401.78 6990.35 2340.09 7173.98 3323.88 6956.84 8969.75 6304.48 2714.13 4955.29 251.794 8351.54 4451.99 5637.6 7422.32 
3895.14 6263.55 235.372 1469.32 5466.01 5646.4 3059.44 701.783 4202.98 4924.43 6429.47 5255.56 508.035 4181.69 4259.67 3459.44 1357.68 4374.99 7021.57 5350.23 4319.12 1649.76 5358.29 6190.03 2241.99 631.269 4079.33 4968.56 4338.13 3859.96 7174.47 2420.52 1633.71 3460.92 1385.71 4654.5 462.709 4391.64 952.103 3302.8 2444.44 4695.91 2135.6 5683.27 1967.03 6315.73 1920.03 5597.22 4980.8 2110.59 
5468.83 1094.44 5419.15 5716.79 6587.36 1499.07 7217.34 5373.43 1908.82 9871.79 1217.58 10374.2 5494.55 9650.64 5254.81 6034.64 6578.64 6985.56 1976.49 7857.38 6337.9 6646.24 629.682 5630.89 3405.6 5823.48 8514.09 4185.16 1456.71 2504.1 6272.77 5266.74 6734.66 3694.46 5519.31 6569.64 6068.45 4083.15 6536.52 3158.69 4540.41 9734.2 4111.47 1240.4 5166.37 3869.48 6758.5 505.668 7721.46 5244.62 
2558.53 7895.43 5556.73 6887.07 10804.7 8983.38 2607.68 4803.09 7836.17 9294.53 8008.53 9317.54 5913.38 7748.48 2798.04 8860.19 6468.73 9792.35 8133.54 180 1686.71 6828.07 7435.89 11213.4 6231.38 6017.22 2690.67 9740.31 7577.86 5545.85 12184 3357.16 4166.25 4360.85 6793 10048.9 5303.22 9207.83 5709.47 7701.12 3927.25 8996.81 4596.54 8858.14 7297.08 10663.3 3779.85 7659.35 10381.4 3600 
7546.3 9659.32 3891.39 3103.45 5114.76 8314.64 5792.21 4477.72 7014.02 1110.18 9823.98 1569.84 3625.27 1627.88 7968.27 3514 2479.88 3443.84 10499.9 8391.93 7768.61 2266.32 8718.65 6698.13 5529.74 3298.03 6104.7 6313.17 7364.3 7554.99 7502.97 6091.99 4306.8 7281.79 3306.92 4173.36 3589.79 5859.69 3004.33 5773.82 6250.5 929.57 5951.24 8451.16 3659.19 7911.57 4680.28 8928.12 3439.03 5796.56 
4292.84 5833.78 593.633 991.413 4746.76 4964.88 3819.32 1267.79 3530.1 5024.12 6000.11 5438.43 431.856 4567.24 4592.45 2807.94 1508.01 3798.17 6640.55 5983.74 4831 1650.97 4903.68 5386.44 1689.41 737.36 4884.15 4150.18 3732.02 3642.27 6371.94 2871.67 2449 3504.77 820.244 3987.41 1232.27 3573.25 1511.99 2535.05 2690.3 4832.49 2196.59 5025.24 1231.67 5509.6 2720.02 5130.39 4460.61 2571.54 
6862.36 3330.54 5359.56 5095.13 4627.76 801.561 7982.34 5632.57 1556.31 8895.24 3420.94 9474.44 5280.15 9088.47 6787.35 4648.66 6126.47 5405.42 4144.8 9226.58 7718.04 6068.05 2792.6 3420.41 3494.94 5546.1 9246.53 2159.28 1818.38 3991.69 4001.51 6193.95 7063.29 5080.84 4938.55 4839.1 6048.47 2291.42 6352.84 2325.51 5511.1 8821.48 4897.19 1071.68 4372.93 1601.62 7209.02 2765.57 6076.22 6060.64 
9294.65 11719.7 5868.47 5164.05 6627.73 10342 7234.76 6381.22 9063.8 1030.78 11884.6 516.14 5632.64 2024.85 9747.37 5369.56 4472.34 5020.96 12557.5 9793.49 9397.52 4299.79 10779.3 8346.56 7584.46 5296.89 7231.56 8187.8 9422.57 9574.23 9046.02 7890.15 5930.3 9224.67 5366.91 5772.6 5474.91 7778.56 4878.11 7815.43 8139.71 1132.3 7906.41 10487.1 5711.72 9776.55 6268.09 10989.4 4750.67 7611.58 
4920.62 2899.28 3676.14 3802.17 5003.73 1787.18 6034.7 3801.59 428.019 7935.65 3054.13 8445.53 3688.16 7780.52 4885.67 4155.54 4712.59 5152.76 3791.48 7264.19 5765.5 4750.17 1988.29 4455.39 1663.64 4000.56 7312.05 2863.56 488.262 2204.84 5290.29 4217.69 5228.61 3174.93 3609.43 4819.65 4357.26 2551.25 4760.98 1265.9 3532.61 7802.83 2923.18 1793.38 3228.16 3310.42 5333.53 2147.21 5902.49 4092.73 
4523.74 1544.57 4566.06 5013.52 6464.21 2051.17 6232.21 4453.94 1674.31 9204.03 1710.26 9675.12 4678.48 8857.36 4340.66 5612.93 5799.74 6626.16 2392.07 6919.37 5395.41 5902.63 610.574 5764.53 2608.6 5014.96 7528.68 4212.33 1131.59 1539.42 6517.77 4280.65 5787.44 2731.83 4810 6302.77 5191.86 3978.19 5688.59 2739.23 3554.43 9046.15 3137.72 1859.81 4544.72 4267.58 5796.15 845.813 7378.11 4261.42 
9126.93 11527.8 5682.06 4972.05 6473.09 10152.3 7088.37 6200.07 8872.44 847.585 11692.6 335.41 5444.16 1900.03 9577.49 5189.58 4284.22 4857.91 12365.8 9653.9 9239.26 4109.32 10587.3 8184.26 7392.95 5108.83 7110 8008.71 9230.66 9385.57 8892.48 7717.67 5768 9041.86 5174.96 5610.06 5294.19 7596.14 4697.37 7624.57 7960.58 940.213 7722.31 10296.8 5520.07 9598.82 6109.02 10797.4 4604.35 7437.65 
4850.92 6239.14 984.124 415.933 4324.12 5165.01 4200.3 1746.31 3760.92 4537.85 6404.7 4984.54 635.138 4234.05 5160.47 2321.77 1177.2 3270.29 7068.83 6466.94 5362.96 1212.02 5300.94 5117.44 2094.76 684.251 5182.99 4006.61 4029.4 4158.49 6096.43 3413.15 2725.67 4074.13 257.099 3515.18 1422.74 3434.94 1469.97 2642.01 3262.21 4362.99 2771.15 5252.59 852.115 5456.9 3041.74 5518.06 3912.56 3108.46 
3820.01 2758.12 3332.42 3857.78 5880.69 2673.46 5167.22 3230.62 1545.64 8048.38 2924.53 8498.31 3455.79 7635.74 3762.76 4715.26 4590.04 5772.01 3559.51 6188.07 4676.11 4712.08 1842.53 5518.2 1421.44 3794.27 6462.61 3921.35 1241.69 1111.26 6384.12 3262.41 4590.71 2051.05 3651.99 5557.88 3956.27 3540.35 4454.9 2031.58 2545.68 7877.79 2019.5 2586.81 3468.31 4437.76 4625.72 2081.47 6527.39 3188.89 
7683.76 9918.17 4096.46 3364 5389.11 8600.06 5851.44 4655.5 7292.26 913.893 10083.2 1300.96 3844.23 1406.16 8114.6 3809.11 2688.81 3718.72 10754 8450.72 7876.5 2498.98 8978.05 6985.22 5780.7 3512.16 6101.29 6609.28 7636.29 7782.5 7783.38 6240.39 4401.3 7477.54 3565.87 4452.86 3758.26 6155.56 3165.9 6055.98 6426.86 684.105 6150.28 8734.3 3937.61 8207.69 4767.9 9189.7 3684.56 5949.2 
6010.07 9033.7 2948.1 2879.2 6225.24 8171.08 3988.14 3267.11 6755.63 2722.22 9199.97 2804.92 2842.01 1434.02 6471.24 4269.54 1836.36 4638.62 9802.24 6579.86 6104.4 1930.23 8118.15 7542.9 4930.92 2516.23 4209.54 6769.38 6983.85 6629.59 8453.67 4634.18 2635.77 6098.86 3025.24 5259.78 2385.33 6231.6 1830.52 5648.45 4957.18 2425.96 4830.17 8251.26 3632.7 8316.55 2974.05 8352.35 4884.27 4369.4 
7773.71 9662.07 4030.71 3125.08 4798.43 8222.47 6105.16 4658.42 6956.28 1098.36 9825.58 1673.71 3740.66 2008.31 8183.52 3297.35 2627.72 3130.77 10514.7 8701.64 8030.59 2371.18 8721.04 6420.07 5562.49 3425.68 6463.07 6114.33 7329.24 7636.92 7201.24 6308.35 4591.32 7424.28 3331.1 3871.64 3789.84 5682.93 3219.27 5702.32 6426.73 1024.89 6091.47 8369.85 3613.86 7710.65 4970.16 8923.91 3075.84 6008.08 
