100 50 22
777 335 649 27 763 426 211 429 862 135 22 167 11 373 784 324 413 980 862 281 84 505 313 895 814 364 87 178 403 399 676 12 94 570 467 902 652 280 865 619 31 771 709 856 586 683 528 829 270 715 
340 149 796 723 618 245 846 451 921 555 379 488 764 228 841 350 193 500 34 764 124 914 
15 15 9 9 3 19 11 19 15 13 21 14 6 0 15 21 12 9 13 16 10 3 12 0 12 18 3 4 10 20 6 2 4 16 5 15 1 12 5 12 1 17 4 12 18 14 21 6 0 11 13 15 21 19 7 20 8 21 14 0 17 7 16 2 1 20 6 1 20 0 17 3 21 9 18 3 16 18 10 14 21 18 0 6 15 9 5 15 11 11 8 0 14 20 1 0 14 2 13 20 
49414.4 7733.69 53282.4 57826.1 70385.5 21473 68403.6 51876.8 22548.8 99712.8 9386.16 104455 54473.7 96270 46925.6 63149.5 65712.3 73075.6 16401.2 73116.7 58028 66745 1720.47 61900.1 33805.3 57844.8 81303 46946 17293.1 20529.5 68721.5 48801.6 64926.8 32123.7 55795.1 69450.8 59457.7 45317.1 64506.1 34247.6 41623.6 98154.8 38111.5 18978.1 53007.6 45038.9 64802 1860.11 80547.2 48925.4 
54385.4 81026.4 20349.4 19402.3 55498.2 72057.3 37505.5 24634.3 57900.8 31562.6 82690.6 34084.7 18930.7 22961.1 58698.6 35212.1 8814.19 40555.8 88854.1 63356.9 56540.6 10412 71809.3 67452.3 39802.6 15608 42671 58777.7 60223.1 57541 76814.7 39969.6 22100.2 53126.6 20740.8 46010.9 15565.7 53285.7 9621.33 46870.6 42174 28969.6 40076.9 72856.3 27026.7 74035.5 25912.4 74123.2 44259.7 37085 
71548.9 36161 55326.3 51973.6 44681.7 10846.2 82226 58382.3 18253.8 89117.6 37006.6 95008.1 54353 91675.8 70879.8 46255.5 62408.7 53327.4 44145.3 95123.7 80075.6 61652 31033.7 31797 37159.8 56900.4 94793.1 20179.2 21215.1 43001 37202.2 64565.7 72650.9 53793.9 50489.6 47376.2 62190.1 22262.3 65006.2 24729.1 57812.2 88486.5 51582.4 13530 44605.2 12929.4 74226.2 30696.1 59837.9 63150.6 
66021.2 74007.4 26888.1 13495.2 30425.3 58005.6 57296.5 34595.1 45850.7 35287 75600.3 41100.1 23220.7 39500.1 69118.5 10440.3 18721.1 16337.1 82788 81308.9 70938.9 15415.6 64674.7 43268.5 34858.9 21756.8 65400.3 37409.2 49993.7 56786.6 52273.2 51563.7 41555.4 57610.2 15003 20989.8 28999.3 32724.6 26109.4 33190.4 50100.9 34577.6 44916 59583.6 13865.4 53373 45204 66511.1 21917.3 48493.4 
41269.8 59985.4 2765.86 11287.2 50230.9 52318 35195 10084.6 37915.8 49629.1 61649.7 53462.7 2280.35 43960.2 44522 30508.4 13885.2 40106.1 67867.7 57328.3 46239.1 15951.2 50768.7 57008.8 18885.4 5656.85 45680.6 44721.9 39656.1 37139.7 66859.6 26785.4 21285 34708.1 9972.46 42398.7 9178.24 38952.5 12541.9 28359.1 25712.6 47563.5 21418.9 52825.1 15080.1 58274.2 24050.8 53090.5 46501.7 23722.8 
68315.9 40206.1 48186.4 43824.4 37565.9 16015.3 76607.9 51931.1 15492.3 80486.6 41314.6 86387.3 46898.4 83271.4 68230.9 37663 54357.5 45015.6 48794.3 91353.4 76596.9 53426.8 33421.5 27100.2 31412.7 49254.6 88896 12907.7 20154.7 41440.3 34307.6 59869.5 66023.1 51162.6 42434.1 39351.4 54962.7 13870.8 57384.7 17596 53505.1 79867.7 46960.5 18532.4 36343.5 13917.6 67879.5 33725.1 51710.8 58143.7 
66717.1 87809.3 29706.9 22357.3 48598.9 75348.9 50519.9 35691 61971.8 20302.7 89462.5 24412.5 27051.2 19509.2 70831.6 30227.3 15591.3 32288.9 96125.2 76394.4 69334.3 13528.1 78416.6 62985.8 46381.6 23769.9 55032.8 57247 65222.8 66389.5 71669.4 52074.7 35117.2 63624.2 24343 38928.1 26916.4 52318 21174.7 49798.1 53408.3 18287.7 50312.6 76571.8 28552.4 73145.4 38941.6 80558.4 34265.4 49080.5 
63165.6 37766.9 43671.5 40244.9 39057 15558.9 71566.8 47097.9 10816.7 78316.4 39012.4 84052.4 42592.1 80111 63141.9 36312.7 50633.3 44590.7 46590.7 86170.1 71426.7 49954.5 30230 30649.1 26341 45104 83923.1 15232.9 15885.8 36628.5 38525.3 54701.1 61272.2 46101 38724.2 39579 50507.1 14132.6 53215.9 12998.8 48320.3 77521.7 41782.5 17664.1 32964.5 19103.1 63025.2 30858.5 51624.2 53000 
37436.3 91402.5 57508.3 69889.6 110282 99386.6 25056.9 50771.1 86766.6 86825.4 92660.7 86028.5 60721.3 69968.7 41009.9 89976.4 63543.7 98274.8 94659.9 17293.1 29401.5 67105.9 85838.6 116710 68755.4 60891.1 18085.4 102972 84974.4 66323.1 126557 40394.3 40396.7 54449.3 69385.1 101915 53266.5 97373.2 55928 83303.1 47290.8 83773.3 53376.9 98456.9 75287.5 113886 36834.8 88205.2 103361 41934.4 
62191.1 41308.8 39980.5 35747.6 35555.7 20247.5 68923.1 43935.5 12614.3 73483.2 42639.5 79230.6 38651.4 75457.3 62550 31552.7 46225.2 40058.6 50235.5 84717.2 70234 45412 33245.3 29148.1 23982.7 41009.9 81055.8 13193.9 18040 37165.2 37771.9 52791 57933.1 45722 34298.7 35337.5 46736 10492.4 49139.5 9575.49 46746.2 72700.1 40058.2 22219.4 28362.3 21289.7 59887.3 34148.1 47196.8 50880.3 
46789.8 23559.3 39594.2 42422.3 55878.9 17860 60366.4 39766.9 8514.69 84125.9 25154.9 89048.4 40193.2 81688.2 45891.2 47254.7 50966 57328.3 32380.4 70593.1 55417.3 51655.1 14263.6 49795.3 19335.2 43457.7 73291.8 33999.1 3828.84 18006.9 57824.7 41460.9 53767.8 28861.7 40430.9 54083.3 46212.2 31207.9 50706.3 18449.1 34319.8 82678.4 28873.5 17032.9 37196.2 36749.6 54411.1 16070.2 64841 40626.3 
22769.5 31255.4 41170.9 51255.1 78550.4 43863.4 44628.7 36217.8 35647.7 91149.2 32522.8 94591 43911.8 83151.5 20116.2 64569.7 55279.4 75326 35155.2 46306.8 31277.1 57607 26442.6 75872.1 29597.5 47112.3 57014.8 59908.3 31410.2 9706.18 84538.5 25854.4 45707.3 8070.94 49297.9 74301.7 45235.5 55948.3 51146.9 40460.5 19969.2 88947.7 20700.2 42139.1 49904.9 64345.7 44319.9 28616.3 82743.6 27215.4 
87395 67203.7 56490.7 46083.1 14541.3 42592 88711.9 62866.6 40360.9 69767.2 68307.9 76228.7 53685.1 78254.5 88503.7 28958.8 55818.7 29433.5 75767.3 108320 94782.8 53324 60165.2 3920.46 47915 54501.1 99373.5 14833.7 45698.6 64789.3 13274 75882.9 74848.4 72300.1 45821 21920.3 61927.1 18377.4 61724.6 34131.7 70998.9 70168.5 64247.8 45233 39200.3 23085.3 77770 60632.1 33332.6 73409.8 
3401.47 55990.4 42534 55743.1 91608.1 67259.1 26752.6 35000.1 56598.4 88488.2 57168.6 90323 46162.4 76175.7 5203.84 73836.6 54965.9 84078.8 58864.7 21410.7 6449.81 58251.6 51271.1 93112.5 42866.4 48300.4 36628.5 77691.8 53521 32571.9 102539 17800.3 36056.9 20924.6 54290.5 85218.8 42816.9 72747.9 48318.2 57107.7 20096 85784.8 26666.1 65868.4 57834.2 85354.4 32916.4 53500.4 90794.3 20900.2 
83163.3 47594.3 63271.2 57625.4 40479.7 22705.9 92126 67337.4 29703.9 91004.3 48267.3 97204.4 61727.9 95871.8 82743.6 47598 68255.2 52458.5 55045.5 106483 91579.6 66910.8 43188.5 24355.9 46929.4 63854.6 104388 19403.1 33296.2 55129.4 27164.7 75273.4 81335.4 65627 56458.8 45558.1 69947.5 24110 71957.6 32961.9 68786.7 90783.8 62323.8 25260.6 49984.2 3584.69 83290.4 42671.9 57971.9 73609.8 
70836.3 75506.6 32021.4 18558.6 25253.9 57912.4 62818.2 39731.6 46664 36587.6 77061.1 42748.1 28365.1 43046.5 73762.9 6865.86 24288.7 10770.3 84397.6 86658.5 76012.4 20942.3 66294.2 39147.2 37893 27131.2 70980.1 35056.1 51178.6 59900.1 47809.3 56527.9 47111 61587.7 19829.5 15670.7 34480.4 30938.6 31689.1 34070.8 54682.4 36332.5 49212.3 59691.3 17213.1 51005.3 50742.7 67985.4 16728.7 53481.7 
16264.1 41653 30194.2 41735.4 73814 48595.6 32897.6 24328.2 37236.1 79900 43104.5 82987.3 33330.5 70971.7 16641.2 57525.6 44210.9 68153.5 46802.8 39801.6 24707.3 46870 34965.4 74031.6 24169.8 36286.1 45653 58437.7 34476.8 15306.2 83332.6 13509.3 33034.1 4614.11 39932.6 68266.3 33395.2 53655.4 39361.1 37905.7 7300.68 77559.6 9865.6 47456.2 41900.5 65902.4 31670.8 37414.4 75301.1 14579.8 
39463.5 33860 27598.6 31892.5 53298.9 28639.8 49406.5 27695.7 15047.9 73822.1 35520.3 78411.5 28452.9 70194.4 39745.4 40634.1 39577.9 51276.2 42122.8 62410.9 47659.8 40620.8 24520.4 51237.2 7660.94 31790.7 62193.3 35424.9 14412.5 16414.9 60319.5 31365.1 41801.9 23032.6 29840.2 49487.2 34136.9 30994.4 38776.9 15277.8 24685.4 72164.9 18383.1 28393.3 27888.7 42859.9 42635.8 26775.5 58815.1 30016.7 
25329.8 79252.6 52388.3 65573.5 105101 88925 22048.4 44967.8 77021.1 88714.4 80449 88869.9 55903.5 73146 28416.4 85436.5 60994.4 94580 82100.5 5220.15 16851.4 64596.3 74193.9 109746 60293.4 56778.9 22546 95249.4 74706.2 54967.6 119503 31411.1 37814.4 43044.3 64714.8 97359.8 49510.4 89838.6 53364.6 75006.7 37580 85728.2 44136.7 87790.3 69954.6 104985 33955.9 76492.4 100335 33609.1 
85335.3 75235.4 49818.6 37403.7 3114.48 52517.9 82141.6 57081.2 46203.1 54620.6 76550.6 61113.8 46481.4 64400.2 87296.8 17572.7 45635.5 14328.3 84145.7 104134 91822.9 42600.5 67077.4 19263.4 47110.3 46379.7 91547.8 23865.7 51591.2 67224.1 26391.9 72266.9 67101.8 72475.4 37794.3 6963.48 54037.4 23564.8 52494.8 36255.2 68633.1 55220.4 62208.8 54935.3 32097.5 37120.3 70446 68066.4 17755.3 69460.6 
69374.5 74740.7 30513.8 17051.1 26480.2 57540.7 61301.3 38225.1 46044.9 36494 76305.3 42569.9 26855.5 42321.2 72327.9 7300.68 22832 12280.1 83608.6 85137.4 74516.1 19516.7 65494.1 39972.2 36746.2 25608.2 69501.8 35295.5 50472.3 58755.3 48764 55043.6 45603.2 60268.5 18346.9 16961.4 32959.7 30996.8 30202.6 33411.7 53254.1 36112.2 47830.2 59268 15945.2 51272 49229.5 67221.6 18222.2 51993.9 
8664.87 56010.8 31353.6 44690 81685.4 62907.6 19522.6 23735.6 50735.1 77265.3 57400.3 79273.8 35006.9 65467.1 13259.3 63274 43583.9 73321.9 60494.8 26662.5 13092.4 46883.7 49669.5 84522.4 34439.8 37019.5 31663.9 69569.6 48568.4 30019.3 94152.3 6628.73 25330.8 18422 43326.3 74857.5 31430.6 64328.1 36950 49107.6 11335.8 74598.5 18032.5 61915.5 47282.7 78746.7 22560.1 52099.9 79883 9687.62 
34882.7 34879.4 25985.6 32202.5 56851.6 32549.8 45356 24914.7 19417.8 73903.2 36540.9 78206 27400.7 69152.7 35257.5 43040.9 38874.2 53776 42664.5 57823.6 43063.3 40305.3 25821.3 55544.6 8228 30802.6 58224.4 39815.2 18103.3 13792.8 64721.3 26970 38667.9 18738.5 30143.8 52509.5 32145.9 35223 37200.3 19434 20171.8 72087.5 14038.9 32075.1 29215.9 47452.3 39200.5 28231.2 61259.5 25776.9 
54945.9 76286 17254 12347.1 48325.7 65722 41301.1 23438.6 51793.6 32734.1 77947.5 36490.7 14698.6 28114.9 58877.8 27869.2 3138.47 33916.5 84412.6 66562 58203.1 2886.17 66948.1 59943.7 34769.7 11360 48081.7 51339.1 54516.2 54113.3 69338.2 40196.6 25372.8 51176.6 13946.3 38951.3 15008.3 45892.6 9885.85 40286.6 41094.6 30600.7 37861.3 66675.3 19825.2 66702.7 29216.6 69174.1 38287.3 37146.5 
57649 57062.9 23712.4 14863.7 30634.1 41007.8 56002.9 30253.8 28617.5 52206.7 58631.5 57753 20995.5 53758.4 59736.9 14534.4 25477.2 25251.7 65926.7 76729.4 64140 24103.3 47812.7 36080 20547.7 22189.4 66612.7 24838.7 32853.6 42223.8 45923.4 44631.9 42128.4 45592.3 13928.4 24523.1 29343.7 19200.3 29954.1 15955.2 40951.8 51229.9 34611.3 42474.7 7218.03 39845.3 44995.2 49545.2 32751.5 41883.6 
10469 60423.9 32672.5 46130.7 84121.5 67165.8 15747.1 24959.6 54794.3 76641.6 61805.2 78300.1 36337.3 64025.2 15485.8 65239.6 44001.8 75045.7 64806.9 23340.3 11515.6 47427 54109.7 87676.2 37903.3 38014.7 27463.4 72949.6 52783 34458.1 97372.5 9104.94 23958.5 22849.3 44916.9 76972 31805.7 67609.6 36984.6 52615.6 15232.2 73892.2 21708.3 66219.7 49340.1 82567.1 20750.9 56540.6 81396.9 11684.6 
47470.9 17441.3 44809.2 48353 61214.8 17397.1 63345.6 44308.6 13237.1 90139.9 19043.4 95000.7 45660.6 87333 45930.8 53297.7 56646 63287 26261.9 71441.3 56188.3 57471.8 8154.14 53991.2 24782.5 48978.1 76320.7 38506.4 7808.97 17649.1 61511.1 43996.9 57987.1 29427.9 46344.1 59841.1 51265.7 36280.2 56002.2 24419.9 36734.9 88653.9 32030.6 15720.1 43275.9 39105.1 58317.5 9970.46 70779.1 43554.3 
76327.3 48940.1 52633.9 46054.1 30961.3 23985.2 82716.2 57336.2 24462.4 79162.4 49961 85328.5 50796.3 83944.7 76540.5 35739.3 56674 41194.7 57333.1 98931.5 84423.3 55187.1 42520.6 18221.4 38107.2 52703.1 94617.7 7576.94 29315.7 50312 25088 66966.9 70997.5 59583.6 44996.1 34640 59134.6 12206.6 60742.1 23461 60960.6 78891.4 54268.7 26654.3 38401.2 8700.57 73214.9 42705.7 47161.5 65000.7 
56566.2 39222.7 35327.6 32549.8 38773.8 21287.6 63510.6 38801.2 9752.95 71965.1 40671 77479.6 34321 72654 56995.6 31641.3 42745.4 41074.2 48212.1 79060.7 64585 42301.9 30549.1 34211.3 18416.6 36913.5 75755.2 18277.9 14934.5 32144.2 43112.9 47164.5 52940 40250.5 30912.8 37233.6 42174 14439.2 45001 4700 41090.3 70962.7 34407.3 22717.8 25573.8 26736.7 54743.9 31807.1 48467.9 45290.2 
44335.3 51189.2 13865.4 14425.7 43938.6 41090.3 44265.2 18471.6 26800.2 56356.5 52841.1 61001 12931.4 53487.9 46509.9 26742.1 22775.9 37402.1 59566.8 63707.5 50861.5 23380.8 41793.8 47802.3 10000 15807 55737.4 34280.8 29140.5 31648.4 57630.3 31431.2 31977.6 33043.8 12374.6 37638.4 20677 28574.8 23721.7 16831.5 27644.2 54721.9 21396.5 41764.7 11475.6 47067 34218.4 43942 44640.5 28768.9 
60490.1 71422.8 21213.2 8015.61 35327.8 57154.5 51541.4 28901.4 44210.9 36342 73045.8 41657.3 17551.4 37773.7 63702 14729.9 13395.9 22041.1 80055 75519 65251.1 10410.1 62024.9 46845 31100.6 15970.3 59845.9 39204.6 47915.3 52726.6 56172.9 45951.4 35849.1 52754 9767.29 26163 23216.6 34053 20538 31744.8 44764.4 35160.5 39833.9 58510.3 10771.3 54952.4 39468.1 63994.1 27701.6 42869.6 
59555.2 15625.9 55719.7 57326.6 62357 9702.06 75848.9 56038.9 17780 98310.8 16507.6 103565 56100.1 97179.6 57665.7 58522.6 66495.9 67566.3 23816 83510.3 68271.9 66858.8 12061.5 51735.7 35415.8 59283.9 88821.7 37917.9 14596.2 29701.5 57705.5 56527.9 69986.1 41616 55423.9 62922.9 62407.9 37565.9 66742.8 30409.5 49266.6 97100.4 44462.7 7006.43 51282.1 33353 70512 10878.4 74777.3 56051.5 
37400.1 34918.5 26135.8 31281.5 54501.1 30790.3 47201.7 25811.8 17281.2 73149.8 36582.6 77609.1 27220.8 69019.2 37811.4 41130.6 38520.3 51834.8 42982.9 60243.8 45539.7 39737.3 25675.9 52996.7 6920.26 30594.9 60005.1 37260.2 16477.9 15634.9 62166.2 29130.2 39824.6 21272 29220.5 50352.6 32544.3 32684.1 37353 16900 22471.5 71418.3 16147.4 30479.2 27773.7 45024.1 40571 28005.9 59346.6 27784.9 
7021.4 47497.9 41231.7 53789.4 87306.6 59460.7 32398.9 34246.2 49503.6 89468.7 48676.3 91876.9 44691.2 78549.3 3689.17 70613.5 54645.2 81138.2 50467 29821.6 14928.2 57671 42911.1 87444.3 37711.5 47270.5 43529.5 71754.1 46056.6 24622.3 96660.3 18071 38606.3 13559.1 52131.1 81572.4 42880.5 67083.5 48715.5 51302.4 17042.3 86915.4 22586.9 57952.5 54785.1 78410.3 36043.6 45105.4 88147.7 20865.5 
45012.6 48872.3 16574.7 16696.4 43229.7 38283.2 46336.6 20718.3 24014.2 58577.3 50517 63345.5 15745.8 56141.3 46908.6 27031.3 25461.5 37776.3 57346.4 65052.6 51853.1 25913.9 39463.5 46106.9 8338.47 18613.2 58014.9 32160.2 26476.4 30331 55891.7 32644.3 34481.9 32718.5 14682 37448.9 23423.3 26518.9 26537.7 14105.7 28323.3 57020.2 21819.7 38978.2 12662.5 44549.9 36591.9 41561.6 45145.3 30120.4 
95818.8 66453.6 68912.3 59838.5 29201.5 41169.2 100381 74573.5 44236 85240.6 67244.1 91709.8 66485 93614.4 96210.6 44111.8 70006.1 44878.6 74219.5 118027 103762 67774.7 61133.7 11621.1 56945.3 67752.9 111717 21965.9 48932 70129.4 8198.78 85772.3 87466.2 79325.4 59290 37355.1 74877 27566.1 75370.4 42264.1 80105.7 85667.5 73348.5 43842 52522.4 17518.3 90086.9 60959.4 48316 83603.5 
54901.5 14080.1 70029.8 76493.3 90635.3 39302 78318.1 67067.1 42931.7 118373 13100.4 122755 71826 113321 50919.2 83347.1 83378.3 93390.6 6539.11 76260.7 62505.1 84853.9 22061.7 81228.7 52119.9 75231 90568.1 66823.1 37678.2 33148.5 87300.2 59454.2 78487.3 41463.8 74433.9 89840.8 75514.9 65551.5 81043.2 54516.2 53076.9 116613 51784.7 36601.2 72380.2 62797.6 77524.3 20948 100882 60536.7 
77424.7 67965.1 42815.5 31100.2 10824 46139.5 75264.4 49847.8 38674.7 54551.4 69331.2 60929.5 39640.6 62151.4 79287.9 12788.3 40233.6 15211.8 76923.1 96643.1 84063.6 37525.7 59577.8 20082.3 38988.2 39911.2 85162.1 18620.7 44002.8 59106.9 29084.9 64578.6 60604 64347.9 31193.1 8852.68 47527.9 16810.7 46600.4 28249.2 60725.3 54699.6 54238.8 48425.7 25033.8 33685.9 63796.7 60686.2 21303.8 61829.5 
59814.1 12486.8 72088.4 77586.7 88897.8 36318.9 82525.8 69713.2 41924 119515 11005.9 124130 73620.2 115353 56035.7 82978.1 85052.7 92730.2 3606.94 81678 67650 86295.1 21708.3 78485.7 53340.1 77020.8 94976 64657.4 36942.4 36045.1 84043 63353.7 81730.9 45407 75541.4 88747.1 77881 63892.8 83233.9 54063.8 56708.1 117886 54788.3 33636.3 72963.8 59321.6 81010.4 19997.2 100144 64206.7 
58698 4833.22 63819.3 67702.7 76299.2 23532.5 78786.9 62587.3 30062.9 109423 4172.53 114342 64872.6 106622 55745.9 71323.8 75970.1 80784.5 10004.5 81990.9 67143.1 76837 12126.4 65696.7 44058.3 68219.1 91628.9 51943.2 25487.6 30858.5 71351.1 59197.7 75647.7 42057.6 65700.1 76494.4 70080.3 51380.2 75043.5 42560.7 52086.2 107979 48794.3 20847.1 62437.5 46703.9 75485.2 9708.24 88116.5 59456.4 
75209.1 65162.7 41319.2 30098.7 13283.4 43481.5 73765.3 48179.8 35860.3 55870.7 66533.1 62188.5 38259.8 62721.4 76970.8 13124.4 39624.4 17310.4 74123.7 94743.9 81975.2 37094.1 56763.1 20019.2 36526.8 38747.5 83918.1 16430.5 41186.9 56425.6 29427.2 62562 59344.8 61860 30016.7 11462.1 46303.9 14165.1 45708.3 25486.7 58523.9 55879.3 51980.2 45739.5 23624.1 31884.9 62446.5 57876.9 23762.6 59860.2 
68647.6 32718.5 54062.6 51559.8 47047.3 7400 80088.5 56706.7 15758.2 89666.6 33601.3 95448 53309.4 91521.9 67840.5 47238.2 61849.6 54829.3 40810.4 92327.5 77221.9 61294.5 27489.8 34889.1 35295.5 55991.5 92754.8 22366 18157.1 39820.7 40604.4 62120.3 71021.1 50794.7 49980.8 49171.7 60955.5 23690.7 64048.8 23801.9 55259.8 88918.1 49163.6 10100.5 44363.3 16468.5 72444 27162.7 61541.7 60821.7 
79716.1 90820.4 40462.3 28380.5 35137 73884.8 66748.8 47782.1 62367 21821.5 92404.8 28278.1 36981.8 32882.4 83294.8 22466.2 28111.4 18600.3 99626.6 92181.1 83573.3 24634.3 81508.1 51811.7 51535.3 34505.8 72374.7 50360.7 66688.8 73322.4 59276 64960.4 50893.2 73254.8 30295.2 26109.4 40265.7 46645.1 35513 49710.9 64677.7 22311 60175.2 75637.2 30629.7 66127.2 54753.7 83314.2 17779.2 61863.4 
34407.1 59457.7 5099.02 18554 57609.5 55000.4 28151.7 2624.88 40617.7 53817.7 61107.2 56995.9 8766.41 45773.9 37967.6 37981.2 18249.7 47529 66780.3 49855 38952.5 21174.7 50583.5 63724.8 20602.2 10837.4 39262.3 50732.6 41413.5 34723 73584 19716.2 15632 30096.2 17395.4 49864.8 7733.69 44997.9 13528.1 32798.3 19764.9 51488.4 16945.2 55156.7 22441.5 63452.1 17712.4 53021.2 53819.9 16619.3 
52024.7 87975.5 28293.1 32478.5 69920.3 82449.1 29817.1 28810.6 68033.1 37833.8 89617.7 37917.9 28621.1 22556.8 56857 49589.2 22110.9 54852.3 95078.1 55459 51923.4 24552.2 79169.2 81580.7 48541.2 26023.3 31164.2 72108.4 69504.1 62563.3 91041.2 39313.7 18450.5 55598.9 33379.3 60426.8 21519.5 66478.3 17904.5 58200.1 43765.9 34814.4 43906.3 82902.6 40070.4 86918.6 21115.2 81612.8 58162.9 37052.7 
51052.9 82602.7 21982.9 24839.5 62450.1 75689.7 31807.7 24067 61331.3 35543.9 84258.9 36938.1 21734.8 23343.1 55638.6 42019.5 14422.2 47680 90041.9 57807 52242.2 16919.8 73594.2 73899.9 42253.8 18868 35877.6 64482.9 63121.9 57937.9 83377 37250.8 17445.1 52127.6 25811.8 53021.2 15658.9 58874.3 10944.4 51066.2 40600.7 32693.3 39655.1 76269.6 32457.5 79394 20984.8 75990.8 51398.2 34615.2 
53878.1 67159.1 14632.8 1664.33 40100.5 54868.9 45622.8 22337.6 41234 40309.1 68804.4 45072.9 10965.9 38866.6 57107.1 19525.6 9946.36 28114.9 75601.7 69171.4 58683.7 8584.29 57750.9 49819.8 26021 9706.18 54567.8 40249.2 44392.8 47112.3 59442.7 39346.8 30206 46469.1 3720.22 31420.1 17251.4 34719.6 15660.5 29316.4 38202.7 38733.2 33420.1 55963 8514.69 55459.3 33678.6 59844.5 34135.3 36267.9 
91940.5 82473.8 55481.3 42573.8 5883.03 59434.8 87504.2 62932.1 53532.2 53912.9 83770.5 60398.8 52015.9 65504.9 94060.8 22495.6 49865.5 15624.7 91362.2 110149 98202.4 46599.7 74388.8 22897.4 54150.3 51564.4 96360.6 30576.1 58929.3 74504.3 27772.3 78586.3 72140 79510.8 43218.7 10539.4 59182.2 30769 57074.8 43603.3 75257 54909.7 68937.7 61902.2 38023.7 42643.3 75619.1 75344.1 15632 75715.4 
57084.6 83691.5 23124.9 21194.6 55721.5 74287.3 39582.8 27493.5 60210.3 28843.4 85355.8 31246.3 21560.4 20246.7 61437 35730.2 10866.9 40355.5 91568.4 65522.2 59068.9 11715.4 74449 68273.9 42378.4 18197 44085.5 60163.1 62661.6 60351.1 77511.8 42728.6 24452.4 55986.6 22687.4 46141.7 18425.3 54753.7 12480.8 48974 45018.8 26205.7 42933.7 75147.5 28721.1 75585.8 28214.4 76747.7 43609.4 39864.8 
61119.1 86298.6 26245.2 22348.6 54112.8 75863.1 43632.7 31144.8 61985.2 24828.4 87961.9 27518.7 24288.7 17910.9 65433.1 34665.5 12900.4 38275.3 94323.1 69593.2 63180.5 12596 76992.5 67463.3 44823.2 20883 47767.1 60251.9 64715.8 63500.7 76495.6 46699.9 28570.1 59575.6 24065.1 44456.8 22091.2 55000 16124.5 50372.4 48779.1 22256.9 46422.1 76850.3 29561 75901.6 32326.2 79245.6 40955.2 43805.6 
56510.7 71946.7 17157.2 6389.05 41202.9 59571.6 46067.9 24603.3 46019.7 35569.2 73594.2 40261.6 13662.4 34258.4 60000.4 20580.1 7516.65 27679.6 80359.2 70457.7 60770.5 4743.42 62541.2 52348.3 30704.4 11311.1 54063.1 43831.6 49216.4 51510.2 61783.6 41801.9 30255.7 50255.8 8422 32033.9 17962.7 38452 14763.5 34002.6 41362.8 33941.3 37040.1 60707.6 12903.1 59319 33943.8 64646.9 32918.8 38702.1 
52198.2 21645.3 44602.5 46322 55519.5 12218.8 66134.6 45213.4 7829.43 87603.7 23088.7 92737.3 44936.1 86059.8 51069 49023 55358.6 58644.1 30634.1 76079.6 60866.4 55788.3 13277.4 47651.8 24307.4 48117.5 79055.5 32318.7 3443.84 22858 55071.8 47223 59314.2 34178.4 44392.1 54729.2 51327.7 30458.7 55592.5 20229.9 40067.6 86302.3 34643.9 11264.1 40521.6 32736.1 60052.1 14280.4 66049.7 46398.5 
52368.9 14641.4 68420.2 75247.5 90564.7 39960.6 75962.7 65244.2 42680.8 117062 13926.2 121351 70314.3 111676 48341.4 82690.4 81895.2 92843.3 8402.38 73621 59916.4 83458.9 21786.2 81635.4 50884.2 73715.3 88150 66991.4 37347.2 31342.3 87944.6 57209.8 76439.1 39237.9 73186.1 89485.9 73782 65494.1 79368 53967.6 50930.9 115253 49862.3 37271 71347.4 63593.2 75395.6 20961.4 100359 58365.8 
59850.6 12845.6 58098.3 60198.5 65739.2 12776.9 77109.3 58067.5 20912.4 101365 13544.7 106561 58628.5 99912.4 57694.5 61836.1 69197.8 70934.6 20662 83734.2 68541.2 69665.6 11260.6 54930.7 37821.7 61856.1 90083.2 41268 17318.5 30181.1 60705.3 57651.4 71858 42093.3 58271.5 66319 64711.2 40964.9 69194.8 33575.3 50382.9 100111 45907 10084.1 54299.6 36186.5 72228.1 9479.45 78158.4 57346.8 
77466.5 95683.1 39773 30409.5 46697.8 81103.2 61156.9 46173.6 68507.3 12093.4 97315.3 17962.2 36805.7 21213.2 81517.7 31705.2 25810.5 30016.7 104235 87093.3 80170.6 23126.2 86274.4 62900.7 54775.9 33700.1 64988.8 59883.3 72280.6 75634.5 70718.1 62780.9 45900.4 73684.8 32471.1 37420.4 37569.4 55593.2 31931.2 55947.3 63823.8 11498.3 60358.3 82595.5 35133.6 75842.6 49708.1 88287.8 29544.7 59762.9 
64279.5 15161.1 62061.3 63607 66726.1 13148.4 81573.8 62268.5 23914 104432 15414.6 109745 62456.8 103509 62055.6 64141.2 72835.8 72887.1 21681.6 88138.5 72960.9 73166.5 15519.3 54889.4 41758 65640.3 94548.7 42059.5 20950.4 34656.2 60025.7 62130.3 76141.2 46561.1 61717.1 67927.2 68734.6 42359.5 73095.3 36444.6 54861.4 103267 50328.7 10737.8 57462.5 35251.2 76575.5 13507.4 79980.1 61802.6 
49048.6 78429.7 17647.7 20593.4 59069.9 71184.8 31827.7 20435.5 56835.6 36908.8 80089 39008.3 17238.6 26527.9 53461.9 38489.6 10480.9 44806.8 85978.2 57653.4 50948 13418.3 69363.8 69963.8 37854.1 14350.3 37462.6 60197.3 58680.5 54088.2 79517.8 34817.4 16401.2 48821.5 21456 49774.9 11640 54558.7 6484.6 46552 37537.3 34216.1 36063.6 71779.8 28158.5 75002.5 20206.2 71743.2 49015.3 32020.6 
80510.5 88108.2 41112.2 28211 29482.2 70112.8 69224.3 48680.6 59211.2 27335.9 89662.1 33821.3 37501.2 38369.3 83837.3 18322.1 30013.7 13038.4 96998.1 94249.7 84889.2 26417 78892.6 46300.1 49989.2 35418.9 75641.9 45581.7 63770.9 71969 53641.1 65859.5 53284.6 72817.9 29942.1 20562.3 41852.4 42190 37643.1 46649.5 64949.2 27945.8 60005.1 71983.1 29014.7 61187.1 57112 80587 12366.5 62762.5 
66500.9 97034.1 36222.1 34419.3 64925 87776.3 45263.7 39532.4 73746.1 22835.5 98697.8 22451.1 34982.4 7571.66 71182.7 46265 24381.3 48555.6 104783 70923.3 67047 24695.1 87841.5 79104.6 55858.1 31662.8 45983.1 72417.7 76215.5 73139.1 87916.3 52958.9 32649.7 67825.8 36041.1 55255.2 30706.5 67206 25100.8 62380.2 56365.3 19777.3 55163.2 88672.1 41748.1 88111.1 35839.8 90164.8 50009 50369.8 
29123.4 24959.6 45821.4 54876.7 79120.5 40076.9 51283.1 41533.7 33837.8 95629 26144.4 99345.7 48278 88461.3 26031.1 66583 59820.5 77291.5 28493 52280 37458.5 61904.8 21193.6 74920 31800.2 51583 63690 58989.2 29019.3 9827 83168.5 32363.1 51827.8 14392.4 52860.9 75634 50417.2 55538.9 56238.5 40635.6 26165.8 93543.3 25904.8 38093.8 52691 61788.8 50624.6 23135.5 84801.1 33552.9 
66400.3 77906.4 27000.2 14455.4 34582.4 62753.9 55638.6 34541.9 50246.7 30441.6 79519.6 36102.4 23413.7 34307.1 69792.9 15388.3 16371.9 19246.3 86593.4 80330.6 70753.7 12790.6 68525.2 48206.6 37833.6 21276.3 62908.5 42643.3 54171.3 59479.4 57048.5 51727.9 39721.2 59333.4 16351.5 24956.2 27843.1 37931.8 24033.7 37643.1 50997.5 29571.8 46306 64248.7 17235.1 58605.1 43492.5 70448.3 23480.4 48629.7 
88226.1 79976.6 51673.6 38776.4 5281.1 57428.2 83705.4 59127.7 50824 51760.4 81309.3 58262.6 48208.4 62655.6 90393 18693.6 46174.6 12408.5 88905.4 106349 94441.2 42942.4 71722 23197.6 50633.3 47769.6 92610.6 28806.2 56184.3 71208.5 29255.4 74819.3 68361.7 75974.3 39412.2 6742.4 55392.1 28379 53340.1 40497.5 71552 52588.4 65266.4 59832.6 34230.1 41871.4 71830.7 72764.1 13891.7 71940.3 
67427.3 53463 38021.7 29893.1 24010.4 32238.6 69607.8 43747.7 24204.3 63361 54833.6 69387.8 35688.1 67453.8 68622.5 20242.5 40446 27895.9 62423.9 88433.8 74805.9 38786.6 45105.4 22585.8 27958.9 37176.9 80821 9751.41 29567 46019.6 32342.7 55991.6 56578.5 52657.9 29024.3 23009.8 44096.7 4310.45 45030.9 14795.9 51018.6 62898.1 44266.6 34374 22289.2 25212.7 59187.2 46186.6 34920.1 53584 
32786.7 44055.6 16925.7 25018.6 55634.3 40509.8 38107.7 15768.6 26488.5 65903.7 45713.1 69899.7 18739.5 60220 34474.6 39221.6 30344.9 49900.4 51644.3 53865.8 40023.2 32144.2 35072.1 57275.2 7340.98 22132.6 50691.3 42338.2 26406.8 20742.5 66885.3 21572.4 29802.7 20554.8 23031.3 49897.7 22902.6 37060.1 28079.4 22032 16241 63929.5 9525.75 40365.6 23853.3 52453.5 30688.9 37493.1 57138.6 19560.2 
20902.9 33501 38072.8 48419.9 76777.7 44369.6 41733.7 32995.9 35202.6 88049.3 34841.5 91434.6 40879.5 79913.8 18868 62255.7 52187.8 73007.5 37886.8 44749.3 29565.5 54571.5 27986.6 74779.7 27400.2 44047.8 54240.7 58853.9 31316.8 9552.49 83623.1 22752.8 42463.4 4837.35 46485.5 72227.7 42026.8 54676.2 47948.8 39024.2 16727.5 85824.2 17531.7 42804.2 47351 64080 41118 30276.9 80379.4 24018.7 
81003.8 66372.7 48299.6 37359.1 10478.5 43111.6 80694.5 54976.4 37831.9 61532.5 67632.7 67946.4 45334.5 69395.7 82487.4 19968.5 46916.3 21571.3 75213 101150 88047.1 44360.6 58521.1 12878.7 41785.2 45941.9 91035.5 14288.8 43264 60445.2 22141.6 68815.1 66467.8 66846.8 37220 14326.5 53459.7 14795.9 52982.3 29218.1 64400.3 61772.9 57740.9 45581.7 30729.3 27765.1 69507.6 59350.7 26634 66204.6 
63300.1 100066 39836.3 41734.6 75696.5 93595.1 39455.4 40968.3 79251.8 33392.4 101713 31466.8 39654.8 15473.8 68226.8 56289.4 31113 59617.8 107254 63894.1 62347.2 32585 91184.6 89030 60136.5 36714.3 37304.4 81057.1 81035.9 74781.9 98129.8 51195.3 30353.4 67770.3 43000.1 66025.2 33277.3 75603.4 28873.5 68807.7 55910.3 30379.8 56137.8 94195.2 49368.5 96376.9 32596 93610.8 61530.6 49065 
15556.3 64222.5 30565.5 43965.9 82944.4 69433.8 10863.2 22957.8 56532.9 72469.4 65651.5 73896.8 34176 59377.6 20579.8 63543.7 40816.7 73022.9 68985.4 24291.8 15239.8 44330.1 57492.4 87530.6 38580 35468.3 23146.5 73227.4 54962.6 37864 97310.7 10195.1 19572.7 26667.8 42933.1 75407.2 28738.8 67743.2 33525.2 53224.1 17348.8 69669 23122.5 68658.4 47864.9 83651.9 16130.7 59961.7 79116.9 11682.9 
13061.4 66339.2 39062.1 52493.8 91149.7 74339.8 14921.5 31403.5 62179.5 80391.1 67649.1 81516.3 42691.9 66598 17617.3 71956.1 49366 81535.4 70112.1 16037.8 8200.61 52892.3 60534.5 95084.2 45404.2 44047.7 23883.9 80427.9 60022.1 40994.1 104801 16556 27553 29134.3 51416.4 83778.6 37318.6 75065.4 42014.5 60117.6 22668.5 77537.9 29206.3 73309.8 56179.4 90056.4 23873 62915.8 87680.4 18940.2 
19601 34810.5 43693.6 54538.8 83243.4 48861.5 43307.4 38080.2 40807.5 93564.1 35947.7 96729.8 46666.9 84699.1 16183 68728.5 57783.4 79476.9 37716 42405.8 27705.1 60316.5 30873 80924.9 33901.3 49743.7 55249.6 64969.6 36562.4 14860.7 89642.9 25602 46196.6 9757.56 52636.6 78730.7 47149.5 60927.7 53112.9 45354.2 20819.7 91258.6 23083.5 47073.7 53729.4 69504 44407.2 32919.3 86833.2 27476.7 
31923.2 73053.7 22226.6 33724.9 74234 72553.6 11964.1 17171.2 58413.2 56003.6 74628.2 57123.8 25013.8 42453.9 36804.9 53772.9 27404.6 61963 79215.2 37663 32002.5 31001.5 65003.5 81982.5 38458.4 24741.3 20708.7 69471.9 58417.3 46540.8 91828.6 20122.9 4081.67 37660.6 33390.1 65680.4 17083.6 63718.2 19738.5 51534.9 25862.9 53133.8 28123.3 72401.7 39634.3 82269.4 1431.78 67518.7 67172 18476.5 
29861.3 44868.8 16901.2 26436.7 58439 42826.7 35405.2 14356.9 29012.6 66579.1 46513 70345.7 19227.6 60075 31705.7 41631 30784.7 52246.3 52144.4 50817.8 37006.1 32872.2 36113.7 60310 10347.9 22541.1 48092.6 45385.6 28547.7 20369.1 69928 18539.7 27930.8 18533.5 24520.4 52503.8 22273.3 40105.9 27768.3 25057.1 13248.4 64500 6612.87 42549.4 26009.4 55386.8 28521.2 38581.1 59400.1 16589.5 
67174.5 49397.4 40370.8 33494 27456.3 27455.4 71191.6 45505.7 20591.3 68208.7 50715 74193.3 38369.4 71857.7 68010.1 25193.8 44120 32742.8 58310.6 88879.5 74860 42711.7 41336.8 22674.4 27846.9 40178.7 82782.7 7359.35 26023.1 44021.9 32006.2 56530.1 58854.4 51593.2 32419.7 27540.9 46746.7 2507.99 48192.2 13471.8 51088.6 67691.2 44309.1 29666.5 25841.4 21194.6 61239.6 42252.2 39654.8 54306.5 
88463.4 59171.1 62885.9 54692.7 29148.8 33847.9 93869.1 68191 36582.5 83202.5 60018.7 89592.7 60672.6 90240.4 88747.8 40702 65104.9 43248.7 67110.7 110883 96490.9 63138.3 53603.5 11684.6 49869.1 62189.5 105456 15482.9 41262.6 62494.2 14250.6 78749.3 81423.6 71810.4 53951.5 35871.2 69081.8 21247.4 70006.1 35155.2 72920.8 83363.9 66189 36539.6 47181.6 10609.9 83887.4 53500.4 47746.2 76668.9 
15979 40909.9 31569.6 43047.5 74798.5 48573.2 33743.1 25716.3 37508.9 81288.3 42338.3 84375.9 34691.9 72340.9 15953.1 58681.9 45593.5 69328.9 45871.7 39729.1 24552.4 48243.7 34442 74753 25079.3 37659.1 46424.7 59098.9 34572.2 14807.1 84003.1 14515.2 34293.4 3478.51 41233.5 69353.7 34782.9 54386.5 40749.1 38612 8591.27 78948.7 11183 47363.5 43109.4 66269.5 32858.6 36868.6 76500.6 15754.4 
45935.3 10466.1 59102.6 65823.8 82315.6 33858.5 68287.9 56149.5 34328.4 107637 10920.2 111940 60938.1 102388 42407.8 73615.6 72507.4 83880 11411 68408.2 54001.7 74043.8 13905.8 74415.1 41464.3 64341.4 80766.6 59297.6 28908.8 22243.4 81299.7 49124 67748.1 31167 63762.4 80778.8 64575.6 57348.5 70104.6 45076 42535.3 105833 40935.3 31277.1 61987.9 57530.3 66907.8 13905.8 91417.8 50027.6 
19450.4 73028.6 42802.9 56028.9 95497.1 80832.7 13705.8 35364.7 68455.3 80770.1 74330.3 81361.5 46332.7 65958.9 23671.3 75853.8 51757.1 85060.6 76700.1 12544.7 12753.4 55348 67238.2 100286 51125.1 47278.7 19026.3 85928.9 66463.9 47683.1 110063 22300.2 28838.3 35837 55141.7 87770.7 40097.9 80469.2 44178 65816.7 28887.7 77833.7 35224 79854.2 60351.1 96048.5 24980.8 69622.1 90895.8 24276.9 
69366.3 29811.7 57203.1 55395.4 51433.9 5280.15 82124.3 59402.1 17888.5 93967.3 30538 99701.6 56655.9 95468.2 68235.6 51695.4 65561.7 59352.6 37500.5 93217.4 78021.7 65146.4 25672 38739.8 37892.6 59445.5 94906.7 26792.5 19051.5 39973.1 43877.1 63732.3 73727.1 51358.5 53756.5 53688.9 64102.8 28215.8 67441.3 27436.7 56717.3 93170.9 50878.1 7564.39 48326.6 19212.8 74966.5 24965 66065.6 62625.9 
44532.5 11423.2 49619 55013.6 70396 24350.2 63622.7 47769.9 22451.1 96944.4 13054.5 101506 51032.7 92808 42110 61762.9 62429 71956.1 19053.6 68271 53159.5 63659.2 4494.44 63090.6 30714.8 54428.1 76500.6 47700 17017.9 15700.3 70400.6 44022.3 60548.6 27225.9 52962.3 68788.4 55605.9 45498.1 60813.5 33112.2 36878.2 95279.4 33617.4 22081 50667.6 47377 60296.1 6640.78 79484.7 44229.5 
55875.7 76560 17936 12151.1 47417.8 65648.9 42375.7 24286 51792.9 32117.9 78220 36016.8 15241.1 28095.7 59776.2 27015 3889.73 32907.9 84735.4 67620.9 59200.3 2418.68 67206 59211.2 35040.7 11957 49141.5 50820.7 54610.1 54621 68568.9 41117 26445.8 51878.7 13851.4 38013.2 15961.5 45412.9 10933 40164.3 41902.9 30048.6 38554.9 66643.2 19502.8 66255 30288.1 69413.6 37228.5 38059.2 
26503 28407.4 47649.6 57472.9 83206.1 44697.2 50029.2 42746.8 38413 97619.4 29445.7 101101 50337 89674.8 22884.5 70084.6 61748.6 80826 30846.9 48961.2 34478.1 64027.9 25519.6 79400.1 35125.6 53562.8 62098.7 63450.5 33650.6 13603.3 87724.3 31812.1 52009.6 14458.9 55492.3 79439.2 51765.3 59882 57675.4 44788.1 26303 95436.4 27223.9 42681.4 55782.6 66448.9 50477.4 27330 88298.7 33395.2 
23120.6 35116 31189.3 41081.9 69792.4 41390.5 39512.7 26766 30476.4 81128.1 36630.6 84700.1 33819.5 73682.7 22637.4 54882.1 45263.7 65628.2 40920.7 46915.8 31730.9 47507.9 27951.7 68628.3 20155.9 37060 52401.5 52818.7 27401.6 8438.01 77705.9 19912.3 37667.1 5643.58 39129.7 64989 35639.3 48347.3 41471.2 32571.2 12813.3 78974.7 11152.1 40204.6 39918.5 59329.9 36876.6 30432.2 72981.2 20259.6 
41268.9 48460.8 14322.4 17523.7 46947 39901 42795.4 17438.5 25477.2 59357 50120.3 63843.7 14294.1 55732.4 43269.5 30210.6 25039.2 40901.1 56697.3 61228.8 48041.8 26019.2 39106.3 49895.9 6952.7 17492.9 54653.1 35779.5 27228.1 28178 59666.5 28817 31496.8 29516.9 15462.5 40938.1 21215.1 30187.7 25006 16951.7 24568.7 57632.7 18146.3 40360 15044.3 47721.3 33388 41326.5 48170.2 26303 
41466.4 12706.3 50460.8 56913.4 74447.8 29170.7 61901.3 47885.3 26706.7 98748.4 14108.9 103096 52182.9 93762.5 38674.7 64946.3 63722.7 75304.7 18439.1 64925 49967.3 65195.2 8937.56 67652.8 32548.4 55588.7 74648.1 52138.4 21300 14359 75093.6 42398.6 60030.4 24900.8 54852.3 72454.7 56112.9 49703.1 61541.9 36662 35458.1 96966 33035.3 26874 53086.4 52192.9 59471.8 10542.3 82855.8 42932.6 
84162.8 49570.7 63288 57205.1 38669.9 24548.9 92553.4 67570.7 30788.5 89854.6 50271.5 96092.7 61629.4 95088.4 83858 46501 67831.7 51013.7 57101.3 107361 92526.2 66382.1 44968 22300.2 47437.1 63662.4 104720 18399.2 34607.1 56420 24982.6 75959.2 81473 66743.2 56103.6 44017.8 69903.5 23400.9 71739.8 33238.8 69568.4 89697.5 63044.8 27141.3 49552.9 2517.94 83515.4 44519.9 56376 74223.2 
38951.4 62635.5 2353.72 14693.2 54660.1 56464 30594.4 7017.83 42029.8 49244.3 64294.7 52555.6 5080.35 41816.9 42596.7 34594.4 13576.8 43749.9 70215.7 53502.3 43191.2 16497.6 53582.9 61900.3 22419.9 6312.69 40793.3 49685.6 43381.3 38599.6 71744.7 24205.2 16337.1 34609.2 13857.1 46545 4627.09 43916.4 9521.03 33028 24444.4 46959.1 21356 56832.7 19670.3 63157.3 19200.3 55972.2 49808 21105.9 
54688.3 10944.4 54191.5 57167.9 65873.6 14990.7 72173.4 53734.3 19088.2 98717.9 12175.8 103742 54945.5 96506.4 52548.1 60346.4 65786.4 69855.6 19764.9 78573.8 63379 66462.4 6296.82 56308.9 34056 58234.8 85140.9 41851.6 14567.1 25041 62727.7 52667.4 67346.6 36944.6 55193.1 65696.4 60684.5 40831.5 65365.2 31586.9 45404.1 97342 41114.7 12404 51663.7 38694.8 67585 5056.68 77214.6 52446.2 
25585.3 78954.3 55567.3 68870.7 108047 89833.8 26076.8 48030.9 78361.7 92945.3 80085.3 93175.4 59133.8 77484.8 27980.4 88601.9 64687.3 97923.5 81335.4 1800 16867.1 68280.7 74358.9 112134 62313.8 60172.2 26906.7 97403.1 75778.6 55458.5 121840 33571.6 41662.5 43608.5 67930 100489 53032.2 92078.3 57094.7 77011.2 39272.5 89968.1 45965.4 88581.4 72970.8 106633 37798.5 76593.5 103814 36000 
75463 96593.2 38913.9 31034.5 51147.6 83146.4 57922.1 44777.2 70140.2 11101.8 98239.8 15698.4 36252.7 16278.8 79682.7 35140 24798.8 34438.4 104999 83919.3 77686.1 22663.2 87186.5 66981.3 55297.4 32980.3 61047 63131.7 73643 75549.9 75029.7 60919.9 43068 72817.9 33069.2 41733.6 35897.9 58596.9 30043.3 57738.2 62505 9295.7 59512.4 84511.6 36591.9 79115.7 46802.8 89281.2 34390.3 57965.6 
42928.4 58337.8 5936.33 9914.13 47467.6 49648.8 38193.2 12677.9 35301 50241.2 60001.1 54384.3 4318.56 45672.4 45924.5 28079.4 15080.1 37981.7 66405.5 59837.4 48310 16509.7 49036.8 53864.4 16894.1 7373.6 48841.5 41501.8 37320.2 36422.7 63719.4 28716.7 24490 35047.7 8202.44 39874.1 12322.7 35732.5 15119.9 25350.5 26903 48324.9 21965.9 50252.4 12316.7 55096 27200.2 51303.9 44606.1 25715.4 
68623.6 33305.4 53595.6 50951.3 46277.6 8015.61 79823.4 56325.7 15563.1 88952.4 34209.4 94744.4 52801.5 90884.7 67873.5 46486.6 61264.7 54054.2 41448 92265.8 77180.4 60680.5 27926 34204.1 34949.4 55461 92465.3 21592.8 18183.8 39916.9 40015.1 61939.5 70632.9 50808.4 49385.5 48391 60484.7 22914.2 63528.4 23255.1 55111 88214.8 48971.9 10716.8 43729.3 16016.2 72090.2 27655.7 60762.2 60606.4 
92946.5 117197 58684.7 51640.5 66277.3 103420 72347.6 63812.2 90638 10307.8 118846 5161.4 56326.4 20248.5 97473.7 53695.6 44723.4 50209.6 125575 97934.9 93975.2 42997.9 107793 83465.6 75844.6 52968.9 72315.6 81878 94225.7 95742.3 90460.2 78901.5 59303 92246.7 53669.1 57726 54749.1 77785.6 48781.1 78154.3 81397.1 11323 79064.1 104871 57117.2 97765.5 62680.9 109894 47506.7 76115.8 
49206.2 28992.8 36761.4 38021.7 50037.3 17871.8 60347 38015.9 4280.19 79356.5 30541.3 84455.3 36881.6 77805.2 48856.7 41555.4 47125.9 51527.6 37914.8 72641.9 57655 47501.7 19882.9 44553.9 16636.4 40005.6 73120.5 28635.6 4882.62 22048.4 52902.9 42176.9 52286.1 31749.3 36094.3 48196.5 43572.6 25512.5 47609.8 12659 35326.1 78028.3 29231.8 17933.8 32281.6 33104.2 53335.3 21472.1 59024.9 40927.3 
45237.4 15445.7 45660.6 50135.2 64642.1 20511.7 62322.1 44539.4 16743.1 92040.3 17102.6 96751.2 46784.8 88573.6 43406.6 56129.3 57997.4 66261.6 23920.7 69193.7 53954.1 59026.3 6105.74 57645.3 26086 50149.6 75286.8 42123.3 11315.9 15394.2 65177.7 42806.5 57874.4 27318.3 48100 63027.7 51918.6 39781.9 56885.9 27392.3 35544.3 90461.5 31377.2 18598.1 45447.2 42675.8 57961.5 8458.13 73781.1 42614.2 
91269.3 115278 56820.6 49720.5 64730.9 101523 70883.7 62000.7 88724.4 8475.85 116926 3354.1 54441.6 19000.3 95774.9 51895.8 42842.2 48579.1 123658 96539 92392.6 41093.2 105873 81842.6 73929.5 51088.3 71100 80087.1 92306.6 93855.7 88924.8 77176.7 57680 90418.6 51749.6 56100.6 52941.9 75961.4 46973.7 76245.7 79605.8 9402.13 77223.1 102968 55200.7 95988.2 61090.2 107974 46043.5 74376.5 
48509.2 62391.4 9841.24 4159.33 43241.2 51650.1 42003 17463.1 37609.2 45378.5 64047 49845.4 6351.38 42340.5 51604.7 23217.7 11772 32702.9 70688.3 64669.4 53629.6 12120.2 53009.4 51174.4 20947.6 6842.51 51829.9 40066.1 40294 41584.9 60964.3 34131.5 27256.7 40741.3 2570.99 35151.8 14227.4 34349.4 14699.7 26420.1 32622.1 43629.9 27711.5 52525.9 8521.15 54569 30417.4 55180.6 39125.6 31084.6 
38200.1 27581.2 33324.2 38577.8 58806.9 26734.6 51672.2 32306.2 15456.4 80483.8 29245.3 84983.1 34557.9 76357.4 37627.6 47152.6 45900.4 57720.1 35595.1 61880.7 46761.1 47120.8 18425.3 55182 14214.4 37942.7 64626.1 39213.5 12416.9 11112.6 63841.2 32624.1 45907.1 20510.5 36519.9 55578.8 39562.7 35403.5 44549 20315.8 25456.8 78777.9 20195 25868.1 34683.1 44377.6 46257.2 20814.7 65273.9 31888.9 
76837.6 99181.7 40964.6 33640 53891.1 86000.6 58514.4 46555 72922.6 9138.93 100832 13009.6 38442.3 14061.6 81146 38091.1 26888.1 37187.2 107540 84507.2 78765 24989.8 89780.5 69852.2 57807 35121.6 61012.9 66092.8 76362.9 77825 77833.8 62403.9 44013 74775.4 35658.7 44528.6 37582.6 61555.6 31659 60559.8 64268.6 6841.05 61502.8 87343 39376.1 82076.9 47679 91897 36845.6 59492 
60100.7 90337 29481 28792 62252.4 81710.8 39881.4 32671.1 67556.3 27222.2 91999.7 28049.2 28420.1 14340.2 64712.4 42695.4 18363.6 46386.2 98022.4 65798.6 61044 19302.3 81181.5 75429 49309.2 25162.3 42095.4 67693.8 69838.5 66295.9 84536.7 46341.8 26357.7 60988.6 30252.4 52597.8 23853.3 62316 18305.2 56484.5 49571.8 24259.6 48301.7 82512.6 36327 83165.5 29740.5 83523.5 48842.7 43694 
77737.1 96620.7 40307.1 31250.8 47984.3 82224.7 61051.6 46584.2 69562.8 10983.6 98255.8 16737.1 37406.6 20083.1 81835.2 32973.5 26277.2 31307.7 105147 87016.4 80305.9 23711.8 87210.4 64200.7 55624.9 34256.8 64630.7 61143.3 73292.4 76369.2 72012.4 63083.5 45913.2 74242.8 33311 38716.4 37898.4 56829.3 32192.7 57023.2 64267.3 10248.9 60914.7 83698.5 36138.6 77106.5 49701.6 89239.1 30758.4 60080.8 
