100 50 22
777 335 649 27 763 426 211 429 862 135 22 167 11 373 784 324 413 980 862 281 84 505 313 895 814 364 87 178 403 399 676 12 94 570 467 902 652 280 865 619 31 771 709 856 586 683 528 829 270 715 
340000 149000 796000 723000 618000 245000 846000 451000 921000 555000 379000 488000 764000 228000 841000 350000 193000 500000 34000 764000 124000 914000 
15 15 9 9 3 19 11 19 15 13 21 14 6 0 15 21 12 9 13 16 10 3 12 0 12 18 3 4 10 20 6 2 4 16 5 15 1 12 5 12 1 17 4 12 18 14 21 6 0 11 13 15 21 19 7 20 8 21 14 0 17 7 16 2 1 20 6 1 20 0 17 3 21 9 18 3 16 18 10 14 21 18 0 6 15 9 5 15 11 11 8 0 14 20 1 0 14 2 13 20 
494144 77336.9 532824 578261 703855 214730 684036 518768 225488 997128 93861.6 1.04455e+06 544737 962700 469256 631495 657123 730756 164012 731167 580280 667450 17204.7 619001 338053 578448 813030 469460 172931 205295 687215 488016 649268 321237 557951 694508 594577 453171 645061 342476 416236 981548 381115 189781 530076 450389 648020 18601.1 805472 489254 
543854 810264 203494 194023 554982 720573 375055 246343 579008 315626 826906 340847 189307 229611 586986 352121 88141.9 405558 888541 633569 565406 104120 718093 674523 398026 156080 426710 587777 602231 575410 768147 399696 221002 531266 207408 460109 155657 532857 96213.3 468706 421740 289696 400769 728563 270267 740355 259124 741232 442597 370850 
715489 361610 553263 519736 446817 108462 822260 583823 182538 891176 370066 950081 543530 916758 708798 462555 624087 533274 441453 951237 800756 616520 310337 317970 371598 569004 947931 201792 212151 430010 372022 645657 726509 537939 504896 473762 621901 222623 650062 247291 578122 884865 515824 135300 446052 129294 742262 306961 598379 631506 
660212 740074 268881 134952 304253 580056 572965 345951 458507 352870 756003 411001 232207 395001 691185 104403 187211 163371 827880 813089 709389 154156 646747 432685 348589 217568 654003 374092 499937 567866 522732 515637 415554 576102 150030 209898 289993 327246 261094 331904 501009 345776 449160 595836 138654 533730 452040 665111 219173 484934 
412698 599854 27658.6 112872 502309 523180 351950 100846 379158 496291 616497 534627 22803.5 439602 445220 305084 138852 401061 678677 573283 462391 159512 507687 570088 188854 56568.5 456806 447219 396561 371397 668596 267854 212850 347081 99724.6 423987 91782.4 389525 125419 283591 257126 475635 214189 528251 150801 582742 240508 530905 465017 237228 
683159 402061 481864 438244 375659 160153 766079 519311 154923 804866 413146 863873 468984 832714 682309 376630 543575 450156 487943 913534 765969 534268 334215 271002 314127 492546 888960 129077 201547 414403 343076 598695 660231 511626 424341 393514 549627 138708 573847 175960 535051 798677 469605 185324 363435 139176 678795 337251 517108 581437 
667171 878093 297069 223573 485989 753489 505199 356910 619718 203027 894625 244125 270512 195092 708316 302273 155913 322889 961252 763944 693343 135281 784166 629858 463816 237699 550328 572470 652228 663895 716694 520747 351172 636242 243430 389281 269164 523180 211747 497981 534083 182877 503126 765718 285524 731454 389416 805584 342654 490805 
631656 377669 436715 402449 390570 155589 715668 470979 108167 783164 390124 840524 425921 801110 631419 363127 506333 445907 465907 861701 714267 499545 302300 306491 263410 451040 839231 152329 158858 366285 385253 547011 612722 461010 387242 395790 505071 141326 532159 129988 483203 775217 417825 176641 329645 191031 630252 308585 516242 530000 
374363 914025 575083 698896 1.10282e+06 993866 250569 507711 867666 868254 926607 860285 607213 699687 410099 899764 635437 982748 946599 172931 294015 671059 858386 1.1671e+06 687554 608911 180854 1.02972e+06 849744 663231 1.26557e+06 403943 403967 544493 693851 1.01915e+06 532665 973732 559280 833031 472908 837733 533769 984569 752875 1.13886e+06 368348 882052 1.03361e+06 419344 
621911 413088 399805 357476 355557 202475 689231 439355 126143 734832 426395 792306 386514 754573 625500 315527 462252 400586 502355 847172 702340 454120 332453 291481 239827 410099 810558 131939 180400 371652 377719 527910 579331 457220 342987 353375 467360 104924 491395 95754.9 467462 727001 400582 222194 283623 212897 598873 341481 471968 508803 
467898 235593 395942 424223 558789 178600 603664 397669 85146.9 841259 251549 890484 401932 816882 458912 472547 509660 573283 323804 705931 554173 516551 142636 497953 193352 434577 732918 339991 38288.4 180069 578247 414609 537678 288617 404309 540833 462122 312079 507063 184491 343198 826784 288735 170329 371962 367496 544111 160702 648410 406263 
227695 312554 411709 512551 785504 438634 446287 362178 356477 911492 325228 945910 439118 831515 201162 645697 552794 753260 351552 463068 312771 576070 264426 758721 295975 471123 570148 599083 314102 97061.8 845385 258544 457073 80709.4 492979 743017 452355 559483 511469 404605 199692 889477 207002 421391 499049 643457 443199 286163 827436 272154 
873950 672037 564907 460831 145413 425920 887119 628666 403609 697672 683079 762287 536851 782545 885037 289588 558187 294335 757673 1.0832e+06 947828 533240 601652 39204.6 479150 545011 993735 148337 456986 647893 132740 758829 748484 723001 458210 219203 619271 183774 617246 341317 709989 701685 642478 452330 392003 230853 777700 606321 333326 734098 
34014.7 559904 425340 557431 916081 672591 267526 350001 565984 884882 571686 903230 461624 761757 52038.4 738366 549659 840788 588647 214107 64498.1 582516 512711 931125 428664 483004 366285 776918 535210 325719 1.02539e+06 178003 360569 209246 542905 852188 428169 727479 483182 571077 200960 857848 266661 658684 578342 853544 329164 535004 907943 209002 
831633 475943 632712 576254 404797 227059 921260 673374 297039 910043 482673 972044 617279 958718 827436 475980 682552 524585 550455 1.06483e+06 915796 669108 431885 243559 469294 638546 1.04388e+06 194031 332962 551294 271647 752734 813354 656270 564588 455581 699475 241100 719576 329619 687867 907838 623238 252606 499842 35846.9 832904 426719 579719 736098 
708363 755066 320214 185586 252539 579124 628182 397316 466640 365876 770611 427481 283651 430465 737629 68658.6 242887 107703 843976 866585 760124 209423 662942 391472 378930 271312 709801 350561 511786 599001 478093 565279 471110 615877 198295 156707 344804 309386 316891 340708 546824 363325 492123 596913 172131 510053 507427 679854 167287 534817 
162641 416530 301942 417354 738140 485956 328976 243282 372361 799000 431045 829873 333305 709717 166412 575256 442109 681535 468028 398016 247073 468700 349654 740316 241698 362861 456530 584377 344768 153062 833326 135093 330341 46141.1 399326 682663 333952 536554 393611 379057 73006.8 775596 98656 474562 419005 659024 316708 374144 753011 145798 
394635 338600 275986 318925 532989 286398 494065 276957 150479 738221 355203 784115 284529 701944 397454 406341 395779 512762 421228 624109 476598 406208 245204 512372 76609.4 317907 621933 354249 144125 164149 603195 313651 418019 230326 298402 494872 341369 309944 387769 152778 246854 721649 183831 283933 278887 428599 426358 267755 588151 300167 
253298 792526 523883 655735 1.05101e+06 889250 220484 449678 770211 887144 804490 888699 559035 731460 284164 854365 609944 945800 821005 52201.5 168514 645963 741939 1.09746e+06 602934 567789 225460 952494 747062 549676 1.19503e+06 314111 378144 430443 647148 973598 495104 898386 533646 750067 375800 857282 441367 877903 699546 1.04985e+06 339559 764924 1.00335e+06 336091 
853353 752354 498186 374037 31144.8 525179 821416 570812 462031 546206 765506 611138 464814 644002 872968 175727 456355 143283 841457 1.04134e+06 918229 426005 670774 192634 471103 463797 915478 238657 515912 672241 263919 722669 671018 724754 377943 69634.8 540374 235648 524948 362552 686331 552204 622088 549353 320975 371203 704460 680664 177553 694606 
693745 747407 305138 170511 264802 575407 613013 382251 460449 364940 763053 425699 268555 423212 723279 73006.8 228320 122801 836086 851374 745161 195167 654941 399722 367462 256082 695018 352955 504723 587553 487640 550436 456032 602685 183469 169614 329597 309968 302026 334117 532541 361122 478302 592680 159452 512720 492295 672216 182222 519939 
86648.7 560108 313536 446900 816854 629076 195226 237356 507351 772653 574003 792738 350069 654671 132593 632740 435839 733219 604948 266625 130924 468837 496695 845224 344398 370195 316639 695696 485684 300193 941523 66287.3 253308 184220 433263 748575 314306 643281 369500 491076 113358 745985 180325 619155 472827 787467 225601 520999 798830 96876.2 
348827 348794 259856 322025 568516 325498 453560 249147 194178 739032 365409 782060 274007 691527 352575 430409 388742 537760 426645 578236 430633 403053 258213 555446 82280 308026 582244 398152 181033 137928 647213 269700 386679 187385 301438 525095 321459 352230 372003 194340 201718 720875 140389 320751 292159 474523 392005 282312 612595 257769 
549459 762860 172540 123471 483257 657220 413011 234386 517936 327341 779475 364907 146986 281149 588778 278692 31384.7 339165 844126 665620 582031 28861.7 669481 599437 347697 113600 480817 513391 545162 541133 693382 401966 253728 511766 139463 389513 150083 458926 98858.5 402866 410946 306007 378613 666753 198252 667027 292166 691741 382873 371465 
576490 570629 237124 148637 306341 410078 560029 302538 286175 522067 586315 577530 209955 537584 597369 145344 254772 252517 659267 767294 641400 241033 478127 360800 205477 221894 666127 248387 328536 422238 459234 446319 421284 455923 139284 245231 293437 192003 299541 159552 409518 512299 346113 424747 72180.3 398453 449952 495452 327515 418836 
104690 604239 326725 461307 841215 671658 157471 249596 547943 766416 618052 783001 363373 640252 154858 652396 440018 750457 648069 233403 115156 474270 541097 876762 379033 380147 274634 729496 527830 344581 973725 91049.4 239585 228493 449169 769720 318057 676096 369846 526156 152322 738922 217083 662197 493401 825671 207509 565406 813969 116846 
474709 174413 448092 483530 612148 173971 633456 443086 132371 901399 190434 950007 456606 873330 459308 532977 566460 632870 262619 714413 561883 574718 81541.4 539912 247825 489781 763207 385064 78089.7 176491 615111 439969 579871 294279 463441 598411 512657 362802 560022 244199 367349 886539 320306 157201 432759 391051 583175 99704.6 707791 435543 
763273 489401 526339 460541 309613 239852 827162 573362 244624 791624 499610 853285 507963 839447 765405 357393 566740 411947 573331 989315 844233 551871 425206 182214 381072 527031 946177 75769.4 293157 503120 250880 669669 709975 595836 449961 346400 591346 122066 607421 234610 609606 788914 542687 266543 384012 87005.7 732149 427057 471615 650007 
565662 392227 353276 325498 387738 212876 635106 388012 97529.5 719651 406710 774796 343210 726540 569956 316413 427454 410742 482121 790607 645850 423019 305491 342113 184166 369135 757552 182779 149345 321442 431129 471645 529400 402505 309128 372336 421740 144392 450010 47000 410903 709627 344073 227178 255738 267367 547439 318071 484679 452902 
443353 511892 138654 144257 439386 410903 442652 184716 268002 563565 528411 610010 129314 534879 465099 267421 227759 374021 595668 637075 508615 233808 417938 478023 100000 158070 557374 342808 291405 316484 576303 314312 319776 330438 123746 376384 206770 285748 237217 168315 276442 547219 213965 417647 114756 470670 342184 439420 446405 287689 
604901 714228 212132 80156.1 353278 571545 515414 289014 442109 363420 730458 416573 175514 377737 637020 147299 133959 220411 800550 755190 652511 104101 620249 468450 311006 159703 598459 392046 479153 527266 561729 459514 358491 527540 97672.9 261630 232166 340530 205380 317448 447644 351605 398339 585103 107713 549524 394681 639941 277016 428696 
595552 156259 557197 573266 623570 97020.6 758489 560389 177800 983108 165076 1.03565e+06 561001 971796 576657 585226 664959 675663 238160 835103 682719 668588 120615 517357 354158 592839 888217 379179 145962 297015 577055 565279 699861 416160 554239 629229 624079 375659 667428 304095 492666 971004 444627 70064.3 512821 333530 705120 108784 747773 560515 
374001 349185 261358 312815 545011 307903 472017 258118 172812 731498 365826 776091 272208 690192 378114 411306 385203 518348 429829 602438 455397 397373 256759 529967 69202.6 305949 600051 372602 164779 156349 621662 291302 398246 212720 292205 503526 325443 326841 373530 169000 224715 714183 161474 304792 277737 450241 405710 280059 593466 277849 
70214 474979 412317 537894 873066 594607 323989 342462 495036 894687 486763 918769 446912 785493 36891.7 706135 546452 811382 504670 298216 149282 576710 429111 874443 377115 472705 435295 717541 460566 246223 966603 180710 386063 135591 521311 815724 428805 670835 487155 513024 170423 869154 225869 579525 547851 784103 360436 451054 881477 208655 
450126 488723 165747 166964 432297 382832 463366 207183 240142 585773 505170 633455 157458 561413 469086 270313 254615 377763 573464 650526 518531 259139 394635 461069 83384.7 186132 580149 321602 264764 303310 558917 326443 344819 327185 146820 374489 234233 265189 265377 141057 283233 570202 218197 389782 126625 445499 365919 415616 451453 301204 
958188 664536 689123 598385 292015 411692 1.00381e+06 745735 442360 852406 672441 917098 664850 936144 962106 441118 700061 448786 742195 1.18027e+06 1.03762e+06 677747 611337 116211 569453 677529 1.11717e+06 219659 489320 701294 81987.8 857723 874662 793254 592900 373551 748770 275661 753704 422641 801057 856675 733485 438420 525224 175183 900869 609594 483160 836035 
549015 140801 700298 764933 906353 393020 783181 670671 429317 1.18373e+06 131004 1.22755e+06 718260 1.13321e+06 509192 833471 833783 933906 65391.1 762607 625051 848539 220617 812287 521199 752310 905681 668231 376782 331485 873002 594542 784873 414638 744339 898408 755149 655515 810432 545162 530769 1.16613e+06 517847 366012 723802 627976 775243 209480 1.00882e+06 605367 
774247 679651 428155 311002 108240 461395 752644 498478 386747 545514 693312 609295 396406 621514 792879 127883 402336 152118 769231 966431 840636 375257 595778 200823 389882 399112 851621 186207 440028 591069 290849 645786 606040 643479 311931 88526.8 475279 168107 466004 282492 607253 546996 542388 484257 250338 336859 637967 606862 213038 618295 
598141 124868 720884 775867 888978 363189 825258 697132 419240 1.19515e+06 110059 1.2413e+06 736202 1.15353e+06 560357 829781 850527 927302 36069.4 816780 676500 862951 217083 784857 533401 770208 949760 646574 369424 360451 840430 633537 817309 454070 755414 887471 778810 638928 832339 540638 567081 1.17886e+06 547883 336363 729638 593216 810104 199972 1.00144e+06 642067 
586980 48332.2 638193 677027 762992 235325 787869 625873 300629 1.09423e+06 41725.3 1.14342e+06 648726 1.06622e+06 557459 713238 759701 807845 100045 819909 671431 768370 121264 656967 440583 682191 916289 519432 254876 308585 713511 591977 756477 420576 657001 764944 700803 513802 750435 425607 520862 1.07979e+06 487943 208471 624375 467039 754852 97082.4 881165 594564 
752091 651627 413192 300987 132834 434815 737653 481798 358603 558707 665331 621885 382598 627214 769708 131244 396244 173104 741237 947439 819752 370941 567631 200192 365268 387475 839181 164305 411869 564256 294272 625620 593448 618600 300167 114621 463039 141651 457083 254867 585239 558793 519802 457395 236241 318849 624465 578769 237626 598602 
686476 327185 540626 515598 470473 74000 800885 567067 157582 896666 336013 954480 533094 915219 678405 472382 618496 548293 408104 923275 772219 612945 274898 348891 352955 559915 927548 223660 181571 398207 406044 621203 710211 507947 499808 491717 609555 236907 640488 238019 552598 889181 491636 101005 443633 164685 724440 271627 615417 608217 
797161 908204 404623 283805 351370 738848 667488 477821 623670 218215 924048 282781 369818 328824 832948 224662 281114 186003 996266 921811 835733 246343 815081 518117 515353 345058 723747 503607 666888 733224 592760 649604 508932 732548 302952 261094 402657 466451 355130 497109 646777 223110 601752 756372 306297 661272 547537 833142 177792 618634 
344071 594577 50990.2 185540 576095 550004 281517 26248.8 406177 538177 611072 569959 87664.1 457739 379676 379812 182497 475290 667803 498550 389525 211747 505835 637248 206022 108374 392623 507326 414135 347230 735840 197162 156320 300962 173954 498648 77336.9 449979 135281 327983 197649 514884 169452 551567 224415 634521 177124 530212 538199 166193 
520247 879755 282931 324785 699203 824491 298171 288106 680331 378338 896177 379179 286211 225568 568570 495892 221109 548523 950781 554590 519234 245522 791692 815807 485412 260233 311642 721084 695041 625633 910412 393137 184505 555989 333793 604268 215195 664783 179045 582001 437659 348144 439063 829026 400704 869186 211152 816128 581629 370527 
510529 826027 219829 248395 624501 756897 318077 240670 613313 355439 842589 369381 217348 233431 556386 420195 144222 476800 900419 578070 522422 169198 735942 738999 422538 188680 358776 644829 631219 579379 833770 372508 174451 521276 258118 530212 156589 588743 109444 510662 406007 326933 396551 762696 324575 793940 209848 759908 513982 346152 
538781 671591 146328 16643.3 401005 548689 456228 223376 412340 403091 688044 450729 109659 388666 571071 195256 99463.6 281149 756017 691714 586837 85842.9 577509 498198 260210 97061.8 545678 402492 443928 471123 594427 393468 302060 464691 37202.2 314201 172514 347196 156605 293164 382027 387332 334201 559630 85146.9 554593 336786 598445 341353 362679 
919405 824738 554813 425738 58830.3 594348 875042 629321 535322 539129 837705 603988 520159 655049 940608 224956 498655 156247 913622 1.10149e+06 982024 465997 743888 228974 541503 515644 963606 305761 589293 745043 277723 785863 721400 795108 432187 105394 591822 307690 570748 436033 752570 549097 689377 619022 380237 426433 756191 753441 156320 757154 
570846 836915 231249 211946 557215 742873 395828 274935 602103 288434 853558 312463 215604 202467 614370 357302 108669 403555 915684 655222 590689 117154 744490 682739 423784 181970 440855 601631 626616 603511 775118 427286 244524 559866 226874 461417 184253 547537 124808 489740 450188 262057 429337 751475 287211 755858 282144 767477 436094 398648 
611191 862986 262452 223486 541128 758631 436327 311448 619852 248284 879619 275187 242887 179109 654331 346655 129004 382753 943231 695932 631805 125960 769925 674633 448232 208830 477671 602519 647158 635007 764956 466999 285701 595756 240651 444568 220912 550000 161245 503724 487791 222569 464221 768503 295610 759016 323262 792456 409552 438056 
565107 719467 171572 63890.5 412029 595716 460679 246033 460197 355692 735942 402616 136624 342584 600004 205801 75166.5 276796 803592 704577 607705 47434.2 625412 523483 307044 113111 540631 438316 492164 515102 617836 418019 302557 502558 84220 320339 179627 384520 147635 340026 413628 339413 370401 607076 129031 593190 339438 646469 329188 387021 
521982 216453 446025 463220 555195 122188 661346 452134 78294.3 876037 230887 927373 449361 860598 510690 490230 553586 586441 306341 760796 608664 557883 132774 476518 243074 481175 790555 323187 34438.4 228580 550718 472230 593142 341784 443921 547292 513277 304587 555925 202299 400676 863023 346439 112641 405216 327361 600521 142804 660497 463985 
523689 146414 684202 752475 905647 399606 759627 652442 426808 1.17062e+06 139262 1.21351e+06 703143 1.11676e+06 483414 826904 818952 928433 84023.8 736210 599164 834589 217862 816354 508842 737153 881500 669914 373472 313423 879446 572098 764391 392379 731861 894859 737820 654941 793680 539676 509309 1.15253e+06 498623 372710 713474 635932 753956 209614 1.00359e+06 583658 
598506 128456 580983 601985 657392 127769 771093 580675 209124 1.01365e+06 135447 1.06561e+06 586285 999124 576945 618361 691978 709346 206620 837342 685412 696656 112606 549307 378217 618561 900832 412680 173185 301811 607053 576514 718580 420933 582715 663190 647112 409649 691948 335753 503829 1.00111e+06 459070 100841 542996 361865 722281 94794.5 781584 573468 
774665 956831 397730 304095 466978 811032 611569 461736 685073 120934 973153 179622 368057 212132 815177 317052 258105 300167 1.04235e+06 870933 801706 231262 862744 629007 547759 337001 649888 598833 722806 756345 707181 627809 459004 736848 324711 374204 375694 555932 319312 559473 638238 114983 603583 825955 351336 758426 497081 882878 295447 597629 
642795 151611 620613 636070 667261 131484 815738 622685 239140 1.04432e+06 154146 1.09745e+06 624568 1.03509e+06 620556 641412 728358 728871 216816 881385 729609 731665 155193 548894 417580 656403 945487 420595 209504 346562 600257 621303 761412 465611 617171 679272 687346 423595 730953 364446 548614 1.03267e+06 503287 107378 574625 352512 765755 135074 799801 618026 
490486 784297 176477 205934 590699 711848 318277 204355 568356 369088 800890 390083 172386 265279 534619 384896 104809 448068 859782 576534 509480 134183 693638 699638 378541 143503 374626 601973 586805 540882 795178 348174 164012 488215 214560 497749 116400 545587 64846 465520 375373 342161 360636 717798 281585 750025 202062 717432 490153 320206 
805105 881082 411122 282110 294822 701128 692243 486806 592112 273359 896621 338213 375012 383693 838373 183221 300137 130384 969981 942497 848892 264170 788926 463001 499892 354189 756419 455817 637709 719690 536411 658595 532846 728179 299421 205623 418524 421900 376431 466495 649492 279458 600051 719831 290147 611871 571120 805870 123665 627625 
665009 970341 362221 344193 649250 877763 452637 395324 737461 228355 986978 224511 349824 75716.6 711827 462650 243813 485556 1.04783e+06 709233 670470 246951 878415 791046 558581 316628 459831 724177 762155 731391 879163 529589 326497 678258 360411 552552 307065 672060 251008 623802 563653 197773 551632 886721 417481 881111 358398 901648 500090 503698 
291234 249596 458214 548767 791205 400769 512831 415337 338378 956290 261444 993457 482780 884613 260311 665830 598205 772915 284930 522800 374585 619048 211936 749200 318002 515830 636900 589892 290193 98270 831685 323631 518278 143924 528609 756340 504172 555389 562385 406356 261658 935433 259048 380938 526910 617888 506246 231355 848011 335529 
664003 779064 270002 144554 345824 627539 556386 345419 502467 304416 795196 361024 234137 343071 697929 153883 163719 192463 865934 803306 707537 127906 685252 482066 378336 212763 629085 426433 541713 594794 570485 517279 397212 593334 163515 249562 278431 379318 240337 376431 509975 295718 463060 642487 172351 586051 434925 704483 234804 486297 
882261 799766 516736 387764 52811 574282 837054 591277 508240 517604 813093 582626 482084 626556 903930 186936 461746 124085 889054 1.06349e+06 944412 429424 717220 231976 506333 477696 926106 288062 561843 712085 292554 748193 683617 759743 394122 67424 553921 283790 533401 404975 715520 525884 652664 598326 342301 418714 718307 727641 138917 719403 
674273 534630 380217 298931 240104 322386 696078 437477 242043 633610 548336 693878 356881 674538 686225 202425 404460 278959 624239 884338 748059 387866 451054 225858 279589 371769 808210 97514.1 295670 460196 323427 559916 565785 526579 290243 230098 440967 43104.5 450309 147959 510186 628981 442666 343740 222892 252127 591872 461866 349201 535840 
327867 440556 169257 250186 556343 405098 381077 157686 264885 659037 457131 698997 187395 602200 344746 392216 303449 499004 516443 538658 400232 321442 350721 572752 73409.8 221326 506913 423382 264068 207425 668853 215724 298027 205548 230313 498977 229026 370601 280794 220320 162410 639295 95257.5 403656 238533 524535 306889 374931 571386 195602 
209029 335010 380728 484199 767777 443696 417337 329959 352026 880493 348415 914346 408795 799138 188680 622557 521878 730075 378868 447493 295655 545715 279866 747797 274002 440478 542407 588539 313168 95524.9 836231 227528 424634 48373.5 464855 722277 420268 546762 479488 390242 167275 858242 175317 428042 473510 640800 411180 302769 803794 240187 
810038 663727 482996 373591 104785 431116 806945 549764 378319 615325 676327 679464 453345 693957 824874 199685 469163 215713 752130 1.0115e+06 880471 443606 585211 128787 417852 459419 910355 142888 432640 604452 221416 688151 664678 668468 372200 143265 534597 147959 529823 292181 644003 617729 577409 455817 307293 277651 695076 593507 266340 662046 
633001 1.00066e+06 398363 417346 756965 935951 394554 409683 792518 333924 1.01713e+06 314668 396548 154738 682268 562894 311130 596178 1.07254e+06 638941 623472 325850 911846 890300 601365 367143 373044 810571 810359 747819 981298 511953 303534 677703 430001 660252 332773 756034 288735 688077 559103 303798 561378 941952 493685 963769 325960 936108 615306 490650 
155563 642225 305655 439659 829444 694338 108632 229578 565329 724694 656515 738968 341760 593776 205798 635437 408167 730229 689854 242918 152398 443301 574924 875306 385800 354683 231465 732274 549626 378640 973107 101951 195727 266678 429331 754072 287388 677432 335252 532241 173488 696690 231225 686584 478649 836519 161307 599617 791169 116829 
130614 663392 390621 524938 911497 743398 149215 314035 621795 803911 676491 815163 426919 665980 176173 719561 493660 815354 701121 160378 82006.1 528923 605345 950842 454042 440477 238839 804279 600221 409941 1.04801e+06 165560 275530 291343 514164 837786 373186 750654 420145 601176 226685 775379 292063 733098 561794 900564 238730 629158 876804 189402 
196010 348105 436936 545388 832434 488615 433074 380802 408075 935641 359477 967298 466669 846991 161830 687285 577834 794769 377160 424058 277051 603165 308730 809249 339013 497437 552496 649696 365624 148607 896429 256020 461966 97575.6 526366 787307 471495 609277 531129 453542 208197 912586 230835 470737 537294 695040 444072 329193 868332 274767 
319232 730537 222266 337249 742340 725536 119641 171712 584132 560036 746282 571238 250138 424539 368049 537729 274046 619630 792152 376630 320025 310015 650035 819825 384584 247413 207087 694719 584173 465408 918286 201229 40816.7 376606 333901 656804 170836 637182 197385 515349 258629 531338 281233 724017 396343 822694 14317.8 675187 671720 184765 
298613 448688 169012 264367 584390 428267 354052 143569 290126 665791 465130 703457 192276 600750 317057 416310 307847 522463 521444 508178 370061 328722 361137 603100 103479 225411 480926 453856 285477 203691 699280 185397 279308 185335 245204 525038 222733 401059 277683 250571 132484 645000 66128.7 425494 260094 553868 285212 385811 594001 165895 
671745 493974 403708 334940 274563 274554 711916 455057 205913 682087 507150 741933 383694 718577 680101 251938 441200 327428 583106 888795 748600 427117 413368 226744 278469 401787 827827 73593.5 260231 440219 320062 565301 588544 515932 324197 275409 467467 25079.9 481922 134718 510886 676912 443091 296665 258414 211946 612396 422522 396548 543065 
884634 591711 628859 546927 291488 338479 938691 681910 365825 832025 600187 895927 606726 902404 887478 407020 651049 432487 671107 1.10883e+06 964909 631383 536035 116846 498691 621895 1.05456e+06 154829 412626 624942 142506 787493 814236 718104 539515 358712 690818 212474 700061 351552 729208 833639 661890 365396 471816 106099 838874 535004 477462 766689 
159790 409099 315696 430475 747985 485732 337431 257163 375089 812883 423383 843759 346919 723409 159531 586819 455935 693289 458717 397291 245524 482437 344420 747530 250793 376591 464247 590989 345722 148071 840031 145152 342934 34785.1 412335 693537 347829 543865 407491 386120 85912.7 789487 111830 473635 431094 662695 328586 368686 765006 157544 
459353 104661 591026 658238 823156 338585 682879 561495 343284 1.07637e+06 109202 1.1194e+06 609381 1.02388e+06 424078 736156 725074 838800 114110 684082 540017 740438 139058 744151 414643 643414 807666 592976 289088 222434 812997 491240 677481 311670 637624 807788 645756 573485 701046 450760 425353 1.05833e+06 409353 312771 619879 575303 669078 139058 914178 500276 
194504 730286 428029 560289 954971 808327 137058 353647 684553 807701 743303 813615 463327 659589 236713 758538 517571 850606 767001 125447 127534 553480 672382 1.00286e+06 511251 472787 190263 859289 664639 476831 1.10063e+06 223002 288383 358370 551417 877707 400979 804692 441780 658167 288877 778337 352240 798542 603511 960485 249808 696221 908958 242769 
693663 298117 572031 553954 514339 52801.5 821243 594021 178885 939673 305380 997016 566559 954682 682356 516954 655617 593526 375005 932174 780217 651464 256720 387398 378926 594455 949067 267925 190515 399731 438771 637323 737271 513585 537565 536889 641028 282158 674413 274367 567173 931709 508781 75643.9 483266 192128 749665 249650 660656 626259 
445325 114232 496190 550136 703960 243502 636227 477699 224511 969444 130545 1.01506e+06 510327 928080 421100 617629 624290 719561 190536 682710 531595 636592 44944.4 630906 307148 544281 765006 477000 170179 157003 704006 440223 605486 272259 529623 687884 556059 454981 608135 331122 368782 952794 336174 220810 506676 473770 602961 66407.8 794847 442295 
558757 765600 179360 121511 474178 656489 423757 242860 517929 321179 782200 360168 152411 280957 597762 270150 38897.3 329079 847354 676209 592003 24186.8 672060 592112 350407 119570 491415 508207 546101 546210 685689 411170 264458 518787 138514 380132 159615 454129 109330 401643 419029 300486 385549 666432 195028 662550 302881 694136 372285 380592 
265030 284074 476496 574729 832061 446972 500292 427468 384130 976194 294457 1.01101e+06 503370 896748 228845 700846 617486 808260 308469 489612 344781 640279 255196 794001 351256 535628 620987 634505 336506 136033 877243 318121 520096 144589 554923 794392 517653 598820 576754 447881 263030 954364 272239 426814 557826 664489 504774 273300 882987 333952 
231206 351160 311893 410819 697924 413905 395127 267660 304764 811281 366306 847001 338195 736827 226374 548821 452637 656282 409207 469158 317309 475079 279517 686283 201559 370600 524015 528187 274016 84380.1 777059 199123 376671 56435.8 391297 649890 356393 483473 414712 325712 128133 789747 111521 402046 399185 593299 368766 304322 729812 202596 
412689 484608 143224 175237 469470 399010 427954 174385 254772 593570 501203 638437 142941 557324 432695 302106 250392 409011 566973 612288 480418 260192 391063 498959 69527 174929 546531 357795 272281 281780 596665 288170 314968 295169 154625 409381 212151 301877 250060 169517 245687 576327 181463 403600 150443 477213 333880 413265 481702 263030 
414664 127063 504608 569134 744478 291707 619013 478853 267067 987484 141089 1.03096e+06 521829 937625 386747 649463 637227 753047 184391 649250 499673 651952 89375.6 676528 325484 555887 746481 521384 213000 143590 750936 423986 600304 249008 548523 724547 561129 497031 615419 366620 354581 969660 330353 268740 530864 521929 594718 105423 828558 429326 
841628 495707 632880 572051 386699 245489 925534 675707 307885 898546 502715 960927 616294 950884 838580 465010 678317 510137 571013 1.07361e+06 925262 663821 449680 223002 474371 636624 1.0472e+06 183992 346071 564200 249826 759592 814730 667432 561036 440178 699035 234009 717398 332388 695684 896975 630448 271413 495529 25179.4 835154 445199 563760 742232 
389514 626355 23537.2 146932 546601 564640 305944 70178.3 420298 492443 642947 525556 50803.5 418169 425967 345944 135768 437499 702157 535023 431912 164976 535829 619003 224199 63126.9 407933 496856 433813 385996 717447 242052 163371 346092 138571 465450 46270.9 439164 95210.3 330280 244444 469591 213560 568327 196703 631573 192003 559722 498080 211059 
546883 109444 541915 571679 658736 149907 721734 537343 190882 987179 121758 1.03742e+06 549455 965064 525481 603464 657864 698556 197649 785738 633790 664624 62968.2 563089 340560 582348 851409 418516 145671 250410 627277 526674 673466 369446 551931 656964 606845 408315 653652 315869 454041 973420 411147 124040 516637 386948 675850 50566.8 772146 524462 
255853 789543 555673 688707 1.08047e+06 898338 260768 480309 783617 929453 800853 931754 591338 774848 279804 886019 646873 979235 813354 18000 168671 682807 743589 1.12134e+06 623138 601722 269067 974031 757786 554585 1.2184e+06 335716 416625 436085 679300 1.00489e+06 530322 920783 570947 770112 392725 899681 459654 885814 729708 1.06633e+06 377985 765935 1.03814e+06 360000 
754630 965932 389139 310345 511476 831464 579221 447772 701402 111018 982398 156984 362527 162788 796827 351400 247988 344384 1.04999e+06 839193 776861 226632 871865 669813 552974 329803 610470 631317 736430 755499 750297 609199 430680 728179 330692 417336 358979 585969 300433 577382 625050 92957 595124 845116 365919 791157 468028 892812 343903 579656 
429284 583378 59363.3 99141.3 474676 496488 381932 126779 353010 502412 600011 543843 43185.6 456724 459245 280794 150801 379817 664055 598374 483100 165097 490368 538644 168941 73736 488415 415018 373202 364227 637194 287167 244900 350477 82024.4 398741 123227 357325 151199 253505 269030 483249 219659 502524 123167 550960 272002 513039 446061 257154 
686236 333054 535956 509513 462776 80156.1 798234 563257 155631 889524 342094 947444 528015 908847 678735 464866 612647 540542 414480 922658 771804 606805 279260 342041 349494 554610 924653 215928 181838 399169 400151 619395 706329 508084 493855 483910 604847 229142 635284 232551 551110 882148 489719 107168 437293 160162 720902 276557 607622 606064 
929465 1.17197e+06 586847 516405 662773 1.0342e+06 723476 638122 906380 103078 1.18846e+06 51614 563264 202485 974737 536956 447234 502096 1.25575e+06 979349 939752 429979 1.07793e+06 834656 758446 529689 723156 818780 942257 957423 904602 789015 593030 922467 536691 577260 547491 777856 487811 781543 813971 113230 790641 1.04871e+06 571172 977655 626809 1.09894e+06 475067 761158 
492062 289928 367614 380217 500373 178718 603470 380159 42801.9 793565 305413 844553 368816 778052 488567 415554 471259 515276 379148 726419 576550 475017 198829 445539 166364 400056 731205 286356 48826.2 220484 529029 421769 522861 317493 360943 481965 435726 255125 476098 126590 353261 780283 292318 179338 322816 331042 533353 214721 590249 409273 
452374 154457 456606 501352 646421 205117 623221 445394 167431 920403 171026 967512 467848 885736 434066 561293 579974 662616 239207 691937 539541 590263 61057.4 576453 260860 501496 752868 421233 113159 153942 651777 428065 578744 273183 481000 630277 519186 397819 568859 273923 355443 904615 313772 185981 454472 426758 579615 84581.3 737811 426142 
912693 1.15278e+06 568206 497205 647309 1.01523e+06 708837 620007 887244 84758.5 1.16926e+06 33541 544416 190003 957749 518958 428422 485791 1.23658e+06 965390 923926 410932 1.05873e+06 818426 739295 510883 711000 800871 923066 938557 889248 771767 576800 904186 517496 561006 529419 759614 469737 762457 796058 94021.3 772231 1.02968e+06 552007 959882 610902 1.07974e+06 460435 743765 
485092 623914 98412.4 41593.3 432412 516501 420030 174631 376092 453785 640470 498454 63513.8 423405 516047 232177 117720 327029 706883 646694 536296 121202 530094 511744 209476 68425.1 518299 400661 402940 415849 609643 341315 272567 407413 25709.9 351518 142274 343494 146997 264201 326221 436299 277115 525259 85211.5 545690 304174 551806 391256 310846 
382001 275812 333242 385778 588069 267346 516722 323062 154564 804838 292453 849831 345579 763574 376276 471526 459004 577201 355951 618807 467611 471208 184253 551820 142144 379427 646261 392135 124169 111126 638412 326241 459071 205105 365199 555788 395627 354035 445490 203158 254568 787779 201950 258681 346831 443776 462572 208147 652739 318889 
768376 991817 409646 336400 538911 860006 585144 465550 729226 91389.3 1.00832e+06 130096 384423 140616 811460 380911 268881 371872 1.0754e+06 845072 787650 249898 897805 698522 578070 351216 610129 660928 763629 778250 778338 624039 440130 747754 356587 445286 375826 615556 316590 605598 642686 68410.5 615028 873430 393761 820769 476790 918970 368456 594920 
601007 903370 294810 287920 622524 817108 398814 326711 675563 272222 919997 280492 284201 143402 647124 426954 183636 463862 980224 657986 610440 193023 811815 754290 493092 251623 420954 676938 698385 662959 845367 463418 263577 609886 302524 525978 238533 623160 183052 564845 495718 242596 483017 825126 363270 831655 297405 835235 488427 436940 
777371 966207 403071 312508 479843 822247 610516 465842 695628 109836 982558 167371 374066 200831 818352 329735 262772 313077 1.05147e+06 870164 803059 237118 872104 642007 556249 342568 646307 611433 732924 763692 720124 630835 459132 742428 333110 387164 378984 568293 321927 570232 642673 102489 609147 836985 361386 771065 497016 892391 307584 600808 
