100 50 22
777 335 649 27 763 426 211 429 862 135 22 167 11 373 784 324 413 980 862 281 84 505 313 895 814 364 87 178 403 399 676 12 94 570 467 902 652 280 865 619 31 771 709 856 586 683 528 829 270 715 
34 14.9 79.6 72.3 61.8 24.5 84.6 45.1 92.1 55.5 37.9 48.8 76.4 22.8 84.1 35 19.3 50 3.4 76.4 12.4 91.4 
15 15 9 9 3 19 11 19 15 13 21 14 6 0 15 21 12 9 13 16 10 3 12 0 12 18 3 4 10 20 6 2 4 16 5 15 1 12 5 12 1 17 4 12 18 14 21 6 0 11 13 15 21 19 7 20 8 21 14 0 17 7 16 2 1 20 6 1 20 0 17 3 21 9 18 3 16 18 10 14 21 18 0 6 15 9 5 15 11 11 8 0 14 20 1 0 14 2 13 20 
494.144 77.3369 532.824 578.261 703.855 214.73 684.036 518.768 225.488 997.128 93.8616 1044.55 544.737 962.7 469.256 631.495 657.123 730.756 164.012 731.167 580.28 667.45 17.2047 619.001 338.053 578.448 813.03 469.46 172.931 205.295 687.215 488.016 649.268 321.237 557.951 694.508 594.577 453.171 645.061 342.476 416.236 981.548 381.115 189.781 530.076 450.389 648.02 18.6011 805.472 489.254 
543.854 810.264 203.494 194.023 554.982 720.573 375.055 246.343 579.008 315.626 826.906 340.847 189.307 229.611 586.986 352.121 88.1419 405.558 888.541 633.569 565.406 104.12 718.093 674.523 398.026 156.08 426.71 587.777 602.231 575.41 768.147 399.696 221.002 531.266 207.408 460.109 155.657 532.857 96.2133 468.706 421.74 289.696 400.769 728.563 270.267 740.355 259.124 741.232 442.597 370.85 
715.489 361.61 553.263 519.736 446.817 108.462 822.26 583.823 182.538 891.176 370.066 950.081 543.53 916.758 708.798 462.555 624.087 533.274 441.453 951.237 800.756 616.52 310.337 317.97 371.598 569.004 947.931 201.792 212.151 430.01 372.022 645.657 726.509 537.939 504.896 473.762 621.901 222.623 650.062 247.291 578.122 884.865 515.824 135.3 446.052 129.294 742.262 306.961 598.379 631.506 
660.212 740.074 268.881 134.952 304.253 580.056 572.965 345.951 458.507 352.87 756.003 411.001 232.207 395.001 691.185 104.403 187.211 163.371 827.88 813.089 709.389 154.156 646.747 432.685 348.589 217.568 654.003 374.092 499.937 567.866 522.732 515.637 415.554 576.102 150.03 209.898 289.993 327.246 261.094 331.904 501.009 345.776 449.16 595.836 138.654 533.73 452.04 665.111 219.173 484.934 
412.698 599.854 27.6586 112.872 502.309 523.18 351.95 100.846 379.158 496.291 616.497 534.627 22.8035 439.602 445.22 305.084 138.852 401.061 678.677 573.283 462.391 159.512 507.687 570.088 188.854 56.5685 456.806 447.219 396.561 371.397 668.596 267.854 212.85 347.081 99.7246 423.987 91.7824 389.525 125.419 283.591 257.126 475.635 214.189 528.251 150.801 582.742 240.508 530.905 465.017 237.228 
683.159 402.061 481.864 438.244 375.659 160.153 766.079 519.311 154.923 804.866 413.146 863.873 468.984 832.714 682.309 376.63 543.575 450.156 487.943 913.534 765.969 534.268 334.215 271.002 314.127 492.546 888.96 129.077 201.547 414.403 343.076 598.695 660.231 511.626 424.341 393.514 549.627 138.708 573.847 175.96 535.051 798.677 469.605 185.324 363.435 139.176 678.795 337.251 517.108 581.437 
667.171 878.093 297.069 223.573 485.989 753.489 505.199 356.91 619.718 203.027 894.625 244.125 270.512 195.092 708.316 302.273 155.913 322.889 961.252 763.944 693.343 135.281 784.166 629.858 463.816 237.699 550.328 572.47 652.228 663.895 716.694 520.747 351.172 636.242 243.43 389.281 269.164 523.18 211.747 497.981 534.083 182.877 503.126 765.718 285.524 731.454 389.416 805.584 342.654 490.805 
631.656 377.669 436.715 402.449 390.57 155.589 715.668 470.979 108.167 783.164 390.124 840.524 425.921 801.11 631.419 363.127 506.333 445.907 465.907 861.701 714.267 499.545 302.3 306.491 263.41 451.04 839.231 152.329 158.858 366.285 385.253 547.011 612.722 461.01 387.242 395.79 505.071 141.326 532.159 129.988 483.203 775.217 417.825 176.641 329.645 191.031 630.252 308.585 516.242 530 
374.363 914.025 575.083 698.896 1102.82 993.866 250.569 507.711 867.666 868.254 926.607 860.285 607.213 699.687 410.099 899.764 635.437 982.748 946.599 172.931 294.015 671.059 858.386 1167.1 687.554 608.911 180.854 1029.72 849.744 663.231 1265.57 403.943 403.967 544.493 693.851 1019.15 532.665 973.732 559.28 833.031 472.908 837.733 533.769 984.569 752.875 1138.86 368.348 882.052 1033.61 419.344 
621.911 413.088 399.805 357.476 355.557 202.475 689.231 439.355 126.143 734.832 426.395 792.306 386.514 754.573 625.5 315.527 462.252 400.586 502.355 847.172 702.34 454.12 332.453 291.481 239.827 410.099 810.558 131.939 180.4 371.652 377.719 527.91 579.331 457.22 342.987 353.375 467.36 104.924 491.395 95.7549 467.462 727.001 400.582 222.194 283.623 212.897 598.873 341.481 471.968 508.803 
467.898 235.593 395.942 424.223 558.789 178.6 603.664 397.669 85.1469 841.259 251.549 890.484 401.932 816.882 458.912 472.547 509.66 573.283 323.804 705.931 554.173 516.551 142.636 497.953 193.352 434.577 732.918 339.991 38.2884 180.069 578.247 414.609 537.678 288.617 404.309 540.833 462.122 312.079 507.063 184.491 343.198 826.784 288.735 170.329 371.962 367.496 544.111 160.702 648.41 406.263 
227.695 312.554 411.709 512.551 785.504 438.634 446.287 362.178 356.477 911.492 325.228 945.91 439.118 831.515 201.162 645.697 552.794 753.26 351.552 463.068 312.771 576.07 264.426 758.721 295.975 471.123 570.148 599.083 314.102 97.0618 845.385 258.544 457.073 80.7094 492.979 743.017 452.355 559.483 511.469 404.605 199.692 889.477 207.002 421.391 499.049 643.457 443.199 286.163 827.436 272.154 
873.95 672.037 564.907 460.831 145.413 425.92 887.119 628.666 403.609 697.672 683.079 762.287 536.851 782.545 885.037 289.588 558.187 294.335 757.673 1083.2 947.828 533.24 601.652 39.2046 479.15 545.011 993.735 148.337 456.986 647.893 132.74 758.829 748.484 723.001 458.21 219.203 619.271 183.774 617.246 341.317 709.989 701.685 642.478 452.33 392.003 230.853 777.7 606.321 333.326 734.098 
34.0147 559.904 425.34 557.431 916.081 672.591 267.526 350.001 565.984 884.882 571.686 903.23 461.624 761.757 52.0384 738.366 549.659 840.788 588.647 214.107 64.4981 582.516 512.711 931.125 428.664 483.004 366.285 776.918 535.21 325.719 1025.39 178.003 360.569 209.246 542.905 852.188 428.169 727.479 483.182 571.077 200.96 857.848 266.661 658.684 578.342 853.544 329.164 535.004 907.943 209.002 
831.633 475.943 632.712 576.254 404.797 227.059 921.26 673.374 297.039 910.043 482.673 972.044 617.279 958.718 827.436 475.98 682.552 524.585 550.455 1064.83 915.796 669.108 431.885 243.559 469.294 638.546 1043.88 194.031 332.962 551.294 271.647 752.734 813.354 656.27 564.588 455.581 699.475 241.1 719.576 329.619 687.867 907.838 623.238 252.606 499.842 35.8469 832.904 426.719 579.719 736.098 
708.363 755.066 320.214 185.586 252.539 579.124 628.182 397.316 466.64 365.876 770.611 427.481 283.651 430.465 737.629 68.6586 242.887 107.703 843.976 866.585 760.124 209.423 662.942 391.472 378.93 271.312 709.801 350.561 511.786 599.001 478.093 565.279 471.11 615.877 198.295 156.707 344.804 309.386 316.891 340.708 546.824 363.325 492.123 596.913 172.131 510.053 507.427 679.854 167.287 534.817 
162.641 416.53 301.942 417.354 738.14 485.956 328.976 243.282 372.361 799 431.045 829.873 333.305 709.717 166.412 575.256 442.109 681.535 468.028 398.016 247.073 468.7 349.654 740.316 241.698 362.861 456.53 584.377 344.768 153.062 833.326 135.093 330.341 46.1411 399.326 682.663 333.952 536.554 393.611 379.057 73.0068 775.596 98.656 474.562 419.005 659.024 316.708 374.144 753.011 145.798 
394.635 338.6 275.986 318.925 532.989 286.398 494.065 276.957 150.479 738.221 355.203 784.115 284.529 701.944 397.454 406.341 395.779 512.762 421.228 624.109 476.598 406.208 245.204 512.372 76.6094 317.907 621.933 354.249 144.125 164.149 603.195 313.651 418.019 230.326 298.402 494.872 341.369 309.944 387.769 152.778 246.854 721.649 183.831 283.933 278.887 428.599 426.358 267.755 588.151 300.167 
253.298 792.526 523.883 655.735 1051.01 889.25 220.484 449.678 770.211 887.144 804.49 888.699 559.035 731.46 284.164 854.365 609.944 945.8 821.005 52.2015 168.514 645.963 741.939 1097.46 602.934 567.789 225.46 952.494 747.062 549.676 1195.03 314.111 378.144 430.443 647.148 973.598 495.104 898.386 533.646 750.067 375.8 857.282 441.367 877.903 699.546 1049.85 339.559 764.924 1003.35 336.091 
853.353 752.354 498.186 374.037 31.1448 525.179 821.416 570.812 462.031 546.206 765.506 611.138 464.814 644.002 872.968 175.727 456.355 143.283 841.457 1041.34 918.229 426.005 670.774 192.634 471.103 463.797 915.478 238.657 515.912 672.241 263.919 722.669 671.018 724.754 377.943 69.6348 540.374 235.648 524.948 362.552 686.331 552.204 622.088 549.353 320.975 371.203 704.46 680.664 177.553 694.606 
693.745 747.407 305.138 170.511 264.802 575.407 613.013 382.251 460.449 364.94 763.053 425.699 268.555 423.212 723.279 73.0068 228.32 122.801 836.086 851.374 745.161 195.167 654.941 399.722 367.462 256.082 695.018 352.955 504.723 587.553 487.64 550.436 456.032 602.685 183.469 169.614 329.597 309.968 302.026 334.117 532.541 361.122 478.302 592.68 159.452 512.72 492.295 672.216 182.222 519.939 
86.6487 560.108 313.536 446.9 816.854 629.076 195.226 237.356 507.351 772.653 574.003 792.738 350.069 654.671 132.593 632.74 435.839 733.219 604.948 266.625 130.924 468.837 496.695 845.224 344.398 370.195 316.639 695.696 485.684 300.193 941.523 66.2873 253.308 184.22 433.263 748.575 314.306 643.281 369.5 491.076 113.358 745.985 180.325 619.155 472.827 787.467 225.601 520.999 798.83 96.8762 
348.827 348.794 259.856 322.025 568.516 325.498 453.56 249.147 194.178 739.032 365.409 782.06 274.007 691.527 352.575 430.409 388.742 537.76 426.645 578.236 430.633 403.053 258.213 555.446 82.28 308.026 582.244 398.152 181.033 137.928 647.213 269.7 386.679 187.385 301.438 525.095 321.459 352.23 372.003 194.34 201.718 720.875 140.389 320.751 292.159 474.523 392.005 282.312 612.595 257.769 
549.459 762.86 172.54 123.471 483.257 657.22 413.011 234.386 517.936 327.341 779.475 364.907 146.986 281.149 588.778 278.692 31.3847 339.165 844.126 665.62 582.031 28.8617 669.481 599.437 347.697 113.6 480.817 513.391 545.162 541.133 693.382 401.966 253.728 511.766 139.463 389.513 150.083 458.926 98.8585 402.866 410.946 306.007 378.613 666.753 198.252 667.027 292.166 691.741 382.873 371.465 
576.49 570.629 237.124 148.637 306.341 410.078 560.029 302.538 286.175 522.067 586.315 577.53 209.955 537.584 597.369 145.344 254.772 252.517 659.267 767.294 641.4 241.033 478.127 360.8 205.477 221.894 666.127 248.387 328.536 422.238 459.234 446.319 421.284 455.923 139.284 245.231 293.437 192.003 299.541 159.552 409.518 512.299 346.113 424.747 72.1803 398.453 449.952 495.452 327.515 418.836 
104.69 604.239 326.725 461.307 841.215 671.658 157.471 249.596 547.943 766.416 618.052 783.001 363.373 640.252 154.858 652.396 440.018 750.457 648.069 233.403 115.156 474.27 541.097 876.762 379.033 380.147 274.634 729.496 527.83 344.581 973.725 91.0494 239.585 228.493 449.169 769.72 318.057 676.096 369.846 526.156 152.322 738.922 217.083 662.197 493.401 825.671 207.509 565.406 813.969 116.846 
474.709 174.413 448.092 483.53 612.148 173.971 633.456 443.086 132.371 901.399 190.434 950.007 456.606 873.33 459.308 532.977 566.46 632.87 262.619 714.413 561.883 574.718 81.5414 539.912 247.825 489.781 763.207 385.064 78.0897 176.491 615.111 439.969 579.871 294.279 463.441 598.411 512.657 362.802 560.022 244.199 367.349 886.539 320.306 157.201 432.759 391.051 583.175 99.7046 707.791 435.543 
763.273 489.401 526.339 460.541 309.613 239.852 827.162 573.362 244.624 791.624 499.61 853.285 507.963 839.447 765.405 357.393 566.74 411.947 573.331 989.315 844.233 551.871 425.206 182.214 381.072 527.031 946.177 75.7694 293.157 503.12 250.88 669.669 709.975 595.836 449.961 346.4 591.346 122.066 607.421 234.61 609.606 788.914 542.687 266.543 384.012 87.0057 732.149 427.057 471.615 650.007 
565.662 392.227 353.276 325.498 387.738 212.876 635.106 388.012 97.5295 719.651 406.71 774.796 343.21 726.54 569.956 316.413 427.454 410.742 482.121 790.607 645.85 423.019 305.491 342.113 184.166 369.135 757.552 182.779 149.345 321.442 431.129 471.645 529.4 402.505 309.128 372.336 421.74 144.392 450.01 47 410.903 709.627 344.073 227.178 255.738 267.367 547.439 318.071 484.679 452.902 
443.353 511.892 138.654 144.257 439.386 410.903 442.652 184.716 268.002 563.565 528.411 610.01 129.314 534.879 465.099 267.421 227.759 374.021 595.668 637.075 508.615 233.808 417.938 478.023 100 158.07 557.374 342.808 291.405 316.484 576.303 314.312 319.776 330.438 123.746 376.384 206.77 285.748 237.217 168.315 276.442 547.219 213.965 417.647 114.756 470.67 342.184 439.42 446.405 287.689 
604.901 714.228 212.132 80.1561 353.278 571.545 515.414 289.014 442.109 363.42 730.458 416.573 175.514 377.737 637.02 147.299 133.959 220.411 800.55 755.19 652.511 104.101 620.249 468.45 311.006 159.703 598.459 392.046 479.153 527.266 561.729 459.514 358.491 527.54 97.6729 261.63 232.166 340.53 205.38 317.448 447.644 351.605 398.339 585.103 107.713 549.524 394.681 639.941 277.016 428.696 
595.552 156.259 557.197 573.266 623.57 97.0206 758.489 560.389 177.8 983.108 165.076 1035.65 561.001 971.796 576.657 585.226 664.959 675.663 238.16 835.103 682.719 668.588 120.615 517.357 354.158 592.839 888.217 379.179 145.962 297.015 577.055 565.279 699.861 416.16 554.239 629.229 624.079 375.659 667.428 304.095 492.666 971.004 444.627 70.0643 512.821 333.53 705.12 108.784 747.773 560.515 
374.001 349.185 261.358 312.815 545.011 307.903 472.017 258.118 172.812 731.498 365.826 776.091 272.208 690.192 378.114 411.306 385.203 518.348 429.829 602.438 455.397 397.373 256.759 529.967 69.2026 305.949 600.051 372.602 164.779 156.349 621.662 291.302 398.246 212.72 292.205 503.526 325.443 326.841 373.53 169 224.715 714.183 161.474 304.792 277.737 450.241 405.71 280.059 593.466 277.849 
70.214 474.979 412.317 537.894 873.066 594.607 323.989 342.462 495.036 894.687 486.763 918.769 446.912 785.493 36.8917 706.135 546.452 811.382 504.67 298.216 149.282 576.71 429.111 874.443 377.115 472.705 435.295 717.541 460.566 246.223 966.603 180.71 386.063 135.591 521.311 815.724 428.805 670.835 487.155 513.024 170.423 869.154 225.869 579.525 547.851 784.103 360.436 451.054 881.477 208.655 
450.126 488.723 165.747 166.964 432.297 382.832 463.366 207.183 240.142 585.773 505.17 633.455 157.458 561.413 469.086 270.313 254.615 377.763 573.464 650.526 518.531 259.139 394.635 461.069 83.3847 186.132 580.149 321.602 264.764 303.31 558.917 326.443 344.819 327.185 146.82 374.489 234.233 265.189 265.377 141.057 283.233 570.202 218.197 389.782 126.625 445.499 365.919 415.616 451.453 301.204 
958.188 664.536 689.123 598.385 292.015 411.692 1003.81 745.735 442.36 852.406 672.441 917.098 664.85 936.144 962.106 441.118 700.061 448.786 742.195 1180.27 1037.62 677.747 611.337 116.211 569.453 677.529 1117.17 219.659 489.32 701.294 81.9878 857.723 874.662 793.254 592.9 373.551 748.77 275.661 753.704 422.641 801.057 856.675 733.485 438.42 525.224 175.183 900.869 609.594 483.16 836.035 
549.015 140.801 700.298 764.933 906.353 393.02 783.181 670.671 429.317 1183.73 131.004 1227.55 718.26 1133.21 509.192 833.471 833.783 933.906 65.3911 762.607 625.051 848.539 220.617 812.287 521.199 752.31 905.681 668.231 376.782 331.485 873.002 594.542 784.873 414.638 744.339 898.408 755.149 655.515 810.432 545.162 530.769 1166.13 517.847 366.012 723.802 627.976 775.243 209.48 1008.82 605.367 
774.247 679.651 428.155 311.002 108.24 461.395 752.644 498.478 386.747 545.514 693.312 609.295 396.406 621.514 792.879 127.883 402.336 152.118 769.231 966.431 840.636 375.257 595.778 200.823 389.882 399.112 851.621 186.207 440.028 591.069 290.849 645.786 606.04 643.479 311.931 88.5268 475.279 168.107 466.004 282.492 607.253 546.996 542.388 484.257 250.338 336.859 637.967 606.862 213.038 618.295 
598.141 124.868 720.884 775.867 888.978 363.189 825.258 697.132 419.24 1195.15 110.059 1241.3 736.202 1153.53 560.357 829.781 850.527 927.302 36.0694 816.78 676.5 862.951 217.083 784.857 533.401 770.208 949.76 646.574 369.424 360.451 840.43 633.537 817.309 454.07 755.414 887.471 778.81 638.928 832.339 540.638 567.081 1178.86 547.883 336.363 729.638 593.216 810.104 199.972 1001.44 642.067 
586.98 48.3322 638.193 677.027 762.992 235.325 787.869 625.873 300.629 1094.23 41.7253 1143.42 648.726 1066.22 557.459 713.238 759.701 807.845 100.045 819.909 671.431 768.37 121.264 656.967 440.583 682.191 916.289 519.432 254.876 308.585 713.511 591.977 756.477 420.576 657.001 764.944 700.803 513.802 750.435 425.607 520.862 1079.79 487.943 208.471 624.375 467.039 754.852 97.0824 881.165 594.564 
752.091 651.627 413.192 300.987 132.834 434.815 737.653 481.798 358.603 558.707 665.331 621.885 382.598 627.214 769.708 131.244 396.244 173.104 741.237 947.439 819.752 370.941 567.631 200.192 365.268 387.475 839.181 164.305 411.869 564.256 294.272 625.62 593.448 618.6 300.167 114.621 463.039 141.651 457.083 254.867 585.239 558.793 519.802 457.395 236.241 318.849 624.465 578.769 237.626 598.602 
686.476 327.185 540.626 515.598 470.473 74 800.885 567.067 157.582 896.666 336.013 954.48 533.094 915.219 678.405 472.382 618.496 548.293 408.104 923.275 772.219 612.945 274.898 348.891 352.955 559.915 927.548 223.66 181.571 398.207 406.044 621.203 710.211 507.947 499.808 491.717 609.555 236.907 640.488 238.019 552.598 889.181 491.636 101.005 443.633 164.685 724.44 271.627 615.417 608.217 
797.161 908.204 404.623 283.805 351.37 738.848 667.488 477.821 623.67 218.215 924.048 282.781 369.818 328.824 832.948 224.662 281.114 186.003 996.266 921.811 835.733 246.343 815.081 518.117 515.353 345.058 723.747 503.607 666.888 733.224 592.76 649.604 508.932 732.548 302.952 261.094 402.657 466.451 355.13 497.109 646.777 223.11 601.752 756.372 306.297 661.272 547.537 833.142 177.792 618.634 
344.071 594.577 50.9902 185.54 576.095 550.004 281.517 26.2488 406.177 538.177 611.072 569.959 87.6641 457.739 379.676 379.812 182.497 475.29 667.803 498.55 389.525 211.747 505.835 637.248 206.022 108.374 392.623 507.326 414.135 347.23 735.84 197.162 156.32 300.962 173.954 498.648 77.3369 449.979 135.281 327.983 197.649 514.884 169.452 551.567 224.415 634.521 177.124 530.212 538.199 166.193 
520.247 879.755 282.931 324.785 699.203 824.491 298.171 288.106 680.331 378.338 896.177 379.179 286.211 225.568 568.57 495.892 221.109 548.523 950.781 554.59 519.234 245.522 791.692 815.807 485.412 260.233 311.642 721.084 695.041 625.633 910.412 393.137 184.505 555.989 333.793 604.268 215.195 664.783 179.045 582.001 437.659 348.144 439.063 829.026 400.704 869.186 211.152 816.128 581.629 370.527 
510.529 826.027 219.829 248.395 624.501 756.897 318.077 240.67 613.313 355.439 842.589 369.381 217.348 233.431 556.386 420.195 144.222 476.8 900.419 578.07 522.422 169.198 735.942 738.999 422.538 188.68 358.776 644.829 631.219 579.379 833.77 372.508 174.451 521.276 258.118 530.212 156.589 588.743 109.444 510.662 406.007 326.933 396.551 762.696 324.575 793.94 209.848 759.908 513.982 346.152 
538.781 671.591 146.328 16.6433 401.005 548.689 456.228 223.376 412.34 403.091 688.044 450.729 109.659 388.666 571.071 195.256 99.4636 281.149 756.017 691.714 586.837 85.8429 577.509 498.198 260.21 97.0618 545.678 402.492 443.928 471.123 594.427 393.468 302.06 464.691 37.2022 314.201 172.514 347.196 156.605 293.164 382.027 387.332 334.201 559.63 85.1469 554.593 336.786 598.445 341.353 362.679 
919.405 824.738 554.813 425.738 58.8303 594.348 875.042 629.321 535.322 539.129 837.705 603.988 520.159 655.049 940.608 224.956 498.655 156.247 913.622 1101.49 982.024 465.997 743.888 228.974 541.503 515.644 963.606 305.761 589.293 745.043 277.723 785.863 721.4 795.108 432.187 105.394 591.822 307.69 570.748 436.033 752.57 549.097 689.377 619.022 380.237 426.433 756.191 753.441 156.32 757.154 
570.846 836.915 231.249 211.946 557.215 742.873 395.828 274.935 602.103 288.434 853.558 312.463 215.604 202.467 614.37 357.302 108.669 403.555 915.684 655.222 590.689 117.154 744.49 682.739 423.784 181.97 440.855 601.631 626.616 603.511 775.118 427.286 244.524 559.866 226.874 461.417 184.253 547.537 124.808 489.74 450.188 262.057 429.337 751.475 287.211 755.858 282.144 767.477 436.094 398.648 
611.191 862.986 262.452 223.486 541.128 758.631 436.327 311.448 619.852 248.284 879.619 275.187 242.887 179.109 654.331 346.655 129.004 382.753 943.231 695.932 631.805 125.96 769.925 674.633 448.232 208.83 477.671 602.519 647.158 635.007 764.956 466.999 285.701 595.756 240.651 444.568 220.912 550 161.245 503.724 487.791 222.569 464.221 768.503 295.61 759.016 323.262 792.456 409.552 438.056 
565.107 719.467 171.572 63.8905 412.029 595.716 460.679 246.033 460.197 355.692 735.942 402.616 136.624 342.584 600.004 205.801 75.1665 276.796 803.592 704.577 607.705 47.4342 625.412 523.483 307.044 113.111 540.631 438.316 492.164 515.102 617.836 418.019 302.557 502.558 84.22 320.339 179.627 384.52 147.635 340.026 413.628 339.413 370.401 607.076 129.031 593.19 339.438 646.469 329.188 387.021 
521.982 216.453 446.025 463.22 555.195 122.188 661.346 452.134 78.2943 876.037 230.887 927.373 449.361 860.598 510.69 490.23 553.586 586.441 306.341 760.796 608.664 557.883 132.774 476.518 243.074 481.175 790.555 323.187 34.4384 228.58 550.718 472.23 593.142 341.784 443.921 547.292 513.277 304.587 555.925 202.299 400.676 863.023 346.439 112.641 405.216 327.361 600.521 142.804 660.497 463.985 
523.689 146.414 684.202 752.475 905.647 399.606 759.627 652.442 426.808 1170.62 139.262 1213.51 703.143 1116.76 483.414 826.904 818.952 928.433 84.0238 736.21 599.164 834.589 217.862 816.354 508.842 737.153 881.5 669.914 373.472 313.423 879.446 572.098 764.391 392.379 731.861 894.859 737.82 654.941 793.68 539.676 509.309 1152.53 498.623 372.71 713.474 635.932 753.956 209.614 1003.59 583.658 
598.506 128.456 580.983 601.985 657.392 127.769 771.093 580.675 209.124 1013.65 135.447 1065.61 586.285 999.124 576.945 618.361 691.978 709.346 206.62 837.342 685.412 696.656 112.606 549.307 378.217 618.561 900.832 412.68 173.185 301.811 607.053 576.514 718.58 420.933 582.715 663.19 647.112 409.649 691.948 335.753 503.829 1001.11 459.07 100.841 542.996 361.865 722.281 94.7945 781.584 573.468 
774.665 956.831 397.73 304.095 466.978 811.032 611.569 461.736 685.073 120.934 973.153 179.622 368.057 212.132 815.177 317.052 258.105 300.167 1042.35 870.933 801.706 231.262 862.744 629.007 547.759 337.001 649.888 598.833 722.806 756.345 707.181 627.809 459.004 736.848 324.711 374.204 375.694 555.932 319.312 559.473 638.238 114.983 603.583 825.955 351.336 758.426 497.081 882.878 295.447 597.629 
642.795 151.611 620.613 636.07 667.261 131.484 815.738 622.685 239.14 1044.32 154.146 1097.45 624.568 1035.09 620.556 641.412 728.358 728.871 216.816 881.385 729.609 731.665 155.193 548.894 417.58 656.403 945.487 420.595 209.504 346.562 600.257 621.303 761.412 465.611 617.171 679.272 687.346 423.595 730.953 364.446 548.614 1032.67 503.287 107.378 574.625 352.512 765.755 135.074 799.801 618.026 
490.486 784.297 176.477 205.934 590.699 711.848 318.277 204.355 568.356 369.088 800.89 390.083 172.386 265.279 534.619 384.896 104.809 448.068 859.782 576.534 509.48 134.183 693.638 699.638 378.541 143.503 374.626 601.973 586.805 540.882 795.178 348.174 164.012 488.215 214.56 497.749 116.4 545.587 64.846 465.52 375.373 342.161 360.636 717.798 281.585 750.025 202.062 717.432 490.153 320.206 
805.105 881.082 411.122 282.11 294.822 701.128 692.243 486.806 592.112 273.359 896.621 338.213 375.012 383.693 838.373 183.221 300.137 130.384 969.981 942.497 848.892 264.17 788.926 463.001 499.892 354.189 756.419 455.817 637.709 719.69 536.411 658.595 532.846 728.179 299.421 205.623 418.524 421.9 376.431 466.495 649.492 279.458 600.051 719.831 290.147 611.871 571.12 805.87 123.665 627.625 
665.009 970.341 362.221 344.193 649.25 877.763 452.637 395.324 737.461 228.355 986.978 224.511 349.824 75.7166 711.827 462.65 243.813 485.556 1047.83 709.233 670.47 246.951 878.415 791.046 558.581 316.628 459.831 724.177 762.155 731.391 879.163 529.589 326.497 678.258 360.411 552.552 307.065 672.06 251.008 623.802 563.653 197.773 551.632 886.721 417.481 881.111 358.398 901.648 500.09 503.698 
291.234 249.596 458.214 548.767 791.205 400.769 512.831 415.337 338.378 956.29 261.444 993.457 482.78 884.613 260.311 665.83 598.205 772.915 284.93 522.8 374.585 619.048 211.936 749.2 318.002 515.83 636.9 589.892 290.193 98.27 831.685 323.631 518.278 143.924 528.609 756.34 504.172 555.389 562.385 406.356 261.658 935.433 259.048 380.938 526.91 617.888 506.246 231.355 848.011 335.529 
664.003 779.064 270.002 144.554 345.824 627.539 556.386 345.419 502.467 304.416 795.196 361.024 234.137 343.071 697.929 153.883 163.719 192.463 865.934 803.306 707.537 127.906 685.252 482.066 378.336 212.763 629.085 426.433 541.713 594.794 570.485 517.279 397.212 593.334 163.515 249.562 278.431 379.318 240.337 376.431 509.975 295.718 463.06 642.487 172.351 586.051 434.925 704.483 234.804 486.297 
882.261 799.766 516.736 387.764 52.811 574.282 837.054 591.277 508.24 517.604 813.093 582.626 482.084 626.556 903.93 186.936 461.746 124.085 889.054 1063.49 944.412 429.424 717.22 231.976 506.333 477.696 926.106 288.062 561.843 712.085 292.554 748.193 683.617 759.743 394.122 67.424 553.921 283.79 533.401 404.975 715.52 525.884 652.664 598.326 342.301 418.714 718.307 727.641 138.917 719.403 
674.273 534.63 380.217 298.931 240.104 322.386 696.078 437.477 242.043 633.61 548.336 693.878 356.881 674.538 686.225 202.425 404.46 278.959 624.239 884.338 748.059 387.866 451.054 225.858 279.589 371.769 808.21 97.5141 295.67 460.196 323.427 559.916 565.785 526.579 290.243 230.098 440.967 43.1045 450.309 147.959 510.186 628.981 442.666 343.74 222.892 252.127 591.872 461.866 349.201 535.84 
327.867 440.556 169.257 250.186 556.343 405.098 381.077 157.686 264.885 659.037 457.131 698.997 187.395 602.2 344.746 392.216 303.449 499.004 516.443 538.658 400.232 321.442 350.721 572.752 73.4098 221.326 506.913 423.382 264.068 207.425 668.853 215.724 298.027 205.548 230.313 498.977 229.026 370.601 280.794 220.32 162.41 639.295 95.2575 403.656 238.533 524.535 306.889 374.931 571.386 195.602 
209.029 335.01 380.728 484.199 767.777 443.696 417.337 329.959 352.026 880.493 348.415 914.346 408.795 799.138 188.68 622.557 521.878 730.075 378.868 447.493 295.655 545.715 279.866 747.797 274.002 440.478 542.407 588.539 313.168 95.5249 836.231 227.528 424.634 48.3735 464.855 722.277 420.268 546.762 479.488 390.242 167.275 858.242 175.317 428.042 473.51 640.8 411.18 302.769 803.794 240.187 
810.038 663.727 482.996 373.591 104.785 431.116 806.945 549.764 378.319 615.325 676.327 679.464 453.345 693.957 824.874 199.685 469.163 215.713 752.13 1011.5 880.471 443.606 585.211 128.787 417.852 459.419 910.355 142.888 432.64 604.452 221.416 688.151 664.678 668.468 372.2 143.265 534.597 147.959 529.823 292.181 644.003 617.729 577.409 455.817 307.293 277.651 695.076 593.507 266.34 662.046 
633.001 1000.66 398.363 417.346 756.965 935.951 394.554 409.683 792.518 333.924 1017.13 314.668 396.548 154.738 682.268 562.894 311.13 596.178 1072.54 638.941 623.472 325.85 911.846 890.3 601.365 367.143 373.044 810.571 810.359 747.819 981.298 511.953 303.534 677.703 430.001 660.252 332.773 756.034 288.735 688.077 559.103 303.798 561.378 941.952 493.685 963.769 325.96 936.108 615.306 490.65 
155.563 642.225 305.655 439.659 829.444 694.338 108.632 229.578 565.329 724.694 656.515 738.968 341.76 593.776 205.798 635.437 408.167 730.229 689.854 242.918 152.398 443.301 574.924 875.306 385.8 354.683 231.465 732.274 549.626 378.64 973.107 101.951 195.727 266.678 429.331 754.072 287.388 677.432 335.252 532.241 173.488 696.69 231.225 686.584 478.649 836.519 161.307 599.617 791.169 116.829 
130.614 663.392 390.621 524.938 911.497 743.398 149.215 314.035 621.795 803.911 676.491 815.163 426.919 665.98 176.173 719.561 493.66 815.354 701.121 160.378 82.0061 528.923 605.345 950.842 454.042 440.477 238.839 804.279 600.221 409.941 1048.01 165.56 275.53 291.343 514.164 837.786 373.186 750.654 420.145 601.176 226.685 775.379 292.063 733.098 561.794 900.564 238.73 629.158 876.804 189.402 
196.01 348.105 436.936 545.388 832.434 488.615 433.074 380.802 408.075 935.641 359.477 967.298 466.669 846.991 161.83 687.285 577.834 794.769 377.16 424.058 277.051 603.165 308.73 809.249 339.013 497.437 552.496 649.696 365.624 148.607 896.429 256.02 461.966 97.5756 526.366 787.307 471.495 609.277 531.129 453.542 208.197 912.586 230.835 470.737 537.294 695.04 444.072 329.193 868.332 274.767 
319.232 730.537 222.266 337.249 742.34 725.536 119.641 171.712 584.132 560.036 746.282 571.238 250.138 424.539 368.049 537.729 274.046 619.63 792.152 376.63 320.025 310.015 650.035 819.825 384.584 247.413 207.087 694.719 584.173 465.408 918.286 201.229 40.8167 376.606 333.901 656.804 170.836 637.182 197.385 515.349 258.629 531.338 281.233 724.017 396.343 822.694 14.3178 675.187 671.72 184.765 
298.613 448.688 169.012 264.367 584.39 428.267 354.052 143.569 290.126 665.791 465.13 703.457 192.276 600.75 317.057 416.31 307.847 522.463 521.444 508.178 370.061 328.722 361.137 603.1 103.479 225.411 480.926 453.856 285.477 203.691 699.28 185.397 279.308 185.335 245.204 525.038 222.733 401.059 277.683 250.571 132.484 645 66.1287 425.494 260.094 553.868 285.212 385.811 594.001 165.895 
671.745 493.974 403.708 334.94 274.563 274.554 711.916 455.057 205.913 682.087 507.15 741.933 383.694 718.577 680.101 251.938 441.2 327.428 583.106 888.795 748.6 427.117 413.368 226.744 278.469 401.787 827.827 73.5935 260.231 440.219 320.062 565.301 588.544 515.932 324.197 275.409 467.467 25.0799 481.922 134.718 510.886 676.912 443.091 296.665 258.414 211.946 612.396 422.522 396.548 543.065 
884.634 591.711 628.859 546.927 291.488 338.479 938.691 681.91 365.825 832.025 600.187 895.927 606.726 902.404 887.478 407.02 651.049 432.487 671.107 1108.83 964.909 631.383 536.035 116.846 498.691 621.895 1054.56 154.829 412.626 624.942 142.506 787.493 814.236 718.104 539.515 358.712 690.818 212.474 700.061 351.552 729.208 833.639 661.89 365.396 471.816 106.099 838.874 535.004 477.462 766.689 
159.79 409.099 315.696 430.475 747.985 485.732 337.431 257.163 375.089 812.883 423.383 843.759 346.919 723.409 159.531 586.819 455.935 693.289 458.717 397.291 245.524 482.437 344.42 747.53 250.793 376.591 464.247 590.989 345.722 148.071 840.031 145.152 342.934 34.7851 412.335 693.537 347.829 543.865 407.491 386.12 85.9127 789.487 111.83 473.635 431.094 662.695 328.586 368.686 765.006 157.544 
459.353 104.661 591.026 658.238 823.156 338.585 682.879 561.495 343.284 1076.37 109.202 1119.4 609.381 1023.88 424.078 736.156 725.074 838.8 114.11 684.082 540.017 740.438 139.058 744.151 414.643 643.414 807.666 592.976 289.088 222.434 812.997 491.24 677.481 311.67 637.624 807.788 645.756 573.485 701.046 450.76 425.353 1058.33 409.353 312.771 619.879 575.303 669.078 139.058 914.178 500.276 
194.504 730.286 428.029 560.289 954.971 808.327 137.058 353.647 684.553 807.701 743.303 813.615 463.327 659.589 236.713 758.538 517.571 850.606 767.001 125.447 127.534 553.48 672.382 1002.86 511.251 472.787 190.263 859.289 664.639 476.831 1100.63 223.002 288.383 358.37 551.417 877.707 400.979 804.692 441.78 658.167 288.877 778.337 352.24 798.542 603.511 960.485 249.808 696.221 908.958 242.769 
693.663 298.117 572.031 553.954 514.339 52.8015 821.243 594.021 178.885 939.673 305.38 997.016 566.559 954.682 682.356 516.954 655.617 593.526 375.005 932.174 780.217 651.464 256.72 387.398 378.926 594.455 949.067 267.925 190.515 399.731 438.771 637.323 737.271 513.585 537.565 536.889 641.028 282.158 674.413 274.367 567.173 931.709 508.781 75.6439 483.266 192.128 749.665 249.65 660.656 626.259 
445.325 114.232 496.19 550.136 703.96 243.502 636.227 477.699 224.511 969.444 130.545 1015.06 510.327 928.08 421.1 617.629 624.29 719.561 190.536 682.71 531.595 636.592 44.9444 630.906 307.148 544.281 765.006 477 170.179 157.003 704.006 440.223 605.486 272.259 529.623 687.884 556.059 454.981 608.135 331.122 368.782 952.794 336.174 220.81 506.676 473.77 602.961 66.4078 794.847 442.295 
558.757 765.6 179.36 121.511 474.178 656.489 423.757 242.86 517.929 321.179 782.2 360.168 152.411 280.957 597.762 270.15 38.8973 329.079 847.354 676.209 592.003 24.1868 672.06 592.112 350.407 119.57 491.415 508.207 546.101 546.21 685.689 411.17 264.458 518.787 138.514 380.132 159.615 454.129 109.33 401.643 419.029 300.486 385.549 666.432 195.028 662.55 302.881 694.136 372.285 380.592 
265.03 284.074 476.496 574.729 832.061 446.972 500.292 427.468 384.13 976.194 294.457 1011.01 503.37 896.748 228.845 700.846 617.486 808.26 308.469 489.612 344.781 640.279 255.196 794.001 351.256 535.628 620.987 634.505 336.506 136.033 877.243 318.121 520.096 144.589 554.923 794.392 517.653 598.82 576.754 447.881 263.03 954.364 272.239 426.814 557.826 664.489 504.774 273.3 882.987 333.952 
231.206 351.16 311.893 410.819 697.924 413.905 395.127 267.66 304.764 811.281 366.306 847.001 338.195 736.827 226.374 548.821 452.637 656.282 409.207 469.158 317.309 475.079 279.517 686.283 201.559 370.6 524.015 528.187 274.016 84.3801 777.059 199.123 376.671 56.4358 391.297 649.89 356.393 483.473 414.712 325.712 128.133 789.747 111.521 402.046 399.185 593.299 368.766 304.322 729.812 202.596 
412.689 484.608 143.224 175.237 469.47 399.01 427.954 174.385 254.772 593.57 501.203 638.437 142.941 557.324 432.695 302.106 250.392 409.011 566.973 612.288 480.418 260.192 391.063 498.959 69.527 174.929 546.531 357.795 272.281 281.78 596.665 288.17 314.968 295.169 154.625 409.381 212.151 301.877 250.06 169.517 245.687 576.327 181.463 403.6 150.443 477.213 333.88 413.265 481.702 263.03 
414.664 127.063 504.608 569.134 744.478 291.707 619.013 478.853 267.067 987.484 141.089 1030.96 521.829 937.625 386.747 649.463 637.227 753.047 184.391 649.25 499.673 651.952 89.3756 676.528 325.484 555.887 746.481 521.384 213 143.59 750.936 423.986 600.304 249.008 548.523 724.547 561.129 497.031 615.419 366.62 354.581 969.66 330.353 268.74 530.864 521.929 594.718 105.423 828.558 429.326 
841.628 495.707 632.88 572.051 386.699 245.489 925.534 675.707 307.885 898.546 502.715 960.927 616.294 950.884 838.58 465.01 678.317 510.137 571.013 1073.61 925.262 663.821 449.68 223.002 474.371 636.624 1047.2 183.992 346.071 564.2 249.826 759.592 814.73 667.432 561.036 440.178 699.035 234.009 717.398 332.388 695.684 896.975 630.448 271.413 495.529 25.1794 835.154 445.199 563.76 742.232 
389.514 626.355 23.5372 146.932 546.601 564.64 305.944 70.1783 420.298 492.443 642.947 525.556 50.8035 418.169 425.967 345.944 135.768 437.499 702.157 535.023 431.912 164.976 535.829 619.003 224.199 63.1269 407.933 496.856 433.813 385.996 717.447 242.052 163.371 346.092 138.571 465.45 46.2709 439.164 95.2103 330.28 244.444 469.591 213.56 568.327 196.703 631.573 192.003 559.722 498.08 211.059 
546.883 109.444 541.915 571.679 658.736 149.907 721.734 537.343 190.882 987.179 121.758 1037.42 549.455 965.064 525.481 603.464 657.864 698.556 197.649 785.738 633.79 664.624 62.9682 563.089 340.56 582.348 851.409 418.516 145.671 250.41 627.277 526.674 673.466 369.446 551.931 656.964 606.845 408.315 653.652 315.869 454.041 973.42 411.147 124.04 516.637 386.948 675.85 50.5668 772.146 524.462 
255.853 789.543 555.673 688.707 1080.47 898.338 260.768 480.309 783.617 929.453 800.853 931.754 591.338 774.848 279.804 886.019 646.873 979.235 813.354 18 168.671 682.807 743.589 1121.34 623.138 601.722 269.067 974.031 757.786 554.585 1218.4 335.716 416.625 436.085 679.3 1004.89 530.322 920.783 570.947 770.112 392.725 899.681 459.654 885.814 729.708 1066.33 377.985 765.935 1038.14 360 
754.63 965.932 389.139 310.345 511.476 831.464 579.221 447.772 701.402 111.018 982.398 156.984 362.527 162.788 796.827 351.4 247.988 344.384 1049.99 839.193 776.861 226.632 871.865 669.813 552.974 329.803 610.47 631.317 736.43 755.499 750.297 609.199 430.68 728.179 330.692 417.336 358.979 585.969 300.433 577.382 625.05 92.957 595.124 845.116 365.919 791.157 468.028 892.812 343.903 579.656 
429.284 583.378 59.3633 99.1413 474.676 496.488 381.932 126.779 353.01 502.412 600.011 543.843 43.1856 456.724 459.245 280.794 150.801 379.817 664.055 598.374 483.1 165.097 490.368 538.644 168.941 73.736 488.415 415.018 373.202 364.227 637.194 287.167 244.9 350.477 82.0244 398.741 123.227 357.325 151.199 253.505 269.03 483.249 219.659 502.524 123.167 550.96 272.002 513.039 446.061 257.154 
686.236 333.054 535.956 509.513 462.776 80.1561 798.234 563.257 155.631 889.524 342.094 947.444 528.015 908.847 678.735 464.866 612.647 540.542 414.48 922.658 771.804 606.805 279.26 342.041 349.494 554.61 924.653 215.928 181.838 399.169 400.151 619.395 706.329 508.084 493.855 483.91 604.847 229.142 635.284 232.551 551.11 882.148 489.719 107.168 437.293 160.162 720.902 276.557 607.622 606.064 
929.465 1171.97 586.847 516.405 662.773 1034.2 723.476 638.122 906.38 103.078 1188.46 51.614 563.264 202.485 974.737 536.956 447.234 502.096 1255.75 979.349 939.752 429.979 1077.93 834.656 758.446 529.689 723.156 818.78 942.257 957.423 904.602 789.015 593.03 922.467 536.691 577.26 547.491 777.856 487.811 781.543 813.971 113.23 790.641 1048.71 571.172 977.655 626.809 1098.94 475.067 761.158 
492.062 289.928 367.614 380.217 500.373 178.718 603.47 380.159 42.8019 793.565 305.413 844.553 368.816 778.052 488.567 415.554 471.259 515.276 379.148 726.419 576.55 475.017 198.829 445.539 166.364 400.056 731.205 286.356 48.8262 220.484 529.029 421.769 522.861 317.493 360.943 481.965 435.726 255.125 476.098 126.59 353.261 780.283 292.318 179.338 322.816 331.042 533.353 214.721 590.249 409.273 
452.374 154.457 456.606 501.352 646.421 205.117 623.221 445.394 167.431 920.403 171.026 967.512 467.848 885.736 434.066 561.293 579.974 662.616 239.207 691.937 539.541 590.263 61.0574 576.453 260.86 501.496 752.868 421.233 113.159 153.942 651.777 428.065 578.744 273.183 481 630.277 519.186 397.819 568.859 273.923 355.443 904.615 313.772 185.981 454.472 426.758 579.615 84.5813 737.811 426.142 
912.693 1152.78 568.206 497.205 647.309 1015.23 708.837 620.007 887.244 84.7585 1169.26 33.541 544.416 190.003 957.749 518.958 428.422 485.791 1236.58 965.39 923.926 410.932 1058.73 818.426 739.295 510.883 711 800.871 923.066 938.557 889.248 771.767 576.8 904.186 517.496 561.006 529.419 759.614 469.737 762.457 796.058 94.0213 772.231 1029.68 552.007 959.882 610.902 1079.74 460.435 743.765 
485.092 623.914 98.4124 41.5933 432.412 516.501 420.03 174.631 376.092 453.785 640.47 498.454 63.5138 423.405 516.047 232.177 117.72 327.029 706.883 646.694 536.296 121.202 530.094 511.744 209.476 68.4251 518.299 400.661 402.94 415.849 609.643 341.315 272.567 407.413 25.7099 351.518 142.274 343.494 146.997 264.201 326.221 436.299 277.115 525.259 85.2115 545.69 304.174 551.806 391.256 310.846 
382.001 275.812 333.242 385.778 588.069 267.346 516.722 323.062 154.564 804.838 292.453 849.831 345.579 763.574 376.276 471.526 459.004 577.201 355.951 618.807 467.611 471.208 184.253 551.82 142.144 379.427 646.261 392.135 124.169 111.126 638.412 326.241 459.071 205.105 365.199 555.788 395.627 354.035 445.49 203.158 254.568 787.779 201.95 258.681 346.831 443.776 462.572 208.147 652.739 318.889 
768.376 991.817 409.646 336.4 538.911 860.006 585.144 465.55 729.226 91.3893 1008.32 130.096 384.423 140.616 811.46 380.911 268.881 371.872 1075.4 845.072 787.65 249.898 897.805 698.522 578.07 351.216 610.129 660.928 763.629 778.25 778.338 624.039 440.13 747.754 356.587 445.286 375.826 615.556 316.59 605.598 642.686 68.4105 615.028 873.43 393.761 820.769 476.79 918.97 368.456 594.92 
601.007 903.37 294.81 287.92 622.524 817.108 398.814 326.711 675.563 272.222 919.997 280.492 284.201 143.402 647.124 426.954 183.636 463.862 980.224 657.986 610.44 193.023 811.815 754.29 493.092 251.623 420.954 676.938 698.385 662.959 845.367 463.418 263.577 609.886 302.524 525.978 238.533 623.16 183.052 564.845 495.718 242.596 483.017 825.126 363.27 831.655 297.405 835.235 488.427 436.94 
777.371 966.207 403.071 312.508 479.843 822.247 610.516 465.842 695.628 109.836 982.558 167.371 374.066 200.831 818.352 329.735 262.772 313.077 1051.47 870.164 803.059 237.118 872.104 642.007 556.249 342.568 646.307 611.433 732.924 763.692 720.124 630.835 459.132 742.428 333.11 387.164 378.984 568.293 321.927 570.232 642.673 102.489 609.147 836.985 361.386 771.065 497.016 892.391 307.584 600.808 
