100 50 22
777 335 649 27 763 426 211 429 862 135 22 167 11 373 784 324 413 980 862 281 84 505 313 895 814 364 87 178 403 399 676 12 94 570 467 902 652 280 865 619 31 771 709 856 586 683 528 829 270 715 
340000 149000 796000 723000 618000 245000 846000 451000 921000 555000 379000 488000 764000 228000 841000 350000 193000 500000 34000 764000 124000 914000 
15 15 9 9 3 19 11 19 15 13 21 14 6 0 15 21 12 9 13 16 10 3 12 0 12 18 3 4 10 20 6 2 4 16 5 15 1 12 5 12 1 17 4 12 18 14 21 6 0 11 13 15 21 19 7 20 8 21 14 0 17 7 16 2 1 20 6 1 20 0 17 3 21 9 18 3 16 18 10 14 21 18 0 6 15 9 5 15 11 11 8 0 14 20 1 0 14 2 13 20 
4.94144 0.773369 5.32824 5.78261 7.03855 2.1473 6.84036 5.18768 2.25488 9.97128 0.938616 10.4455 5.44737 9.627 4.69256 6.31495 6.57123 7.30756 1.64012 7.31167 5.8028 6.6745 0.172047 6.19001 3.38053 5.78448 8.1303 4.6946 1.72931 2.05295 6.87215 4.88016 6.49268 3.21237 5.57951 6.94508 5.94577 4.53171 6.45061 3.42476 4.16236 9.81548 3.81115 1.89781 5.30076 4.50389 6.4802 0.186011 8.05472 4.89254 
5.43854 8.10264 2.03494 1.94023 5.54982 7.20573 3.75055 2.46343 5.79008 3.15626 8.26906 3.40847 1.89307 2.29611 5.86986 3.52121 0.881419 4.05558 8.88541 6.33569 5.65406 1.0412 7.18093 6.74523 3.98026 1.5608 4.2671 5.87777 6.02231 5.7541 7.68147 3.99696 2.21002 5.31266 2.07408 4.60109 1.55657 5.32857 0.962133 4.68706 4.2174 2.89696 4.00769 7.28563 2.70267 7.40355 2.59124 7.41232 4.42597 3.7085 
7.15489 3.6161 5.53263 5.19736 4.46817 1.08462 8.2226 5.83823 1.82538 8.91176 3.70066 9.50081 5.4353 9.16758 7.08798 4.62555 6.24087 5.33274 4.41453 9.51237 8.00756 6.1652 3.10337 3.1797 3.71598 5.69004 9.47931 2.01792 2.12151 4.3001 3.72022 6.45657 7.26509 5.37939 5.04896 4.73762 6.21901 2.22623 6.50062 2.47291 5.78122 8.84865 5.15824 1.353 4.46052 1.29294 7.42262 3.06961 5.98379 6.31506 
6.60212 7.40074 2.68881 1.34952 3.04253 5.80056 5.72965 3.45951 4.58507 3.5287 7.56003 4.11001 2.32207 3.95001 6.91185 1.04403 1.87211 1.63371 8.2788 8.13089 7.09389 1.54156 6.46747 4.32685 3.48589 2.17568 6.54003 3.74092 4.99937 5.67866 5.22732 5.15637 4.15554 5.76102 1.5003 2.09898 2.89993 3.27246 2.61094 3.31904 5.01009 3.45776 4.4916 5.95836 1.38654 5.3373 4.5204 6.65111 2.19173 4.84934 
4.12698 5.99854 0.276586 1.12872 5.02309 5.2318 3.5195 1.00846 3.79158 4.96291 6.16497 5.34627 0.228035 4.39602 4.4522 3.05084 1.38852 4.01061 6.78677 5.73283 4.62391 1.59512 5.07687 5.70088 1.88854 0.565685 4.56806 4.47219 3.96561 3.71397 6.68596 2.67854 2.1285 3.47081 0.997246 4.23987 0.917824 3.89525 1.25419 2.83591 2.57126 4.75635 2.14189 5.28251 1.50801 5.82742 2.40508 5.30905 4.65017 2.37228 
6.83159 4.02061 4.81864 4.38244 3.75659 1.60153 7.66079 5.19311 1.54923 8.04866 4.13146 8.63873 4.68984 8.32714 6.82309 3.7663 5.43575 4.50156 4.87943 9.13534 7.65969 5.34268 3.34215 2.71002 3.14127 4.92546 8.8896 1.29077 2.01547 4.14403 3.43076 5.98695 6.60231 5.11626 4.24341 3.93514 5.49627 1.38708 5.73847 1.7596 5.35051 7.98677 4.69605 1.85324 3.63435 1.39176 6.78795 3.37251 5.17108 5.81437 
6.67171 8.78093 2.97069 2.23573 4.85989 7.53489 5.05199 3.5691 6.19718 2.03027 8.94625 2.44125 2.70512 1.95092 7.08316 3.02273 1.55913 3.22889 9.61252 7.63944 6.93343 1.35281 7.84166 6.29858 4.63816 2.37699 5.50328 5.7247 6.52228 6.63895 7.16694 5.20747 3.51172 6.36242 2.4343 3.89281 2.69164 5.2318 2.11747 4.97981 5.34083 1.82877 5.03126 7.65718 2.85524 7.31454 3.89416 8.05584 3.42654 4.90805 
6.31656 3.77669 4.36715 4.02449 3.9057 1.55589 7.15668 4.70979 1.08167 7.83164 3.90124 8.40524 4.25921 8.0111 6.31419 3.63127 5.06333 4.45907 4.65907 8.61701 7.14267 4.99545 3.023 3.06491 2.6341 4.5104 8.39231 1.52329 1.58858 3.66285 3.85253 5.47011 6.12722 4.6101 3.87242 3.9579 5.05071 1.41326 5.32159 1.29988 4.83203 7.75217 4.17825 1.76641 3.29645 1.91031 6.30252 3.08585 5.16242 5.3 
3.74363 9.14025 5.75083 6.98896 11.0282 9.93866 2.50569 5.07711 8.67666 8.68254 9.26607 8.60285 6.07213 6.99687 4.10099 8.99764 6.35437 9.82748 9.46599 1.72931 2.94015 6.71059 8.58386 11.671 6.87554 6.08911 1.80854 10.2972 8.49744 6.63231 12.6557 4.03943 4.03967 5.44493 6.93851 10.1915 5.32665 9.73732 5.5928 8.33031 4.72908 8.37733 5.33769 9.84569 7.52875 11.3886 3.68348 8.82052 10.3361 4.19344 
6.21911 4.13088 3.99805 3.57476 3.55557 2.02475 6.89231 4.39355 1.26143 7.34832 4.26395 7.92306 3.86514 7.54573 6.255 3.15527 4.62252 4.00586 5.02355 8.47172 7.0234 4.5412 3.32453 2.91481 2.39827 4.10099 8.10558 1.31939 1.804 3.71652 3.77719 5.2791 5.79331 4.5722 3.42987 3.53375 4.6736 1.04924 4.91395 0.957549 4.67462 7.27001 4.00582 2.22194 2.83623 2.12897 5.98873 3.41481 4.71968 5.08803 
4.67898 2.35593 3.95942 4.24223 5.58789 1.786 6.03664 3.97669 0.851469 8.41259 2.51549 8.90484 4.01932 8.16882 4.58912 4.72547 5.0966 5.73283 3.23804 7.05931 5.54173 5.16551 1.42636 4.97953 1.93352 4.34577 7.32918 3.39991 0.382884 1.80069 5.78247 4.14609 5.37678 2.88617 4.04309 5.40833 4.62122 3.12079 5.07063 1.84491 3.43198 8.26784 2.88735 1.70329 3.71962 3.67496 5.44111 1.60702 6.4841 4.06263 
2.27695 3.12554 4.11709 5.12551 7.85504 4.38634 4.46287 3.62178 3.56477 9.11492 3.25228 9.4591 4.39118 8.31515 2.01162 6.45697 5.52794 7.5326 3.51552 4.63068 3.12771 5.7607 2.64426 7.58721 2.95975 4.71123 5.70148 5.99083 3.14102 0.970618 8.45385 2.58544 4.57073 0.807094 4.92979 7.43017 4.52355 5.59483 5.11469 4.04605 1.99692 8.89477 2.07002 4.21391 4.99049 6.43457 4.43199 2.86163 8.27436 2.72154 
8.7395 6.72037 5.64907 4.60831 1.45413 4.2592 8.87119 6.28666 4.03609 6.97672 6.83079 7.62287 5.36851 7.82545 8.85037 2.89588 5.58187 2.94335 7.57673 10.832 9.47828 5.3324 6.01652 0.392046 4.7915 5.45011 9.93735 1.48337 4.56986 6.47893 1.3274 7.58829 7.48484 7.23001 4.5821 2.19203 6.19271 1.83774 6.17246 3.41317 7.09989 7.01685 6.42478 4.5233 3.92003 2.30853 7.777 6.06321 3.33326 7.34098 
0.340147 5.59904 4.2534 5.57431 9.16081 6.72591 2.67526 3.50001 5.65984 8.84882 5.71686 9.0323 4.61624 7.61757 0.520384 7.38366 5.49659 8.40788 5.88647 2.14107 0.644981 5.82516 5.12711 9.31125 4.28664 4.83004 3.66285 7.76918 5.3521 3.25719 10.2539 1.78003 3.60569 2.09246 5.42905 8.52188 4.28169 7.27479 4.83182 5.71077 2.0096 8.57848 2.66661 6.58684 5.78342 8.53544 3.29164 5.35004 9.07943 2.09002 
8.31633 4.75943 6.32712 5.76254 4.04797 2.27059 9.2126 6.73374 2.97039 9.10043 4.82673 9.72044 6.17279 9.58718 8.27436 4.7598 6.82552 5.24585 5.50455 10.6483 9.15796 6.69108 4.31885 2.43559 4.69294 6.38546 10.4388 1.94031 3.32962 5.51294 2.71647 7.52734 8.13354 6.5627 5.64588 4.55581 6.99475 2.411 7.19576 3.29619 6.87867 9.07838 6.23238 2.52606 4.99842 0.358469 8.32904 4.26719 5.79719 7.36098 
7.08363 7.55066 3.20214 1.85586 2.52539 5.79124 6.28182 3.97316 4.6664 3.65876 7.70611 4.27481 2.83651 4.30465 7.37629 0.686586 2.42887 1.07703 8.43976 8.66585 7.60124 2.09423 6.62942 3.91472 3.7893 2.71312 7.09801 3.50561 5.11786 5.99001 4.78093 5.65279 4.7111 6.15877 1.98295 1.56707 3.44804 3.09386 3.16891 3.40708 5.46824 3.63325 4.92123 5.96913 1.72131 5.10053 5.07427 6.79854 1.67287 5.34817 
1.62641 4.1653 3.01942 4.17354 7.3814 4.85956 3.28976 2.43282 3.72361 7.99 4.31045 8.29873 3.33305 7.09717 1.66412 5.75256 4.42109 6.81535 4.68028 3.98016 2.47073 4.687 3.49654 7.40316 2.41698 3.62861 4.5653 5.84377 3.44768 1.53062 8.33326 1.35093 3.30341 0.461411 3.99326 6.82663 3.33952 5.36554 3.93611 3.79057 0.730068 7.75596 0.98656 4.74562 4.19005 6.59024 3.16708 3.74144 7.53011 1.45798 
3.94635 3.386 2.75986 3.18925 5.32989 2.86398 4.94065 2.76957 1.50479 7.38221 3.55203 7.84115 2.84529 7.01944 3.97454 4.06341 3.95779 5.12762 4.21228 6.24109 4.76598 4.06208 2.45204 5.12372 0.766094 3.17907 6.21933 3.54249 1.44125 1.64149 6.03195 3.13651 4.18019 2.30326 2.98402 4.94872 3.41369 3.09944 3.87769 1.52778 2.46854 7.21649 1.83831 2.83933 2.78887 4.28599 4.26358 2.67755 5.88151 3.00167 
2.53298 7.92526 5.23883 6.55735 10.5101 8.8925 2.20484 4.49678 7.70211 8.87144 8.0449 8.88699 5.59035 7.3146 2.84164 8.54365 6.09944 9.458 8.21005 0.522015 1.68514 6.45963 7.41939 10.9746 6.02934 5.67789 2.2546 9.52494 7.47062 5.49676 11.9503 3.14111 3.78144 4.30443 6.47148 9.73598 4.95104 8.98386 5.33646 7.50067 3.758 8.57282 4.41367 8.77903 6.99546 10.4985 3.39559 7.64924 10.0335 3.36091 
8.53353 7.52354 4.98186 3.74037 0.311448 5.25179 8.21416 5.70812 4.62031 5.46206 7.65506 6.11138 4.64814 6.44002 8.72968 1.75727 4.56355 1.43283 8.41457 10.4134 9.18229 4.26005 6.70774 1.92634 4.71103 4.63797 9.15478 2.38657 5.15912 6.72241 2.63919 7.22669 6.71018 7.24754 3.77943 0.696348 5.40374 2.35648 5.24948 3.62552 6.86331 5.52204 6.22088 5.49353 3.20975 3.71203 7.0446 6.80664 1.77553 6.94606 
6.93745 7.47407 3.05138 1.70511 2.64802 5.75407 6.13013 3.82251 4.60449 3.6494 7.63053 4.25699 2.68555 4.23212 7.23279 0.730068 2.2832 1.22801 8.36086 8.51374 7.45161 1.95167 6.54941 3.99722 3.67462 2.56082 6.95018 3.52955 5.04723 5.87553 4.8764 5.50436 4.56032 6.02685 1.83469 1.69614 3.29597 3.09968 3.02026 3.34117 5.32541 3.61122 4.78302 5.9268 1.59452 5.1272 4.92295 6.72216 1.82222 5.19939 
0.866487 5.60108 3.13536 4.469 8.16854 6.29076 1.95226 2.37356 5.07351 7.72653 5.74003 7.92738 3.50069 6.54671 1.32593 6.3274 4.35839 7.33219 6.04948 2.66625 1.30924 4.68837 4.96695 8.45224 3.44398 3.70195 3.16639 6.95696 4.85684 3.00193 9.41523 0.662873 2.53308 1.8422 4.33263 7.48575 3.14306 6.43281 3.695 4.91076 1.13358 7.45985 1.80325 6.19155 4.72827 7.87467 2.25601 5.20999 7.9883 0.968762 
3.48827 3.48794 2.59856 3.22025 5.68516 3.25498 4.5356 2.49147 1.94178 7.39032 3.65409 7.8206 2.74007 6.91527 3.52575 4.30409 3.88742 5.3776 4.26645 5.78236 4.30633 4.03053 2.58213 5.55446 0.8228 3.08026 5.82244 3.98152 1.81033 1.37928 6.47213 2.697 3.86679 1.87385 3.01438 5.25095 3.21459 3.5223 3.72003 1.9434 2.01718 7.20875 1.40389 3.20751 2.92159 4.74523 3.92005 2.82312 6.12595 2.57769 
5.49459 7.6286 1.7254 1.23471 4.83257 6.5722 4.13011 2.34386 5.17936 3.27341 7.79475 3.64907 1.46986 2.81149 5.88778 2.78692 0.313847 3.39165 8.44126 6.6562 5.82031 0.288617 6.69481 5.99437 3.47697 1.136 4.80817 5.13391 5.45162 5.41133 6.93382 4.01966 2.53728 5.11766 1.39463 3.89513 1.50083 4.58926 0.988585 4.02866 4.10946 3.06007 3.78613 6.66753 1.98252 6.67027 2.92166 6.91741 3.82873 3.71465 
5.7649 5.70629 2.37124 1.48637 3.06341 4.10078 5.60029 3.02538 2.86175 5.22067 5.86315 5.7753 2.09955 5.37584 5.97369 1.45344 2.54772 2.52517 6.59267 7.67294 6.414 2.41033 4.78127 3.608 2.05477 2.21894 6.66127 2.48387 3.28536 4.22238 4.59234 4.46319 4.21284 4.55923 1.39284 2.45231 2.93437 1.92003 2.99541 1.59552 4.09518 5.12299 3.46113 4.24747 0.721803 3.98453 4.49952 4.95452 3.27515 4.18836 
1.0469 6.04239 3.26725 4.61307 8.41215 6.71658 1.57471 2.49596 5.47943 7.66416 6.18052 7.83001 3.63373 6.40252 1.54858 6.52396 4.40018 7.50457 6.48069 2.33403 1.15156 4.7427 5.41097 8.76762 3.79033 3.80147 2.74634 7.29496 5.2783 3.44581 9.73725 0.910494 2.39585 2.28493 4.49169 7.6972 3.18057 6.76096 3.69846 5.26156 1.52322 7.38922 2.17083 6.62197 4.93401 8.25671 2.07509 5.65406 8.13969 1.16846 
4.74709 1.74413 4.48092 4.8353 6.12148 1.73971 6.33456 4.43086 1.32371 9.01399 1.90434 9.50007 4.56606 8.7333 4.59308 5.32977 5.6646 6.3287 2.62619 7.14413 5.61883 5.74718 0.815414 5.39912 2.47825 4.89781 7.63207 3.85064 0.780897 1.76491 6.15111 4.39969 5.79871 2.94279 4.63441 5.98411 5.12657 3.62802 5.60022 2.44199 3.67349 8.86539 3.20306 1.57201 4.32759 3.91051 5.83175 0.997046 7.07791 4.35543 
7.63273 4.89401 5.26339 4.60541 3.09613 2.39852 8.27162 5.73362 2.44624 7.91624 4.9961 8.53285 5.07963 8.39447 7.65405 3.57393 5.6674 4.11947 5.73331 9.89315 8.44233 5.51871 4.25206 1.82214 3.81072 5.27031 9.46177 0.757694 2.93157 5.0312 2.5088 6.69669 7.09975 5.95836 4.49961 3.464 5.91346 1.22066 6.07421 2.3461 6.09606 7.88914 5.42687 2.66543 3.84012 0.870057 7.32149 4.27057 4.71615 6.50007 
5.65662 3.92227 3.53276 3.25498 3.87738 2.12876 6.35106 3.88012 0.975295 7.19651 4.0671 7.74796 3.4321 7.2654 5.69956 3.16413 4.27454 4.10742 4.82121 7.90607 6.4585 4.23019 3.05491 3.42113 1.84166 3.69135 7.57552 1.82779 1.49345 3.21442 4.31129 4.71645 5.294 4.02505 3.09128 3.72336 4.2174 1.44392 4.5001 0.47 4.10903 7.09627 3.44073 2.27178 2.55738 2.67367 5.47439 3.18071 4.84679 4.52902 
4.43353 5.11892 1.38654 1.44257 4.39386 4.10903 4.42652 1.84716 2.68002 5.63565 5.28411 6.1001 1.29314 5.34879 4.65099 2.67421 2.27759 3.74021 5.95668 6.37075 5.08615 2.33808 4.17938 4.78023 1 1.5807 5.57374 3.42808 2.91405 3.16484 5.76303 3.14312 3.19776 3.30438 1.23746 3.76384 2.0677 2.85748 2.37217 1.68315 2.76442 5.47219 2.13965 4.17647 1.14756 4.7067 3.42184 4.3942 4.46405 2.87689 
6.04901 7.14228 2.12132 0.801561 3.53278 5.71545 5.15414 2.89014 4.42109 3.6342 7.30458 4.16573 1.75514 3.77737 6.3702 1.47299 1.33959 2.20411 8.0055 7.5519 6.52511 1.04101 6.20249 4.6845 3.11006 1.59703 5.98459 3.92046 4.79153 5.27266 5.61729 4.59514 3.58491 5.2754 0.976729 2.6163 2.32166 3.4053 2.0538 3.17448 4.47644 3.51605 3.98339 5.85103 1.07713 5.49524 3.94681 6.39941 2.77016 4.28696 
5.95552 1.56259 5.57197 5.73266 6.2357 0.970206 7.58489 5.60389 1.778 9.83108 1.65076 10.3565 5.61001 9.71796 5.76657 5.85226 6.64959 6.75663 2.3816 8.35103 6.82719 6.68588 1.20615 5.17357 3.54158 5.92839 8.88217 3.79179 1.45962 2.97015 5.77055 5.65279 6.99861 4.1616 5.54239 6.29229 6.24079 3.75659 6.67428 3.04095 4.92666 9.71004 4.44627 0.700643 5.12821 3.3353 7.0512 1.08784 7.47773 5.60515 
3.74001 3.49185 2.61358 3.12815 5.45011 3.07903 4.72017 2.58118 1.72812 7.31498 3.65826 7.76091 2.72208 6.90192 3.78114 4.11306 3.85203 5.18348 4.29829 6.02438 4.55397 3.97373 2.56759 5.29967 0.692026 3.05949 6.00051 3.72602 1.64779 1.56349 6.21662 2.91302 3.98246 2.1272 2.92205 5.03526 3.25443 3.26841 3.7353 1.69 2.24715 7.14183 1.61474 3.04792 2.77737 4.50241 4.0571 2.80059 5.93466 2.77849 
0.70214 4.74979 4.12317 5.37894 8.73066 5.94607 3.23989 3.42462 4.95036 8.94687 4.86763 9.18769 4.46912 7.85493 0.368917 7.06135 5.46452 8.11382 5.0467 2.98216 1.49282 5.7671 4.29111 8.74443 3.77115 4.72705 4.35295 7.17541 4.60566 2.46223 9.66603 1.8071 3.86063 1.35591 5.21311 8.15724 4.28805 6.70835 4.87155 5.13024 1.70423 8.69154 2.25869 5.79525 5.47851 7.84103 3.60436 4.51054 8.81477 2.08655 
4.50126 4.88723 1.65747 1.66964 4.32297 3.82832 4.63366 2.07183 2.40142 5.85773 5.0517 6.33455 1.57458 5.61413 4.69086 2.70313 2.54615 3.77763 5.73464 6.50526 5.18531 2.59139 3.94635 4.61069 0.833847 1.86132 5.80149 3.21602 2.64764 3.0331 5.58917 3.26443 3.44819 3.27185 1.4682 3.74489 2.34233 2.65189 2.65377 1.41057 2.83233 5.70202 2.18197 3.89782 1.26625 4.45499 3.65919 4.15616 4.51453 3.01204 
9.58188 6.64536 6.89123 5.98385 2.92015 4.11692 10.0381 7.45735 4.4236 8.52406 6.72441 9.17098 6.6485 9.36144 9.62106 4.41118 7.00061 4.48786 7.42195 11.8027 10.3762 6.77747 6.11337 1.16211 5.69453 6.77529 11.1717 2.19659 4.8932 7.01294 0.819878 8.57723 8.74662 7.93254 5.929 3.73551 7.4877 2.75661 7.53704 4.22641 8.01057 8.56675 7.33485 4.3842 5.25224 1.75183 9.00869 6.09594 4.8316 8.36035 
5.49015 1.40801 7.00298 7.64933 9.06353 3.9302 7.83181 6.70671 4.29317 11.8373 1.31004 12.2755 7.1826 11.3321 5.09192 8.33471 8.33783 9.33906 0.653911 7.62607 6.25051 8.48539 2.20617 8.12287 5.21199 7.5231 9.05681 6.68231 3.76782 3.31485 8.73002 5.94542 7.84873 4.14638 7.44339 8.98408 7.55149 6.55515 8.10432 5.45162 5.30769 11.6613 5.17847 3.66012 7.23802 6.27976 7.75243 2.0948 10.0882 6.05367 
7.74247 6.79651 4.28155 3.11002 1.0824 4.61395 7.52644 4.98478 3.86747 5.45514 6.93312 6.09295 3.96406 6.21514 7.92879 1.27883 4.02336 1.52118 7.69231 9.66431 8.40636 3.75257 5.95778 2.00823 3.89882 3.99112 8.51621 1.86207 4.40028 5.91069 2.90849 6.45786 6.0604 6.43479 3.11931 0.885268 4.75279 1.68107 4.66004 2.82492 6.07253 5.46996 5.42388 4.84257 2.50338 3.36859 6.37967 6.06862 2.13038 6.18295 
5.98141 1.24868 7.20884 7.75867 8.88978 3.63189 8.25258 6.97132 4.1924 11.9515 1.10059 12.413 7.36202 11.5353 5.60357 8.29781 8.50527 9.27302 0.360694 8.1678 6.765 8.62951 2.17083 7.84857 5.33401 7.70208 9.4976 6.46574 3.69424 3.60451 8.4043 6.33537 8.17309 4.5407 7.55414 8.87471 7.7881 6.38928 8.32339 5.40638 5.67081 11.7886 5.47883 3.36363 7.29638 5.93216 8.10104 1.99972 10.0144 6.42067 
5.8698 0.483322 6.38193 6.77027 7.62992 2.35325 7.87869 6.25873 3.00629 10.9423 0.417253 11.4342 6.48726 10.6622 5.57459 7.13238 7.59701 8.07845 1.00045 8.19909 6.71431 7.6837 1.21264 6.56967 4.40583 6.82191 9.16289 5.19432 2.54876 3.08585 7.13511 5.91977 7.56477 4.20576 6.57001 7.64944 7.00803 5.13802 7.50435 4.25607 5.20862 10.7979 4.87943 2.08471 6.24375 4.67039 7.54852 0.970824 8.81165 5.94564 
7.52091 6.51627 4.13192 3.00987 1.32834 4.34815 7.37653 4.81798 3.58603 5.58707 6.65331 6.21885 3.82598 6.27214 7.69708 1.31244 3.96244 1.73104 7.41237 9.47439 8.19752 3.70941 5.67631 2.00192 3.65268 3.87475 8.39181 1.64305 4.11869 5.64256 2.94272 6.2562 5.93448 6.186 3.00167 1.14621 4.63039 1.41651 4.57083 2.54867 5.85239 5.58793 5.19802 4.57395 2.36241 3.18849 6.24465 5.78769 2.37626 5.98602 
6.86476 3.27185 5.40626 5.15598 4.70473 0.74 8.00885 5.67067 1.57582 8.96666 3.36013 9.5448 5.33094 9.15219 6.78405 4.72382 6.18496 5.48293 4.08104 9.23275 7.72219 6.12945 2.74898 3.48891 3.52955 5.59915 9.27548 2.2366 1.81571 3.98207 4.06044 6.21203 7.10211 5.07947 4.99808 4.91717 6.09555 2.36907 6.40488 2.38019 5.52598 8.89181 4.91636 1.01005 4.43633 1.64685 7.2444 2.71627 6.15417 6.08217 
7.97161 9.08204 4.04623 2.83805 3.5137 7.38848 6.67488 4.77821 6.2367 2.18215 9.24048 2.82781 3.69818 3.28824 8.32948 2.24662 2.81114 1.86003 9.96266 9.21811 8.35733 2.46343 8.15081 5.18117 5.15353 3.45058 7.23747 5.03607 6.66888 7.33224 5.9276 6.49604 5.08932 7.32548 3.02952 2.61094 4.02657 4.66451 3.5513 4.97109 6.46777 2.2311 6.01752 7.56372 3.06297 6.61272 5.47537 8.33142 1.77792 6.18634 
3.44071 5.94577 0.509902 1.8554 5.76095 5.50004 2.81517 0.262488 4.06177 5.38177 6.11072 5.69959 0.876641 4.57739 3.79676 3.79812 1.82497 4.7529 6.67803 4.9855 3.89525 2.11747 5.05835 6.37248 2.06022 1.08374 3.92623 5.07326 4.14135 3.4723 7.3584 1.97162 1.5632 3.00962 1.73954 4.98648 0.773369 4.49979 1.35281 3.27983 1.97649 5.14884 1.69452 5.51567 2.24415 6.34521 1.77124 5.30212 5.38199 1.66193 
5.20247 8.79755 2.82931 3.24785 6.99203 8.24491 2.98171 2.88106 6.80331 3.78338 8.96177 3.79179 2.86211 2.25568 5.6857 4.95892 2.21109 5.48523 9.50781 5.5459 5.19234 2.45522 7.91692 8.15807 4.85412 2.60233 3.11642 7.21084 6.95041 6.25633 9.10412 3.93137 1.84505 5.55989 3.33793 6.04268 2.15195 6.64783 1.79045 5.82001 4.37659 3.48144 4.39063 8.29026 4.00704 8.69186 2.11152 8.16128 5.81629 3.70527 
5.10529 8.26027 2.19829 2.48395 6.24501 7.56897 3.18077 2.4067 6.13313 3.55439 8.42589 3.69381 2.17348 2.33431 5.56386 4.20195 1.44222 4.768 9.00419 5.7807 5.22422 1.69198 7.35942 7.38999 4.22538 1.8868 3.58776 6.44829 6.31219 5.79379 8.3377 3.72508 1.74451 5.21276 2.58118 5.30212 1.56589 5.88743 1.09444 5.10662 4.06007 3.26933 3.96551 7.62696 3.24575 7.9394 2.09848 7.59908 5.13982 3.46152 
5.38781 6.71591 1.46328 0.166433 4.01005 5.48689 4.56228 2.23376 4.1234 4.03091 6.88044 4.50729 1.09659 3.88666 5.71071 1.95256 0.994636 2.81149 7.56017 6.91714 5.86837 0.858429 5.77509 4.98198 2.6021 0.970618 5.45678 4.02492 4.43928 4.71123 5.94427 3.93468 3.0206 4.64691 0.372022 3.14201 1.72514 3.47196 1.56605 2.93164 3.82027 3.87332 3.34201 5.5963 0.851469 5.54593 3.36786 5.98445 3.41353 3.62679 
9.19405 8.24738 5.54813 4.25738 0.588303 5.94348 8.75042 6.29321 5.35322 5.39129 8.37705 6.03988 5.20159 6.55049 9.40608 2.24956 4.98655 1.56247 9.13622 11.0149 9.82024 4.65997 7.43888 2.28974 5.41503 5.15644 9.63606 3.05761 5.89293 7.45043 2.77723 7.85863 7.214 7.95108 4.32187 1.05394 5.91822 3.0769 5.70748 4.36033 7.5257 5.49097 6.89377 6.19022 3.80237 4.26433 7.56191 7.53441 1.5632 7.57154 
5.70846 8.36915 2.31249 2.11946 5.57215 7.42873 3.95828 2.74935 6.02103 2.88434 8.53558 3.12463 2.15604 2.02467 6.1437 3.57302 1.08669 4.03555 9.15684 6.55222 5.90689 1.17154 7.4449 6.82739 4.23784 1.8197 4.40855 6.01631 6.26616 6.03511 7.75118 4.27286 2.44524 5.59866 2.26874 4.61417 1.84253 5.47537 1.24808 4.8974 4.50188 2.62057 4.29337 7.51475 2.87211 7.55858 2.82144 7.67477 4.36094 3.98648 
6.11191 8.62986 2.62452 2.23486 5.41128 7.58631 4.36327 3.11448 6.19852 2.48284 8.79619 2.75187 2.42887 1.79109 6.54331 3.46655 1.29004 3.82753 9.43231 6.95932 6.31805 1.2596 7.69925 6.74633 4.48232 2.0883 4.77671 6.02519 6.47158 6.35007 7.64956 4.66999 2.85701 5.95756 2.40651 4.44568 2.20912 5.5 1.61245 5.03724 4.87791 2.22569 4.64221 7.68503 2.9561 7.59016 3.23262 7.92456 4.09552 4.38056 
5.65107 7.19467 1.71572 0.638905 4.12029 5.95716 4.60679 2.46033 4.60197 3.55692 7.35942 4.02616 1.36624 3.42584 6.00004 2.05801 0.751665 2.76796 8.03592 7.04577 6.07705 0.474342 6.25412 5.23483 3.07044 1.13111 5.40631 4.38316 4.92164 5.15102 6.17836 4.18019 3.02557 5.02558 0.8422 3.20339 1.79627 3.8452 1.47635 3.40026 4.13628 3.39413 3.70401 6.07076 1.29031 5.9319 3.39438 6.46469 3.29188 3.87021 
5.21982 2.16453 4.46025 4.6322 5.55195 1.22188 6.61346 4.52134 0.782943 8.76037 2.30887 9.27373 4.49361 8.60598 5.1069 4.9023 5.53586 5.86441 3.06341 7.60796 6.08664 5.57883 1.32774 4.76518 2.43074 4.81175 7.90555 3.23187 0.344384 2.2858 5.50718 4.7223 5.93142 3.41784 4.43921 5.47292 5.13277 3.04587 5.55925 2.02299 4.00676 8.63023 3.46439 1.12641 4.05216 3.27361 6.00521 1.42804 6.60497 4.63985 
5.23689 1.46414 6.84202 7.52475 9.05647 3.99606 7.59627 6.52442 4.26808 11.7062 1.39262 12.1351 7.03143 11.1676 4.83414 8.26904 8.18952 9.28433 0.840238 7.3621 5.99164 8.34589 2.17862 8.16354 5.08842 7.37153 8.815 6.69914 3.73472 3.13423 8.79446 5.72098 7.64391 3.92379 7.31861 8.94859 7.3782 6.54941 7.9368 5.39676 5.09309 11.5253 4.98623 3.7271 7.13474 6.35932 7.53956 2.09614 10.0359 5.83658 
5.98506 1.28456 5.80983 6.01985 6.57392 1.27769 7.71093 5.80675 2.09124 10.1365 1.35447 10.6561 5.86285 9.99124 5.76945 6.18361 6.91978 7.09346 2.0662 8.37342 6.85412 6.96656 1.12606 5.49307 3.78217 6.18561 9.00832 4.1268 1.73185 3.01811 6.07053 5.76514 7.1858 4.20933 5.82715 6.6319 6.47112 4.09649 6.91948 3.35753 5.03829 10.0111 4.5907 1.00841 5.42996 3.61865 7.22281 0.947945 7.81584 5.73468 
7.74665 9.56831 3.9773 3.04095 4.66978 8.11032 6.11569 4.61736 6.85073 1.20934 9.73153 1.79622 3.68057 2.12132 8.15177 3.17052 2.58105 3.00167 10.4235 8.70933 8.01706 2.31262 8.62744 6.29007 5.47759 3.37001 6.49888 5.98833 7.22806 7.56345 7.07181 6.27809 4.59004 7.36848 3.24711 3.74204 3.75694 5.55932 3.19312 5.59473 6.38238 1.14983 6.03583 8.25955 3.51336 7.58426 4.97081 8.82878 2.95447 5.97629 
6.42795 1.51611 6.20613 6.3607 6.67261 1.31484 8.15738 6.22685 2.3914 10.4432 1.54146 10.9745 6.24568 10.3509 6.20556 6.41412 7.28358 7.28871 2.16816 8.81385 7.29609 7.31665 1.55193 5.48894 4.1758 6.56403 9.45487 4.20595 2.09504 3.46562 6.00257 6.21303 7.61412 4.65611 6.17171 6.79272 6.87346 4.23595 7.30953 3.64446 5.48614 10.3267 5.03287 1.07378 5.74625 3.52512 7.65755 1.35074 7.99801 6.18026 
4.90486 7.84297 1.76477 2.05934 5.90699 7.11848 3.18277 2.04355 5.68356 3.69088 8.0089 3.90083 1.72386 2.65279 5.34619 3.84896 1.04809 4.48068 8.59782 5.76534 5.0948 1.34183 6.93638 6.99638 3.78541 1.43503 3.74626 6.01973 5.86805 5.40882 7.95178 3.48174 1.64012 4.88215 2.1456 4.97749 1.164 5.45587 0.64846 4.6552 3.75373 3.42161 3.60636 7.17798 2.81585 7.50025 2.02062 7.17432 4.90153 3.20206 
8.05105 8.81082 4.11122 2.8211 2.94822 7.01128 6.92243 4.86806 5.92112 2.73359 8.96621 3.38213 3.75012 3.83693 8.38373 1.83221 3.00137 1.30384 9.69981 9.42497 8.48892 2.6417 7.88926 4.63001 4.99892 3.54189 7.56419 4.55817 6.37709 7.1969 5.36411 6.58595 5.32846 7.28179 2.99421 2.05623 4.18524 4.219 3.76431 4.66495 6.49492 2.79458 6.00051 7.19831 2.90147 6.11871 5.7112 8.0587 1.23665 6.27625 
6.65009 9.70341 3.62221 3.44193 6.4925 8.77763 4.52637 3.95324 7.37461 2.28355 9.86978 2.24511 3.49824 0.757166 7.11827 4.6265 2.43813 4.85556 10.4783 7.09233 6.7047 2.46951 8.78415 7.91046 5.58581 3.16628 4.59831 7.24177 7.62155 7.31391 8.79163 5.29589 3.26497 6.78258 3.60411 5.52552 3.07065 6.7206 2.51008 6.23802 5.63653 1.97773 5.51632 8.86721 4.17481 8.81111 3.58398 9.01648 5.0009 5.03698 
2.91234 2.49596 4.58214 5.48767 7.91205 4.00769 5.12831 4.15337 3.38378 9.5629 2.61444 9.93457 4.8278 8.84613 2.60311 6.6583 5.98205 7.72915 2.8493 5.228 3.74585 6.19048 2.11936 7.492 3.18002 5.1583 6.369 5.89892 2.90193 0.9827 8.31685 3.23631 5.18278 1.43924 5.28609 7.5634 5.04172 5.55389 5.62385 4.06356 2.61658 9.35433 2.59048 3.80938 5.2691 6.17888 5.06246 2.31355 8.48011 3.35529 
6.64003 7.79064 2.70002 1.44554 3.45824 6.27539 5.56386 3.45419 5.02467 3.04416 7.95196 3.61024 2.34137 3.43071 6.97929 1.53883 1.63719 1.92463 8.65934 8.03306 7.07537 1.27906 6.85252 4.82066 3.78336 2.12763 6.29085 4.26433 5.41713 5.94794 5.70485 5.17279 3.97212 5.93334 1.63515 2.49562 2.78431 3.79318 2.40337 3.76431 5.09975 2.95718 4.6306 6.42487 1.72351 5.86051 4.34925 7.04483 2.34804 4.86297 
8.82261 7.99766 5.16736 3.87764 0.52811 5.74282 8.37054 5.91277 5.0824 5.17604 8.13093 5.82626 4.82084 6.26556 9.0393 1.86936 4.61746 1.24085 8.89054 10.6349 9.44412 4.29424 7.1722 2.31976 5.06333 4.77696 9.26106 2.88062 5.61843 7.12085 2.92554 7.48193 6.83617 7.59743 3.94122 0.67424 5.53921 2.8379 5.33401 4.04975 7.1552 5.25884 6.52664 5.98326 3.42301 4.18714 7.18307 7.27641 1.38917 7.19403 
6.74273 5.3463 3.80217 2.98931 2.40104 3.22386 6.96078 4.37477 2.42043 6.3361 5.48336 6.93878 3.56881 6.74538 6.86225 2.02425 4.0446 2.78959 6.24239 8.84338 7.48059 3.87866 4.51054 2.25858 2.79589 3.71769 8.0821 0.975141 2.9567 4.60196 3.23427 5.59916 5.65785 5.26579 2.90243 2.30098 4.40967 0.431045 4.50309 1.47959 5.10186 6.28981 4.42666 3.4374 2.22892 2.52127 5.91872 4.61866 3.49201 5.3584 
3.27867 4.40556 1.69257 2.50186 5.56343 4.05098 3.81077 1.57686 2.64885 6.59037 4.57131 6.98997 1.87395 6.022 3.44746 3.92216 3.03449 4.99004 5.16443 5.38658 4.00232 3.21442 3.50721 5.72752 0.734098 2.21326 5.06913 4.23382 2.64068 2.07425 6.68853 2.15724 2.98027 2.05548 2.30313 4.98977 2.29026 3.70601 2.80794 2.2032 1.6241 6.39295 0.952575 4.03656 2.38533 5.24535 3.06889 3.74931 5.71386 1.95602 
2.09029 3.3501 3.80728 4.84199 7.67777 4.43696 4.17337 3.29959 3.52026 8.80493 3.48415 9.14346 4.08795 7.99138 1.8868 6.22557 5.21878 7.30075 3.78868 4.47493 2.95655 5.45715 2.79866 7.47797 2.74002 4.40478 5.42407 5.88539 3.13168 0.955249 8.36231 2.27528 4.24634 0.483735 4.64855 7.22277 4.20268 5.46762 4.79488 3.90242 1.67275 8.58242 1.75317 4.28042 4.7351 6.408 4.1118 3.02769 8.03794 2.40187 
8.10038 6.63727 4.82996 3.73591 1.04785 4.31116 8.06945 5.49764 3.78319 6.15325 6.76327 6.79464 4.53345 6.93957 8.24874 1.99685 4.69163 2.15713 7.5213 10.115 8.80471 4.43606 5.85211 1.28787 4.17852 4.59419 9.10355 1.42888 4.3264 6.04452 2.21416 6.88151 6.64678 6.68468 3.722 1.43265 5.34597 1.47959 5.29823 2.92181 6.44003 6.17729 5.77409 4.55817 3.07293 2.77651 6.95076 5.93507 2.6634 6.62046 
6.33001 10.0066 3.98363 4.17346 7.56965 9.35951 3.94554 4.09683 7.92518 3.33924 10.1713 3.14668 3.96548 1.54738 6.82268 5.62894 3.1113 5.96178 10.7254 6.38941 6.23472 3.2585 9.11846 8.903 6.01365 3.67143 3.73044 8.10571 8.10359 7.47819 9.81298 5.11953 3.03534 6.77703 4.30001 6.60252 3.32773 7.56034 2.88735 6.88077 5.59103 3.03798 5.61378 9.41952 4.93685 9.63769 3.2596 9.36108 6.15306 4.9065 
1.55563 6.42225 3.05655 4.39659 8.29444 6.94338 1.08632 2.29578 5.65329 7.24694 6.56515 7.38968 3.4176 5.93776 2.05798 6.35437 4.08167 7.30229 6.89854 2.42918 1.52398 4.43301 5.74924 8.75306 3.858 3.54683 2.31465 7.32274 5.49626 3.7864 9.73107 1.01951 1.95727 2.66678 4.29331 7.54072 2.87388 6.77432 3.35252 5.32241 1.73488 6.9669 2.31225 6.86584 4.78649 8.36519 1.61307 5.99617 7.91169 1.16829 
1.30614 6.63392 3.90621 5.24938 9.11497 7.43398 1.49215 3.14035 6.21795 8.03911 6.76491 8.15163 4.26919 6.6598 1.76173 7.19561 4.9366 8.15354 7.01121 1.60378 0.820061 5.28923 6.05345 9.50842 4.54042 4.40477 2.38839 8.04279 6.00221 4.09941 10.4801 1.6556 2.7553 2.91343 5.14164 8.37786 3.73186 7.50654 4.20145 6.01176 2.26685 7.75379 2.92063 7.33098 5.61794 9.00564 2.3873 6.29158 8.76804 1.89402 
1.9601 3.48105 4.36936 5.45388 8.32434 4.88615 4.33074 3.80802 4.08075 9.35641 3.59477 9.67298 4.66669 8.46991 1.6183 6.87285 5.77834 7.94769 3.7716 4.24058 2.77051 6.03165 3.0873 8.09249 3.39013 4.97437 5.52496 6.49696 3.65624 1.48607 8.96429 2.5602 4.61966 0.975756 5.26366 7.87307 4.71495 6.09277 5.31129 4.53542 2.08197 9.12586 2.30835 4.70737 5.37294 6.9504 4.44072 3.29193 8.68332 2.74767 
3.19232 7.30537 2.22266 3.37249 7.4234 7.25536 1.19641 1.71712 5.84132 5.60036 7.46282 5.71238 2.50138 4.24539 3.68049 5.37729 2.74046 6.1963 7.92152 3.7663 3.20025 3.10015 6.50035 8.19825 3.84584 2.47413 2.07087 6.94719 5.84173 4.65408 9.18286 2.01229 0.408167 3.76606 3.33901 6.56804 1.70836 6.37182 1.97385 5.15349 2.58629 5.31338 2.81233 7.24017 3.96343 8.22694 0.143178 6.75187 6.7172 1.84765 
2.98613 4.48688 1.69012 2.64367 5.8439 4.28267 3.54052 1.43569 2.90126 6.65791 4.6513 7.03457 1.92276 6.0075 3.17057 4.1631 3.07847 5.22463 5.21444 5.08178 3.70061 3.28722 3.61137 6.031 1.03479 2.25411 4.80926 4.53856 2.85477 2.03691 6.9928 1.85397 2.79308 1.85335 2.45204 5.25038 2.22733 4.01059 2.77683 2.50571 1.32484 6.45 0.661287 4.25494 2.60094 5.53868 2.85212 3.85811 5.94001 1.65895 
6.71745 4.93974 4.03708 3.3494 2.74563 2.74554 7.11916 4.55057 2.05913 6.82087 5.0715 7.41933 3.83694 7.18577 6.80101 2.51938 4.412 3.27428 5.83106 8.88795 7.486 4.27117 4.13368 2.26744 2.78469 4.01787 8.27827 0.735935 2.60231 4.40219 3.20062 5.65301 5.88544 5.15932 3.24197 2.75409 4.67467 0.250799 4.81922 1.34718 5.10886 6.76912 4.43091 2.96665 2.58414 2.11946 6.12396 4.22522 3.96548 5.43065 
8.84634 5.91711 6.28859 5.46927 2.91488 3.38479 9.38691 6.8191 3.65825 8.32025 6.00187 8.95927 6.06726 9.02404 8.87478 4.0702 6.51049 4.32487 6.71107 11.0883 9.64909 6.31383 5.36035 1.16846 4.98691 6.21895 10.5456 1.54829 4.12626 6.24942 1.42506 7.87493 8.14236 7.18104 5.39515 3.58712 6.90818 2.12474 7.00061 3.51552 7.29208 8.33639 6.6189 3.65396 4.71816 1.06099 8.38874 5.35004 4.77462 7.66689 
1.5979 4.09099 3.15696 4.30475 7.47985 4.85732 3.37431 2.57163 3.75089 8.12883 4.23383 8.43759 3.46919 7.23409 1.59531 5.86819 4.55935 6.93289 4.58717 3.97291 2.45524 4.82437 3.4442 7.4753 2.50793 3.76591 4.64247 5.90989 3.45722 1.48071 8.40031 1.45152 3.42934 0.347851 4.12335 6.93537 3.47829 5.43865 4.07491 3.8612 0.859127 7.89487 1.1183 4.73635 4.31094 6.62695 3.28586 3.68686 7.65006 1.57544 
4.59353 1.04661 5.91026 6.58238 8.23156 3.38585 6.82879 5.61495 3.43284 10.7637 1.09202 11.194 6.09381 10.2388 4.24078 7.36156 7.25074 8.388 1.1411 6.84082 5.40017 7.40438 1.39058 7.44151 4.14643 6.43414 8.07666 5.92976 2.89088 2.22434 8.12997 4.9124 6.77481 3.1167 6.37624 8.07788 6.45756 5.73485 7.01046 4.5076 4.25353 10.5833 4.09353 3.12771 6.19879 5.75303 6.69078 1.39058 9.14178 5.00276 
1.94504 7.30286 4.28029 5.60289 9.54971 8.08327 1.37058 3.53647 6.84553 8.07701 7.43303 8.13615 4.63327 6.59589 2.36713 7.58538 5.17571 8.50606 7.67001 1.25447 1.27534 5.5348 6.72382 10.0286 5.11251 4.72787 1.90263 8.59289 6.64639 4.76831 11.0063 2.23002 2.88383 3.5837 5.51417 8.77707 4.00979 8.04692 4.4178 6.58167 2.88877 7.78337 3.5224 7.98542 6.03511 9.60485 2.49808 6.96221 9.08958 2.42769 
6.93663 2.98117 5.72031 5.53954 5.14339 0.528015 8.21243 5.94021 1.78885 9.39673 3.0538 9.97016 5.66559 9.54682 6.82356 5.16954 6.55617 5.93526 3.75005 9.32174 7.80217 6.51464 2.5672 3.87398 3.78926 5.94455 9.49067 2.67925 1.90515 3.99731 4.38771 6.37323 7.37271 5.13585 5.37565 5.36889 6.41028 2.82158 6.74413 2.74367 5.67173 9.31709 5.08781 0.756439 4.83266 1.92128 7.49665 2.4965 6.60656 6.26259 
4.45325 1.14232 4.9619 5.50136 7.0396 2.43502 6.36227 4.77699 2.24511 9.69444 1.30545 10.1506 5.10327 9.2808 4.211 6.17629 6.2429 7.19561 1.90536 6.8271 5.31595 6.36592 0.449444 6.30906 3.07148 5.44281 7.65006 4.77 1.70179 1.57003 7.04006 4.40223 6.05486 2.72259 5.29623 6.87884 5.56059 4.54981 6.08135 3.31122 3.68782 9.52794 3.36174 2.2081 5.06676 4.7377 6.02961 0.664078 7.94847 4.42295 
5.58757 7.656 1.7936 1.21511 4.74178 6.56489 4.23757 2.4286 5.17929 3.21179 7.822 3.60168 1.52411 2.80957 5.97762 2.7015 0.388973 3.29079 8.47354 6.76209 5.92003 0.241868 6.7206 5.92112 3.50407 1.1957 4.91415 5.08207 5.46101 5.4621 6.85689 4.1117 2.64458 5.18787 1.38514 3.80132 1.59615 4.54129 1.0933 4.01643 4.19029 3.00486 3.85549 6.66432 1.95028 6.6255 3.02881 6.94136 3.72285 3.80592 
2.6503 2.84074 4.76496 5.74729 8.32061 4.46972 5.00292 4.27468 3.8413 9.76194 2.94457 10.1101 5.0337 8.96748 2.28845 7.00846 6.17486 8.0826 3.08469 4.89612 3.44781 6.40279 2.55196 7.94001 3.51256 5.35628 6.20987 6.34505 3.36506 1.36033 8.77243 3.18121 5.20096 1.44589 5.54923 7.94392 5.17653 5.9882 5.76754 4.47881 2.6303 9.54364 2.72239 4.26814 5.57826 6.64489 5.04774 2.733 8.82987 3.33952 
2.31206 3.5116 3.11893 4.10819 6.97924 4.13905 3.95127 2.6766 3.04764 8.11281 3.66306 8.47001 3.38195 7.36827 2.26374 5.48821 4.52637 6.56282 4.09207 4.69158 3.17309 4.75079 2.79517 6.86283 2.01559 3.706 5.24015 5.28187 2.74016 0.843801 7.77059 1.99123 3.76671 0.564358 3.91297 6.4989 3.56393 4.83473 4.14712 3.25712 1.28133 7.89747 1.11521 4.02046 3.99185 5.93299 3.68766 3.04322 7.29812 2.02596 
4.12689 4.84608 1.43224 1.75237 4.6947 3.9901 4.27954 1.74385 2.54772 5.9357 5.01203 6.38437 1.42941 5.57324 4.32695 3.02106 2.50392 4.09011 5.66973 6.12288 4.80418 2.60192 3.91063 4.98959 0.69527 1.74929 5.46531 3.57795 2.72281 2.8178 5.96665 2.8817 3.14968 2.95169 1.54625 4.09381 2.12151 3.01877 2.5006 1.69517 2.45687 5.76327 1.81463 4.036 1.50443 4.77213 3.3388 4.13265 4.81702 2.6303 
4.14664 1.27063 5.04608 5.69134 7.44478 2.91707 6.19013 4.78853 2.67067 9.87484 1.41089 10.3096 5.21829 9.37625 3.86747 6.49463 6.37227 7.53047 1.84391 6.4925 4.99673 6.51952 0.893756 6.76528 3.25484 5.55887 7.46481 5.21384 2.13 1.4359 7.50936 4.23986 6.00304 2.49008 5.48523 7.24547 5.61129 4.97031 6.15419 3.6662 3.54581 9.6966 3.30353 2.6874 5.30864 5.21929 5.94718 1.05423 8.28558 4.29326 
8.41628 4.95707 6.3288 5.72051 3.86699 2.45489 9.25534 6.75707 3.07885 8.98546 5.02715 9.60927 6.16294 9.50884 8.3858 4.6501 6.78317 5.10137 5.71013 10.7361 9.25262 6.63821 4.4968 2.23002 4.74371 6.36624 10.472 1.83992 3.46071 5.642 2.49826 7.59592 8.1473 6.67432 5.61036 4.40178 6.99035 2.34009 7.17398 3.32388 6.95684 8.96975 6.30448 2.71413 4.95529 0.251794 8.35154 4.45199 5.6376 7.42232 
3.89514 6.26355 0.235372 1.46932 5.46601 5.6464 3.05944 0.701783 4.20298 4.92443 6.42947 5.25556 0.508035 4.18169 4.25967 3.45944 1.35768 4.37499 7.02157 5.35023 4.31912 1.64976 5.35829 6.19003 2.24199 0.631269 4.07933 4.96856 4.33813 3.85996 7.17447 2.42052 1.63371 3.46092 1.38571 4.6545 0.462709 4.39164 0.952103 3.3028 2.44444 4.69591 2.1356 5.68327 1.96703 6.31573 1.92003 5.59722 4.9808 2.11059 
5.46883 1.09444 5.41915 5.71679 6.58736 1.49907 7.21734 5.37343 1.90882 9.87179 1.21758 10.3742 5.49455 9.65064 5.25481 6.03464 6.57864 6.98556 1.97649 7.85738 6.3379 6.64624 0.629682 5.63089 3.4056 5.82348 8.51409 4.18516 1.45671 2.5041 6.27277 5.26674 6.73466 3.69446 5.51931 6.56964 6.06845 4.08315 6.53652 3.15869 4.54041 9.7342 4.11147 1.2404 5.16637 3.86948 6.7585 0.505668 7.72146 5.24462 
2.55853 7.89543 5.55673 6.88707 10.8047 8.98338 2.60768 4.80309 7.83617 9.29453 8.00853 9.31754 5.91338 7.74848 2.79804 8.86019 6.46873 9.79235 8.13354 0.18 1.68671 6.82807 7.43589 11.2134 6.23138 6.01722 2.69067 9.74031 7.57786 5.54585 12.184 3.35716 4.16625 4.36085 6.793 10.0489 5.30322 9.20783 5.70947 7.70112 3.92725 8.99681 4.59654 8.85814 7.29708 10.6633 3.77985 7.65935 10.3814 3.6 
7.5463 9.65932 3.89139 3.10345 5.11476 8.31464 5.79221 4.47772 7.01402 1.11018 9.82398 1.56984 3.62527 1.62788 7.96827 3.514 2.47988 3.44384 10.4999 8.39193 7.76861 2.26632 8.71865 6.69813 5.52974 3.29803 6.1047 6.31317 7.3643 7.55499 7.50297 6.09199 4.3068 7.28179 3.30692 4.17336 3.58979 5.85969 3.00433 5.77382 6.2505 0.92957 5.95124 8.45116 3.65919 7.91157 4.68028 8.92812 3.43903 5.79656 
4.29284 5.83378 0.593633 0.991413 4.74676 4.96488 3.81932 1.26779 3.5301 5.02412 6.00011 5.43843 0.431856 4.56724 4.59245 2.80794 1.50801 3.79817 6.64055 5.98374 4.831 1.65097 4.90368 5.38644 1.68941 0.73736 4.88415 4.15018 3.73202 3.64227 6.37194 2.87167 2.449 3.50477 0.820244 3.98741 1.23227 3.57325 1.51199 2.53505 2.6903 4.83249 2.19659 5.02524 1.23167 5.5096 2.72002 5.13039 4.46061 2.57154 
6.86236 3.33054 5.35956 5.09513 4.62776 0.801561 7.98234 5.63257 1.55631 8.89524 3.42094 9.47444 5.28015 9.08847 6.78735 4.64866 6.12647 5.40542 4.1448 9.22658 7.71804 6.06805 2.7926 3.42041 3.49494 5.5461 9.24653 2.15928 1.81838 3.99169 4.00151 6.19395 7.06329 5.08084 4.93855 4.8391 6.04847 2.29142 6.35284 2.32551 5.5111 8.82148 4.89719 1.07168 4.37293 1.60162 7.20902 2.76557 6.07622 6.06064 
9.29465 11.7197 5.86847 5.16405 6.62773 10.342 7.23476 6.38122 9.0638 1.03078 11.8846 0.51614 5.63264 2.02485 9.74737 5.36956 4.47234 5.02096 12.5575 9.79349 9.39752 4.29979 10.7793 8.34656 7.58446 5.29689 7.23156 8.1878 9.42257 9.57423 9.04602 7.89015 5.9303 9.22467 5.36691 5.7726 5.47491 7.77856 4.87811 7.81543 8.13971 1.1323 7.90641 10.4871 5.71172 9.77655 6.26809 10.9894 4.75067 7.61158 
4.92062 2.89928 3.67614 3.80217 5.00373 1.78718 6.0347 3.80159 0.428019 7.93565 3.05413 8.44553 3.68816 7.78052 4.88567 4.15554 4.71259 5.15276 3.79148 7.26419 5.7655 4.75017 1.98829 4.45539 1.66364 4.00056 7.31205 2.86356 0.488262 2.20484 5.29029 4.21769 5.22861 3.17493 3.60943 4.81965 4.35726 2.55125 4.76098 1.2659 3.53261 7.80283 2.92318 1.79338 3.22816 3.31042 5.33353 2.14721 5.90249 4.09273 
4.52374 1.54457 4.56606 5.01352 6.46421 2.05117 6.23221 4.45394 1.67431 9.20403 1.71026 9.67512 4.67848 8.85736 4.34066 5.61293 5.79974 6.62616 2.39207 6.91937 5.39541 5.90263 0.610574 5.76453 2.6086 5.01496 7.52868 4.21233 1.13159 1.53942 6.51777 4.28065 5.78744 2.73183 4.81 6.30277 5.19186 3.97819 5.68859 2.73923 3.55443 9.04615 3.13772 1.85981 4.54472 4.26758 5.79615 0.845813 7.37811 4.26142 
9.12693 11.5278 5.68206 4.97205 6.47309 10.1523 7.08837 6.20007 8.87244 0.847585 11.6926 0.33541 5.44416 1.90003 9.57749 5.18958 4.28422 4.85791 12.3658 9.6539 9.23926 4.10932 10.5873 8.18426 7.39295 5.10883 7.11 8.00871 9.23066 9.38557 8.89248 7.71767 5.768 9.04186 5.17496 5.61006 5.29419 7.59614 4.69737 7.62457 7.96058 0.940213 7.72231 10.2968 5.52007 9.59882 6.10902 10.7974 4.60435 7.43765 
4.85092 6.23914 0.984124 0.415933 4.32412 5.16501 4.2003 1.74631 3.76092 4.53785 6.4047 4.98454 0.635138 4.23405 5.16047 2.32177 1.1772 3.27029 7.06883 6.46694 5.36296 1.21202 5.30094 5.11744 2.09476 0.684251 5.18299 4.00661 4.0294 4.15849 6.09643 3.41315 2.72567 4.07413 0.257099 3.51518 1.42274 3.43494 1.46997 2.64201 3.26221 4.36299 2.77115 5.25259 0.852115 5.4569 3.04174 5.51806 3.91256 3.10846 
3.82001 2.75812 3.33242 3.85778 5.88069 2.67346 5.16722 3.23062 1.54564 8.04838 2.92453 8.49831 3.45579 7.63574 3.76276 4.71526 4.59004 5.77201 3.55951 6.18807 4.67611 4.71208 1.84253 5.5182 1.42144 3.79427 6.46261 3.92135 1.24169 1.11126 6.38412 3.26241 4.59071 2.05105 3.65199 5.55788 3.95627 3.54035 4.4549 2.03158 2.54568 7.87779 2.0195 2.58681 3.46831 4.43776 4.62572 2.08147 6.52739 3.18889 
7.68376 9.91817 4.09646 3.364 5.38911 8.60006 5.85144 4.6555 7.29226 0.913893 10.0832 1.30096 3.84423 1.40616 8.1146 3.80911 2.68881 3.71872 10.754 8.45072 7.8765 2.49898 8.97805 6.98522 5.7807 3.51216 6.10129 6.60928 7.63629 7.7825 7.78338 6.24039 4.4013 7.47754 3.56587 4.45286 3.75826 6.15556 3.1659 6.05598 6.42686 0.684105 6.15028 8.7343 3.93761 8.20769 4.7679 9.1897 3.68456 5.9492 
6.01007 9.0337 2.9481 2.8792 6.22524 8.17108 3.98814 3.26711 6.75563 2.72222 9.19997 2.80492 2.84201 1.43402 6.47124 4.26954 1.83636 4.63862 9.80224 6.57986 6.1044 1.93023 8.11815 7.5429 4.93092 2.51623 4.20954 6.76938 6.98385 6.62959 8.45367 4.63418 2.63577 6.09886 3.02524 5.25978 2.38533 6.2316 1.83052 5.64845 4.95718 2.42596 4.83017 8.25126 3.6327 8.31655 2.97405 8.35235 4.88427 4.3694 
7.77371 9.66207 4.03071 3.12508 4.79843 8.22247 6.10516 4.65842 6.95628 1.09836 9.82558 1.67371 3.74066 2.00831 8.18352 3.29735 2.62772 3.13077 10.5147 8.70164 8.03059 2.37118 8.72104 6.42007 5.56249 3.42568 6.46307 6.11433 7.32924 7.63692 7.20124 6.30835 4.59132 7.42428 3.3311 3.87164 3.78984 5.68293 3.21927 5.70232 6.42673 1.02489 6.09147 8.36985 3.61386 7.71065 4.97016 8.92391 3.07584 6.00808 
