10 5 17
777 335 649 27 763 
92.6 54 42.6 17.2 73.6 21.1 36.8 56.7 42.9 78.2 53 86.2 12.3 6.7 13.5 92.9 80.2 
10 16 4 9 2 13 2 4 0 5 
8.79269 11.2188 5.35269 4.66495 6.32079 
4.30116 6.21332 0.366742 0.980816 4.958 
7.40223 10.3934 4.33018 4.01659 6.69928 
0.503289 5.09816 4.28432 5.57 9.01089 
7.05025 7.04918 3.3051 2.00878 2.06712 
5.20461 7.34118 1.41156 1.06301 4.87182 
8.07759 8.02574 4.24736 2.9063 1.67093 
5.73147 0.898944 6.8561 7.39828 8.5636 
2.39727 7.72162 5.48336 6.81878 10.7162 
0.872067 6.24119 4.40511 5.74826 9.47724 
