10 5 17
777 335 649 27 763 
92.6 54 42.6 17.2 73.6 21.1 36.8 56.7 42.9 78.2 53 86.2 12.3 6.7 13.5 92.9 80.2 
10 16 4 9 2 13 2 4 0 5 
87.9269 112.188 53.5269 46.6495 63.2079 
43.0116 62.1332 3.66742 9.80816 49.58 
74.0223 103.934 43.3018 40.1659 66.9928 
5.03289 50.9816 42.8432 55.7 90.1089 
70.5025 70.4918 33.051 20.0878 20.6712 
52.0461 73.4118 14.1156 10.6301 48.7182 
80.7759 80.2574 42.4736 29.063 16.7093 
57.3147 8.98944 68.561 73.9828 85.636 
23.9727 77.2162 54.8336 68.1878 107.162 
8.72067 62.4119 44.0511 57.4826 94.7724 
