10 5 17
777 335 649 27 763 
92600 54000 42600 17200 73600 21100 36800 56700 42900 78200 53000 86200 12300 6700 13500 92900 80200 
10 16 4 9 2 13 2 4 0 5 
879269 1.12188e+06 535269 466495 632079 
430116 621332 36674.2 98081.6 495800 
740223 1.03934e+06 433018 401659 669928 
50328.9 509816 428432 557000 901089 
705025 704918 330510 200878 206712 
520461 734118 141156 106301 487182 
807759 802574 424736 290630 167093 
573147 89894.4 685610 739828 856360 
239727 772162 548336 681878 1.07162e+06 
87206.7 624119 440511 574826 947724 
