10 5 17
777 335 649 27 763 
92.6 54 42.6 17.2 73.6 21.1 36.8 56.7 42.9 78.2 53 86.2 12.3 6.7 13.5 92.9 80.2 
10 16 4 9 2 13 2 4 0 5 
879.269 1121.88 535.269 466.495 632.079 
430.116 621.332 36.6742 98.0816 495.8 
740.223 1039.34 433.018 401.659 669.928 
50.3289 509.816 428.432 557 901.089 
705.025 704.918 330.51 200.878 206.712 
520.461 734.118 141.156 106.301 487.182 
807.759 802.574 424.736 290.63 167.093 
573.147 89.8944 685.61 739.828 856.36 
239.727 772.162 548.336 681.878 1071.62 
87.2067 624.119 440.511 574.826 947.724 
