120 60 18
777 335 649 27 763 426 211 429 862 135 22 167 11 373 784 324 413 980 862 281 84 505 313 895 814 364 87 178 403 399 676 12 94 570 467 902 652 280 865 619 31 771 709 856 586 683 528 829 270 715 796 245 921 488 841 500 124 856 227 936 
432000 551000 437000 228000 275000 407000 474000 121000 858000 395000 29000 237000 235000 793000 818000 428000 143000 11000 
6 10 17 16 12 9 2 11 10 6 2 2 7 4 8 3 4 10 13 5 16 17 6 15 0 5 2 17 7 3 11 15 8 2 16 6 15 12 4 3 12 15 13 13 1 17 11 4 4 7 16 8 2 2 2 2 9 1 17 8 10 16 5 1 6 16 2 12 4 0 1 1 12 12 14 17 1 11 0 4 15 12 0 1 16 9 17 15 17 5 7 9 13 1 15 5 5 17 15 2 14 0 9 3 8 6 10 2 14 6 4 1 11 12 7 10 14 15 9 11 
18.28 38.6374 31.797 42.7855 73.4854 46.185 35.9234 26.3822 35.2881 81.7017 40.0844 84.9523 34.7701 73.2378 17.9201 57.8055 45.8947 68.5007 43.7879 42.1048 26.903 48.4153 32.0465 72.9855 23.7002 37.8428 48.6695 57.2574 32.2405 12.3968 82.1623 16.5197 35.7644 2.14709 40.9181 68.2807 35.4401 52.6454 41.3853 36.8543 10.0648 79.422 11.1826 44.9539 42.4209 64.109 34.5259 34.4819 75.7446 17.4771 65.4866 25.02 45.3998 39.785 59.6263 60.9861 49.5145 43.9028 35.64 18.3807 
13.6854 47.2952 27.693 40.1603 74.6073 53.1994 27.2342 20.9859 41.1351 76.6039 48.7562 79.3638 31.1045 66.78 15.7544 57.2766 41.3319 67.7106 52.4661 35.8912 21.281 44.2476 40.4432 76.1391 25.8544 33.7664 40.0211 60.86 38.8672 20.8195 85.6347 7.87464 28.0032 10.1193 38.5105 68.4485 29.8859 55.8044 35.8236 40.2836 3.41321 74.1507 9.58541 52.218 41.3541 69.3782 26.3623 42.9121 74.6415 9.30054 62.2579 31.5317 50.966 40 62.3912 57.7537 40.9001 52.1552 40.4949 12.3693 
32.0039 42.083 19 27.0601 56.7726 39.3573 38.8402 17.4416 25.5562 68.0254 43.7375 72.0256 20.8626 62.3013 33.4153 40.8001 32.4692 51.514 49.5997 53.6213 39.5032 34.2667 33.1652 57.8001 7.5213 24.2539 51.552 42.638 25.0966 18.6207 67.3314 21.5845 31.264 18.9003 25.0599 51.2884 24.867 37.4899 30.1213 22.1461 15.7267 66.0547 8.94986 39.095 25.6301 52.1852 31.9507 35.6041 58.8043 19.8252 49.8049 18.5389 34.4803 22.7636 44.0409 45.3776 52.8186 53.5292 23.5053 30.6493 
52.5419 2.7313 61.2046 66.4248 78.8592 27.8869 73.6579 59.1859 31.2775 108.35 2.96816 112.992 62.6231 104.401 49.3447 72.0478 74.0017 81.9398 7.56902 75.5275 60.8482 75.1833 10.6231 69.559 42.2153 66.017 86.3681 55.0436 26.1174 26.0969 75.8517 54.1791 71.6595 36.5724 64.3817 78.2081 67.145 53.7767 72.3915 43.1394 47.2458 106.734 44.6518 25.2052 61.796 51.5621 71.1942 9.21141 89.3981 54.7171 87.5018 26.9742 37.1555 56.0823 60.6383 83.5189 87.1674 16.9296 36.4486 54.0557 
60.0262 48.0942 32.6087 26.7092 31.0006 29.3061 63.3202 37.6303 18.6432 64.0647 49.555 69.7782 30.7561 66.0996 61.1383 22.8127 37.3001 32.1758 57.0824 81.3298 67.5148 36.2505 39.3146 29.7634 20.5456 32.7515 74.9123 15.1819 23.7118 38.6774 39.3722 48.9183 51.0424 45.1306 25.4159 28.5575 39.0858 9.61665 40.8397 7.50067 43.7154 63.2475 36.9439 31.0363 19.1669 28.4074 53.3841 40.6519 39.5885 46.6177 41.1709 25.1448 17.8011 13.3375 16.0178 38.1077 76.4029 65.8027 13.3825 58.6881 
54.5212 20.301 73.2105 80.4967 96.4105 45.6089 78.9066 69.6737 48.5161 122.208 19.4371 126.381 75.2447 116.358 50.1941 88.3857 86.8493 98.5853 12.9035 74.7 61.6105 88.5268 27.6279 87.4062 56.1806 78.6349 90.796 72.8204 43.1723 35.9611 93.612 60.6177 80.3481 42.8118 78.4355 95.292 78.3592 71.3405 84.0349 59.7234 54.6642 120.341 54.1421 42.9117 76.8016 69.1668 79.0941 26.7978 106.11 61.9956 102.486 42.4876 54.9605 71.5355 78.3092 98.3005 91.2969 0.948683 53.4136 56.8747 
55.0142 36.5941 35.7677 33.9629 41.4403 19.5931 62.9918 38.7342 7.15612 73.9465 38.0552 79.3742 35.028 74.1271 55.2526 34.1204 43.9527 43.6726 45.5827 77.7821 63.1561 43.7049 27.8729 36.4297 17.7612 37.7719 75.3923 20.46 12.256 29.853 45.1465 46.1504 52.9854 38.372 32.2405 39.9115 42.6568 16.9499 45.7919 5.99333 39.861 72.8701 33.267 20.8002 27.2406 27.6007 54.6161 29.1596 51.0883 44.415 51.5218 14.9345 10.4738 20.8866 24.2909 48.081 76.754 54.4546 2.1 54.2407 
40.152 51.6779 10.4235 15.3395 48.3322 43.7924 39.6602 13.9671 29.3641 56.6845 53.3414 60.9528 10.6104 52.3072 42.563 30.4647 21.7407 40.9585 59.7522 59.1108 46.4436 23.0517 42.3835 52.4704 10.2859 13.9119 51.265 38.8398 30.9885 30.1573 62.2965 26.9229 27.7966 30.0028 13.333 41.7043 17.3142 33.1602 21.2085 20.6461 23.5372 54.8391 17.623 44.2259 14.6168 51.2712 29.8439 44.6598 48.0176 24.2002 38.0789 26.163 35.9221 13.6473 38.5379 33.6506 52.741 64.6467 25.3126 38.1084 
41.8961 24.1456 37.1517 41.4656 58.6046 22.6312 56.0601 36.521 12.7456 83.3866 25.8031 88.0633 38.1534 79.9196 40.9928 48.4004 49.3129 58.7716 32.5272 65.7213 50.5333 50.3257 14.7872 53.6492 17.3925 41.5047 69.0188 37.7244 8.7 13.2575 61.9601 36.9424 50.2359 23.9577 39.4255 56.0879 43.5394 34.4398 48.3663 20.3214 29.7405 81.7847 24.5961 21.6178 36.9682 41.4541 50.6395 17.047 66.3256 36.2691 62.7096 2.60768 22.7794 31.4841 41.7824 58.6537 70.1342 39.1625 15.4055 41.9315 
75.6897 77.1891 37.2518 23.8296 20.1556 58.1414 68.3592 44.9392 47.9176 38.8726 78.6985 45.2448 33.6204 47.1666 78.451 6.71193 29.91 5.23927 86.1485 92.0149 81.1046 26.5505 68.1455 35.2319 41.3237 32.5682 76.6006 33.2533 52.7365 63.2093 43.4246 61.5442 52.6925 65.6881 24.9323 10.4785 39.9941 29.8739 37.3048 35.6204 59.357 39.0267 53.6537 60.1056 21.4149 48.9376 56.3046 69.6854 12.0017 58.5261 16.5303 52.6275 46.2196 24.5153 27.3865 16.4137 78.2602 94.148 42.4909 73.3485 
45.771 17.8933 43.7412 47.6942 61.7508 19.0371 61.7645 43.0265 13.9058 89.5529 19.529 94.339 44.701 86.437 44.2408 53.2768 55.7891 63.3785 26.5548 69.7413 54.4883 56.7071 8.48528 54.9605 23.873 48.0402 74.7402 39.3615 8.50235 15.9531 62.6256 42.3821 56.6117 27.7281 45.6711 60.1173 50.1288 36.9221 54.9531 24.5018 35.1164 88.0196 30.5059 17.4026 42.8225 40.4734 56.8783 10.5802 70.8935 41.9815 68.5066 8.10555 22.6106 37.0757 44.1548 64.5501 75.7977 34.2794 18.312 46.1889 
45.096 49.7363 15.8493 15.8256 43.1195 39.1449 45.9221 20.22 24.891 57.7209 51.3822 62.4725 14.9215 55.2472 47.0814 26.6047 24.5693 37.3343 58.196 64.9159 51.8353 25.0218 40.3288 46.3492 9.03383 17.7553 57.515 32.573 27.3708 30.9808 56.153 32.5424 33.8733 33.1014 13.8058 37.1712 22.6736 26.9007 25.7031 14.8354 28.3952 56.1528 21.9641 39.854 11.9775 45.1545 36.0457 42.4341 44.6706 29.9687 37.4204 23.7649 30.4278 8.59884 32.4006 33.2122 58.9969 64.1804 20.2805 43.2844 
54.5286 59.8588 18.2784 8.62844 34.8001 45.8024 50.7332 25.3505 32.596 48 61.473 53.235 15.2306 48.1769 57.0519 15.9841 19.2585 26.4683 68.5511 72.4189 60.4735 18.1 50.4774 41.9358 20.4267 16.0751 60.9361 31.1194 36.2494 42.419 51.7349 40.8383 36.3761 44.1162 7.65376 27.4591 23.4241 25.4788 23.7143 20.2596 37.9954 46.7615 32.1055 47.0472 1.0198 46.0614 39.4088 52.4047 33.6024 37.9381 26.5189 34.0331 35.2331 5.36656 28.6667 22.5595 62.5308 75.1713 27.2382 52.3622 
27.7218 59.5494 12.492 25.948 64.936 58.2344 21.5873 4.83322 44.1494 58.8694 61.159 61.4706 16.14 48.9449 31.6533 45.4192 24.3249 54.9622 66.2048 42.4157 31.6931 27.5801 51.1789 70.445 24.313 17.8017 33.5181 56.9056 44.0828 33.5049 80.2905 12.9553 12.4535 26.5211 24.8365 57.2892 12.2972 51.241 18.0953 37.9697 14.9626 56.3522 14.7597 58.0669 29.7935 68.8269 12.9653 53.6815 61.1955 9.90404 46.2069 37.5065 52.3072 31.0923 56.546 41.8005 34.9292 67.9509 41.2826 24.8582 
73.661 50.1602 48.23 41.1847 27.6847 26.0163 78.8229 53.2376 23.5536 74.2192 51.304 80.3617 46.2465 78.9111 74.1653 30.8029 51.789 36.6699 58.8099 95.8526 81.5724 50.2364 43.0377 17.7387 34.7897 48.036 90.5332 3.04795 28.7793 48.8215 26.0647 63.6553 66.6913 57.4053 40.1842 30.3863 54.6233 7.20278 56.0293 20.0863 57.9175 73.9138 51.1649 28.5701 33.5376 13.7179 69.0294 43.513 42.8981 61.5533 51.0533 33.5836 15.3062 28.448 9.55877 48.9612 92.0142 69.3354 20.9974 72.6615 
48.259 28.14 36.7935 38.4787 51.2071 18.2165 59.808 37.8001 5.2345 79.9456 29.7061 84.9909 37.0342 78.1369 47.8358 42.4948 47.4305 52.5289 37.0304 71.7607 56.7389 47.8942 18.9528 45.7665 16.5605 40.1991 72.6177 29.851 4.49444 20.8856 54.0981 41.488 52.0311 30.721 36.53 49.2814 43.568 26.7187 47.721 13.6473 34.577 78.58 28.5787 18.1003 32.8977 34.1475 52.9967 20.6206 60.0375 40.3093 58.3436 5.50364 15.3912 26.8704 34.0476 54.5382 73.8485 45.1426 7.70584 47.9418 
57.6321 68.9473 18.4545 5.10098 36.787 55.3586 49.3077 26.1633 42.138 38.5924 70.5783 43.7104 14.7872 38.8747 60.8001 16.1227 12.2188 24.3343 77.5242 72.9883 62.5048 9.82344 59.5399 47.3491 28.3471 13.4737 57.9967 38.7584 45.6602 49.8688 56.842 43.1393 33.77 49.7941 6.80661 27.8993 20.9251 33.415 18.8138 29.8292 41.8387 37.2587 36.8751 56.6181 8.59593 54.3023 37.3066 61.5501 30.3026 40.0656 18.1571 42.9942 44.6515 14.9375 35.1928 13.8232 59.645 83.6086 36.8023 55.0956 
23.7716 31.0103 37.8737 47.6001 74.6853 41.3717 43.7852 33.3054 32.3682 87.8112 32.4002 91.3801 40.4931 80.2591 21.8586 60.6822 51.9481 71.4382 35.8309 47.6707 32.4617 54.1765 25.1525 72.238 25.7031 43.7416 56.4309 56.288 28.3863 6.57647 80.9944 24.4976 43.5736 6.62722 45.6257 70.4011 42.2404 52.2304 48.1 36.6749 18.0025 85.6598 17.6782 39.8045 46.0834 61.2066 42.4647 27.4804 78.8624 25.4594 70.3796 21.7745 42.4948 42.4952 59.4651 65.9309 57.2198 36.0662 33.9329 24.6909 
34.7092 20.3593 51.7042 60.1446 81.9976 39.0717 57.5785 47.7247 35.1864 101.3 21.3019 105.17 54.0049 94.5804 31.1708 70.6859 65.5964 81.301 22.6055 57.2297 42.7591 67.5406 18.8831 76.4621 36.4408 57.3502 69.8823 60.7032 29.9666 14.7027 84.2572 38.7769 58.2477 20.8255 58.1047 79.1582 56.5301 57.7585 62.2981 43.5932 32.6038 99.2839 32.1263 36.8144 57.4381 61.8392 57.0646 20.297 88.8487 39.993 82.6765 26.0094 44.2476 52.8797 65.0889 78.3342 70.5274 21.3862 38.7218 36.5494 
16.2693 59.7724 25.2769 38.7398 77.1511 63.6908 14.8 17.5684 50.5846 69.7402 61.2566 71.6612 28.936 57.8215 20.9022 58.0115 36.6034 67.7097 65.0588 30.0167 18.9594 40.0061 52.6047 81.4195 32.423 30.5635 27.7354 67.063 49.2065 33.1489 91.1877 4.80937 17.702 22.6808 37.5713 69.8056 24.4018 61.589 29.6953 47.0558 12.0204 67.047 17.2169 63.0087 42.1922 77.5194 15.0814 55.1015 73.9985 5.55698 58.7341 41.992 59.8248 42.7404 67.4685 54.3828 28.7367 64.4854 48.8829 13.0973 
43.7659 39.6184 24.1868 26.0048 46.7402 30.054 50.1908 26.1895 15.6205 67.8258 41.2564 72.6521 24.2167 65.338 44.6804 33.6001 34.6157 44.2449 48.1769 65.7732 51.5218 35.2132 30.2074 46.0179 4.96488 27.3542 62.5998 30.6007 17.3459 23.3343 55.4148 33.7125 40.5088 28.6527 24 42.5735 31.0453 25.64 34.9515 10.0265 27.8289 66.3103 21.0794 30.4345 21.2608 40.1966 41.9587 32.2684 51.782 31.8057 47.0027 13.6473 23.1173 15.9656 32.4777 42.9438 63.9553 54.6963 12.1037 42.6251 
57.1424 43.0091 33.0847 29.2036 35.7453 25.0799 62.4256 37.2023 13.5912 68.1195 44.4789 73.6824 31.753 69.1755 57.9118 27.7065 39.5683 37.249 51.9955 79.1103 64.9223 38.9308 34.2072 32.7819 18.0325 34.1475 74.4165 17.2047 18.6075 34.2773 42.0609 46.8966 51.1101 41.4972 27.6622 33.6467 39.8318 12.4615 42.274 3.38378 41.2059 67.1597 34.4398 26.6011 22.0204 27.9551 53.1399 35.5563 44.6804 44.8179 45.4657 20.2556 14.2369 15.741 19.6163 42.1774 75.8538 60.7023 8.27647 56.0266 
13.0648 66.9933 45.0564 58.5161 96.6876 77.0506 20.6737 37.3563 65.56 86.7568 68.2001 87.808 48.7082 72.7792 16.3077 77.7764 55.6925 87.505 69.9861 11.3701 4.70106 59.2035 61.9491 99.94 49.8615 50.1977 27.6588 84.9944 62.9682 42.8193 109.58 21.5232 33.9511 30.9196 57.3665 89.5309 43.601 79.7579 48.3811 64.5105 26.6738 83.8934 33.426 75.8294 61.9001 93.9028 30.2524 64.2365 93.7577 24.2396 77.9326 55.6652 75.4634 62.0672 86.0495 73.6767 27.5274 65.9018 65.0165 12.5196 
41.4349 86.958 34.9857 44.4438 84.4754 86.8074 15.6984 31.1264 72.611 56.033 88.5084 55.5014 37.1194 39.5506 46.4657 63.8045 35.8504 70.6672 92.8029 38.736 38.6846 39.1368 79.1 93.9162 52.5967 35.934 12.7424 82.3177 72.7101 60.3176 103.682 32.6896 16.8345 50.6725 44.5982 75.3824 28.7139 76.5484 28.9249 65.2326 39.2312 52.9862 42.2092 86.6876 51.251 95.7357 15.7 81.6177 74.8669 31.732 55.0372 66.1027 80.2861 55.0522 80.599 51.8368 14.2773 92.6106 69.3866 38.345 
55.5666 94.2827 35.2278 39.538 76.2997 89.434 31.4884 35.1353 75.0067 39.4707 95.914 38.3631 35.7022 22.3081 60.5239 56.1709 29.0801 60.8622 101.175 56.0261 54.4142 31.3268 85.6054 88.4096 55.3864 33.1489 29.8082 79.1808 76.3497 68.5149 97.7998 43.8854 23.2499 60.8817 40.4821 66.7271 28.3833 73.5664 25.0242 65.3049 48.9842 36.4124 49.7749 89.8391 47.151 94.0403 25.1143 88.0696 63.685 41.9237 42.9214 70.6771 81.0001 52.4109 76.1682 40.7034 31.2006 102.816 70.8075 52.3345 
33.6024 58.8511 5.84209 19.2634 58.1207 54.7091 27.8289 2.02485 40.3496 54.6649 60.4983 57.8275 9.50368 46.5414 37.1383 38.5834 19.1039 48.1965 66.1255 49.2541 38.2232 22.0227 50.013 64.0281 20.3062 11.6619 39.1019 50.9035 41.0411 34 73.8857 18.932 15.7178 29.2617 18.058 50.4473 8.48999 45.1807 14.3283 32.7622 18.9108 52.331 16.1335 54.8264 22.9637 63.4769 17.6284 52.4584 54.5286 15.8382 40.2892 35.0657 47.7378 24.5392 50.1905 35.8176 40.5982 69.0792 36.8751 30.9317 
32.3903 86.2981 57.4966 70.4146 110.388 95.8391 25.7624 50.3036 83.7717 90.7491 87.4874 90.4093 60.9076 74.4565 35.4141 90.4312 65.0496 99.2446 89.0632 10.1637 23.8872 68.6517 81.2503 115.698 66.6562 61.4928 22.4751 101.439 81.5727 61.9969 125.495 37.8107 41.6886 50.0707 69.6989 102.385 54.0256 95.9588 57.3802 81.3489 44.2377 87.7207 50.6857 94.7403 75.2247 111.54 37.9084 83.5512 104.725 39.8038 86.6797 74.2381 93.4403 76.6219 101.748 82.8397 21.225 84.3116 82.6987 31.5328 
49.994 14.1156 66.0961 73.0906 89.1696 39.2588 73.5063 62.8441 41.2069 114.862 13.6704 119.107 68.0309 109.331 46.0132 80.8802 79.6214 91.1014 9.42019 71.4057 57.6022 81.2251 20.4025 80.6357 48.7469 71.4291 85.7114 65.8062 35.8281 28.9614 87.1494 54.7403 73.9838 36.7681 71.0291 87.88 71.4101 64.13 77.016 52.2551 48.4646 113.03 47.4368 36.5903 69.3098 62.9628 72.9301 19.8252 98.6309 55.8975 95.0075 34.9726 48.0277 64.0216 71.1683 90.8367 86.3114 6.58635 46.0179 52.0862 
55.8746 13.4648 53.5059 55.9047 63.4679 12.4193 72.5989 53.4158 17.1593 97.2672 14.625 102.381 54.0941 95.4811 53.9268 58.386 64.7565 67.7632 22.184 79.8168 64.5868 65.3043 8.40536 53.7276 33.2519 57.3415 85.5746 39.3512 13.043 26.0548 60.1202 53.1899 67.2086 37.9803 53.9559 63.4679 60.096 38.461 64.6239 29.7794 45.9213 95.953 41.3272 9.86813 50.1855 36.105 67.5959 7.55844 75.0841 52.8186 75.3682 17.6082 21.4441 44.032 45.1136 71.6955 86.6266 32.7611 22.6632 56.5192 
20.7077 74.027 52.3536 65.7606 104.459 85.03 24.6483 44.7166 73.7082 91.7154 75.1626 92.2835 55.9697 76.8214 23.0495 85.2838 62.1914 94.8171 76.4665 3.26497 11.9883 65.7578 69.4344 108.047 58.0332 57.2218 27.8742 93.1615 71.0303 50.5799 117.709 29.5169 39.5922 38.7551 64.7174 97.1113 50.3036 87.9005 54.6963 72.6959 34.869 88.7795 41.6125 83.7484 69.5117 102.097 35.756 71.6648 100.889 32.1076 84.3863 63.7452 83.6367 69.9385 94.14 80.2337 27.2606 71.5025 73.2145 20.601 
61.7331 18.4708 76.8238 82.8875 95.0598 42.4807 85.3642 74.0303 47.9413 124.812 17.0699 129.304 78.525 120.126 57.639 88.8708 90.0379 98.7079 9.48472 82.6828 69.1836 91.4161 27.4591 84.649 58.5484 81.9308 97.5649 70.8402 42.8823 40.131 90.1275 66.542 85.5587 48.5536 80.8335 94.8192 82.4093 70.0403 87.8877 59.9562 60.1694 123.113 58.8116 39.8026 78.5008 65.3735 84.6141 25.9141 106.144 67.6302 104.232 43.6818 52.9683 72.8616 76.6932 100.203 98.1565 8.66487 53.2008 63.8875 
48.2104 16.1335 46.185 49.7293 62.1297 17.0742 64.4597 45.6318 14.1439 91.5042 17.7234 96.3756 47.0472 88.7222 46.5473 54.5047 58.0352 64.4436 24.9948 72.1826 56.9309 58.8575 6.93542 54.5777 26.1706 50.3659 77.4354 39.2032 8.76413 18.3412 61.9536 45.0628 59.27 30.2002 47.7222 60.9085 52.63 37.14 57.381 25.6031 37.7955 90.0254 33.2074 15.2306 44.6185 39.2617 59.5627 8.63713 71.9236 44.6794 70.2204 10.2956 21.9495 38.7408 44.272 66.332 78.4893 33.4607 19.0339 48.7016 
29.0765 83.0716 52.2529 65.1438 105.153 91.6273 20.501 45.101 79.296 85.9456 84.3168 85.7798 55.6511 69.9012 32.6075 85.1674 59.7943 93.9673 86.263 10.2591 21.0002 63.3975 77.6408 110.628 61.8328 56.2181 18.3521 96.4816 77.2796 58.1997 120.438 33.0905 36.4364 46.2922 64.438 97.1224 48.7483 90.9696 52.1254 76.4958 39.7283 82.9292 46.0431 90.6148 69.9952 106.832 32.6466 79.9882 99.4542 34.9361 81.4711 69.9463 88.8609 71.4709 96.6832 77.6089 17.3104 82.1269 78.0467 27.8189 
62.2509 94.6451 33.8095 33.7717 66.798 86.5427 40.566 36.3573 72.3398 27.5772 96.3052 27.2244 33.0056 11.868 66.9933 47.4735 23.294 50.7312 102.199 66.1613 62.5353 24.3033 85.555 80.2611 53.8543 29.8203 41.2045 72.6823 74.5085 70.2058 89.3031 48.9752 28.4042 64.3467 35.2057 57.126 27.8196 67.3131 22.5843 61.3874 52.7311 24.5231 51.9455 87.3028 41.3205 88.1656 31.4453 87.9223 52.7828 46.4844 31.9401 69.6854 77.0042 47.2612 68.9162 30.3916 42.6938 105.238 67.6078 59.0188 
59.22 47.6707 31.9781 26.3372 31.7057 29.2335 62.5895 36.9238 18.2538 64.047 49.1428 69.7227 30.1796 65.8614 60.3339 23.0853 36.9049 32.5867 56.6562 80.5355 66.7115 35.9234 38.8398 30.5668 19.7396 32.2262 74.213 15.9298 23.2551 37.9438 40.1696 48.1274 50.3849 44.338 25.0008 29.1084 38.4896 10.3966 40.3273 6.81836 42.9121 63.1926 36.14 30.9079 18.8409 28.9588 52.7 40.2126 40.0262 45.8345 41.2147 24.5122 17.8519 12.9035 16.8238 38.0848 75.6997 65.2856 12.9252 57.8835 
95.5327 68.6321 67.1361 57.4674 25.0639 43.3115 98.9615 73.0906 45.0161 81.3983 69.5035 87.8822 64.5484 90.2286 96.1545 40.9246 67.4396 41.0312 76.6261 117.349 103.309 65.0632 62.8478 8.08084 56.317 65.627 110.041 21.2002 49.9433 70.6989 4.71699 84.9734 85.647 79.4326 57.0478 33.5149 72.8962 26.4643 73.0791 41.7825 79.555 81.9061 72.777 46.0088 50.3227 20.1102 88.3956 62.8371 44.1852 82.6937 59.7478 55.3615 35.5578 46.8129 21.0297 59.2277 111.591 88.0275 42.9773 94.4217 
79.9361 63.4253 48.4633 38.1725 13.6953 39.9025 80.7035 54.8715 35.1962 64.2832 64.6574 70.6614 45.6616 71.5749 81.2296 21.9823 48.0585 24.626 72.2244 100.543 87.1732 45.6826 55.7315 11.5004 40.5255 46.513 91.346 11.0059 40.6262 58.4508 21.2455 68.1281 66.8243 65.3104 37.853 17.5354 53.9157 12.2 53.8093 27.3339 63.4315 64.424 56.7134 42.4011 31.2021 24.4561 69.742 56.4831 29.9348 65.6037 41.708 44.0239 28.6503 28.3551 4.96488 40.6241 92.9252 82.3303 31.2271 78.4398 
69.1876 38.2027 50.7347 46.8675 40.425 13.381 78.4985 54.1651 15.7953 83.8285 39.2255 89.7157 49.5956 86.4589 68.8625 41.0239 57.354 48.3076 46.6135 92.4741 77.5818 56.5134 31.964 28.9558 33.2737 52.0465 90.9164 15.728 19.8457 41.5524 35.4865 61.3425 68.3518 51.7487 45.4274 42.5466 57.5587 17.1703 60.1699 20.0569 54.7995 83.1941 48.3741 16.0078 39.4438 13.1605 70.0834 32.04 54.9459 59.7476 60.6942 26.331 5.65862 33.3636 22.1326 57.994 92.2775 57.5634 16.4247 68.7236 
30.9919 75.4987 27.145 38.7569 79.2669 76.3333 7.7 21.6518 62.3491 59.4024 77.0388 60.0913 30.0083 44.9222 36.0001 58.8002 32.2444 66.9283 81.2682 33.7006 29.7397 35.8265 67.7625 86.9166 42.5554 29.7741 15.7867 74.2418 62.0549 48.833 96.7678 21.1698 9.0802 39.1389 38.4194 70.7025 22.1165 68.4996 24.6008 55.9923 27.6991 56.4685 30.9414 76.0585 44.6387 86.802 5.86003 70.2802 72.0528 20.2032 53.6958 55.2523 70.5365 47.4435 73.2274 49.8839 17.3404 81.1263 59.5202 27.7937 
67.7632 82.1663 28.6398 17.4152 38.486 67.6018 55.0974 35.8431 54.8923 25.655 83.7922 31.1713 25.2517 29.4613 71.4077 20.1358 16.1372 22.419 90.7727 80.3338 71.5672 12.6321 72.7641 52.805 41.5621 22.6135 61.4369 47.6592 58.6669 62.8618 61.4586 52.9967 39.176 61.922 19.4494 28.8087 28.2639 42.9745 23.6349 42.3515 52.9317 24.6435 48.7083 69.0456 21.5337 63.6284 43.0215 74.7468 25.3712 49.9027 6.1131 56.2346 56.4075 27.6626 42.8378 2.20227 63.0968 96.8407 49.4581 64.9648 
70.9941 67.2423 34.9567 22.7798 17.9494 47.5896 67.3146 42.2235 37.8155 48.4373 68.7154 54.6452 31.6443 54.5485 73.2069 5.0636 31.7616 13.0177 76.2266 89.3302 77.2324 29.0689 58.3618 28.2177 33.9037 31.6834 76.9332 23.1821 42.8118 55.1725 37.4621 57.6238 52.4138 59.0953 23.0202 10.9895 39.3314 19.3871 38.1872 25.8936 54.3266 48.2474 48.0829 49.5904 17.2363 39.1004 55.6909 59.7773 20.5 54.7691 25.3492 43.3866 35.6519 17.5935 17.8362 23.7356 78.5604 84.6694 32.4902 68.9705 
61.0816 46.6953 34.8323 29.2171 31.3844 27.128 65.2056 39.6295 17.2409 66.4172 48.1203 72.1688 33.0841 68.6069 62.0059 24.7491 39.8005 33.7535 55.6821 82.7179 68.7221 38.7675 38.097 28.6775 21.7002 35.1511 76.9275 13.5059 22.4876 38.6999 38.1189 50.37 53.1945 45.7389 27.9065 29.6933 41.3783 8.3006 43.2539 7.58947 44.942 65.6385 38.1619 28.9519 21.6834 26.05 55.4563 39.3146 41.0742 48.1582 43.4578 24.6203 15.4693 15.8155 15.2765 40.4734 78.4031 64.7013 12.2723 59.8559 
14.4475 66.0512 35.2264 48.6215 87.5685 72.6693 11.738 27.6176 60.1041 76.3497 67.4214 77.5441 38.8346 62.7271 19.3794 68.203 45.2991 77.6804 70.3077 19.6352 11.7201 48.8337 59.7814 91.9472 42.662 40.096 22.2946 77.5021 58.2507 40.1299 101.706 13.8452 23.4798 28.5012 47.5943 80.0625 33.2826 72.0642 37.9269 57.3569 20.573 73.507 26.7978 71.7696 52.509 87.5939 19.8295 62.2113 83.7558 15.8398 67.537 50.9338 69.6208 53.2541 77.9976 63.3167 22.7741 68.0077 58.7986 11.7047 
33.8479 22.3511 53.1008 61.9487 84.5568 41.7757 57.413 48.8035 37.8942 102.868 23.1664 106.621 55.5237 95.7427 30.0375 72.9583 67.0814 83.6059 23.7036 55.8628 41.653 69.1274 21.5058 79.1768 38.497 58.8401 69.527 63.3998 32.6939 16.5529 86.9975 38.9659 58.8344 21.2144 59.9204 81.5873 57.7027 60.4015 63.529 46.1112 33.1038 100.8 33.1724 39.4975 59.4792 64.5864 57.4808 22.8219 91.1454 40.3764 84.5687 28.6007 46.993 55.0619 67.7366 80.1974 70.112 21.009 41.3586 35.8833 
43.1393 18.0069 61.7518 69.7269 88.927 41.6203 67.0773 57.9118 41.1024 111.152 18.1571 115.137 63.9515 104.732 39.0565 79.0974 75.559 89.5559 15.9731 64.3442 50.6222 77.3997 21.3883 81.7296 45.6581 67.3181 79.1154 66.4007 35.6742 24.5349 88.828 48.6467 68.377 30.8235 67.6737 86.8763 66.6888 64.1363 72.4311 51.0784 42.6804 109.192 42.3232 39.0621 66.5706 65.2435 67.1059 21.6481 97.1136 50.0073 92.061 33.3808 49.0251 61.665 71.355 87.7798 79.6684 11.3217 45.412 45.3296 
73.2563 60.2764 41.4074 31.4025 16.9664 38.2341 73.631 47.8006 31.1662 60.3858 61.6159 66.6251 38.643 66.3001 74.7086 17.0658 41.5047 22.5411 69.2117 93.5975 80.3622 39.3126 52.0463 18.4174 34.0026 39.5828 84.3047 11.3635 36.5548 52.8765 28.2406 61.2119 59.8001 59.08 30.9743 16.7263 46.9297 8.90505 47.0032 21.6592 56.6768 60.2416 49.9985 40.5222 24.2671 27.1448 62.6907 53.0634 29.0663 58.6489 37.3451 39.0415 26.3837 21.284 5.9 35.6721 85.88 78.725 26.5731 71.6771 
25.2771 78.8483 54.5674 67.8473 107.109 89.4043 24.8974 47.0545 77.8165 91.7397 79.9978 91.9614 58.1234 76.2685 27.8686 87.6108 63.5784 96.893 81.3607 2.33238 16.5849 67.1739 74.1243 111.331 61.591 59.1261 25.7303 96.6555 75.3023 55.1272 121.05 32.7947 40.5191 43.2484 66.9247 99.5073 51.957 91.3085 55.9772 76.2969 38.6167 88.7614 45.2816 88.1827 72.0118 106.015 36.6553 76.377 102.754 35.171 85.6344 67.9915 87.6644 72.8045 97.3926 81.5893 24.8709 76.4006 77.1167 24.8697 
85.2416 56.9022 59.7478 51.7731 28.3064 31.6057 90.6448 64.9887 33.5678 81.2316 57.807 87.5825 57.5806 87.8014 85.5585 38.3881 62.2367 41.5843 64.9998 107.633 93.2537 60.3484 51.0393 11.8191 46.6138 59.1531 102.265 12.3483 38.3437 59.4358 16.4438 75.4936 78.2739 68.6442 50.9816 34.3351 65.9873 18.1177 67.0108 31.9 69.6724 81.2981 62.9382 34.3071 44.2233 9.35361 80.7094 51.0358 46.4665 73.4139 58.4829 44.0505 23.8757 39.6548 15.6051 57.0842 103.759 76.3024 32.034 84.3356 
50.3086 75.8238 15.1344 15.5756 53.9268 67.2596 35.3566 19.759 53.0212 35.994 77.4878 38.9166 13.7753 28.1812 54.464 33.3209 5.28394 39.8841 83.636 60.8113 53.0224 8.34506 66.6197 64.7864 34.6655 10.5109 41.999 55.2197 55.2001 52.3534 74.328 35.7001 19.4805 48.1769 16.5979 44.6794 10.7331 49.6179 4.81041 42.2734 37.4339 33.5418 35.0407 67.9857 23.2019 70.1795 23.3418 68.942 44.3717 32.733 25.7002 50.5371 57.9615 28.6505 52.2732 21.8563 43.6634 87.4818 48.3426 47.2848 
83.9174 76.4137 47.5395 34.78 6.5 54.3647 79.6786 54.9484 47.119 50.7285 77.7769 57.2197 44.1082 60.5615 86.0759 14.7122 42.5466 10.4235 85.3696 102.144 90.1613 39.4098 68.0207 23.0497 46.3492 43.78 88.7764 26.1817 52.437 67.0329 30.2952 70.5457 64.4376 71.68 35.3344 3.17805 51.423 25.0928 49.5767 36.4803 67.2402 51.3165 60.9493 56.7008 30.0083 40.1882 67.8617 69.1365 14.2667 67.6772 29.7195 54.2038 42.5846 30.4385 19.6703 30.0468 90.4221 94.6607 42.2396 81.9054 
62.6671 13.3754 61.3022 63.2219 67.4754 13.9786 80.2556 61.3059 23.72 104.251 13.6927 109.499 61.7978 103.012 60.3829 64.3351 72.3086 73.2446 20.1636 86.4974 71.3371 72.727 13.8293 55.9937 41.0157 65.013 93.2269 42.8616 20.3961 33.1308 61.3306 60.7705 75.0941 45.0131 61.3091 68.43 67.9283 42.9298 72.3849 36.3418 53.5045 103.036 49.1009 11.4237 57.2177 36.6067 75.4528 11.7478 80.3971 60.5072 82.0337 25.4788 25.4395 50.9645 49.0306 78.5064 94.2501 32.0295 29.1894 63.5152 
55.6386 50.0564 26.1859 20.5292 33.2417 33.8565 57.3071 31.4917 21.3715 59.4246 51.6047 64.9111 24.2621 60.3511 57.164 20.6671 31.0363 31.0221 58.9665 76.1804 62.7694 30.2002 40.8873 34.9206 16.5677 26.2612 68.6985 21.3002 25.7235 36.9915 44.7073 43.7453 44.6768 41.8922 19.1128 28.8998 32.6057 15.5618 34.3594 8.7046 39.0591 58.3959 32.3784 35.2602 13.1939 34.9057 47.1123 42.5353 38.5798 41.2769 37.0028 25.2771 23.0645 7.02567 20.969 33.5394 70.2084 66.7776 15.8619 54.0626 
25.9946 63.4716 17.1677 30.3592 70.0316 63.4924 15.9201 10.0449 49.5368 59.9421 65.0495 61.9776 20.662 48.4737 30.4508 50.2004 27.0474 59.4079 69.7093 37.8652 28.5063 30.5287 55.4193 76.0013 29.852 21.6933 27.8632 62.5761 49.2196 37 85.8539 12.0673 9.0802 28.5701 29.4735 62.1332 14.9091 56.9008 19.9424 43.6481 16.6739 57.2689 18.5335 63.2229 34.8673 74.5058 8.15843 57.9351 65.3649 9.68762 49.2709 42.457 57.8731 36.5591 62.1264 44.99 29.2576 70.614 46.8334 22.8729 
54.3281 8.17863 55.766 59.2225 68.628 17.5251 72.6364 54.9742 21.6668 100.893 9.42444 105.846 56.6634 98.3358 51.9582 62.8924 67.6416 72.4754 17.0188 78.1072 62.9756 68.4229 5.44059 59.0425 35.7883 59.9835 85.58 44.6171 16.9532 25.038 65.3885 53.0637 68.3895 36.8246 57.2295 68.386 62.1612 43.5784 66.9722 34.0649 45.8279 99.4694 41.8728 14.8852 53.8889 41.2478 68.4808 3.30151 79.8537 53.0024 79.3385 19.9123 26.711 47.8754 50.3171 75.545 86.5504 27.4467 27.0756 55.2635 
41.0235 77.3296 19.8595 28.2144 68.2807 73.6174 21.2763 18.312 59.203 46.1885 78.956 47.376 21.4086 33.0044 45.7587 47.6114 19.8346 54.8074 84.1758 47.2424 41.7164 23.2622 68.7285 77.7746 39.2562 19.8567 26.9602 66.5904 60.1002 51.519 87.5134 27.9122 7.16938 44.1862 28.4345 59.2663 13.0969 60.8346 12.6905 50.5372 32.3303 43.3195 32.7844 73.8253 35.1411 80.5077 10.412 71.2057 59.4133 25.6008 40.3887 54.1225 66.0049 39.2747 64.5827 36.7642 28.6245 85.9386 55.3984 37.7955 
35.1142 73.7143 19.8116 30.4803 70.982 71.8171 15.9355 15.9615 57.5265 52.1145 75.3154 53.3802 22.2443 38.9606 39.8984 50.4255 23.6129 58.36 80.2043 41.6829 35.7144 27.1936 65.3967 79.2939 37.4733 21.5808 23.689 67.218 57.9008 47.465 89.1162 22.4154 1.772 39.3314 30.3041 62.2832 13.9946 61.4499 15.9778 49.9168 27.4345 49.2666 28.7785 71.8136 36.7325 80.4463 4.41475 67.9003 63.4255 20.3494 45.1426 51.533 65.013 40.0649 65.7749 41.2826 25.3207 81.3548 54.1531 31.8779 
16.1012 58.2204 24.5153 37.9638 76.0424 62.0455 16.4049 16.8074 48.9612 69.8279 59.7117 71.8925 28.1824 58.2619 20.5412 57.0576 36.2609 66.8566 63.5831 31.1853 19.5474 39.6102 51.0009 80.069 30.9006 29.9608 29.3552 65.6293 47.5613 31.5767 89.822 3.27567 18.28 21.2551 36.7315 68.8077 24.0751 60.1798 29.5264 45.558 10.4043 67.1704 15.5801 61.3601 41.1779 75.9682 15.9226 53.5 73.2296 4 58.3014 40.3441 58.2289 41.5415 66.1211 53.9182 30.3691 63.1751 47.3001 13.0269 
107.296 79.2945 77.962 67.5643 30.8935 54.0296 110.069 84.1929 56.7116 87.3275 80.0643 93.8254 75.2001 97.8227 107.961 49.6473 77.136 47.6018 86.983 128.959 115.02 74.5059 73.9952 18.2124 68.0018 76.0282 120.868 32.9515 61.5497 82.4711 8.35464 96.5454 96.3612 91.2527 67.3406 40.3854 83.455 38.0596 83.2005 53.5374 91.2437 88.1917 84.4636 56.6973 60.7297 30.3389 99.2484 73.8318 49.1229 94.2068 66.9881 67.1146 47.0864 57.7361 32.1055 67.1161 122.442 98.625 54.7878 106.145 
72.4407 54.0107 44.1192 35.9201 22.8116 30.9739 75.5499 49.7229 25.7329 67.805 55.2667 73.9687 41.8169 72.833 73.3771 24.3822 46.4247 30.36 62.8466 93.8898 80.025 44.6467 46.2455 17.3046 33.008 43.3042 86.868 3.91152 31.158 49.5263 26.8213 61.4782 62.6752 57.0424 35.107 24.3311 50.226 3.08707 51.1383 18.8788 56.2296 67.5337 49.4518 33.3766 28.3521 19.8759 65.2458 47.0197 36.7793 59.163 44.6561 34.8053 19.3941 23.8814 4.52769 42.6569 88.3915 72.8575 21.9545 71.1767 
78.5016 54.1912 52.1023 44.2143 25.3014 29.4959 83.1291 57.4167 28.3283 75.0915 55.2675 81.3548 49.9249 80.8418 79.053 31.8148 54.722 36.3142 62.7025 100.572 86.3669 52.9235 47.4017 13.1187 39.4872 51.5102 94.6717 4.69574 33.4791 53.7217 21.154 68.3067 70.6355 62.3154 43.3803 29.4898 58.3316 10.4652 59.3879 24.8278 62.6718 74.9835 55.9072 32.1361 36.6351 12.5801 73.0973 47.7462 41.9649 66.1463 52.0899 38.4575 19.6041 32.0002 9.01388 50.3829 96.1736 73.4792 25.9124 77.4623 
39.0295 80.2075 25.9046 35.3454 75.545 78.4969 15.9841 22.6318 64.1873 51.2352 81.7984 51.6871 27.9517 36.4005 43.9819 54.8804 27.1312 62.0967 86.5466 41.7939 38.2472 30.5408 71.9803 84.7496 44.1312 26.7675 19.759 73.1686 64.6019 53.8243 94.5231 27.6904 8.42912 45.1957 35.4493 66.5586 19.5433 67.4003 19.9449 56.3413 33.3623 48.2648 35.2331 78.5092 42.0834 86.7097 8.91852 74.4883 66.6274 26.0225 47.3396 58.2307 71.5542 45.8878 71.4202 43.8475 21.4217 87.3183 60.7408 35.7951 
91.4254 59.3151 67.143 59.3155 33.6341 34.1634 97.7754 72.2267 38.7487 88.0877 60.0421 94.4839 65.0385 95.1303 91.4866 45.6054 69.7789 48.0713 66.9024 114.149 99.5863 67.8761 54.4229 15.8294 53.3405 66.6571 109.523 19.8157 43.089 64.6811 15.7309 82.2059 85.6417 74.4457 58.5158 40.6605 73.4401 25.5705 74.5349 38.67 76.183 88.2632 69.5014 36.7967 51.761 10.4809 88.0135 54.0937 52.4114 80.2268 65.5397 49.3426 28.6575 47.1296 23.0152 64.3112 111.003 78.598 37.9863 90.6697 
42.4005 45.2355 18.1397 20.3666 46.1686 36.08 45.8093 20.8734 21.6566 62.2981 46.888 66.9557 18.0499 59.2663 43.9933 30.7467 28.5412 41.503 53.6173 63.2197 49.5868 29.2957 35.8422 47.8017 4.36578 21.1896 57.8871 33.176 23.5034 26.3735 57.477 30.7938 35.0721 29.2344 18.3208 40.8418 25.0288 27.7363 28.7976 13.5956 25.8368 60.6753 19.1408 36.5471 16.6436 44.4531 36.8109 38 48.9204 28.4986 42.1372 19.3215 28.3989 12.5575 33.9094 37.9223 59.3034 59.4725 17.6479 40.8447 
59.2881 6.03075 63.1877 66.7281 74.5966 21.6843 78.9205 62.1786 28.6735 108.361 5.76888 113.342 64.1427 105.839 56.4646 69.9222 75.1513 79.2965 11.9105 82.7191 67.7921 75.9394 11.7686 63.8526 43.2807 67.4712 91.8009 50.1889 24.2547 31 69.4606 59.319 75.3956 42.3987 64.7383 74.9166 69.5255 49.7226 74.4039 41.2412 52.1599 106.957 48.6458 19.0066 61.3267 44.8018 75.3302 9.26499 86.6019 59.4781 86.6987 27.4117 32.4089 55.2685 56.1681 82.9483 92.7054 23.7693 34.1604 60.5178 
13.6894 67.3155 46.9503 60.4126 98.4371 77.9811 22.5462 39.2441 66.7027 88.7482 68.4882 89.779 50.6063 74.7204 16.3918 79.6116 57.6725 89.3811 70.0607 10.3078 4.97695 61.1791 62.5135 101.489 51.3352 52.131 29.0331 86.4653 63.9876 43.5619 111.103 23.2177 35.9518 31.7177 59.2436 91.344 45.5706 81.2686 50.3724 65.9469 28.1044 85.8821 34.8776 76.7042 63.7122 95.1567 32.249 64.7679 95.664 25.9956 79.9116 56.7073 76.6562 63.7841 87.6174 75.6493 28.8141 65.641 66.2922 13.5871 
42.0905 76.8595 18.4532 26.2101 66.178 72.4798 23.1948 17.6853 58.0496 44.6052 78.4949 46.0114 19.7436 31.9889 46.7472 45.507 17.6819 52.6499 83.8573 49.1044 43.1474 21.1009 68.1517 75.8254 38.1996 18.0025 29.1234 64.8179 59.1168 51.2938 85.5462 28.6086 8.35225 44.3948 26.4968 57.1386 11.5849 59.0712 10.6212 49.0931 32.6149 41.7739 32.6193 72.7562 33.2316 78.8777 11.9218 70.6142 57.2512 26.1457 38.2744 53.2902 64.6344 37.5151 62.6999 34.6227 30.7877 85.9247 54.1208 38.8816 
36.4664 89.5342 50.5693 62.482 102.988 95.4059 18.4491 44.2757 82.2475 78.1683 90.8881 77.3885 53.6078 61.336 40.7344 82.5222 55.6076 90.5001 93.5514 21.4283 29.588 59.1331 83.2703 110.201 63.4768 53.4958 9.45939 96.9394 80.923 63.6116 120.06 36.1964 32.7965 52.0128 62.118 94.4153 45.8384 91.2637 48.0652 77.7578 43.397 75.116 48.9376 94.6816 68.242 108.556 29.4496 85.7088 95.3757 37.1974 76.2896 73.6872 91.2965 70.6771 96.387 72.7628 7.90759 90.4696 80.2798 34.442 
71.1923 71.7346 33.4624 20.3416 20.7711 53.0665 65.2645 41.0468 42.5202 42.2976 73.2509 48.5077 29.9189 48.7643 73.78 1.27279 27.9517 9.80204 80.687 88.2844 76.9042 24.9018 62.6677 33.536 36.0072 29.3165 74.1583 29.3205 47.289 57.8234 42.4096 57.28 49.8812 60.61 21.1085 11.7444 36.9229 25.4024 34.9382 30.1573 54.7123 42.1171 48.8267 54.9623 16.6904 45.2391 53.3578 64.226 17.1828 54.3103 19.2208 47.1239 41.2029 19.1909 23.9201 17.8045 75.8064 88.6454 37.0714 68.9543 
52.9914 16.5148 69.9743 76.9666 92.5054 41.8387 76.8752 66.6694 44.6161 118.748 15.7407 122.997 71.9186 113.199 48.8559 84.5719 83.5101 94.7424 9.76166 73.8978 60.3902 85.1143 23.7245 83.5558 52.6161 75.3165 88.9657 68.9292 39.278 32.8123 89.8321 58.2719 77.6858 40.3398 74.905 91.4095 75.262 67.4354 80.881 55.871 52.1023 116.919 51.2268 39.1461 73.14 65.4487 76.5687 22.9009 102.262 59.5063 98.8486 38.7072 51.0777 67.8122 74.4067 94.6884 89.5272 2.96142 49.5292 55.1951 
35.5659 87.9128 47.1546 58.9187 99.4342 92.9475 15.3883 41.025 79.6116 74.609 89.302 73.9327 50.1351 57.9031 40.0682 78.9367 51.9312 86.8441 92.2293 23.0868 29.3343 55.4495 81.3843 106.86 60.604 49.9437 5.84209 93.7554 78.4653 61.7366 116.718 33.9094 29.2205 50.3168 58.5921 90.8155 42.2868 88.0596 44.406 74.7599 41.1652 71.5599 46.445 92.3018 64.7724 105.596 25.9509 83.8452 91.6848 34.6733 72.5739 71.279 88.5183 67.3351 93.0798 69.0522 4.40454 89.6061 77.4815 33.2929 
59.8426 82.7641 23.4019 18.2784 50.4876 71.8229 43.9619 28.9993 58.0246 26.706 84.4252 30.1423 21.0794 21.8888 63.9832 30.7483 9.47523 34.9611 90.8936 69.7376 62.4606 8.56154 73.4221 63.4761 41.2456 17.698 49.1766 56.0651 60.8737 60.4822 72.5882 45.2212 28.3854 57.1616 20.0552 40.8711 20.1201 50.8004 14.3136 46.2992 46.7269 24.4125 43.8945 72.8517 25.397 71.7006 32.2307 75.6419 38.1682 42.2404 17.9388 56.9956 61.6042 31.6267 52.1422 15.0013 50.8249 95.4679 52.9499 56.8177 
34.5172 79.5329 29.7229 40.5882 81.066 80.0321 9.62549 24.8568 65.964 58.1086 81.076 58.3837 32.3209 42.8768 39.5455 60.4745 33.2277 68.1688 85.3202 34.9961 32.6057 36.7396 71.7586 89.3729 46.0663 31.7099 13.6029 77.072 65.8119 52.8734 99.2041 25.2004 11.1772 43.1793 40.4353 72.2928 24.123 71.3119 25.7406 59.2243 31.7506 55.1232 34.9046 79.8121 46.8531 89.9549 8.92861 74.2765 72.9754 24.2539 54.0231 59.0762 73.9715 50.0445 75.7998 50.4097 15.2502 85.14 62.988 31.36 
48.9287 27.7483 37.5565 39.1042 51.2016 17.4106 60.604 38.6 4.64004 80.5084 29.3002 85.5815 37.768 78.8155 48.4554 42.8077 48.1176 52.7788 36.6661 72.4636 57.4252 48.5479 18.6301 45.4816 17.3401 40.9216 73.4173 29.5968 3.80132 21.349 53.7339 42.2587 52.8342 31.3383 37.1646 49.4276 44.3389 26.6008 48.4665 13.9119 35.3327 79.1624 29.3586 17.3 33.4432 33.5622 53.8028 20.2272 60.2748 41.0946 58.832 5.96825 14.8054 27.3761 33.9147 55.0538 74.6464 44.9444 7.67919 48.64 
35.7315 60.7376 4.11461 17.5208 56.9723 55.8108 28.507 3.8 41.4001 52.2943 62.3899 55.4707 7.71622 44.303 39.3585 37.1648 16.7601 46.5626 68.1234 50.7241 40.098 19.7307 51.8154 63.4938 21.4597 9.50053 39.3022 50.7552 42.3586 36.1544 73.3524 21 15.3013 31.6223 16.4794 49.0829 6.30079 45.0031 12.0283 33.2063 21.2565 49.9625 18.4621 56.029 21.8213 63.729 17.6709 54.2419 52.7565 17.9 38.103 36.5986 48.4322 23.9727 49.741 33.6482 40.8388 71.2657 37.692 33.0014 
35.096 86.9014 45.0795 56.7539 97.2716 91.4278 13.6308 39.0544 77.991 72.51 88.3111 71.91 48.0243 55.9014 39.7223 76.7581 49.7076 84.6291 91.3961 24.2157 29.3002 53.2226 80.2173 104.815 58.8511 47.7867 3.81182 91.8035 76.9532 60.5955 114.673 32.5707 27.0562 49.305 56.4486 88.6288 40.1319 86.097 42.1911 72.9236 39.8393 69.4638 44.9437 90.8296 62.6599 103.773 23.838 82.6898 89.4545 33.1789 70.339 69.8018 86.8084 65.2964 91.0562 66.8162 2.68328 89.052 75.764 32.6806 
16.9623 69.4525 51.6501 65.1128 103.017 81.2914 26.5415 43.942 70.4052 93.1561 70.551 94.0597 55.3075 78.8651 18.6078 84.2738 62.3503 94.0707 71.6616 7.92275 8.57963 65.8635 65.156 105.812 55.58 56.8384 31.6285 90.6795 67.4801 46.6154 115.386 27.778 40.4654 34.9464 63.935 95.9871 50.2621 85.5436 55.0245 70.1225 32.3422 90.2703 39.1215 79.9133 68.3574 99.0208 36.7227 67.3385 100.367 30.608 84.5909 60.2545 80.432 68.3343 91.9711 80.3374 31.1931 66.5007 70.2166 17.4977 
62.9308 98.1236 37.5832 38.8001 72.3923 91.0372 39.8058 39.2226 76.7392 30.938 99.7766 29.5061 37.1819 13.4302 67.7997 53.0322 28.2087 56.3057 105.453 64.7656 62.4362 29.5237 89.1586 85.7961 57.8381 34.1463 38.7129 77.9868 78.668 73.1304 94.8689 50.3588 29.492 66.5327 40.128 62.72 31.1925 72.5653 26.4751 66.0982 54.7362 27.8948 54.5938 91.698 46.4108 93.3741 32.0495 91.5645 58.244 48.0885 37.4226 73.5612 81.7749 52.2245 74.3361 35.9707 40.1001 107.96 72.1446 59.6858 
13.0138 66.9362 42.1532 55.5989 94.0669 75.9495 17.5775 34.4746 64.1003 83.518 68.1965 84.5786 45.7926 69.5766 17.0156 74.9861 52.5669 84.6245 70.3257 13.306 6.15873 56.0903 61.4994 97.7057 47.8174 47.1975 25.3503 82.9145 61.7324 42.1246 107.39 19.14 30.7189 30.2002 54.4938 86.783 40.5088 77.6073 45.2206 62.514 24.8069 80.6549 31.4759 74.8265 59.1656 92.2139 27.0148 63.8376 90.8091 21.6982 74.8076 54.4037 73.9006 59.5292 83.7865 70.5698 25.3663 66.7792 63.3167 11.676 
77.8023 101.734 42.8627 36.2927 57.2603 89.0025 58.5888 48.091 75.798 8.50235 103.388 10.6668 40.5265 11.3217 82.2134 41.456 28.9178 40.5613 110.018 84.5199 79.3681 27.324 92.3455 73.2535 60.2742 37.1602 60.3596 69.4165 79.1324 79.9425 81.2227 63.5309 44.5597 76.4752 38.2828 47.9167 39.0466 64.8353 33.082 63.5106 65.7384 5.55788 63.2665 90.3011 42.283 85.4 48.1269 94.4942 40.0716 60.6782 21.5021 75.8129 78.054 48.624 64.3504 22.8705 61.8729 114.88 70.4872 74.6625 
91.5242 60.7968 66.2825 58.0682 31.2835 35.5394 97.2169 71.5605 39.27 86.0549 61.5721 92.4689 64.074 93.39 91.7212 43.8114 68.4634 45.9358 68.5263 114.057 99.6027 66.4686 55.6167 13.4239 53.0941 65.5881 108.833 18.8767 43.7933 65.2175 13.503 81.9787 84.8177 74.7359 57.3394 38.4912 72.4831 24.6435 73.3982 38.3839 76.0859 86.2812 69.3689 38.2027 50.5677 11.8423 87.2715 55.3852 50.1343 79.928 63.6197 49.8401 29.2933 46.139 21.4758 62.502 110.329 80.1325 38.1619 90.683 
56.7641 40.2548 34.7541 31.6765 37.9012 22.2767 63.2652 38.4034 10.7912 70.9505 41.708 76.4807 33.6595 71.7508 57.2846 30.5791 41.9228 40.0292 49.2441 79.1253 64.7223 41.4251 31.5496 33.7236 18.3003 36.2006 75.4448 17.844 15.9327 32.7426 42.73 47.1307 52.489 40.6179 30.0648 36.236 41.5788 13.7674 44.3028 4.07922 41.1546 69.9618 34.442 23.7413 24.64 26.9436 54.3548 32.8299 47.4305 45.2001 48.3415 18.2099 11.7958 18.3098 21.0924 45.0211 76.8511 58.1228 5.67539 55.8055 
4.67547 51.7093 42.9913 55.9044 90.5108 63.8205 30.4613 35.6976 53.694 90.2218 52.857 92.3385 46.5474 78.5651 0.728011 73.3388 55.9823 83.7523 54.4121 25.5267 10.9073 59.1434 47.2745 91.1843 41.1825 48.9263 40.8512 75.5818 50.3433 28.9928 100.481 18.7723 38.4147 17.7485 54.3368 84.4953 43.983 70.8071 49.6774 55.0594 19.3752 87.5891 25.4961 62.3286 57.4032 82.5728 35.5294 49.454 90.638 21.7911 77.5539 43.277 63.8376 56.004 77.6369 73.0808 41.1156 50.4337 54.1425 7.90253 
86.1629 97.9054 47.119 35.39 38.7243 80.5623 72.02 54.2786 69.3172 18.5154 99.4837 24.9393 43.7156 33.022 89.8649 28.8425 34.2177 23.0766 106.73 97.7231 89.7001 30.8858 88.6095 56.1271 58.7003 41.0859 76.7727 56.1712 73.7151 80.4665 62.8815 71.3875 56.3425 80.2193 37.3363 30.491 46.4182 52.8046 41.3392 56.6817 71.4071 19.9324 67.0774 82.3802 37.7987 71.7081 60.2031 90.3939 19.9203 68.3005 12.6242 72.3644 68.7527 43.1511 50.1597 17.1292 78.3962 113.657 63.8036 83.3236 
36.0462 86.617 42.2412 53.5385 94.0383 90.0355 12.2589 36.5903 76.3772 68.4901 88.0657 67.9047 45.0459 51.9062 40.8512 73.4622 46.1637 81.1311 91.4582 27.5507 31.0409 49.646 79.6227 102.011 56.9415 44.6189 0.728011 89.2943 75.6003 60.103 111.86 31.8127 23.9207 49.1253 53.325 85.2879 36.9899 83.5611 38.7227 70.7628 39.0463 65.4439 43.7138 89.5483 59.6518 101.616 20.9612 82.1156 85.8283 32.0506 66.5508 68.5441 84.9603 62.5449 88.3287 63.0892 2.26274 89.6447 73.912 33.3985 
52.7091 1.30384 59.788 64.6518 76.4963 25.5131 73.23 58.0246 28.9993 106.554 2.81603 111.264 61.1003 102.899 49.6977 69.8886 72.4117 79.7236 9.56922 75.936 61.1204 73.5112 8.57963 67.1509 40.5464 64.4845 86.0126 52.646 23.8948 25.4167 73.4613 53.6825 70.7276 36.3001 62.6163 75.9217 65.8353 51.4164 70.9975 40.9718 46.655 104.978 43.7495 22.8373 59.8754 49.205 70.3839 6.93181 87.168 54.0881 85.5493 25.1032 34.7541 54.0957 58.258 81.603 86.8518 19.3373 34.2184 54.092 
90.0281 78.0484 54.733 42.3137 1.83576 54.6386 87.0619 61.9788 49.4022 57.65 79.3083 64.1527 51.4009 68.2821 91.9054 22.4207 50.4366 17.9536 86.8878 108.998 96.6002 47.3532 70.1573 17.7553 51.5454 51.2938 96.4461 25.7235 54.8272 71.2618 23.3619 77.0699 72.0124 76.8833 42.7142 11.1893 58.9513 26.4221 57.3562 40.1125 73.3265 58.45 66.8542 57.1454 37.0005 37.4066 75.3632 71.0144 19.7464 74.2823 37.4322 57.5501 43.3674 36.5557 19.6087 37.987 98.085 96.8174 45.0156 88.171 
59.5756 98.3257 38.9297 42.4166 78.0708 93.0763 35.1801 39.1506 78.6641 38.0739 99.9602 36.3341 39.2001 20.298 64.5478 58.2344 31.8328 62.3013 105.268 59.2324 58.2081 33.7771 89.6068 90.7436 59.1683 36.5049 32.46 82.0207 80.1331 72.6276 100.016 48.0288 27.4117 65.0429 43.4884 68.437 32.1436 76.4621 28.4297 68.7186 53.1456 35.0408 53.8934 93.5385 50.065 97.0697 29.2412 92.0639 64.6747 46.0821 43.8275 74.5615 84.4313 55.5167 78.781 41.9915 33.752 106.968 74.3673 56.3498 
23.6038 42.9848 22.0719 32.8637 65.0372 44.8728 33.2579 17.4413 31.9883 72.0503 44.5738 75.4923 24.9147 64.3481 25.0769 48.4415 36.1865 59.0573 49.4773 45.6207 31.2348 38.5946 34.9314 66.1587 15.8808 28.0532 46.218 50.8811 30.3896 16.772 75.6482 14.418 29.0002 12.0487 31.0105 59.2669 26.3078 45.8188 32.1552 30.3134 7.68375 69.8387 1.99249 44.1956 32.8014 59.7369 28.6723 37.4489 66.2007 13.4733 55.5539 23.1728 41.5471 30.6967 52.4314 51.0533 47.3334 51.4813 30.8462 22.3403 
74.334 73.7621 36.6051 23.4303 18.1945 54.3788 68.329 44.2 44.4046 42.5075 75.2549 48.8365 33.0506 50.0915 76.8953 3.90128 30.7002 6.90507 82.7357 91.4327 80.0653 27.5409 64.7892 32.0914 38.85 32.383 77.0912 29.426 49.3077 60.5635 40.6247 60.4401 52.8841 63.6001 24.244 8.83912 39.9662 26.0169 37.819 32.2531 57.8363 42.5541 51.9139 56.3724 19.8285 45.1595 56.3902 66.2735 14.4309 57.4718 19.8252 49.488 42.4415 22.0656 23.6299 19.105 78.7427 90.9373 39.0191 72.1061 
76.7208 76.0711 38.7769 25.4912 17.2192 56.3664 70.2974 46.4088 46.6717 41.7412 77.5539 48.1408 35.192 50.207 79.3235 6.40312 32.2639 4.39318 85.0507 93.6092 82.376 28.9945 67.1376 32.2155 41.3679 34.3837 78.8365 30.7722 51.6245 63.0758 40.3838 62.7626 54.7526 66.1012 26.4078 7.56637 41.9152 27.7002 39.5285 34.6144 60.2536 41.9634 54.3688 58.4083 22.2272 46.3124 58.3057 68.593 11.9369 59.78 19.5576 51.923 44.4083 24.5815 24.7542 19.418 80.4923 93.3408 41.3174 74.4664 
73.873 61.9526 41.2753 30.8302 15.6013 40.0476 73.6098 47.8414 32.7605 58.7933 63.3039 65.0594 38.4034 65.0151 75.4359 15.5929 40.762 20.72 70.8985 93.9385 80.8622 38.4533 53.6574 18.843 34.7851 39.19 84.1086 13.1061 38.1283 54.0557 28.5701 61.6078 59.5648 59.9841 30.5177 14.9013 46.6212 10.7201 46.4663 22.902 57.2451 58.6983 50.6084 42.3236 23.8891 28.7767 62.5308 54.7111 27.2281 58.9936 35.8134 40.4191 28.1801 21.3694 7.31642 34.2707 85.6951 80.3286 28.0672 72.2264 
28.406 44.2512 18.0812 27.9603 59.958 43.1283 34.8817 14.9466 29.5102 67.8973 45.8862 71.5902 20.5548 61.1101 30.1644 43.2261 32.0628 53.845 51.3654 49.6231 35.6675 34.2313 35.632 61.6144 11.463 23.8315 47.6615 46.5859 28.7543 19.2961 71.2001 17.4917 28.1306 16.965 26.0578 54.0771 23.1815 41.3628 28.7868 26.163 11.8727 65.787 5.14296 42.752 27.6089 56.2894 28.5044 38.118 61.0001 15.728 50.7244 21.9276 38.5549 25.5149 47.7913 46.2398 48.9004 54.4301 27.598 26.874 
83.592 51.0358 61.3949 54.8432 35.5179 25.7816 91.1408 65.9348 30.5203 86.8795 51.8183 93.1393 59.6055 92.3699 83.4748 43.5773 65.4543 47.9041 58.8054 106.581 91.863 63.9038 45.9413 19.3313 46.2087 61.5313 103.173 15.6259 34.6954 56.3853 22.7264 74.9221 79.7023 66.3871 53.8098 40.8795 67.9307 20.8614 69.5715 31.7657 68.6813 86.7613 62.0797 28.4417 47.1925 2.10238 81.8502 45.6572 53.2238 73.0852 63.8649 41.106 20.3666 41.9663 20.7964 62.0854 104.611 70.3778 30.2121 82.9625 
55.245 73.2767 16.2782 8.25409 44.3379 61.7992 43.5938 23.3343 48.036 34.6733 74.9323 38.9847 13.0924 31.9119 58.9186 23.7497 4.48219 30.5 81.5606 68.3264 59.1222 1.60312 63.8941 55.5623 31.8152 10.1868 51.2079 46.8728 50.9927 52.0024 65.0035 40.4773 27.693 50.0016 10.0648 35.101 15.9138 41.4397 12.0354 36.2763 40.5765 32.8207 36.6939 62.8395 15.5048 62.2676 31.4479 66.06 35.4198 37.3837 18.6024 47.3803 51.6202 21.6518 43.4385 14.2172 52.8698 86.6686 42.9344 52.4462 
82.8971 55.5203 57.3334 49.479 27.5937 30.3117 88.2036 62.5512 31.4941 79.5594 56.4745 85.8793 55.1881 85.8047 83.2588 36.5197 59.9707 40.1852 63.7465 105.236 90.8842 58.132 49.3961 12.184 44.201 56.7895 99.8295 9.95389 36.3676 57.2937 18.0854 73.077 75.8538 66.3754 48.6576 33.0578 63.5928 15.7178 64.6688 29.4885 67.2816 79.5594 60.5417 33.0106 41.9087 9.40691 78.2788 49.485 45.3398 70.9876 56.7028 41.92 21.9738 37.2701 13.6367 55.1838 101.323 74.9131 29.7755 81.9674 
82.2657 50.5146 59.848 53.3023 34.6383 25.2052 89.6403 64.4085 29.3206 85.5313 51.339 91.7759 58.0539 90.8982 82.2 42.193 63.9153 46.7047 58.4042 105.199 90.5114 62.3773 45.1895 18.8915 44.7465 59.9791 101.654 14.1598 33.6074 55.2294 22.963 73.4888 78.1625 65.1257 52.2634 39.7452 66.3802 19.3373 68.0201 30.2696 67.2816 85.3867 60.6647 27.8869 45.6508 2.33452 80.3197 44.9814 52.136 71.6325 62.4885 39.9145 19.1971 40.4148 19.4797 60.6644 103.095 69.8877 28.8513 81.6061 
84.7857 50.629 63.4353 57.1305 37.8276 25.5633 92.8974 67.8251 31.477 89.3784 51.3401 95.6362 61.7188 94.8095 84.5351 46.0692 67.7505 50.383 58.1881 107.923 93.1224 66.2463 45.9492 21.3038 47.8377 63.7028 105.014 18.071 35.3927 57.1851 23.8663 76.4336 81.675 67.4248 56.0635 43.3352 70.0172 23.2175 71.7638 33.5418 70.0909 89.2561 63.5404 28.1684 49.4775 2.69258 83.7607 45.529 55.6555 74.663 66.3591 42.012 21.3178 44.1654 23.2964 64.5635 106.438 69.8928 31.5636 84.2388 
82.4721 67.1405 49.8551 38.8855 10.017 43.624 82.2499 56.5291 38.7965 62.4763 68.3784 68.9094 46.8875 70.6135 83.9231 21.296 48.4004 22.3379 75.948 102.676 89.5436 45.817 59.3998 11.5741 43.2113 47.4843 92.587 14.7136 44.2295 61.6899 20.6826 70.3314 68.0186 68.2215 38.7604 14.9576 55.0073 15.7537 54.503 30.4821 65.8813 62.7762 59.2119 46.1286 32.2796 27.4824 71.0617 60.1771 27.0601 67.7289 40.3031 47.4422 32.3818 30.0947 8.65852 39.6043 94.185 86.0169 34.7 80.877 
20.412 53.6606 19.0042 32.1498 69.1469 55.4491 22.4589 11.7085 42.0438 67.0458 55.2197 69.7132 22.602 57.1238 23.9019 50.5831 32.0888 60.6446 59.7358 38.3401 25.7437 35.1689 45.8416 72.7635 23.5866 24.9064 35.36 58.2718 40.9888 27.0749 82.5014 6.10983 19.0032 18.7003 30.7168 62.1889 20.3541 52.8315 26.2482 38.2158 6.86222 64.5565 9.12688 54.9176 34.5962 68.7023 18.0569 48.3592 67.2561 3.40588 53.534 33.9094 51.1172 34.5013 58.8211 49.0633 36.5322 60.6301 40.136 17.8757 
35.4193 43.595 17.3072 23.9268 53.132 38.6091 40.5031 17.3012 24.4135 65.3244 45.2585 69.519 18.6207 60.3822 37 37.1022 30.1126 47.8235 51.4433 56.5659 42.7121 31.6362 34.442 54.5785 4.75079 22.0229 52.9873 39.6406 24.7455 21.5232 64.1843 24.2547 31.5458 22.6009 21.8929 47.5798 23.6865 34.3583 28.5323 19.3724 18.9212 63.4476 12.1803 38.6005 22.0436 49.8944 32.6663 36.8061 55.1311 22.1923 46.5619 18.8481 32.7031 19.0515 40.7443 42.1731 54.3207 56.0226 21.6536 33.9229 
64.2982 86.5744 27.7627 21.4294 50.0568 74.7982 47.8774 33.4861 61.2259 22.2524 88.2321 25.9114 25.2875 19.2676 68.4606 31.1439 13.7004 33.9612 94.8008 73.761 66.8001 12.1037 77.2023 63.9839 45.0728 21.944 52.4254 57.6195 64.3012 64.7001 72.8286 49.6971 32.5055 61.5959 23.3437 40.3803 24.6142 52.5524 18.7926 49.2278 51.2141 20.0302 48.3112 75.9382 28.0516 73.438 36.3233 79.3827 36.3325 46.7231 15.5589 60.7067 64.2725 34.3879 53.3023 13.6191 54.0567 99.6092 56.0376 61.2612 
76.9344 87.4643 37.59 25.248 33.5058 70.6601 64.692 45.0071 59.0468 24.2217 89.0498 30.5791 34.0602 33.7147 80.4316 19.4654 25.6971 16.8024 96.268 89.93 80.987 22.1472 78.1499 49.7049 48.2149 31.7077 70.7939 47.5379 63.3461 70.0321 57.4833 62.2051 48.7767 70.1231 27.1288 24.1828 37.7457 43.666 33.2343 46.3864 61.7207 24.3822 57.0968 72.3871 27.2883 63.3834 52.6241 79.9591 17.3358 59.1054 3.77359 61.8684 58.9705 32.6602 41.8971 7.66551 72.4489 103.141 53.5318 74.2017 
88.9331 72.8464 55.6369 44.1091 7.43303 48.7756 88.0878 62.5016 44.9491 63.8154 74.0314 70.3102 52.5404 73.4074 90.4347 25.2715 53.1448 23.5213 81.5652 108.927 95.9308 50.337 65.3551 10.519 49.733 52.9004 98.1369 20.0584 50.3724 68.193 17.2285 76.6429 73.5697 74.7717 44.1744 16.0798 60.5026 22.0057 59.6008 37.0072 72.3149 64.4199 65.6686 51.3568 37.9051 30.3712 76.7211 66.0228 26.5345 73.9985 42.6456 53.8343 37.9638 36.2271 14.7031 42.5987 99.7506 91.8828 41.0395 87.2983 
49.977 81.3049 20.7135 23.9437 61.9642 74.493 31.152 22.7702 60.124 36.4216 82.9608 37.9684 20.5353 24.5601 54.5341 41.4654 13.6565 47.3764 88.7389 57.135 51.3055 16.3371 72.3016 73.1772 40.9956 17.7229 35.6699 63.5708 61.8777 56.6359 82.6915 36.0943 16.4976 50.8627 24.8485 52.5837 14.359 57.9424 9.73242 49.9362 39.3594 33.6025 38.3642 75.0555 31.533 78.4083 20.1102 74.7001 51.2645 33.4325 31.4127 56.6867 65.6515 36.7887 60.6865 28.1823 37.3172 91.6526 55.6925 46.7954 
20.9612 56.0143 18.5973 31.9595 69.7318 57.5543 20.373 11.0005 44.0266 65.699 57.5733 68.2015 22.2524 55.347 24.7952 50.8273 31.1373 60.7188 62.0755 37.4927 25.5633 34.3338 48.1814 73.8857 25.2288 24.3 33.2122 59.6055 43.115 29.4253 83.6609 6.20081 16.7815 20.8586 30.6415 62.5425 19.1638 54.1015 24.9514 39.7458 8.9627 63.1585 11.4018 57.0701 34.9107 70.3736 15.7204 50.6992 67.1908 3.10161 52.869 36.0856 52.9639 35.2346 59.9341 48.4298 34.4177 62.8736 41.949 18.2011 
40.2305 28.0203 33.2223 37.6904 56.7 25.1181 52.9551 32.7361 13.2966 79.6222 29.6811 84.2421 34.2212 75.9943 39.7756 45.4525 45.405 55.9572 36.2994 63.8201 48.7469 46.4617 18.6936 52.9049 13.5 37.5757 65.8775 36.9356 10.6621 13.381 61.5565 34.1252 46.5721 22.6632 35.6427 53.6435 39.634 33.1634 44.4343 18.2003 27.0387 77.9853 21.4667 24.4233 33.4332 42.193 47.1004 20.9755 63.5152 33.2277 59.1632 3.39559 23.4438 28.1485 40.4821 55.0535 67.0358 42.4849 14.5031 39.9892 
42.457 87.6473 35.0892 44.2719 84.1852 87.2145 16.7657 31.4531 72.985 55.0967 89.2036 54.5001 37.1295 38.5292 47.4891 63.5182 35.5106 70.2488 93.5565 39.8363 39.7775 38.7536 79.7337 93.8136 52.9515 35.8469 13.6719 82.3556 73.1615 61.0275 103.564 33.5181 17.1304 51.4864 44.4775 75.0483 28.72 76.5879 28.7002 65.4465 39.9892 52.047 42.8365 87.1269 51.1587 95.8816 16.2308 82.2508 74.36 32.4895 54.4347 66.6012 80.5661 55.0662 80.5509 51.2923 15.1753 93.4654 69.694 39.3559 
55.7197 83.2661 22.5204 21.6037 56.976 74.3616 37.9438 26.5047 60.2091 30.2333 84.9301 32.4238 21.2009 20.787 60.1146 36.8543 11.0653 41.7528 91.0618 63.8959 57.5751 12.3968 74.0623 69.2719 42.083 17.8941 42.4156 60.855 62.5272 59.6433 78.5705 41.4403 22.8965 55.0023 22.9872 47.4275 17.4642 55.394 11.5974 49.1581 43.9165 27.5436 42.0315 75.1642 29.2043 76.1777 26.6368 76.3827 45.1359 38.6095 24.8809 57.959 64.7711 35.0629 57.3917 21.9659 44.0542 94.7799 55.4196 52.5929 
78.6006 87.1831 39.2 26.4327 30.6752 69.6563 67.1038 46.7347 58.4565 26.5062 88.7498 32.9462 35.6069 36.7392 81.9748 18.0014 27.9179 14.0289 96.0432 92.1668 82.8967 24.3263 77.9257 47.1611 48.6252 33.454 73.4948 45.7231 62.9174 70.5649 54.7463 63.9253 51.166 71.1642 28.2113 21.5021 39.8026 42.1071 35.536 45.8416 63.1314 26.9017 58.2795 71.4682 27.6279 61.4554 54.9968 79.6649 14.2302 60.8266 6.72086 61.7975 57.862 32.6193 39.9084 9.97246 75.1532 103.226 52.9462 75.929 
35.9601 27.5902 60.6304 70.1747 93.5693 49.6101 61.113 55.7219 46.7367 110.587 27.9415 114.099 63.2719 102.62 31.4086 81.813 74.7193 92.4883 25.9887 55.6004 42.6617 76.9523 29.0904 87.9807 47.1526 66.5192 72.5276 72.2667 41.4661 25.1446 95.6448 43.9533 64.534 27.3075 68.1704 90.5668 64.7522 69.3649 70.6689 55.1243 38.9899 108.42 40.2226 47.1943 68.0678 72.833 62.7654 29.9448 100.018 45.8214 92.8989 37.6012 55.6102 63.8331 76.6942 88.486 72.9222 18.813 50.3287 38.5417 
35.1319 42.1893 18.6955 25.262 53.7034 37.5926 41.1539 18.4329 23.4955 66.7205 43.8526 70.9307 20.0412 61.7981 36.5297 38.0296 31.533 48.7694 50.0241 56.6258 42.5932 33.0438 33.051 54.6938 4.45982 23.4438 53.7276 39.5904 23.6076 20.1933 64.2436 24.4493 32.6098 21.7389 23.2215 48.3489 25.0242 34.4013 29.9207 19.1638 18.8003 64.8526 12.0208 37.5161 23.1625 49.4523 33.6162 35.4227 56.1143 22.5291 47.8524 17.5616 32.0258 19.9023 40.9199 43.4775 55.0382 54.6191 20.9881 33.7535 
81.9869 50.3954 59.5318 52.9914 34.4814 25.0799 89.3304 64.0947 29.0682 85.2677 51.2282 91.5087 57.7378 90.6056 81.9308 41.922 63.6051 46.4759 58.3086 104.91 90.2278 62.0707 45.0245 18.8353 44.4433 59.6638 101.341 13.8708 33.3766 54.9837 23.0426 73.1905 77.847 64.8594 51.9507 39.5315 66.064 19.0318 67.7053 29.9608 66.9893 85.117 60.3697 27.7651 45.3398 2.48395 80.0053 44.8318 51.9317 71.3308 62.2187 39.6627 18.9528 40.1001 19.2271 60.3842 102.782 69.7734 28.5675 81.3217 
102.068 74.4036 73.1804 63.0969 28.0114 49.0976 105.168 79.2881 51.4573 84.7151 75.2118 91.2178 70.495 94.4917 102.705 45.7272 72.8551 44.5798 82.2119 123.815 109.823 70.3331 68.9246 13.4529 62.8156 71.4351 116.1 27.7253 56.3217 77.1991 3.90512 91.4193 91.6385 85.9824 62.7873 37.1856 78.7966 32.9084 78.7373 48.3125 86.0572 85.4239 79.2778 51.7789 56.1189 25.5049 94.4632 68.8158 46.8095 89.1097 63.7577 61.8464 41.8779 52.897 27.1597 63.6053 117.663 93.7674 49.5105 100.94 
38.3866 34.7356 26.5002 31.2187 53.7249 29.9723 48.076 26.4282 16.3615 73.1259 36.3985 77.647 27.4614 69.2399 38.7783 40.6031 38.6762 51.2864 42.8981 61.2315 46.5296 39.8077 25.4403 52.0612 6.8593 30.8183 60.8599 36.3067 15.7258 16.2237 61.2119 30.0807 40.506 22.1964 29.1606 49.6906 32.9844 31.763 37.7 15.9891 23.4472 71.4291 17.095 29.714 27.4875 44.0369 41.3165 27.7346 58.8099 28.7044 53.0864 9.53362 25.7661 22.7095 38.8477 48.8836 62.1007 48.5103 15.1486 37.6181 
62.3708 56.0629 30.0801 21.1981 26.0726 37.6012 62.1933 36.3464 26.7486 56.0394 57.559 61.8716 27.4758 59.0859 64.1003 14.5245 31.7345 24.2986 65.0355 82.2621 69.2425 30.0958 47.101 29.7059 23.7306 28.72 73 18.4545 31.6078 44.2651 39.5637 49.941 48.5672 49.0951 20.3973 21.6566 35.8469 12.9468 36.4585 14.5836 45.701 55.3466 39.1261 39.3732 13.6312 33.8053 51.3622 48.5732 31.8159 47.3178 33.0058 32.0705 25.9388 9.83514 16.0702 30.148 74.5623 73.3481 21.33 60.6509 
55.7245 82.6586 21.9893 20.7118 56.0528 73.5642 38.3308 26.2031 59.4348 30.2035 84.3228 32.5779 20.5529 21.3214 60.0787 35.9135 10.2108 40.8705 90.4924 64.2508 57.7218 11.4586 73.437 68.3235 41.4155 17.2192 43.0425 59.923 61.7994 59.1752 77.624 41.3729 23.1311 54.7015 22.1199 46.5116 17.14 54.4683 11.2161 48.3266 43.6981 27.5632 41.676 74.385 28.3007 75.2597 26.9046 75.7481 44.319 38.513 24.1479 57.2931 63.925 34.1844 56.4472 21.1518 44.6857 94.3093 54.6202 52.6134 
55.7248 90.8728 30.662 33.4755 69.6139 84.5742 33.4215 31.8291 70.1989 34.6575 92.5214 34.4489 30.6178 18.919 60.5483 49.5586 22.8886 54.1421 98.1059 58.9454 55.6232 24.8888 81.9771 81.9288 50.966 27.7872 34.1252 73.0767 71.888 65.7027 91.2616 42.92 22.0844 59.0161 34.5676 60.0288 24.0684 67.5187 19.8134 59.9854 47.2217 31.6155 47.1222 85.1231 41.1254 88.1397 24.8163 84.4015 57.0103 40.6079 36.2862 66.5676 75.7005 46.6169 69.8664 33.9943 35.6427 100.479 65.7761 52.4818 
24.1698 35.2138 52.6977 63.5744 91.351 53.282 49.6118 46.9221 47.1492 102.507 36.0069 105.58 55.7008 93.2858 19.5502 77.4448 66.7702 88.2009 35.9071 44.0828 30.8157 69.3382 33.6595 88.036 42.4924 58.76 60.7824 72.0731 42.4157 21.8874 96.4347 33.3862 54.2351 18.7928 61.665 87.2046 55.9802 68.3769 61.9484 53.0911 29.4109 100.172 32.1056 51.195 62.6279 75.206 52.1446 35.2548 95.6007 35.5928 86.3308 36.8741 56.9228 59.2558 75.6834 81.8398 61.1393 30.4532 49.6158 26.8561 
54.2072 77.6354 17.6955 14.7167 51.056 67.7738 39.4417 23.1905 53.7298 32.5185 79.2991 35.8402 15.6083 26.4008 58.2842 30.6297 4.36578 36.4966 85.6416 64.9382 57.0842 5.63028 68.3418 62.7096 36.1889 12.2025 45.7587 53.9812 56.2705 54.8935 72.1103 39.5338 23.5934 51.3639 16.1645 41.6525 14.359 48.5015 8.68332 42.4436 40.9185 30.2015 38.1115 68.6552 22.3009 69.2735 27.4565 70.6072 40.6617 36.5301 21.6315 52.0356 58 28.2023 50.6191 17.8941 47.4216 89.9458 48.8321 51.2149 
51.1251 46.543 24.1323 21.1287 38.0494 32.4168 54.0845 28.5412 18.882 61.7224 48.1292 66.9582 22.8162 61.2944 52.5164 24.9227 31.1439 35.4683 55.3621 72.0742 58.4199 30.8639 37.2414 38.9423 11.8271 25.3002 65.8345 24.4935 22.5887 32.2493 48.6285 39.6409 42.2664 37.0951 19.3961 33.6537 30.8691 18.9526 33.4096 6.98713 34.6433 60.4901 27.9079 33.497 14.6728 36.7633 44.4164 39.0387 43.0215 37.3 39.8818 21.174 22.6716 8.45044 25.0521 36.1248 67.3021 62.7178 13.5989 49.6489 
