120 60 18
777 335 649 27 763 426 211 429 862 135 22 167 11 373 784 324 413 980 862 281 84 505 313 895 814 364 87 178 403 399 676 12 94 570 467 902 652 280 865 619 31 771 709 856 586 683 528 829 270 715 796 245 921 488 841 500 124 856 227 936 
432 551 437 228 275 407 474 121 858 395 29 237 235 793 818 428 143 11 
6 10 17 16 12 9 2 11 10 6 2 2 7 4 8 3 4 10 13 5 16 17 6 15 0 5 2 17 7 3 11 15 8 2 16 6 15 12 4 3 12 15 13 13 1 17 11 4 4 7 16 8 2 2 2 2 9 1 17 8 10 16 5 1 6 16 2 12 4 0 1 1 12 12 14 17 1 11 0 4 15 12 0 1 16 9 17 15 17 5 7 9 13 1 15 5 5 17 15 2 14 0 9 3 8 6 10 2 14 6 4 1 11 12 7 10 14 15 9 11 
18280 38637.4 31797 42785.5 73485.4 46185 35923.4 26382.2 35288.1 81701.7 40084.4 84952.3 34770.1 73237.8 17920.1 57805.5 45894.7 68500.7 43787.9 42104.8 26903 48415.3 32046.5 72985.5 23700.2 37842.8 48669.5 57257.4 32240.5 12396.8 82162.3 16519.7 35764.4 2147.09 40918.1 68280.7 35440.1 52645.4 41385.3 36854.3 10064.8 79422 11182.6 44953.9 42420.9 64109 34525.9 34481.9 75744.6 17477.1 65486.6 25020 45399.8 39785 59626.3 60986.1 49514.5 43902.8 35640 18380.7 
13685.4 47295.2 27693 40160.3 74607.3 53199.4 27234.2 20985.9 41135.1 76603.9 48756.2 79363.8 31104.5 66780 15754.4 57276.6 41331.9 67710.6 52466.1 35891.2 21281 44247.6 40443.2 76139.1 25854.4 33766.4 40021.1 60860 38867.2 20819.5 85634.7 7874.64 28003.2 10119.3 38510.5 68448.5 29885.9 55804.4 35823.6 40283.6 3413.21 74150.7 9585.41 52218 41354.1 69378.2 26362.3 42912.1 74641.5 9300.54 62257.9 31531.7 50966 40000 62391.2 57753.7 40900.1 52155.2 40494.9 12369.3 
32003.9 42083 19000 27060.1 56772.6 39357.3 38840.2 17441.6 25556.2 68025.4 43737.5 72025.6 20862.6 62301.3 33415.3 40800.1 32469.2 51514 49599.7 53621.3 39503.2 34266.7 33165.2 57800.1 7521.3 24253.9 51552 42638 25096.6 18620.7 67331.4 21584.5 31264 18900.3 25059.9 51288.4 24867 37489.9 30121.3 22146.1 15726.7 66054.7 8949.86 39095 25630.1 52185.2 31950.7 35604.1 58804.3 19825.2 49804.9 18538.9 34480.3 22763.6 44040.9 45377.6 52818.6 53529.2 23505.3 30649.3 
52541.9 2731.3 61204.6 66424.8 78859.2 27886.9 73657.9 59185.9 31277.5 108350 2968.16 112992 62623.1 104401 49344.7 72047.8 74001.7 81939.8 7569.02 75527.5 60848.2 75183.3 10623.1 69559 42215.3 66017 86368.1 55043.6 26117.4 26096.9 75851.7 54179.1 71659.5 36572.4 64381.7 78208.1 67145 53776.7 72391.5 43139.4 47245.8 106734 44651.8 25205.2 61796 51562.1 71194.2 9211.41 89398.1 54717.1 87501.8 26974.2 37155.5 56082.3 60638.3 83518.9 87167.4 16929.6 36448.6 54055.7 
60026.2 48094.2 32608.7 26709.2 31000.6 29306.1 63320.2 37630.3 18643.2 64064.7 49555 69778.2 30756.1 66099.6 61138.3 22812.7 37300.1 32175.8 57082.4 81329.8 67514.8 36250.5 39314.6 29763.4 20545.6 32751.5 74912.3 15181.9 23711.8 38677.4 39372.2 48918.3 51042.4 45130.6 25415.9 28557.5 39085.8 9616.65 40839.7 7500.67 43715.4 63247.5 36943.9 31036.3 19166.9 28407.4 53384.1 40651.9 39588.5 46617.7 41170.9 25144.8 17801.1 13337.5 16017.8 38107.7 76402.9 65802.7 13382.5 58688.1 
54521.2 20301 73210.5 80496.7 96410.5 45608.9 78906.6 69673.7 48516.1 122208 19437.1 126381 75244.7 116358 50194.1 88385.7 86849.3 98585.3 12903.5 74700 61610.5 88526.8 27627.9 87406.2 56180.6 78634.9 90796 72820.4 43172.3 35961.1 93612 60617.7 80348.1 42811.8 78435.5 95292 78359.2 71340.5 84034.9 59723.4 54664.2 120341 54142.1 42911.7 76801.6 69166.8 79094.1 26797.8 106110 61995.6 102486 42487.6 54960.5 71535.5 78309.2 98300.5 91296.9 948.683 53413.6 56874.7 
55014.2 36594.1 35767.7 33962.9 41440.3 19593.1 62991.8 38734.2 7156.12 73946.5 38055.2 79374.2 35028 74127.1 55252.6 34120.4 43952.7 43672.6 45582.7 77782.1 63156.1 43704.9 27872.9 36429.7 17761.2 37771.9 75392.3 20460 12256 29853 45146.5 46150.4 52985.4 38372 32240.5 39911.5 42656.8 16949.9 45791.9 5993.33 39861 72870.1 33267 20800.2 27240.6 27600.7 54616.1 29159.6 51088.3 44415 51521.8 14934.5 10473.8 20886.6 24290.9 48081 76754 54454.6 2100 54240.7 
40152 51677.9 10423.5 15339.5 48332.2 43792.4 39660.2 13967.1 29364.1 56684.5 53341.4 60952.8 10610.4 52307.2 42563 30464.7 21740.7 40958.5 59752.2 59110.8 46443.6 23051.7 42383.5 52470.4 10285.9 13911.9 51265 38839.8 30988.5 30157.3 62296.5 26922.9 27796.6 30002.8 13333 41704.3 17314.2 33160.2 21208.5 20646.1 23537.2 54839.1 17623 44225.9 14616.8 51271.2 29843.9 44659.8 48017.6 24200.2 38078.9 26163 35922.1 13647.3 38537.9 33650.6 52741 64646.7 25312.6 38108.4 
41896.1 24145.6 37151.7 41465.6 58604.6 22631.2 56060.1 36521 12745.6 83386.6 25803.1 88063.3 38153.4 79919.6 40992.8 48400.4 49312.9 58771.6 32527.2 65721.3 50533.3 50325.7 14787.2 53649.2 17392.5 41504.7 69018.8 37724.4 8700 13257.5 61960.1 36942.4 50235.9 23957.7 39425.5 56087.9 43539.4 34439.8 48366.3 20321.4 29740.5 81784.7 24596.1 21617.8 36968.2 41454.1 50639.5 17047 66325.6 36269.1 62709.6 2607.68 22779.4 31484.1 41782.4 58653.7 70134.2 39162.5 15405.5 41931.5 
75689.7 77189.1 37251.8 23829.6 20155.6 58141.4 68359.2 44939.2 47917.6 38872.6 78698.5 45244.8 33620.4 47166.6 78451 6711.93 29910 5239.27 86148.5 92014.9 81104.6 26550.5 68145.5 35231.9 41323.7 32568.2 76600.6 33253.3 52736.5 63209.3 43424.6 61544.2 52692.5 65688.1 24932.3 10478.5 39994.1 29873.9 37304.8 35620.4 59357 39026.7 53653.7 60105.6 21414.9 48937.6 56304.6 69685.4 12001.7 58526.1 16530.3 52627.5 46219.6 24515.3 27386.5 16413.7 78260.2 94148 42490.9 73348.5 
45771 17893.3 43741.2 47694.2 61750.8 19037.1 61764.5 43026.5 13905.8 89552.9 19529 94339 44701 86437 44240.8 53276.8 55789.1 63378.5 26554.8 69741.3 54488.3 56707.1 8485.28 54960.5 23873 48040.2 74740.2 39361.5 8502.35 15953.1 62625.6 42382.1 56611.7 27728.1 45671.1 60117.3 50128.8 36922.1 54953.1 24501.8 35116.4 88019.6 30505.9 17402.6 42822.5 40473.4 56878.3 10580.2 70893.5 41981.5 68506.6 8105.55 22610.6 37075.7 44154.8 64550.1 75797.7 34279.4 18312 46188.9 
45096 49736.3 15849.3 15825.6 43119.5 39144.9 45922.1 20220 24891 57720.9 51382.2 62472.5 14921.5 55247.2 47081.4 26604.7 24569.3 37334.3 58196 64915.9 51835.3 25021.8 40328.8 46349.2 9033.83 17755.3 57515 32573 27370.8 30980.8 56153 32542.4 33873.3 33101.4 13805.8 37171.2 22673.6 26900.7 25703.1 14835.4 28395.2 56152.8 21964.1 39854 11977.5 45154.5 36045.7 42434.1 44670.6 29968.7 37420.4 23764.9 30427.8 8598.84 32400.6 33212.2 58996.9 64180.4 20280.5 43284.4 
54528.6 59858.8 18278.4 8628.44 34800.1 45802.4 50733.2 25350.5 32596 48000 61473 53235 15230.6 48176.9 57051.9 15984.1 19258.5 26468.3 68551.1 72418.9 60473.5 18100 50477.4 41935.8 20426.7 16075.1 60936.1 31119.4 36249.4 42419 51734.9 40838.3 36376.1 44116.2 7653.76 27459.1 23424.1 25478.8 23714.3 20259.6 37995.4 46761.5 32105.5 47047.2 1019.8 46061.4 39408.8 52404.7 33602.4 37938.1 26518.9 34033.1 35233.1 5366.56 28666.7 22559.5 62530.8 75171.3 27238.2 52362.2 
27721.8 59549.4 12492 25948 64936 58234.4 21587.3 4833.22 44149.4 58869.4 61159 61470.6 16140 48944.9 31653.3 45419.2 24324.9 54962.2 66204.8 42415.7 31693.1 27580.1 51178.9 70445 24313 17801.7 33518.1 56905.6 44082.8 33504.9 80290.5 12955.3 12453.5 26521.1 24836.5 57289.2 12297.2 51241 18095.3 37969.7 14962.6 56352.2 14759.7 58066.9 29793.5 68826.9 12965.3 53681.5 61195.5 9904.04 46206.9 37506.5 52307.2 31092.3 56546 41800.5 34929.2 67950.9 41282.6 24858.2 
73661 50160.2 48230 41184.7 27684.7 26016.3 78822.9 53237.6 23553.6 74219.2 51304 80361.7 46246.5 78911.1 74165.3 30802.9 51789 36669.9 58809.9 95852.6 81572.4 50236.4 43037.7 17738.7 34789.7 48036 90533.2 3047.95 28779.3 48821.5 26064.7 63655.3 66691.3 57405.3 40184.2 30386.3 54623.3 7202.78 56029.3 20086.3 57917.5 73913.8 51164.9 28570.1 33537.6 13717.9 69029.4 43513 42898.1 61553.3 51053.3 33583.6 15306.2 28448 9558.77 48961.2 92014.2 69335.4 20997.4 72661.5 
48259 28140 36793.5 38478.7 51207.1 18216.5 59808 37800.1 5234.5 79945.6 29706.1 84990.9 37034.2 78136.9 47835.8 42494.8 47430.5 52528.9 37030.4 71760.7 56738.9 47894.2 18952.8 45766.5 16560.5 40199.1 72617.7 29851 4494.44 20885.6 54098.1 41488 52031.1 30721 36530 49281.4 43568 26718.7 47721 13647.3 34577 78580 28578.7 18100.3 32897.7 34147.5 52996.7 20620.6 60037.5 40309.3 58343.6 5503.64 15391.2 26870.4 34047.6 54538.2 73848.5 45142.6 7705.84 47941.8 
57632.1 68947.3 18454.5 5100.98 36787 55358.6 49307.7 26163.3 42138 38592.4 70578.3 43710.4 14787.2 38874.7 60800.1 16122.7 12218.8 24334.3 77524.2 72988.3 62504.8 9823.44 59539.9 47349.1 28347.1 13473.7 57996.7 38758.4 45660.2 49868.8 56842 43139.3 33770 49794.1 6806.61 27899.3 20925.1 33415 18813.8 29829.2 41838.7 37258.7 36875.1 56618.1 8595.93 54302.3 37306.6 61550.1 30302.6 40065.6 18157.1 42994.2 44651.5 14937.5 35192.8 13823.2 59645 83608.6 36802.3 55095.6 
23771.6 31010.3 37873.7 47600.1 74685.3 41371.7 43785.2 33305.4 32368.2 87811.2 32400.2 91380.1 40493.1 80259.1 21858.6 60682.2 51948.1 71438.2 35830.9 47670.7 32461.7 54176.5 25152.5 72238 25703.1 43741.6 56430.9 56288 28386.3 6576.47 80994.4 24497.6 43573.6 6627.22 45625.7 70401.1 42240.4 52230.4 48100 36674.9 18002.5 85659.8 17678.2 39804.5 46083.4 61206.6 42464.7 27480.4 78862.4 25459.4 70379.6 21774.5 42494.8 42495.2 59465.1 65930.9 57219.8 36066.2 33932.9 24690.9 
34709.2 20359.3 51704.2 60144.6 81997.6 39071.7 57578.5 47724.7 35186.4 101300 21301.9 105170 54004.9 94580.4 31170.8 70685.9 65596.4 81301 22605.5 57229.7 42759.1 67540.6 18883.1 76462.1 36440.8 57350.2 69882.3 60703.2 29966.6 14702.7 84257.2 38776.9 58247.7 20825.5 58104.7 79158.2 56530.1 57758.5 62298.1 43593.2 32603.8 99283.9 32126.3 36814.4 57438.1 61839.2 57064.6 20297 88848.7 39993 82676.5 26009.4 44247.6 52879.7 65088.9 78334.2 70527.4 21386.2 38721.8 36549.4 
16269.3 59772.4 25276.9 38739.8 77151.1 63690.8 14800 17568.4 50584.6 69740.2 61256.6 71661.2 28936 57821.5 20902.2 58011.5 36603.4 67709.7 65058.8 30016.7 18959.4 40006.1 52604.7 81419.5 32423 30563.5 27735.4 67063 49206.5 33148.9 91187.7 4809.37 17702 22680.8 37571.3 69805.6 24401.8 61589 29695.3 47055.8 12020.4 67047 17216.9 63008.7 42192.2 77519.4 15081.4 55101.5 73998.5 5556.98 58734.1 41992 59824.8 42740.4 67468.5 54382.8 28736.7 64485.4 48882.9 13097.3 
43765.9 39618.4 24186.8 26004.8 46740.2 30054 50190.8 26189.5 15620.5 67825.8 41256.4 72652.1 24216.7 65338 44680.4 33600.1 34615.7 44244.9 48176.9 65773.2 51521.8 35213.2 30207.4 46017.9 4964.88 27354.2 62599.8 30600.7 17345.9 23334.3 55414.8 33712.5 40508.8 28652.7 24000 42573.5 31045.3 25640 34951.5 10026.5 27828.9 66310.3 21079.4 30434.5 21260.8 40196.6 41958.7 32268.4 51782 31805.7 47002.7 13647.3 23117.3 15965.6 32477.7 42943.8 63955.3 54696.3 12103.7 42625.1 
57142.4 43009.1 33084.7 29203.6 35745.3 25079.9 62425.6 37202.3 13591.2 68119.5 44478.9 73682.4 31753 69175.5 57911.8 27706.5 39568.3 37249 51995.5 79110.3 64922.3 38930.8 34207.2 32781.9 18032.5 34147.5 74416.5 17204.7 18607.5 34277.3 42060.9 46896.6 51110.1 41497.2 27662.2 33646.7 39831.8 12461.5 42274 3383.78 41205.9 67159.7 34439.8 26601.1 22020.4 27955.1 53139.9 35556.3 44680.4 44817.9 45465.7 20255.6 14236.9 15741 19616.3 42177.4 75853.8 60702.3 8276.47 56026.6 
13064.8 66993.3 45056.4 58516.1 96687.6 77050.6 20673.7 37356.3 65560 86756.8 68200.1 87808 48708.2 72779.2 16307.7 77776.4 55692.5 87505 69986.1 11370.1 4701.06 59203.5 61949.1 99940 49861.5 50197.7 27658.8 84994.4 62968.2 42819.3 109580 21523.2 33951.1 30919.6 57366.5 89530.9 43601 79757.9 48381.1 64510.5 26673.8 83893.4 33426 75829.4 61900.1 93902.8 30252.4 64236.5 93757.7 24239.6 77932.6 55665.2 75463.4 62067.2 86049.5 73676.7 27527.4 65901.8 65016.5 12519.6 
41434.9 86958 34985.7 44443.8 84475.4 86807.4 15698.4 31126.4 72611 56033 88508.4 55501.4 37119.4 39550.6 46465.7 63804.5 35850.4 70667.2 92802.9 38736 38684.6 39136.8 79100 93916.2 52596.7 35934 12742.4 82317.7 72710.1 60317.6 103682 32689.6 16834.5 50672.5 44598.2 75382.4 28713.9 76548.4 28924.9 65232.6 39231.2 52986.2 42209.2 86687.6 51251 95735.7 15700 81617.7 74866.9 31732 55037.2 66102.7 80286.1 55052.2 80599 51836.8 14277.3 92610.6 69386.6 38345 
55566.6 94282.7 35227.8 39538 76299.7 89434 31488.4 35135.3 75006.7 39470.7 95914 38363.1 35702.2 22308.1 60523.9 56170.9 29080.1 60862.2 101175 56026.1 54414.2 31326.8 85605.4 88409.6 55386.4 33148.9 29808.2 79180.8 76349.7 68514.9 97799.8 43885.4 23249.9 60881.7 40482.1 66727.1 28383.3 73566.4 25024.2 65304.9 48984.2 36412.4 49774.9 89839.1 47151 94040.3 25114.3 88069.6 63685 41923.7 42921.4 70677.1 81000.1 52410.9 76168.2 40703.4 31200.6 102816 70807.5 52334.5 
33602.4 58851.1 5842.09 19263.4 58120.7 54709.1 27828.9 2024.85 40349.6 54664.9 60498.3 57827.5 9503.68 46541.4 37138.3 38583.4 19103.9 48196.5 66125.5 49254.1 38223.2 22022.7 50013 64028.1 20306.2 11661.9 39101.9 50903.5 41041.1 34000 73885.7 18932 15717.8 29261.7 18058 50447.3 8489.99 45180.7 14328.3 32762.2 18910.8 52331 16133.5 54826.4 22963.7 63476.9 17628.4 52458.4 54528.6 15838.2 40289.2 35065.7 47737.8 24539.2 50190.5 35817.6 40598.2 69079.2 36875.1 30931.7 
32390.3 86298.1 57496.6 70414.6 110388 95839.1 25762.4 50303.6 83771.7 90749.1 87487.4 90409.3 60907.6 74456.5 35414.1 90431.2 65049.6 99244.6 89063.2 10163.7 23887.2 68651.7 81250.3 115698 66656.2 61492.8 22475.1 101439 81572.7 61996.9 125495 37810.7 41688.6 50070.7 69698.9 102385 54025.6 95958.8 57380.2 81348.9 44237.7 87720.7 50685.7 94740.3 75224.7 111540 37908.4 83551.2 104725 39803.8 86679.7 74238.1 93440.3 76621.9 101748 82839.7 21225 84311.6 82698.7 31532.8 
49994 14115.6 66096.1 73090.6 89169.6 39258.8 73506.3 62844.1 41206.9 114862 13670.4 119107 68030.9 109331 46013.2 80880.2 79621.4 91101.4 9420.19 71405.7 57602.2 81225.1 20402.5 80635.7 48746.9 71429.1 85711.4 65806.2 35828.1 28961.4 87149.4 54740.3 73983.8 36768.1 71029.1 87880 71410.1 64130 77016 52255.1 48464.6 113030 47436.8 36590.3 69309.8 62962.8 72930.1 19825.2 98630.9 55897.5 95007.5 34972.6 48027.7 64021.6 71168.3 90836.7 86311.4 6586.35 46017.9 52086.2 
55874.6 13464.8 53505.9 55904.7 63467.9 12419.3 72598.9 53415.8 17159.3 97267.2 14625 102381 54094.1 95481.1 53926.8 58386 64756.5 67763.2 22184 79816.8 64586.8 65304.3 8405.36 53727.6 33251.9 57341.5 85574.6 39351.2 13043 26054.8 60120.2 53189.9 67208.6 37980.3 53955.9 63467.9 60096 38461 64623.9 29779.4 45921.3 95953 41327.2 9868.13 50185.5 36105 67595.9 7558.44 75084.1 52818.6 75368.2 17608.2 21444.1 44032 45113.6 71695.5 86626.6 32761.1 22663.2 56519.2 
20707.7 74027 52353.6 65760.6 104459 85030 24648.3 44716.6 73708.2 91715.4 75162.6 92283.5 55969.7 76821.4 23049.5 85283.8 62191.4 94817.1 76466.5 3264.97 11988.3 65757.8 69434.4 108047 58033.2 57221.8 27874.2 93161.5 71030.3 50579.9 117709 29516.9 39592.2 38755.1 64717.4 97111.3 50303.6 87900.5 54696.3 72695.9 34869 88779.5 41612.5 83748.4 69511.7 102097 35756 71664.8 100889 32107.6 84386.3 63745.2 83636.7 69938.5 94140 80233.7 27260.6 71502.5 73214.5 20601 
61733.1 18470.8 76823.8 82887.5 95059.8 42480.7 85364.2 74030.3 47941.3 124812 17069.9 129304 78525 120126 57639 88870.8 90037.9 98707.9 9484.72 82682.8 69183.6 91416.1 27459.1 84649 58548.4 81930.8 97564.9 70840.2 42882.3 40131 90127.5 66542 85558.7 48553.6 80833.5 94819.2 82409.3 70040.3 87887.7 59956.2 60169.4 123113 58811.6 39802.6 78500.8 65373.5 84614.1 25914.1 106144 67630.2 104232 43681.8 52968.3 72861.6 76693.2 100203 98156.5 8664.87 53200.8 63887.5 
48210.4 16133.5 46185 49729.3 62129.7 17074.2 64459.7 45631.8 14143.9 91504.2 17723.4 96375.6 47047.2 88722.2 46547.3 54504.7 58035.2 64443.6 24994.8 72182.6 56930.9 58857.5 6935.42 54577.7 26170.6 50365.9 77435.4 39203.2 8764.13 18341.2 61953.6 45062.8 59270 30200.2 47722.2 60908.5 52630 37140 57381 25603.1 37795.5 90025.4 33207.4 15230.6 44618.5 39261.7 59562.7 8637.13 71923.6 44679.4 70220.4 10295.6 21949.5 38740.8 44272 66332 78489.3 33460.7 19033.9 48701.6 
29076.5 83071.6 52252.9 65143.8 105153 91627.3 20501 45101 79296 85945.6 84316.8 85779.8 55651.1 69901.2 32607.5 85167.4 59794.3 93967.3 86263 10259.1 21000.2 63397.5 77640.8 110628 61832.8 56218.1 18352.1 96481.6 77279.6 58199.7 120438 33090.5 36436.4 46292.2 64438 97122.4 48748.3 90969.6 52125.4 76495.8 39728.3 82929.2 46043.1 90614.8 69995.2 106832 32646.6 79988.2 99454.2 34936.1 81471.1 69946.3 88860.9 71470.9 96683.2 77608.9 17310.4 82126.9 78046.7 27818.9 
62250.9 94645.1 33809.5 33771.7 66798 86542.7 40566 36357.3 72339.8 27577.2 96305.2 27224.4 33005.6 11868 66993.3 47473.5 23294 50731.2 102199 66161.3 62535.3 24303.3 85555 80261.1 53854.3 29820.3 41204.5 72682.3 74508.5 70205.8 89303.1 48975.2 28404.2 64346.7 35205.7 57126 27819.6 67313.1 22584.3 61387.4 52731.1 24523.1 51945.5 87302.8 41320.5 88165.6 31445.3 87922.3 52782.8 46484.4 31940.1 69685.4 77004.2 47261.2 68916.2 30391.6 42693.8 105238 67607.8 59018.8 
59220 47670.7 31978.1 26337.2 31705.7 29233.5 62589.5 36923.8 18253.8 64047 49142.8 69722.7 30179.6 65861.4 60333.9 23085.3 36904.9 32586.7 56656.2 80535.5 66711.5 35923.4 38839.8 30566.8 19739.6 32226.2 74213 15929.8 23255.1 37943.8 40169.6 48127.4 50384.9 44338 25000.8 29108.4 38489.6 10396.6 40327.3 6818.36 42912.1 63192.6 36140 30907.9 18840.9 28958.8 52700 40212.6 40026.2 45834.5 41214.7 24512.2 17851.9 12903.5 16823.8 38084.8 75699.7 65285.6 12925.2 57883.5 
95532.7 68632.1 67136.1 57467.4 25063.9 43311.5 98961.5 73090.6 45016.1 81398.3 69503.5 87882.2 64548.4 90228.6 96154.5 40924.6 67439.6 41031.2 76626.1 117349 103309 65063.2 62847.8 8080.84 56317 65627 110041 21200.2 49943.3 70698.9 4716.99 84973.4 85647 79432.6 57047.8 33514.9 72896.2 26464.3 73079.1 41782.5 79555 81906.1 72777 46008.8 50322.7 20110.2 88395.6 62837.1 44185.2 82693.7 59747.8 55361.5 35557.8 46812.9 21029.7 59227.7 111591 88027.5 42977.3 94421.7 
79936.1 63425.3 48463.3 38172.5 13695.3 39902.5 80703.5 54871.5 35196.2 64283.2 64657.4 70661.4 45661.6 71574.9 81229.6 21982.3 48058.5 24626 72224.4 100543 87173.2 45682.6 55731.5 11500.4 40525.5 46513 91346 11005.9 40626.2 58450.8 21245.5 68128.1 66824.3 65310.4 37853 17535.4 53915.7 12200 53809.3 27333.9 63431.5 64424 56713.4 42401.1 31202.1 24456.1 69742 56483.1 29934.8 65603.7 41708 44023.9 28650.3 28355.1 4964.88 40624.1 92925.2 82330.3 31227.1 78439.8 
69187.6 38202.7 50734.7 46867.5 40425 13381 78498.5 54165.1 15795.3 83828.5 39225.5 89715.7 49595.6 86458.9 68862.5 41023.9 57354 48307.6 46613.5 92474.1 77581.8 56513.4 31964 28955.8 33273.7 52046.5 90916.4 15728 19845.7 41552.4 35486.5 61342.5 68351.8 51748.7 45427.4 42546.6 57558.7 17170.3 60169.9 20056.9 54799.5 83194.1 48374.1 16007.8 39443.8 13160.5 70083.4 32040 54945.9 59747.6 60694.2 26331 5658.62 33363.6 22132.6 57994 92277.5 57563.4 16424.7 68723.6 
30991.9 75498.7 27145 38756.9 79266.9 76333.3 7700 21651.8 62349.1 59402.4 77038.8 60091.3 30008.3 44922.2 36000.1 58800.2 32244.4 66928.3 81268.2 33700.6 29739.7 35826.5 67762.5 86916.6 42555.4 29774.1 15786.7 74241.8 62054.9 48833 96767.8 21169.8 9080.2 39138.9 38419.4 70702.5 22116.5 68499.6 24600.8 55992.3 27699.1 56468.5 30941.4 76058.5 44638.7 86802 5860.03 70280.2 72052.8 20203.2 53695.8 55252.3 70536.5 47443.5 73227.4 49883.9 17340.4 81126.3 59520.2 27793.7 
67763.2 82166.3 28639.8 17415.2 38486 67601.8 55097.4 35843.1 54892.3 25655 83792.2 31171.3 25251.7 29461.3 71407.7 20135.8 16137.2 22419 90772.7 80333.8 71567.2 12632.1 72764.1 52805 41562.1 22613.5 61436.9 47659.2 58666.9 62861.8 61458.6 52996.7 39176 61922 19449.4 28808.7 28263.9 42974.5 23634.9 42351.5 52931.7 24643.5 48708.3 69045.6 21533.7 63628.4 43021.5 74746.8 25371.2 49902.7 6113.1 56234.6 56407.5 27662.6 42837.8 2202.27 63096.8 96840.7 49458.1 64964.8 
70994.1 67242.3 34956.7 22779.8 17949.4 47589.6 67314.6 42223.5 37815.5 48437.3 68715.4 54645.2 31644.3 54548.5 73206.9 5063.6 31761.6 13017.7 76226.6 89330.2 77232.4 29068.9 58361.8 28217.7 33903.7 31683.4 76933.2 23182.1 42811.8 55172.5 37462.1 57623.8 52413.8 59095.3 23020.2 10989.5 39331.4 19387.1 38187.2 25893.6 54326.6 48247.4 48082.9 49590.4 17236.3 39100.4 55690.9 59777.3 20500 54769.1 25349.2 43386.6 35651.9 17593.5 17836.2 23735.6 78560.4 84669.4 32490.2 68970.5 
61081.6 46695.3 34832.3 29217.1 31384.4 27128 65205.6 39629.5 17240.9 66417.2 48120.3 72168.8 33084.1 68606.9 62005.9 24749.1 39800.5 33753.5 55682.1 82717.9 68722.1 38767.5 38097 28677.5 21700.2 35151.1 76927.5 13505.9 22487.6 38699.9 38118.9 50370 53194.5 45738.9 27906.5 29693.3 41378.3 8300.6 43253.9 7589.47 44942 65638.5 38161.9 28951.9 21683.4 26050 55456.3 39314.6 41074.2 48158.2 43457.8 24620.3 15469.3 15815.5 15276.5 40473.4 78403.1 64701.3 12272.3 59855.9 
14447.5 66051.2 35226.4 48621.5 87568.5 72669.3 11738 27617.6 60104.1 76349.7 67421.4 77544.1 38834.6 62727.1 19379.4 68203 45299.1 77680.4 70307.7 19635.2 11720.1 48833.7 59781.4 91947.2 42662 40096 22294.6 77502.1 58250.7 40129.9 101706 13845.2 23479.8 28501.2 47594.3 80062.5 33282.6 72064.2 37926.9 57356.9 20573 73507 26797.8 71769.6 52509 87593.9 19829.5 62211.3 83755.8 15839.8 67537 50933.8 69620.8 53254.1 77997.6 63316.7 22774.1 68007.7 58798.6 11704.7 
33847.9 22351.1 53100.8 61948.7 84556.8 41775.7 57413 48803.5 37894.2 102868 23166.4 106621 55523.7 95742.7 30037.5 72958.3 67081.4 83605.9 23703.6 55862.8 41653 69127.4 21505.8 79176.8 38497 58840.1 69527 63399.8 32693.9 16552.9 86997.5 38965.9 58834.4 21214.4 59920.4 81587.3 57702.7 60401.5 63529 46111.2 33103.8 100800 33172.4 39497.5 59479.2 64586.4 57480.8 22821.9 91145.4 40376.4 84568.7 28600.7 46993 55061.9 67736.6 80197.4 70112 21009 41358.6 35883.3 
43139.3 18006.9 61751.8 69726.9 88927 41620.3 67077.3 57911.8 41102.4 111152 18157.1 115137 63951.5 104732 39056.5 79097.4 75559 89555.9 15973.1 64344.2 50622.2 77399.7 21388.3 81729.6 45658.1 67318.1 79115.4 66400.7 35674.2 24534.9 88828 48646.7 68377 30823.5 67673.7 86876.3 66688.8 64136.3 72431.1 51078.4 42680.4 109192 42323.2 39062.1 66570.6 65243.5 67105.9 21648.1 97113.6 50007.3 92061 33380.8 49025.1 61665 71355 87779.8 79668.4 11321.7 45412 45329.6 
73256.3 60276.4 41407.4 31402.5 16966.4 38234.1 73631 47800.6 31166.2 60385.8 61615.9 66625.1 38643 66300.1 74708.6 17065.8 41504.7 22541.1 69211.7 93597.5 80362.2 39312.6 52046.3 18417.4 34002.6 39582.8 84304.7 11363.5 36554.8 52876.5 28240.6 61211.9 59800.1 59080 30974.3 16726.3 46929.7 8905.05 47003.2 21659.2 56676.8 60241.6 49998.5 40522.2 24267.1 27144.8 62690.7 53063.4 29066.3 58648.9 37345.1 39041.5 26383.7 21284 5900 35672.1 85880 78725 26573.1 71677.1 
25277.1 78848.3 54567.4 67847.3 107109 89404.3 24897.4 47054.5 77816.5 91739.7 79997.8 91961.4 58123.4 76268.5 27868.6 87610.8 63578.4 96893 81360.7 2332.38 16584.9 67173.9 74124.3 111331 61591 59126.1 25730.3 96655.5 75302.3 55127.2 121050 32794.7 40519.1 43248.4 66924.7 99507.3 51957 91308.5 55977.2 76296.9 38616.7 88761.4 45281.6 88182.7 72011.8 106015 36655.3 76377 102754 35171 85634.4 67991.5 87664.4 72804.5 97392.6 81589.3 24870.9 76400.6 77116.7 24869.7 
85241.6 56902.2 59747.8 51773.1 28306.4 31605.7 90644.8 64988.7 33567.8 81231.6 57807 87582.5 57580.6 87801.4 85558.5 38388.1 62236.7 41584.3 64999.8 107633 93253.7 60348.4 51039.3 11819.1 46613.8 59153.1 102265 12348.3 38343.7 59435.8 16443.8 75493.6 78273.9 68644.2 50981.6 34335.1 65987.3 18117.7 67010.8 31900 69672.4 81298.1 62938.2 34307.1 44223.3 9353.61 80709.4 51035.8 46466.5 73413.9 58482.9 44050.5 23875.7 39654.8 15605.1 57084.2 103759 76302.4 32034 84335.6 
50308.6 75823.8 15134.4 15575.6 53926.8 67259.6 35356.6 19759 53021.2 35994 77487.8 38916.6 13775.3 28181.2 54464 33320.9 5283.94 39884.1 83636 60811.3 53022.4 8345.06 66619.7 64786.4 34665.5 10510.9 41999 55219.7 55200.1 52353.4 74328 35700.1 19480.5 48176.9 16597.9 44679.4 10733.1 49617.9 4810.41 42273.4 37433.9 33541.8 35040.7 67985.7 23201.9 70179.5 23341.8 68942 44371.7 32733 25700.2 50537.1 57961.5 28650.5 52273.2 21856.3 43663.4 87481.8 48342.6 47284.8 
83917.4 76413.7 47539.5 34780 6500 54364.7 79678.6 54948.4 47119 50728.5 77776.9 57219.7 44108.2 60561.5 86075.9 14712.2 42546.6 10423.5 85369.6 102144 90161.3 39409.8 68020.7 23049.7 46349.2 43780 88776.4 26181.7 52437 67032.9 30295.2 70545.7 64437.6 71680 35334.4 3178.05 51423 25092.8 49576.7 36480.3 67240.2 51316.5 60949.3 56700.8 30008.3 40188.2 67861.7 69136.5 14266.7 67677.2 29719.5 54203.8 42584.6 30438.5 19670.3 30046.8 90422.1 94660.7 42239.6 81905.4 
62667.1 13375.4 61302.2 63221.9 67475.4 13978.6 80255.6 61305.9 23720 104251 13692.7 109499 61797.8 103012 60382.9 64335.1 72308.6 73244.6 20163.6 86497.4 71337.1 72727 13829.3 55993.7 41015.7 65013 93226.9 42861.6 20396.1 33130.8 61330.6 60770.5 75094.1 45013.1 61309.1 68430 67928.3 42929.8 72384.9 36341.8 53504.5 103036 49100.9 11423.7 57217.7 36606.7 75452.8 11747.8 80397.1 60507.2 82033.7 25478.8 25439.5 50964.5 49030.6 78506.4 94250.1 32029.5 29189.4 63515.2 
55638.6 50056.4 26185.9 20529.2 33241.7 33856.5 57307.1 31491.7 21371.5 59424.6 51604.7 64911.1 24262.1 60351.1 57164 20667.1 31036.3 31022.1 58966.5 76180.4 62769.4 30200.2 40887.3 34920.6 16567.7 26261.2 68698.5 21300.2 25723.5 36991.5 44707.3 43745.3 44676.8 41892.2 19112.8 28899.8 32605.7 15561.8 34359.4 8704.6 39059.1 58395.9 32378.4 35260.2 13193.9 34905.7 47112.3 42535.3 38579.8 41276.9 37002.8 25277.1 23064.5 7025.67 20969 33539.4 70208.4 66777.6 15861.9 54062.6 
25994.6 63471.6 17167.7 30359.2 70031.6 63492.4 15920.1 10044.9 49536.8 59942.1 65049.5 61977.6 20662 48473.7 30450.8 50200.4 27047.4 59407.9 69709.3 37865.2 28506.3 30528.7 55419.3 76001.3 29852 21693.3 27863.2 62576.1 49219.6 37000 85853.9 12067.3 9080.2 28570.1 29473.5 62133.2 14909.1 56900.8 19942.4 43648.1 16673.9 57268.9 18533.5 63222.9 34867.3 74505.8 8158.43 57935.1 65364.9 9687.62 49270.9 42457 57873.1 36559.1 62126.4 44990 29257.6 70614 46833.4 22872.9 
54328.1 8178.63 55766 59222.5 68628 17525.1 72636.4 54974.2 21666.8 100893 9424.44 105846 56663.4 98335.8 51958.2 62892.4 67641.6 72475.4 17018.8 78107.2 62975.6 68422.9 5440.59 59042.5 35788.3 59983.5 85580 44617.1 16953.2 25038 65388.5 53063.7 68389.5 36824.6 57229.5 68386 62161.2 43578.4 66972.2 34064.9 45827.9 99469.4 41872.8 14885.2 53888.9 41247.8 68480.8 3301.51 79853.7 53002.4 79338.5 19912.3 26711 47875.4 50317.1 75545 86550.4 27446.7 27075.6 55263.5 
41023.5 77329.6 19859.5 28214.4 68280.7 73617.4 21276.3 18312 59203 46188.5 78956 47376 21408.6 33004.4 45758.7 47611.4 19834.6 54807.4 84175.8 47242.4 41716.4 23262.2 68728.5 77774.6 39256.2 19856.7 26960.2 66590.4 60100.2 51519 87513.4 27912.2 7169.38 44186.2 28434.5 59266.3 13096.9 60834.6 12690.5 50537.2 32330.3 43319.5 32784.4 73825.3 35141.1 80507.7 10412 71205.7 59413.3 25600.8 40388.7 54122.5 66004.9 39274.7 64582.7 36764.2 28624.5 85938.6 55398.4 37795.5 
35114.2 73714.3 19811.6 30480.3 70982 71817.1 15935.5 15961.5 57526.5 52114.5 75315.4 53380.2 22244.3 38960.6 39898.4 50425.5 23612.9 58360 80204.3 41682.9 35714.4 27193.6 65396.7 79293.9 37473.3 21580.8 23689 67218 57900.8 47465 89116.2 22415.4 1772 39331.4 30304.1 62283.2 13994.6 61449.9 15977.8 49916.8 27434.5 49266.6 28778.5 71813.6 36732.5 80446.3 4414.75 67900.3 63425.5 20349.4 45142.6 51533 65013 40064.9 65774.9 41282.6 25320.7 81354.8 54153.1 31877.9 
16101.2 58220.4 24515.3 37963.8 76042.4 62045.5 16404.9 16807.4 48961.2 69827.9 59711.7 71892.5 28182.4 58261.9 20541.2 57057.6 36260.9 66856.6 63583.1 31185.3 19547.4 39610.2 51000.9 80069 30900.6 29960.8 29355.2 65629.3 47561.3 31576.7 89822 3275.67 18280 21255.1 36731.5 68807.7 24075.1 60179.8 29526.4 45558 10404.3 67170.4 15580.1 61360.1 41177.9 75968.2 15922.6 53500 73229.6 4000 58301.4 40344.1 58228.9 41541.5 66121.1 53918.2 30369.1 63175.1 47300.1 13026.9 
107296 79294.5 77962 67564.3 30893.5 54029.6 110069 84192.9 56711.6 87327.5 80064.3 93825.4 75200.1 97822.7 107961 49647.3 77136 47601.8 86983 128959 115020 74505.9 73995.2 18212.4 68001.8 76028.2 120868 32951.5 61549.7 82471.1 8354.64 96545.4 96361.2 91252.7 67340.6 40385.4 83455 38059.6 83200.5 53537.4 91243.7 88191.7 84463.6 56697.3 60729.7 30338.9 99248.4 73831.8 49122.9 94206.8 66988.1 67114.6 47086.4 57736.1 32105.5 67116.1 122442 98625 54787.8 106145 
72440.7 54010.7 44119.2 35920.1 22811.6 30973.9 75549.9 49722.9 25732.9 67805 55266.7 73968.7 41816.9 72833 73377.1 24382.2 46424.7 30360 62846.6 93889.8 80025 44646.7 46245.5 17304.6 33008 43304.2 86868 3911.52 31158 49526.3 26821.3 61478.2 62675.2 57042.4 35107 24331.1 50226 3087.07 51138.3 18878.8 56229.6 67533.7 49451.8 33376.6 28352.1 19875.9 65245.8 47019.7 36779.3 59163 44656.1 34805.3 19394.1 23881.4 4527.69 42656.9 88391.5 72857.5 21954.5 71176.7 
78501.6 54191.2 52102.3 44214.3 25301.4 29495.9 83129.1 57416.7 28328.3 75091.5 55267.5 81354.8 49924.9 80841.8 79053 31814.8 54722 36314.2 62702.5 100572 86366.9 52923.5 47401.7 13118.7 39487.2 51510.2 94671.7 4695.74 33479.1 53721.7 21154 68306.7 70635.5 62315.4 43380.3 29489.8 58331.6 10465.2 59387.9 24827.8 62671.8 74983.5 55907.2 32136.1 36635.1 12580.1 73097.3 47746.2 41964.9 66146.3 52089.9 38457.5 19604.1 32000.2 9013.88 50382.9 96173.6 73479.2 25912.4 77462.3 
39029.5 80207.5 25904.6 35345.4 75545 78496.9 15984.1 22631.8 64187.3 51235.2 81798.4 51687.1 27951.7 36400.5 43981.9 54880.4 27131.2 62096.7 86546.6 41793.9 38247.2 30540.8 71980.3 84749.6 44131.2 26767.5 19759 73168.6 64601.9 53824.3 94523.1 27690.4 8429.12 45195.7 35449.3 66558.6 19543.3 67400.3 19944.9 56341.3 33362.3 48264.8 35233.1 78509.2 42083.4 86709.7 8918.52 74488.3 66627.4 26022.5 47339.6 58230.7 71554.2 45887.8 71420.2 43847.5 21421.7 87318.3 60740.8 35795.1 
91425.4 59315.1 67143 59315.5 33634.1 34163.4 97775.4 72226.7 38748.7 88087.7 60042.1 94483.9 65038.5 95130.3 91486.6 45605.4 69778.9 48071.3 66902.4 114149 99586.3 67876.1 54422.9 15829.4 53340.5 66657.1 109523 19815.7 43089 64681.1 15730.9 82205.9 85641.7 74445.7 58515.8 40660.5 73440.1 25570.5 74534.9 38670 76183 88263.2 69501.4 36796.7 51761 10480.9 88013.5 54093.7 52411.4 80226.8 65539.7 49342.6 28657.5 47129.6 23015.2 64311.2 111003 78598 37986.3 90669.7 
42400.5 45235.5 18139.7 20366.6 46168.6 36080 45809.3 20873.4 21656.6 62298.1 46888 66955.7 18049.9 59266.3 43993.3 30746.7 28541.2 41503 53617.3 63219.7 49586.8 29295.7 35842.2 47801.7 4365.78 21189.6 57887.1 33176 23503.4 26373.5 57477 30793.8 35072.1 29234.4 18320.8 40841.8 25028.8 27736.3 28797.6 13595.6 25836.8 60675.3 19140.8 36547.1 16643.6 44453.1 36810.9 38000 48920.4 28498.6 42137.2 19321.5 28398.9 12557.5 33909.4 37922.3 59303.4 59472.5 17647.9 40844.7 
59288.1 6030.75 63187.7 66728.1 74596.6 21684.3 78920.5 62178.6 28673.5 108361 5768.88 113342 64142.7 105839 56464.6 69922.2 75151.3 79296.5 11910.5 82719.1 67792.1 75939.4 11768.6 63852.6 43280.7 67471.2 91800.9 50188.9 24254.7 31000 69460.6 59319 75395.6 42398.7 64738.3 74916.6 69525.5 49722.6 74403.9 41241.2 52159.9 106957 48645.8 19006.6 61326.7 44801.8 75330.2 9264.99 86601.9 59478.1 86698.7 27411.7 32408.9 55268.5 56168.1 82948.3 92705.4 23769.3 34160.4 60517.8 
13689.4 67315.5 46950.3 60412.6 98437.1 77981.1 22546.2 39244.1 66702.7 88748.2 68488.2 89779 50606.3 74720.4 16391.8 79611.6 57672.5 89381.1 70060.7 10307.8 4976.95 61179.1 62513.5 101489 51335.2 52131 29033.1 86465.3 63987.6 43561.9 111103 23217.7 35951.8 31717.7 59243.6 91344 45570.6 81268.6 50372.4 65946.9 28104.4 85882.1 34877.6 76704.2 63712.2 95156.7 32249 64767.9 95664 25995.6 79911.6 56707.3 76656.2 63784.1 87617.4 75649.3 28814.1 65641 66292.2 13587.1 
42090.5 76859.5 18453.2 26210.1 66178 72479.8 23194.8 17685.3 58049.6 44605.2 78494.9 46011.4 19743.6 31988.9 46747.2 45507 17681.9 52649.9 83857.3 49104.4 43147.4 21100.9 68151.7 75825.4 38199.6 18002.5 29123.4 64817.9 59116.8 51293.8 85546.2 28608.6 8352.25 44394.8 26496.8 57138.6 11584.9 59071.2 10621.2 49093.1 32614.9 41773.9 32619.3 72756.2 33231.6 78877.7 11921.8 70614.2 57251.2 26145.7 38274.4 53290.2 64634.4 37515.1 62699.9 34622.7 30787.7 85924.7 54120.8 38881.6 
36466.4 89534.2 50569.3 62482 102988 95405.9 18449.1 44275.7 82247.5 78168.3 90888.1 77388.5 53607.8 61336 40734.4 82522.2 55607.6 90500.1 93551.4 21428.3 29588 59133.1 83270.3 110201 63476.8 53495.8 9459.39 96939.4 80923 63611.6 120060 36196.4 32796.5 52012.8 62118 94415.3 45838.4 91263.7 48065.2 77757.8 43397 75116 48937.6 94681.6 68242 108556 29449.6 85708.8 95375.7 37197.4 76289.6 73687.2 91296.5 70677.1 96387 72762.8 7907.59 90469.6 80279.8 34442 
71192.3 71734.6 33462.4 20341.6 20771.1 53066.5 65264.5 41046.8 42520.2 42297.6 73250.9 48507.7 29918.9 48764.3 73780 1272.79 27951.7 9802.04 80687 88284.4 76904.2 24901.8 62667.7 33536 36007.2 29316.5 74158.3 29320.5 47289 57823.4 42409.6 57280 49881.2 60610 21108.5 11744.4 36922.9 25402.4 34938.2 30157.3 54712.3 42117.1 48826.7 54962.3 16690.4 45239.1 53357.8 64226 17182.8 54310.3 19220.8 47123.9 41202.9 19190.9 23920.1 17804.5 75806.4 88645.4 37071.4 68954.3 
52991.4 16514.8 69974.3 76966.6 92505.4 41838.7 76875.2 66669.4 44616.1 118748 15740.7 122997 71918.6 113199 48855.9 84571.9 83510.1 94742.4 9761.66 73897.8 60390.2 85114.3 23724.5 83555.8 52616.1 75316.5 88965.7 68929.2 39278 32812.3 89832.1 58271.9 77685.8 40339.8 74905 91409.5 75262 67435.4 80881 55871 52102.3 116919 51226.8 39146.1 73140 65448.7 76568.7 22900.9 102262 59506.3 98848.6 38707.2 51077.7 67812.2 74406.7 94688.4 89527.2 2961.42 49529.2 55195.1 
35565.9 87912.8 47154.6 58918.7 99434.2 92947.5 15388.3 41025 79611.6 74609 89302 73932.7 50135.1 57903.1 40068.2 78936.7 51931.2 86844.1 92229.3 23086.8 29334.3 55449.5 81384.3 106860 60604 49943.7 5842.09 93755.4 78465.3 61736.6 116718 33909.4 29220.5 50316.8 58592.1 90815.5 42286.8 88059.6 44406 74759.9 41165.2 71559.9 46445 92301.8 64772.4 105596 25950.9 83845.2 91684.8 34673.3 72573.9 71279 88518.3 67335.1 93079.8 69052.2 4404.54 89606.1 77481.5 33292.9 
59842.6 82764.1 23401.9 18278.4 50487.6 71822.9 43961.9 28999.3 58024.6 26706 84425.2 30142.3 21079.4 21888.8 63983.2 30748.3 9475.23 34961.1 90893.6 69737.6 62460.6 8561.54 73422.1 63476.1 41245.6 17698 49176.6 56065.1 60873.7 60482.2 72588.2 45221.2 28385.4 57161.6 20055.2 40871.1 20120.1 50800.4 14313.6 46299.2 46726.9 24412.5 43894.5 72851.7 25397 71700.6 32230.7 75641.9 38168.2 42240.4 17938.8 56995.6 61604.2 31626.7 52142.2 15001.3 50824.9 95467.9 52949.9 56817.7 
34517.2 79532.9 29722.9 40588.2 81066 80032.1 9625.49 24856.8 65964 58108.6 81076 58383.7 32320.9 42876.8 39545.5 60474.5 33227.7 68168.8 85320.2 34996.1 32605.7 36739.6 71758.6 89372.9 46066.3 31709.9 13602.9 77072 65811.9 52873.4 99204.1 25200.4 11177.2 43179.3 40435.3 72292.8 24123 71311.9 25740.6 59224.3 31750.6 55123.2 34904.6 79812.1 46853.1 89954.9 8928.61 74276.5 72975.4 24253.9 54023.1 59076.2 73971.5 50044.5 75799.8 50409.7 15250.2 85140 62988 31360 
48928.7 27748.3 37556.5 39104.2 51201.6 17410.6 60604 38600 4640.04 80508.4 29300.2 85581.5 37768 78815.5 48455.4 42807.7 48117.6 52778.8 36666.1 72463.6 57425.2 48547.9 18630.1 45481.6 17340.1 40921.6 73417.3 29596.8 3801.32 21349 53733.9 42258.7 52834.2 31338.3 37164.6 49427.6 44338.9 26600.8 48466.5 13911.9 35332.7 79162.4 29358.6 17300 33443.2 33562.2 53802.8 20227.2 60274.8 41094.6 58832 5968.25 14805.4 27376.1 33914.7 55053.8 74646.4 44944.4 7679.19 48640 
35731.5 60737.6 4114.61 17520.8 56972.3 55810.8 28507 3800 41400.1 52294.3 62389.9 55470.7 7716.22 44303 39358.5 37164.8 16760.1 46562.6 68123.4 50724.1 40098 19730.7 51815.4 63493.8 21459.7 9500.53 39302.2 50755.2 42358.6 36154.4 73352.4 21000 15301.3 31622.3 16479.4 49082.9 6300.79 45003.1 12028.3 33206.3 21256.5 49962.5 18462.1 56029 21821.3 63729 17670.9 54241.9 52756.5 17900 38103 36598.6 48432.2 23972.7 49741 33648.2 40838.8 71265.7 37692 33001.4 
35096 86901.4 45079.5 56753.9 97271.6 91427.8 13630.8 39054.4 77991 72510 88311.1 71910 48024.3 55901.4 39722.3 76758.1 49707.6 84629.1 91396.1 24215.7 29300.2 53222.6 80217.3 104815 58851.1 47786.7 3811.82 91803.5 76953.2 60595.5 114673 32570.7 27056.2 49305 56448.6 88628.8 40131.9 86097 42191.1 72923.6 39839.3 69463.8 44943.7 90829.6 62659.9 103773 23838 82689.8 89454.5 33178.9 70339 69801.8 86808.4 65296.4 91056.2 66816.2 2683.28 89052 75764 32680.6 
16962.3 69452.5 51650.1 65112.8 103017 81291.4 26541.5 43942 70405.2 93156.1 70551 94059.7 55307.5 78865.1 18607.8 84273.8 62350.3 94070.7 71661.6 7922.75 8579.63 65863.5 65156 105812 55580 56838.4 31628.5 90679.5 67480.1 46615.4 115386 27778 40465.4 34946.4 63935 95987.1 50262.1 85543.6 55024.5 70122.5 32342.2 90270.3 39121.5 79913.3 68357.4 99020.8 36722.7 67338.5 100367 30608 84590.9 60254.5 80432 68334.3 91971.1 80337.4 31193.1 66500.7 70216.6 17497.7 
62930.8 98123.6 37583.2 38800.1 72392.3 91037.2 39805.8 39222.6 76739.2 30938 99776.6 29506.1 37181.9 13430.2 67799.7 53032.2 28208.7 56305.7 105453 64765.6 62436.2 29523.7 89158.6 85796.1 57838.1 34146.3 38712.9 77986.8 78668 73130.4 94868.9 50358.8 29492 66532.7 40128 62720 31192.5 72565.3 26475.1 66098.2 54736.2 27894.8 54593.8 91698 46410.8 93374.1 32049.5 91564.5 58244 48088.5 37422.6 73561.2 81774.9 52224.5 74336.1 35970.7 40100.1 107960 72144.6 59685.8 
13013.8 66936.2 42153.2 55598.9 94066.9 75949.5 17577.5 34474.6 64100.3 83518 68196.5 84578.6 45792.6 69576.6 17015.6 74986.1 52566.9 84624.5 70325.7 13306 6158.73 56090.3 61499.4 97705.7 47817.4 47197.5 25350.3 82914.5 61732.4 42124.6 107390 19140 30718.9 30200.2 54493.8 86783 40508.8 77607.3 45220.6 62514 24806.9 80654.9 31475.9 74826.5 59165.6 92213.9 27014.8 63837.6 90809.1 21698.2 74807.6 54403.7 73900.6 59529.2 83786.5 70569.8 25366.3 66779.2 63316.7 11676 
77802.3 101734 42862.7 36292.7 57260.3 89002.5 58588.8 48091 75798 8502.35 103388 10666.8 40526.5 11321.7 82213.4 41456 28917.8 40561.3 110018 84519.9 79368.1 27324 92345.5 73253.5 60274.2 37160.2 60359.6 69416.5 79132.4 79942.5 81222.7 63530.9 44559.7 76475.2 38282.8 47916.7 39046.6 64835.3 33082 63510.6 65738.4 5557.88 63266.5 90301.1 42283 85400 48126.9 94494.2 40071.6 60678.2 21502.1 75812.9 78054 48624 64350.4 22870.5 61872.9 114880 70487.2 74662.5 
91524.2 60796.8 66282.5 58068.2 31283.5 35539.4 97216.9 71560.5 39270 86054.9 61572.1 92468.9 64074 93390 91721.2 43811.4 68463.4 45935.8 68526.3 114057 99602.7 66468.6 55616.7 13423.9 53094.1 65588.1 108833 18876.7 43793.3 65217.5 13503 81978.7 84817.7 74735.9 57339.4 38491.2 72483.1 24643.5 73398.2 38383.9 76085.9 86281.2 69368.9 38202.7 50567.7 11842.3 87271.5 55385.2 50134.3 79928 63619.7 49840.1 29293.3 46139 21475.8 62502 110329 80132.5 38161.9 90683 
56764.1 40254.8 34754.1 31676.5 37901.2 22276.7 63265.2 38403.4 10791.2 70950.5 41708 76480.7 33659.5 71750.8 57284.6 30579.1 41922.8 40029.2 49244.1 79125.3 64722.3 41425.1 31549.6 33723.6 18300.3 36200.6 75444.8 17844 15932.7 32742.6 42730 47130.7 52489 40617.9 30064.8 36236 41578.8 13767.4 44302.8 4079.22 41154.6 69961.8 34442 23741.3 24640 26943.6 54354.8 32829.9 47430.5 45200.1 48341.5 18209.9 11795.8 18309.8 21092.4 45021.1 76851.1 58122.8 5675.39 55805.5 
4675.47 51709.3 42991.3 55904.4 90510.8 63820.5 30461.3 35697.6 53694 90221.8 52857 92338.5 46547.4 78565.1 728.011 73338.8 55982.3 83752.3 54412.1 25526.7 10907.3 59143.4 47274.5 91184.3 41182.5 48926.3 40851.2 75581.8 50343.3 28992.8 100481 18772.3 38414.7 17748.5 54336.8 84495.3 43983 70807.1 49677.4 55059.4 19375.2 87589.1 25496.1 62328.6 57403.2 82572.8 35529.4 49454 90638 21791.1 77553.9 43277 63837.6 56004 77636.9 73080.8 41115.6 50433.7 54142.5 7902.53 
86162.9 97905.4 47119 35390 38724.3 80562.3 72020 54278.6 69317.2 18515.4 99483.7 24939.3 43715.6 33022 89864.9 28842.5 34217.7 23076.6 106730 97723.1 89700.1 30885.8 88609.5 56127.1 58700.3 41085.9 76772.7 56171.2 73715.1 80466.5 62881.5 71387.5 56342.5 80219.3 37336.3 30491 46418.2 52804.6 41339.2 56681.7 71407.1 19932.4 67077.4 82380.2 37798.7 71708.1 60203.1 90393.9 19920.3 68300.5 12624.2 72364.4 68752.7 43151.1 50159.7 17129.2 78396.2 113657 63803.6 83323.6 
36046.2 86617 42241.2 53538.5 94038.3 90035.5 12258.9 36590.3 76377.2 68490.1 88065.7 67904.7 45045.9 51906.2 40851.2 73462.2 46163.7 81131.1 91458.2 27550.7 31040.9 49646 79622.7 102011 56941.5 44618.9 728.011 89294.3 75600.3 60103 111860 31812.7 23920.7 49125.3 53325 85287.9 36989.9 83561.1 38722.7 70762.8 39046.3 65443.9 43713.8 89548.3 59651.8 101616 20961.2 82115.6 85828.3 32050.6 66550.8 68544.1 84960.3 62544.9 88328.7 63089.2 2262.74 89644.7 73912 33398.5 
52709.1 1303.84 59788 64651.8 76496.3 25513.1 73230 58024.6 28999.3 106554 2816.03 111264 61100.3 102899 49697.7 69888.6 72411.7 79723.6 9569.22 75936 61120.4 73511.2 8579.63 67150.9 40546.4 64484.5 86012.6 52646 23894.8 25416.7 73461.3 53682.5 70727.6 36300.1 62616.3 75921.7 65835.3 51416.4 70997.5 40971.8 46655 104978 43749.5 22837.3 59875.4 49205 70383.9 6931.81 87168 54088.1 85549.3 25103.2 34754.1 54095.7 58258 81603 86851.8 19337.3 34218.4 54092 
90028.1 78048.4 54733 42313.7 1835.76 54638.6 87061.9 61978.8 49402.2 57650 79308.3 64152.7 51400.9 68282.1 91905.4 22420.7 50436.6 17953.6 86887.8 108998 96600.2 47353.2 70157.3 17755.3 51545.4 51293.8 96446.1 25723.5 54827.2 71261.8 23361.9 77069.9 72012.4 76883.3 42714.2 11189.3 58951.3 26422.1 57356.2 40112.5 73326.5 58450 66854.2 57145.4 37000.5 37406.6 75363.2 71014.4 19746.4 74282.3 37432.2 57550.1 43367.4 36555.7 19608.7 37987 98085 96817.4 45015.6 88171 
59575.6 98325.7 38929.7 42416.6 78070.8 93076.3 35180.1 39150.6 78664.1 38073.9 99960.2 36334.1 39200.1 20298 64547.8 58234.4 31832.8 62301.3 105268 59232.4 58208.1 33777.1 89606.8 90743.6 59168.3 36504.9 32460 82020.7 80133.1 72627.6 100016 48028.8 27411.7 65042.9 43488.4 68437 32143.6 76462.1 28429.7 68718.6 53145.6 35040.8 53893.4 93538.5 50065 97069.7 29241.2 92063.9 64674.7 46082.1 43827.5 74561.5 84431.3 55516.7 78781 41991.5 33752 106968 74367.3 56349.8 
23603.8 42984.8 22071.9 32863.7 65037.2 44872.8 33257.9 17441.3 31988.3 72050.3 44573.8 75492.3 24914.7 64348.1 25076.9 48441.5 36186.5 59057.3 49477.3 45620.7 31234.8 38594.6 34931.4 66158.7 15880.8 28053.2 46218 50881.1 30389.6 16772 75648.2 14418 29000.2 12048.7 31010.5 59266.9 26307.8 45818.8 32155.2 30313.4 7683.75 69838.7 1992.49 44195.6 32801.4 59736.9 28672.3 37448.9 66200.7 13473.3 55553.9 23172.8 41547.1 30696.7 52431.4 51053.3 47333.4 51481.3 30846.2 22340.3 
74334 73762.1 36605.1 23430.3 18194.5 54378.8 68329 44200 44404.6 42507.5 75254.9 48836.5 33050.6 50091.5 76895.3 3901.28 30700.2 6905.07 82735.7 91432.7 80065.3 27540.9 64789.2 32091.4 38850 32383 77091.2 29426 49307.7 60563.5 40624.7 60440.1 52884.1 63600.1 24244 8839.12 39966.2 26016.9 37819 32253.1 57836.3 42554.1 51913.9 56372.4 19828.5 45159.5 56390.2 66273.5 14430.9 57471.8 19825.2 49488 42441.5 22065.6 23629.9 19105 78742.7 90937.3 39019.1 72106.1 
76720.8 76071.1 38776.9 25491.2 17219.2 56366.4 70297.4 46408.8 46671.7 41741.2 77553.9 48140.8 35192 50207 79323.5 6403.12 32263.9 4393.18 85050.7 93609.2 82376 28994.5 67137.6 32215.5 41367.9 34383.7 78836.5 30772.2 51624.5 63075.8 40383.8 62762.6 54752.6 66101.2 26407.8 7566.37 41915.2 27700.2 39528.5 34614.4 60253.6 41963.4 54368.8 58408.3 22227.2 46312.4 58305.7 68593 11936.9 59780 19557.6 51923 44408.3 24581.5 24754.2 19418 80492.3 93340.8 41317.4 74466.4 
73873 61952.6 41275.3 30830.2 15601.3 40047.6 73609.8 47841.4 32760.5 58793.3 63303.9 65059.4 38403.4 65015.1 75435.9 15592.9 40762 20720 70898.5 93938.5 80862.2 38453.3 53657.4 18843 34785.1 39190 84108.6 13106.1 38128.3 54055.7 28570.1 61607.8 59564.8 59984.1 30517.7 14901.3 46621.2 10720.1 46466.3 22902 57245.1 58698.3 50608.4 42323.6 23889.1 28776.7 62530.8 54711.1 27228.1 58993.6 35813.4 40419.1 28180.1 21369.4 7316.42 34270.7 85695.1 80328.6 28067.2 72226.4 
28406 44251.2 18081.2 27960.3 59958 43128.3 34881.7 14946.6 29510.2 67897.3 45886.2 71590.2 20554.8 61110.1 30164.4 43226.1 32062.8 53845 51365.4 49623.1 35667.5 34231.3 35632 61614.4 11463 23831.5 47661.5 46585.9 28754.3 19296.1 71200.1 17491.7 28130.6 16965 26057.8 54077.1 23181.5 41362.8 28786.8 26163 11872.7 65787 5142.96 42752 27608.9 56289.4 28504.4 38118 61000.1 15728 50724.4 21927.6 38554.9 25514.9 47791.3 46239.8 48900.4 54430.1 27598 26874 
83592 51035.8 61394.9 54843.2 35517.9 25781.6 91140.8 65934.8 30520.3 86879.5 51818.3 93139.3 59605.5 92369.9 83474.8 43577.3 65454.3 47904.1 58805.4 106581 91863 63903.8 45941.3 19331.3 46208.7 61531.3 103173 15625.9 34695.4 56385.3 22726.4 74922.1 79702.3 66387.1 53809.8 40879.5 67930.7 20861.4 69571.5 31765.7 68681.3 86761.3 62079.7 28441.7 47192.5 2102.38 81850.2 45657.2 53223.8 73085.2 63864.9 41106 20366.6 41966.3 20796.4 62085.4 104611 70377.8 30212.1 82962.5 
55245 73276.7 16278.2 8254.09 44337.9 61799.2 43593.8 23334.3 48036 34673.3 74932.3 38984.7 13092.4 31911.9 58918.6 23749.7 4482.19 30500 81560.6 68326.4 59122.2 1603.12 63894.1 55562.3 31815.2 10186.8 51207.9 46872.8 50992.7 52002.4 65003.5 40477.3 27693 50001.6 10064.8 35101 15913.8 41439.7 12035.4 36276.3 40576.5 32820.7 36693.9 62839.5 15504.8 62267.6 31447.9 66060 35419.8 37383.7 18602.4 47380.3 51620.2 21651.8 43438.5 14217.2 52869.8 86668.6 42934.4 52446.2 
82897.1 55520.3 57333.4 49479 27593.7 30311.7 88203.6 62551.2 31494.1 79559.4 56474.5 85879.3 55188.1 85804.7 83258.8 36519.7 59970.7 40185.2 63746.5 105236 90884.2 58132 49396.1 12184 44201 56789.5 99829.5 9953.89 36367.6 57293.7 18085.4 73077 75853.8 66375.4 48657.6 33057.8 63592.8 15717.8 64668.8 29488.5 67281.6 79559.4 60541.7 33010.6 41908.7 9406.91 78278.8 49485 45339.8 70987.6 56702.8 41920 21973.8 37270.1 13636.7 55183.8 101323 74913.1 29775.5 81967.4 
82265.7 50514.6 59848 53302.3 34638.3 25205.2 89640.3 64408.5 29320.6 85531.3 51339 91775.9 58053.9 90898.2 82200 42193 63915.3 46704.7 58404.2 105199 90511.4 62377.3 45189.5 18891.5 44746.5 59979.1 101654 14159.8 33607.4 55229.4 22963 73488.8 78162.5 65125.7 52263.4 39745.2 66380.2 19337.3 68020.1 30269.6 67281.6 85386.7 60664.7 27886.9 45650.8 2334.52 80319.7 44981.4 52136 71632.5 62488.5 39914.5 19197.1 40414.8 19479.7 60664.4 103095 69887.7 28851.3 81606.1 
84785.7 50629 63435.3 57130.5 37827.6 25563.3 92897.4 67825.1 31477 89378.4 51340.1 95636.2 61718.8 94809.5 84535.1 46069.2 67750.5 50383 58188.1 107923 93122.4 66246.3 45949.2 21303.8 47837.7 63702.8 105014 18071 35392.7 57185.1 23866.3 76433.6 81675 67424.8 56063.5 43335.2 70017.2 23217.5 71763.8 33541.8 70090.9 89256.1 63540.4 28168.4 49477.5 2692.58 83760.7 45529 55655.5 74663 66359.1 42012 21317.8 44165.4 23296.4 64563.5 106438 69892.8 31563.6 84238.8 
82472.1 67140.5 49855.1 38885.5 10017 43624 82249.9 56529.1 38796.5 62476.3 68378.4 68909.4 46887.5 70613.5 83923.1 21296 48400.4 22337.9 75948 102676 89543.6 45817 59399.8 11574.1 43211.3 47484.3 92587 14713.6 44229.5 61689.9 20682.6 70331.4 68018.6 68221.5 38760.4 14957.6 55007.3 15753.7 54503 30482.1 65881.3 62776.2 59211.9 46128.6 32279.6 27482.4 71061.7 60177.1 27060.1 67728.9 40303.1 47442.2 32381.8 30094.7 8658.52 39604.3 94185 86016.9 34700 80877 
20412 53660.6 19004.2 32149.8 69146.9 55449.1 22458.9 11708.5 42043.8 67045.8 55219.7 69713.2 22602 57123.8 23901.9 50583.1 32088.8 60644.6 59735.8 38340.1 25743.7 35168.9 45841.6 72763.5 23586.6 24906.4 35360 58271.8 40988.8 27074.9 82501.4 6109.83 19003.2 18700.3 30716.8 62188.9 20354.1 52831.5 26248.2 38215.8 6862.22 64556.5 9126.88 54917.6 34596.2 68702.3 18056.9 48359.2 67256.1 3405.88 53534 33909.4 51117.2 34501.3 58821.1 49063.3 36532.2 60630.1 40136 17875.7 
35419.3 43595 17307.2 23926.8 53132 38609.1 40503.1 17301.2 24413.5 65324.4 45258.5 69519 18620.7 60382.2 37000 37102.2 30112.6 47823.5 51443.3 56565.9 42712.1 31636.2 34442 54578.5 4750.79 22022.9 52987.3 39640.6 24745.5 21523.2 64184.3 24254.7 31545.8 22600.9 21892.9 47579.8 23686.5 34358.3 28532.3 19372.4 18921.2 63447.6 12180.3 38600.5 22043.6 49894.4 32666.3 36806.1 55131.1 22192.3 46561.9 18848.1 32703.1 19051.5 40744.3 42173.1 54320.7 56022.6 21653.6 33922.9 
64298.2 86574.4 27762.7 21429.4 50056.8 74798.2 47877.4 33486.1 61225.9 22252.4 88232.1 25911.4 25287.5 19267.6 68460.6 31143.9 13700.4 33961.2 94800.8 73761 66800.1 12103.7 77202.3 63983.9 45072.8 21944 52425.4 57619.5 64301.2 64700.1 72828.6 49697.1 32505.5 61595.9 23343.7 40380.3 24614.2 52552.4 18792.6 49227.8 51214.1 20030.2 48311.2 75938.2 28051.6 73438 36323.3 79382.7 36332.5 46723.1 15558.9 60706.7 64272.5 34387.9 53302.3 13619.1 54056.7 99609.2 56037.6 61261.2 
76934.4 87464.3 37590 25248 33505.8 70660.1 64692 45007.1 59046.8 24221.7 89049.8 30579.1 34060.2 33714.7 80431.6 19465.4 25697.1 16802.4 96268 89930 80987 22147.2 78149.9 49704.9 48214.9 31707.7 70793.9 47537.9 63346.1 70032.1 57483.3 62205.1 48776.7 70123.1 27128.8 24182.8 37745.7 43666 33234.3 46386.4 61720.7 24382.2 57096.8 72387.1 27288.3 63383.4 52624.1 79959.1 17335.8 59105.4 3773.59 61868.4 58970.5 32660.2 41897.1 7665.51 72448.9 103141 53531.8 74201.7 
88933.1 72846.4 55636.9 44109.1 7433.03 48775.6 88087.8 62501.6 44949.1 63815.4 74031.4 70310.2 52540.4 73407.4 90434.7 25271.5 53144.8 23521.3 81565.2 108927 95930.8 50337 65355.1 10519 49733 52900.4 98136.9 20058.4 50372.4 68193 17228.5 76642.9 73569.7 74771.7 44174.4 16079.8 60502.6 22005.7 59600.8 37007.2 72314.9 64419.9 65668.6 51356.8 37905.1 30371.2 76721.1 66022.8 26534.5 73998.5 42645.6 53834.3 37963.8 36227.1 14703.1 42598.7 99750.6 91882.8 41039.5 87298.3 
49977 81304.9 20713.5 23943.7 61964.2 74493 31152 22770.2 60124 36421.6 82960.8 37968.4 20535.3 24560.1 54534.1 41465.4 13656.5 47376.4 88738.9 57135 51305.5 16337.1 72301.6 73177.2 40995.6 17722.9 35669.9 63570.8 61877.7 56635.9 82691.5 36094.3 16497.6 50862.7 24848.5 52583.7 14359 57942.4 9732.42 49936.2 39359.4 33602.5 38364.2 75055.5 31533 78408.3 20110.2 74700.1 51264.5 33432.5 31412.7 56686.7 65651.5 36788.7 60686.5 28182.3 37317.2 91652.6 55692.5 46795.4 
20961.2 56014.3 18597.3 31959.5 69731.8 57554.3 20373 11000.5 44026.6 65699 57573.3 68201.5 22252.4 55347 24795.2 50827.3 31137.3 60718.8 62075.5 37492.7 25563.3 34333.8 48181.4 73885.7 25228.8 24300 33212.2 59605.5 43115 29425.3 83660.9 6200.81 16781.5 20858.6 30641.5 62542.5 19163.8 54101.5 24951.4 39745.8 8962.7 63158.5 11401.8 57070.1 34910.7 70373.6 15720.4 50699.2 67190.8 3101.61 52869 36085.6 52963.9 35234.6 59934.1 48429.8 34417.7 62873.6 41949 18201.1 
40230.5 28020.3 33222.3 37690.4 56700 25118.1 52955.1 32736.1 13296.6 79622.2 29681.1 84242.1 34221.2 75994.3 39775.6 45452.5 45405 55957.2 36299.4 63820.1 48746.9 46461.7 18693.6 52904.9 13500 37575.7 65877.5 36935.6 10662.1 13381 61556.5 34125.2 46572.1 22663.2 35642.7 53643.5 39634 33163.4 44434.3 18200.3 27038.7 77985.3 21466.7 24423.3 33433.2 42193 47100.4 20975.5 63515.2 33227.7 59163.2 3395.59 23443.8 28148.5 40482.1 55053.5 67035.8 42484.9 14503.1 39989.2 
42457 87647.3 35089.2 44271.9 84185.2 87214.5 16765.7 31453.1 72985 55096.7 89203.6 54500.1 37129.5 38529.2 47489.1 63518.2 35510.6 70248.8 93556.5 39836.3 39777.5 38753.6 79733.7 93813.6 52951.5 35846.9 13671.9 82355.6 73161.5 61027.5 103564 33518.1 17130.4 51486.4 44477.5 75048.3 28720 76587.9 28700.2 65446.5 39989.2 52047 42836.5 87126.9 51158.7 95881.6 16230.8 82250.8 74360 32489.5 54434.7 66601.2 80566.1 55066.2 80550.9 51292.3 15175.3 93465.4 69694 39355.9 
55719.7 83266.1 22520.4 21603.7 56976 74361.6 37943.8 26504.7 60209.1 30233.3 84930.1 32423.8 21200.9 20787 60114.6 36854.3 11065.3 41752.8 91061.8 63895.9 57575.1 12396.8 74062.3 69271.9 42083 17894.1 42415.6 60855 62527.2 59643.3 78570.5 41440.3 22896.5 55002.3 22987.2 47427.5 17464.2 55394 11597.4 49158.1 43916.5 27543.6 42031.5 75164.2 29204.3 76177.7 26636.8 76382.7 45135.9 38609.5 24880.9 57959 64771.1 35062.9 57391.7 21965.9 44054.2 94779.9 55419.6 52592.9 
78600.6 87183.1 39200 26432.7 30675.2 69656.3 67103.8 46734.7 58456.5 26506.2 88749.8 32946.2 35606.9 36739.2 81974.8 18001.4 27917.9 14028.9 96043.2 92166.8 82896.7 24326.3 77925.7 47161.1 48625.2 33454 73494.8 45723.1 62917.4 70564.9 54746.3 63925.3 51166 71164.2 28211.3 21502.1 39802.6 42107.1 35536 45841.6 63131.4 26901.7 58279.5 71468.2 27627.9 61455.4 54996.8 79664.9 14230.2 60826.6 6720.86 61797.5 57862 32619.3 39908.4 9972.46 75153.2 103226 52946.2 75929 
35960.1 27590.2 60630.4 70174.7 93569.3 49610.1 61113 55721.9 46736.7 110587 27941.5 114099 63271.9 102620 31408.6 81813 74719.3 92488.3 25988.7 55600.4 42661.7 76952.3 29090.4 87980.7 47152.6 66519.2 72527.6 72266.7 41466.1 25144.6 95644.8 43953.3 64534 27307.5 68170.4 90566.8 64752.2 69364.9 70668.9 55124.3 38989.9 108420 40222.6 47194.3 68067.8 72833 62765.4 29944.8 100018 45821.4 92898.9 37601.2 55610.2 63833.1 76694.2 88486 72922.2 18813 50328.7 38541.7 
35131.9 42189.3 18695.5 25262 53703.4 37592.6 41153.9 18432.9 23495.5 66720.5 43852.6 70930.7 20041.2 61798.1 36529.7 38029.6 31533 48769.4 50024.1 56625.8 42593.2 33043.8 33051 54693.8 4459.82 23443.8 53727.6 39590.4 23607.6 20193.3 64243.6 24449.3 32609.8 21738.9 23221.5 48348.9 25024.2 34401.3 29920.7 19163.8 18800.3 64852.6 12020.8 37516.1 23162.5 49452.3 33616.2 35422.7 56114.3 22529.1 47852.4 17561.6 32025.8 19902.3 40919.9 43477.5 55038.2 54619.1 20988.1 33753.5 
81986.9 50395.4 59531.8 52991.4 34481.4 25079.9 89330.4 64094.7 29068.2 85267.7 51228.2 91508.7 57737.8 90605.6 81930.8 41922 63605.1 46475.9 58308.6 104910 90227.8 62070.7 45024.5 18835.3 44443.3 59663.8 101341 13870.8 33376.6 54983.7 23042.6 73190.5 77847 64859.4 51950.7 39531.5 66064 19031.8 67705.3 29960.8 66989.3 85117 60369.7 27765.1 45339.8 2483.95 80005.3 44831.8 51931.7 71330.8 62218.7 39662.7 18952.8 40100.1 19227.1 60384.2 102782 69773.4 28567.5 81321.7 
102068 74403.6 73180.4 63096.9 28011.4 49097.6 105168 79288.1 51457.3 84715.1 75211.8 91217.8 70495 94491.7 102705 45727.2 72855.1 44579.8 82211.9 123815 109823 70333.1 68924.6 13452.9 62815.6 71435.1 116100 27725.3 56321.7 77199.1 3905.12 91419.3 91638.5 85982.4 62787.3 37185.6 78796.6 32908.4 78737.3 48312.5 86057.2 85423.9 79277.8 51778.9 56118.9 25504.9 94463.2 68815.8 46809.5 89109.7 63757.7 61846.4 41877.9 52897 27159.7 63605.3 117663 93767.4 49510.5 100940 
38386.6 34735.6 26500.2 31218.7 53724.9 29972.3 48076 26428.2 16361.5 73125.9 36398.5 77647 27461.4 69239.9 38778.3 40603.1 38676.2 51286.4 42898.1 61231.5 46529.6 39807.7 25440.3 52061.2 6859.3 30818.3 60859.9 36306.7 15725.8 16223.7 61211.9 30080.7 40506 22196.4 29160.6 49690.6 32984.4 31763 37700 15989.1 23447.2 71429.1 17095 29714 27487.5 44036.9 41316.5 27734.6 58809.9 28704.4 53086.4 9533.62 25766.1 22709.5 38847.7 48883.6 62100.7 48510.3 15148.6 37618.1 
62370.8 56062.9 30080.1 21198.1 26072.6 37601.2 62193.3 36346.4 26748.6 56039.4 57559 61871.6 27475.8 59085.9 64100.3 14524.5 31734.5 24298.6 65035.5 82262.1 69242.5 30095.8 47101 29705.9 23730.6 28720 73000 18454.5 31607.8 44265.1 39563.7 49941 48567.2 49095.1 20397.3 21656.6 35846.9 12946.8 36458.5 14583.6 45701 55346.6 39126.1 39373.2 13631.2 33805.3 51362.2 48573.2 31815.9 47317.8 33005.8 32070.5 25938.8 9835.14 16070.2 30148 74562.3 73348.1 21330 60650.9 
55724.5 82658.6 21989.3 20711.8 56052.8 73564.2 38330.8 26203.1 59434.8 30203.5 84322.8 32577.9 20552.9 21321.4 60078.7 35913.5 10210.8 40870.5 90492.4 64250.8 57721.8 11458.6 73437 68323.5 41415.5 17219.2 43042.5 59923 61799.4 59175.2 77624 41372.9 23131.1 54701.5 22119.9 46511.6 17140 54468.3 11216.1 48326.6 43698.1 27563.2 41676 74385 28300.7 75259.7 26904.6 75748.1 44319 38513 24147.9 57293.1 63925 34184.4 56447.2 21151.8 44685.7 94309.3 54620.2 52613.4 
55724.8 90872.8 30662 33475.5 69613.9 84574.2 33421.5 31829.1 70198.9 34657.5 92521.4 34448.9 30617.8 18919 60548.3 49558.6 22888.6 54142.1 98105.9 58945.4 55623.2 24888.8 81977.1 81928.8 50966 27787.2 34125.2 73076.7 71888 65702.7 91261.6 42920 22084.4 59016.1 34567.6 60028.8 24068.4 67518.7 19813.4 59985.4 47221.7 31615.5 47122.2 85123.1 41125.4 88139.7 24816.3 84401.5 57010.3 40607.9 36286.2 66567.6 75700.5 46616.9 69866.4 33994.3 35642.7 100479 65776.1 52481.8 
24169.8 35213.8 52697.7 63574.4 91351 53282 49611.8 46922.1 47149.2 102507 36006.9 105580 55700.8 93285.8 19550.2 77444.8 66770.2 88200.9 35907.1 44082.8 30815.7 69338.2 33659.5 88036 42492.4 58760 60782.4 72073.1 42415.7 21887.4 96434.7 33386.2 54235.1 18792.8 61665 87204.6 55980.2 68376.9 61948.4 53091.1 29410.9 100172 32105.6 51195 62627.9 75206 52144.6 35254.8 95600.7 35592.8 86330.8 36874.1 56922.8 59255.8 75683.4 81839.8 61139.3 30453.2 49615.8 26856.1 
54207.2 77635.4 17695.5 14716.7 51056 67773.8 39441.7 23190.5 53729.8 32518.5 79299.1 35840.2 15608.3 26400.8 58284.2 30629.7 4365.78 36496.6 85641.6 64938.2 57084.2 5630.28 68341.8 62709.6 36188.9 12202.5 45758.7 53981.2 56270.5 54893.5 72110.3 39533.8 23593.4 51363.9 16164.5 41652.5 14359 48501.5 8683.32 42443.6 40918.5 30201.5 38111.5 68655.2 22300.9 69273.5 27456.5 70607.2 40661.7 36530.1 21631.5 52035.6 58000 28202.3 50619.1 17894.1 47421.6 89945.8 48832.1 51214.9 
51125.1 46543 24132.3 21128.7 38049.4 32416.8 54084.5 28541.2 18882 61722.4 48129.2 66958.2 22816.2 61294.4 52516.4 24922.7 31143.9 35468.3 55362.1 72074.2 58419.9 30863.9 37241.4 38942.3 11827.1 25300.2 65834.5 24493.5 22588.7 32249.3 48628.5 39640.9 42266.4 37095.1 19396.1 33653.7 30869.1 18952.6 33409.6 6987.13 34643.3 60490.1 27907.9 33497 14672.8 36763.3 44416.4 39038.7 43021.5 37300 39881.8 21174 22671.6 8450.44 25052.1 36124.8 67302.1 62717.8 13598.9 49648.9 
