130 65 20
777 335 649 27 763 426 211 429 862 135 22 167 11 373 784 324 413 980 862 281 84 505 313 895 814 364 87 178 403 399 676 12 94 570 467 902 652 280 865 619 31 771 709 856 586 683 528 829 270 715 796 245 921 488 841 500 124 856 227 936 437 407 858 237 818 
4280 1430 110 9280 5290 7760 4040 4430 7630 6130 5380 6060 8400 9040 8180 1280 6880 3690 9170 9170 
16 10 19 4 19 9 4 15 11 19 8 11 1 18 16 2 16 4 4 12 10 13 10 0 1 19 8 6 0 16 7 19 12 19 10 6 12 19 4 0 8 4 4 16 4 12 5 0 13 4 1 12 4 13 15 19 5 4 14 4 6 2 9 18 8 3 8 7 9 8 10 3 12 12 8 16 1 8 8 14 3 8 1 19 14 15 9 5 15 18 9 12 4 2 9 1 17 1 5 17 6 14 18 0 14 18 10 11 13 12 15 12 9 15 13 18 4 6 17 17 3 13 3 17 9 18 8 17 18 17 
15.4693 59.3111 25.8544 39.3154 77.5765 63.5305 15.2161 18.1417 50.5107 70.525 60.787 72.4591 29.5178 58.6276 20.096 58.5144 37.3109 68.2575 64.5232 29.6184 18.2989 40.7011 52.2188 81.6854 32.522 31.1978 28.1087 67.2566 49.0486 32.7185 91.4414 4.41814 18.5076 22.1199 38.1215 70.2883 25.1098 61.8052 30.4381 47.1833 11.6842 67.8355 17.1094 62.816 42.6649 77.579 15.8701 54.7111 74.58 5.62228 59.4215 41.8122 59.812 43.1111 67.7366 55.0614 29.0759 63.8464 48.8943 12.3033 22.0291 47.7745 63.9831 71.7521 10.2083 
44.3639 79.2233 20.301 27.0237 66.544 74.468 24.6246 20.0385 60.0334 42.7234 80.8616 43.9165 21.2735 29.6651 49.0597 45.889 17.8393 52.6165 86.2681 50.6167 45.1784 21.0836 70.4762 76.6963 40.2773 19.2333 29.5296 66.0622 61.2259 53.7327 86.3656 31.0203 10.519 46.8787 27.4855 57.3736 13.4015 60.3366 11.4061 50.8087 35.0956 39.8503 35.0755 74.7974 34.2586 80.3355 13.8752 72.932 56.9422 28.5918 37.5406 55.4963 66.4146 38.8207 63.7342 34.0732 31.1893 88.3951 56.0001 41.1443 25.6363 21.9659 46.9938 50.741 30.743 
42.1001 15.8345 45.0871 50.4946 67.1029 24.0709 60.0101 43.3797 19.5256 92.421 17.4866 96.9604 46.476 88.2562 40.1045 57.7022 57.8683 68.0053 23.6136 66.0186 50.8025 59.1055 7.4108 60.6981 26.1725 49.8704 72.9429 45.0441 14.1905 12.4427 68.3977 40.4243 56.3415 24.3288 48.441 65.0865 51.1189 42.4302 56.2896 29.3002 33.2024 90.7419 29.5264 22.1335 46.2611 46.1313 56.2148 9.92472 75.5511 40.4358 72 11.7686 28.3817 40.8418 49.7064 67.9049 73.903 29.8007 23.579 42.8492 38.1937 70.6 67.3513 79.1546 54.1288 
43.3601 43.4245 20.4414 22.1382 45.7073 33.7818 47.7582 23.0495 19.3621 64.026 45.0699 68.7837 20.3002 61.358 44.7166 31.1541 30.6349 41.8918 51.9018 64.6128 50.7568 31.2618 34.0165 46.5242 4.07922 23.403 59.9361 31.6172 21.3178 25.6363 56.1239 32.2552 37.2903 29.445 20.1159 40.8148 27.3309 26.3006 31.0664 11.6284 26.9585 62.4654 20.1943 34.2656 17.8194 42.453 38.9618 36.1234 49.3726 30.0821 43.5013 17.4522 26.1633 13.0771 32.7116 39.3629 61.3365 58.0775 15.3639 41.9453 16.456 42.8887 40.1138 51.4394 45.7131 
57.969 3.96232 63.9578 68.1076 77.345 24.7588 78.3597 62.5585 30.8415 109.887 2.96816 114.756 65.0862 106.864 54.9343 72.0856 76.2481 81.6216 8.7023 81.1638 66.3718 77.177 12.2119 66.9069 44.3244 68.4451 91.1711 53.0487 26.1457 30.4685 72.6333 58.7882 75.4973 41.5098 66.0957 77.4164 70.1573 52.386 75.183 43.2653 51.7151 108.411 48.585 22.0658 62.9554 48.0126 75.2641 9.90202 88.977 59.1168 88.474 28.5631 35.1979 56.9956 58.9461 84.6443 92.0263 20.4941 36.2693 59.3507 57.2459 88.7805 82.0137 94.1026 71.9034 
45.7096 86.9994 30.8084 38.3824 77.65 84.4002 21.386 28.7091 70.0103 47.6766 88.6007 47.3608 32.2672 31.5546 50.7001 57.0404 28.9608 63.288 93.4579 46.245 44.3191 32.0095 78.6553 88.0539 50.0009 30.4777 21.1625 77.3196 70.7248 60.7211 97.7151 34.7282 15.0572 52.2358 38.833 68.3656 24.026 71.5791 22.7633 61.486 40.3897 44.6374 42.0583 84.537 45.6011 91.3994 15.9665 81.1555 67.1394 33.0684 47.012 64.549 76.94 50.0298 75.0813 44.0028 22.713 94.353 66.2965 42.4945 35.0116 30.4311 57.5243 60.0948 29.3956 
42.2181 77.2865 18.9594 26.6835 66.6148 72.9747 23.0361 18.1221 58.5452 44.6179 78.9208 45.9527 20.2527 31.8291 46.8956 45.9436 18.0812 53.0374 84.2637 48.9745 43.1727 21.4805 68.5919 76.3079 38.6871 18.5011 28.7689 65.3209 59.5995 51.6841 86.0252 28.821 8.41546 44.7111 26.9833 57.5601 12.0934 59.5749 11.0802 49.6017 32.914 41.7732 32.997 73.2462 33.7218 79.3867 11.905 71.0564 57.6003 26.3898 38.5504 53.7584 65.1412 38.0195 63.1926 34.9292 30.4332 86.2838 54.6234 39.0036 23.9084 23.4062 47.5105 51.7386 28.8513 
68.3143 45.8635 44.2109 38.3256 31.0672 22.7482 74.1598 48.7911 18.3325 73.6697 47.0894 79.6465 42.4953 77.1236 68.7554 30.625 48.9495 37.8593 54.6561 90.6565 76.2843 47.7151 38.3308 23.0185 29.6805 44.5382 86.0654 7.2111 23.6542 43.3872 31.5163 58.5642 62.5082 51.9648 37.1214 32.2816 50.7843 6.71789 52.6282 14.9803 52.6932 73.1416 45.9628 25.1177 30.7041 16.6388 64.6839 38.9801 44.5917 56.5417 50.4873 28.1888 11.1234 25.0922 12.6491 47.973 87.5189 64.8399 15.5467 67.3678 42.3784 58.0607 40.0536 51.8693 72.2348 
24.5937 29.5083 41.06 50.7501 77.2001 41.876 45.9308 36.4194 33.8237 91.0012 30.8099 94.5609 43.6835 83.3787 22.064 63.5708 55.1374 74.3226 33.7018 48.2212 33.1509 57.3663 24.4902 74.2187 28.5813 46.932 58.423 58.2495 29.5114 7.94796 82.8205 26.9141 46.4091 8.93197 48.7693 73.1302 45.3785 54.3769 51.2509 38.9801 20.7183 88.8474 20.8062 40.143 49.1172 62.4606 45.1691 26.6865 81.7705 28.092 73.5231 23.3026 43.8526 45.3971 61.6574 69.0803 59.1473 33.2483 35.8064 25.8863 33.59 67.9003 72.2325 83.062 38.8579 
14.5602 57.3928 25.7614 39.1842 76.9661 61.8324 17.1292 18.0737 48.9262 71.3751 58.867 73.4543 29.4279 59.8239 18.9771 58.1326 37.7041 68.0084 62.6018 30.4021 18.2989 41.0312 50.3287 80.6895 31.2285 31.2922 30.0027 66.1154 47.357 30.8104 90.4166 2.59615 19.8215 20.2032 37.9084 69.8402 25.5327 60.7119 31.0281 45.926 9.84784 68.7224 15.5193 61.0817 42.2096 76.1895 17.3954 52.8186 74.4398 4.54863 59.7008 40.0979 58.3124 42.3831 66.7507 55.3044 30.9524 61.9776 47.4368 11.5122 21.435 48.4836 63.8581 71.8883 11.7784 
46.5988 68.43 8.37616 10.0802 50.4251 59.7762 35.6118 14.7679 45.5003 41.607 70.0943 45.1811 6.29682 35.5039 50.3557 29.8304 5.76975 37.968 76.3451 59.8645 50.4216 8.6977 59.1849 59.6735 27.1465 2.95466 44.2485 49.0245 47.6391 45.4912 69.3908 31.8234 19.973 42.2765 10.3788 41.6829 7.36817 43.324 5.72451 34.9693 32.2876 39.415 28.9638 60.4644 17.1493 63.5674 23.5468 61.4867 43.4716 28.7367 27.3 43.0238 50.683 21.9258 46.6275 22.9218 45.8912 80.542 40.8864 43.7715 15.8446 18.4805 32.948 39.683 38.5572 
51.1165 21.5335 43.8799 45.8661 55.9031 13.297 65.131 44.363 8.00562 87.259 23.0152 92.3472 44.2821 85.5102 49.9917 49.008 54.7951 58.7241 30.5188 74.9987 59.785 55.2856 12.912 48.3291 23.5763 47.4858 78.0586 32.9006 3.04138 21.7904 55.8488 46.1866 58.4309 33.097 43.921 54.9313 50.5785 30.8759 54.9065 20.14 39.0226 85.9251 33.6364 12.3016 40.1837 33.6788 59.1305 14.089 66.1547 45.3842 65.4856 8.79659 15.8152 34.0736 37.9796 61.7531 79.2122 39.5904 13.2231 51.2388 38.1838 66.9047 58.9196 70.993 60.4954 
31.8779 26.1696 36.3688 43.9345 67.1626 32.6075 48.9037 33.5288 23.3754 85.3823 27.7503 89.4723 38.3275 79.6343 30.5485 54.626 49.9316 65.3105 32.7832 55.8424 40.5908 51.6519 18.5003 63.6908 20.1162 41.7195 61.8324 47.7205 19.3507 2.6 72.2732 29.3138 45.8215 13.8235 41.8847 63.5837 41.8306 43.9393 47.3441 28.7367 22.1002 83.4641 18.8215 31.197 41.1127 52.172 45.4533 21.001 72.8344 29.3825 66.3779 12.8016 33.4763 36.6657 51.2458 62.0556 62.7921 36.0636 25.2676 32.2889 29.0658 62.8103 63.7064 74.9771 43.0633 
57.1349 77.19 19.0118 12.3369 46.513 65.8818 43.6744 25.4908 52.118 31.1662 78.848 35.2151 16.1988 27.8298 61.0129 26.2122 5.09902 31.8248 85.4172 68.9348 60.5 2.72029 67.8205 58.5764 35.6867 12.9769 50.3532 50.4921 55.0441 55.5042 67.877 42.371 27.7483 52.951 14.1439 37.0601 17.2418 45.14 12.2483 40.3524 43.0704 29.1673 39.6234 66.9248 19.4815 66.0148 31.593 70.0071 36.0285 39.3081 17.4545 51.335 55.6635 25.6868 46.8129 13.4737 52.017 90.32 47.0197 54.2329 26.361 8.91852 26.1079 30.46 47.8152 
26.706 49.973 14.6014 26.5 61.8066 48.9612 29.3401 9.62133 35.1369 64.461 51.5947 67.7676 17.7485 56.4989 29.3901 43.7987 28.6665 54.1248 56.8465 46.0409 32.973 31.2712 41.4986 65.0056 16.0016 20.6865 41.9734 50.4971 34.6554 24.3378 74.7329 13.618 22.1639 19.3871 24.8202 55.1806 18.4621 45.0521 24.3288 30.5203 10.3078 62.1908 6.14003 48.659 27.8097 61.1425 22.5009 43.996 60.9861 11.1803 48.8206 27.9115 43.8439 27.0795 51.069 44.3086 43.2601 59.2639 32.8064 24.6028 7.59539 41.2137 50.589 59.9008 26.7526 
19.598 45.7957 22.9993 34.8786 68.6896 49.0658 29.4335 17.1143 36.3556 72.6529 47.3426 75.7608 26.2084 63.9038 21.5539 51.5057 36.9789 62.0008 51.7983 41.2273 26.9609 39.6772 38.1578 70.3363 20.0644 29.0998 42.4085 55.1609 34.5984 19.1604 79.8745 10.1833 26.8337 11.4215 33.1453 62.5953 26.184 50.033 32.145 34.6225 3.26497 70.3154 3.66742 48.3037 35.6439 64.1564 25.9946 40.6709 69.0047 9.7 57.2805 27.3247 45.9576 34.1088 56.551 52.7684 43.4623 52.8623 35.2666 18.111 16.0431 49.3617 58.7069 68.2599 24.5204 
63.607 82.8803 25.607 17.36 45.3944 70.3036 49.0494 32.0744 56.9196 24.852 84.5308 29.3082 22.6991 24.1746 67.5457 26.1964 11.676 29.5677 91.2415 74.645 66.7396 9.005 73.4804 59.0407 41.5173 19.5451 54.6978 52.6308 60.1924 61.8205 67.9488 48.8628 33.2746 59.533 19.3659 35.7326 23.6603 47.5946 18.3044 44.7487 49.6795 23.0534 46.205 71.5196 23.5053 68.4685 37.1383 75.604 32.5518 45.8144 12.3471 56.9281 59.6108 29.8613 48.2933 9.40691 56.3507 96.4813 51.6537 60.6704 32.9164 5.66127 23.5866 25.5362 53.7061 
86.226 78.2077 49.7897 36.967 5.30848 55.8574 81.8841 57.2177 48.9948 51.4024 79.5527 57.9042 46.3435 61.7992 88.3801 16.8808 44.5587 11.4726 87.1483 104.424 92.4658 41.3734 69.8978 22.8569 48.6121 45.9656 90.8944 27.3929 54.3401 69.2142 29.5007 72.8485 66.5956 73.9522 37.5586 5.02096 53.6004 26.6987 51.6568 38.5523 69.5484 52.1177 63.2539 58.2344 32.2926 40.8803 70.0406 70.9687 14.073 69.9769 30.948 56.2612 44.159 32.7434 20.901 31.5484 92.5426 96.5585 44.1902 84.2136 53.0232 46.114 17.3349 24.424 83.4245 
87.7262 81.9923 50.3718 37.191 9.28924 60.0243 82.0478 57.947 52.646 47.8006 83.3665 54.3004 46.824 59.0435 90.0961 17.3819 43.9068 9.22009 90.9563 105.19 93.6667 40.5622 73.5367 27.1649 50.9318 46.1187 90.5563 31.7591 57.9351 71.9809 33.2866 74.0293 66.5114 76.1447 38.0158 6.10082 53.668 30.7508 51.2466 41.7594 71.1231 48.6837 64.9986 62.361 33.3314 45.401 70.0646 74.6898 9.84784 71.0921 28.3494 59.4855 48.2432 34.5939 25.2507 29.521 92.2139 100.15 47.6942 85.5894 54.1709 44.2159 15.199 20.5119 84.0401 
72.3398 41.4309 52.5298 47.8302 38.2205 16.3248 80.9925 56.3298 19.1024 83.6373 42.4062 89.6315 51.1825 87.0028 72.1168 40.4728 58.4069 47.1246 49.7278 95.5055 80.6816 57.3614 35.399 25.8436 35.7834 53.4835 93.294 13.7441 23.3122 44.9588 32.0702 64.153 70.4115 55.0142 46.5001 41.0278 59.2868 16.289 61.6127 21.9829 57.7218 83.1293 51.2191 19.0074 40.284 9.84124 72.279 35.4109 53.5178 62.4662 60.4468 29.6811 8.94036 34.4 20.2549 57.9652 94.681 60.8185 19.2042 71.8022 49.7668 67.9012 49.7181 61.3609 78.2491 
81.9421 84.9172 42.8911 29.4771 22.2324 65.5534 72.7902 50.598 55.6127 34.5023 86.4223 41.0005 39.2237 45.4357 84.9301 14.4534 33.5872 6.13514 93.8801 97.1817 86.9416 30.0177 75.8846 39.2594 48.7516 37.6789 80.1041 39.702 60.4623 70.7091 46.413 67.5444 56.9025 72.7473 30.8877 13.5518 44.7261 36.857 41.234 43.3555 65.8595 35.1962 60.414 67.5794 28.3487 54.9758 60.6473 77.4164 6.26817 64.4802 14.9893 60.3518 53.5989 32.0052 33.506 16.9729 81.7683 101.881 50.2021 79.4703 48.1348 31.4986 5.03587 8.422 75.8665 
25.205 78.8923 46.513 59.4526 99.4065 86.5047 15.0685 39.3402 73.9596 81.4039 80.1901 81.5275 49.9268 65.8046 29.2479 79.456 54.3118 88.3247 82.5039 12.1433 17.9477 57.9173 73.0978 104.887 56.2403 50.5475 15.7813 90.7939 72.1012 53.5284 114.701 27.6284 30.9919 41.6965 58.7212 91.4088 43.1181 85.2658 46.6503 70.8755 34.4362 78.4125 40.6123 85.5694 64.2448 101.301 27.1649 75.4852 93.8844 29.3425 76.1252 64.7791 83.4341 65.71 90.9449 72.2015 15.198 79.0142 72.5702 23.5032 44.6655 61.3714 83.3816 89.1964 13.6235 
55.0058 10.2591 67.8832 73.8355 86.964 35.4069 77.7229 65.2805 39.4077 115.76 9.20869 120.26 69.5301 111.18 51.261 80.077 81.0247 90.0254 3.11448 76.9788 62.8765 82.3772 18.6531 77.3742 49.4977 72.9353 90.1574 63.0515 34.2235 31.484 83.4001 58.5875 77.1176 40.6247 71.7814 86.3385 73.5568 61.8852 78.9821 51.1895 51.9879 114.064 50.226 32.7055 69.4822 58.887 76.3345 17.3459 97.4949 59.4829 95.2194 34.6808 45.1462 63.8834 68.7108 91.1751 90.8351 9.4921 44.5543 56.9077 60.7166 93.8182 89.9005 101.866 70.5269 
72.1366 95.8301 36.8209 30.5177 54.5279 83.5733 53.7075 42.1247 70.1942 13.7928 97.4867 16.7108 34.489 12.4664 76.4829 37.4001 22.879 37.8725 104.073 79.7031 73.9757 21.3694 86.4517 69.8041 54.3394 31.1193 56.3916 64.958 73.4064 73.9032 78.1461 57.7603 39.2094 70.4693 32.478 44.972 33.1006 60.1708 27.1465 58.0259 59.8021 11.1893 57.2451 84.8009 36.7793 80.9106 42.8674 88.6201 38.4708 54.8731 18.3927 69.94 72.8006 43.1351 60.1699 18.7096 57.9539 108.855 64.9357 69.022 44.3018 10.0005 32.0632 28.7618 59.8348 
52.7595 20.363 71.9156 79.4003 96.0026 45.6799 77.2094 68.2643 48.0463 121.046 19.6306 125.164 74.0024 115.01 48.4162 87.6269 85.6114 97.8853 13.5565 72.9 59.8228 87.3375 27.2209 87.3011 55.1262 77.3866 89.0647 72.5728 42.6691 34.6508 93.6582 58.9924 78.8054 41.2312 77.3401 94.7103 76.9896 70.9559 82.6918 59.0596 53.1008 119.152 52.7034 42.9913 75.8322 69.3149 77.5103 26.5481 105.42 60.4074 101.483 41.6965 54.7571 70.6417 77.9775 97.2733 89.5572 1.74929 52.8546 55.1294 64.5069 98.4927 97.2754 109.046 69.4338 
39.6773 14.3402 50.2802 57.2106 75.8555 31.295 60.5913 47.3858 28.3143 98.9452 15.6387 103.187 52.1391 93.5637 36.7614 65.8727 63.7191 76.3081 19.2585 63.0157 48.1215 65.3028 11.1288 69.4102 32.9097 55.5407 73.2713 53.8139 22.9491 13.5518 76.9604 41.1705 59.2231 23.4691 55.1494 73.6369 55.7653 51.2282 61.2824 37.844 34.3431 97.1078 32.2967 29.0227 53.6448 54.2137 58.5352 12.7142 83.8651 41.839 79.2707 20.1308 36.9287 48.5675 58.5069 75.0552 74.0623 22.3958 32.3394 41.0585 43.0029 76.5813 75.3834 87.0368 53.8372 
81.4205 100.639 44.2747 35.3058 50.1294 86.007 64.1253 50.4448 73.4635 7.26154 102.273 13.4536 41.4162 19.965 85.5767 36.1964 30.2076 33.6024 109.181 90.1222 83.7929 27.7218 91.23 66.763 59.6795 38.2426 67.1293 64.396 77.248 80.424 74.2825 66.8147 49.2318 78.2177 37.3664 41.1005 41.6819 60.2322 35.9071 60.8935 68.151 7.30274 64.8908 87.5187 40.1015 80.321 52.9794 93.2486 32.2095 63.832 15.9424 74.6738 74.6373 46.2473 58.9207 18.7627 68.6948 114.884 68.0165 78.3786 51.6236 18.3967 28.5188 21.5362 69.9449 
80.6283 83.9215 41.5769 28.1619 22.5391 64.7716 71.522 49.2842 54.66 34.3421 85.4338 40.8276 37.9095 44.8108 83.6212 13.4302 32.3415 6.0407 92.8774 95.8833 85.6272 28.7793 74.8615 39.3041 47.537 36.3732 78.8977 39.2209 59.4713 69.5072 46.6618 66.2291 55.6421 71.4738 29.5736 13.5624 43.4356 36.22 39.9811 42.3473 64.5524 34.9242 59.119 66.769 27.078 54.6155 59.3809 76.4152 7.4793 63.1649 14.1778 59.2626 52.8289 30.8133 33.0968 15.9176 80.562 100.802 49.2319 78.1554 46.8236 30.5164 3.7855 8.98109 74.5682 
35.5883 83.2169 35.2817 46.1785 86.6386 84.8311 9.70979 30.1617 70.8929 61.7882 84.7257 61.5832 37.92 45.7525 40.5938 66.0307 38.6291 73.6033 88.6384 32.2093 32.2964 42.1038 75.7338 94.9678 51.1258 37.3134 8.10247 82.5826 70.5127 56.535 104.802 28.3388 16.7631 46.2517 46.0404 77.8261 29.731 76.8274 31.2194 64.5291 35.2881 58.7621 39.1104 84.5138 52.4605 95.3157 14.2271 78.2474 78.2812 27.9034 59.0529 63.6431 79.1091 55.6103 81.3764 55.5591 9.76524 87.7944 68.0924 32.596 36.6951 43.1654 68.1487 72.253 18.14 
16.6676 39.9472 47.0608 58.6615 88.94 55.1609 42.0595 40.7967 47.1631 96.4739 40.9542 99.2948 50.2594 86.5938 12.2188 73.8017 60.9824 84.5151 41.8766 37.6808 23.7255 63.7358 36.7784 87.0959 39.3041 53.1629 53.2538 71.1587 42.9441 21.2144 95.8893 26.284 47.1546 14.1032 56.8356 84.1072 49.7756 67.009 55.728 51.3491 23.0766 94.0503 26.8034 53.3279 58.4734 75.8834 44.908 38.7114 91.7829 28.681 81.251 36.5903 57.2399 55.7152 74.1989 76.7407 53.6328 37.548 48.8289 19.3023 40.0406 73.179 81.7832 91.8835 33.8671 
14.4028 47.1454 27.0512 39.473 73.8806 52.7273 27.3732 20.4083 40.5765 76.0529 48.6181 78.8504 30.4473 66.3429 16.4757 56.5533 40.7303 66.9915 52.4223 36.5 21.9456 43.6261 40.1908 75.4432 25.1575 33.1313 40.2045 60.1805 38.371 20.601 84.9462 7.88543 27.7238 10.1769 37.816 67.7213 29.3394 55.1132 35.2854 39.6081 2.74591 73.6115 8.86397 51.7731 40.6341 68.7677 26.1725 42.6676 73.9279 9.07359 61.6015 31.0368 50.3811 39.272 61.6883 57.0959 41.1078 52.2802 39.8784 13.0419 20.5412 52.7684 63.5662 72.8717 21.3235 
3.50143 50.5811 39.6294 52.5009 87.1532 61.5202 28.8647 32.3883 50.9848 87.145 51.8021 89.3714 43.1724 75.7852 3.21403 69.9201 52.716 80.3293 53.8182 27.0897 11.9218 55.8464 45.6232 88.0278 37.9289 45.5862 39.9242 72.4859 47.8235 26.8287 97.3717 15.6218 35.7022 15.2003 50.9251 81.0919 40.7708 67.6491 46.5124 51.9317 15.9524 84.54 22.1163 60.1233 53.9812 79.7979 32.9803 47.8784 87.2152 18.5852 74.2111 40.6677 61.0966 52.6149 74.431 69.7323 40.3218 50.598 51.229 5.99416 33.6292 64.0815 76.8044 85.8308 20.573 
71.4857 84.091 32.2248 20.3541 36.0185 68.5207 59.0823 39.5506 56.2601 24.8294 85.7007 30.7748 28.7543 31.1264 75.0558 19.078 20.0731 19.5563 92.7936 84.3007 75.4227 16.5339 74.7163 51.1258 44.0324 26.2688 65.3536 47.161 60.278 65.615 59.4643 56.7353 43.1602 65.1621 22.3231 26.3883 32.1498 42.7908 27.6053 43.6194 56.4547 24.287 52.0286 70.0904 23.444 63.1383 47.0048 76.6243 21.7793 53.6373 2.43516 58.2701 57.0828 29.2742 41.9752 2.1095 67.0119 99.2261 50.7726 68.721 38.8197 15.8142 13.593 15.0526 63.1197 
66.5114 101.473 40.8001 41.282 73.518 93.9417 43.1936 42.6898 79.6972 29.2159 103.129 27.1459 40.2313 11.1973 71.3886 54.5736 30.7883 57.2114 108.866 67.9353 65.9194 31.8 92.4672 87.4098 60.9926 37.1171 41.5394 80.125 81.7524 76.6086 96.3382 53.9713 33.1042 70.1128 42.707 63.8424 34.5254 74.7819 29.6233 68.8523 58.3275 26.2269 58.1124 94.6618 48.8296 95.6471 35.6432 94.861 58.6963 51.6977 38.0171 76.7672 84.4863 54.7691 76.2685 36.977 42.873 111.482 75.0187 63.2665 47.4504 22.7337 51.2299 49.3199 50.9828 
30.1798 60.8905 10.4695 23.8466 63.2367 58.5888 22.6055 3.28024 44.3677 56.4235 62.5135 59.0745 14.0577 46.708 34.127 43.5139 21.8673 52.9029 67.7342 44.3695 34.0019 25.1448 52.3622 69.2527 24.3647 15.5029 34.0544 56.0247 44.601 35.1241 79.1094 15.4208 11.6004 28.6484 22.8353 55.4239 9.82344 50.3182 15.6371 37.5311 17.2534 53.9189 16.4514 58.5342 28.068 68.344 12.8445 54.8513 59.0377 12.3762 43.8005 38.2259 52.2027 29.7713 55.4044 39.4081 35.5237 69.7986 41.2331 27.2971 9.6933 33.2175 48.4335 56.0511 23.2131 
19.145 61.919 23.6783 37.0946 76.0945 64.8501 13.1034 16.0639 51.4636 67.0075 63.4275 68.832 27.2971 54.8942 23.8403 56.6499 34.3286 66.1445 67.4259 31.1849 21.2038 37.7895 54.5235 80.9973 32.7391 28.67 26.064 66.9341 50.3796 35.2393 90.8058 7.18679 14.7492 25.173 36.0436 68.5169 22.1578 61.3815 27.2413 47.2128 13.9918 64.2893 18.3967 64.28 40.9898 77.881 12.1017 57.0317 72.28 6.71863 56.5347 43.2561 60.4706 41.9609 67.0518 52.2304 27.1827 67.145 49.4619 15.9411 20.8339 44.4042 61.676 69.0429 10.3711 
63.4039 80.1424 24.5752 14.6455 41.7824 66.8768 50.3549 31.552 53.6792 27.3035 81.7847 32.2126 21.3506 28.0209 67.1488 22.3394 11.5156 26.2528 88.6086 75.6229 67.0191 8.12219 70.732 55.1776 39.0155 18.4816 56.7723 48.7453 57.1253 59.8248 64.1363 48.6277 34.4363 58.2344 16.7027 32.1503 23.7034 43.7425 18.9264 41.3697 48.871 25.8031 44.9444 68.1601 20.1445 64.6016 38.2838 72.8031 29.8027 45.5432 10.7689 54.1639 56.0394 26.4824 44.3822 6.84471 58.4337 94.2058 48.3508 60.5601 31.6128 9.51262 20.3384 23.7807 54.483 
27.1811 32.4099 31.2746 40.0706 66.8225 37.3751 42.7263 27.7627 26.4518 80.8883 33.9796 84.7222 33.565 74.3178 26.6248 52.6662 45.1505 63.4215 38.8012 50.9574 35.7844 47.139 24.713 65.0364 17.6819 36.9043 55.6756 49.1636 23.3431 6.15873 74.0142 23.17 39.6679 9.5268 38.0623 62.4003 36.327 44.8385 41.9963 29.1254 15.9201 78.848 12.6649 36.2353 38.1874 55.3336 39.2185 27.2222 70.8534 23.1366 62.7905 16.1199 36.5936 34.4819 51.9879 58.3768 56.6634 41.2288 27.136 27.1662 23.8304 58.0135 61.2883 72.1443 37.1053 
56.1036 3 63.8412 68.5511 79.2152 27.1312 77.0658 62.0948 32.1885 110.426 1.34536 115.184 65.1261 106.927 52.9139 73.3057 76.4105 83.0042 6.42884 79.094 64.4168 77.4706 12.3988 69.1876 44.5202 68.5064 89.8074 55.0805 27.2635 29.3586 75.1033 57.5522 74.7659 40.032 66.5217 78.9962 69.9031 54.1839 75.0539 44.406 50.5693 108.88 47.7766 24.4295 63.6497 50.5669 74.3888 10.4235 90.408 58.0215 89.2774 28.9664 37.1819 57.7997 60.8699 85.3724 90.622 17.7767 37.5255 57.6003 56.978 89.0403 83.2061 95.2607 70.423 
33.6774 26.315 35.2605 42.2096 64.6409 30.7093 49.597 32.931 20.9404 83.8439 27.938 88.0555 37.0239 78.5621 32.6055 52.3401 48.5931 62.9982 33.4283 57.5925 42.3608 50.1758 18.0602 61.1278 18.1177 40.4278 62.562 45.1577 17.112 5.15461 69.7316 30.0927 45.6773 15.6474 40.152 61.1572 40.9718 41.3687 46.3527 26.1926 22.8265 81.9856 18.8404 29.4354 39.0902 49.8001 45.5264 20.5779 70.5331 29.9015 64.5031 10.3465 31.0736 34.4703 48.6763 60.219 63.5744 37.4877 22.7095 33.8999 28.0964 61.4509 61.5065 72.867 44.0872 
77.9251 101.705 42.9005 36.2464 57.0307 88.9101 58.7725 48.1633 75.7248 8.30963 103.359 10.6405 40.5453 11.6043 82.3284 41.28 28.9386 40.3339 109.999 84.7092 79.5179 27.3123 92.3148 73.0463 60.2536 37.1828 60.5851 69.2558 79.0745 79.962 81.0015 63.6398 44.7098 76.5355 38.2404 47.6954 39.1234 64.6871 33.1605 63.4255 65.8187 5.39351 63.3199 90.2158 42.203 85.2397 48.2846 94.4595 39.8167 60.782 21.3002 75.7786 77.9463 48.5412 64.1758 22.7108 62.1003 114.889 70.4086 74.788 50.3811 16.0705 34.821 29.4049 65.2007 
27.7094 28.6667 50.7117 60.6245 86.1594 46.4999 51.9665 45.6847 40.9238 100.689 29.5576 104.125 53.4342 92.5709 23.7002 73.2069 64.8189 83.9443 30.1684 49.3883 35.3035 67.128 26.8002 82.0498 38.2624 56.646 63.8063 66.1238 36.0272 16.6148 90.2594 34.1849 54.6059 17.2586 58.6464 82.4972 54.7234 62.671 60.6486 47.7008 28.9836 98.4891 30.2248 44.3813 58.9415 68.6473 52.9469 28.41 91.4235 35.9227 83.4005 30.8916 50.5277 55.0718 70.0071 78.9552 64.3204 26.4622 43.734 29.9282 43.2709 77.5194 81.9913 92.9005 44.1654 
61.8231 71.9462 22.5887 9.30054 34.0476 57.2239 52.9707 30.2853 44.4658 36.0839 73.5621 41.5326 18.9235 38.2099 65.0001 13.5152 14.7139 20.6155 80.6208 76.9437 66.6352 11.625 62.5601 45.853 31.9024 17.3925 61.2374 38.6063 48.2888 53.6345 55.1163 47.3092 37.27 53.8855 10.9659 24.8244 24.6483 33.5529 21.9272 31.924 46.0352 35.0156 41.0265 58.6369 11.261 54.4259 40.8943 64.4957 26.2795 44.2309 14.5341 46.0871 46.1411 17.2595 34.4449 10.469 62.8943 87.0395 39.0288 59.2747 28.2177 19.4093 15.6869 24.1514 55.6368 
39.5904 84.9779 33.4767 43.2925 83.4819 84.9779 13.9703 29.3833 70.8097 56.4564 86.5268 56.1471 35.7239 40.2892 44.623 62.814 34.9794 69.8961 90.8116 37.6666 37.0407 38.3343 77.1379 92.6397 50.8159 34.6716 12.5873 80.8607 70.8495 58.3332 102.426 30.7002 15.1529 48.6815 43.372 74.464 27.3386 75.091 27.883 63.5814 37.24 53.4214 40.2523 84.8343 49.9785 94.1505 13.813 79.6558 74.2566 29.741 54.6298 64.2112 78.5663 53.6355 79.2523 51.3157 14.2004 90.6277 67.6436 36.4825 35.978 38.4232 64.3063 67.8083 22.4243 
12.5208 64.8205 48.9118 62.3491 99.5978 76.719 26.4756 41.2069 65.9897 92.0644 65.9294 93.2826 52.5792 78.3932 13.9463 81.185 60.2439 91.1546 67.134 12.4338 4.87647 63.6962 60.495 101.898 51.6168 54.3203 33.3594 86.6413 62.973 42.0006 111.416 24.5082 39.1602 30.3872 61.0737 92.7958 48.0651 81.5805 53.1034 66.06 28.4522 89.2328 35.2037 75.316 65.2063 94.6829 35.5574 62.677 97.6079 27.4722 82.4399 55.7743 76.0498 64.8705 88.109 78.1156 33.1403 62.2181 65.9365 13.4529 44.3668 69.9932 87.0244 94.8608 18.7856 
53.4986 18.0136 48.2685 50.32 58.818 11.4022 68.7026 48.5477 11.6829 91.6457 19.383 96.7678 48.7247 89.9822 52.0074 52.9432 59.2663 62.4605 26.9704 77.4623 62.2113 59.7537 10.4077 50.1049 27.9686 51.9394 81.6624 35.1518 7.43303 23.7154 57.0919 49.5298 62.5218 35.4431 48.3803 58.3768 54.9343 33.736 59.3255 24.2244 42.2985 90.3368 37.2372 9.64002 44.5638 33.9096 63.1001 10.9041 69.8316 48.9094 69.7622 12.7193 17.4046 38.4111 40.6208 66.0775 82.7754 36.7614 17.1479 53.8499 42.45 71.3711 62.8802 74.9827 63.7534 
60.8679 85.1049 25.3269 20.8734 52.5951 74.4108 43.9851 30.5188 60.5773 25.224 86.7674 28.2482 23.2142 19.3132 65.1154 33.0796 11.7004 36.8348 93.179 69.8937 63.1478 11.1328 75.781 65.8673 43.6023 19.8116 48.5224 58.6451 63.3704 62.5353 74.9147 46.359 28.7028 58.8647 22.6241 42.9471 21.5114 53.4004 15.5756 48.8993 48.2104 22.766 45.6571 75.4221 28.0252 74.3033 32.5014 78.0186 39.6688 43.4278 19.0851 59.3938 64.2246 34.2475 54.6631 16.6193 50.1567 97.5811 55.5252 57.797 32.803 2.47386 30.8526 32.067 49.4171 
34.1211 87.9292 53.2139 65.6458 106.011 95.374 20.7711 46.4583 82.6453 83.4938 89.218 82.9154 56.4416 66.9 37.9581 85.7336 59.4401 94.1013 91.4342 16.1208 26.4382 63.0134 82.157 112.397 64.5143 56.6499 14.8003 98.6732 80.939 62.5793 122.243 36.2708 36.2215 50.7561 65.1202 97.6771 49.0368 93.0701 51.8059 79.0395 43.2394 80.4504 49.2392 94.4874 70.9965 109.654 32.6198 84.5457 99.2553 37.7327 80.6105 73.6316 91.9905 72.9747 98.4979 76.9343 13.4239 87.653 81.0586 32.5346 52.2024 65.0173 88.9018 93.7961 21.9713 
70.1171 86.2727 31.456 21.1454 41.331 71.8946 56.035 38.3444 59.1486 21.3902 87.9036 26.8777 28.2455 25.8954 73.9304 23.9134 18.0801 24.8566 94.8395 81.61 73.5033 14.8852 76.8651 56.2883 45.4622 25.3569 61.5325 51.72 62.8758 66.5361 64.7191 55.3445 40.2492 65.1234 23.2034 31.6951 30.2597 47.1259 25.1287 46.6259 55.7391 20.3494 51.8376 73.3328 25.7235 67.7012 44.1131 78.8729 26.6957 52.2708 5.86941 60.3166 60.698 31.9014 46.7547 5.20865 63.1801 100.731 53.7239 67.2347 38.5068 11.0114 18.9042 18.7963 60.6282 
70.7939 66.8342 34.8862 22.7969 18.0278 47.1653 67.2646 42.1246 37.4039 48.8112 68.3059 55.0113 31.594 54.8365 72.9836 5.41295 31.8663 13.4239 75.819 89.2059 77.0637 29.2058 57.96 28.0203 33.6095 31.6787 76.9344 22.8064 42.4062 54.8403 37.3048 57.4616 52.4047 58.8215 22.9993 11.2539 39.3215 18.9789 38.2413 25.5002 54.1202 48.6079 47.8578 49.1664 17.1421 38.7342 55.6656 59.3709 20.8971 54.6155 25.7099 43.0081 35.2278 17.3566 17.5034 24.0533 78.5596 84.2769 32.0832 68.7841 37.6733 36.7967 14.5602 26.5377 68.3433 
70.1852 46.6974 46.0245 39.8848 30.5565 23.0358 76.0664 50.6717 19.7497 74.6175 47.8807 80.648 44.2579 78.4333 70.5899 31.3955 50.5146 38.1935 55.42 92.5635 78.174 49.2 39.3926 21.5379 31.5991 46.2502 87.9529 6.1 24.993 45.0498 29.8236 60.4822 64.3544 53.7663 38.7284 32.3489 52.5681 7.20694 54.3244 16.9009 54.5976 74.1569 47.8712 25.5 32.2448 14.905 66.554 39.94 44.7599 58.4624 51.4208 29.7893 11.8127 26.7479 12.1198 49.0316 89.4097 65.7895 17.263 69.2564 44.2712 59.414 40.651 52.3474 74.1556 
25.2286 78.613 55.2598 68.5697 107.724 89.4739 25.8559 47.7177 78.0016 92.7552 79.7458 93.0072 58.8292 77.3301 27.6371 88.2916 64.4186 97.6243 81.0088 1.51327 16.5109 68.0109 74.0072 111.79 61.9621 59.8785 26.8477 97.0532 75.4181 55.1014 121.494 33.2256 41.4132 43.2501 67.6237 100.176 52.7492 91.7306 56.8304 76.6587 38.9166 89.7805 45.6111 88.222 72.6529 106.275 37.5494 76.243 103.524 35.6602 86.5014 68.1175 87.8823 73.3638 97.8589 82.4394 25.9887 75.9032 77.3791 24.965 52.2473 72.2696 92.9457 99.4397 21.6335 
11.7068 53.6537 27.7088 40.9161 77.5126 59.3001 20.9614 20.2299 46.854 74.7222 55.0989 77.0092 31.3313 63.6529 15.5769 59.2457 40.41 69.3753 58.6298 30.8561 17.2662 43.6111 46.871 80.2813 30.23 33.5215 33.6537 65.3521 44.8894 27.2413 89.9161 3.19531 23.8533 16.2099 39.4849 70.772 28.3854 60.096 34.093 44.9138 7.29452 72.1268 13.8708 58.4045 43.2412 74.6837 21.5928 49.3389 76.0182 6.19839 62.1225 37.5682 56.4989 42.7874 66.4008 57.673 34.5036 57.771 45.8017 9.10824 22.435 51.6563 65.4927 74.0173 14.5986 
39.4645 15.0233 52.94 60.3464 79.5661 34.4384 61.4664 49.6541 32.0056 101.956 16.0353 106.089 54.9477 96.1456 36.1643 69.4424 66.5523 79.9113 18.1463 62.3339 47.6934 68.2493 13.9789 73.0505 36.1471 58.3384 73.979 57.4891 26.6271 15.761 80.5255 42.283 61.0079 24.3298 58.2879 77.3068 58.2104 54.9364 63.8264 41.5217 35.7123 100.064 34.3001 32.0765 56.9956 57.5897 60.1103 15.1489 87.4694 43.2005 82.5528 23.7977 40.5094 52.0271 62.2116 78.3023 74.6967 19.4456 36.0514 41.1099 45.5782 79.431 78.9079 90.5098 54.3994 
88.3779 65.3319 58.9216 49.1041 18.918 40.3435 90.8944 65.0145 39.5763 74.0806 66.3597 80.5315 56.2748 82.2614 89.244 32.7819 59.077 33.7871 73.7277 109.791 95.9747 56.7208 58.7167 1.82483 48.9585 57.2986 101.841 14.3736 44.7826 64.6703 10.9124 77.361 77.401 72.7633 48.7003 26.288 64.6026 18.9992 64.7207 34.7052 72.1782 74.4361 65.4011 43.0249 41.9869 19.4733 80.2001 59.0103 37.7595 74.9947 52.0047 49.5323 30.9317 38.6256 12.8888 51.2544 103.4 84.6724 36.809 87.1271 59.2001 64.5843 38.6571 47.8533 90.2456 
51.2299 20.2388 70.6403 78.2643 95.3935 45.4943 75.6963 66.9128 47.4102 119.858 19.6229 123.938 72.7633 113.695 46.8876 86.743 84.3736 97.0447 13.9943 71.4006 58.2979 86.1335 26.6721 86.9419 54.0285 76.1426 87.5403 72.1017 42.0115 33.3781 93.4234 57.5128 77.3701 39.778 76.2053 93.963 75.6631 70.3739 81.3823 58.2603 51.6558 117.945 51.3355 42.8165 74.791 69.1759 76.0517 26.1324 104.587 58.9475 100.413 40.81 54.333 69.659 77.4355 96.185 88.0307 3.05941 52.1426 53.602 63.2193 97.2553 96.3579 108.093 67.9118 
39.8001 37.0826 24.6678 28.64 51.2665 30.6193 47.9752 25.3 16.5197 70.5694 38.7413 75.1647 25.3584 67.0436 40.4851 37.844 36.393 48.5387 45.3719 62.2448 47.7514 37.3894 27.7253 50.1941 4.47772 28.6714 60.6278 34.5905 16.7863 18.9391 59.4786 30.593 39.5457 24.2297 26.5876 47.0425 31.3115 29.8297 35.7912 14.0545 24.2909 68.9141 17.6816 30.6 24.733 43.1807 40.6021 29.9541 56.056 28.9638 50.3672 11.4039 25.3142 19.9249 36.7927 46.1863 61.9175 51.2103 14.3736 38.833 18.9676 48.9605 46.9601 58.3541 44.7294 
24.1919 34.5584 52.1047 62.9019 90.5281 52.4605 49.5082 46.3962 46.2949 101.948 35.3747 105.057 55.084 92.8367 19.654 76.6776 66.188 87.4339 35.4109 44.438 31.0097 68.7329 32.8805 87.184 41.7153 58.1588 60.78 71.2215 41.5637 21.0459 95.5804 33.0619 53.8882 18.1747 60.9861 86.4083 55.4596 67.5314 61.4271 52.2556 28.9401 99.6249 31.4992 50.3817 61.8967 74.3592 51.8464 34.4971 94.8401 35.2185 85.6664 36.0207 56.0704 58.4883 74.8392 81.1784 61.1596 30.2121 48.7647 26.8157 44.8175 78.6652 85.1423 95.7156 41.3652 
62.9586 79.5033 24.0601 14.0121 41.5326 66.2541 50.1243 31.085 53.045 27.9415 81.1454 32.8518 20.8082 28.558 66.6802 21.9641 11.1544 26.1197 87.9714 75.3329 66.6331 7.70065 70.0928 54.7892 38.3839 17.9739 56.6719 48.23 56.4862 59.2157 63.7838 48.1834 34.1949 57.6771 16.0702 31.9169 23.3174 43.2046 18.6344 40.7424 48.3628 26.4433 44.3938 67.5326 19.5133 64.0726 38.036 72.1633 29.821 45.096 11.0887 53.5248 55.4314 25.8536 43.9096 7.02282 58.3343 93.5803 47.7193 60.1266 31.0644 9.92975 20.2356 24.0127 54.1698 
70.7543 92.6094 34.3447 27.1221 50.852 79.9012 53.4842 40.0975 66.6321 15.6416 94.2618 19.6023 31.78 16.2262 74.97 33.5024 20.2467 34.2486 100.933 79.4645 73.03 18.3251 83.2145 65.9628 51.1907 28.4691 57.0601 61.0501 69.9514 71.1551 74.3683 56.2072 38.4749 68.2069 29.1204 41.2585 31.197 56.2776 25.3332 54.3813 57.825 13.5093 54.9154 81.1696 33.14 77.0055 42.2342 85.3499 35.2264 53.2534 14.7828 66.6706 69.0461 39.489 56.2601 14.8273 58.6573 105.98 61.3353 67.6918 41.7972 7.74919 28.3805 25.9187 59.1921 
95.3429 78.3036 61.664 49.8046 10.139 53.8075 94.1153 68.642 50.9004 66.2599 79.4346 72.7585 58.4898 77.0602 96.8593 30.3872 58.4604 26.7328 86.9188 115.222 102.306 55.5044 71.071 12.6246 56.1587 58.6905 103.948 25.6127 56.3014 74.4968 15.3052 82.9807 79.4096 81.185 49.9949 19.8154 66.3272 28.1397 65.1463 43.3537 78.7147 67.1316 72.0781 56.4416 43.8854 33.7618 82.6338 71.6303 28.1007 80.3134 46.2082 60.0108 43.4447 42.4976 20.7964 46.684 105.572 97.4708 47.1785 93.6912 63.6242 61.1271 32.573 38.9082 94.7304 
60.2818 26.9136 48.3343 47.6828 50.1642 5.92284 72.6416 50.1519 8.60233 87.6097 28.0708 93.1011 48.0426 87.8451 59.3877 46.7398 57.5129 55.4917 35.6046 84.0374 68.8896 57.406 20.22 40.415 28.6505 50.9742 85.4347 25.9044 9.76524 31.3313 47.2356 54.2698 64.4615 42.371 45.9191 50.7001 55.2175 25.3126 58.8467 19.773 47.2848 86.5888 41.3978 7.07248 41.0202 24.2266 65.6062 20.4022 62.6343 53.1413 64.9942 17.066 8.00812 34.6655 31.7515 61.6887 86.6748 46.1299 13.0361 60.2138 43.6606 68.8193 56.6467 68.7554 68.6232 
48.9495 12.2776 63.9728 70.8179 86.8289 37.1941 72.0822 60.852 38.8567 112.618 12.0354 116.898 65.8593 107.235 45.1134 78.5064 77.4398 88.7246 9.1 70.7494 56.7255 79.0069 18.0878 78.4143 46.4617 69.2605 84.3922 63.5232 33.4712 26.9364 85.012 53.158 72.1803 35.165 68.7564 85.508 69.36 61.7985 74.9323 49.8784 46.7616 110.804 45.5159 34.5407 66.9813 60.9141 71.2085 17.6003 96.2539 54.2232 92.6879 32.6038 45.7739 61.6709 68.8523 88.5273 85.0282 8.94707 43.6497 50.9362 56.6612 90.3009 88.1914 100.008 64.7297 
85.7744 86.4256 46.9553 33.497 19.3373 66.1211 77.2189 54.6682 56.9818 37.6279 87.8929 44.1236 43.2926 49.5162 88.6351 16.6628 38.0848 6.17171 95.4114 101.449 90.9709 34.5313 77.547 36.9628 51.5885 41.9005 84.6653 39.2046 62.0003 73.4121 43.4663 71.4919 61.3583 76.0107 34.7937 11.9708 49.0609 36.985 45.7131 45.0494 69.5423 38.5852 63.9226 68.2643 31.7002 53.9434 65.0834 78.9649 1.772 68.4459 19.425 62.3978 54.1599 34.7704 32.8055 21.5761 86.3296 103.801 51.6769 83.3677 51.9212 36.0584 8.83233 10.3238 80.1385 
73.7526 56.8567 44.071 35.1027 19.9223 33.9401 75.8752 49.9986 28.3487 65.5485 58.1285 71.7681 41.5769 71.1254 74.8642 22.1712 45.4674 27.6004 65.7141 94.8363 81.1808 43.4994 48.9908 16.1839 34.271 42.8476 86.9542 6.17171 33.7818 51.6178 25.9586 62.3944 62.6077 58.7371 34.4472 21.4255 49.9632 5.30848 50.531 20.6184 57.3873 65.368 50.6274 36.3369 27.6697 21.9791 65.3094 49.8177 33.9029 59.9854 42.47 37.1214 22.3289 23.7413 2.28254 40.6736 88.4995 75.6335 24.3206 72.3785 44.1418 52.5694 30.6545 41.9672 75.1897 
75.4658 87.9957 36.2891 24.5326 36.4589 71.9234 62.4123 43.5409 59.9341 22.0127 89.5978 28.2349 32.8525 30.6426 79.0911 21.4105 23.7683 19.7517 96.7331 87.8259 79.2495 20.3089 78.6375 52.4077 48.1399 30.2914 68.1754 49.6058 64.0645 69.7685 60.3432 60.701 46.5465 69.3311 26.5002 27.0407 35.9356 45.5141 31.1565 47.2712 60.5529 21.8979 56.1843 73.5658 27.4401 65.525 50.4061 80.5137 20.4685 57.6064 1.74642 62.2354 60.3567 33.1361 44.1346 6.23618 69.8256 103.29 54.4301 72.6705 42.9564 17.6604 14.151 12.1078 66.7236 
52.3902 4.63249 56.8032 61.1249 72.3205 21.7007 71.8226 55.4484 24.8676 102.969 6.18466 107.771 57.9494 99.7361 49.7178 65.8593 69.1434 75.635 13.6077 75.9581 60.948 70.1208 5.06063 63.0864 37.2216 61.313 84.7009 48.4982 19.8252 23.9 69.527 52.2215 68.4923 35.3386 59.1026 71.7753 63.0058 47.2403 68.0283 36.946 45.0694 101.448 41.656 19.0625 56.1471 45.4235 68.3477 2.90689 83.0659 52.4023 81.7634 21.5372 30.6178 50.2842 54.0881 77.8666 85.6058 23.4233 30.1294 53.5397 50.0972 81.712 75.746 87.7867 65.616 
63.2529 45.7369 38.0757 32.5055 31.4033 24.8966 68.1836 42.7183 16.5952 69.1903 47.1004 75.0163 36.3804 71.7591 63.9708 26.9409 43.1005 35.3736 54.6923 85.215 71.0444 42.022 37.4594 26.8062 24.1299 38.4704 80.0083 11.0941 22.0045 39.7519 35.9806 52.9646 56.3847 47.4529 31.216 30.7353 44.6561 6.77422 46.5756 9.5 47.3241 68.4896 40.5554 26.9002 24.9451 22.7607 58.5888 38.4865 42.5265 50.8413 46.1299 25.1056 12.9958 19.1316 14.1152 43.2945 81.4715 64.1393 12.3037 62.1484 36.3435 52.6282 36.7414 48.7977 66.464 
84.8109 85.4537 46.0339 32.5725 19.0444 65.2313 76.3992 53.7462 56.0161 37.7584 86.9239 44.2598 42.3732 49.3207 87.6567 15.6438 37.3097 5.19711 94.4386 100.568 90.037 33.7682 76.564 36.5422 50.5693 41.0162 83.9324 38.4401 61.0236 72.3923 43.2227 70.5459 60.5538 75.0015 33.8497 11.3146 48.2084 36.1332 44.9245 44.0596 68.563 38.6381 62.9287 67.3625 30.7015 53.2752 64.2686 77.9896 2.71662 67.5032 19.0287 61.3932 53.2673 33.7511 32.0656 21.0021 85.5967 102.805 50.7025 82.4132 50.9558 35.5563 7.93788 10.6367 79.2612 
75.9714 55.6651 47.7462 39.2613 21.8057 31.8311 79.2335 53.4008 28.14 69.814 56.8536 76.0606 45.3944 75.5265 76.8294 26.4955 49.6956 31.3696 64.3939 97.5263 83.6086 47.7984 48.2495 13.8654 36.5843 46.8108 90.5272 2.91548 33.5121 52.5681 23.2263 65.1261 66.3031 60.3887 38.524 24.8032 53.8005 6.62193 54.588 22.291 59.8205 69.6781 53.0407 34.3546 31.7515 17.7406 68.8991 48.8636 37.3277 62.8269 46.7813 37.6347 20.7858 27.4707 3.91152 45.0494 92.054 74.7217 24.7952 74.7478 47.3739 56.9594 34.7438 45.8262 78.2164 
85.6743 97.5779 46.6444 34.9521 38.7872 80.323 71.5101 53.7941 69.0254 18.3183 99.1583 24.7631 43.2468 32.64 89.3823 28.6323 33.7214 23.0419 106.396 97.2141 89.2002 30.3949 88.276 56.1424 58.3082 40.6075 76.2685 56.0423 73.4048 80.059 62.9579 70.8986 55.8335 79.7709 36.9034 30.4795 45.9213 52.6339 40.8354 56.3841 70.9355 19.6703 66.6219 82.1299 37.4214 71.6082 59.694 90.068 20.0489 67.8122 12.1758 72.0156 68.5254 42.8042 50.0546 16.676 77.8924 113.289 63.5109 82.8324 53.3821 25.3355 19.2315 9.20869 76.3036 
64.3183 68.2879 26.3519 13.288 27.3651 51.6149 58.2163 33.9466 39.7434 41.7698 69.8588 47.6001 22.809 45.5633 67.0322 6.80074 21.6363 16.4575 77.1415 81.1775 69.8891 18.918 59.0235 38.2415 30.412 22.2847 67.3146 31.1849 44.0729 52.4135 47.5893 50.2829 42.9337 54.3625 13.9979 18.7489 29.9201 26.341 28.2604 27.0823 47.9401 41.0775 42.2303 53.2443 10 47.0992 46.36 60.7715 23.4077 47.2933 18.8322 42.9303 40.1254 13.8708 26.8168 15.8773 68.9558 84.4183 34.2286 62.021 30.5007 26.9898 13.3989 24.613 60.0203 
81.9103 70.6162 47.4014 35.5519 6.61211 47.9401 79.8447 54.4507 41.6222 56.598 71.929 63.0492 44.2052 65.2343 83.7055 16.5922 44.4596 16.3573 79.5238 101.237 88.6093 41.6416 62.4833 17.1003 43.2685 44.4119 89.6702 19.4126 47.0197 62.9973 25.4443 69.1462 65.1246 68.5937 35.709 8.9493 52.0433 18.941 50.9761 31.9014 65.2175 56.9689 58.6963 50.3433 29.615 33.2569 68.344 63.4566 21.1483 66.4088 34.6831 49.4386 36.3147 28.5792 12.9201 34.2812 91.2921 89.1643 37.0412 80.1122 49.5976 48.1938 21.2038 30.6426 80.5993 
61.9427 19.9211 77.8067 84.0472 96.576 44.0596 85.7961 74.8898 49.3782 125.96 18.5521 130.41 79.5594 121.105 57.7721 90.2447 91.0926 100.118 10.9563 82.6267 69.2807 92.5139 28.8125 86.2277 59.6905 82.9652 97.9201 72.384 44.2883 40.9715 91.7236 67.088 86.2682 49.1171 81.991 96.2761 83.3265 71.5455 88.8401 61.336 60.799 124.239 59.6008 41.3793 79.7424 66.9718 85.2602 27.3265 107.563 68.2402 105.48 44.942 54.5047 74.1416 78.2198 101.432 98.4868 8.28734 54.6136 64.1574 70.56 103.915 100.09 112.077 78.2461 
27.5182 76.0697 32.956 45.209 85.6148 79.1885 1.65529 26.6017 65.5916 66.2873 77.5444 66.7384 36.0867 51.3055 32.5263 65.2963 39.2231 73.7024 81.1873 26.7316 24.5601 42.8193 68.9 92.5216 46.3121 36.2112 11.5918 79.3102 64.7446 49.4632 102.381 21.1237 15.8777 38.766 44.7135 77.2373 28.5953 73.6196 31.5571 60.353 28.3 63.3265 32.8469 78.6857 50.6928 91.2027 12.1939 71.4006 78.982 21.2042 60.8185 57.6782 74.297 53.0004 78.7051 56.9689 12.7883 79.9758 63.2487 24.5284 32.7581 45.9518 68.5677 73.9354 10.0896 
47.8239 59.2171 10.7517 6.5 42.2995 48.2734 43.2005 17.853 34.2257 48.3713 60.8691 52.9744 7.90759 45.7109 50.6504 22.9314 15.1529 32.9674 67.5794 65.0249 53.3991 15.4185 49.8218 49.1639 17.9011 9.51262 53.5523 37.4363 36.9437 38.9976 59 33.7771 29.0413 38.9104 4.44072 34.6944 16.289 31.6836 17.6082 23.0957 31.5634 46.7052 26.1843 49.1424 7.13442 51.6419 31.9658 51.9659 39.7334 30.8058 29.0904 33.2844 38.7769 10.1242 35.6387 24.6862 55.134 73.1057 29.3288 45.5027 13.9832 27.0453 29.3334 39.0448 44.0756 
58.7072 66.7942 20.204 6.98928 33.6043 52.2352 51.9199 27.8627 39.3395 41.1993 68.408 46.5649 16.6111 42.4675 61.6235 13.1015 15.9314 22.2991 75.4836 75.0309 64.0052 13.6795 57.4126 43.59 27.012 15.9841 61.0578 34.9125 43.1259 48.8857 53.1338 44.4622 36.6442 49.7315 7.84347 25.046 23.6205 29.6015 22.1461 26.8405 42.547 40.0622 37.1594 53.5965 6.14003 50.5004 40.0601 59.3384 28.8226 41.4343 19.6023 40.9591 41.3044 12.1037 31.3356 15.6272 62.6958 82.0125 33.9202 56.3072 24.8582 23.3805 18.3535 28.2577 53.8281 
90.8643 115.784 56.9425 50.2573 66.3061 102.387 70.1157 61.933 89.4665 9.74936 117.435 3.63593 54.6619 17.9627 95.4147 53.104 43.0516 50.0682 124.112 95.6747 91.8101 41.4483 106.386 83.3292 74.3673 51.289 70.0183 81.3042 92.9665 94.074 90.5055 76.8767 57.1749 90.3974 52.2717 57.5921 52.8644 77.1001 46.9001 77.0377 79.4739 10.1533 77.249 103.793 55.9204 97.2307 60.526 108.511 47.7008 74.1111 32.8283 89.8354 91.19 62.2113 75.8191 35.3239 71.4034 129.025 84.0914 87.677 64.4225 30.1705 45.2604 36.8599 77.1565 
17.3738 37.5183 44.3847 55.6619 85.3584 51.7633 41.8344 38.4147 43.527 94.0592 38.6172 97.0512 47.4853 84.6832 13.6066 70.4256 58.4042 81.1555 40.105 39.7281 25.2052 61.0571 33.7682 83.4197 35.7946 50.4723 53.5045 67.4818 39.3634 17.5866 92.2139 24.8823 45.6898 10.8342 53.8015 80.6257 47.4575 63.3404 53.4248 47.692 20.8291 91.6922 23.9069 49.9866 55.2161 72.284 43.6867 35.7946 88.4589 27.0148 78.3368 32.9462 53.6191 52.3001 70.5365 73.832 53.9933 36.7952 45.1542 19.578 37.2259 70.7611 78.5293 88.7722 33.9001 
36.5465 23.7403 37.3591 43.5597 64.0038 27.8787 52.6302 35.4493 18.9172 85.3756 25.3837 89.7341 38.9185 80.6179 35.2953 52.5929 50.4148 63.1589 31.2021 60.4928 45.2482 51.8333 15.199 59.6846 19.22 42.3232 65.5986 43.7321 14.6649 7.17008 68.0842 33.1423 48.4366 18.4878 41.4982 60.9606 43.2723 40.2349 48.5268 25.5125 25.8745 83.5945 21.7329 26.5187 39.9645 47.5682 48.3848 17.7102 70.7132 32.9123 65.5705 8.50706 28.9318 35.0091 47.5742 61.3551 66.6179 36.0601 21.3026 36.8543 30.3528 63.2248 61.9526 73.4918 47.1466 
94.8574 118.028 60.0424 52.4904 65.3491 103.741 74.5952 65.3809 91.15 10.6212 119.67 6.96419 57.5701 22.702 99.3385 53.5182 46 49.5066 126.473 100.26 96.0565 44.1022 108.618 82.7048 76.7918 54.2409 74.8011 81.6356 94.8538 96.9561 89.4882 80.71 61.3209 93.7469 54.5345 56.9973 56.3368 77.6846 50.3716 78.6043 83.0259 12.2919 80.5166 105.251 57.7031 97.4624 64.7521 110.685 46.4311 77.8895 33.4978 92.0496 92.3499 63.905 75.9408 36.4968 76.2016 131.752 85.7168 91.6911 67.5167 33.2039 45.0983 35.7022 81.4921 
38.6518 58.9909 1.87883 13.9169 52.6165 52.4527 33.0238 7.5591 38.0185 51.5644 60.6531 55.2074 4.51221 45.14 41.9386 33.0394 15.6984 42.7095 66.7037 54.8001 43.6152 18.0754 49.8688 58.9485 18.457 7.51798 43.8292 46.2819 39.4057 35.4993 68.807 24.1549 19.6787 32.484 12.5877 44.9013 8.63713 40.5228 13.1034 29.1431 23.197 49.4171 19.1596 52.8266 17.4485 59.4542 22.1883 52.2349 49.1285 21.0924 35.6609 34.1063 44.5702 19.4281 45.2001 31.1541 45.3715 70.5897 34.0119 36.1006 5.86686 28.5044 38.5593 47.1068 33.7747 
43.6807 36.9931 26.5023 28.6447 48.0926 27.9007 51.4615 28.0503 13.5237 70.4569 38.629 75.2916 26.6908 67.9342 44.2986 35.7351 37.2086 46.3087 45.5748 66.1281 51.6462 37.8423 27.583 46.4215 6.53758 29.869 64.0125 30.7514 14.8314 21.6037 55.6515 34.3863 42.3728 27.8771 26.64 44.3393 33.3191 26.0864 37.3805 10.2956 28.1656 68.9479 21.5232 28.1498 23.817 39.3634 43.6555 29.6331 53.8607 32.6712 49.555 11.0345 21.7187 18.3698 33.1344 45.523 65.3334 52.2389 10.6888 42.7276 21.5393 49.4702 45.1462 56.7966 48.453 
42.0743 80.6387 23.8902 32.067 71.9095 77.5016 20.2094 21.9347 63.102 46.8837 82.2541 47.5189 25.4568 32.4834 46.9421 51.2411 23.2639 58.1172 87.308 46.1391 41.9304 26.5663 72.1568 81.6919 43.1116 23.8447 24.0601 70.6208 63.8882 54.5858 91.4104 29.7834 9.06973 46.7059 32.3633 62.7968 17.1479 64.8676 16.4502 54.5642 34.8076 43.9318 35.8469 77.666 39.0948 84.5599 11.2004 74.6464 62.4628 27.7521 42.9787 57.799 70.0058 43.3073 68.5579 39.5683 25.7158 88.6833 59.3633 38.8294 28.1455 27.1162 52.5095 56.1758 27.133 
19.8927 58.4788 20.5448 34.0035 72.3802 60.636 17.2699 12.832 47.1692 66.1272 60.0167 68.344 24.2099 55.0071 24.1357 53.2203 32.2893 62.942 64.3001 34.7817 23.5468 35.6202 50.8348 76.8731 28.4004 25.9515 30.1629 62.6911 46.1806 31.8101 86.6645 5.52268 15.4935 22.4964 32.8056 65.013 20.1206 57.1638 25.6535 42.8957 10.7564 63.5066 14.3014 60.114 37.4012 73.544 13.7928 53.3502 69.2694 3.3121 54.3001 39.1065 56.1364 38.0296 62.9223 49.9121 31.3383 64.6258 45.1239 16.9012 16.8908 43.1521 58.6742 66.5361 14.4972 
45.9848 83.9324 25.9278 32.6497 71.7631 79.9811 23.6324 24.9098 65.5516 43.7018 85.5575 44.0438 27.0296 28.7837 50.8587 51.1601 23.0868 57.4256 90.7415 49.3875 45.7083 26.1197 75.3383 82.2982 45.6844 25 25.9946 71.8154 66.5824 58.0582 91.9326 33.661 12.855 50.4406 33.1851 62.476 19.0379 66.0946 17.1026 56.5194 38.5479 40.7123 39.3137 80.2477 39.9626 86.1074 15.1208 77.8152 61.3678 31.5748 41.3998 60.6805 72.0951 44.588 69.4223 38.2688 27.6132 92.3395 61.6137 42.7398 30.86 25.0284 51.6815 54.5389 30.8521 
34.2987 88.2721 57.9959 70.7664 110.901 97.4118 25.9062 50.9284 85.1848 90.0047 89.4787 89.5045 61.3514 73.5033 37.4712 90.824 65.0839 99.4816 91.1554 12.516 25.8954 68.6781 83.0924 116.553 67.7975 61.8081 21.4084 102.441 83.0976 63.7577 126.369 39.0366 41.7388 51.8325 70.1157 102.781 54.2778 96.9236 57.4193 82.4621 45.6186 86.9663 51.9755 96.3583 75.7644 112.784 38.0132 85.4112 104.84 40.902 86.5394 75.7623 94.7828 77.3473 102.612 82.7673 20.0562 86.5306 83.986 33.2988 56.3257 71.1872 94.4073 99.6966 25.266 
54.4945 66.2341 15.5081 2.06155 38.5716 53.4619 46.9572 23.2157 39.9472 41.2083 67.8735 46.1213 11.8596 40.3441 57.6056 18.0801 11.7154 27.0024 74.7415 70.2488 59.5063 10.224 56.823 48.0775 25.3403 11.0114 56.0932 38.4877 43.2391 46.7124 57.7146 40.0671 31.6635 46.5192 3.53553 30.0167 18.64 32.9686 17.3358 27.8928 38.6157 39.7316 33.6048 54.6059 6.87314 53.7276 35.0801 58.88 33.2343 37.0062 21.3441 40.2568 43.0759 13.1042 35.4189 16.9532 57.7292 80.6202 34.7131 51.9954 20.8022 21.2191 22.6515 31.5835 49.0037 
20.6475 74.5716 45.8416 59.0745 98.5114 83.1024 16.4076 38.3888 70.9172 83.4748 75.8359 83.9477 49.3753 68.4446 24.4739 78.8926 54.7671 88.1069 77.9468 9.62549 13.0419 58.3606 69.0509 103.178 53.8563 50.3245 20.1137 88.7433 68.7879 49.5976 112.944 24.9804 31.78 37.692 58.1836 90.8067 43.1351 83.3092 47.1765 68.5624 31.3704 80.5238 37.8208 82.0603 63.3726 98.6803 27.9177 71.4045 93.9381 27.0823 76.8486 61.4524 80.5706 64.3681 89.2274 72.7859 19.7345 74.2117 69.831 19.2419 43.2234 62.7077 83.3697 89.7867 12.1709 
59.1365 16.5747 74.2344 80.4406 93.3306 41.1468 82.6904 71.3816 45.9654 122.353 15.2882 126.806 75.9693 117.535 55.0818 86.7385 87.4973 96.6535 7.74661 80.2378 66.6432 88.9103 25.3032 83.2839 56.0836 79.3751 94.9097 69.2458 40.8306 37.4733 88.9855 63.8521 82.873 45.8628 78.3843 92.8872 79.785 68.2736 85.2812 57.8402 57.477 120.632 56.1405 38.4526 76.1506 64.3028 81.9225 23.8933 104.112 64.9377 101.89 41.36 51.3448 70.566 75.0127 97.8354 95.5088 6.85055 51.1613 61.2647 67.0019 100.316 96.5709 108.544 75.2351 
10.3247 58.1661 49.6364 62.8325 98.355 71.6369 31.8636 42.1001 61.8053 95.2773 59.198 96.9558 53.2635 82.5655 8.76185 80.8084 62.0184 91.0983 60.0122 19.7162 8.83912 65.3226 54.4538 99.3275 49.2416 55.4 40.202 83.7511 58.3487 36.7984 108.647 24.9002 42.6011 25.8521 61.3668 92.1215 49.8514 78.9487 55.2965 63.2155 26.9091 92.5409 33.3114 70.06 64.8171 90.7044 39.2938 56.5289 97.8497 28.0002 83.9434 51.3455 71.959 63.7358 85.7443 79.5182 40.1329 54.7001 62.3205 12.9016 44.1808 72.6423 87.3578 95.9409 23.5476 
43.6111 13 47.9877 53.3889 69.2012 24.1599 62.3039 46.185 21.3396 95.3184 14.6414 99.8722 49.3936 91.1704 41.3342 60.2983 60.7889 70.5312 20.6932 67.4266 52.2708 62.022 5.28867 62.2097 29.0814 52.7887 75.2033 46.7181 15.9154 14.442 69.6605 42.7019 59.0263 26.1228 51.3367 67.4501 53.9894 44.3717 59.1849 31.7233 35.5276 93.6483 32.1279 22 49.082 46.8902 58.8164 7.67919 78.0666 42.8432 74.8239 14.4253 29.642 43.6 51.5932 70.7478 76.129 27.1472 25.7309 44.5372 41.0649 73.5196 69.9946 81.8411 56.2228 
66.7032 41.2074 45.4591 40.896 35.9001 17.8631 74.254 49.3812 14.7679 77.6379 42.3962 83.5154 44.0967 80.3299 66.8061 34.9468 51.4389 42.5688 49.9418 89.5275 74.8866 50.4896 33.9426 26.747 29.1606 46.4091 86.4521 11.5918 19.8285 40.5191 34.5701 57.8206 63.4054 49.8121 39.5182 37.1259 52.2061 11.5109 54.539 15.0053 51.5986 76.9931 44.981 20.2319 33.4055 15.985 65.3342 34.4569 49.388 56.004 54.5162 25.1436 6.33246 27.4221 17.4554 51.7929 87.8579 60.3021 13.2654 65.974 42.8404 61.1904 44.5405 56.4515 71.7806 
34.7669 62.7797 6.72086 19.6474 59.5671 58.6001 25.7389 3.82099 44.2137 52.1311 64.4238 54.9825 10.017 43.1449 38.6581 39.5548 17.2818 48.6925 69.9771 48.5721 38.5592 20.5412 53.9796 66.4212 24.2033 11.0354 36.3167 53.7819 45.0059 37.6948 76.2775 19.997 12.256 32.2672 18.8162 51.5031 5.41295 48.0267 11.3649 36.2229 21.2941 49.6855 19.4517 58.7576 24.4935 66.772 14.6731 56.4307 54.6857 16.9331 39.2 39.0664 51.3942 26.9201 52.7015 34.8144 37.8636 72.6906 40.609 31.8981 9.25419 28.8617 44.0858 51.4946 27.3 
78.9915 56.8016 51.1077 42.5353 22.0057 32.3827 82.5671 56.7441 30.1231 72.2104 57.9231 78.5107 48.7509 78.4006 79.7492 29.0993 52.9306 33.1483 65.405 100.699 86.7001 50.9722 49.7402 11.2361 39.6869 50.1483 93.8836 4.75395 35.4045 55.0553 20.204 68.3237 69.6646 63.1932 41.8306 26.2393 57.156 9.82904 57.9035 25.2414 62.9289 72.1738 56.1493 34.9894 35.0545 15.7471 72.2574 50.2021 38.6908 66.056 49.3037 39.9506 21.9911 30.8302 6.21289 47.7595 95.409 76.0111 27.1974 77.8235 50.6949 59.9544 36.9087 47.6414 81.4863 
62.6863 97.4483 36.8456 37.9005 71.4496 90.214 39.7839 38.6167 75.9276 30.399 99.1026 29.144 36.3891 13.1 67.5368 52.0835 27.3183 55.373 104.812 64.8753 62.3213 28.6009 88.4634 84.8482 57.0811 33.3318 39.0001 77.0592 77.8904 72.5339 93.9202 49.9917 29.1431 66.048 39.2413 61.7778 30.5039 71.6434 25.7093 65.243 54.2738 27.3485 54.032 90.8886 45.5054 92.4578 31.7844 90.8639 57.3413 47.6844 36.5137 72.8234 80.9133 51.3352 73.3967 35.0361 40.4079 107.402 71.3135 59.4416 43.4259 20.4502 49.3705 48.3911 47.4065 
38.1084 89.2574 45.1807 56.3565 96.8345 92.965 15.1083 39.5804 79.3374 70.1168 90.6927 69.2885 47.9505 53.2339 42.8215 76.2342 48.8001 83.78 93.9698 27.7189 32.6221 52.2533 82.3622 104.944 59.928 47.4621 2.28254 92.274 78.521 62.8039 114.79 34.5701 26.8019 51.7119 56.1792 88.0329 39.8493 86.5384 41.4209 73.7594 41.8226 67.0621 46.6004 92.4582 62.5412 104.613 23.9134 84.8496 88.3722 34.9047 68.9226 71.4457 87.9448 65.4941 91.2781 65.5403 1.14018 91.9215 76.896 35.5764 45.9762 52.7467 78.2944 82.1102 21.4401 
69.9923 85.4895 31.1662 20.5251 40.2892 70.9358 56.2925 38.1589 58.252 22.2991 87.1174 27.8643 27.8948 26.9833 73.7553 22.814 18.01 23.8516 94.0796 81.7898 73.5011 14.7105 76.0848 55.196 44.7833 25.0799 61.9965 50.6357 62.0223 65.9591 63.6419 55.2161 40.4605 64.7244 22.5763 30.6452 30.2106 46.0576 25.2052 45.7073 55.4691 21.3338 51.4596 72.3915 24.8823 66.6177 44.3234 78.0774 25.8606 52.1349 5.14004 59.5466 59.7068 31.0221 45.6584 4.11096 63.6475 100.062 52.8164 67.134 38.1379 11.7414 17.8846 18.2529 60.7524 
80.32 43.3632 62.2676 57.5022 43.4166 18.6625 90.2849 65.9078 26.9007 92.3108 44.013 98.4199 60.9533 96.3929 79.7075 48.9124 68.1007 54.5047 50.7579 103.823 88.8169 66.9718 39.1847 27.9946 45.0644 63.2558 102.708 20.8866 30.0588 51.8453 31.36 72.991 80.0538 62.6125 56.2108 47.8461 69.041 24.891 71.3846 31.6509 66.3461 91.9533 60.0074 21.1568 49.9196 6.84251 81.84 38.5811 60.3451 71.4608 69.1274 37.085 17.1919 44.1163 27.0453 66.9023 104.07 62.5399 28.1753 80.0141 59.3255 77.3491 57.7062 68.9525 87.2122 
24.6205 68.8745 24.9616 37.7562 77.8522 70.8071 7.7201 18.1893 57.088 63.2811 70.3967 64.5459 28.2908 49.9385 29.5652 57.7817 33.0092 66.6382 74.4831 31.2621 24.5491 36.6012 61.3241 84.1716 37.7 28.8487 20.0202 70.7723 56.405 42.1883 94.0268 14.2678 10.4307 32.2568 37.06 69.7379 21.4693 65.1003 25.4372 51.7244 20.9659 60.4432 24.7455 70.3831 42.7479 82.5722 6.76831 63.8383 72.2912 13.5204 55.1287 49.4272 65.7012 44.6947 70.3096 51.0358 21.3251 74.203 54.6518 21.3827 24.1919 41.5043 61.7544 68.0325 10.3005 
84.0905 83.3413 45.6365 32.1922 16.6012 62.8405 76.4817 53.3325 53.8788 40.1125 84.7968 46.6154 41.9955 51.1769 86.8132 14.1598 37.6364 3.40588 92.3298 100.351 89.5201 34.1541 74.5163 33.9673 49.1435 40.8385 84.357 35.8632 58.9428 70.8476 40.8011 69.9614 60.7161 73.8152 33.3378 8.67698 48.1741 33.669 45.1774 42.0707 67.723 40.8961 61.9494 65.0007 29.7229 50.6441 64.3828 75.8969 4.34166 66.943 20.5718 59.525 50.8842 32.3489 29.4688 22.0844 86.0203 100.846 48.6124 81.7609 50.2494 36.7614 8.12158 13.2004 79.0707 
71.4133 95.0659 36.0407 29.7755 54.2033 82.8727 53.1015 41.3575 69.4709 14.5152 96.7228 17.4917 33.7085 12.8265 75.7499 36.9066 22.0984 37.5713 103.304 79.1003 73.2918 20.6015 85.689 69.3745 53.572 30.3384 55.9151 64.3926 72.6664 73.1225 77.7638 57.0225 38.5389 69.6951 31.7309 44.6266 32.3373 59.5785 26.3856 57.3203 59.039 11.9436 56.4685 84.0907 36.0756 80.3374 42.2092 87.86 38.3172 54.1303 18.0887 69.1805 72.1249 42.4317 59.6444 18.2395 57.4836 108.076 64.22 68.3026 43.5215 9.21954 31.732 28.7237 59.1805 
50.5016 72.7501 12.9275 11.1611 49.9813 63.3018 37.6962 18.9465 49.1565 37.0786 74.414 40.6208 10.7056 31.2328 54.4031 29.3205 1.62788 36.4446 80.7406 62.631 53.9045 5.22015 63.4669 60.4706 31.3338 7.3 45.2611 50.8051 51.5539 50.0345 70.0483 35.7414 21.7706 46.7771 12.2262 40.8708 10.6118 45.2063 6.08358 38.1435 36.6105 34.8634 33.4786 64.1082 18.792 65.7882 25.5525 65.7417 41.3727 32.6833 23.8648 47.1959 53.7941 24.3101 47.8819 19.6705 46.9221 85.065 44.3606 47.596 20.4022 13.9201 31.0595 36.6521 41.422 
16.4222 57.2931 23.7394 37.1646 75.0483 60.9094 17.4287 16.0515 47.8029 69.5708 58.7933 71.7351 27.406 58.2602 20.706 56.1485 35.7347 66.0019 62.7462 32.2298 20.318 39.0463 50.0009 78.9636 29.7417 29.2754 30.3949 64.4937 46.425 30.6283 88.7103 2.55539 18.4391 20.4963 35.8954 67.8724 23.579 59.0529 29.1247 44.4042 9.40479 66.9389 14.4312 60.2364 40.2405 74.8038 16.289 52.5034 72.4222 2.84253 57.7031 39.2165 57.0636 40.508 65.0175 53.3015 31.4306 62.5096 46.1339 13.435 19.499 46.6181 61.8392 69.872 12.9653 
62.9003 24.1002 53.3385 53.0212 54.2333 1.56205 76.6415 54.8205 13.5794 92.9556 25.0338 98.4608 53.1738 93.1775 61.6209 51.8611 62.7953 60.3839 32.3483 86.8131 71.5856 62.7357 19.0339 43.2047 33.4073 56.1538 89.5172 29.6378 13.1939 33.321 49.226 57.9028 69.0837 44.8529 51.2445 55.3399 60.1998 29.7659 63.9704 25.1382 50.7843 91.947 45.2055 1.86011 46.3856 25.0833 70.0709 18.554 67.4283 56.9772 70.2983 20.3973 12.2886 40.0312 35.7883 67.0251 90.7121 43.5005 18.3439 63.0754 48.4001 74.1669 61.7353 73.8221 72.2386 
15.7848 41.5217 47.5988 59.3902 90.1493 56.7842 41.4185 41.1779 48.6893 96.8234 42.5131 99.5475 50.8523 86.6751 11.1324 74.8043 61.4469 85.5005 43.3195 36.2465 22.4982 64.2576 38.4159 88.5024 40.4487 53.7018 52.4034 72.5769 44.5112 22.7482 97.3347 26.224 47.0541 15.1331 57.589 85.2048 50.1059 68.3779 56.0423 52.6881 23.4542 94.3687 27.5218 54.9586 59.3863 77.44 44.6972 40.3435 92.7365 28.7341 81.9103 38.1077 58.7804 56.7596 75.5479 77.3983 52.7398 38.7177 50.2813 18.5648 40.6736 73.542 82.6831 92.6739 33.1429 
27.7042 32.1174 54.4615 64.8645 91.2014 51.2583 52.951 49.0153 46.0245 104.402 32.825 107.644 57.3334 95.6612 23.1683 77.9797 68.5729 88.7289 32.3867 47.7708 34.4948 71.018 31.2541 87.1674 42.9942 60.4728 64.2819 71.243 41.0946 21.6037 95.3585 36.2218 56.9822 20.5643 62.9153 87.4211 58.0848 67.7822 64.0439 52.7674 31.7695 102.129 33.8498 49.0723 63.4972 73.622 55.0364 32.6833 96.184 38.2734 87.6522 36.0111 55.5844 59.8118 75.1168 83.1828 64.6688 26.7541 48.8525 30.3059 47.0942 81.1533 86.6447 97.4159 44.8412 
39.6023 85.057 33.6091 43.4329 83.6232 85.088 13.9603 29.5025 70.9228 56.5637 86.605 56.243 35.86 40.3792 44.6346 62.9554 35.1206 70.0368 90.8812 37.5932 37.0218 38.4752 77.2243 92.7781 50.9313 34.8106 12.4619 80.9944 70.9558 58.4098 102.564 30.7584 15.2778 48.7419 43.5115 74.6054 27.4754 75.2247 28.0243 63.7064 37.3101 53.528 40.3407 84.9415 50.1172 94.2788 13.9176 79.7422 74.3958 29.8116 54.7653 64.3131 78.6865 53.7707 79.3892 51.4533 14.073 90.6803 67.762 36.4978 36.0976 38.5539 64.4466 67.9433 22.4207 
54.0145 17.5841 48.9965 51.0217 59.2041 11.1041 69.3618 49.2667 12.2613 92.3231 18.9233 97.4559 49.4507 90.6989 52.4748 53.5202 59.9844 62.9966 26.5174 77.9827 62.7302 60.4633 10.2591 50.3 28.6965 52.6639 82.3241 35.4404 8.13019 24.2002 57.1939 50.1662 63.2331 35.965 49.0846 58.8588 55.6619 34.1287 60.0531 24.8421 42.9294 91.022 37.9051 9.21954 45.2411 33.8681 63.8007 10.5929 70.3548 49.5663 70.4111 13.4302 17.6343 39.0779 40.9695 66.7387 83.4325 36.4485 17.746 54.3956 43.1742 72.0795 63.4606 75.5677 64.377 
83.94 57.9726 57.2087 48.7985 24.9882 32.8445 88.4466 62.6844 33.2674 77.7032 58.957 84.06 54.9193 84.4133 84.4541 34.9367 59.1927 38.0433 66.2707 106.027 91.8195 57.2158 51.6551 9.45569 44.9419 56.3703 99.8972 9.96393 38.2758 58.8919 16.0723 73.7529 75.7617 67.6735 48.0833 30.8081 63.3281 15.6426 64.1505 30.2835 68.1279 77.785 61.3633 35.5373 41.3088 12.1264 78.2936 51.8217 42.9784 71.5793 54.9855 43.5643 24.0352 36.9846 12.2801 53.6411 101.41 77.3507 31.1734 82.9136 56.5407 66.0821 42.2366 52.4696 87.123 
80.6385 81.032 42.1284 28.6819 18.0679 61.147 73.0011 49.8262 51.6236 38.9679 82.5126 45.4485 38.486 49.0123 83.398 11.0856 34.2358 1.40357 90.0125 96.8401 86.0276 30.78 72.1025 34.6671 46.0353 37.3311 80.9667 34.9588 56.5873 67.8393 42.107 66.4783 57.2549 70.5517 29.8376 8.92749 44.6799 32.2579 41.7465 39.5784 64.3044 39.5062 58.5821 63.2261 26.3427 50.1862 60.9102 73.5558 7.15681 63.4555 18.1838 56.8599 49.181 29.2181 28.7312 19.1971 82.6293 98.2961 46.2776 78.2924 46.789 33.8941 4.90408 13.1947 75.5604 
29.2219 47.2848 15.0243 25.4692 59.0019 45.2448 33.1851 11.9038 31.3383 64.9296 48.9248 68.5509 17.6386 57.9767 31.4396 41.6062 29.0682 52.1124 54.47 49.4446 35.9862 31.3337 38.5811 61.5695 12.1795 20.8614 45.7926 46.8825 31.0092 22.4321 71.2537 17.0182 25.4136 19.4487 23.6324 52.7307 20.042 41.4982 25.6535 26.7686 12.5228 62.7864 6.50308 45.0059 25.763 57.3247 26.0377 41.0546 59.1487 14.8071 48.15 24.4131 39.9962 24.3181 47.6602 43.6497 47.0894 57.5634 28.9581 27.3856 7.54321 41.86 48.9026 58.7041 30.5 
64.2012 89.2433 29.3825 24.8129 54.5184 78.3534 46.2313 34.3351 64.5899 21.7267 90.9057 24.3282 27.3386 15.3734 68.5455 35.6202 15.8405 38.3481 97.3185 72.225 66.1254 15.1288 79.9171 68.4634 47.7378 23.9341 49.7888 61.9003 67.4463 66.6216 77.3204 49.8263 31.4186 62.7647 26.616 44.8412 25.28 56.7642 19.3127 52.811 51.964 19.1084 49.6049 79.4036 31.797 77.666 35.1283 82.1516 40.4501 46.9465 19.6026 63.521 68.0425 38.0764 57.6837 18.0228 51.3931 101.685 59.4983 61.0902 36.8481 3.90128 32.3472 32.0095 52.1035 
37.0567 32.4045 28.5323 33.9063 56.3136 29.6015 48.3132 27.8097 16.7275 75.7716 34.0688 80.2178 29.7321 71.532 37.1216 43.4626 41.0824 54.1356 40.4022 60.2675 45.3785 42.3382 23.2177 54.0992 9.54254 33.1168 61.1967 38.2394 15.1344 13.4373 63.1095 29.7809 41.639 20.2556 31.8454 52.4527 34.8368 33.9096 39.7575 18.2428 22.8653 74.0341 16.9189 29.0869 30.3356 45.119 42.2019 25.582 61.664 28.6833 55.8965 8.20244 26.568 25.5885 41.0844 51.673 62.3847 45.7404 16.4454 36.5099 22.0095 53.8139 52.6203 64.0154 44.1322 
60.4003 11.9202 71.9734 77.2678 88.0596 35.3306 82.9053 69.7282 41.254 119.186 10.373 123.847 73.4479 115.209 56.6848 82.3772 84.8474 92.0723 3.44384 82.4107 68.3003 86.0409 21.2514 77.4981 53.073 76.845 95.4034 63.764 36.3341 36.1735 82.9825 63.668 81.8734 45.7551 75.2269 88.0157 77.8278 63.0817 83.139 53.4734 56.964 117.583 54.9004 32.6559 72.5483 58.2416 81.2108 19.4402 99.4694 64.464 98.2207 37.7619 45.9184 66.7611 69.6656 94.2759 96.1033 12.3004 46.5988 62.2676 64.9303 97.5628 92.2745 104.324 75.7977 
21.6668 34.9757 33.1186 43.3 72.1732 42.72 39.5464 28.3572 32.2887 83.0938 36.4408 86.5716 35.8504 75.3165 20.7909 57.2735 47.223 68.0177 40.3372 45.5952 30.3556 49.5456 28.2986 70.8517 22.5568 39.0509 52.3382 55.0091 28.962 8.64928 79.8784 20.0412 38.6595 3.67967 41.3628 67.3909 37.3209 50.6025 43.202 34.8432 13.2503 80.903 12.7475 41.4162 42.267 61.1962 37.6464 30.7358 75.3638 20.748 66.0846 21.8525 42.4454 39.1155 57.7034 61.6105 53.2034 41.0113 33.0409 21.9823 25.6743 59.9391 65.5488 76.0475 33.1798 
66.6101 38.0601 47.5946 43.8463 39.4614 14.1524 75.473 51.0533 13.5074 81.2274 39.186 87.0579 46.464 83.5428 66.4251 38.6939 54.3038 46.3871 46.6836 89.7684 74.9443 53.5165 31.216 29.3002 30.2424 48.9295 87.8554 14.8946 18.0314 39.4454 36.5 58.4661 65.2274 49.3328 42.3798 40.9176 54.4193 15.3154 57.0505 16.9169 52 80.5308 45.518 16.5955 36.466 15.557 66.979 31.5357 53.199 56.8177 58.1446 24.1019 3.54401 30.3389 21.0202 55.3364 89.224 57.2943 13.5074 66.064 44.4671 64.3854 48.326 60.2549 72.5959 
12.8445 65.739 37.8583 51.2923 89.9444 73.4191 14.3224 30.1974 61.1756 79.391 67.0649 80.5732 41.4895 65.7209 17.5559 70.7481 48.2147 80.3318 69.6414 17.2363 8.83233 51.7357 59.8161 93.9167 44.2832 42.8572 23.8516 79.2864 59.077 40.2375 103.639 15.4156 26.5189 28.4178 50.2113 82.5703 36.1522 73.9135 40.8828 58.9971 21.6333 76.5476 28.1277 72.4164 54.9714 88.9873 22.8705 62.2101 86.484 17.7609 70.4557 51.7426 70.8378 55.491 79.9786 66.2145 24.1456 66.8401 60.121 10.5475 34.4076 57.4891 75.8802 83.1039 6.1327 
84.5939 102.12 46.9308 37.2109 48.5 86.6719 67.7804 53.351 74.4829 8.23893 103.741 14.734 43.9264 23.5519 88.6711 35.9924 32.988 32.2591 110.752 93.7653 87.1755 30.2676 92.7244 65.5232 61.5081 40.8496 70.9736 64.0857 78.4547 82.5797 72.7001 69.9263 52.7418 80.824 39.2686 39.7819 44.725 60.1801 39.0493 61.845 71.0018 9.58541 67.5005 88.2807 41.4367 79.913 56.5173 94.6829 30.0673 66.9156 16.225 76.2106 75.1362 47.4236 58.3988 19.7436 72.5442 116.785 68.9977 81.5843 54.1842 21.7221 27.6053 19.2354 73.4613 
14.733 42.5104 47.184 59.1014 90.2541 57.4882 40.4224 40.6674 49.1855 96.2761 43.5167 98.9432 50.4724 85.9786 10.0424 74.7242 60.9782 85.4037 44.3878 35.1717 21.3937 63.8249 39.2734 88.8235 40.5088 53.2843 51.3469 72.9151 45.08 23.2744 97.7047 25.4825 46.2758 15.1463 57.3188 85.2052 49.5591 68.6571 55.4833 52.9379 22.9652 93.8033 27.2523 55.6925 59.2372 77.9827 43.8682 41.2284 92.6121 28.048 81.5659 38.5946 59.2976 56.7208 75.8027 77.0537 51.6737 39.8221 50.6696 17.5514 40.3277 73.0068 82.5174 92.4221 32.1237 
65.0603 33.7623 48.8185 46.2082 43.8965 9.76371 75.4112 51.6629 11.6039 84.5802 34.8528 90.3076 48.0004 86.1976 64.562 42.4848 56.4896 50.5072 42.3219 88.5242 73.5332 55.9464 27.2342 33.4383 30.3727 50.6569 87.9866 19.3259 15.199 37 40.2349 57.7915 65.954 47.4473 44.623 45.2001 55.7039 19.5801 58.7246 18.4532 51.0813 83.7769 44.8055 12.1643 39.0386 17.7674 67.4738 27.4007 57.4126 56.3494 61.6093 21.9317 2.78927 32.7666 25.4521 58.6305 89.306 53.0586 13.4123 64.7198 45.0699 67.0458 52.2274 64.2281 72.0603 
64.8787 57.5587 32.2816 22.8002 23.6028 38.2782 64.5007 38.684 28.1258 55.9893 59.0282 61.9388 29.5677 59.8018 66.6 13.5207 33.2032 22.6991 66.5445 84.7312 71.744 31.3543 48.7115 27.5 26.1842 30.6472 75.1902 17.1493 33.14 46.5211 37.3451 52.4272 50.708 51.5403 22.1653 19.5346 37.8958 11.9604 38.2498 16.349 48.2088 55.4314 41.6332 40.1726 15.3935 32.844 53.5676 50.1004 30.1423 49.7918 32.8343 34.0054 26.4433 12.1754 14.089 30.263 76.7616 75.0955 22.8123 63.1573 33.267 40.924 23.4079 35.5196 64.4686 
46.5446 44.0555 22.1443 21.9208 42.7142 32.4969 50.5756 25.5033 18.2562 63.4962 45.6793 68.4604 21.5128 61.7435 47.862 28.8617 31.1333 39.5386 52.7092 67.7712 53.9456 31.3949 34.6586 43.3377 7.15122 24.4 62.6163 28.4965 20.9755 27.9485 52.948 35.3895 39.6011 32.4211 19.9822 38.1047 29.0338 23.1366 32.3125 8.87694 30.148 62.0694 23.3848 33.2146 16.6508 39.7175 41.456 36.635 47.0635 33.1694 42.371 18.1813 24.052 11.1826 29.521 38.3763 64.041 59.4416 13.662 45.1359 18.9615 42.9942 38.097 49.6533 48.7452 
42.0697 68.1825 7.5 15.2742 55.7781 61.5877 30.0648 11.0145 47.1704 44.6875 69.8417 47.6592 8.04114 36.4071 46.0601 35.2502 10.1005 43.5137 75.7475 54.439 45.4089 13.5624 59.126 64.4405 27.8029 6.46375 38.895 53.1094 48.7283 44.0066 74.2189 27.3386 14.4807 39.4463 15.1819 47.1429 2.12132 47.3565 4.10366 37.5971 28.7124 42.2711 26.3638 62.0472 21.7745 67.1585 18.0094 61.5118 48.9923 24.3074 32.3048 43.4615 53.2376 25.7963 51.1419 28.0321 40.5276 79.1363 42.9466 39.1337 14.2562 21.4037 38.4838 44.9361 33.1549 
51.2268 88.0784 28.7898 33.5336 71.2811 82.9962 28.6204 28.8943 68.5686 39.2674 89.7157 39.2255 29.3015 23.72 56.0929 50.9009 23.2693 56.2939 95.0859 54.1543 50.9098 25.8182 79.3357 82.7813 48.9612 26.8168 29.653 73.1268 69.9263 62.5001 92.2727 38.7587 17.8899 55.2826 34.3682 61.8098 21.9495 67.4759 18.6869 58.9191 43.4166 36.2399 43.7969 83.4022 41.0908 87.8427 20.3435 81.7906 59.6665 36.5821 39.2046 64.297 74.6043 46.1979 70.3034 36.5042 31.2059 97.0247 64.3796 47.9818 34.4511 22.4143 50.4103 52.1464 36.0251 
86.2755 90.4076 46.9886 33.7429 25.4283 70.9485 75.9129 54.6502 61.1033 31.7788 91.9135 38.2539 43.3343 44.5457 89.4162 19.9324 36.627 11 99.3694 100.731 90.9774 33.0215 81.3683 43.0537 53.957 41.5117 82.5621 44.7103 65.9531 75.948 49.5238 71.7423 59.9721 77.6596 35.3023 17.8194 48.2421 42.107 44.29 48.8428 70.4003 32.8976 65.1421 72.999 33.3264 59.7235 63.7779 82.9059 6.52763 68.6578 15.8051 65.7932 58.9864 37.2834 38.4038 18.9652 84.2221 107.332 55.6939 83.7189 52.6034 32.6497 10.2528 4.31856 79.4376 
72.242 101.039 40.5494 37.0203 64.0103 90.5623 51.2458 44.4963 76.7771 17.3081 102.703 16.4779 38.9217 3.2249 76.8768 46.4321 27.7218 47.3781 108.974 76.9016 72.9538 27.3163 91.7606 79.055 59.6161 35.5317 51.7929 73.5258 79.5611 77.7412 87.5267 58.5211 38.4334 72.9431 38.8104 54.4266 35.5148 68.5382 29.6998 65.0189 61.6419 14.2636 60.0844 91.6059 43.9692 89.3985 41.702 94.0324 47.9413 55.8624 27.8948 75.4603 80.219 50.267 69.0018 27.8883 53.2504 112.877 71.7025 69.0331 47.884 15.9625 41.5384 38.0338 58.2684 
49.3207 38.0468 29.5002 29.1137 43.4093 24.9467 56.403 32.1629 10.7564 70.2026 39.6213 75.3595 29.0367 69.1388 49.9075 32.827 38.6115 43.0847 46.9068 71.7029 57.2713 38.7253 28.796 40.8824 11.1826 31.9495 68.7818 25.1432 14.0464 26.2718 50.049 39.8102 46.4407 33.3718 27.2459 40.4 36.4001 20.6129 39.8408 4.96488 33.7308 68.9139 27.0414 25.6889 23.1206 34.0037 48.0213 30.5321 50.632 37.9729 48.4373 13.1867 17.0262 16.9918 27.7694 44.6723 70.1463 54.6191 6.20322 48.3541 25.5666 50.2726 42.5715 54.5061 53.7509 
21.849 65.1814 23.7287 36.9283 76.5506 67.4994 10.4752 16.4402 53.9171 64.8871 66.7001 66.4713 27.2356 52.2383 26.6835 56.7706 33.2063 65.9697 70.7723 31.3383 22.8694 36.7448 57.6781 82.1702 34.7937 28.2195 23.2659 68.4378 53.0612 38.4949 92.009 10.5849 12.1264 28.5617 36.0468 68.6997 21.2269 62.8172 25.8496 49.0496 17.2627 62.1138 21.2361 67.0129 41.3818 79.842 9.06973 60.1905 71.8811 9.84124 55.4437 46.0185 62.712 42.8515 68.2552 51.2285 24.4788 70.5464 51.6714 18.6078 21.9427 42.6075 61.2944 68.1561 10.0305 
55.536 23.6542 45.9498 46.6447 53.132 9.17061 68.7589 47.1004 6.90652 87.4448 24.9778 92.7341 46.0092 86.6492 54.5183 47.8377 56.0515 57.1361 32.5738 79.3656 64.1788 56.2524 16.0153 44.5364 25.8118 49.0927 81.6319 29.4635 5.31601 26.3759 51.7426 50.074 61.3236 37.5601 44.7779 52.8609 52.7649 28.0558 56.762 19.5256 42.9885 86.2594 37.3363 8.80227 40.45 29.1625 62.2435 16.6111 64.4512 49.1082 65.2228 12.5925 11.8207 34.1696 34.915 61.6844 82.8281 42.4675 12.3693 55.5676 40.7398 67.8054 57.7866 69.9097 64.4199 
