150 75 12
777 335 649 27 763 426 211 429 862 135 22 167 11 373 784 324 413 980 862 281 84 505 313 895 814 364 87 178 403 399 676 12 94 570 467 902 652 280 865 619 31 771 709 856 586 683 528 829 270 715 796 245 921 488 841 500 124 856 227 936 437 407 858 237 818 11 776 763 606 818 369 996 470 499 644 
590 505 139 954 786 669 82 542 464 197 507 355 
4 2 3 4 10 1 5 4 5 6 9 0 11 8 11 1 3 11 9 2 2 10 6 9 6 4 9 6 9 1 7 7 11 11 10 10 1 4 2 2 2 2 2 3 7 11 8 4 4 5 1 6 10 8 0 4 6 1 1 6 6 8 5 7 5 6 4 9 0 0 7 4 9 11 3 11 11 7 3 1 1 9 11 11 11 9 8 2 6 3 9 8 6 4 8 8 6 4 1 11 0 1 10 8 3 9 5 3 10 8 4 9 6 1 5 7 10 0 10 6 1 10 7 10 7 6 7 5 11 3 8 2 4 3 4 6 6 9 0 11 4 11 4 3 3 7 6 9 10 5 
2772.18 5954.94 1249.2 2594.8 6493.6 5823.44 2158.73 483.322 4414.94 5886.94 6115.9 6147.06 1614 4894.49 3165.33 4541.92 2432.49 5496.22 6620.48 4241.57 3169.31 2758.01 5117.89 7044.5 2431.3 1780.17 3351.81 5690.56 4408.28 3350.49 8029.05 1295.53 1245.35 2652.11 2483.65 5728.92 1229.72 5124.1 1809.53 3796.97 1496.26 5635.22 1475.97 5806.69 2979.35 6882.69 1296.53 5368.15 6119.55 990.404 4620.69 3750.65 5230.72 3109.23 5654.6 4180.05 3492.92 6795.09 4128.26 2485.82 1032.28 3567.86 5059.41 5838.95 2142.27 4747.88 5857.68 1770.88 2748.71 5726.37 2330.86 6460.63 1341.64 2046.12 4390.58 
7366.1 5016.02 4823 4118.47 2768.47 2601.63 7882.29 5323.76 2355.36 7421.92 5130.4 8036.17 4624.65 7891.11 7416.53 3080.29 5178.9 3666.99 5880.99 9585.26 8157.24 5023.64 4303.77 1773.87 3478.97 4803.6 9053.32 304.795 2877.93 4882.15 2606.47 6365.53 6669.13 5740.53 4018.42 3038.63 5462.33 720.278 5602.93 2008.63 5791.75 7391.38 5116.49 2857.01 3353.76 1371.79 6902.94 4351.3 4289.81 6155.33 5105.33 3358.36 1530.62 2844.8 955.877 4896.12 9201.42 6933.54 2099.74 7266.15 4693.83 6004.8 3962.32 5102.83 7718.06 4293.44 2507.99 4477.86 3214.75 6051.19 8008.25 6243.76 6716.78 6726.86 4296.65 
4825.9 2814 3679.35 3847.87 5120.71 1821.65 5980.8 3780.01 523.45 7994.56 2970.61 8499.09 3703.42 7813.69 4783.58 4249.48 4743.05 5252.89 3703.04 7176.07 5673.89 4789.42 1895.28 4576.65 1656.05 4019.91 7261.77 2985.1 449.444 2088.56 5409.81 4148.8 5203.11 3072.1 3653 4928.14 4356.8 2671.87 4772.1 1364.73 3457.7 7858 2857.87 1810.03 3289.77 3414.75 5299.67 2062.06 6003.75 4030.93 5834.36 550.364 1539.12 2687.04 3404.76 5453.82 7384.85 4514.26 770.584 4794.18 3144.6 5951.24 5232.52 6432.12 5583.42 5308 1861.32 3641.28 1363.41 3489.01 6295.43 3886.41 4568.47 5683.78 1591.38 
5763.21 6894.73 1845.45 510.098 3678.7 5535.86 4930.77 2616.33 4213.8 3859.24 7057.83 4371.04 1478.72 3887.47 6080.01 1612.27 1221.88 2433.43 7752.42 7298.83 6250.48 982.344 5953.99 4734.91 2834.71 1347.37 5799.67 3875.84 4566.02 4986.88 5684.2 4313.93 3377 4979.41 680.661 2789.93 2092.51 3341.5 1881.38 2982.92 4183.87 3725.87 3687.51 5661.81 859.593 5430.23 3730.66 6155.01 3030.26 4006.56 1815.71 4299.42 4465.15 1493.75 3519.28 1382.32 5964.5 8360.86 3680.23 5509.56 2402.08 1973.12 1969.87 2832.9 5170.04 1681.07 5509.63 1332.22 2966.65 7255.16 4780.85 7824.71 4429.76 2986 5421.22 
2377.16 3101.03 3787.37 4760.01 7468.53 4137.17 4378.52 3330.54 3236.82 8781.12 3240.02 9138.01 4049.31 8025.91 2185.86 6068.22 5194.81 7143.82 3583.09 4767.07 3246.17 5417.65 2515.25 7223.8 2570.31 4374.16 5643.09 5628.8 2838.63 657.647 8099.44 2449.76 4357.36 662.722 4562.57 7040.11 4224.04 5223.04 4810 3667.49 1800.25 8565.98 1767.82 3980.45 4608.34 6120.66 4246.47 2748.04 7886.24 2545.94 7037.96 2177.45 4249.48 4249.52 5946.51 6593.09 5721.98 3606.62 3393.29 2469.09 3040.21 6471.51 6925.03 8000.52 3700.86 6813.9 4222.71 4105.67 2631.22 2565.81 4902.02 3328.66 2869.23 5242.18 1834.8 
3470.92 2035.93 5170.42 6014.46 8199.76 3907.17 5757.85 4772.47 3518.64 10130 2130.19 10517 5400.49 9458.04 3117.08 7068.59 6559.64 8130.1 2260.55 5722.97 4275.91 6754.06 1888.31 7646.21 3644.08 5735.02 6988.23 6070.32 2996.66 1470.27 8425.72 3877.69 5824.77 2082.55 5810.47 7915.82 5653.01 5775.85 6229.81 4359.32 3260.38 9928.39 3212.63 3681.44 5743.81 6183.92 5706.46 2029.7 8884.87 3999.3 8267.65 2600.94 4424.76 5287.97 6508.89 7833.42 7052.74 2138.62 3872.18 3654.94 4424.17 7846.1 7991.15 9127.03 5022.45 7946.25 4012.54 5436 3595.68 1130.31 6312.72 1910.24 4278.56 6706.36 1586.6 
1626.93 5977.24 2527.69 3873.98 7715.11 6369.08 1480 1756.84 5058.46 6974.02 6125.66 7166.12 2893.6 5782.15 2090.22 5801.15 3660.34 6770.97 6505.88 3001.67 1895.94 4000.61 5260.47 8141.95 3242.3 3056.35 2773.54 6706.3 4920.65 3314.89 9118.77 480.937 1770.2 2268.08 3757.13 6980.56 2440.18 6158.9 2969.53 4705.58 1202.04 6704.7 1721.69 6300.87 4219.22 7751.94 1508.14 5510.15 7399.85 555.698 5873.41 4199.2 5982.48 4274.04 6746.85 5438.28 2873.67 6448.54 4888.29 1309.73 2162.61 4700.9 6339.88 7109.67 1023.43 6027.55 6422.72 3048.03 3536.28 5464.65 1979.09 6238.35 80.6226 2815.76 4521.34 
4376.59 3961.84 2418.68 2600.48 4674.02 3005.4 5019.08 2618.95 1562.05 6782.58 4125.64 7265.21 2421.67 6533.8 4468.04 3360.01 3461.57 4424.49 4817.69 6577.32 5152.18 3521.32 3020.74 4601.79 496.488 2735.42 6259.98 3060.07 1734.59 2333.43 5541.48 3371.25 4050.88 2865.27 2400 4257.35 3104.53 2564 3495.15 1002.65 2782.89 6631.03 2107.94 3043.45 2126.08 4019.66 4195.87 3226.84 5178.2 3180.57 4700.27 1364.73 2311.73 1596.56 3247.77 4294.38 6395.53 5469.63 1210.37 4262.51 1961.56 4684.15 4288.41 5444.35 4757.33 4276.04 3020.81 2356.37 206.155 4378.58 5249.38 4906.18 3742.26 4441.54 2500.5 
5714.24 4300.91 3308.47 2920.36 3574.53 2507.99 6242.56 3720.23 1359.12 6811.95 4447.89 7368.24 3175.3 6917.55 5791.18 2770.65 3956.83 3724.9 5199.55 7911.03 6492.23 3893.08 3420.72 3278.19 1803.25 3414.75 7441.65 1720.47 1860.75 3427.73 4206.09 4689.66 5111.01 4149.72 2766.22 3364.67 3983.18 1246.15 4227.4 338.378 4120.59 6715.97 3443.98 2660.11 2202.04 2795.51 5313.99 3555.63 4468.04 4481.79 4546.57 2025.56 1423.69 1574.1 1961.63 4217.74 7585.38 6070.23 827.647 5602.66 3072.47 5002.81 3765.38 4977.33 6048.62 3910.61 2473.24 3051.97 1546.25 5055.37 6406.12 5428.46 5043.66 5301.9 3155.58 
1306.48 6699.33 4505.64 5851.61 9668.76 7705.06 2067.37 3735.63 6556 8675.68 6820.01 8780.8 4870.82 7277.92 1630.77 7777.64 5569.25 8750.5 6998.61 1137.01 470.106 5920.35 6194.91 9994 4986.15 5019.77 2765.88 8499.44 6296.82 4281.93 10958 2152.32 3395.11 3091.96 5736.65 8953.09 4360.1 7975.79 4838.11 6451.05 2667.38 8389.34 3342.6 7582.94 6190.01 9390.28 3025.24 6423.65 9375.77 2423.96 7793.26 5566.52 7546.34 6206.72 8604.95 7367.67 2752.74 6590.18 6501.65 1251.96 4115.88 6496.93 8315.44 9054.25 1330.04 7992.88 7777.69 5026.7 5244.24 5823.44 2694.36 6590.37 1926.58 4404.33 5511.78 
4143.49 8695.8 3498.57 4444.38 8447.54 8680.74 1569.84 3112.64 7261.1 5603.3 8850.84 5550.14 3711.94 3955.06 4646.57 6380.45 3585.04 7066.72 9280.29 3873.6 3868.46 3913.68 7910 9391.62 5259.67 3593.4 1274.24 8231.77 7271.01 6031.76 10368.2 3268.96 1683.45 5067.25 4459.82 7538.24 2871.39 7654.84 2892.49 6523.26 3923.12 5298.62 4220.92 8668.76 5125.1 9573.57 1570 8161.77 7486.69 3173.2 5503.72 6610.27 8028.61 5505.22 8059.9 5183.68 1427.73 9261.06 6938.66 3834.5 3771.33 3864.67 6501.95 6818.46 2418.47 6044.15 8711.95 3869.43 5576.71 8268.52 919.348 9038.11 2877.59 1805.46 7171.48 
5556.66 9428.27 3522.78 3953.8 7629.97 8943.4 3148.84 3513.53 7500.67 3947.07 9591.4 3836.31 3570.22 2230.81 6052.39 5617.09 2908.01 6086.22 10117.5 5602.61 5441.42 3132.68 8560.54 8840.96 5538.64 3314.89 2980.82 7918.08 7634.97 6851.49 9779.98 4388.54 2324.99 6088.17 4048.21 6672.71 2838.33 7356.64 2502.42 6530.49 4898.42 3641.24 4977.49 8983.91 4715.1 9404.03 2511.43 8806.96 6368.5 4192.37 4292.14 7067.71 8100.01 5241.09 7616.82 4070.34 3120.06 10281.6 7080.75 5233.45 4081.87 2611.38 5490.04 5548.06 3948.19 4991.44 8953.17 3681.1 5833.74 9223.45 2532.98 9961.86 4094.2 1518.32 7850 
3360.24 5885.11 584.209 1926.34 5812.07 5470.91 2782.89 202.485 4034.96 5466.49 6049.83 5782.75 950.368 4654.14 3713.83 3858.34 1910.39 4819.65 6612.55 4925.41 3822.32 2202.27 5001.3 6402.81 2030.62 1166.19 3910.19 5090.35 4104.11 3400 7388.57 1893.2 1571.78 2926.17 1805.8 5044.73 848.999 4518.07 1432.83 3276.22 1891.08 5233.1 1613.35 5482.64 2296.37 6347.69 1762.84 5245.84 5452.86 1583.82 4028.92 3506.57 4773.78 2453.92 5019.05 3581.76 4059.82 6907.92 3687.51 3093.17 530.094 3137.29 4393.93 5212.46 2824.62 4099.39 5494.01 1098.82 2343.07 5812.37 2864.35 6512.55 2006.84 2049.78 4302.02 
3239.03 8629.81 5749.66 7041.46 11038.8 9583.91 2576.24 5030.36 8377.17 9074.91 8748.74 9040.93 6090.76 7445.65 3541.41 9043.12 6504.96 9924.46 8906.32 1016.37 2388.72 6865.17 8125.03 11569.8 6665.62 6149.28 2247.51 10143.9 8157.27 6199.69 12549.5 3781.07 4168.86 5007.07 6969.89 10238.5 5402.56 9595.88 5738.02 8134.89 4423.77 8772.07 5068.57 9474.03 7522.47 11154 3790.84 8355.12 10472.5 3980.38 8667.97 7423.81 9344.03 7662.19 10174.8 8283.97 2122.5 8431.16 8269.87 3153.28 5553.42 7154.39 9425.04 9980.54 2435.08 9035.2 9651.87 6259.31 6949.74 7720.89 2906.44 8478.51 3419.2 4958.15 7435.76 
4999.4 1411.56 6609.61 7309.06 8916.96 3925.88 7350.63 6284.41 4120.69 11486.2 1367.04 11910.7 6803.09 10933.1 4601.32 8088.02 7962.14 9110.14 942.019 7140.57 5760.22 8122.51 2040.25 8063.57 4874.69 7142.91 8571.14 6580.62 3582.81 2896.14 8714.94 5474.03 7398.38 3676.81 7102.91 8788 7141.01 6413 7701.6 5225.51 4846.46 11303 4743.68 3659.03 6930.98 6296.28 7293.01 1982.52 9863.09 5589.75 9500.75 3497.26 4802.77 6402.16 7116.83 9083.67 8631.14 658.635 4601.79 5208.62 5875.73 9248.97 9056.1 10237.2 6603.67 9080.63 4037.45 6816.88 4748.56 485.489 7909.32 382.753 5875.53 8251.08 2321.77 
5587.46 1346.48 5350.59 5590.47 6346.79 1241.93 7259.89 5341.58 1715.93 9726.72 1462.5 10238.1 5409.41 9548.11 5392.68 5838.6 6475.65 6776.32 2218.4 7981.68 6458.68 6530.43 840.536 5372.76 3325.19 5734.15 8557.46 3935.12 1304.3 2605.48 6012.02 5318.99 6720.86 3798.03 5395.59 6346.79 6009.6 3846.1 6462.39 2977.94 4592.13 9595.3 4132.72 986.813 5018.55 3610.5 6759.59 755.844 7508.41 5281.86 7536.82 1760.82 2144.41 4403.2 4511.36 7169.55 8662.66 3276.11 2266.32 5651.92 4746.84 7692.73 6833.16 8044.64 6722.87 6960.21 1353.4 5359 3063.41 2499.04 7665.12 2580.27 5760.11 7310.41 1382.35 
2070.77 7402.7 5235.36 6576.06 10445.9 8503 2464.83 4471.66 7370.82 9171.54 7516.26 9228.35 5596.97 7682.14 2304.95 8528.38 6219.14 9481.71 7646.65 326.497 1198.83 6575.78 6943.44 10804.7 5803.32 5722.18 2787.42 9316.15 7103.03 5057.99 11770.9 2951.69 3959.22 3875.51 6471.74 9711.13 5030.36 8790.05 5469.63 7269.59 3486.9 8877.95 4161.25 8374.84 6951.17 10209.7 3575.6 7166.48 10088.9 3210.76 8438.63 6374.52 8363.67 6993.85 9414 8023.37 2726.06 7150.25 7321.45 2060.1 4890.7 7065.95 9028.98 9719.67 1914.16 8687.26 8577.56 5757.33 6063.37 6456.08 3014.8 7208.47 2688.29 4912.61 6275.87 
6173.31 1847.08 7682.38 8288.75 9505.98 4248.07 8536.42 7403.03 4794.13 12481.2 1706.99 12930.4 7852.5 12012.6 5763.9 8887.08 9003.79 9870.79 948.472 8268.28 6918.36 9141.61 2745.91 8464.9 5854.84 8193.08 9756.49 7084.02 4288.23 4013.1 9012.75 6654.2 8555.87 4855.36 8083.35 9481.92 8240.93 7004.03 8788.77 5995.62 6016.94 12311.3 5881.16 3980.26 7850.08 6537.35 8461.41 2591.41 10614.4 6763.02 10423.2 4368.18 5296.83 7286.16 7669.32 10020.3 9815.65 866.487 5320.08 6388.75 6961.03 10284.4 9872.83 11072.9 7788.95 9942.23 4353.44 7853.15 5691.48 1654.12 9093.21 894.707 7058.61 9385.79 3239.32 
4821.04 1613.35 4618.5 4972.93 6212.97 1707.42 6445.97 4563.18 1414.39 9150.42 1772.34 9637.56 4704.72 8872.22 4654.73 5450.47 5803.52 6444.36 2499.48 7218.26 5693.09 5885.75 693.542 5457.77 2617.06 5036.59 7743.54 3920.32 876.413 1834.12 6195.36 4506.28 5927 3020.02 4772.22 6090.85 5263 3714 5738.1 2560.31 3779.55 9002.54 3320.74 1523.06 4461.85 3926.17 5956.27 863.713 7192.36 4467.94 7022.04 1029.56 2194.95 3874.08 4427.2 6633.2 7848.93 3346.07 1903.39 4870.16 3985.6 7047.51 6435.29 7635.74 5913.62 6510.38 1804.05 4668.04 2385.37 2375.39 6852.92 2698.46 4947.18 6546.63 702.14 
2907.65 8307.16 5225.29 6514.38 10515.3 9162.73 2050.1 4510.1 7929.6 8594.56 8431.68 8577.98 5565.11 6990.12 3260.75 8516.74 5979.43 9396.73 8626.3 1025.91 2100.02 6339.75 7764.08 11062.8 6183.28 5621.81 1835.21 9648.16 7727.96 5819.97 12043.8 3309.05 3643.64 4629.22 6443.8 9712.24 4874.83 9096.96 5212.54 7649.58 3972.83 8292.92 4604.31 9061.48 6999.52 10683.2 3264.66 7998.82 9945.42 3493.61 8147.11 6994.63 8886.09 7147.09 9668.32 7760.89 1731.04 8212.69 7804.67 2781.89 5041.77 6644.47 8897.56 9458.38 1931.04 8508.69 9227.66 5733.85 6472 7453.25 2402.77 8220.49 2931.38 4447.92 7062.08 
6225.09 9464.51 3380.95 3377.17 6679.8 8654.27 4056.6 3635.73 7233.98 2757.72 9630.52 2722.44 3300.56 1186.8 6699.33 4747.35 2329.4 5073.12 10219.9 6616.13 6253.53 2430.33 8555.5 8026.11 5385.43 2982.03 4120.45 7268.23 7450.85 7020.58 8930.31 4897.52 2840.42 6434.67 3520.57 5712.6 2781.96 6731.31 2258.43 6138.74 5273.11 2452.31 5194.55 8730.28 4132.05 8816.56 3144.53 8792.23 5278.28 4648.44 3194.01 6968.54 7700.42 4726.12 6891.62 3039.16 4269.38 10523.8 6760.78 5901.88 4069.71 1579.91 4472.82 4398.2 4775.04 3964.15 8649.03 3361.68 5648.41 9432.03 3507.71 10133.2 4690.51 1797.25 7883.96 
5922 4767.07 3197.81 2633.72 3170.57 2923.35 6258.95 3692.38 1825.38 6404.7 4914.28 6972.27 3017.96 6586.14 6033.39 2308.53 3690.49 3258.67 5665.62 8053.55 6671.15 3592.34 3883.98 3056.68 1973.96 3222.62 7421.3 1592.98 2325.51 3794.38 4016.96 4812.74 5038.49 4433.8 2500.08 2910.84 3848.96 1039.66 4032.73 681.836 4291.21 6319.26 3614 3090.79 1884.09 2895.88 5270 4021.26 4002.62 4583.45 4121.47 2451.22 1785.19 1290.35 1682.38 3808.48 7569.97 6528.56 1292.52 5788.35 3068.04 4670.51 3303.41 4515.86 6127.72 3461.57 2880.02 2879.04 1768.76 5505.63 6375.58 5890.42 5140.9 5138.06 3599.24 
9553.27 6863.21 6713.61 5746.74 2506.39 4331.15 9896.15 7309.06 4501.61 8139.83 6950.35 8788.22 6454.84 9022.86 9615.45 4092.46 6743.96 4103.12 7662.61 11734.9 10330.9 6506.32 6284.78 808.084 5631.7 6562.7 11004.1 2120.02 4994.33 7069.89 471.699 8497.34 8564.7 7943.26 5704.78 3351.49 7289.62 2646.43 7307.91 4178.25 7955.5 8190.61 7277.7 4600.88 5032.27 2011.02 8839.56 6283.71 4418.52 8269.37 5974.78 5536.15 3555.78 4681.29 2102.97 5922.77 11159.1 8802.75 4297.73 9442.17 6716.78 7276.59 4622.12 5465.94 9808.14 5092.74 4220.76 6292.22 5386 8027.61 9952.01 8102.23 8826.32 8448.06 6393.9 
7993.61 6342.53 4846.33 3817.25 1369.53 3990.25 8070.35 5487.15 3519.62 6428.32 6465.74 7066.14 4566.16 7157.49 8122.96 2198.23 4805.85 2462.6 7222.44 10054.3 8717.32 4568.26 5573.15 1150.04 4052.55 4651.3 9134.6 1100.59 4062.62 5845.08 2124.55 6812.81 6682.43 6531.04 3785.3 1753.54 5391.57 1220 5380.93 2733.39 6343.15 6442.4 5671.34 4240.11 3120.21 2445.61 6974.2 5648.31 2993.48 6560.37 4170.8 4402.39 2865.03 2835.51 496.488 4062.41 9292.52 8233.03 3122.71 7843.98 4933.15 5366.56 2879.03 3909.23 8052.56 3299.7 3899.79 4400 3864.32 7298.5 8083.72 7553.58 7104.36 6519.59 5462.34 
6918.76 3820.27 5073.47 4686.75 4042.5 1338.1 7849.85 5416.51 1579.53 8382.85 3922.55 8971.57 4959.56 8645.89 6886.25 4102.39 5735.4 4830.76 4661.35 9247.41 7758.18 5651.34 3196.4 2895.58 3327.37 5204.65 9091.64 1572.8 1984.57 4155.24 3548.65 6134.25 6835.18 5174.87 4542.74 4254.66 5755.87 1717.03 6016.99 2005.69 5479.95 8319.41 4837.41 1600.78 3944.38 1316.05 7008.34 3204 5494.59 5974.76 6069.42 2633.1 565.862 3336.36 2213.26 5799.4 9227.75 5756.34 1642.47 6872.36 4757.58 6730.9 5052.23 6235.01 7551.59 5320.17 1239.76 4839.94 3015.82 4942.4 8076.24 5058.9 6530.93 7083.08 3334.58 
3099.19 7549.87 2714.5 3875.69 7926.69 7633.33 770 2165.18 6234.91 5940.24 7703.88 6009.13 3000.83 4492.22 3600.01 5880.02 3224.44 6692.83 8126.82 3370.06 2973.97 3582.65 6776.25 8691.66 4255.54 2977.41 1578.67 7424.18 6205.49 4883.3 9676.78 2116.98 908.02 3913.89 3841.94 7070.25 2211.65 6849.96 2460.08 5599.23 2769.91 5646.85 3094.14 7605.85 4463.87 8680.2 586.003 7028.02 7205.28 2020.32 5369.58 5525.23 7053.65 4744.35 7322.74 4988.39 1734.04 8112.63 5952.02 2779.37 2815.39 3880.62 6169.67 6683.03 1480.71 5760.14 7670.96 3169.86 4572.99 7115.12 526.972 7884.09 1736.66 1693.58 6036.19 
6776.32 8216.63 2863.98 1741.52 3848.6 6760.18 5509.74 3584.31 5489.23 2565.5 8379.22 3117.13 2525.17 2946.13 7140.77 2013.58 1613.72 2241.9 9077.27 8033.38 7156.72 1263.21 7276.41 5280.5 4156.21 2261.35 6143.69 4765.92 5866.69 6286.18 6145.86 5299.67 3917.6 6192.2 1944.94 2880.87 2826.39 4297.45 2363.49 4235.15 5293.17 2464.35 4870.83 6904.56 2153.37 6362.84 4302.15 7474.68 2537.12 4990.27 611.31 5623.46 5640.75 2766.26 4283.78 220.227 6309.68 9684.07 4945.81 6496.48 3542.56 1260.52 1642.1 1903.73 5916.84 1138.11 6724.77 2427.2 4293.17 8577.02 5212.95 9151.01 5331.35 3190.75 6747.75 
7099.41 6724.23 3495.67 2277.98 1794.94 4758.96 6731.46 4222.35 3781.55 4843.73 6871.54 5464.52 3164.43 5454.85 7320.69 506.36 3176.16 1301.77 7622.66 8933.02 7723.24 2906.89 5836.18 2821.77 3390.37 3168.34 7693.32 2318.21 4281.18 5517.25 3746.21 5762.38 5241.38 5909.53 2302.02 1098.95 3933.14 1938.71 3818.72 2589.36 5432.66 4824.74 4808.29 4959.04 1723.63 3910.04 5569.09 5977.73 2050 5476.91 2534.92 4338.66 3565.19 1759.35 1783.62 2373.56 7856.04 8466.94 3249.02 6897.05 3782.2 3655.71 1414 2611.38 6844.51 1710.26 4696.91 2994.29 3330.17 7424.37 6655.86 7838.5 5979.45 4938.34 5509.86 
6108.16 4669.53 3483.23 2921.71 3138.44 2712.8 6520.56 3962.95 1724.09 6641.72 4812.03 7216.88 3308.41 6860.69 6200.59 2474.91 3980.05 3375.35 5568.21 8271.79 6872.21 3876.75 3809.7 2867.75 2170.02 3515.11 7692.75 1350.59 2248.76 3869.99 3811.89 5037 5319.45 4573.89 2790.65 2969.33 4137.83 830.06 4325.39 758.947 4494.2 6563.85 3816.19 2895.19 2168.34 2605 5545.63 3931.46 4107.42 4815.82 4345.78 2462.03 1546.93 1581.55 1527.65 4047.34 7840.31 6470.13 1227.23 5985.59 3331.7 4946.05 3465.86 4677.32 6369.65 3656.04 2662.22 3170.52 1937.94 5469.49 6648.92 5819.29 5375.52 5429.77 3578.97 
1444.75 6605.12 3522.64 4862.15 8756.85 7266.93 1173.8 2761.76 6010.41 7634.97 6742.14 7754.41 3883.46 6272.71 1937.94 6820.3 4529.91 7768.04 7030.77 1963.52 1172.01 4883.37 5978.14 9194.72 4266.2 4009.6 2229.46 7750.21 5825.07 4012.99 10170.6 1384.52 2347.98 2850.12 4759.43 8006.25 3328.26 7206.42 3792.69 5735.69 2057.3 7350.7 2679.78 7176.96 5250.9 8759.39 1982.95 6221.13 8375.58 1583.98 6753.7 5093.38 6962.08 5325.41 7799.76 6331.67 2277.41 6800.77 5879.86 1170.47 3211.74 5446.7 7315.5 8023.09 328.024 6977.86 7328.23 4044.47 4551.1 5911.43 1824.55 6692.14 1026.5 3367.86 5254.76 
3384.79 2235.11 5310.08 6194.87 8455.68 4177.57 5741.3 4880.35 3789.42 10286.8 2316.64 10662.1 5552.37 9574.27 3003.75 7295.83 6708.14 8360.59 2370.36 5586.28 4165.3 6912.74 2150.58 7917.68 3849.7 5884.01 6952.7 6339.98 3269.39 1655.29 8699.75 3896.59 5883.44 2121.44 5992.04 8158.73 5770.27 6040.15 6352.9 4611.12 3310.38 10080 3317.24 3949.75 5947.92 6458.64 5748.08 2282.19 9114.54 4037.64 8456.87 2860.07 4699.3 5506.19 6773.66 8019.74 7011.2 2100.9 4135.86 3588.33 4562.13 7991.81 8210.35 9337.56 4985.15 8154.57 4283.39 5594.73 3816.02 1190 6311.14 1964.31 4284.04 6788.52 1861.24 
4313.93 1800.69 6175.18 6972.69 8892.7 4162.03 6707.73 5791.18 4110.24 11115.2 1815.71 11513.7 6395.15 10473.2 3905.65 7909.74 7555.9 8955.59 1597.31 6434.42 5062.22 7739.97 2138.83 8172.96 4565.81 6731.81 7911.54 6640.07 3567.42 2453.49 8882.8 4864.67 6837.7 3082.35 6767.37 8687.63 6668.88 6413.63 7243.11 5107.84 4268.04 10919.2 4232.32 3906.21 6657.06 6524.35 6710.59 2164.81 9711.36 5000.73 9206.1 3338.08 4902.51 6166.5 7135.5 8777.98 7966.84 1132.17 4541.2 4532.96 5431.04 8843.72 8856.24 10014.9 5944.62 8842.5 4273.29 6423.85 4481.16 462.277 7280.06 1084.67 5253.36 7725.83 2185.09 
7325.63 6027.64 4140.74 3140.25 1696.64 3823.41 7363.1 4780.06 3116.62 6038.58 6161.59 6662.51 3864.3 6630.01 7470.86 1706.58 4150.47 2254.11 6921.17 9359.75 8036.22 3931.26 5204.63 1841.74 3400.26 3958.28 8430.47 1136.35 3655.48 5287.65 2824.06 6121.19 5980.01 5908 3097.43 1672.63 4692.97 890.505 4700.32 2165.92 5667.68 6024.16 4999.85 4052.22 2426.71 2714.48 6269.07 5306.34 2906.63 5864.89 3734.51 3904.15 2638.37 2128.4 590 3567.21 8588 7872.5 2657.31 7167.71 4229.16 4793.1 2545.78 3683.76 7349.32 2897.48 3746.06 3699 3233.64 6893.48 7379.22 7208.78 6406.14 5840.62 5014.96 
2527.71 7884.83 5456.74 6784.73 10710.9 8940.43 2489.74 4705.45 7781.65 9173.97 7999.78 9196.14 5812.34 7626.85 2786.86 8761.08 6357.84 9689.3 8136.07 233.238 1658.49 6717.39 7412.43 11133.1 6159.1 5912.61 2573.03 9665.55 7530.23 5512.72 12105 3279.47 4051.91 4324.84 6692.47 9950.73 5195.7 9130.85 5597.72 7629.69 3861.67 8876.14 4528.16 8818.27 7201.18 10601.5 3665.53 7637.7 10275.4 3517.1 8563.44 6799.15 8766.44 7280.45 9739.26 8158.93 2487.09 7640.06 7711.67 2486.97 5167.33 7132.78 9218.16 9859.26 2090.6 8857.57 9012.82 5976.6 6428.72 6946.22 2968.16 7699.21 2972.49 4951.01 6737.69 
8524.16 5690.22 5974.78 5177.31 2830.64 3160.57 9064.48 6498.87 3356.78 8123.16 5780.7 8758.25 5758.06 8780.14 8555.85 3838.81 6223.67 4158.43 6499.98 10763.3 9325.37 6034.84 5103.93 1181.91 4661.38 5915.31 10226.5 1234.83 3834.37 5943.58 1644.38 7549.36 7827.39 6864.42 5098.16 3433.51 6598.73 1811.77 6701.08 3190 6967.24 8129.81 6293.82 3430.71 4422.33 935.361 8070.94 5103.58 4646.65 7341.39 5848.29 4405.05 2387.57 3965.48 1560.51 5708.42 10375.9 7630.24 3203.4 8433.56 5874.29 6938.77 4577.39 5600.45 8904.98 4986.23 3051.05 5605.51 4391.41 6846.9 9179.11 6930.06 7903.02 7835.34 5224.03 
5030.86 7582.38 1513.44 1557.56 5392.68 6725.96 3535.66 1975.9 5302.12 3599.4 7748.78 3891.66 1377.53 2818.12 5446.4 3332.09 528.394 3988.41 8363.6 6081.13 5302.24 834.506 6661.97 6478.64 3466.55 1051.09 4199.9 5521.97 5520.01 5235.34 7432.8 3570.01 1948.05 4817.69 1659.79 4467.94 1073.31 4961.79 481.041 4227.34 3743.39 3354.18 3504.07 6798.57 2320.19 7017.95 2334.18 6894.2 4437.17 3273.3 2570.02 5053.71 5796.15 2865.05 5227.32 2185.63 4366.34 8748.18 4834.26 4728.48 2249.31 1277.58 3430.01 3880.27 3984.53 2988.14 6722.87 1429.48 3721.56 7642.68 3242.61 8314.72 3513.32 1274.05 6010.41 
8391.74 7641.37 4753.95 3478 650 5436.47 7967.86 5494.84 4711.9 5072.85 7777.69 5721.97 4410.82 6056.15 8607.59 1471.22 4254.66 1042.35 8536.96 10214.4 9016.13 3940.98 6802.07 2304.97 4634.92 4378 8877.64 2618.17 5243.7 6703.29 3029.52 7054.57 6443.76 7168 3533.44 317.805 5142.3 2509.28 4957.67 3648.03 6724.02 5131.65 6094.93 5670.08 3000.83 4018.82 6786.17 6913.65 1426.67 6767.72 2971.95 5420.38 4258.46 3043.85 1967.03 3004.68 9042.21 9466.07 4223.96 8190.54 5072.41 4450.67 1603.28 2413.5 8116.07 2104.4 5355.64 4242.13 4543.18 8464.63 7853.79 8810.55 7265.79 6038.58 6565.4 
6266.71 1337.54 6130.22 6322.19 6747.54 1397.86 8025.56 6130.59 2372 10425.1 1369.27 10949.9 6179.78 10301.2 6038.29 6433.51 7230.86 7324.46 2016.36 8649.74 7133.71 7272.7 1382.93 5599.37 4101.57 6501.3 9322.69 4286.16 2039.61 3313.08 6133.06 6077.05 7509.41 4501.31 6130.91 6843 6792.83 4292.98 7238.49 3634.18 5350.45 10303.6 4910.09 1142.37 5721.77 3660.67 7545.28 1174.78 8039.71 6050.72 8203.37 2547.88 2543.95 5096.45 4903.06 7850.64 9425.01 3202.95 2918.94 6351.52 5533.9 8432.94 7427.01 8639.32 7468.67 7588 1496.16 6124.26 3831.93 2669.23 8441.52 2510.98 6518.78 8097.19 2069.03 
5563.86 5005.64 2618.59 2052.92 3324.17 3385.65 5730.71 3149.17 2137.15 5942.46 5160.47 6491.11 2426.21 6035.11 5716.4 2066.71 3103.63 3102.21 5896.65 7618.04 6276.94 3020.02 4088.73 3492.06 1656.77 2626.12 6869.85 2130.02 2572.35 3699.15 4470.73 4374.53 4467.68 4189.22 1911.28 2889.98 3260.57 1556.18 3435.94 870.46 3905.91 5839.59 3237.84 3526.02 1319.39 3490.57 4711.23 4253.53 3857.98 4127.69 3700.28 2527.71 2306.45 702.567 2096.9 3353.94 7020.84 6677.76 1586.19 5406.26 2545.68 4119.58 3041.33 4238.35 5644.15 3120.46 3354.77 2284.84 1534.7 5617.7 5820.81 6068.67 4677.23 4543.01 3704.17 
2599.46 6347.16 1716.77 3035.92 7003.16 6349.24 1592.01 1004.49 4953.68 5994.21 6504.95 6197.76 2066.2 4847.37 3045.08 5020.04 2704.74 5940.79 6970.93 3786.52 2850.63 3052.87 5541.93 7600.13 2985.2 2169.33 2786.32 6257.61 4921.96 3700 8585.39 1206.73 908.02 2857.01 2947.35 6213.32 1490.91 5690.08 1994.24 4364.81 1667.39 5726.89 1853.35 6322.29 3486.73 7450.58 815.843 5793.51 6536.49 968.762 4927.09 4245.7 5787.31 3655.91 6212.64 4499 2925.76 7061.4 4683.34 2287.29 1600.31 3718.41 5477.1 6184.96 1658.46 5134.69 6387.19 2232.35 3301.51 6019.78 1776.09 6772.39 1059.91 1896.21 4805.77 
5432.81 817.863 5576.6 5922.25 6862.8 1752.51 7263.64 5497.42 2166.68 10089.3 942.444 10584.6 5666.34 9833.58 5195.82 6289.24 6764.16 7247.54 1701.88 7810.72 6297.56 6842.29 544.059 5904.25 3578.83 5998.35 8558 4461.71 1695.32 2503.8 6538.85 5306.37 6838.95 3682.46 5722.95 6838.6 6216.12 4357.84 6697.22 3406.49 4582.79 9946.94 4187.28 1488.52 5388.89 4124.78 6848.08 330.151 7985.37 5300.24 7933.85 1991.23 2671.1 4787.54 5031.71 7554.5 8655.04 2744.67 2707.56 5526.35 4933.56 8004.65 7281.76 8490.38 6678.09 7387.83 1864.3 5629.71 3344.4 1996.12 7704.06 2048.83 5747.83 7489.69 1265.7 
4102.35 7732.96 1985.95 2821.44 6828.07 7361.74 2127.63 1831.2 5920.3 4618.85 7895.6 4737.6 2140.86 3300.44 4575.87 4761.14 1983.46 5480.74 8417.58 4724.24 4171.64 2326.22 6872.85 7777.46 3925.62 1985.67 2696.02 6659.04 6010.02 5151.9 8751.34 2791.22 716.938 4418.62 2843.45 5926.63 1309.69 6083.46 1269.05 5053.72 3233.03 4331.95 3278.44 7382.53 3514.11 8050.77 1041.2 7120.57 5941.33 2560.08 4038.87 5412.25 6600.49 3927.47 6458.27 3676.42 2862.45 8593.86 5539.84 3779.55 2435.02 2518.83 4930.16 5357.7 2727.38 4492.27 7380.17 2288.17 4232.32 7529.28 1753.28 8264.25 2567.43 347.131 6157.31 
3511.42 7371.43 1981.16 3048.03 7098.2 7181.71 1593.55 1596.15 5752.65 5211.45 7531.54 5338.02 2224.43 3896.06 3989.84 5042.55 2361.29 5836 8020.43 4168.29 3571.44 2719.36 6539.67 7929.39 3747.33 2158.08 2368.9 6721.8 5790.08 4746.5 8911.62 2241.54 177.2 3933.14 3030.41 6228.32 1399.46 6144.99 1597.78 4991.68 2743.45 4926.66 2877.85 7181.36 3673.25 8044.63 441.475 6790.03 6342.55 2034.94 4514.26 5153.3 6501.3 4006.49 6577.49 4128.26 2532.07 8135.48 5415.31 3187.79 2250.09 3065.89 5308.72 5824.95 2135.88 4896.99 7208.78 2388.91 4062.82 7088.65 1342.01 7836.84 1986.68 946.414 5811.24 
1610.12 5822.04 2451.53 3796.38 7604.24 6204.55 1640.49 1680.74 4896.12 6982.79 5971.17 7189.25 2818.24 5826.19 2054.12 5705.76 3626.09 6685.66 6358.31 3118.53 1954.74 3961.02 5100.09 8006.9 3090.06 2996.08 2935.52 6562.93 4756.13 3157.67 8982.2 327.567 1828 2125.51 3673.15 6880.77 2407.51 6017.98 2952.64 4555.8 1040.43 6717.04 1558.01 6136.01 4117.79 7596.82 1592.26 5350 7322.96 400 5830.14 4034.41 5822.89 4154.15 6612.11 5391.82 3036.91 6317.51 4730.01 1302.69 2048.83 4695.88 6263.9 7054.71 1179.92 5961.42 6258.38 2968.92 3381.79 5325.41 2126.03 6097.43 162.788 2863.09 4360.56 
10729.6 7929.45 7796.2 6756.43 3089.35 5402.96 11006.9 8419.29 5671.16 8732.75 8006.43 9382.54 7520.01 9782.27 10796.1 4964.73 7713.6 4760.18 8698.3 12895.9 11502 7450.59 7399.52 1821.24 6800.18 7602.82 12086.8 3295.15 6154.97 8247.11 835.464 9654.54 9636.12 9125.27 6734.06 4038.54 8345.5 3805.96 8320.05 5353.74 9124.37 8819.17 8446.36 5669.73 6072.97 3033.89 9924.84 7383.18 4912.29 9420.68 6698.81 6711.46 4708.64 5773.61 3210.55 6711.61 12244.2 9862.5 5478.78 10614.5 7842.53 8125.25 5330 5995.21 10948.1 5828.18 5291.32 7354.05 6559.86 9130.81 11035.5 9162.41 9975.07 9454.72 7544.04 
7244.07 5401.07 4411.92 3592.01 2281.16 3097.39 7554.99 4972.29 2573.29 6780.5 5526.67 7396.87 4181.69 7283.3 7337.71 2438.22 4642.47 3036 6284.66 9388.98 8002.5 4464.67 4624.55 1730.46 3300.8 4330.42 8686.8 391.152 3115.8 4952.63 2682.13 6147.82 6267.52 5704.24 3510.7 2433.11 5022.6 308.707 5113.83 1887.88 5622.96 6753.37 4945.18 3337.66 2835.21 1987.59 6524.58 4701.97 3677.93 5916.3 4465.61 3480.53 1939.41 2388.14 452.769 4265.69 8839.15 7285.75 2195.45 7117.67 4368.67 5410.04 3318.57 4465.56 7453.56 3649.4 3013.59 4026.47 3075.08 6349.82 7636.14 6607.87 6472.44 6248.88 4520.1 
7850.16 5419.12 5210.23 4421.43 2530.14 2949.59 8312.91 5741.67 2832.83 7509.15 5526.75 8135.48 4992.49 8084.18 7905.3 3181.48 5472.2 3631.42 6270.25 10057.2 8636.69 5292.35 4740.17 1311.87 3948.72 5151.02 9467.17 469.574 3347.91 5372.17 2115.4 6830.67 7063.55 6231.54 4338.03 2948.98 5833.16 1046.52 5938.79 2482.78 6267.18 7498.35 5590.72 3213.61 3663.51 1258.01 7309.73 4774.62 4196.49 6614.63 5208.99 3845.75 1960.41 3200.02 901.388 5038.29 9617.36 7347.92 2591.24 7746.23 5121.91 6223.21 3991.64 5080.36 8171.1 4366.1 2848.86 4840.04 3691.31 6490.77 8418.87 6653.82 7175.1 7071.87 4764.28 
3902.95 8020.75 2590.46 3534.54 7554.5 7849.69 1598.41 2263.18 6418.73 5123.52 8179.84 5168.71 2795.17 3640.05 4398.19 5488.04 2713.12 6209.67 8654.66 4179.39 3824.72 3054.08 7198.03 8474.96 4413.12 2676.75 1975.9 7316.86 6460.19 5382.43 9452.31 2769.04 842.912 4519.57 3544.93 6655.86 1954.33 6740.03 1994.49 5634.13 3336.23 4826.48 3523.31 7850.92 4208.34 8670.97 891.852 7448.83 6662.74 2602.25 4733.96 5823.07 7155.42 4588.78 7142.02 4384.75 2142.17 8731.83 6074.08 3579.51 2913.49 3159.3 5656.75 6054 2333.35 5214.33 7875.89 2951.95 4727.81 7699.54 1098.95 8454.99 2449.9 979.898 6466.96 
9142.54 5931.51 6714.3 5931.55 3363.41 3416.34 9777.54 7222.67 3874.87 8808.77 6004.21 9448.39 6503.85 9513.03 9148.66 4560.54 6977.89 4807.13 6690.24 11414.9 9958.63 6787.61 5442.29 1582.94 5334.05 6665.71 10952.3 1981.57 4308.9 6468.11 1573.09 8220.59 8564.17 7444.57 5851.58 4066.05 7344.01 2557.05 7453.49 3867 7618.3 8826.32 6950.14 3679.67 5176.1 1048.09 8801.35 5409.37 5241.14 8022.68 6553.97 4934.26 2865.75 4712.96 2301.52 6431.12 11100.3 7859.8 3798.63 9066.97 6591.18 7681.96 5257.54 6233.62 9593.27 5683.92 3304.56 6352.68 5052.61 7155.49 9907.14 7160.45 8584.9 8586.76 5650.14 
4240.05 4523.55 1813.97 2036.66 4616.86 3608 4580.93 2087.34 2165.66 6229.81 4688.8 6695.57 1804.99 5926.63 4399.33 3074.67 2854.12 4150.3 5361.73 6321.97 4958.68 2929.57 3584.22 4780.17 436.578 2118.96 5788.71 3317.6 2350.34 2637.35 5747.7 3079.38 3507.21 2923.44 1832.08 4084.18 2502.88 2773.63 2879.76 1359.56 2583.68 6067.53 1914.08 3654.71 1664.36 4445.31 3681.09 3800 4892.04 2849.86 4213.72 1932.15 2839.89 1255.75 3390.94 3792.23 5930.34 5947.25 1764.79 4084.47 1429.48 4090.99 3941.29 5051.82 4401.65 3868.36 3618.65 1740.4 572.014 4842.82 4760.01 5413.58 3408.37 3842.55 3014.4 
5928.81 603.075 6318.77 6672.81 7459.66 2168.43 7892.05 6217.86 2867.35 10836.1 576.888 11334.2 6414.27 10583.9 5646.46 6992.22 7515.13 7929.65 1191.05 8271.91 6779.21 7593.94 1176.86 6385.26 4328.07 6747.12 9180.09 5018.89 2425.47 3100 6946.06 5931.9 7539.56 4239.87 6473.83 7491.66 6952.55 4972.26 7440.39 4124.12 5215.99 10695.7 4864.58 1900.66 6132.67 4480.18 7533.02 926.499 8660.19 5947.81 8669.87 2741.17 3240.89 5526.85 5616.81 8294.83 9270.54 2376.93 3416.04 6051.78 5666.13 8756.31 7986.6 9197.72 7270.47 8108.08 2274.07 6379.42 4095.85 1927.2 8356.11 1688.34 6370.95 8215.72 1912.12 
1368.94 6731.55 4695.03 6041.26 9843.71 7798.11 2254.62 3924.41 6670.27 8874.82 6848.82 8977.9 5060.63 7472.04 1639.18 7961.16 5767.25 8938.11 7006.07 1030.78 497.695 6117.91 6251.35 10148.9 5133.52 5213.1 2903.31 8646.53 6398.76 4356.19 11110.3 2321.77 3595.18 3171.77 5924.36 9134.4 4557.06 8126.86 5037.24 6594.69 2810.44 8588.21 3487.76 7670.42 6371.22 9515.67 3224.9 6476.79 9566.4 2599.56 7991.16 5670.73 7665.62 6378.41 8761.74 7564.93 2881.41 6564.1 6629.22 1358.71 4293.93 6697.18 8506.2 9250.52 1528.95 8186.34 7872.65 5215.61 5386.58 5823.75 2875.71 6585.54 2112.49 4603.17 5577.9 
4209.05 7685.95 1845.32 2621.01 6617.8 7247.98 2319.48 1768.53 5804.96 4460.52 7849.49 4601.14 1974.36 3198.89 4674.72 4550.7 1768.19 5264.99 8385.73 4910.44 4314.74 2110.09 6815.17 7582.54 3819.96 1800.25 2912.34 6481.79 5911.68 5129.38 8554.62 2860.86 835.225 4439.48 2649.68 5713.86 1158.49 5907.12 1062.12 4909.31 3261.49 4177.39 3261.93 7275.62 3323.16 7887.77 1192.18 7061.42 5725.12 2614.57 3827.44 5329.02 6463.44 3751.51 6269.99 3462.27 3078.77 8592.47 5412.08 3888.16 2343.61 2324.59 4713.9 5145.66 2888.91 4276.04 7263.64 2115.96 4122.44 7519.63 1964.69 8247.1 2665.58 248.395 6106.23 
3646.64 8953.42 5056.93 6248.2 10298.8 9540.59 1844.91 4427.57 8224.75 7816.83 9088.81 7738.85 5360.78 6133.6 4073.44 8252.22 5560.76 9050.01 9355.14 2142.83 2958.8 5913.31 8327.03 11020.1 6347.68 5349.58 945.939 9693.94 8092.3 6361.16 12006 3619.64 3279.65 5201.28 6211.8 9441.53 4583.84 9126.37 4806.52 7775.78 4339.7 7511.6 4893.76 9468.16 6824.2 10855.6 2944.96 8570.88 9537.57 3719.74 7628.96 7368.72 9129.65 7067.71 9638.7 7276.28 790.759 9046.96 8027.98 3444.2 5035.89 6036.04 8514.99 8948.99 2195.38 8088.57 9594.88 5530.73 6654.92 8213.43 1875.23 8991.33 3187.63 3874.89 7600.59 
7119.23 7173.46 3346.24 2034.16 2077.11 5306.65 6526.45 4104.68 4252.02 4229.76 7325.09 4850.77 2991.89 4876.43 7378 127.279 2795.17 980.204 8068.7 8828.44 7690.42 2490.18 6266.77 3353.6 3600.72 2931.65 7415.83 2932.05 4728.9 5782.34 4240.96 5728 4988.12 6061 2110.85 1174.44 3692.29 2540.24 3493.82 3015.73 5471.23 4211.71 4882.67 5496.23 1669.04 4523.91 5335.78 6422.6 1718.28 5431.03 1922.08 4712.39 4120.29 1919.09 2392.01 1780.45 7580.64 8864.54 3707.14 6895.43 3745.13 3120.83 868.332 2080.6 6713.16 1100.73 5249.76 2826.52 3592.02 7801.08 6395.32 8254.12 5903.66 4578.49 5889.24 
5299.14 1651.48 6997.43 7696.66 9250.54 4183.87 7687.52 6666.94 4461.61 11874.8 1574.07 12299.7 7191.86 11319.9 4885.59 8457.19 8351.01 9474.24 976.166 7389.78 6039.02 8511.43 2372.45 8355.58 5261.61 7531.65 8896.57 6892.92 3927.8 3281.23 8983.21 5827.19 7768.58 4033.98 7490.5 9140.95 7526.2 6743.54 8088.1 5587.1 5210.23 11691.9 5122.68 3914.61 7314 6544.87 7656.87 2290.09 10226.2 5950.63 9884.86 3870.72 5107.77 6781.22 7440.67 9468.84 8952.72 296.142 4952.92 5519.51 6262.79 9637.89 9428.28 10612.3 6929.31 9458.46 4294.66 7205.84 5132.49 868.332 8254.09 419.762 6223.19 8629.3 2697.87 
3556.59 8791.28 4715.46 5891.87 9943.42 9294.75 1538.83 4102.5 7961.16 7460.9 8930.2 7393.27 5013.51 5790.31 4006.82 7893.67 5193.12 8684.41 9222.93 2308.68 2933.43 5544.95 8138.43 10686 6060.4 4994.37 584.209 9375.54 7846.53 6173.66 11671.8 3390.94 2922.05 5031.68 5859.21 9081.55 4228.68 8805.96 4440.6 7475.99 4116.52 7155.99 4644.5 9230.18 6477.24 10559.6 2595.09 8384.52 9168.48 3467.33 7257.39 7127.9 8851.83 6733.51 9307.98 6905.22 440.454 8960.61 7748.15 3329.29 4720.86 5665.27 8147.47 8577.42 1995.65 7719.38 9346.15 5183.14 6370.47 8097.11 1512.08 8877.17 2952.44 3503.33 7406.65 
5984.26 8276.41 2340.19 1827.84 5048.76 7182.29 4396.19 2899.93 5802.46 2670.6 8442.52 3014.23 2107.94 2188.88 6398.32 3074.83 947.523 3496.11 9089.36 6973.76 6246.06 856.154 7342.21 6347.61 4124.56 1769.8 4917.66 5606.51 6087.37 6048.22 7258.82 4522.12 2838.54 5716.16 2005.52 4087.11 2012.01 5080.04 1431.36 4629.92 4672.69 2441.25 4389.45 7285.17 2539.7 7170.06 3223.07 7564.19 3816.82 4224.04 1793.88 5699.56 6160.42 3162.67 5214.22 1500.13 5082.49 9546.79 5294.99 5681.77 3088.04 344.093 2901.72 3109.42 4901.72 2408.32 7165.72 2096.09 4341.08 8436.02 4032.68 9080.51 4465.15 1979.75 6728 
3451.72 7953.29 2972.29 4058.82 8106.6 8003.21 962.549 2485.68 6596.4 5810.86 8107.6 5838.37 3232.09 4287.68 3954.55 6047.45 3322.77 6816.88 8532.02 3499.61 3260.57 3673.96 7175.86 8937.29 4606.63 3170.99 1360.29 7707.2 6581.19 5287.34 9920.41 2520.04 1117.72 4317.93 4043.53 7229.28 2412.3 7131.19 2574.06 5922.43 3175.06 5512.32 3490.46 7981.21 4685.31 8995.49 892.861 7427.65 7297.54 2425.39 5402.31 5907.62 7397.15 5004.45 7579.98 5040.97 1525.02 8514 6298.8 3136 3143.41 3849.08 6277.02 6721.64 1772.82 5848.5 8038.57 3398.03 4924.43 7519.21 403.113 8288.65 2133.21 1657.23 6436.23 
4892.87 2774.83 3755.65 3910.42 5120.16 1741.06 6060.4 3860 464.004 8050.84 2930.02 8558.15 3776.8 7881.55 4845.54 4280.77 4811.76 5277.88 3666.61 7246.36 5742.52 4854.79 1863.01 4548.16 1734.01 4092.16 7341.73 2959.68 380.132 2134.9 5373.39 4225.87 5283.42 3133.83 3716.46 4942.76 4433.89 2660.08 4846.65 1391.19 3533.27 7916.24 2935.86 1730 3344.32 3356.22 5380.28 2022.72 6027.48 4109.46 5883.2 596.825 1480.54 2737.61 3391.47 5505.38 7464.64 4494.44 767.919 4864 3223.97 6016.14 5266.08 6467.8 5660.72 5348.38 1781.01 3713.17 1439.51 3478 6375.87 3860.95 4646.25 5761.68 1590.22 
3573.15 6073.76 411.461 1752.08 5697.23 5581.08 2850.7 380 4140.01 5229.43 6238.99 5547.07 771.622 4430.3 3935.85 3716.48 1676.01 4656.26 6812.34 5072.41 4009.8 1973.07 5181.54 6349.38 2145.97 950.053 3930.22 5075.52 4235.86 3615.44 7335.24 2100 1530.13 3162.23 1647.94 4908.29 630.079 4500.31 1202.83 3320.63 2125.65 4996.25 1846.21 5602.9 2182.13 6372.9 1767.09 5424.19 5275.65 1790 3810.3 3659.86 4843.22 2397.27 4974.1 3364.82 4083.88 7126.57 3769.2 3300.14 676.757 2900.28 4215.45 5007.28 2956.1 3906.35 5600 932.309 2451.65 6028.34 2878.91 6722.69 2184.77 1890.66 4490.35 
3509.6 8690.14 4507.95 5675.39 9727.16 9142.78 1363.08 3905.44 7799.1 7251 8831.11 7191 4802.43 5590.14 3972.23 7675.81 4970.76 8462.91 9139.61 2421.57 2930.02 5322.26 8021.73 10481.5 5885.11 4778.67 381.182 9180.35 7695.32 6059.55 11467.3 3257.07 2705.62 4930.5 5644.86 8862.88 4013.19 8609.7 4219.11 7292.36 3983.93 6946.38 4494.37 9082.96 6265.99 10377.3 2383.8 8268.98 8945.45 3317.89 7033.9 6980.18 8680.84 6529.64 9105.62 6681.62 268.328 8905.2 7576.4 3268.06 4529.51 5443.28 7925.11 8353.93 1890.66 7496.33 9192.42 4971.81 6196.68 8024.29 1293.21 8805.01 2816.19 3279.83 7287.28 
1696.23 6945.25 5165.01 6511.28 10301.7 8129.14 2654.15 4394.2 7040.52 9315.61 7055.1 9405.97 5530.75 7886.51 1860.78 8427.38 6235.03 9407.07 7166.16 792.275 857.963 6586.35 6515.6 10581.2 5558 5683.84 3162.85 9067.95 6748.01 4661.54 11538.6 2777.8 4046.54 3494.64 6393.5 9598.71 5026.21 8554.36 5502.45 7012.25 3234.22 9027.03 3912.15 7991.33 6835.74 9902.08 3672.27 6733.85 10036.7 3060.8 8459.09 6025.45 8043.2 6833.43 9197.11 8033.74 3119.31 6650.07 7021.66 1749.77 4756.15 7153.08 8976.56 9720.27 1974.97 8657.08 8207.08 5685.37 5803.45 5972.24 3253.38 6719.77 2581.36 5043.37 5863.05 
6293.08 9812.36 3758.32 3880.01 7239.23 9103.72 3980.58 3922.26 7673.92 3093.8 9977.66 2950.61 3718.19 1343.02 6779.97 5303.22 2820.87 5630.57 10545.3 6476.56 6243.62 2952.37 8915.86 8579.61 5783.81 3414.63 3871.29 7798.68 7866.8 7313.04 9486.89 5035.88 2949.2 6653.27 4012.8 6272 3119.25 7256.53 2647.51 6609.82 5473.62 2789.48 5459.38 9169.8 4641.08 9337.41 3204.95 9156.45 5824.4 4808.85 3742.26 7356.12 8177.49 5222.45 7433.61 3597.07 4010.01 10796 7214.46 5968.58 4410.73 2139.37 5030.36 4925.44 4750.83 4521.34 9102.64 3795.27 6058.26 9715.61 3386 10432.5 4786.24 1965.43 8229 
1301.38 6693.62 4215.32 5559.89 9406.69 7594.95 1757.75 3447.46 6410.03 8351.8 6819.65 8457.86 4579.26 6957.66 1701.56 7498.61 5256.69 8462.45 7032.57 1330.6 615.873 5609.03 6149.94 9770.57 4781.74 4719.75 2535.03 8291.45 6173.24 4212.46 10739 1914 3071.89 3020.02 5449.38 8678.3 4050.88 7760.73 4522.06 6251.4 2480.69 8065.49 3147.59 7482.65 5916.56 9221.39 2701.48 6383.76 9080.91 2169.82 7480.76 5440.37 7390.06 5952.92 8378.65 7056.98 2536.63 6677.92 6331.67 1167.6 3851.26 6175.06 8020.49 8746.04 1006.23 7691.72 7664.16 4737.11 5048.92 5871.23 2392.51 6644.7 1650.52 4080.49 5452.06 
7780.23 10173.4 4286.27 3629.27 5726.03 8900.25 5858.88 4809.1 7579.8 850.235 10338.8 1066.68 4052.65 1132.17 8221.34 4145.6 2891.78 4056.13 11001.8 8451.99 7936.81 2732.4 9234.55 7325.35 6027.42 3716.02 6035.96 6941.65 7913.24 7994.25 8122.27 6353.09 4455.97 7647.52 3828.28 4791.67 3904.66 6483.53 3308.2 6351.06 6573.84 555.788 6326.65 9030.11 4228.3 8540 4812.69 9449.42 4007.16 6067.82 2150.21 7581.29 7805.4 4862.4 6435.04 2287.05 6187.29 11488 7048.72 7466.25 5034.38 1604.31 3503.74 2966.97 6503.7 3031.34 8870.95 4031.4 6222.06 10376.6 5360.08 11011.3 6236.04 3429.4 8642.56 
9152.42 6079.68 6628.25 5806.82 3128.35 3553.94 9721.69 7156.05 3927 8605.49 6157.21 9246.89 6407.4 9339 9172.12 4381.14 6846.34 4593.58 6852.63 11405.7 9960.27 6646.86 5561.67 1342.39 5309.41 6558.81 10883.3 1887.67 4379.33 6521.75 1350.3 8197.87 8481.77 7473.59 5733.94 3849.12 7248.31 2464.35 7339.82 3838.39 7608.59 8628.12 6936.89 3820.27 5056.77 1184.23 8727.15 5538.52 5013.43 7992.8 6361.97 4984.01 2929.33 4613.9 2147.58 6250.2 11032.9 8013.25 3816.19 9068.3 6531.6 7520.49 5054.6 6013.99 9558.37 5488.48 3442.24 6253.53 5035.32 7286.16 9835.7 7313.04 8554.68 8476.25 5740.89 
5676.41 4025.48 3475.41 3167.65 3790.12 2227.67 6326.52 3840.34 1079.12 7095.05 4170.8 7648.07 3365.95 7175.08 5728.46 3057.91 4192.28 4002.92 4924.41 7912.53 6472.23 4142.51 3154.96 3372.36 1830.03 3620.06 7544.48 1784.4 1593.27 3274.26 4273 4713.07 5248.9 4061.79 3006.48 3623.6 4157.88 1376.74 4430.28 407.922 4115.46 6996.18 3444.2 2374.13 2464 2694.36 5435.48 3282.99 4743.05 4520.01 4834.15 1820.99 1179.58 1830.98 2109.24 4502.11 7685.11 5812.28 567.539 5580.55 3184.87 5262.34 4052.78 5265.03 6094.96 4200.6 2196.59 3250.75 1544.67 4809.83 6516.94 5164.35 5082.07 5486.64 2921.81 
467.547 5170.93 4299.13 5590.44 9051.08 6382.05 3046.13 3569.76 5369.4 9022.18 5285.7 9233.85 4654.74 7856.51 72.8011 7333.88 5598.23 8375.23 5441.21 2552.67 1090.73 5914.34 4727.45 9118.43 4118.25 4892.63 4085.12 7558.18 5034.33 2899.28 10048.1 1877.23 3841.47 1774.85 5433.68 8449.53 4398.3 7080.71 4967.74 5505.94 1937.52 8758.91 2549.61 6232.86 5740.32 8257.28 3552.94 4945.4 9063.8 2179.11 7755.39 4327.7 6383.76 5600.4 7763.69 7308.08 4111.56 5043.37 5414.25 790.253 3704.38 6722.44 8022.47 8922.02 2200.57 7781.26 6464.21 4781.05 4316.13 4263.39 3688.97 5030.16 1994.59 4890.01 4081.42 
8616.29 9790.54 4711.9 3539 3872.43 8056.23 7202 5427.86 6931.72 1851.54 9948.37 2493.93 4371.56 3302.2 8986.49 2884.25 3421.77 2307.66 10673 9772.31 8970.01 3088.58 8860.95 5612.71 5870.03 4108.59 7677.27 5617.12 7371.51 8046.65 6288.15 7138.75 5634.25 8021.93 3733.63 3049.1 4641.82 5280.46 4133.92 5668.17 7140.71 1993.24 6707.74 8238.02 3779.87 7170.81 6020.31 9039.39 1992.03 6830.05 1262.42 7236.44 6875.27 4315.11 5015.97 1712.92 7839.62 11365.7 6380.36 8332.36 5384.36 2584.28 1937.76 910.055 7681.05 1691.18 8002.36 4268.78 5963.06 10269.7 6830.64 10798.6 7152.8 4775.82 8395.43 
3604.62 8661.7 4224.12 5353.85 9403.83 9003.55 1225.89 3659.03 7637.72 6849.01 8806.57 6790.47 4504.59 5190.62 4085.12 7346.22 4616.37 8113.11 9145.82 2755.07 3104.09 4964.6 7962.27 10201.1 5694.15 4461.89 72.8011 8929.43 7560.03 6010.3 11186 3181.27 2392.07 4912.53 5332.5 8528.79 3698.99 8356.11 3872.27 7076.28 3904.63 6544.39 4371.38 8954.83 5965.18 10161.6 2096.12 8211.56 8582.83 3205.06 6655.08 6854.41 8496.03 6254.49 8832.87 6308.92 226.274 8964.47 7391.2 3339.85 4298.06 5053.84 7569.05 7974.87 1903.94 7133.79 9049.01 4672.7 6008.9 8052.55 984.073 8833.18 2740.46 2902.64 7223.66 
5270.91 130.384 5978.8 6465.18 7649.63 2551.31 7323 5802.46 2899.93 10655.4 281.603 11126.4 6110.03 10289.9 4969.77 6988.86 7241.17 7972.36 956.922 7593.6 6112.04 7351.12 857.963 6715.09 4054.64 6448.45 8601.26 5264.6 2389.48 2541.67 7346.13 5368.25 7072.76 3630.01 6261.63 7592.17 6583.53 5141.64 7099.75 4097.18 4665.5 10497.8 4374.95 2283.73 5987.54 4920.5 7038.39 693.181 8716.8 5408.81 8554.93 2510.32 3475.41 5409.57 5825.8 8160.3 8685.18 1933.73 3421.84 5409.2 5291.02 8506.69 7975.67 9177.55 6670.01 8052.81 2662.72 6092.66 3860.79 1262.7 7812.25 1239.11 5802.46 7806.26 1471.77 
9002.81 7804.84 5473.3 4231.37 183.576 5463.86 8706.19 6197.88 4940.22 5765 7930.83 6415.27 5140.09 6828.21 9190.54 2242.07 5043.66 1795.36 8688.78 10899.8 9660.02 4735.32 7015.73 1775.53 5154.54 5129.38 9644.61 2572.35 5482.72 7126.18 2336.19 7706.99 7201.24 7688.33 4271.42 1118.93 5895.13 2642.21 5735.62 4011.25 7332.65 5845 6685.42 5714.54 3700.05 3740.66 7536.32 7101.44 1974.64 7428.23 3743.22 5755.01 4336.74 3655.57 1960.87 3798.7 9808.5 9681.74 4501.56 8817.1 5738.93 5250.38 2381.37 3043.22 8819.27 2888.62 5372.49 4970.16 5024.15 8724.69 8614.33 9007.77 7941.19 6826.9 6858.96 
5957.56 9832.57 3892.97 4241.66 7807.08 9307.63 3518.01 3915.06 7866.41 3807.39 9996.02 3633.41 3920.01 2029.8 6454.78 5823.44 3183.28 6230.13 10526.8 5923.24 5820.81 3377.71 8960.68 9074.36 5916.83 3650.49 3246 8202.07 8013.31 7262.76 10001.6 4802.88 2741.17 6504.29 4348.84 6843.7 3214.36 7646.21 2842.97 6871.86 5314.56 3504.08 5389.34 9353.85 5006.5 9706.97 2924.12 9206.39 6467.47 4608.21 4382.75 7456.15 8443.13 5551.67 7878.1 4199.15 3375.2 10696.8 7436.73 5634.98 4472.46 2729.19 5630.57 5600.45 4330.29 5125.44 9314.92 4022.8 6208.23 9637.53 2889.22 10374.7 4504.54 1913.24 8252.93 
2360.38 4298.48 2207.19 3286.37 6503.72 4487.28 3325.79 1744.13 3198.83 7205.03 4457.38 7549.23 2491.47 6434.81 2507.69 4844.15 3618.65 5905.73 4947.73 4562.07 3123.48 3859.46 3493.14 6615.87 1588.08 2805.32 4621.8 5088.11 3038.96 1677.2 7564.82 1441.8 2900.02 1204.87 3101.05 5926.69 2630.78 4581.88 3215.52 3031.34 768.375 6983.87 199.249 4419.56 3280.14 5973.69 2867.23 3744.89 6620.07 1347.33 5555.39 2317.28 4154.71 3069.67 5243.14 5105.33 4733.34 5148.13 3084.62 2234.03 1467.11 4886.92 5606.03 6604.01 2876.96 5427.96 4541.89 2566.32 1822.58 4066.07 3720.66 4791.5 1866.01 3700.95 2755.36 
7433.4 7376.21 3660.51 2343.03 1819.45 5437.88 6832.9 4420 4440.46 4250.75 7525.49 4883.65 3305.06 5009.15 7689.53 390.128 3070.02 690.507 8273.57 9143.27 8006.53 2754.09 6478.92 3209.14 3885 3238.3 7709.12 2942.6 4930.77 6056.35 4062.47 6044.01 5288.41 6360.01 2424.4 883.912 3996.62 2601.69 3781.9 3225.31 5783.63 4255.41 5191.39 5637.24 1982.85 4515.95 5639.02 6627.35 1443.09 5747.18 1982.52 4948.8 4244.15 2206.56 2362.99 1910.5 7874.27 9093.73 3901.91 7210.61 4060.79 3309.92 744.312 1932.59 7026.84 1111.58 5375.87 3140.25 3863.5 8038.84 6692.84 8474.7 6219.74 4853.72 6124.64 
7672.08 7607.11 3877.69 2549.12 1721.92 5636.64 7029.74 4640.88 4667.17 4174.12 7755.39 4814.08 3519.2 5020.7 7932.35 640.312 3226.39 439.318 8505.07 9360.92 8237.6 2899.45 6713.76 3221.55 4136.79 3438.37 7883.65 3077.22 5162.45 6307.58 4038.38 6276.26 5475.26 6610.12 2640.78 756.637 4191.52 2770.02 3952.85 3461.44 6025.36 4196.34 5436.88 5840.83 2222.72 4631.24 5830.57 6859.3 1193.69 5978 1955.76 5192.3 4440.83 2458.15 2475.42 1941.8 8049.23 9334.08 4131.74 7446.64 4295.32 3378.31 623.699 1750 7240.73 1073.78 5572.02 3356.22 4114.61 8282.06 6874.34 8712.14 6445.17 5006.4 6367.5 
7387.3 6195.26 4127.53 3083.02 1560.13 4004.76 7360.98 4784.14 3276.05 5879.33 6330.39 6505.94 3840.34 6501.51 7543.59 1559.29 4076.2 2072 7089.85 9393.85 8086.22 3845.33 5365.74 1884.3 3478.51 3919 8410.86 1310.61 3812.83 5405.57 2857.01 6160.78 5956.48 5998.41 3051.77 1490.13 4662.12 1072.01 4646.63 2290.2 5724.51 5869.83 5060.84 4232.36 2388.91 2877.67 6253.08 5471.11 2722.81 5899.36 3581.34 4041.91 2818.01 2136.94 731.642 3427.07 8569.51 8032.86 2806.72 7222.64 4248.48 4678.63 2374.03 3504.35 7368.4 2736.42 3928 3673.25 3325.21 7047.16 7360.88 7371.76 6435.9 5785.38 5162.36 
2840.6 4425.12 1808.12 2796.03 5995.8 4312.83 3488.17 1494.66 2951.02 6789.73 4588.62 7159.02 2055.48 6111.01 3016.44 4322.61 3206.28 5384.5 5136.54 4962.31 3566.75 3423.13 3563.2 6161.44 1146.3 2383.15 4766.15 4658.59 2875.43 1929.61 7120.01 1749.17 2813.06 1696.5 2605.78 5407.71 2318.15 4136.28 2878.68 2616.3 1187.27 6578.7 514.296 4275.2 2760.89 5628.94 2850.44 3811.8 6100.01 1572.8 5072.44 2192.76 3855.49 2551.49 4779.13 4623.98 4890.04 5443.01 2759.8 2687.4 1061.51 4488.79 5088.85 6098.2 3150.51 4919.06 4356.33 2111.78 1419.93 4341.9 3806.01 5035.01 2130.63 3498.03 2846.75 
8359.2 5103.58 6139.49 5484.32 3551.79 2578.16 9114.08 6593.48 3052.03 8687.95 5181.83 9313.93 5960.55 9236.99 8347.48 4357.73 6545.43 4790.41 5880.54 10658.1 9186.3 6390.38 4594.13 1933.13 4620.87 6153.13 10317.3 1562.59 3469.54 5638.53 2272.64 7492.21 7970.23 6638.71 5380.98 4087.95 6793.07 2086.14 6957.15 3176.57 6868.13 8676.13 6207.97 2844.17 4719.25 210.238 8185.02 4565.72 5322.38 7308.52 6386.49 4110.6 2036.66 4196.63 2079.64 6208.54 10461.1 7037.78 3021.21 8296.25 5947.94 7360.68 5167.17 6239.37 8885.41 5544.91 2466.41 5818.63 4326.78 6312.98 9280.65 6337.45 7869.97 8074.57 4800.67 
5524.5 7327.67 1627.82 825.409 4433.79 6179.92 4359.38 2333.43 4803.6 3467.33 7493.23 3898.47 1309.24 3191.19 5891.86 2374.97 448.219 3050 8156.06 6832.64 5912.22 160.312 6389.41 5556.23 3181.52 1018.68 5120.79 4687.28 5099.27 5200.24 6500.35 4047.73 2769.3 5000.16 1006.48 3510.1 1591.38 4143.97 1203.54 3627.63 4057.65 3282.07 3669.39 6283.95 1550.48 6226.76 3144.79 6606 3541.98 3738.37 1860.24 4738.03 5162.02 2165.18 4343.85 1421.72 5286.98 8666.86 4293.44 5244.62 2336.17 1297.11 2509.12 3103.87 4705.61 2099.74 6163.29 1240.36 3378 7554.93 4133.21 8174.35 4084.42 2227.67 5797.77 
8289.71 5552.03 5733.34 4947.9 2759.37 3031.17 8820.36 6255.12 3149.41 7955.94 5647.45 8587.93 5518.81 8580.47 8325.88 3651.97 5997.07 4018.52 6374.65 10523.6 9088.42 5813.2 4939.61 1218.4 4420.1 5678.95 9982.95 995.389 3636.76 5729.37 1808.54 7307.7 7585.38 6637.54 4865.76 3305.78 6359.28 1571.78 6466.88 2948.85 6728.16 7955.94 6054.17 3301.06 4190.87 940.691 7827.88 4948.5 4533.98 7098.76 5670.28 4192 2197.38 3727.01 1363.67 5518.38 10132.3 7491.31 2977.55 8196.74 5630.21 6730.18 4417.75 5465.4 8661.7 4814.65 2923.44 5366.95 4151.73 6686.97 8935.79 6792.13 7660.29 7599.95 5035.4 
8226.57 5051.46 5984.8 5330.23 3463.83 2520.52 8964.03 6440.85 2932.06 8553.13 5133.9 9177.59 5805.39 9089.82 8220 4219.3 6391.53 4670.47 5840.42 10519.9 9051.14 6237.73 4518.95 1889.15 4474.65 5997.91 10165.4 1415.98 3360.74 5522.94 2296.3 7348.88 7816.25 6512.57 5226.34 3974.52 6638.02 1933.73 6802.01 3026.96 6728.16 8538.67 6066.47 2788.69 4565.08 233.452 8031.97 4498.14 5213.6 7163.25 6248.85 3991.45 1919.71 4041.48 1947.97 6066.44 10309.5 6988.77 2885.13 8160.61 5795.97 7211.36 5038.34 6119.77 8739.63 5410.7 2409.17 5663.4 4182.07 6245.85 9128.21 6288.15 7724.9 7919.32 4705.58 
8478.57 5062.9 6343.53 5713.05 3782.76 2556.33 9289.74 6782.51 3147.7 8937.84 5134.01 9563.62 6171.88 9480.95 8453.51 4606.92 6775.05 5038.3 5818.81 10792.3 9312.24 6624.63 4594.92 2130.38 4783.77 6370.28 10501.4 1807.1 3539.27 5718.51 2386.63 7643.36 8167.5 6742.48 5606.35 4333.52 7001.72 2321.75 7176.38 3354.18 7009.09 8925.61 6354.04 2816.84 4947.75 269.258 8376.07 4552.9 5565.55 7466.3 6635.91 4201.2 2131.78 4416.54 2329.64 6456.35 10643.8 6989.28 3156.36 8423.88 6133.65 7601.9 5416.98 6487.05 9044.39 5794.83 2444.77 6032.06 4484.87 6296.41 9467.92 6290.2 8026.81 8289.93 4838.85 
8247.21 6714.05 4985.51 3888.55 1001.7 4362.4 8224.99 5652.91 3879.65 6247.63 6837.84 6890.94 4688.75 7061.35 8392.31 2129.6 4840.04 2233.79 7594.8 10267.6 8954.36 4581.7 5939.98 1157.41 4321.13 4748.43 9258.7 1471.36 4422.95 6168.99 2068.26 7033.14 6801.86 6822.15 3876.04 1495.76 5500.73 1575.37 5450.3 3048.21 6588.13 6277.62 5921.19 4612.86 3227.96 2748.24 7106.17 6017.71 2706.01 6772.89 4030.31 4744.22 3238.18 3009.47 865.852 3960.43 9418.5 8601.69 3470 8087.7 5122.21 5314 2699.81 3665.09 8241.75 3150.02 4271.42 4520.2 4148.93 7661.65 8210.73 7923.41 7310.01 6582.67 5817.23 
2041.2 5366.06 1900.42 3214.98 6914.69 5544.91 2245.89 1170.85 4204.38 6704.58 5521.97 6971.32 2260.2 5712.38 2390.19 5058.31 3208.88 6064.46 5973.58 3834.01 2574.37 3516.89 4584.16 7276.35 2358.66 2490.64 3536 5827.18 4098.88 2707.49 8250.14 610.983 1900.32 1870.03 3071.68 6218.89 2035.41 5283.15 2624.82 3821.58 686.222 6455.65 912.688 5491.76 3459.62 6870.23 1805.69 4835.92 6725.61 340.588 5353.4 3390.94 5111.72 3450.13 5882.11 4906.33 3653.22 6063.01 4013.6 1787.57 1375.68 4380.56 5672.54 6530.19 1906.46 5403.38 5593.33 2394.1 2654.52 5017.81 2620.69 5770.22 898.721 2823.35 3844.13 
3541.93 4359.5 1730.72 2392.68 5313.2 3860.91 4050.31 1730.12 2441.35 6532.44 4525.85 6951.9 1862.07 6038.22 3700 3710.22 3011.26 4782.35 5144.33 5656.59 4271.21 3163.62 3444.2 5457.85 475.079 2202.29 5298.73 3964.06 2474.55 2152.32 6418.43 2425.47 3154.58 2260.09 2189.29 4757.98 2368.65 3435.83 2853.23 1937.24 1892.12 6344.76 1218.03 3860.05 2204.36 4989.44 3266.63 3680.61 5513.11 2219.23 4656.19 1884.81 3270.31 1905.15 4074.43 4217.31 5432.07 5602.26 2165.36 3392.29 1104.76 4294.24 4529.82 5593.89 3792.26 4407.32 3890.62 1861.32 783.901 4490.28 4298.02 5123.28 2781.46 3666.13 2787.42 
6429.82 8657.44 2776.27 2142.94 5005.68 7479.82 4787.74 3348.61 6122.59 2225.24 8823.21 2591.14 2528.75 1926.76 6846.06 3114.39 1370.04 3396.12 9480.08 7376.1 6680.01 1210.37 7720.23 6398.39 4507.28 2194.4 5242.54 5761.95 6430.12 6470.01 7282.86 4969.71 3250.55 6159.59 2334.37 4038.03 2461.42 5255.24 1879.26 4922.78 5121.41 2003.02 4831.12 7593.82 2805.16 7343.8 3632.33 7938.27 3633.25 4672.31 1555.89 6070.67 6427.25 3438.79 5330.23 1361.91 5405.67 9960.92 5603.76 6126.12 3522.78 145.602 2795.78 2835.37 5320.08 2287.79 7458.15 2504.16 4710.52 8849.37 4394.83 9484.52 4907.02 2341.84 7119.66 
7693.44 8746.43 3759 2524.8 3350.58 7066.01 6469.2 4500.71 5904.68 2422.17 8904.98 3057.91 3406.02 3371.47 8043.16 1946.54 2569.71 1680.24 9626.8 8993 8098.7 2214.72 7814.99 4970.49 4821.49 3170.77 7079.39 4753.79 6334.61 7003.21 5748.33 6220.51 4877.67 7012.31 2712.88 2418.28 3774.57 4366.6 3323.43 4638.64 6172.07 2438.22 5709.68 7238.71 2728.83 6338.34 5262.41 7995.91 1733.58 5910.54 377.359 6186.84 5897.05 3266.02 4189.71 766.551 7244.89 10314.1 5353.18 7420.17 4399.32 2058.83 1140.7 947.048 6874.6 728.011 7016.89 3289.56 4911.72 9218.29 6163.32 9748.07 6270.34 4128.66 7344.44 
8893.31 7284.64 5563.69 4410.91 743.303 4877.56 8808.78 6250.16 4494.91 6381.54 7403.14 7031.02 5254.04 7340.74 9043.47 2527.15 5314.48 2352.13 8156.52 10892.7 9593.08 5033.7 6535.51 1051.9 4973.3 5290.04 9813.69 2005.84 5037.24 6819.3 1722.85 7664.29 7356.97 7477.17 4417.44 1607.98 6050.26 2200.57 5960.08 3700.72 7231.49 6441.99 6566.86 5135.68 3790.51 3037.12 7672.11 6602.28 2653.45 7399.85 4264.56 5383.43 3796.38 3622.71 1470.31 4259.87 9975.06 9188.28 4103.95 8729.83 5737.08 5672.08 2897.74 3696.76 8852.23 3387.23 4781.14 5084.22 4803.68 8267.83 8770.05 8504.3 7932.29 7080.71 6440.94 
4997.7 8130.49 2071.35 2394.37 6196.42 7449.3 3115.2 2277.02 6012.4 3642.16 8296.08 3796.84 2053.53 2456.01 5453.41 4146.54 1365.65 4737.64 8873.89 5713.5 5130.55 1633.71 7230.16 7317.72 4099.56 1772.29 3566.99 6357.08 6187.77 5663.59 8269.15 3609.43 1649.76 5086.27 2484.85 5258.37 1435.9 5794.24 973.242 4993.62 3935.94 3360.25 3836.42 7505.55 3153.3 7840.83 2011.02 7470.01 5126.45 3343.25 3141.27 5668.67 6565.15 3678.87 6068.65 2818.23 3731.72 9165.26 5569.25 4679.54 2728.37 1547.38 4160.19 4459.16 3707.41 3690.09 7452.92 2147.56 4378.33 8074.29 2702.09 8778.34 3450.8 653.758 6547.7 
2096.12 5601.43 1859.73 3195.95 6973.18 5755.43 2037.3 1100.05 4402.66 6569.9 5757.33 6820.15 2225.24 5534.7 2479.52 5082.73 3113.73 6071.88 6207.55 3749.27 2556.33 3433.38 4818.14 7388.57 2522.88 2430 3321.22 5960.55 4311.5 2942.53 8366.09 620.081 1678.15 2085.86 3064.15 6254.25 1916.38 5410.15 2495.14 3974.58 896.27 6315.85 1140.18 5707.01 3491.07 7037.36 1572.04 5069.92 6719.08 310.161 5286.9 3608.56 5296.39 3523.46 5993.41 4842.98 3441.77 6287.36 4194.9 1820.11 1417.78 4253.53 5662.02 6486.05 1757.27 5374.73 5801.94 2369.07 2825.54 5246.5 2392.53 6000.83 787.718 2623.45 4078.35 
4023.05 2802.03 3322.23 3769.04 5670 2511.81 5295.51 3273.61 1329.66 7962.22 2968.11 8424.21 3422.12 7599.43 3977.56 4545.25 4540.5 5595.72 3629.94 6382.01 4874.69 4646.17 1869.36 5290.49 1350 3757.57 6587.75 3693.56 1066.21 1338.1 6155.65 3412.52 4657.21 2266.32 3564.27 5364.35 3963.4 3316.34 4443.43 1820.03 2703.87 7798.53 2146.67 2442.33 3343.32 4219.3 4710.04 2097.55 6351.52 3322.77 5916.32 339.559 2344.38 2814.85 4048.21 5505.35 6703.58 4248.49 1450.31 3998.92 2686.8 5802.11 5492.55 6659.08 4846.79 5494.84 2570.08 3395.36 1169.32 3158.86 5654.1 3690.66 3842.46 5249.24 1285.5 
4245.7 8764.73 3508.92 4427.19 8418.52 8721.45 1676.57 3145.31 7298.5 5509.67 8920.36 5450.01 3712.95 3852.92 4748.91 6351.82 3551.06 7024.88 9355.65 3983.63 3977.75 3875.36 7973.37 9381.36 5295.15 3584.69 1367.19 8235.56 7316.15 6102.75 10356.4 3351.81 1713.04 5148.64 4447.75 7504.83 2872 7658.79 2870.02 6544.65 3998.92 5204.7 4283.65 8712.69 5115.87 9588.16 1623.08 8225.08 7436 3248.95 5443.47 6660.12 8056.61 5506.62 8055.09 5129.23 1517.53 9346.54 6969.4 3935.59 3802.55 3796.87 6457.07 6756.25 2524.38 5995.68 8751.38 3868.46 5611.7 8349.78 1025.52 9118.16 2965.3 1767.82 7235.65 
5571.97 8326.61 2252.04 2160.37 5697.6 7436.16 3794.38 2650.47 6020.91 3023.33 8493.01 3242.38 2120.09 2078.7 6011.46 3685.43 1106.53 4175.28 9106.18 6389.59 5757.51 1239.68 7406.23 6927.19 4208.3 1789.41 4241.56 6085.5 6252.72 5964.33 7857.05 4144.03 2289.65 5500.23 2298.72 4742.75 1746.42 5539.4 1159.74 4915.81 4391.65 2754.36 4203.15 7516.42 2920.43 7617.77 2663.68 7638.27 4513.59 3860.95 2488.09 5795.9 6477.11 3506.29 5739.17 2196.59 4405.42 9477.99 5541.96 5259.29 2979.56 861.278 3585.11 3799.22 4360.33 3097.64 7429.47 2163.93 4459.42 8374.61 3388.64 9052.21 4029.71 1338.21 6754.1 
7860.06 8718.31 3920 2643.27 3067.52 6965.63 6710.38 4673.47 5845.65 2650.62 8874.98 3294.62 3560.69 3673.92 8197.48 1800.14 2791.79 1402.89 9604.32 9216.68 8289.67 2432.63 7792.57 4716.11 4862.52 3345.4 7349.48 4572.31 6291.74 7056.49 5474.63 6392.53 5116.6 7116.42 2821.13 2150.21 3980.26 4210.71 3553.6 4584.16 6313.14 2690.17 5827.95 7146.82 2762.79 6145.54 5499.68 7966.49 1423.02 6082.66 672.086 6179.75 5786.2 3261.93 3990.84 997.246 7515.32 10322.6 5294.62 7592.9 4533.4 2357.73 904.71 715.681 7092.6 601.082 6912.34 3434.72 4933.28 9233.27 6421.12 9743.97 6459.82 4396.69 7345.89 
3596.01 2759.02 6063.04 7017.47 9356.93 4961.01 6111.3 5572.19 4673.67 11058.7 2794.15 11409.9 6327.19 10262 3140.86 8181.3 7471.93 9248.83 2598.87 5560.04 4266.17 7695.23 2909.04 8798.07 4715.26 6651.92 7252.76 7226.67 4146.61 2514.46 9564.48 4395.33 6453.4 2730.75 6817.04 9056.68 6475.22 6936.49 7066.89 5512.43 3898.99 10842 4022.26 4719.43 6806.78 7283.3 6276.54 2994.48 10001.8 4582.14 9289.89 3760.12 5561.02 6383.31 7669.42 8848.6 7292.22 1881.3 5032.87 3854.17 5316.81 8746.23 9086.43 10201.9 5305.49 9016.68 5069.8 6381.89 4697.93 1452.45 6717.44 2059.37 4739.25 7408.54 2729.05 
3513.19 4218.93 1869.55 2526.2 5370.34 3759.26 4115.39 1843.29 2349.55 6672.05 4385.26 7093.07 2004.12 6179.81 3652.97 3802.96 3153.3 4876.94 5002.41 5662.58 4259.32 3304.38 3305.1 5469.38 445.982 2344.38 5372.76 3959.04 2360.76 2019.33 6424.36 2444.93 3260.98 2173.89 2322.15 4834.89 2502.42 3440.13 2992.07 1916.38 1880.03 6485.26 1202.08 3751.61 2316.25 4945.23 3361.62 3542.27 5611.43 2252.91 4785.24 1756.16 3202.58 1990.23 4091.99 4347.75 5503.82 5461.91 2098.81 3375.35 1230 4436.05 4636.09 5710.08 3830.33 4523.28 3791.79 2003.22 729.452 4349.94 4380.37 4981.43 2814.41 3793.48 2645.92 
8198.69 5039.54 5953.18 5299.14 3448.14 2507.99 8933.04 6409.47 2906.82 8526.77 5122.82 9150.87 5773.78 9060.56 8193.08 4192.2 6360.51 4647.59 5830.86 10491 9022.78 6207.07 4502.45 1883.53 4444.33 5966.38 10134.1 1387.08 3337.66 5498.37 2304.26 7319.05 7784.7 6485.94 5195.07 3953.15 6606.4 1903.18 6770.53 2996.08 6698.93 8511.7 6036.97 2776.51 4533.98 248.395 8000.53 4483.18 5193.17 7133.08 6221.87 3966.27 1895.28 4010.01 1922.71 6038.42 10278.2 6977.34 2856.75 8132.17 5764.69 7181.57 5013.43 6096.9 8709.36 5384.54 2396.77 5631.81 4152.02 6230.83 9096.86 6276.7 7694.76 7887.77 4685.09 
10206.8 7440.36 7318.04 6309.69 2801.14 4909.76 10516.8 7928.81 5145.73 8471.51 7521.18 9121.78 7049.5 9449.17 10270.5 4572.72 7285.51 4457.98 8221.19 12381.5 10982.3 7033.31 6892.46 1345.29 6281.56 7143.51 11610 2772.53 5632.17 7719.91 390.512 9141.93 9163.85 8598.24 6278.73 3718.56 7879.66 3290.84 7873.73 4831.25 8605.72 8542.39 7927.78 5177.89 5611.89 2550.49 9446.32 6881.58 4680.95 8910.97 6375.77 6184.64 4187.79 5289.7 2715.97 6360.53 11766.3 9376.74 4951.05 10094 7344.69 7750.74 5009.15 5754.21 10444.1 5497.53 4798.42 6884.91 6038.36 8628.49 10558.1 8676.2 9466.68 9011.6 7024.81 
3838.66 3473.56 2650.02 3121.87 5372.49 2997.23 4807.6 2642.82 1636.15 7312.59 3639.85 7764.7 2746.14 6923.99 3877.83 4060.31 3867.62 5128.64 4289.81 6123.15 4652.96 3980.77 2544.03 5206.12 685.93 3081.83 6085.99 3630.67 1572.58 1622.37 6121.19 3008.07 4050.6 2219.64 2916.06 4969.06 3298.44 3176.3 3770 1598.91 2344.72 7142.91 1709.5 2971.4 2748.75 4403.69 4131.65 2773.46 5880.99 2870.44 5308.64 953.362 2576.61 2270.95 3884.77 4888.36 6210.07 4851.03 1514.86 3761.81 2033.84 5133.55 4974.26 6113.85 4436.39 4936.69 3038.17 2720.83 578.705 3747.03 5118.93 4321.71 3416.86 4596.88 1931.45 
6237.08 5606.29 3008.01 2119.81 2607.26 3760.12 6219.33 3634.64 2674.86 5603.94 5755.9 6187.16 2747.58 5908.59 6410.03 1452.45 3173.45 2429.86 6503.55 8226.21 6924.25 3009.58 4710.1 2970.59 2373.06 2872 7300 1845.45 3160.78 4426.51 3956.37 4994.1 4856.72 4909.51 2039.73 2165.66 3584.69 1294.68 3645.85 1458.36 4570.1 5534.66 3912.61 3937.32 1363.12 3380.53 5136.22 4857.32 3181.59 4731.78 3300.58 3207.05 2593.88 983.514 1607.02 3014.8 7456.23 7334.81 2133 6065.09 3084.57 4007.12 2447.24 3659.41 6205.04 2610.79 3710.66 2586.31 2264.33 6291.53 6248.02 6709.14 5268.49 4783.51 4377.15 
5572.45 8265.86 2198.93 2071.18 5605.28 7356.42 3833.08 2620.31 5943.48 3020.35 8432.28 3257.79 2055.29 2132.14 6007.87 3591.35 1021.08 4087.05 9049.24 6425.08 5772.18 1145.86 7343.7 6832.35 4141.55 1721.92 4304.25 5992.3 6179.94 5917.52 7762.4 4137.29 2313.11 5470.15 2211.99 4651.16 1714 5446.83 1121.61 4832.66 4369.81 2756.32 4167.6 7438.5 2830.07 7525.97 2690.46 7574.81 4431.9 3851.3 2414.79 5729.31 6392.5 3418.44 5644.72 2115.18 4468.57 9430.93 5462.02 5261.34 2931.55 812.158 3497.94 3728.77 4385.03 3012.31 7348.96 2093.9 4389.65 8326.33 3439.26 9000.29 4032.91 1385.14 6695.25 
5572.48 9087.28 3066.2 3347.55 6961.39 8457.42 3342.15 3182.91 7019.89 3465.75 9252.14 3444.89 3061.78 1891.9 6054.83 4955.86 2288.86 5414.21 9810.59 5894.54 5562.32 2488.88 8197.71 8192.88 5096.6 2778.72 3412.52 7307.67 7188.8 6570.27 9126.16 4292 2208.44 5901.61 3456.76 6002.88 2406.84 6751.87 1981.34 5998.54 4722.17 3161.55 4712.22 8512.31 4112.54 8813.97 2481.63 8440.15 5701.03 4060.79 3628.62 6656.76 7570.05 4661.69 6986.64 3399.43 3564.27 10047.9 6577.61 5248.18 3691.68 1944.56 4818.06 4896.06 4076.59 4319.78 8461.28 3155.27 5379.64 8969.75 2786.04 9689.96 4053.6 1213.8 7503.95 
2416.98 3521.38 5269.77 6357.44 9135.1 5328.2 4961.18 4692.21 4714.92 10250.7 3600.69 10558 5570.08 9328.58 1955.02 7744.48 6677.02 8820.09 3590.71 4408.28 3081.57 6933.82 3365.95 8803.6 4249.24 5876 6078.24 7207.31 4241.57 2188.74 9643.47 3338.62 5423.51 1879.28 6166.5 8720.46 5598.02 6837.69 6194.84 5309.11 2941.09 10017.2 3210.56 5119.5 6262.79 7520.6 5214.46 3525.48 9560.07 3559.28 8633.08 3687.41 5692.28 5925.58 7568.34 8183.98 6113.93 3045.32 4961.58 2685.61 4543.21 7921.87 8588.36 9642.74 4142.48 8458.13 5428.85 5649 4310.1 2390.08 5579.29 3113.73 3645.16 6416.93 2928.82 
5420.72 7763.54 1769.55 1471.67 5105.6 6777.38 3944.17 2319.05 5372.98 3251.85 7929.91 3584.02 1560.83 2640.08 5828.42 3062.97 436.578 3649.66 8564.16 6493.82 5708.42 563.028 6834.18 6270.96 3618.89 1220.25 4575.87 5398.12 5627.05 5489.35 7211.03 3953.38 2359.34 5136.39 1616.45 4165.25 1435.9 4850.15 868.332 4244.36 4091.85 3020.15 3811.15 6865.52 2230.09 6927.35 2745.65 7060.72 4066.17 3653.01 2163.15 5203.56 5800 2820.23 5061.91 1789.41 4742.16 8994.58 4883.21 5121.49 2517.54 922.822 3078.25 3477.31 4397.33 2620.31 6767.51 1569.84 3852.4 7885.16 3636 8539.87 3912.08 1628.07 6204.06 
5112.51 4654.3 2413.23 2112.87 3804.94 3241.68 5408.45 2854.12 1888.2 6172.24 4812.92 6695.82 2281.62 6129.44 5251.64 2492.27 3114.39 3546.83 5536.21 7207.42 5841.99 3086.39 3724.14 3894.23 1182.71 2530.02 6583.45 2449.35 2258.87 3224.93 4862.85 3964.09 4226.64 3709.51 1939.61 3365.37 3086.91 1895.26 3340.96 698.713 3464.33 6049.01 2790.79 3349.7 1467.28 3676.33 4441.64 3903.87 4302.15 3730 3988.18 2117.4 2267.16 845.044 2505.21 3612.48 6730.21 6271.78 1359.89 4964.89 2219.64 4226.44 3444.71 4624.29 5270.91 3477.99 3226.14 2162.31 1052.33 5198.47 5541.56 5678.6 4286.21 4407.02 3291.93 
7452.04 4558 5250.9 4676.16 3421.18 2055.43 8191.83 5681.91 2193.17 8115.82 4658.08 8725.03 5088.7 8529.93 7454.19 3778.9 5738.93 4382.39 5393.04 9739.03 8273.2 5610.04 3932.49 2162.34 3694.39 5297.71 9400.9 1012.13 2655.48 4787.74 2814.6 6566.59 7069.29 5750.22 4557.59 3747.67 5914.03 1370.88 6107.48 2254.71 5946.3 8077.88 5284.11 2322.97 3912.88 833.847 7275.69 3943.67 4999.86 6382.01 5796.77 3250 1205.53 3355.15 1657.59 5571.97 9543.54 6495.21 2107.94 7382.21 5032.94 6630 4674.24 5818.33 7958.86 4996.25 1951.44 4952.59 3400.37 5680.32 8367.2 5797.26 6943.49 7212 4040.11 
7156.63 5292.5 4367.15 3576.1 2387.99 2997.87 7496.05 4916.23 2462.93 6824.21 5418.53 7437.53 4143.83 7300.75 7245.87 2483.65 4630.56 3111.03 6176.71 9310.98 7919 4460.41 4514.43 1821.24 3216.6 4300.1 8635.31 388.33 3005.4 4848.31 2764.42 6071.48 6222.06 5607.87 3489.01 2520.52 4984.71 220.227 5088.27 1793.35 5540.08 6792.48 4862.12 3236.33 2815.85 1962.37 6474.57 4592.44 3761.83 5842.77 4506.94 3372.91 1834.8 2350.53 563.205 4297.45 8786.9 7175.97 2087.53 7033.14 4307.35 5420.75 3379.13 4534.86 7384.48 3699.26 2915.29 3990.45 2986.05 6239.39 7585.38 6498.45 6399.98 6220.97 4410.05 
2820.57 5319.52 1181.4 2440.33 6113.41 5132.61 2773.54 626.259 3728.28 6139.68 5482.34 6459.49 1519.08 5317.46 3130.26 4252.81 2570.99 5264.09 6015.06 4616.37 3380.9 2846.05 4462.85 6526.29 1759.15 1791.2 4007.64 5116.45 3716.52 2768.75 7505.6 1417.39 1920.44 2249.56 2286.33 5412.37 1516.44 4560.11 2106.8 3165.88 1251.32 5908.31 941.116 5114.89 2653.47 6247.43 1988.16 4711.6 5932.66 1131.59 4634.41 3062.35 4561.43 2656.56 5131.21 4183.99 4143.1 6262.35 3456.89 2582.89 570.088 3811.59 4883.38 5774.19 2609.46 4631.31 5167.69 1635.18 2074.61 5174.29 3004.08 5888.3 1655.84 2611.74 3744.14 
7989.72 5599.04 5285.77 4458.8 2386.73 3126.31 8410.29 5833.19 3005.63 7456.38 5706.36 8086.44 5058.63 8070.4 8051.76 3144.28 5503.14 3544.64 6449.38 10183.9 8770.86 5313.05 4920.09 1132.83 4076.19 5207.04 9554.08 565.862 3523.21 5536.18 1954.94 6952.45 7140.94 6383.29 4382.99 2847.88 5899.57 1128.94 5988.2 2616.28 6398.01 7452.68 5720.73 3390.93 3706.21 1349.7 7393.71 4954.89 4089.5 6732.03 5165.51 4012.94 2140.21 3264.97 854.751 5009.36 9705.43 7528.11 2752.31 7881.24 5220.01 6221.62 3925.32 4993.8 8283.31 4313.66 3024.98 4903.68 3824.88 6670.61 8504.36 6833.92 7291.51 7124.36 4940.37 
7433.28 10317.5 4272.63 3899.6 6504.81 9252.12 5311.59 4668.84 7878.44 1630.83 10483.9 1480.03 4107.03 208.087 7898.4 4783.77 2982.36 4836.99 11112.8 7868.68 7495.2 2932.32 9388.89 8034.01 6173.44 3767.67 5332.4 7513.2 8161.68 7992.7 8870.05 6066.01 4050.31 7513.22 4081 5551.25 3770.8 7020.43 3189.12 6696.48 6382.05 1332.82 6227.74 9359.08 4586.28 9103.61 4373.2 9615.45 4861.48 5801.4 2891.11 7756.91 8210.51 5217.85 7050.86 2919.88 5475.71 11506.2 7368.39 7111.96 5006.85 1786.76 4259.59 3850.19 6022.89 3763.47 9233.12 4124.33 6402.79 10401.6 4760.27 11073.2 5889.83 2998.42 8754.62 
5713.61 316.228 6302.08 6721.73 7675.94 2437.42 7744.28 6161.05 3009.62 10901.1 248.395 11386.7 6415.86 10594 5413.61 7132.24 7533.05 8089.65 906.697 8037.38 6555.64 7627.14 1127.7 6648.5 4340.66 6751.93 9026.03 5251.84 2534.76 2954.27 7231.17 5786.75 7455 4061.77 6520.32 7674.19 6921.45 5177.31 7424.59 4248.02 5078.79 10752.6 4764.03 2167.49 6209.7 4774.19 7432.07 898.721 8826.44 5818.54 8763.45 2766.03 3464.46 5615.3 5837.69 8379.29 9111.98 2063.42 3550.61 5849.58 5630.21 8787.22 8124.56 9332.82 7100.7 8227.33 2545.68 6389.69 4126.12 1602.06 8225.05 1368.94 6222.87 8163.9 1824.64 
761.183 4639.49 3877.43 5123.38 8464.16 5743.81 3171.2 3189.61 4718.32 8728.46 4763.21 8980.07 4220.36 7666.76 590.339 6796.07 5229.32 7849.51 4980 3131.66 1615.95 5527.48 4138.6 8486.47 3506.57 4483.32 4328.44 6920.33 4386.58 2267.38 9410.87 1614.19 3690.43 1124.5 4955.81 7890.66 4062.54 6449.71 4649.82 4872.39 1451.21 8476.18 1993.31 5599.97 5214.6 7606.17 3451.41 4364.06 8551.85 1879.49 7335.53 3677.64 5732.61 5034.33 7139.05 6885.23 4377.86 4700.34 4766.02 940.479 3230.48 6407.06 7521.7 8463.48 2369.16 7306.16 5824.4 4333.77 3691.21 3832.56 3783.19 4611.04 1866.98 4715.02 3471.31 
4138.18 6985.53 974.166 1790.67 5835.9 6395.45 2787.44 1153.13 4952.35 4478.97 7150.95 4740.85 1074.48 3542.95 4555.44 3777.95 1159.53 4580.75 7726.51 5266.21 4422.89 1518.32 6089.05 6719.41 2994.88 921.141 3630.5 5587.58 5091.19 4522 7696.61 2679.12 1207.39 3998.05 1790.25 4963.27 294.109 5012.12 421.07 4018.97 2886.47 4225.87 2715.29 6435.06 2452.84 6987.88 1574.2 6330.28 5109.72 2384.66 3378.71 4545.12 5579.18 2856.08 5391.2 2963.46 3794.55 8028.95 4540.7 3836.04 1583.45 2167.6 4065.33 4662.1 3146.68 3673.16 6406.54 1217.58 3286.35 6934.28 2606.65 7633.74 2623.45 1062.31 5402.34 
1602.06 4384.8 2805.16 3990.91 7294.85 4977.88 3067.2 2195.45 3794.01 7759.67 4532.39 8060.67 3127.71 6847.48 1717.35 5621.05 4199.26 6677.27 4918.74 3898.53 2411.49 4472.61 3690.64 7377.87 2361.36 3415.41 4350.56 5833.19 3550.06 1730.26 8318.2 1114.63 3045.41 718.679 3815.46 6713.64 3100.74 5340.6 3697.57 3774.78 472.017 7522.77 820.549 4875.46 4044.47 6637.54 2911.53 3937.94 7384.23 1204.2 6234.65 2816.84 4786.02 3857.63 6013.63 5783.42 4440.55 4929.46 3754.74 1522.27 2110.73 5429.77 6360.13 7327.16 2456.52 6160.32 5044.64 3226.02 2572.66 3907.08 3567.37 4672.48 1546.35 3978.87 2957.36 
1799.81 4485.89 2517.82 3703.9 7048.84 4926.93 2990.82 1919.71 3692.18 7478.96 4637.81 7785.69 2839.24 6588.18 1964.69 5350.86 3914.29 6403.66 5059.26 4023.56 2568.5 4185.51 3750 7176.5 2148.88 3127.95 4285.15 5646.04 3485.89 1817.28 8124.54 1034.84 2836.79 947.629 3529.45 6452.32 2826.39 5142.07 3423 3588.16 310 7243.89 549.181 4839.21 3768.98 6503.58 2730 4000.11 7107.21 1051.19 5946.1 2753.63 4668.07 3599.39 5803.88 5494.88 4383.99 5126.53 3614.25 1677.38 1822.22 5149.42 6080.07 7041.14 2445.24 5875.76 4988.48 2937.43 2380.02 4083.94 3454.42 4840.04 1476.65 3742.53 3010.27 
2785.68 4884.27 1456.19 2588.05 6048.49 4734.69 3103.11 1043.17 3347.73 6453.66 5047.34 6798.54 1749.29 5702.72 3033.89 4271.81 2867.75 5312.42 5586 4758.2 3434.6 3113.65 4026.04 6343.82 1430.31 2057.18 4364.4 4886.36 3307.52 2352.87 7315.01 1514 2351.87 1942.4 2412.99 5400.05 1898.42 4343.94 2475.04 2884.02 1126.14 6232.21 610.983 4707.71 2677.11 5944.58 2400.75 4274.81 6006.14 1279.88 4838.62 2640 4214.95 2575.6 4951.01 4387.55 4493.78 5858.21 3111.03 2586.83 722.357 4135.34 4972.26 5924.67 2842.55 4760.11 4773.7 1834.39 1735.4 4764 3383.21 5469.6 1839.84 3042.37 3307.84 
6133.25 9778.16 3756.82 3968.53 7419.34 9137.31 3777.74 3868.98 7702.03 3356.26 9942.9 3207.02 3742.3 1599.06 6624.02 5461.17 2905.58 5824.17 10497.6 6250.51 6056.15 3064.44 8890.01 8728.8 5787.04 3450.8 3624.47 7909.7 7877.72 7251.43 9644.86 4907.65 2821.44 6556.26 4091.22 6453.35 3099.68 7361.59 2663.27 6663.57 5371.28 3051.97 5388 9195.9 4732.96 9435.7 3055.03 9132.64 6038.58 4690.94 3954.06 7349.18 8234.14 5300.76 7561.22 3790.12 3761.08 10719.7 7253.5 5808.97 4384.27 2323.32 5223.89 5155.4 4562.07 4716.29 9139.42 3829.7 6068.31 9646.14 3171.89 10370.7 4641.4 1880.64 8194.99 
7442.72 9325.34 3682.85 2781.53 4673.9 7917.94 5822.04 4316.54 6637.24 1421.27 9489.16 1958.8 3391.18 2041.2 7848.49 3067.52 2282.39 3003.41 10175.4 8413.62 7713.68 2021.81 8384.23 6248.72 5218.67 3077.09 6226.95 5871.85 7002.53 7287.89 7056.98 5974.52 4290.57 7075.87 2987.34 3728.59 3453.71 5424.62 2889.03 5388 6083.03 1305.99 5743.07 8060.62 3288.04 7470.11 4672.1 8588.77 3032.23 5672.97 1072.99 6727.71 6798.57 3911.11 5357.26 1224.13 6387.88 10736.2 6096.36 7143.02 4414.03 1181.06 2436.74 2064.65 6360.03 1955.02 7882.95 3332.22 5381.09 9625.27 5412.82 10224.8 5930.24 3367.33 7830.36 
5393.37 6060.6 1714.79 721.11 3580.64 4696.95 4959.08 2435.28 3363.11 4707.24 6222.8 5222.51 1400.14 4690.86 5656.01 1659.4 1784.04 2690.32 6925.27 7151.03 5973.55 1674.51 5121.04 4327.26 2070.99 1471.46 5967.95 3254.98 3716.19 4263.57 5305.89 4009.81 3511.03 4394.14 622.977 2824.62 2212.06 2691.06 2230.2 2140.37 3747.67 4577.08 3172.27 4817.02 64.0312 4748.56 3818.8 5317.52 3391.47 3716.52 2590.17 3471.31 3650.45 654.599 3005.68 2183.44 6127.94 7568.9 2831.77 5170.93 2024.1 2776.94 2377.6 3432.86 5057.56 2246.11 4674.03 1230.69 2163.33 6469.35 4920.62 7016.1 4204.59 3369.33 4610.1 
5655.24 4336.27 3218.6 2833.88 3581.13 2581.82 6160.28 3634.02 1402.07 6740 4484.7 7293.73 3084.75 6833.69 5738.36 2724.06 3868.66 3690.6 5234.36 7842.72 6428.84 3807.16 3448.96 3328.86 1734.16 3324.35 7356.8 1782.19 1892.35 3404.01 4263.07 4617.85 5022.85 4104.68 2678.54 3346.7 3892.93 1292.48 4136.97 287.924 4054.94 6641.72 3377.69 2729.18 2118.96 2882.31 5227.32 3589 4436.44 4407.29 4480.01 2024.28 1508.81 1489.3 1998.65 4147.01 7500.89 6092 860.93 5540.04 2987.39 4919.4 3718.08 4929.1 5972.2 3853.79 2549.22 2961.44 1484.49 5070.01 6320.46 5454.58 4968.91 5211.38 3165.33 
5550.9 5519.2 2238.97 1480.03 3271.96 3984.7 5447.37 2863.86 2706.62 5352.87 5677.33 5895.4 1990.6 5437.69 5753.61 1680.74 2540.96 2753.78 6402.1 7482.58 6209.19 2435.02 4590.04 3742.53 1824.64 2141.14 6530.28 2543.42 3111.3 3995.06 4728.4 4263.53 4091.19 4330.4 1358.31 2679.18 2830.99 1970.1 2935.52 1447.79 3880.68 5244.62 3241.73 4120.44 726.911 4000.81 4366.02 4768.28 3502.74 3992.82 3134.28 2978.94 2906.42 212.603 2371.71 2772.38 6686 7130.22 2160.09 5363.13 2326.22 3521.72 2599.79 3766.06 5444.78 2613.06 3955.21 1833.71 1804.47 6050.8 5478.19 6542.32 4521.34 4063.56 4150.34 
8229.76 6316.97 5179.04 4181.51 1543.11 3900.17 8389.59 5802.69 3572.02 6793.21 6433.24 7433.12 4908.05 7540.82 8340.53 2582.13 5179.29 2802.64 7185.01 10328.1 8970.09 4946.29 5584.26 798.123 4281.68 5004.5 9470.64 1039.47 4110.44 5983.39 1783.62 7084.01 7022.77 6722.42 4142.76 2074.25 5738.38 1335.22 5743.59 2906.3 6591.3 6812.53 5915.85 4158.43 3472.88 2166.33 7307.71 5642.78 3292.37 6838.87 4546.34 4506.28 2828.21 3155.27 626.498 4444.5 9627.47 8227.98 3220.64 8090.96 5233.81 5751.17 3241.97 4241.9 8347.94 3672.27 3803.84 4743.42 4074.14 7324.46 8418.91 7540.99 7387.83 6883.39 5524.38 
4267.08 5863.59 540.833 1004.99 4790.51 5011.08 3770.37 1224.5 3575.26 5008.88 6029.96 5418.28 384.708 4534.42 4571.09 2844.86 1480.54 3829.7 6667.43 5943.71 4798.39 1633.77 4934.71 5438.01 1723.08 698.57 4832.06 4203.87 3772.7 3656.01 6423.43 2840.74 2395.85 3500.76 840.536 4026.47 1178.81 3626.93 1465.13 2586.27 2671.52 4814.78 2187.9 5069.92 1274.24 5563.2 2668.11 5162.36 4488.13 2539.39 3259.6 3310.59 4151.46 1492.15 4069.95 2809.31 4988.12 7133.82 3133.45 4024.49 890.056 2760.04 3437 4344.94 3846.78 3190.14 5014.96 330.151 1972.31 6022 3780.01 6657.48 3006.83 2495.76 4306.39 
5940.41 7256.9 2000.4 765.572 3798.54 5905.93 4946.31 2758.79 4585.94 3491.62 7420.38 3999.41 1640.27 3536.57 6277.66 1744.85 1082.08 2426.87 8111.21 7375.74 6386.81 768.44 6315.89 4962.99 3176.05 1438.51 5746.07 4183.06 4936.27 5306.27 5895.66 4475.41 3366.48 5246.05 966.023 2873.08 2129.06 3661.11 1817.06 3354.18 4398.51 3354.91 3936.62 6033.19 1231.67 5751.7 3734.5 6518.9 2954.62 4165.81 1514.89 4660.1 4829.25 1865.31 3794.36 1067.75 5912.02 8704.03 4052.28 5675.51 2623.83 1628.9 1905.18 2630.48 5244.29 1537.69 5878.89 1516.48 3320.32 7596.34 4748.26 8175.29 4558.04 2864.49 5774.19 
8370.88 10935.5 5003.7 4398.92 6354.72 9673.6 6315.58 5486.57 8353.74 816.088 11101.1 460.109 4787.24 1149.83 8825.6 4871.23 3627.52 4696.14 11759.1 8882.17 8471.15 3489.14 9997.58 8000.51 6786.2 4448.16 6351.54 7680.64 8685.17 8724.43 8767.27 6972.07 5004.02 8335.01 4596.72 5442.98 4579.62 7233.24 3983.93 7125.06 7236.61 626.418 7024.07 9804.1 5002.44 9278.71 5341.58 10214.1 4562.15 6696.04 2850.35 8346.05 8575.65 5636.49 7159.73 3032.05 6494.07 12226.3 7822.86 8052.33 5750.83 2341.82 4170.43 3487.69 7009.76 3720.55 9643.84 4774.86 6986.16 11115.8 5773.82 11759.3 6824.02 3956.02 9398.54 
3852.53 7890.03 2432.39 3385.85 7411.57 7697.51 1626.93 2111.16 6265.47 5081.39 8049.65 5146.12 2638.56 3636.62 4344.2 5345.8 2580.31 6078.24 8531.13 4222 3809.27 2924.79 7062.2 8321.66 4259.88 2523.89 2096.95 7159.64 6310.79 5257.72 9299.58 2678.54 700.357 4413.22 3393.3 6516.63 1797.89 6582.78 1852.84 5476.53 3226.67 4786.74 3393.77 7700.32 4055.13 8512.86 796.492 7312.73 6540.19 2499.54 4627.25 5677.08 6998.93 4432.03 6986.88 4270.95 2263.38 8623.33 5918.49 3528.3 2759.6 3073.14 5529 5947.01 2324.76 5091.19 7723.12 2795.89 4574.19 7585.44 1176.31 8338.16 2375.92 879.318 6332.66 
5677.33 1612.08 7248.46 7896.82 9282.85 4115.36 8042.7 6947.64 4521.79 12084.8 1500.83 12523 7429.27 11577.2 5269.72 8573.85 8584.78 9575.18 785.175 7783.02 6425.26 8732.84 2438.95 8318.83 5459.5 7769.74 9260.76 6891.63 3999.62 3555.63 8911.26 6165.91 8081.25 4368.07 7690.89 9214.29 7794.75 6774.81 8348.78 5688.7 5534.74 11908.9 5416.01 3845.2 7484.01 6452.51 7980.68 2318.12 10323.6 6279.25 10058.1 4013.29 5100.99 6934.32 7458 9648.69 9319.54 488.365 5032.06 5892.27 6520.93 9868.82 9553.16 10746.1 7293.2 9603.25 4224.28 7435.81 5311.54 1168.67 8601.92 453.431 6568.05 8923.1 2858.34 
5028.37 9299.31 3677.64 4366.06 8222.2 9050.05 2498.04 3482.94 7610.32 4809.41 9458.8 4694.6 3807.16 3087.15 5531.04 6173.95 3381.2 6737.51 9935.4 4825.78 4808.33 3661.11 8470.47 9324.51 5610.57 3610.06 2141.33 8291.5 7684.39 6663.25 10283.2 4015.13 2107.75 5786.95 4425.49 7280.11 2994.01 7719.59 2818.53 6744.43 4608.96 4503.51 4802.54 9064.97 5103.25 9718.52 2162.71 8720.81 7075.65 3868.46 5023 7066.58 8294.7 5568.84 8046.92 4760.01 2273.72 9999.74 7234.64 4711.9 4112.38 3339.06 6150.33 6308.25 3336.65 5664.67 9070.35 3943.67 5920.01 8974.69 1850.68 9732.5 3663.95 1686.8 7741.74 
9170.48 11504.3 5689.18 4948.87 6366.61 10101.9 7157.93 6220.65 8831.67 782.943 11668.8 392.046 5444.24 1993.61 9617.74 5113.83 4286.27 4759.25 12346.1 9729.4 9295.3 4100.79 10563.5 8084.83 7375.7 5110.63 7200.84 7931.15 9196.04 9383.95 8785.12 7754.21 5819.97 9057.87 5152.71 5510.88 5316.14 7524.93 4719.59 7580.38 7984.97 919.674 7735.33 10249.4 5482.5 9518.91 6164.91 10771.7 4491.35 7471.81 3097.69 8906.77 8969.42 6105.75 7370.92 3379.13 7342.72 12866.4 8290.01 8854.16 6436.81 3005.01 4297.45 3410.01 7841.75 3906.98 10064.2 5413.58 7553.44 11754.5 6621.48 12375.5 7624.1 4777.46 9992.74 
8070.87 9246.86 4155.02 2969.46 3656.62 7562.29 6726.32 4878.99 6406.64 2024.85 9405.62 2672.7 3811.15 3193.63 8434.81 2421.43 2891.73 2012.49 10126.3 9280.36 8442.37 2550.08 8314.72 5337.35 5304.2 3554.9 7260.06 5208.78 6836.5 7478 6073.63 6594.04 5146.12 7453.8 3163.7 2764.63 4110.78 4839.02 3621.06 5140.67 6581.25 2086.14 6141.43 7736.92 3218.2 6783.99 5532.49 8496.57 1884.89 6284.73 696.348 6684.11 6390.16 3764.36 4629.58 1147.56 7424.08 10806.3 5855.12 7790.28 4820.26 2168.99 1542.76 872.009 7176.66 1202.21 7512.08 3705.2 5401.79 9708.52 6381.68 10243.8 6620.01 4329.49 7839.29 
8939.49 8859.36 5069.52 3723.24 1830.98 6764.2 8106.12 5840.62 5912.19 3983.39 9003.16 4628.75 4703.67 5255.52 9219.08 1971.22 4193.15 895.6 9758.28 10525 9468.1 3837.67 7983.92 3621.67 5469.96 4569.74 8850.05 4004.25 6424.24 7640.22 4200.24 7517.13 6520.4 7933.33 3848.38 1274.75 5288.68 3834.07 4956.02 4746.5 7309.62 4101.54 6739.09 6986.74 3515.14 5422.33 6892.7 8117.42 214.009 7213.46 2293.14 6498.5 5572.26 3790.12 3355.29 2530.55 9016.47 10623.7 5391.2 8702.01 5553.89 3968.29 1261.94 1239.76 8394.3 1662.08 6689.34 4550 5447.06 9584.26 7881.24 9990.13 7654.7 5907.9 7669.84 
2600.69 7760.06 3916.95 5175.71 9202.01 8275.9 684.763 3238.55 6958.48 7291.76 7900.23 7314.98 4244.01 5752.37 3076.57 7183.37 4609.25 8042.35 8206.2 2023.88 2102.31 4969.35 7101.68 9834.16 5091.66 4278.18 1064.52 8473.26 6827.48 5137.2 10819.2 2359.87 2273.08 4000.01 5116.14 8378.81 3522.78 7910.21 3842.32 6529.96 3083.67 6993.46 3627.74 8206 5695.73 9604.04 1896.94 7347.92 8580.36 2453.26 6775.03 6105.24 7866.85 5890.2 8445.41 6388.51 1097.68 7981.89 6766.39 2346.17 3819.35 5285.47 7535.58 8085.94 960.469 7140.94 8329.53 4414 5396.67 7092.71 1085.59 7873.53 1924.42 3091.47 6369.69 
3092.91 6150.59 1002.4 2332.66 6287.65 5893.59 2277.98 326.956 4468.06 5562.32 6313.2 5826.84 1356.5 4591.48 3490.13 4307.26 2112.56 5238.94 6839.39 4486.42 3465.75 2442.48 5294.01 6908.67 2464.97 1488.52 3404.78 5597.46 4500.18 3581.13 7894.53 1618.05 1121.61 2943.23 2236.52 5499.62 904.71 5025.58 1484.08 3764.27 1805.69 5311.59 1716.8 5891.43 2771.46 6842.55 1268.74 5542.5 5847.61 1314.69 4310.05 3868.71 5241.23 2957.87 5526.12 3871.86 3553.48 7052.84 4146.64 2803.03 983.717 3242.3 4787.24 5539.4 2365.97 4461.71 5922 1520.69 2781.89 5974.78 2361.44 6699.33 1636 1792.34 4575.82 
3716.18 9113.53 6014.22 7277.8 11302.6 10019.6 2784.91 5318.06 8790.46 9087.43 9234.11 9017.59 6344.92 7412.98 4032.38 9285.69 6681.59 10137.4 9400.18 1512.51 2875.43 7039.83 8594.8 11893.7 7038.08 6379.75 2210.97 10492.9 8586.53 6660 12876.4 4168.57 4352.94 5467.62 7218.26 10481.1 5622.28 9938.74 5916.64 8502.35 4833.65 8782.62 5464.66 9915.87 7792.72 11541.4 3986.48 8826.91 10661.7 4348.02 8807.96 7853.08 9746.72 7965.16 10500.5 8437.83 2064.1 8931.62 8664.44 3614.65 5869.26 7251.72 9622.94 10126 2777.14 9217.26 10085.3 6514.74 7328.63 8216.55 3016.17 8975.66 3786 5066 7899.53 
6641.46 4266.2 4407.32 3913.69 3424.68 1972.74 7328.36 4821.62 1539.51 7563.5 4388.83 8152.4 4260.16 7844.74 6666.94 3292.2 4970.81 4058.82 5145.6 8904.23 7450.94 4869.02 3516.48 2589.4 2836.48 4483.86 8538.16 1030.78 2064 4081 3408.24 5716.08 6214.86 4975.79 3780.01 3522 5077.34 960.208 5296.41 1391.19 5107.68 7500.33 4440.46 2203.84 3160.71 1695.23 6416.18 3578.97 4744.27 5526.09 5250.56 2550.33 796.241 2570 1584.46 4980.36 8680.49 6164.97 1315.48 6559.03 4171.14 5931.88 4252.15 5444.16 7101.58 4507.24 1896.21 4129.89 2547.19 5257.46 7505.58 5481.51 6088.02 6387.19 3483.04 
4622.81 3448.9 3022.2 3161.83 4770.26 2410.33 5506.08 3185.12 971.854 7319.87 3609.6 7818.04 3027.61 7125.29 4651.72 3689.82 4055.32 4725.53 4324.47 6905.25 5438.02 4100.78 2513.36 4464.62 1033.92 3339.58 6767.27 2876.26 1136.35 2206.35 5362.7 3764.28 4617.15 2973.16 2965.89 4469.64 3706.21 2454.91 4101.54 920.869 3118.88 7178.75 2468.54 2439.77 2623.6 3623.53 4742.36 2702.07 5480.99 3606.56 5184.53 903.77 1820.6 2038.36 3179.7 4794.52 6897.72 5058.08 734.098 4546.75 2534.44 5262.79 4655.6 5840.8 5182.17 4695.72 2431.01 2959.9 720.278 3993.11 5773.67 4460.77 4161.37 5041.03 2080.62 
4530.54 8013.87 2101.93 2732.51 6663.12 7521.63 2530.32 2095.71 6078.2 4193.63 8177.84 4304.88 2186.73 2871.79 5001.21 4599.41 1791.37 5255.13 8720.67 5130.35 4604.4 2107.37 7137.34 7698.32 4107.07 1971.85 2982.92 6650.36 6202.78 5468.69 8662.94 3200 1144.95 4786.57 2785.48 5741.26 1412.87 6078.85 1177.45 5144.8 3608.49 3904.83 3604.01 7556.83 3463.25 8086.1 1474.11 7382.59 5676.49 2957.85 3720.91 5634.13 6707.64 3930.1 6409.13 3381.95 3148.41 8936.78 5670.56 4208.29 2648.77 2144.01 4688.8 5040.61 3155.65 4232.07 7534.06 2314.82 4404.47 7862.17 2105.45 8587.42 2991.72 98.9949 6432.57 
3771.17 1686.18 5218.75 5993.91 8009.78 3582.99 5993.41 4868.07 3278.08 10142 1786.76 10546.8 5429.15 9531.38 3436.39 6953.88 6590.18 8006.53 1976.49 6051.79 4590.64 6768.05 1547.68 7395.22 3587.1 5767.09 7239.51 5830.63 2745.36 1492.41 8155.6 4084.18 5979.38 2285.69 5788.49 7762.5 5732.27 5560.08 6299.09 4188.9 3437.22 9948.69 3322.77 3351.48 5680.32 5882.49 5881.23 1678.36 8762.31 4184.28 8226.94 2416.96 4152.17 5197.11 6290.2 7798.57 7309.4 2022.99 3663.5 3940.05 4478.45 7878.36 7892.53 9044.78 5278.94 7869.92 3689.78 5453.63 3508.23 936.483 6532.4 1690.09 4496.9 6829.82 1326.39 
1186.63 4324.12 4339.7 5545.13 8731.47 5656.59 3708.83 3680.99 4746.05 9239.65 4436 9504.97 4671.84 8209.59 784.092 7140.12 5714.34 8204.44 4585.77 3398.03 1945.04 6001.74 3918.33 8646 3752.93 4949.27 4835.88 7061.91 4364.06 2185.25 9548.25 2162.06 4244.46 1227.03 5369.49 8203.66 4568.21 6619.28 5160.13 5041.72 1913.24 8991.77 2366.85 5491.08 5580.04 7636.63 4009.6 4128.26 8920.09 2415.99 7784.12 3688.16 5762.02 5349.39 7326.08 7332.97 4876.82 4219.02 4857.32 1437.36 3661.82 6913.3 7903.95 8881.1 2891.71 7712.75 5744.26 4775.45 3900.32 3410.72 4328.63 4180.43 2425.88 5264 3303.41 
8625.48 5580.99 6193.8 5437.99 3145.3 3049.46 9248.16 6695.41 3386.15 8440.91 5663.89 9074.98 5988.73 9080.27 8639.04 4147.44 6489.85 4481.08 6370.28 10890.4 9437.93 6309.75 5038.5 1455.78 4805.26 6157.05 10425.2 1475.26 3838.59 5981.01 1769.18 7692.42 8041.62 6938.31 5351.82 3756.62 6828.07 2046 6949.25 3337.44 7093.3 8445.18 6424.03 3317.98 4678.65 715.891 8275.9 5022.52 4968.88 7493.38 6161.73 4443.57 2388.33 4200.88 1861.72 6015.39 10572.8 7518.62 3284.42 8546.08 6062.58 7230.53 4896.95 5923.46 9063.52 5302.2 2938.25 5839.22 4525.19 6769.96 9380.77 6817.99 8055.59 8079.63 5203.89 
8939.72 6948.04 5799.94 4729.25 1360.15 4482.06 9030.38 6449.37 4265.22 6960.38 7057.83 7608.52 5512.04 7858.45 9056.52 2959.9 5685.37 2923.35 7803 11017.2 9672.48 5426.25 6246.28 433.82 4992.96 5582.49 10082.9 1712.92 4799.39 6701.42 1225.6 7774.68 7627.75 7442.72 4711.53 2171.47 6330.64 2055.72 6292.22 3627.15 7295.62 7010.46 6621.7 4746.84 4056.41 2490.18 7925.67 6292.36 3265.29 7524.02 4800.21 5217.22 3471.31 3797.96 1343.32 4762.02 10241.8 8872.09 3932.19 8796.16 5898.41 6140.03 3443.72 4297.73 9017.94 3918.47 4380.37 5344.53 4790.76 7993.03 9033.21 8180.13 8068.95 7425.97 6217.04 
7236.85 10253.6 4184.17 3902.67 6671.63 9256.05 5071.42 4539.71 7868.2 1918.46 10420 1752.31 4040.79 165.529 7707.2 4901.63 2943.33 5009.37 11037.6 7616.73 7275.28 2928.28 9329.71 8168.62 6121.19 3704.38 5060.36 7596.74 8134.62 7889.89 9019.67 5888.85 3850.88 7373.61 4076.53 5712.38 3651.41 7092.94 3081.85 6705.22 6229.82 1619.66 6102.34 9355.28 4610.69 9180.96 4162.93 9559.44 5066.96 5630.78 3061.14 7708.13 8234.43 5236.99 7151.79 3052.9 5202.16 11403 7366.44 6914.34 4908.54 1816.65 4424.41 4073.59 5796.52 3922.27 9240.49 4069.72 6360.28 10301.8 4509.73 10983.4 5697.6 2801.29 8683.84 
4247.21 1788.32 6090.36 6889.41 8825.25 4121.61 6632.44 5706.65 4046.54 11030.9 1811.08 11429.1 6310.53 10388.4 3842.93 7832.75 7471.25 8879.7 1628.56 6380.2 5000.81 7655.64 2090.6 8116.67 4483.86 6647.13 7839.01 6580.07 3504.13 2368.88 8831.79 4785.33 6755.33 3001.28 6684.14 8615.02 6584.13 6348.94 7158.28 5035.43 4186.29 10834.7 4147.98 3867.47 6575.9 6480.62 6629.45 2125.09 9635.5 4919.81 9123.87 3264.66 4847.37 6087.08 7071.9 8695.44 7895.19 1212.02 4473.18 4463.46 5346.19 8759.05 8777.98 9935.42 5871.81 8762.48 4232.66 6339.42 4400.91 460.977 7203.09 1132.83 5175.35 7642.12 2115.89 
694.622 5637.77 4631.31 5947.81 9497.58 6898.01 2986.13 3880.63 5884.51 9230.64 5747.39 9410.02 4993.25 7987.27 584.123 7741.4 5880.69 8770.96 5867.58 2090.6 761.577 6208.58 5224.15 9606.69 4592.92 5210.61 3901.91 8053.14 5551.67 3414.34 10541.7 2161.13 3979.47 2291.2 5800.09 8872.65 4666.19 7568.86 5216.48 5997.64 2351.62 8959.51 2993.93 6747.21 6142.38 8770.98 3659.19 5438.24 9447.12 2470.99 8067.6 4844.31 6898.24 6034.7 8245.3 7624.1 3908.48 5399.49 5922.16 965.194 4080.01 6957.08 8398.55 9262.16 2141.12 8137.28 6980.58 5128.21 4801.39 4677.88 3637.28 5433.3 2180.48 5030.8 4588.13 
2374.03 3269.57 3426.15 4393.86 7161.58 4068.82 4182.26 2987.34 3064.2 8417.58 3416.96 8778.17 3684.56 7679.39 2258.87 5723.67 4831.98 6799.25 3817.25 4770.17 3245.07 5052.41 2599.42 6975.39 2231.1 4010.49 5462.97 5385.4 2710.3 635.61 7867.1 2228.95 4060.7 568.243 4196.72 6711.07 3875.05 4959.62 4458 3390.81 1540.19 8203.81 1425.24 3932.49 4250.75 5956.68 3970.34 2842.89 7539.21 2290 6672.05 2011.37 4080.91 3904.83 5676.49 6226.93 5550.14 3919 3169.31 2417.79 2678.4 6110.4 6571.41 7640.4 3548.82 6454.04 4147.79 3739.65 2312.49 2854.77 4678.9 3602.57 2661.77 4920.57 1879.84 
5410.97 123.693 6172.46 6657.76 7800.64 2651.21 7491.84 5992.86 3067.91 10847.4 114.018 11319.4 6304.17 10484 5099.07 7166.66 7435.28 8145.31 778.974 7720.01 6246.35 7544.81 1046.9 6837.27 4248.48 6642.6 8767.27 5403.16 2564 2718.27 7451.32 5539.46 7258.27 3791.32 6454.34 7757.27 6776.21 5293.96 7293.28 4275.07 4840.04 10690.5 4559.27 2381.7 6176.93 5012.09 7220.54 868.217 8888.31 5584.88 8743.11 2701.74 3612.48 5596.83 5971.98 8349.66 8849.5 1820.44 3594.73 5556.3 5483.72 8700.57 8154.7 9357.91 6831.05 8236.16 2761.81 6286.81 4053.57 1260.36 7986.17 1120.04 5972.27 7996.56 1664.81 
4493.74 2106.42 6558.93 7383.77 9323.91 4540.7 6949.94 6150.94 4537.66 11514.5 2094.02 11904.9 6787.61 10841.6 4059.19 8341.95 7947.28 9388.81 1727.34 6521.5 5201.33 8138.43 2541.36 8587.14 4985.67 7122.7 8128.13 7061.39 3994.5 2850 9285.39 5149.42 7155.64 3392.02 7178.86 9121.77 7036.51 6841.91 7615.62 5541.96 4581.84 11314.8 4588.35 4280.77 7080.01 6909.59 7012.65 2547.57 10144.6 5302.75 9624 3772.23 5315.42 6594.68 7562.27 9194.05 8175.99 921.358 4973.15 4732.63 5812.58 9234.09 9286.68 10442.9 6166.77 9269.07 4652.36 6820.89 4907.31 800.5 7537.06 1151.09 5523.81 8064.65 2618.19 
8680.2 11283.7 5347.31 4745.97 6608.75 10013.1 6584.93 5821.68 8697.55 965.66 11449.4 368.782 5133.6 1365.28 9138.69 5177.59 3974.34 4960.04 12107.3 9137.88 8762.7 3837.42 10345.8 8275.81 7134.48 4794.27 6571.29 7992.33 9031.31 9069.52 9026.03 7290.82 5305.33 8671.13 4944.1 5710.14 4914.98 7552.09 4320.19 7466.47 7567.01 870.919 7362.91 10145.4 5344.99 9589.55 5636.33 10562.2 4787.54 7017.61 3150.17 8694.1 8910.78 5978.47 7463.12 3352.61 6710.12 12572.6 8165.62 8360.51 6094 2689.39 4448.82 3705.68 7294 4011.28 9982.48 5122.27 7334.26 11462.2 6030.17 12106.8 7133.98 4254.62 9746.73 
