150 75 12
777 335 649 27 763 426 211 429 862 135 22 167 11 373 784 324 413 980 862 281 84 505 313 895 814 364 87 178 403 399 676 12 94 570 467 902 652 280 865 619 31 771 709 856 586 683 528 829 270 715 796 245 921 488 841 500 124 856 227 936 437 407 858 237 818 11 776 763 606 818 369 996 470 499 644 
5.9 5.05 1.39 9.54 7.86 6.69 0.82 5.42 4.64 1.97 5.07 3.55 
4 2 3 4 10 1 5 4 5 6 9 0 11 8 11 1 3 11 9 2 2 10 6 9 6 4 9 6 9 1 7 7 11 11 10 10 1 4 2 2 2 2 2 3 7 11 8 4 4 5 1 6 10 8 0 4 6 1 1 6 6 8 5 7 5 6 4 9 0 0 7 4 9 11 3 11 11 7 3 1 1 9 11 11 11 9 8 2 6 3 9 8 6 4 8 8 6 4 1 11 0 1 10 8 3 9 5 3 10 8 4 9 6 1 5 7 10 0 10 6 1 10 7 10 7 6 7 5 11 3 8 2 4 3 4 6 6 9 0 11 4 11 4 3 3 7 6 9 10 5 
27721.8 59549.4 12492 25948 64936 58234.4 21587.3 4833.22 44149.4 58869.4 61159 61470.6 16140 48944.9 31653.3 45419.2 24324.9 54962.2 66204.8 42415.7 31693.1 27580.1 51178.9 70445 24313 17801.7 33518.1 56905.6 44082.8 33504.9 80290.5 12955.3 12453.5 26521.1 24836.5 57289.2 12297.2 51241 18095.3 37969.7 14962.6 56352.2 14759.7 58066.9 29793.5 68826.9 12965.3 53681.5 61195.5 9904.04 46206.9 37506.5 52307.2 31092.3 56546 41800.5 34929.2 67950.9 41282.6 24858.2 10322.8 35678.6 50594.1 58389.5 21422.7 47478.8 58576.8 17708.8 27487.1 57263.7 23308.6 64606.3 13416.4 20461.2 43905.8 
73661 50160.2 48230 41184.7 27684.7 26016.3 78822.9 53237.6 23553.6 74219.2 51304 80361.7 46246.5 78911.1 74165.3 30802.9 51789 36669.9 58809.9 95852.6 81572.4 50236.4 43037.7 17738.7 34789.7 48036 90533.2 3047.95 28779.3 48821.5 26064.7 63655.3 66691.3 57405.3 40184.2 30386.3 54623.3 7202.78 56029.3 20086.3 57917.5 73913.8 51164.9 28570.1 33537.6 13717.9 69029.4 43513 42898.1 61553.3 51053.3 33583.6 15306.2 28448 9558.77 48961.2 92014.2 69335.4 20997.4 72661.5 46938.3 60048 39623.2 51028.3 77180.6 42934.4 25079.9 44778.6 32147.5 60511.9 80082.5 62437.6 67167.8 67268.6 42966.5 
48259 28140 36793.5 38478.7 51207.1 18216.5 59808 37800.1 5234.5 79945.6 29706.1 84990.9 37034.2 78136.9 47835.8 42494.8 47430.5 52528.9 37030.4 71760.7 56738.9 47894.2 18952.8 45766.5 16560.5 40199.1 72617.7 29851 4494.44 20885.6 54098.1 41488 52031.1 30721 36530 49281.4 43568 26718.7 47721 13647.3 34577 78580 28578.7 18100.3 32897.7 34147.5 52996.7 20620.6 60037.5 40309.3 58343.6 5503.64 15391.2 26870.4 34047.6 54538.2 73848.5 45142.6 7705.84 47941.8 31446 59512.4 52325.2 64321.2 55834.2 53080 18613.2 36412.8 13634.1 34890.1 62954.3 38864.1 45684.7 56837.8 15913.8 
57632.1 68947.3 18454.5 5100.98 36787 55358.6 49307.7 26163.3 42138 38592.4 70578.3 43710.4 14787.2 38874.7 60800.1 16122.7 12218.8 24334.3 77524.2 72988.3 62504.8 9823.44 59539.9 47349.1 28347.1 13473.7 57996.7 38758.4 45660.2 49868.8 56842 43139.3 33770 49794.1 6806.61 27899.3 20925.1 33415 18813.8 29829.2 41838.7 37258.7 36875.1 56618.1 8595.93 54302.3 37306.6 61550.1 30302.6 40065.6 18157.1 42994.2 44651.5 14937.5 35192.8 13823.2 59645 83608.6 36802.3 55095.6 24020.8 19731.2 19698.7 28329 51700.4 16810.7 55096.3 13322.2 29666.5 72551.6 47808.5 78247.1 44297.6 29860 54212.2 
23771.6 31010.3 37873.7 47600.1 74685.3 41371.7 43785.2 33305.4 32368.2 87811.2 32400.2 91380.1 40493.1 80259.1 21858.6 60682.2 51948.1 71438.2 35830.9 47670.7 32461.7 54176.5 25152.5 72238 25703.1 43741.6 56430.9 56288 28386.3 6576.47 80994.4 24497.6 43573.6 6627.22 45625.7 70401.1 42240.4 52230.4 48100 36674.9 18002.5 85659.8 17678.2 39804.5 46083.4 61206.6 42464.7 27480.4 78862.4 25459.4 70379.6 21774.5 42494.8 42495.2 59465.1 65930.9 57219.8 36066.2 33932.9 24690.9 30402.1 64715.1 69250.3 80005.2 37008.6 68139 42227.1 41056.7 26312.2 25658.1 49020.2 33286.6 28692.3 52421.8 18348 
34709.2 20359.3 51704.2 60144.6 81997.6 39071.7 57578.5 47724.7 35186.4 101300 21301.9 105170 54004.9 94580.4 31170.8 70685.9 65596.4 81301 22605.5 57229.7 42759.1 67540.6 18883.1 76462.1 36440.8 57350.2 69882.3 60703.2 29966.6 14702.7 84257.2 38776.9 58247.7 20825.5 58104.7 79158.2 56530.1 57758.5 62298.1 43593.2 32603.8 99283.9 32126.3 36814.4 57438.1 61839.2 57064.6 20297 88848.7 39993 82676.5 26009.4 44247.6 52879.7 65088.9 78334.2 70527.4 21386.2 38721.8 36549.4 44241.7 78461 79911.5 91270.3 50224.5 79462.5 40125.4 54360 35956.8 11303.1 63127.2 19102.4 42785.6 67063.6 15866 
16269.3 59772.4 25276.9 38739.8 77151.1 63690.8 14800 17568.4 50584.6 69740.2 61256.6 71661.2 28936 57821.5 20902.2 58011.5 36603.4 67709.7 65058.8 30016.7 18959.4 40006.1 52604.7 81419.5 32423 30563.5 27735.4 67063 49206.5 33148.9 91187.7 4809.37 17702 22680.8 37571.3 69805.6 24401.8 61589 29695.3 47055.8 12020.4 67047 17216.9 63008.7 42192.2 77519.4 15081.4 55101.5 73998.5 5556.98 58734.1 41992 59824.8 42740.4 67468.5 54382.8 28736.7 64485.4 48882.9 13097.3 21626.1 47009 63398.8 71096.7 10234.3 60275.5 64227.2 30480.3 35362.8 54646.5 19790.9 62383.5 806.226 28157.6 45213.4 
43765.9 39618.4 24186.8 26004.8 46740.2 30054 50190.8 26189.5 15620.5 67825.8 41256.4 72652.1 24216.7 65338 44680.4 33600.1 34615.7 44244.9 48176.9 65773.2 51521.8 35213.2 30207.4 46017.9 4964.88 27354.2 62599.8 30600.7 17345.9 23334.3 55414.8 33712.5 40508.8 28652.7 24000 42573.5 31045.3 25640 34951.5 10026.5 27828.9 66310.3 21079.4 30434.5 21260.8 40196.6 41958.7 32268.4 51782 31805.7 47002.7 13647.3 23117.3 15965.6 32477.7 42943.8 63955.3 54696.3 12103.7 42625.1 19615.6 46841.5 42884.1 54443.5 47573.3 42760.4 30208.1 23563.7 2061.55 43785.8 52493.8 49061.8 37422.6 44415.4 25005 
57142.4 43009.1 33084.7 29203.6 35745.3 25079.9 62425.6 37202.3 13591.2 68119.5 44478.9 73682.4 31753 69175.5 57911.8 27706.5 39568.3 37249 51995.5 79110.3 64922.3 38930.8 34207.2 32781.9 18032.5 34147.5 74416.5 17204.7 18607.5 34277.3 42060.9 46896.6 51110.1 41497.2 27662.2 33646.7 39831.8 12461.5 42274 3383.78 41205.9 67159.7 34439.8 26601.1 22020.4 27955.1 53139.9 35556.3 44680.4 44817.9 45465.7 20255.6 14236.9 15741 19616.3 42177.4 75853.8 60702.3 8276.47 56026.6 30724.7 50028.1 37653.8 49773.3 60486.2 39106.1 24732.4 30519.7 15462.5 50553.7 64061.2 54284.6 50436.6 53019 31555.8 
13064.8 66993.3 45056.4 58516.1 96687.6 77050.6 20673.7 37356.3 65560 86756.8 68200.1 87808 48708.2 72779.2 16307.7 77776.4 55692.5 87505 69986.1 11370.1 4701.06 59203.5 61949.1 99940 49861.5 50197.7 27658.8 84994.4 62968.2 42819.3 109580 21523.2 33951.1 30919.6 57366.5 89530.9 43601 79757.9 48381.1 64510.5 26673.8 83893.4 33426 75829.4 61900.1 93902.8 30252.4 64236.5 93757.7 24239.6 77932.6 55665.2 75463.4 62067.2 86049.5 73676.7 27527.4 65901.8 65016.5 12519.6 41158.8 64969.3 83154.4 90542.5 13300.4 79928.8 77776.9 50267 52442.4 58234.4 26943.6 65903.7 19265.8 44043.3 55117.8 
41434.9 86958 34985.7 44443.8 84475.4 86807.4 15698.4 31126.4 72611 56033 88508.4 55501.4 37119.4 39550.6 46465.7 63804.5 35850.4 70667.2 92802.9 38736 38684.6 39136.8 79100 93916.2 52596.7 35934 12742.4 82317.7 72710.1 60317.6 103682 32689.6 16834.5 50672.5 44598.2 75382.4 28713.9 76548.4 28924.9 65232.6 39231.2 52986.2 42209.2 86687.6 51251 95735.7 15700 81617.7 74866.9 31732 55037.2 66102.7 80286.1 55052.2 80599 51836.8 14277.3 92610.6 69386.6 38345 37713.3 38646.7 65019.5 68184.6 24184.7 60441.5 87119.5 38694.3 55767.1 82685.2 9193.48 90381.1 28775.9 18054.6 71714.8 
55566.6 94282.7 35227.8 39538 76299.7 89434 31488.4 35135.3 75006.7 39470.7 95914 38363.1 35702.2 22308.1 60523.9 56170.9 29080.1 60862.2 101175 56026.1 54414.2 31326.8 85605.4 88409.6 55386.4 33148.9 29808.2 79180.8 76349.7 68514.9 97799.8 43885.4 23249.9 60881.7 40482.1 66727.1 28383.3 73566.4 25024.2 65304.9 48984.2 36412.4 49774.9 89839.1 47151 94040.3 25114.3 88069.6 63685 41923.7 42921.4 70677.1 81000.1 52410.9 76168.2 40703.4 31200.6 102816 70807.5 52334.5 40818.7 26113.8 54900.4 55480.6 39481.9 49914.4 89531.7 36811 58337.4 92234.5 25329.8 99618.6 40942 15183.2 78500 
33602.4 58851.1 5842.09 19263.4 58120.7 54709.1 27828.9 2024.85 40349.6 54664.9 60498.3 57827.5 9503.68 46541.4 37138.3 38583.4 19103.9 48196.5 66125.5 49254.1 38223.2 22022.7 50013 64028.1 20306.2 11661.9 39101.9 50903.5 41041.1 34000 73885.7 18932 15717.8 29261.7 18058 50447.3 8489.99 45180.7 14328.3 32762.2 18910.8 52331 16133.5 54826.4 22963.7 63476.9 17628.4 52458.4 54528.6 15838.2 40289.2 35065.7 47737.8 24539.2 50190.5 35817.6 40598.2 69079.2 36875.1 30931.7 5300.94 31372.9 43939.3 52124.6 28246.2 40993.9 54940.1 10988.2 23430.7 58123.7 28643.5 65125.5 20068.4 20497.8 43020.2 
32390.3 86298.1 57496.6 70414.6 110388 95839.1 25762.4 50303.6 83771.7 90749.1 87487.4 90409.3 60907.6 74456.5 35414.1 90431.2 65049.6 99244.6 89063.2 10163.7 23887.2 68651.7 81250.3 115698 66656.2 61492.8 22475.1 101439 81572.7 61996.9 125495 37810.7 41688.6 50070.7 69698.9 102385 54025.6 95958.8 57380.2 81348.9 44237.7 87720.7 50685.7 94740.3 75224.7 111540 37908.4 83551.2 104725 39803.8 86679.7 74238.1 93440.3 76621.9 101748 82839.7 21225 84311.6 82698.7 31532.8 55534.2 71543.9 94250.4 99805.4 24350.8 90352 96518.7 62593.1 69497.4 77208.9 29064.4 84785.1 34192 49581.5 74357.6 
49994 14115.6 66096.1 73090.6 89169.6 39258.8 73506.3 62844.1 41206.9 114862 13670.4 119107 68030.9 109331 46013.2 80880.2 79621.4 91101.4 9420.19 71405.7 57602.2 81225.1 20402.5 80635.7 48746.9 71429.1 85711.4 65806.2 35828.1 28961.4 87149.4 54740.3 73983.8 36768.1 71029.1 87880 71410.1 64130 77016 52255.1 48464.6 113030 47436.8 36590.3 69309.8 62962.8 72930.1 19825.2 98630.9 55897.5 95007.5 34972.6 48027.7 64021.6 71168.3 90836.7 86311.4 6586.35 46017.9 52086.2 58757.3 92489.7 90561 102372 66036.7 90806.3 40374.5 68168.8 47485.6 4854.89 79093.2 3827.53 58755.3 82510.8 23217.7 
55874.6 13464.8 53505.9 55904.7 63467.9 12419.3 72598.9 53415.8 17159.3 97267.2 14625 102381 54094.1 95481.1 53926.8 58386 64756.5 67763.2 22184 79816.8 64586.8 65304.3 8405.36 53727.6 33251.9 57341.5 85574.6 39351.2 13043 26054.8 60120.2 53189.9 67208.6 37980.3 53955.9 63467.9 60096 38461 64623.9 29779.4 45921.3 95953 41327.2 9868.13 50185.5 36105 67595.9 7558.44 75084.1 52818.6 75368.2 17608.2 21444.1 44032 45113.6 71695.5 86626.6 32761.1 22663.2 56519.2 47468.4 76927.3 68331.6 80446.4 67228.7 69602.1 13534 53590 30634.1 24990.4 76651.2 25802.7 57601.1 73104.1 13823.5 
20707.7 74027 52353.6 65760.6 104459 85030 24648.3 44716.6 73708.2 91715.4 75162.6 92283.5 55969.7 76821.4 23049.5 85283.8 62191.4 94817.1 76466.5 3264.97 11988.3 65757.8 69434.4 108047 58033.2 57221.8 27874.2 93161.5 71030.3 50579.9 117709 29516.9 39592.2 38755.1 64717.4 97111.3 50303.6 87900.5 54696.3 72695.9 34869 88779.5 41612.5 83748.4 69511.7 102097 35756 71664.8 100889 32107.6 84386.3 63745.2 83636.7 69938.5 94140 80233.7 27260.6 71502.5 73214.5 20601 48907 70659.5 90289.8 97196.7 19141.6 86872.6 85775.6 57573.3 60633.7 64560.8 30148 72084.7 26882.9 49126.1 62758.7 
61733.1 18470.8 76823.8 82887.5 95059.8 42480.7 85364.2 74030.3 47941.3 124812 17069.9 129304 78525 120126 57639 88870.8 90037.9 98707.9 9484.72 82682.8 69183.6 91416.1 27459.1 84649 58548.4 81930.8 97564.9 70840.2 42882.3 40131 90127.5 66542 85558.7 48553.6 80833.5 94819.2 82409.3 70040.3 87887.7 59956.2 60169.4 123113 58811.6 39802.6 78500.8 65373.5 84614.1 25914.1 106144 67630.2 104232 43681.8 52968.3 72861.6 76693.2 100203 98156.5 8664.87 53200.8 63887.5 69610.3 102844 98728.3 110729 77889.5 99422.3 43534.4 78531.5 56914.8 16541.2 90932.1 8947.07 70586.1 93857.9 32393.2 
48210.4 16133.5 46185 49729.3 62129.7 17074.2 64459.7 45631.8 14143.9 91504.2 17723.4 96375.6 47047.2 88722.2 46547.3 54504.7 58035.2 64443.6 24994.8 72182.6 56930.9 58857.5 6935.42 54577.7 26170.6 50365.9 77435.4 39203.2 8764.13 18341.2 61953.6 45062.8 59270 30200.2 47722.2 60908.5 52630 37140 57381 25603.1 37795.5 90025.4 33207.4 15230.6 44618.5 39261.7 59562.7 8637.13 71923.6 44679.4 70220.4 10295.6 21949.5 38740.8 44272 66332 78489.3 33460.7 19033.9 48701.6 39856 70475.1 64352.9 76357.4 59136.2 65103.8 18040.5 46680.4 23853.7 23753.9 68529.2 26984.6 49471.8 65466.3 7021.4 
29076.5 83071.6 52252.9 65143.8 105153 91627.3 20501 45101 79296 85945.6 84316.8 85779.8 55651.1 69901.2 32607.5 85167.4 59794.3 93967.3 86263 10259.1 21000.2 63397.5 77640.8 110628 61832.8 56218.1 18352.1 96481.6 77279.6 58199.7 120438 33090.5 36436.4 46292.2 64438 97122.4 48748.3 90969.6 52125.4 76495.8 39728.3 82929.2 46043.1 90614.8 69995.2 106832 32646.6 79988.2 99454.2 34936.1 81471.1 69946.3 88860.9 71470.9 96683.2 77608.9 17310.4 82126.9 78046.7 27818.9 50417.7 66444.7 88975.6 94583.8 19310.4 85086.9 92276.6 57338.5 64720 74532.5 24027.7 82204.9 29313.8 44479.2 70620.8 
62250.9 94645.1 33809.5 33771.7 66798 86542.7 40566 36357.3 72339.8 27577.2 96305.2 27224.4 33005.6 11868 66993.3 47473.5 23294 50731.2 102199 66161.3 62535.3 24303.3 85555 80261.1 53854.3 29820.3 41204.5 72682.3 74508.5 70205.8 89303.1 48975.2 28404.2 64346.7 35205.7 57126 27819.6 67313.1 22584.3 61387.4 52731.1 24523.1 51945.5 87302.8 41320.5 88165.6 31445.3 87922.3 52782.8 46484.4 31940.1 69685.4 77004.2 47261.2 68916.2 30391.6 42693.8 105238 67607.8 59018.8 40697.1 15799.1 44728.2 43982 47750.4 39641.5 86490.3 33616.8 56484.1 94320.3 35077.1 101332 46905.1 17972.5 78839.6 
59220 47670.7 31978.1 26337.2 31705.7 29233.5 62589.5 36923.8 18253.8 64047 49142.8 69722.7 30179.6 65861.4 60333.9 23085.3 36904.9 32586.7 56656.2 80535.5 66711.5 35923.4 38839.8 30566.8 19739.6 32226.2 74213 15929.8 23255.1 37943.8 40169.6 48127.4 50384.9 44338 25000.8 29108.4 38489.6 10396.6 40327.3 6818.36 42912.1 63192.6 36140 30907.9 18840.9 28958.8 52700 40212.6 40026.2 45834.5 41214.7 24512.2 17851.9 12903.5 16823.8 38084.8 75699.7 65285.6 12925.2 57883.5 30680.4 46705.1 33034.1 45158.6 61277.2 34615.7 28800.2 28790.4 17687.6 55056.3 63755.8 58904.2 51409 51380.6 35992.4 
95532.7 68632.1 67136.1 57467.4 25063.9 43311.5 98961.5 73090.6 45016.1 81398.3 69503.5 87882.2 64548.4 90228.6 96154.5 40924.6 67439.6 41031.2 76626.1 117349 103309 65063.2 62847.8 8080.84 56317 65627 110041 21200.2 49943.3 70698.9 4716.99 84973.4 85647 79432.6 57047.8 33514.9 72896.2 26464.3 73079.1 41782.5 79555 81906.1 72777 46008.8 50322.7 20110.2 88395.6 62837.1 44185.2 82693.7 59747.8 55361.5 35557.8 46812.9 21029.7 59227.7 111591 88027.5 42977.3 94421.7 67167.8 72765.9 46221.2 54659.4 98081.4 50927.4 42207.6 62922.2 53860 80276.1 99520.1 81022.3 88263.2 84480.6 63939 
79936.1 63425.3 48463.3 38172.5 13695.3 39902.5 80703.5 54871.5 35196.2 64283.2 64657.4 70661.4 45661.6 71574.9 81229.6 21982.3 48058.5 24626 72224.4 100543 87173.2 45682.6 55731.5 11500.4 40525.5 46513 91346 11005.9 40626.2 58450.8 21245.5 68128.1 66824.3 65310.4 37853 17535.4 53915.7 12200 53809.3 27333.9 63431.5 64424 56713.4 42401.1 31202.1 24456.1 69742 56483.1 29934.8 65603.7 41708 44023.9 28650.3 28355.1 4964.88 40624.1 92925.2 82330.3 31227.1 78439.8 49331.5 53665.6 28790.3 39092.3 80525.6 32997 38997.9 44000 38643.2 72985 80837.2 75535.8 71043.6 65195.9 54623.4 
69187.6 38202.7 50734.7 46867.5 40425 13381 78498.5 54165.1 15795.3 83828.5 39225.5 89715.7 49595.6 86458.9 68862.5 41023.9 57354 48307.6 46613.5 92474.1 77581.8 56513.4 31964 28955.8 33273.7 52046.5 90916.4 15728 19845.7 41552.4 35486.5 61342.5 68351.8 51748.7 45427.4 42546.6 57558.7 17170.3 60169.9 20056.9 54799.5 83194.1 48374.1 16007.8 39443.8 13160.5 70083.4 32040 54945.9 59747.6 60694.2 26331 5658.62 33363.6 22132.6 57994 92277.5 57563.4 16424.7 68723.6 47575.8 67309 50522.3 62350.1 75515.9 53201.7 12397.6 48399.4 30158.2 49424 80762.4 50589 65309.3 70830.8 33345.8 
30991.9 75498.7 27145 38756.9 79266.9 76333.3 7700 21651.8 62349.1 59402.4 77038.8 60091.3 30008.3 44922.2 36000.1 58800.2 32244.4 66928.3 81268.2 33700.6 29739.7 35826.5 67762.5 86916.6 42555.4 29774.1 15786.7 74241.8 62054.9 48833 96767.8 21169.8 9080.2 39138.9 38419.4 70702.5 22116.5 68499.6 24600.8 55992.3 27699.1 56468.5 30941.4 76058.5 44638.7 86802 5860.03 70280.2 72052.8 20203.2 53695.8 55252.3 70536.5 47443.5 73227.4 49883.9 17340.4 81126.3 59520.2 27793.7 28153.9 38806.2 61696.7 66830.3 14807.1 57601.4 76709.6 31698.6 45729.9 71151.2 5269.72 78840.9 17366.6 16935.8 60361.9 
67763.2 82166.3 28639.8 17415.2 38486 67601.8 55097.4 35843.1 54892.3 25655 83792.2 31171.3 25251.7 29461.3 71407.7 20135.8 16137.2 22419 90772.7 80333.8 71567.2 12632.1 72764.1 52805 41562.1 22613.5 61436.9 47659.2 58666.9 62861.8 61458.6 52996.7 39176 61922 19449.4 28808.7 28263.9 42974.5 23634.9 42351.5 52931.7 24643.5 48708.3 69045.6 21533.7 63628.4 43021.5 74746.8 25371.2 49902.7 6113.1 56234.6 56407.5 27662.6 42837.8 2202.27 63096.8 96840.7 49458.1 64964.8 35425.6 12605.2 16421 19037.3 59168.4 11381.1 67247.7 24272 42931.7 85770.2 52129.5 91510.1 53313.5 31907.5 67477.5 
70994.1 67242.3 34956.7 22779.8 17949.4 47589.6 67314.6 42223.5 37815.5 48437.3 68715.4 54645.2 31644.3 54548.5 73206.9 5063.6 31761.6 13017.7 76226.6 89330.2 77232.4 29068.9 58361.8 28217.7 33903.7 31683.4 76933.2 23182.1 42811.8 55172.5 37462.1 57623.8 52413.8 59095.3 23020.2 10989.5 39331.4 19387.1 38187.2 25893.6 54326.6 48247.4 48082.9 49590.4 17236.3 39100.4 55690.9 59777.3 20500 54769.1 25349.2 43386.6 35651.9 17593.5 17836.2 23735.6 78560.4 84669.4 32490.2 68970.5 37822 36557.1 14140 26113.8 68445.1 17102.6 46969.1 29942.9 33301.7 74243.7 66558.6 78385 59794.5 49383.4 55098.6 
61081.6 46695.3 34832.3 29217.1 31384.4 27128 65205.6 39629.5 17240.9 66417.2 48120.3 72168.8 33084.1 68606.9 62005.9 24749.1 39800.5 33753.5 55682.1 82717.9 68722.1 38767.5 38097 28677.5 21700.2 35151.1 76927.5 13505.9 22487.6 38699.9 38118.9 50370 53194.5 45738.9 27906.5 29693.3 41378.3 8300.6 43253.9 7589.47 44942 65638.5 38161.9 28951.9 21683.4 26050 55456.3 39314.6 41074.2 48158.2 43457.8 24620.3 15469.3 15815.5 15276.5 40473.4 78403.1 64701.3 12272.3 59855.9 33317 49460.5 34658.6 46773.2 63696.5 36560.4 26622.2 31705.2 19379.4 54694.9 66489.2 58192.9 53755.2 54297.7 35789.7 
14447.5 66051.2 35226.4 48621.5 87568.5 72669.3 11738 27617.6 60104.1 76349.7 67421.4 77544.1 38834.6 62727.1 19379.4 68203 45299.1 77680.4 70307.7 19635.2 11720.1 48833.7 59781.4 91947.2 42662 40096 22294.6 77502.1 58250.7 40129.9 101706 13845.2 23479.8 28501.2 47594.3 80062.5 33282.6 72064.2 37926.9 57356.9 20573 73507 26797.8 71769.6 52509 87593.9 19829.5 62211.3 83755.8 15839.8 67537 50933.8 69620.8 53254.1 77997.6 63316.7 22774.1 68007.7 58798.6 11704.7 32117.4 54467 73155 80230.9 3280.24 69778.6 73282.3 40444.7 45511 59114.3 18245.5 66921.4 10265 33678.6 52547.6 
33847.9 22351.1 53100.8 61948.7 84556.8 41775.7 57413 48803.5 37894.2 102868 23166.4 106621 55523.7 95742.7 30037.5 72958.3 67081.4 83605.9 23703.6 55862.8 41653 69127.4 21505.8 79176.8 38497 58840.1 69527 63399.8 32693.9 16552.9 86997.5 38965.9 58834.4 21214.4 59920.4 81587.3 57702.7 60401.5 63529 46111.2 33103.8 100800 33172.4 39497.5 59479.2 64586.4 57480.8 22821.9 91145.4 40376.4 84568.7 28600.7 46993 55061.9 67736.6 80197.4 70112 21009 41358.6 35883.3 45621.3 79918.1 82103.5 93375.6 49851.5 81545.7 42833.9 55947.3 38160.2 11900 63111.4 19643.1 42840.4 67885.2 18612.4 
43139.3 18006.9 61751.8 69726.9 88927 41620.3 67077.3 57911.8 41102.4 111152 18157.1 115137 63951.5 104732 39056.5 79097.4 75559 89555.9 15973.1 64344.2 50622.2 77399.7 21388.3 81729.6 45658.1 67318.1 79115.4 66400.7 35674.2 24534.9 88828 48646.7 68377 30823.5 67673.7 86876.3 66688.8 64136.3 72431.1 51078.4 42680.4 109192 42323.2 39062.1 66570.6 65243.5 67105.9 21648.1 97113.6 50007.3 92061 33380.8 49025.1 61665 71355 87779.8 79668.4 11321.7 45412 45329.6 54310.4 88437.2 88562.4 100149 59446.2 88425 42732.9 64238.5 44811.6 4622.77 72800.6 10846.7 52533.6 77258.3 21850.9 
73256.3 60276.4 41407.4 31402.5 16966.4 38234.1 73631 47800.6 31166.2 60385.8 61615.9 66625.1 38643 66300.1 74708.6 17065.8 41504.7 22541.1 69211.7 93597.5 80362.2 39312.6 52046.3 18417.4 34002.6 39582.8 84304.7 11363.5 36554.8 52876.5 28240.6 61211.9 59800.1 59080 30974.3 16726.3 46929.7 8905.05 47003.2 21659.2 56676.8 60241.6 49998.5 40522.2 24267.1 27144.8 62690.7 53063.4 29066.3 58648.9 37345.1 39041.5 26383.7 21284 5900 35672.1 85880 78725 26573.1 71677.1 42291.6 47931 25457.8 36837.6 73493.2 28974.8 37460.6 36990 32336.4 68934.8 73792.2 72087.8 64061.4 58406.2 50149.6 
25277.1 78848.3 54567.4 67847.3 107109 89404.3 24897.4 47054.5 77816.5 91739.7 79997.8 91961.4 58123.4 76268.5 27868.6 87610.8 63578.4 96893 81360.7 2332.38 16584.9 67173.9 74124.3 111331 61591 59126.1 25730.3 96655.5 75302.3 55127.2 121050 32794.7 40519.1 43248.4 66924.7 99507.3 51957 91308.5 55977.2 76296.9 38616.7 88761.4 45281.6 88182.7 72011.8 106015 36655.3 76377 102754 35171 85634.4 67991.5 87664.4 72804.5 97392.6 81589.3 24870.9 76400.6 77116.7 24869.7 51673.3 71327.8 92181.6 98592.6 20906 88575.7 90128.2 59766 64287.2 69462.2 29681.6 76992.1 29724.9 49510.1 67376.9 
85241.6 56902.2 59747.8 51773.1 28306.4 31605.7 90644.8 64988.7 33567.8 81231.6 57807 87582.5 57580.6 87801.4 85558.5 38388.1 62236.7 41584.3 64999.8 107633 93253.7 60348.4 51039.3 11819.1 46613.8 59153.1 102265 12348.3 38343.7 59435.8 16443.8 75493.6 78273.9 68644.2 50981.6 34335.1 65987.3 18117.7 67010.8 31900 69672.4 81298.1 62938.2 34307.1 44223.3 9353.61 80709.4 51035.8 46466.5 73413.9 58482.9 44050.5 23875.7 39654.8 15605.1 57084.2 103759 76302.4 32034 84335.6 58742.9 69387.7 45773.9 56004.5 89049.8 49862.3 30510.5 56055.1 43914.1 68469 91791.1 69300.6 79030.2 78353.4 52240.3 
50308.6 75823.8 15134.4 15575.6 53926.8 67259.6 35356.6 19759 53021.2 35994 77487.8 38916.6 13775.3 28181.2 54464 33320.9 5283.94 39884.1 83636 60811.3 53022.4 8345.06 66619.7 64786.4 34665.5 10510.9 41999 55219.7 55200.1 52353.4 74328 35700.1 19480.5 48176.9 16597.9 44679.4 10733.1 49617.9 4810.41 42273.4 37433.9 33541.8 35040.7 67985.7 23201.9 70179.5 23341.8 68942 44371.7 32733 25700.2 50537.1 57961.5 28650.5 52273.2 21856.3 43663.4 87481.8 48342.6 47284.8 22493.1 12775.8 34300.1 38802.7 39845.3 29881.4 67228.7 14294.8 37215.6 76426.8 32426.1 83147.2 35133.2 12740.5 60104.1 
83917.4 76413.7 47539.5 34780 6500 54364.7 79678.6 54948.4 47119 50728.5 77776.9 57219.7 44108.2 60561.5 86075.9 14712.2 42546.6 10423.5 85369.6 102144 90161.3 39409.8 68020.7 23049.7 46349.2 43780 88776.4 26181.7 52437 67032.9 30295.2 70545.7 64437.6 71680 35334.4 3178.05 51423 25092.8 49576.7 36480.3 67240.2 51316.5 60949.3 56700.8 30008.3 40188.2 67861.7 69136.5 14266.7 67677.2 29719.5 54203.8 42584.6 30438.5 19670.3 30046.8 90422.1 94660.7 42239.6 81905.4 50724.1 44506.7 16032.8 24135 81160.7 21044 53556.4 42421.3 45431.8 84646.3 78537.9 88105.5 72657.9 60385.8 65654 
62667.1 13375.4 61302.2 63221.9 67475.4 13978.6 80255.6 61305.9 23720 104251 13692.7 109499 61797.8 103012 60382.9 64335.1 72308.6 73244.6 20163.6 86497.4 71337.1 72727 13829.3 55993.7 41015.7 65013 93226.9 42861.6 20396.1 33130.8 61330.6 60770.5 75094.1 45013.1 61309.1 68430 67928.3 42929.8 72384.9 36341.8 53504.5 103036 49100.9 11423.7 57217.7 36606.7 75452.8 11747.8 80397.1 60507.2 82033.7 25478.8 25439.5 50964.5 49030.6 78506.4 94250.1 32029.5 29189.4 63515.2 55339 84329.4 74270.1 86393.2 74686.7 75880 14961.6 61242.6 38319.3 26692.3 84415.2 25109.8 65187.8 80971.9 20690.3 
55638.6 50056.4 26185.9 20529.2 33241.7 33856.5 57307.1 31491.7 21371.5 59424.6 51604.7 64911.1 24262.1 60351.1 57164 20667.1 31036.3 31022.1 58966.5 76180.4 62769.4 30200.2 40887.3 34920.6 16567.7 26261.2 68698.5 21300.2 25723.5 36991.5 44707.3 43745.3 44676.8 41892.2 19112.8 28899.8 32605.7 15561.8 34359.4 8704.6 39059.1 58395.9 32378.4 35260.2 13193.9 34905.7 47112.3 42535.3 38579.8 41276.9 37002.8 25277.1 23064.5 7025.67 20969 33539.4 70208.4 66777.6 15861.9 54062.6 25456.8 41195.8 30413.3 42383.5 56441.5 31204.6 33547.7 22848.4 15347 56177 58208.1 60686.7 46772.3 45430.1 37041.7 
25994.6 63471.6 17167.7 30359.2 70031.6 63492.4 15920.1 10044.9 49536.8 59942.1 65049.5 61977.6 20662 48473.7 30450.8 50200.4 27047.4 59407.9 69709.3 37865.2 28506.3 30528.7 55419.3 76001.3 29852 21693.3 27863.2 62576.1 49219.6 37000 85853.9 12067.3 9080.2 28570.1 29473.5 62133.2 14909.1 56900.8 19942.4 43648.1 16673.9 57268.9 18533.5 63222.9 34867.3 74505.8 8158.43 57935.1 65364.9 9687.62 49270.9 42457 57873.1 36559.1 62126.4 44990 29257.6 70614 46833.4 22872.9 16003.1 37184.1 54771 61849.6 16584.6 51346.9 63871.9 22323.5 33015.1 60197.8 17760.9 67723.9 10599.1 18962.1 48057.7 
54328.1 8178.63 55766 59222.5 68628 17525.1 72636.4 54974.2 21666.8 100893 9424.44 105846 56663.4 98335.8 51958.2 62892.4 67641.6 72475.4 17018.8 78107.2 62975.6 68422.9 5440.59 59042.5 35788.3 59983.5 85580 44617.1 16953.2 25038 65388.5 53063.7 68389.5 36824.6 57229.5 68386 62161.2 43578.4 66972.2 34064.9 45827.9 99469.4 41872.8 14885.2 53888.9 41247.8 68480.8 3301.51 79853.7 53002.4 79338.5 19912.3 26711 47875.4 50317.1 75545 86550.4 27446.7 27075.6 55263.5 49335.6 80046.5 72817.6 84903.8 66780.9 73878.3 18643 56297.1 33444 19961.2 77040.6 20488.3 57478.3 74896.9 12657 
41023.5 77329.6 19859.5 28214.4 68280.7 73617.4 21276.3 18312 59203 46188.5 78956 47376 21408.6 33004.4 45758.7 47611.4 19834.6 54807.4 84175.8 47242.4 41716.4 23262.2 68728.5 77774.6 39256.2 19856.7 26960.2 66590.4 60100.2 51519 87513.4 27912.2 7169.38 44186.2 28434.5 59266.3 13096.9 60834.6 12690.5 50537.2 32330.3 43319.5 32784.4 73825.3 35141.1 80507.7 10412 71205.7 59413.3 25600.8 40388.7 54122.5 66004.9 39274.7 64582.7 36764.2 28624.5 85938.6 55398.4 37795.5 24350.2 25188.3 49301.6 53577 27273.8 44922.7 73801.7 22881.7 42323.2 75292.8 17532.8 82642.5 25674.3 3471.31 61573.1 
35114.2 73714.3 19811.6 30480.3 70982 71817.1 15935.5 15961.5 57526.5 52114.5 75315.4 53380.2 22244.3 38960.6 39898.4 50425.5 23612.9 58360 80204.3 41682.9 35714.4 27193.6 65396.7 79293.9 37473.3 21580.8 23689 67218 57900.8 47465 89116.2 22415.4 1772 39331.4 30304.1 62283.2 13994.6 61449.9 15977.8 49916.8 27434.5 49266.6 28778.5 71813.6 36732.5 80446.3 4414.75 67900.3 63425.5 20349.4 45142.6 51533 65013 40064.9 65774.9 41282.6 25320.7 81354.8 54153.1 31877.9 22500.9 30658.9 53087.2 58249.5 21358.8 48969.9 72087.8 23889.1 40628.2 70886.5 13420.1 78368.4 19866.8 9464.14 58112.4 
16101.2 58220.4 24515.3 37963.8 76042.4 62045.5 16404.9 16807.4 48961.2 69827.9 59711.7 71892.5 28182.4 58261.9 20541.2 57057.6 36260.9 66856.6 63583.1 31185.3 19547.4 39610.2 51000.9 80069 30900.6 29960.8 29355.2 65629.3 47561.3 31576.7 89822 3275.67 18280 21255.1 36731.5 68807.7 24075.1 60179.8 29526.4 45558 10404.3 67170.4 15580.1 61360.1 41177.9 75968.2 15922.6 53500 73229.6 4000 58301.4 40344.1 58228.9 41541.5 66121.1 53918.2 30369.1 63175.1 47300.1 13026.9 20488.3 46958.8 62639 70547.1 11799.2 59614.2 62583.8 29689.2 33817.9 53254.1 21260.3 60974.3 1627.88 28630.9 43605.6 
107296 79294.5 77962 67564.3 30893.5 54029.6 110069 84192.9 56711.6 87327.5 80064.3 93825.4 75200.1 97822.7 107961 49647.3 77136 47601.8 86983 128959 115020 74505.9 73995.2 18212.4 68001.8 76028.2 120868 32951.5 61549.7 82471.1 8354.64 96545.4 96361.2 91252.7 67340.6 40385.4 83455 38059.6 83200.5 53537.4 91243.7 88191.7 84463.6 56697.3 60729.7 30338.9 99248.4 73831.8 49122.9 94206.8 66988.1 67114.6 47086.4 57736.1 32105.5 67116.1 122442 98625 54787.8 106145 78425.3 81252.5 53300 59952.1 109481 58281.8 52913.2 73540.5 65598.6 91308.1 110355 91624.1 99750.7 94547.2 75440.4 
72440.7 54010.7 44119.2 35920.1 22811.6 30973.9 75549.9 49722.9 25732.9 67805 55266.7 73968.7 41816.9 72833 73377.1 24382.2 46424.7 30360 62846.6 93889.8 80025 44646.7 46245.5 17304.6 33008 43304.2 86868 3911.52 31158 49526.3 26821.3 61478.2 62675.2 57042.4 35107 24331.1 50226 3087.07 51138.3 18878.8 56229.6 67533.7 49451.8 33376.6 28352.1 19875.9 65245.8 47019.7 36779.3 59163 44656.1 34805.3 19394.1 23881.4 4527.69 42656.9 88391.5 72857.5 21954.5 71176.7 43686.7 54100.4 33185.7 44655.6 74535.6 36494 30135.9 40264.7 30750.8 63498.2 76361.4 66078.7 64724.4 62488.8 45201 
78501.6 54191.2 52102.3 44214.3 25301.4 29495.9 83129.1 57416.7 28328.3 75091.5 55267.5 81354.8 49924.9 80841.8 79053 31814.8 54722 36314.2 62702.5 100572 86366.9 52923.5 47401.7 13118.7 39487.2 51510.2 94671.7 4695.74 33479.1 53721.7 21154 68306.7 70635.5 62315.4 43380.3 29489.8 58331.6 10465.2 59387.9 24827.8 62671.8 74983.5 55907.2 32136.1 36635.1 12580.1 73097.3 47746.2 41964.9 66146.3 52089.9 38457.5 19604.1 32000.2 9013.88 50382.9 96173.6 73479.2 25912.4 77462.3 51219.1 62232.1 39916.4 50803.6 81711 43661 28488.6 48400.4 36913.1 64907.7 84188.7 66538.2 71751 70718.7 47642.8 
39029.5 80207.5 25904.6 35345.4 75545 78496.9 15984.1 22631.8 64187.3 51235.2 81798.4 51687.1 27951.7 36400.5 43981.9 54880.4 27131.2 62096.7 86546.6 41793.9 38247.2 30540.8 71980.3 84749.6 44131.2 26767.5 19759 73168.6 64601.9 53824.3 94523.1 27690.4 8429.12 45195.7 35449.3 66558.6 19543.3 67400.3 19944.9 56341.3 33362.3 48264.8 35233.1 78509.2 42083.4 86709.7 8918.52 74488.3 66627.4 26022.5 47339.6 58230.7 71554.2 45887.8 71420.2 43847.5 21421.7 87318.3 60740.8 35795.1 29134.9 31593 56567.5 60540 23333.5 52143.3 78758.9 29519.5 47278.1 76995.4 10989.5 84549.9 24499 9798.98 64669.6 
91425.4 59315.1 67143 59315.5 33634.1 34163.4 97775.4 72226.7 38748.7 88087.7 60042.1 94483.9 65038.5 95130.3 91486.6 45605.4 69778.9 48071.3 66902.4 114149 99586.3 67876.1 54422.9 15829.4 53340.5 66657.1 109523 19815.7 43089 64681.1 15730.9 82205.9 85641.7 74445.7 58515.8 40660.5 73440.1 25570.5 74534.9 38670 76183 88263.2 69501.4 36796.7 51761 10480.9 88013.5 54093.7 52411.4 80226.8 65539.7 49342.6 28657.5 47129.6 23015.2 64311.2 111003 78598 37986.3 90669.7 65911.8 76819.6 52575.4 62336.2 95932.7 56839.2 33045.6 63526.8 50526.1 71554.9 99071.4 71604.5 85849 85867.6 56501.4 
42400.5 45235.5 18139.7 20366.6 46168.6 36080 45809.3 20873.4 21656.6 62298.1 46888 66955.7 18049.9 59266.3 43993.3 30746.7 28541.2 41503 53617.3 63219.7 49586.8 29295.7 35842.2 47801.7 4365.78 21189.6 57887.1 33176 23503.4 26373.5 57477 30793.8 35072.1 29234.4 18320.8 40841.8 25028.8 27736.3 28797.6 13595.6 25836.8 60675.3 19140.8 36547.1 16643.6 44453.1 36810.9 38000 48920.4 28498.6 42137.2 19321.5 28398.9 12557.5 33909.4 37922.3 59303.4 59472.5 17647.9 40844.7 14294.8 40909.9 39412.9 50518.2 44016.5 38683.6 36186.5 17404 5720.14 48428.2 47600.1 54135.8 34083.7 38425.5 30144 
59288.1 6030.75 63187.7 66728.1 74596.6 21684.3 78920.5 62178.6 28673.5 108361 5768.88 113342 64142.7 105839 56464.6 69922.2 75151.3 79296.5 11910.5 82719.1 67792.1 75939.4 11768.6 63852.6 43280.7 67471.2 91800.9 50188.9 24254.7 31000 69460.6 59319 75395.6 42398.7 64738.3 74916.6 69525.5 49722.6 74403.9 41241.2 52159.9 106957 48645.8 19006.6 61326.7 44801.8 75330.2 9264.99 86601.9 59478.1 86698.7 27411.7 32408.9 55268.5 56168.1 82948.3 92705.4 23769.3 34160.4 60517.8 56661.3 87563.1 79866 91977.2 72704.7 81080.8 22740.7 63794.2 40958.5 19272 83561.1 16883.4 63709.5 82157.2 19121.2 
13689.4 67315.5 46950.3 60412.6 98437.1 77981.1 22546.2 39244.1 66702.7 88748.2 68488.2 89779 50606.3 74720.4 16391.8 79611.6 57672.5 89381.1 70060.7 10307.8 4976.95 61179.1 62513.5 101489 51335.2 52131 29033.1 86465.3 63987.6 43561.9 111103 23217.7 35951.8 31717.7 59243.6 91344 45570.6 81268.6 50372.4 65946.9 28104.4 85882.1 34877.6 76704.2 63712.2 95156.7 32249 64767.9 95664 25995.6 79911.6 56707.3 76656.2 63784.1 87617.4 75649.3 28814.1 65641 66292.2 13587.1 42939.3 66971.8 85062 92505.2 15289.5 81863.4 78726.5 52156.1 53865.8 58237.5 28757.1 65855.4 21124.9 46031.7 55779 
42090.5 76859.5 18453.2 26210.1 66178 72479.8 23194.8 17685.3 58049.6 44605.2 78494.9 46011.4 19743.6 31988.9 46747.2 45507 17681.9 52649.9 83857.3 49104.4 43147.4 21100.9 68151.7 75825.4 38199.6 18002.5 29123.4 64817.9 59116.8 51293.8 85546.2 28608.6 8352.25 44394.8 26496.8 57138.6 11584.9 59071.2 10621.2 49093.1 32614.9 41773.9 32619.3 72756.2 33231.6 78877.7 11921.8 70614.2 57251.2 26145.7 38274.4 53290.2 64634.4 37515.1 62699.9 34622.7 30787.7 85924.7 54120.8 38881.6 23436.1 23245.9 47139 51456.6 28889.1 42760.4 72636.4 21159.6 41224.4 75196.3 19646.9 82471 26655.8 2483.95 61062.3 
36466.4 89534.2 50569.3 62482 102988 95405.9 18449.1 44275.7 82247.5 78168.3 90888.1 77388.5 53607.8 61336 40734.4 82522.2 55607.6 90500.1 93551.4 21428.3 29588 59133.1 83270.3 110201 63476.8 53495.8 9459.39 96939.4 80923 63611.6 120060 36196.4 32796.5 52012.8 62118 94415.3 45838.4 91263.7 48065.2 77757.8 43397 75116 48937.6 94681.6 68242 108556 29449.6 85708.8 95375.7 37197.4 76289.6 73687.2 91296.5 70677.1 96387 72762.8 7907.59 90469.6 80279.8 34442 50358.9 60360.4 85149.9 89489.9 21953.8 80885.7 95948.8 55307.3 66549.2 82134.3 18752.3 89913.3 31876.3 38748.9 76005.9 
71192.3 71734.6 33462.4 20341.6 20771.1 53066.5 65264.5 41046.8 42520.2 42297.6 73250.9 48507.7 29918.9 48764.3 73780 1272.79 27951.7 9802.04 80687 88284.4 76904.2 24901.8 62667.7 33536 36007.2 29316.5 74158.3 29320.5 47289 57823.4 42409.6 57280 49881.2 60610 21108.5 11744.4 36922.9 25402.4 34938.2 30157.3 54712.3 42117.1 48826.7 54962.3 16690.4 45239.1 53357.8 64226 17182.8 54310.3 19220.8 47123.9 41202.9 19190.9 23920.1 17804.5 75806.4 88645.4 37071.4 68954.3 37451.3 31208.3 8683.32 20806 67131.6 11007.3 52497.6 28265.2 35920.2 78010.8 63953.2 82541.2 59036.6 45784.9 58892.4 
52991.4 16514.8 69974.3 76966.6 92505.4 41838.7 76875.2 66669.4 44616.1 118748 15740.7 122997 71918.6 113199 48855.9 84571.9 83510.1 94742.4 9761.66 73897.8 60390.2 85114.3 23724.5 83555.8 52616.1 75316.5 88965.7 68929.2 39278 32812.3 89832.1 58271.9 77685.8 40339.8 74905 91409.5 75262 67435.4 80881 55871 52102.3 116919 51226.8 39146.1 73140 65448.7 76568.7 22900.9 102262 59506.3 98848.6 38707.2 51077.7 67812.2 74406.7 94688.4 89527.2 2961.42 49529.2 55195.1 62627.9 96378.9 94282.8 106123 69293.1 94584.6 42946.6 72058.4 51324.9 8683.32 82540.9 4197.62 62231.9 86293 26978.7 
35565.9 87912.8 47154.6 58918.7 99434.2 92947.5 15388.3 41025 79611.6 74609 89302 73932.7 50135.1 57903.1 40068.2 78936.7 51931.2 86844.1 92229.3 23086.8 29334.3 55449.5 81384.3 106860 60604 49943.7 5842.09 93755.4 78465.3 61736.6 116718 33909.4 29220.5 50316.8 58592.1 90815.5 42286.8 88059.6 44406 74759.9 41165.2 71559.9 46445 92301.8 64772.4 105596 25950.9 83845.2 91684.8 34673.3 72573.9 71279 88518.3 67335.1 93079.8 69052.2 4404.54 89606.1 77481.5 33292.9 47208.6 56652.7 81474.7 85774.2 19956.5 77193.8 93461.5 51831.4 63704.7 80971.1 15120.8 88771.7 29524.4 35033.3 74066.5 
59842.6 82764.1 23401.9 18278.4 50487.6 71822.9 43961.9 28999.3 58024.6 26706 84425.2 30142.3 21079.4 21888.8 63983.2 30748.3 9475.23 34961.1 90893.6 69737.6 62460.6 8561.54 73422.1 63476.1 41245.6 17698 49176.6 56065.1 60873.7 60482.2 72588.2 45221.2 28385.4 57161.6 20055.2 40871.1 20120.1 50800.4 14313.6 46299.2 46726.9 24412.5 43894.5 72851.7 25397 71700.6 32230.7 75641.9 38168.2 42240.4 17938.8 56995.6 61604.2 31626.7 52142.2 15001.3 50824.9 95467.9 52949.9 56817.7 30880.4 3440.93 29017.2 31094.2 49017.2 24083.2 71657.2 20960.9 43410.8 84360.2 40326.8 90805.1 44651.5 19797.5 67280 
34517.2 79532.9 29722.9 40588.2 81066 80032.1 9625.49 24856.8 65964 58108.6 81076 58383.7 32320.9 42876.8 39545.5 60474.5 33227.7 68168.8 85320.2 34996.1 32605.7 36739.6 71758.6 89372.9 46066.3 31709.9 13602.9 77072 65811.9 52873.4 99204.1 25200.4 11177.2 43179.3 40435.3 72292.8 24123 71311.9 25740.6 59224.3 31750.6 55123.2 34904.6 79812.1 46853.1 89954.9 8928.61 74276.5 72975.4 24253.9 54023.1 59076.2 73971.5 50044.5 75799.8 50409.7 15250.2 85140 62988 31360 31434.1 38490.8 62770.2 67216.4 17728.2 58485 80385.7 33980.3 49244.3 75192.1 4031.13 82886.5 21332.1 16572.3 64362.3 
48928.7 27748.3 37556.5 39104.2 51201.6 17410.6 60604 38600 4640.04 80508.4 29300.2 85581.5 37768 78815.5 48455.4 42807.7 48117.6 52778.8 36666.1 72463.6 57425.2 48547.9 18630.1 45481.6 17340.1 40921.6 73417.3 29596.8 3801.32 21349 53733.9 42258.7 52834.2 31338.3 37164.6 49427.6 44338.9 26600.8 48466.5 13911.9 35332.7 79162.4 29358.6 17300 33443.2 33562.2 53802.8 20227.2 60274.8 41094.6 58832 5968.25 14805.4 27376.1 33914.7 55053.8 74646.4 44944.4 7679.19 48640 32239.7 60161.4 52660.8 64678 56607.2 53483.8 17810.1 37131.7 14395.1 34780 63758.7 38609.5 46462.5 57616.8 15902.2 
35731.5 60737.6 4114.61 17520.8 56972.3 55810.8 28507 3800 41400.1 52294.3 62389.9 55470.7 7716.22 44303 39358.5 37164.8 16760.1 46562.6 68123.4 50724.1 40098 19730.7 51815.4 63493.8 21459.7 9500.53 39302.2 50755.2 42358.6 36154.4 73352.4 21000 15301.3 31622.3 16479.4 49082.9 6300.79 45003.1 12028.3 33206.3 21256.5 49962.5 18462.1 56029 21821.3 63729 17670.9 54241.9 52756.5 17900 38103 36598.6 48432.2 23972.7 49741 33648.2 40838.8 71265.7 37692 33001.4 6767.57 29002.8 42154.5 50072.8 29561 39063.5 56000 9323.09 24516.5 60283.4 28789.1 67226.9 21847.7 18906.6 44903.5 
35096 86901.4 45079.5 56753.9 97271.6 91427.8 13630.8 39054.4 77991 72510 88311.1 71910 48024.3 55901.4 39722.3 76758.1 49707.6 84629.1 91396.1 24215.7 29300.2 53222.6 80217.3 104815 58851.1 47786.7 3811.82 91803.5 76953.2 60595.5 114673 32570.7 27056.2 49305 56448.6 88628.8 40131.9 86097 42191.1 72923.6 39839.3 69463.8 44943.7 90829.6 62659.9 103773 23838 82689.8 89454.5 33178.9 70339 69801.8 86808.4 65296.4 91056.2 66816.2 2683.28 89052 75764 32680.6 45295.1 54432.8 79251.1 83539.3 18906.6 74963.3 91924.2 49718.1 61966.8 80242.9 12932.1 88050.1 28161.9 32798.3 72872.8 
16962.3 69452.5 51650.1 65112.8 103017 81291.4 26541.5 43942 70405.2 93156.1 70551 94059.7 55307.5 78865.1 18607.8 84273.8 62350.3 94070.7 71661.6 7922.75 8579.63 65863.5 65156 105812 55580 56838.4 31628.5 90679.5 67480.1 46615.4 115386 27778 40465.4 34946.4 63935 95987.1 50262.1 85543.6 55024.5 70122.5 32342.2 90270.3 39121.5 79913.3 68357.4 99020.8 36722.7 67338.5 100367 30608 84590.9 60254.5 80432 68334.3 91971.1 80337.4 31193.1 66500.7 70216.6 17497.7 47561.5 71530.8 89765.6 97202.7 19749.7 86570.8 82070.8 56853.7 58034.5 59722.4 32533.8 67197.7 25813.6 50433.7 58630.5 
62930.8 98123.6 37583.2 38800.1 72392.3 91037.2 39805.8 39222.6 76739.2 30938 99776.6 29506.1 37181.9 13430.2 67799.7 53032.2 28208.7 56305.7 105453 64765.6 62436.2 29523.7 89158.6 85796.1 57838.1 34146.3 38712.9 77986.8 78668 73130.4 94868.9 50358.8 29492 66532.7 40128 62720 31192.5 72565.3 26475.1 66098.2 54736.2 27894.8 54593.8 91698 46410.8 93374.1 32049.5 91564.5 58244 48088.5 37422.6 73561.2 81774.9 52224.5 74336.1 35970.7 40100.1 107960 72144.6 59685.8 44107.3 21393.7 50303.6 49254.4 47508.3 45213.4 91026.4 37952.7 60582.6 97156.1 33860 104325 47862.4 19654.3 82290 
13013.8 66936.2 42153.2 55598.9 94066.9 75949.5 17577.5 34474.6 64100.3 83518 68196.5 84578.6 45792.6 69576.6 17015.6 74986.1 52566.9 84624.5 70325.7 13306 6158.73 56090.3 61499.4 97705.7 47817.4 47197.5 25350.3 82914.5 61732.4 42124.6 107390 19140 30718.9 30200.2 54493.8 86783 40508.8 77607.3 45220.6 62514 24806.9 80654.9 31475.9 74826.5 59165.6 92213.9 27014.8 63837.6 90809.1 21698.2 74807.6 54403.7 73900.6 59529.2 83786.5 70569.8 25366.3 66779.2 63316.7 11676 38512.6 61750.6 80204.9 87460.4 10062.3 76917.2 76641.6 47371.1 50489.2 58712.3 23925.1 66447 16505.2 40804.9 54520.6 
77802.3 101734 42862.7 36292.7 57260.3 89002.5 58588.8 48091 75798 8502.35 103388 10666.8 40526.5 11321.7 82213.4 41456 28917.8 40561.3 110018 84519.9 79368.1 27324 92345.5 73253.5 60274.2 37160.2 60359.6 69416.5 79132.4 79942.5 81222.7 63530.9 44559.7 76475.2 38282.8 47916.7 39046.6 64835.3 33082 63510.6 65738.4 5557.88 63266.5 90301.1 42283 85400 48126.9 94494.2 40071.6 60678.2 21502.1 75812.9 78054 48624 64350.4 22870.5 61872.9 114880 70487.2 74662.5 50343.8 16043.1 35037.4 29669.7 65037 30313.4 88709.5 40314 62220.6 103766 53600.8 110113 62360.4 34294 86425.6 
91524.2 60796.8 66282.5 58068.2 31283.5 35539.4 97216.9 71560.5 39270 86054.9 61572.1 92468.9 64074 93390 91721.2 43811.4 68463.4 45935.8 68526.3 114057 99602.7 66468.6 55616.7 13423.9 53094.1 65588.1 108833 18876.7 43793.3 65217.5 13503 81978.7 84817.7 74735.9 57339.4 38491.2 72483.1 24643.5 73398.2 38383.9 76085.9 86281.2 69368.9 38202.7 50567.7 11842.3 87271.5 55385.2 50134.3 79928 63619.7 49840.1 29293.3 46139 21475.8 62502 110329 80132.5 38161.9 90683 65316 75204.9 50546 60139.9 95583.7 54884.8 34422.4 62535.3 50353.2 72861.6 98357 73130.4 85546.8 84762.5 57408.9 
56764.1 40254.8 34754.1 31676.5 37901.2 22276.7 63265.2 38403.4 10791.2 70950.5 41708 76480.7 33659.5 71750.8 57284.6 30579.1 41922.8 40029.2 49244.1 79125.3 64722.3 41425.1 31549.6 33723.6 18300.3 36200.6 75444.8 17844 15932.7 32742.6 42730 47130.7 52489 40617.9 30064.8 36236 41578.8 13767.4 44302.8 4079.22 41154.6 69961.8 34442 23741.3 24640 26943.6 54354.8 32829.9 47430.5 45200.1 48341.5 18209.9 11795.8 18309.8 21092.4 45021.1 76851.1 58122.8 5675.39 55805.5 31848.7 52623.4 40527.8 52650.3 60949.6 42006 21965.9 32507.5 15446.7 48098.3 65169.4 51643.5 50820.7 54866.4 29218.1 
4675.47 51709.3 42991.3 55904.4 90510.8 63820.5 30461.3 35697.6 53694 90221.8 52857 92338.5 46547.4 78565.1 728.011 73338.8 55982.3 83752.3 54412.1 25526.7 10907.3 59143.4 47274.5 91184.3 41182.5 48926.3 40851.2 75581.8 50343.3 28992.8 100481 18772.3 38414.7 17748.5 54336.8 84495.3 43983 70807.1 49677.4 55059.4 19375.2 87589.1 25496.1 62328.6 57403.2 82572.8 35529.4 49454 90638 21791.1 77553.9 43277 63837.6 56004 77636.9 73080.8 41115.6 50433.7 54142.5 7902.53 37043.8 67224.4 80224.7 89220.2 22005.7 77812.6 64642.1 47810.5 43161.3 42633.9 36889.7 50301.6 19945.9 48900.1 40814.2 
86162.9 97905.4 47119 35390 38724.3 80562.3 72020 54278.6 69317.2 18515.4 99483.7 24939.3 43715.6 33022 89864.9 28842.5 34217.7 23076.6 106730 97723.1 89700.1 30885.8 88609.5 56127.1 58700.3 41085.9 76772.7 56171.2 73715.1 80466.5 62881.5 71387.5 56342.5 80219.3 37336.3 30491 46418.2 52804.6 41339.2 56681.7 71407.1 19932.4 67077.4 82380.2 37798.7 71708.1 60203.1 90393.9 19920.3 68300.5 12624.2 72364.4 68752.7 43151.1 50159.7 17129.2 78396.2 113657 63803.6 83323.6 53843.6 25842.8 19377.6 9100.55 76810.5 16911.8 80023.6 42687.8 59630.6 102697 68306.4 107986 71528 47758.2 83954.3 
36046.2 86617 42241.2 53538.5 94038.3 90035.5 12258.9 36590.3 76377.2 68490.1 88065.7 67904.7 45045.9 51906.2 40851.2 73462.2 46163.7 81131.1 91458.2 27550.7 31040.9 49646 79622.7 102011 56941.5 44618.9 728.011 89294.3 75600.3 60103 111860 31812.7 23920.7 49125.3 53325 85287.9 36989.9 83561.1 38722.7 70762.8 39046.3 65443.9 43713.8 89548.3 59651.8 101616 20961.2 82115.6 85828.3 32050.6 66550.8 68544.1 84960.3 62544.9 88328.7 63089.2 2262.74 89644.7 73912 33398.5 42980.6 50538.4 75690.5 79748.7 19039.4 71337.9 90490.1 46727 60089 80525.5 9840.73 88331.8 27404.6 29026.4 72236.6 
52709.1 1303.84 59788 64651.8 76496.3 25513.1 73230 58024.6 28999.3 106554 2816.03 111264 61100.3 102899 49697.7 69888.6 72411.7 79723.6 9569.22 75936 61120.4 73511.2 8579.63 67150.9 40546.4 64484.5 86012.6 52646 23894.8 25416.7 73461.3 53682.5 70727.6 36300.1 62616.3 75921.7 65835.3 51416.4 70997.5 40971.8 46655 104978 43749.5 22837.3 59875.4 49205 70383.9 6931.81 87168 54088.1 85549.3 25103.2 34754.1 54095.7 58258 81603 86851.8 19337.3 34218.4 54092 52910.2 85066.9 79756.7 91775.5 66700.1 80528.1 26627.2 60926.6 38607.9 12627 78122.5 12391.1 58024.6 78062.6 14717.7 
90028.1 78048.4 54733 42313.7 1835.76 54638.6 87061.9 61978.8 49402.2 57650 79308.3 64152.7 51400.9 68282.1 91905.4 22420.7 50436.6 17953.6 86887.8 108998 96600.2 47353.2 70157.3 17755.3 51545.4 51293.8 96446.1 25723.5 54827.2 71261.8 23361.9 77069.9 72012.4 76883.3 42714.2 11189.3 58951.3 26422.1 57356.2 40112.5 73326.5 58450 66854.2 57145.4 37000.5 37406.6 75363.2 71014.4 19746.4 74282.3 37432.2 57550.1 43367.4 36555.7 19608.7 37987 98085 96817.4 45015.6 88171 57389.3 52503.8 23813.7 30432.2 88192.7 28886.2 53724.9 49701.6 50241.5 87246.9 86143.3 90077.7 79411.9 68269 68589.6 
59575.6 98325.7 38929.7 42416.6 78070.8 93076.3 35180.1 39150.6 78664.1 38073.9 99960.2 36334.1 39200.1 20298 64547.8 58234.4 31832.8 62301.3 105268 59232.4 58208.1 33777.1 89606.8 90743.6 59168.3 36504.9 32460 82020.7 80133.1 72627.6 100016 48028.8 27411.7 65042.9 43488.4 68437 32143.6 76462.1 28429.7 68718.6 53145.6 35040.8 53893.4 93538.5 50065 97069.7 29241.2 92063.9 64674.7 46082.1 43827.5 74561.5 84431.3 55516.7 78781 41991.5 33752 106968 74367.3 56349.8 44724.6 27291.9 56305.7 56004.5 43302.9 51254.4 93149.2 40228 62082.3 96375.3 28892.2 103747 45045.4 19132.4 82529.3 
23603.8 42984.8 22071.9 32863.7 65037.2 44872.8 33257.9 17441.3 31988.3 72050.3 44573.8 75492.3 24914.7 64348.1 25076.9 48441.5 36186.5 59057.3 49477.3 45620.7 31234.8 38594.6 34931.4 66158.7 15880.8 28053.2 46218 50881.1 30389.6 16772 75648.2 14418 29000.2 12048.7 31010.5 59266.9 26307.8 45818.8 32155.2 30313.4 7683.75 69838.7 1992.49 44195.6 32801.4 59736.9 28672.3 37448.9 66200.7 13473.3 55553.9 23172.8 41547.1 30696.7 52431.4 51053.3 47333.4 51481.3 30846.2 22340.3 14671.1 48869.2 56060.3 66040.1 28769.6 54279.6 45418.9 25663.2 18225.8 40660.7 37206.6 47915 18660.1 37009.5 27553.6 
74334 73762.1 36605.1 23430.3 18194.5 54378.8 68329 44200 44404.6 42507.5 75254.9 48836.5 33050.6 50091.5 76895.3 3901.28 30700.2 6905.07 82735.7 91432.7 80065.3 27540.9 64789.2 32091.4 38850 32383 77091.2 29426 49307.7 60563.5 40624.7 60440.1 52884.1 63600.1 24244 8839.12 39966.2 26016.9 37819 32253.1 57836.3 42554.1 51913.9 56372.4 19828.5 45159.5 56390.2 66273.5 14430.9 57471.8 19825.2 49488 42441.5 22065.6 23629.9 19105 78742.7 90937.3 39019.1 72106.1 40607.9 33099.2 7443.12 19325.9 70268.4 11115.8 53758.7 31402.5 38635 80388.4 66928.4 84747 62197.4 48537.2 61246.4 
76720.8 76071.1 38776.9 25491.2 17219.2 56366.4 70297.4 46408.8 46671.7 41741.2 77553.9 48140.8 35192 50207 79323.5 6403.12 32263.9 4393.18 85050.7 93609.2 82376 28994.5 67137.6 32215.5 41367.9 34383.7 78836.5 30772.2 51624.5 63075.8 40383.8 62762.6 54752.6 66101.2 26407.8 7566.37 41915.2 27700.2 39528.5 34614.4 60253.6 41963.4 54368.8 58408.3 22227.2 46312.4 58305.7 68593 11936.9 59780 19557.6 51923 44408.3 24581.5 24754.2 19418 80492.3 93340.8 41317.4 74466.4 42953.2 33783.1 6236.99 17500 72407.3 10737.8 55720.2 33562.2 41146.1 82820.6 68743.4 87121.4 64451.7 50064 63675 
73873 61952.6 41275.3 30830.2 15601.3 40047.6 73609.8 47841.4 32760.5 58793.3 63303.9 65059.4 38403.4 65015.1 75435.9 15592.9 40762 20720 70898.5 93938.5 80862.2 38453.3 53657.4 18843 34785.1 39190 84108.6 13106.1 38128.3 54055.7 28570.1 61607.8 59564.8 59984.1 30517.7 14901.3 46621.2 10720.1 46466.3 22902 57245.1 58698.3 50608.4 42323.6 23889.1 28776.7 62530.8 54711.1 27228.1 58993.6 35813.4 40419.1 28180.1 21369.4 7316.42 34270.7 85695.1 80328.6 28067.2 72226.4 42484.8 46786.3 23740.3 35043.5 73684 27364.2 39280 36732.5 33252.1 70471.6 73608.8 73717.6 64359 57853.8 51623.6 
28406 44251.2 18081.2 27960.3 59958 43128.3 34881.7 14946.6 29510.2 67897.3 45886.2 71590.2 20554.8 61110.1 30164.4 43226.1 32062.8 53845 51365.4 49623.1 35667.5 34231.3 35632 61614.4 11463 23831.5 47661.5 46585.9 28754.3 19296.1 71200.1 17491.7 28130.6 16965 26057.8 54077.1 23181.5 41362.8 28786.8 26163 11872.7 65787 5142.96 42752 27608.9 56289.4 28504.4 38118 61000.1 15728 50724.4 21927.6 38554.9 25514.9 47791.3 46239.8 48900.4 54430.1 27598 26874 10615.1 44887.9 50888.5 60982 31505.1 49190.6 43563.3 21117.8 14199.3 43419 38060.1 50350.1 21306.3 34980.3 28467.5 
83592 51035.8 61394.9 54843.2 35517.9 25781.6 91140.8 65934.8 30520.3 86879.5 51818.3 93139.3 59605.5 92369.9 83474.8 43577.3 65454.3 47904.1 58805.4 106581 91863 63903.8 45941.3 19331.3 46208.7 61531.3 103173 15625.9 34695.4 56385.3 22726.4 74922.1 79702.3 66387.1 53809.8 40879.5 67930.7 20861.4 69571.5 31765.7 68681.3 86761.3 62079.7 28441.7 47192.5 2102.38 81850.2 45657.2 53223.8 73085.2 63864.9 41106 20366.6 41966.3 20796.4 62085.4 104611 70377.8 30212.1 82962.5 59479.4 73606.8 51671.7 62393.7 88854.1 55449.1 24664.1 58186.3 43267.8 63129.8 92806.5 63374.5 78699.7 80745.7 48006.7 
55245 73276.7 16278.2 8254.09 44337.9 61799.2 43593.8 23334.3 48036 34673.3 74932.3 38984.7 13092.4 31911.9 58918.6 23749.7 4482.19 30500 81560.6 68326.4 59122.2 1603.12 63894.1 55562.3 31815.2 10186.8 51207.9 46872.8 50992.7 52002.4 65003.5 40477.3 27693 50001.6 10064.8 35101 15913.8 41439.7 12035.4 36276.3 40576.5 32820.7 36693.9 62839.5 15504.8 62267.6 31447.9 66060 35419.8 37383.7 18602.4 47380.3 51620.2 21651.8 43438.5 14217.2 52869.8 86668.6 42934.4 52446.2 23361.7 12971.1 25091.2 31038.7 47056.1 20997.4 61632.9 12403.6 33780 75549.3 41332.1 81743.5 40844.2 22276.7 57977.7 
82897.1 55520.3 57333.4 49479 27593.7 30311.7 88203.6 62551.2 31494.1 79559.4 56474.5 85879.3 55188.1 85804.7 83258.8 36519.7 59970.7 40185.2 63746.5 105236 90884.2 58132 49396.1 12184 44201 56789.5 99829.5 9953.89 36367.6 57293.7 18085.4 73077 75853.8 66375.4 48657.6 33057.8 63592.8 15717.8 64668.8 29488.5 67281.6 79559.4 60541.7 33010.6 41908.7 9406.91 78278.8 49485 45339.8 70987.6 56702.8 41920 21973.8 37270.1 13636.7 55183.8 101323 74913.1 29775.5 81967.4 56302.1 67301.8 44177.5 54654 86617 48146.5 29234.4 53669.5 41517.3 66869.7 89357.9 67921.3 76602.9 75999.5 50354 
82265.7 50514.6 59848 53302.3 34638.3 25205.2 89640.3 64408.5 29320.6 85531.3 51339 91775.9 58053.9 90898.2 82200 42193 63915.3 46704.7 58404.2 105199 90511.4 62377.3 45189.5 18891.5 44746.5 59979.1 101654 14159.8 33607.4 55229.4 22963 73488.8 78162.5 65125.7 52263.4 39745.2 66380.2 19337.3 68020.1 30269.6 67281.6 85386.7 60664.7 27886.9 45650.8 2334.52 80319.7 44981.4 52136 71632.5 62488.5 39914.5 19197.1 40414.8 19479.7 60664.4 103095 69887.7 28851.3 81606.1 57959.7 72113.6 50383.4 61197.7 87396.3 54107 24091.7 56634 41820.7 62458.5 91282.1 62881.5 77249 79193.2 47055.8 
84785.7 50629 63435.3 57130.5 37827.6 25563.3 92897.4 67825.1 31477 89378.4 51340.1 95636.2 61718.8 94809.5 84535.1 46069.2 67750.5 50383 58188.1 107923 93122.4 66246.3 45949.2 21303.8 47837.7 63702.8 105014 18071 35392.7 57185.1 23866.3 76433.6 81675 67424.8 56063.5 43335.2 70017.2 23217.5 71763.8 33541.8 70090.9 89256.1 63540.4 28168.4 49477.5 2692.58 83760.7 45529 55655.5 74663 66359.1 42012 21317.8 44165.4 23296.4 64563.5 106438 69892.8 31563.6 84238.8 61336.5 76019 54169.8 64870.5 90443.9 57948.3 24447.7 60320.6 44848.7 62964.1 94679.2 62902 80268.1 82899.3 48388.5 
82472.1 67140.5 49855.1 38885.5 10017 43624 82249.9 56529.1 38796.5 62476.3 68378.4 68909.4 46887.5 70613.5 83923.1 21296 48400.4 22337.9 75948 102676 89543.6 45817 59399.8 11574.1 43211.3 47484.3 92587 14713.6 44229.5 61689.9 20682.6 70331.4 68018.6 68221.5 38760.4 14957.6 55007.3 15753.7 54503 30482.1 65881.3 62776.2 59211.9 46128.6 32279.6 27482.4 71061.7 60177.1 27060.1 67728.9 40303.1 47442.2 32381.8 30094.7 8658.52 39604.3 94185 86016.9 34700 80877 51222.1 53140 26998.1 36650.9 82417.5 31500.2 42714.2 45202 41489.3 76616.5 82107.3 79234.1 73100.1 65826.7 58172.3 
20412 53660.6 19004.2 32149.8 69146.9 55449.1 22458.9 11708.5 42043.8 67045.8 55219.7 69713.2 22602 57123.8 23901.9 50583.1 32088.8 60644.6 59735.8 38340.1 25743.7 35168.9 45841.6 72763.5 23586.6 24906.4 35360 58271.8 40988.8 27074.9 82501.4 6109.83 19003.2 18700.3 30716.8 62188.9 20354.1 52831.5 26248.2 38215.8 6862.22 64556.5 9126.88 54917.6 34596.2 68702.3 18056.9 48359.2 67256.1 3405.88 53534 33909.4 51117.2 34501.3 58821.1 49063.3 36532.2 60630.1 40136 17875.7 13756.8 43805.6 56725.4 65301.9 19064.6 54033.8 55933.3 23941 26545.2 50178.1 26206.9 57702.2 8987.21 28233.5 38441.3 
35419.3 43595 17307.2 23926.8 53132 38609.1 40503.1 17301.2 24413.5 65324.4 45258.5 69519 18620.7 60382.2 37000 37102.2 30112.6 47823.5 51443.3 56565.9 42712.1 31636.2 34442 54578.5 4750.79 22022.9 52987.3 39640.6 24745.5 21523.2 64184.3 24254.7 31545.8 22600.9 21892.9 47579.8 23686.5 34358.3 28532.3 19372.4 18921.2 63447.6 12180.3 38600.5 22043.6 49894.4 32666.3 36806.1 55131.1 22192.3 46561.9 18848.1 32703.1 19051.5 40744.3 42173.1 54320.7 56022.6 21653.6 33922.9 11047.6 42942.4 45298.2 55938.9 37922.6 44073.2 38906.2 18613.2 7839.01 44902.8 42980.2 51232.8 27814.6 36661.3 27874.2 
64298.2 86574.4 27762.7 21429.4 50056.8 74798.2 47877.4 33486.1 61225.9 22252.4 88232.1 25911.4 25287.5 19267.6 68460.6 31143.9 13700.4 33961.2 94800.8 73761 66800.1 12103.7 77202.3 63983.9 45072.8 21944 52425.4 57619.5 64301.2 64700.1 72828.6 49697.1 32505.5 61595.9 23343.7 40380.3 24614.2 52552.4 18792.6 49227.8 51214.1 20030.2 48311.2 75938.2 28051.6 73438 36323.3 79382.7 36332.5 46723.1 15558.9 60706.7 64272.5 34387.9 53302.3 13619.1 54056.7 99609.2 56037.6 61261.2 35227.8 1456.02 27957.8 28353.7 53200.8 22877.9 74581.5 25041.6 47105.2 88493.7 43948.3 94845.2 49070.2 23418.4 71196.6 
76934.4 87464.3 37590 25248 33505.8 70660.1 64692 45007.1 59046.8 24221.7 89049.8 30579.1 34060.2 33714.7 80431.6 19465.4 25697.1 16802.4 96268 89930 80987 22147.2 78149.9 49704.9 48214.9 31707.7 70793.9 47537.9 63346.1 70032.1 57483.3 62205.1 48776.7 70123.1 27128.8 24182.8 37745.7 43666 33234.3 46386.4 61720.7 24382.2 57096.8 72387.1 27288.3 63383.4 52624.1 79959.1 17335.8 59105.4 3773.59 61868.4 58970.5 32660.2 41897.1 7665.51 72448.9 103141 53531.8 74201.7 43993.2 20588.3 11407 9470.48 68746 7280.11 70168.9 32895.6 49117.2 92182.9 61633.2 97480.7 62703.4 41286.6 73444.4 
88933.1 72846.4 55636.9 44109.1 7433.03 48775.6 88087.8 62501.6 44949.1 63815.4 74031.4 70310.2 52540.4 73407.4 90434.7 25271.5 53144.8 23521.3 81565.2 108927 95930.8 50337 65355.1 10519 49733 52900.4 98136.9 20058.4 50372.4 68193 17228.5 76642.9 73569.7 74771.7 44174.4 16079.8 60502.6 22005.7 59600.8 37007.2 72314.9 64419.9 65668.6 51356.8 37905.1 30371.2 76721.1 66022.8 26534.5 73998.5 42645.6 53834.3 37963.8 36227.1 14703.1 42598.7 99750.6 91882.8 41039.5 87298.3 57370.8 56720.8 28977.4 36967.6 88522.3 33872.3 47811.4 50842.2 48036.8 82678.3 87700.5 85043 79322.9 70807.1 64409.4 
49977 81304.9 20713.5 23943.7 61964.2 74493 31152 22770.2 60124 36421.6 82960.8 37968.4 20535.3 24560.1 54534.1 41465.4 13656.5 47376.4 88738.9 57135 51305.5 16337.1 72301.6 73177.2 40995.6 17722.9 35669.9 63570.8 61877.7 56635.9 82691.5 36094.3 16497.6 50862.7 24848.5 52583.7 14359 57942.4 9732.42 49936.2 39359.4 33602.5 38364.2 75055.5 31533 78408.3 20110.2 74700.1 51264.5 33432.5 31412.7 56686.7 65651.5 36788.7 60686.5 28182.3 37317.2 91652.6 55692.5 46795.4 27283.7 15473.8 41601.9 44591.6 37074.1 36900.9 74529.2 21475.6 43783.3 80742.9 27020.9 87783.4 34508 6537.58 65477 
20961.2 56014.3 18597.3 31959.5 69731.8 57554.3 20373 11000.5 44026.6 65699 57573.3 68201.5 22252.4 55347 24795.2 50827.3 31137.3 60718.8 62075.5 37492.7 25563.3 34333.8 48181.4 73885.7 25228.8 24300 33212.2 59605.5 43115 29425.3 83660.9 6200.81 16781.5 20858.6 30641.5 62542.5 19163.8 54101.5 24951.4 39745.8 8962.7 63158.5 11401.8 57070.1 34910.7 70373.6 15720.4 50699.2 67190.8 3101.61 52869 36085.6 52963.9 35234.6 59934.1 48429.8 34417.7 62873.6 41949 18201.1 14177.8 42535.3 56620.2 64860.5 17572.7 53747.3 58019.4 23690.7 28255.4 52465 23925.3 60008.3 7877.18 26234.5 40783.5 
40230.5 28020.3 33222.3 37690.4 56700 25118.1 52955.1 32736.1 13296.6 79622.2 29681.1 84242.1 34221.2 75994.3 39775.6 45452.5 45405 55957.2 36299.4 63820.1 48746.9 46461.7 18693.6 52904.9 13500 37575.7 65877.5 36935.6 10662.1 13381 61556.5 34125.2 46572.1 22663.2 35642.7 53643.5 39634 33163.4 44434.3 18200.3 27038.7 77985.3 21466.7 24423.3 33433.2 42193 47100.4 20975.5 63515.2 33227.7 59163.2 3395.59 23443.8 28148.5 40482.1 55053.5 67035.8 42484.9 14503.1 39989.2 26868 58021.1 54925.5 66590.8 48467.9 54948.4 25700.8 33953.6 11693.2 31588.6 56541 36906.6 38424.6 52492.4 12855 
42457 87647.3 35089.2 44271.9 84185.2 87214.5 16765.7 31453.1 72985 55096.7 89203.6 54500.1 37129.5 38529.2 47489.1 63518.2 35510.6 70248.8 93556.5 39836.3 39777.5 38753.6 79733.7 93813.6 52951.5 35846.9 13671.9 82355.6 73161.5 61027.5 103564 33518.1 17130.4 51486.4 44477.5 75048.3 28720 76587.9 28700.2 65446.5 39989.2 52047 42836.5 87126.9 51158.7 95881.6 16230.8 82250.8 74360 32489.5 54434.7 66601.2 80566.1 55066.2 80550.9 51292.3 15175.3 93465.4 69694 39355.9 38025.5 37968.7 64570.7 67562.5 25243.8 59956.8 87513.8 38684.6 56117 83497.8 10255.2 91181.6 29653 17678.2 72356.5 
55719.7 83266.1 22520.4 21603.7 56976 74361.6 37943.8 26504.7 60209.1 30233.3 84930.1 32423.8 21200.9 20787 60114.6 36854.3 11065.3 41752.8 91061.8 63895.9 57575.1 12396.8 74062.3 69271.9 42083 17894.1 42415.6 60855 62527.2 59643.3 78570.5 41440.3 22896.5 55002.3 22987.2 47427.5 17464.2 55394 11597.4 49158.1 43916.5 27543.6 42031.5 75164.2 29204.3 76177.7 26636.8 76382.7 45135.9 38609.5 24880.9 57959 64771.1 35062.9 57391.7 21965.9 44054.2 94779.9 55419.6 52592.9 29795.6 8612.78 35851.1 37992.2 43603.3 30976.4 74294.7 21639.3 44594.2 83746.1 33886.4 90522.1 40297.1 13382.1 67541 
78600.6 87183.1 39200 26432.7 30675.2 69656.3 67103.8 46734.7 58456.5 26506.2 88749.8 32946.2 35606.9 36739.2 81974.8 18001.4 27917.9 14028.9 96043.2 92166.8 82896.7 24326.3 77925.7 47161.1 48625.2 33454 73494.8 45723.1 62917.4 70564.9 54746.3 63925.3 51166 71164.2 28211.3 21502.1 39802.6 42107.1 35536 45841.6 63131.4 26901.7 58279.5 71468.2 27627.9 61455.4 54996.8 79664.9 14230.2 60826.6 6720.86 61797.5 57862 32619.3 39908.4 9972.46 75153.2 103226 52946.2 75929 45334 23577.3 9047.1 7156.81 70926 6010.82 69123.4 34347.2 49332.8 92332.7 64211.2 97439.7 64598.2 43966.9 73458.9 
35960.1 27590.2 60630.4 70174.7 93569.3 49610.1 61113 55721.9 46736.7 110587 27941.5 114099 63271.9 102620 31408.6 81813 74719.3 92488.3 25988.7 55600.4 42661.7 76952.3 29090.4 87980.7 47152.6 66519.2 72527.6 72266.7 41466.1 25144.6 95644.8 43953.3 64534 27307.5 68170.4 90566.8 64752.2 69364.9 70668.9 55124.3 38989.9 108420 40222.6 47194.3 68067.8 72833 62765.4 29944.8 100018 45821.4 92898.9 37601.2 55610.2 63833.1 76694.2 88486 72922.2 18813 50328.7 38541.7 53168.1 87462.3 90864.3 102019 53054.9 90166.8 50698 63818.9 46979.3 14524.5 67174.4 20593.7 47392.5 74085.4 27290.5 
35131.9 42189.3 18695.5 25262 53703.4 37592.6 41153.9 18432.9 23495.5 66720.5 43852.6 70930.7 20041.2 61798.1 36529.7 38029.6 31533 48769.4 50024.1 56625.8 42593.2 33043.8 33051 54693.8 4459.82 23443.8 53727.6 39590.4 23607.6 20193.3 64243.6 24449.3 32609.8 21738.9 23221.5 48348.9 25024.2 34401.3 29920.7 19163.8 18800.3 64852.6 12020.8 37516.1 23162.5 49452.3 33616.2 35422.7 56114.3 22529.1 47852.4 17561.6 32025.8 19902.3 40919.9 43477.5 55038.2 54619.1 20988.1 33753.5 12300 44360.5 46360.9 57100.8 38303.3 45232.8 37917.9 20032.2 7294.52 43499.4 43803.7 49814.3 28144.1 37934.8 26459.2 
81986.9 50395.4 59531.8 52991.4 34481.4 25079.9 89330.4 64094.7 29068.2 85267.7 51228.2 91508.7 57737.8 90605.6 81930.8 41922 63605.1 46475.9 58308.6 104910 90227.8 62070.7 45024.5 18835.3 44443.3 59663.8 101341 13870.8 33376.6 54983.7 23042.6 73190.5 77847 64859.4 51950.7 39531.5 66064 19031.8 67705.3 29960.8 66989.3 85117 60369.7 27765.1 45339.8 2483.95 80005.3 44831.8 51931.7 71330.8 62218.7 39662.7 18952.8 40100.1 19227.1 60384.2 102782 69773.4 28567.5 81321.7 57646.9 71815.7 50134.3 60969 87093.6 53845.4 23967.7 56318.1 41520.2 62308.3 90968.6 62767 76947.6 78877.7 46850.9 
102068 74403.6 73180.4 63096.9 28011.4 49097.6 105168 79288.1 51457.3 84715.1 75211.8 91217.8 70495 94491.7 102705 45727.2 72855.1 44579.8 82211.9 123815 109823 70333.1 68924.6 13452.9 62815.6 71435.1 116100 27725.3 56321.7 77199.1 3905.12 91419.3 91638.5 85982.4 62787.3 37185.6 78796.6 32908.4 78737.3 48312.5 86057.2 85423.9 79277.8 51778.9 56118.9 25504.9 94463.2 68815.8 46809.5 89109.7 63757.7 61846.4 41877.9 52897 27159.7 63605.3 117663 93767.4 49510.5 100940 73446.9 77507.4 50091.5 57542.1 104441 54975.3 47984.2 68849.1 60383.6 86284.9 105581 86762 94666.8 90116 70248.1 
38386.6 34735.6 26500.2 31218.7 53724.9 29972.3 48076 26428.2 16361.5 73125.9 36398.5 77647 27461.4 69239.9 38778.3 40603.1 38676.2 51286.4 42898.1 61231.5 46529.6 39807.7 25440.3 52061.2 6859.3 30818.3 60859.9 36306.7 15725.8 16223.7 61211.9 30080.7 40506 22196.4 29160.6 49690.6 32984.4 31763 37700 15989.1 23447.2 71429.1 17095 29714 27487.5 44036.9 41316.5 27734.6 58809.9 28704.4 53086.4 9533.62 25766.1 22709.5 38847.7 48883.6 62100.7 48510.3 15148.6 37618.1 20338.4 51335.5 49742.6 61138.5 44363.9 49366.9 30381.7 27208.3 5787.05 37470.3 51189.3 43217.1 34168.6 45968.8 19314.5 
62370.8 56062.9 30080.1 21198.1 26072.6 37601.2 62193.3 36346.4 26748.6 56039.4 57559 61871.6 27475.8 59085.9 64100.3 14524.5 31734.5 24298.6 65035.5 82262.1 69242.5 30095.8 47101 29705.9 23730.6 28720 73000 18454.5 31607.8 44265.1 39563.7 49941 48567.2 49095.1 20397.3 21656.6 35846.9 12946.8 36458.5 14583.6 45701 55346.6 39126.1 39373.2 13631.2 33805.3 51362.2 48573.2 31815.9 47317.8 33005.8 32070.5 25938.8 9835.14 16070.2 30148 74562.3 73348.1 21330 60650.9 30845.7 40071.2 24472.4 36594.1 62050.4 26107.9 37106.6 25863.1 22643.3 62915.3 62480.2 67091.4 52684.9 47835.1 43771.5 
55724.5 82658.6 21989.3 20711.8 56052.8 73564.2 38330.8 26203.1 59434.8 30203.5 84322.8 32577.9 20552.9 21321.4 60078.7 35913.5 10210.8 40870.5 90492.4 64250.8 57721.8 11458.6 73437 68323.5 41415.5 17219.2 43042.5 59923 61799.4 59175.2 77624 41372.9 23131.1 54701.5 22119.9 46511.6 17140 54468.3 11216.1 48326.6 43698.1 27563.2 41676 74385 28300.7 75259.7 26904.6 75748.1 44319 38513 24147.9 57293.1 63925 34184.4 56447.2 21151.8 44685.7 94309.3 54620.2 52613.4 29315.5 8121.58 34979.4 37287.7 43850.3 30123.1 73489.6 20939 43896.5 83263.3 34392.6 90002.9 40329.1 13851.4 66952.5 
55724.8 90872.8 30662 33475.5 69613.9 84574.2 33421.5 31829.1 70198.9 34657.5 92521.4 34448.9 30617.8 18919 60548.3 49558.6 22888.6 54142.1 98105.9 58945.4 55623.2 24888.8 81977.1 81928.8 50966 27787.2 34125.2 73076.7 71888 65702.7 91261.6 42920 22084.4 59016.1 34567.6 60028.8 24068.4 67518.7 19813.4 59985.4 47221.7 31615.5 47122.2 85123.1 41125.4 88139.7 24816.3 84401.5 57010.3 40607.9 36286.2 66567.6 75700.5 46616.9 69866.4 33994.3 35642.7 100479 65776.1 52481.8 36916.8 19445.6 48180.6 48960.6 40765.9 43197.8 84612.8 31552.7 53796.4 89697.5 27860.4 96899.6 40536 12138 75039.5 
24169.8 35213.8 52697.7 63574.4 91351 53282 49611.8 46922.1 47149.2 102507 36006.9 105580 55700.8 93285.8 19550.2 77444.8 66770.2 88200.9 35907.1 44082.8 30815.7 69338.2 33659.5 88036 42492.4 58760 60782.4 72073.1 42415.7 21887.4 96434.7 33386.2 54235.1 18792.8 61665 87204.6 55980.2 68376.9 61948.4 53091.1 29410.9 100172 32105.6 51195 62627.9 75206 52144.6 35254.8 95600.7 35592.8 86330.8 36874.1 56922.8 59255.8 75683.4 81839.8 61139.3 30453.2 49615.8 26856.1 45432.1 79218.7 85883.6 96427.4 41424.8 84581.3 54288.5 56490 43101 23900.8 55792.9 31137.3 36451.6 64169.3 29288.2 
54207.2 77635.4 17695.5 14716.7 51056 67773.8 39441.7 23190.5 53729.8 32518.5 79299.1 35840.2 15608.3 26400.8 58284.2 30629.7 4365.78 36496.6 85641.6 64938.2 57084.2 5630.28 68341.8 62709.6 36188.9 12202.5 45758.7 53981.2 56270.5 54893.5 72110.3 39533.8 23593.4 51363.9 16164.5 41652.5 14359 48501.5 8683.32 42443.6 40918.5 30201.5 38111.5 68655.2 22300.9 69273.5 27456.5 70607.2 40661.7 36530.1 21631.5 52035.6 58000 28202.3 50619.1 17894.1 47421.6 89945.8 48832.1 51214.9 25175.4 9228.22 30782.5 34773.1 43973.3 26203.1 67675.1 15698.4 38524 78851.6 36360 85398.7 39120.8 16280.7 62040.6 
51125.1 46543 24132.3 21128.7 38049.4 32416.8 54084.5 28541.2 18882 61722.4 48129.2 66958.2 22816.2 61294.4 52516.4 24922.7 31143.9 35468.3 55362.1 72074.2 58419.9 30863.9 37241.4 38942.3 11827.1 25300.2 65834.5 24493.5 22588.7 32249.3 48628.5 39640.9 42266.4 37095.1 19396.1 33653.7 30869.1 18952.6 33409.6 6987.13 34643.3 60490.1 27907.9 33497 14672.8 36763.3 44416.4 39038.7 43021.5 37300 39881.8 21174 22671.6 8450.44 25052.1 36124.8 67302.1 62717.8 13598.9 49648.9 22196.4 42264.4 34447.1 46242.9 52709.1 34779.9 32261.4 21623.1 10523.3 51984.7 55415.6 56786 42862.1 44070.2 32919.3 
74520.4 45580 52509 46761.6 34211.8 20554.3 81918.3 56819.1 21931.7 81158.2 46580.8 87250.3 50887 85299.3 74541.9 37789 57389.3 43823.9 53930.4 97390.3 82732 56100.4 39324.9 21623.4 36943.9 52977.1 94009 10121.3 26554.8 47877.4 28146 65665.9 70692.9 57502.2 45575.9 37476.7 59140.3 13708.8 61074.8 22547.1 59463 80778.8 52841.1 23229.7 39128.8 8338.47 72756.9 39436.7 49998.6 63820.1 57967.7 32500 12055.3 33551.5 16575.9 55719.7 95435.4 64952.1 21079.4 73822.1 50329.4 66300 46742.4 58183.3 79588.6 49962.5 19514.4 49525.9 34003.7 56803.2 83672 57972.6 69434.9 72120 40401.1 
71566.3 52925 43671.5 35761 23879.9 29978.7 74960.5 49162.3 24629.3 68242.1 54185.3 74375.3 41438.3 73007.5 72458.7 24836.5 46305.6 31110.3 61767.1 93109.8 79190 44604.1 45144.3 18212.4 32166 43001 86353.1 3883.3 30054 48483.1 27644.2 60714.8 62220.6 56078.7 34890.1 25205.2 49847.1 2202.27 50882.7 17933.5 55400.8 67924.8 48621.2 32363.3 28158.5 19623.7 64745.7 45924.4 37618.3 58427.7 45069.4 33729.1 18348 23505.3 5632.05 42974.5 87869 71759.7 20875.3 70331.4 43073.5 54207.5 33791.3 45348.6 73844.8 36992.6 29152.9 39904.5 29860.5 62393.9 75853.8 64984.5 63999.8 62209.7 44100.5 
28205.7 53195.2 11814 24403.3 61134.1 51326.1 27735.4 6262.59 37282.8 61396.8 54823.4 64594.9 15190.8 53174.6 31302.6 42528.1 25709.9 52640.9 60150.6 46163.7 33809 28460.5 44628.5 65262.9 17591.5 17912 40076.4 51164.5 37165.2 27687.5 75056 14173.9 19204.4 22495.6 22863.3 54123.7 15164.4 45601.1 21068 31658.8 12513.2 59083.1 9411.16 51148.9 26534.7 62474.3 19881.6 47116 59326.6 11315.9 46344.1 30623.5 45614.3 26565.6 51312.1 41839.9 41431 62623.5 34568.9 25828.9 5700.88 38115.9 48833.8 57741.9 26094.6 46313.1 51676.9 16351.8 20746.1 51742.9 30040.8 58883 16558.4 26117.4 37441.4 
79897.2 55990.4 52857.7 44588 23867.3 31263.1 84102.9 58331.9 30056.3 74563.8 57063.6 80864.4 50586.3 80704 80517.6 31442.8 55031.4 35446.4 64493.8 101839 87708.6 53130.5 49200.9 11328.3 40761.9 52070.4 95540.8 5658.62 35232.1 55361.8 19549.4 69524.5 71409.4 63832.9 43829.9 28478.8 58995.7 11289.4 59882 26162.8 63980.1 74526.8 57207.3 33909.3 37062.1 13497 73937.1 49548.9 40895 67320.3 51655.1 40129.4 21402.1 32649.7 8547.51 50093.6 97054.3 75281.1 27523.1 78812.4 52200.1 62216.2 39253.2 49938 82833.1 43136.6 30249.8 49036.8 38248.8 66706.1 85043.6 68339.2 72915.1 71243.6 49403.7 
74332.8 103175 42726.3 38996 65048.1 92521.2 53115.9 46688.4 78784.4 16308.3 104839 14800.3 41070.3 2080.87 78984 47837.7 29823.6 48369.9 111128 78686.8 74952 29323.2 93888.9 80340.1 61734.4 37676.7 53324 75132 81616.8 79927 88700.5 60660.1 40503.1 75132.2 40810 55512.5 37708 70204.3 31891.2 66964.8 63820.5 13328.2 62277.4 93590.8 45862.8 91036.1 43732 96154.5 48614.8 58014 28911.1 77569.1 82105.1 52178.5 70508.6 29198.8 54757.1 115062 73683.9 71119.6 50068.5 17867.6 42595.9 38501.9 60228.9 37634.7 92331.2 41243.3 64027.9 104016 47602.7 110732 58898.3 29984.2 87546.2 
57136.1 3162.28 63020.8 67217.3 76759.4 24374.2 77442.8 61610.5 30096.2 109011 2483.95 113867 64158.6 105940 54136.1 71322.4 75330.5 80896.5 9066.97 80373.8 65556.4 76271.4 11277 66485 43406.6 67519.3 90260.3 52518.4 25347.6 29542.7 72311.7 57867.5 74550 40617.7 65203.2 76741.9 69214.5 51773.1 74245.9 42480.2 50787.9 107526 47640.3 21674.9 62097 47741.9 74320.7 8987.21 88264.4 58185.4 87634.5 27660.3 34644.6 56153 58376.9 83792.9 91119.8 20634.2 35506.1 58495.8 56302.1 87872.2 81245.6 93328.2 71007 82273.3 25456.8 63896.9 41261.2 16020.6 82250.5 13689.4 62228.7 81639 18246.4 
7611.83 46394.9 38774.3 51233.8 84641.6 57438.1 31712 31896.1 47183.2 87284.6 47632.1 89800.7 42203.6 76667.6 5903.39 67960.7 52293.2 78495.1 49800 31316.6 16159.5 55274.8 41386 84864.7 35065.7 44833.2 43284.4 69203.3 43865.8 22673.8 94108.7 16141.9 36904.3 11245 49558.1 78906.6 40625.4 64497.1 46498.2 48723.9 14512.1 84761.8 19933.1 55999.7 52146 76061.7 34514.1 43640.6 85518.5 18794.9 73355.3 36776.4 57326.1 50343.3 71390.5 68852.3 43778.6 47003.4 47660.2 9404.79 32304.8 64070.6 75217 84634.8 23691.6 73061.6 58244 43337.7 36912.1 38325.6 37831.9 46110.4 18669.8 47150.2 34713.1 
41381.8 69855.3 9741.66 17906.7 58359 63954.5 27874.4 11531.3 49523.5 44789.7 71509.5 47408.5 10744.8 35429.5 45554.4 37779.5 11595.3 45807.5 77265.1 52662.1 44228.9 15183.2 60890.5 67194.1 29948.8 9211.41 36305 55875.8 50911.9 45220 76966.1 26791.2 12073.9 39980.5 17902.5 49632.7 2941.09 50121.2 4210.7 40189.7 28864.7 42258.7 27152.9 64350.6 24528.4 69878.8 15742 63302.8 51097.2 23846.6 33787.1 45451.2 55791.8 28560.8 53912 29634.6 37945.5 80289.5 45407 38360.4 15834.5 21676 40653.3 46621 31466.8 36731.6 64065.4 12175.8 32863.5 69342.8 26066.5 76337.4 26234.5 10623.1 54023.4 
16020.6 43848 28051.6 39909.1 72948.5 49778.8 30672 21954.5 37940.1 77596.7 45323.9 80606.7 31277.1 68474.8 17173.5 56210.5 41992.6 66772.7 49187.4 38985.3 24114.9 44726.1 36906.4 73778.7 23613.6 34154.1 43505.6 58331.9 35500.6 17302.6 83182 11146.3 30454.1 7186.79 38154.6 67136.4 31007.4 53406 36975.7 37747.8 4720.17 75227.7 8205.49 48754.6 40444.7 66375.4 29115.3 39379.4 73842.3 12042 62346.5 28168.4 47860.2 38576.3 60136.3 57834.2 44405.5 49294.6 37547.4 15222.7 21107.3 54297.7 63601.3 73271.6 24565.2 61603.2 50446.4 32260.2 25726.6 39070.8 35673.7 46724.8 15463.5 39788.7 29573.6 
17998.1 44858.9 25178.2 37039 70488.4 49269.3 29908.2 19197.1 36921.8 74789.6 46378.1 77856.9 28392.4 65881.8 19646.9 53508.6 39142.9 64036.6 50592.6 40235.6 25685 41855.1 37500 71765 21488.8 31279.5 42851.5 56460.4 34858.9 18172.8 81245.4 10348.4 28367.9 9476.29 35294.5 64523.2 28263.9 51420.7 34230 35881.6 3100 72438.9 5491.81 48392.1 37689.8 65035.8 27300 40001.1 71072.1 10511.9 59461 27536.3 46680.7 35993.9 58038.8 54948.8 43839.9 51265.3 36142.5 16773.8 18222.2 51494.2 60800.7 70411.4 24452.4 58757.6 49884.8 29374.3 23800.2 40839.4 34544.2 48400.4 14766.5 37425.3 30102.7 
27856.8 48842.7 14561.9 25880.5 60484.9 47346.9 31031.1 10431.7 33477.3 64536.6 50473.4 67985.4 17492.9 57027.2 30338.9 42718.1 28677.5 53124.2 55860 47582 34346 31136.5 40260.4 63438.2 14303.1 20571.8 43644 48863.6 33075.2 23528.7 73150.1 15140 23518.7 19424 24129.9 54000.5 18984.2 43439.4 24750.4 28840.2 11261.4 62322.1 6109.83 47077.1 26771.1 59445.8 24007.5 42748.1 60061.4 12798.8 48386.2 26400 42149.5 25756 49510.1 43875.5 44937.8 58582.1 31110.3 25868.3 7223.57 41353.4 49722.6 59246.7 28425.5 47601.1 47737 18343.9 17354 47640 33832.1 54696 18398.4 30423.7 33078.4 
61332.5 97781.6 37568.2 39685.3 74193.4 91373.1 37777.4 38689.8 77020.3 33562.6 99429 32070.2 37423 15990.6 66240.2 54611.7 29055.8 58241.7 104976 62505.1 60561.5 30644.4 88900.1 87288 57870.4 34508 36244.7 79097 78777.2 72514.3 96448.6 49076.5 28214.4 65562.6 40912.2 64533.5 30996.8 73615.9 26632.7 66635.7 53712.8 30519.7 53880 91959 47329.6 94357 30550.3 91326.4 60385.8 46909.4 39540.6 73491.8 82341.4 53007.6 75612.2 37901.2 37610.8 107197 72535 58089.7 43842.7 23233.2 52238.9 51554 45620.7 47162.9 91394.2 38297 60683.1 96461.4 31718.9 103707 46414 18806.4 81949.9 
74427.2 93253.4 36828.5 27815.3 46739 79179.4 58220.4 43165.4 66372.4 14212.7 94891.6 19588 33911.8 20412 78484.9 30675.2 22823.9 30034.1 101754 84136.2 77136.8 20218.1 83842.3 62487.2 52186.7 30770.9 62269.5 58718.5 70025.3 72878.9 70569.8 59745.2 42905.7 70758.7 29873.4 37285.9 34537.1 54246.2 28890.3 53880 60830.3 13059.9 57430.7 80606.2 32880.4 74701.1 46721 85887.7 30322.3 56729.7 10729.9 67277.1 67985.7 39111.1 53572.6 12241.3 63878.8 107362 60963.6 71430.2 44140.3 11810.6 24367.4 20646.5 63600.3 19550.2 78829.5 33322.2 53810.9 96252.7 54128.2 102248 59302.4 33673.3 78303.6 
53933.7 60606 17147.9 7211.1 35806.4 46969.5 49590.8 24352.8 33631.1 47072.4 62228 52225.1 14001.4 46908.6 56560.1 16594 17840.4 26903.2 69252.7 71510.3 59735.5 16745.1 51210.4 43272.6 20709.9 14714.6 59679.5 32549.8 37161.9 42635.7 53058.9 40098.1 35110.3 43941.4 6229.77 28246.2 22120.6 26910.6 22302 21403.7 37476.7 45770.8 31722.7 48170.2 640.312 47485.6 38188 53175.2 33914.7 37165.2 25901.7 34713.1 36504.5 6545.99 30056.8 21834.4 61279.4 75689 28317.7 51709.3 20241 27769.4 23776 34328.6 50575.6 22461.1 46740.3 12306.9 21633.3 64693.5 49206.2 70161 42045.9 33693.3 46101 
56552.4 43362.7 32186 28338.8 35811.3 25818.2 61602.8 36340.2 14020.7 67400 44847 72937.3 30847.5 68336.9 57383.6 27240.6 38686.6 36906 52343.6 78427.2 64288.4 38071.6 34489.6 33288.6 17341.6 33243.5 73568 17821.9 18923.5 34040.1 42630.7 46178.5 50228.5 41046.8 26785.4 33467 38929.3 12924.8 41369.7 2879.24 40549.4 66417.2 33776.9 27291.8 21189.6 28823.1 52273.2 35890 44364.4 44072.9 44800.1 20242.8 15088.1 14893 19986.5 41470.1 75008.9 60920 8609.3 55400.4 29873.9 49194 37180.8 49291 59722 38537.9 25492.2 29614.4 14844.9 50700.1 63204.6 54545.8 49689.1 52113.8 31653.3 
55509 55192 22389.7 14800.3 32719.6 39847 54473.7 28638.6 27066.2 53528.7 56773.3 58954 19906 54376.9 57536.1 16807.4 25409.6 27537.8 64021 74825.8 62091.9 24350.2 45900.4 37425.3 18246.4 21411.4 65302.8 25434.2 31113 39950.6 47284 42635.3 40911.9 43304 13583.1 26791.8 28309.9 19701 29355.2 14477.9 38806.8 52446.2 32417.3 41204.4 7269.11 40008.1 43660.2 47682.8 35027.4 39928.2 31342.8 29789.4 29064.2 2126.03 23717.1 27723.8 66860 71302.2 21600.9 53631.3 23262.2 35217.2 25997.9 37660.6 54447.8 26130.6 39552.1 18337.1 18044.7 60508 54781.9 65423.2 45213.4 40635.6 41503.4 
82297.6 63169.7 51790.4 41815.1 15431.1 39001.7 83895.9 58026.9 35720.2 67932.1 64332.4 74331.2 49080.5 75408.2 83405.3 25821.3 51792.9 28026.4 71850.1 103281 89700.9 49462.9 55842.6 7981.23 42816.8 50045 94706.4 10394.7 41104.4 59833.9 17836.2 70840.1 70227.7 67224.2 41427.6 20742.5 57383.8 13352.2 57435.9 29063 65913 68125.3 59158.5 41584.3 34728.8 21663.3 73077.1 56427.8 32923.7 68388.7 45463.4 45062.8 28282.1 31552.7 6264.98 44445 96274.7 82279.8 32206.4 80909.6 52338.1 57511.7 32419.7 42419 83479.4 36722.7 38038.4 47434.2 40741.4 73244.6 84189.1 75409.9 73878.3 68833.9 55243.8 
42670.8 58635.9 5408.33 10049.9 47905.1 50110.8 37703.7 12245 35752.6 50088.8 60299.6 54182.8 3847.08 45344.2 45710.9 28448.6 14805.4 38297 66674.3 59437.1 47983.9 16337.7 49347.1 54380.1 17230.8 6985.7 48320.6 42038.7 37727 36560.1 64234.3 28407.4 23958.5 35007.6 8405.36 40264.7 11788.1 36269.3 14651.3 25862.7 26715.2 48147.8 21879 50699.2 12742.4 55632 26681.1 51623.6 44881.3 25393.9 32596 33105.9 41514.6 14921.5 40699.5 28093.1 49881.2 71338.2 31334.5 40244.9 8900.56 27600.4 34370 43449.4 38467.8 31901.4 50149.6 3301.51 19723.1 60220 37800.1 66574.8 30068.3 24957.6 43063.9 
59404.1 72569 20004 7655.72 37985.4 59059.3 49463.1 27587.9 45859.4 34916.2 74203.8 39994.1 16402.7 35365.7 62776.6 17448.5 10820.8 24268.7 81112.1 73757.4 63868.1 7684.4 63158.9 49629.9 31760.5 14385.1 57460.7 41830.6 49362.7 53062.7 58956.6 44754.1 33664.8 52460.5 9660.23 28730.8 21290.6 36611.1 18170.6 33541.8 43985.1 33549.1 39366.2 60331.9 12316.7 57517 37345 65189 29546.2 41658.1 15148.9 46601 48292.5 18653.1 37943.6 10677.5 59120.2 87040.3 40522.8 56755.1 26238.3 16289 19051.8 26304.8 52442.9 15376.9 58788.9 15164.8 33203.2 75963.4 47482.6 81752.9 45580.4 28644.9 57741.9 
83708.8 109355 50037 43989.2 63547.2 96736 63155.8 54865.7 83537.4 8160.88 111011 4601.09 47872.4 11498.3 88256 48712.3 36275.2 46961.4 117591 88821.7 84711.5 34891.4 99975.8 80005.1 67862 44481.6 63515.4 76806.4 86851.7 87244.3 87672.7 69720.7 50040.2 83350.1 45967.2 54429.8 45796.2 72332.4 39839.3 71250.6 72366.1 6264.18 70240.7 98041 50024.4 92787.1 53415.8 102141 45621.5 66960.4 28503.5 83460.5 85756.5 56364.9 71597.3 30320.5 64940.7 122263 78228.6 80523.3 57508.3 23418.2 41704.3 34876.9 70097.6 37205.5 96438.4 47748.6 69861.6 111158 57738.2 117593 68240.2 39560.2 93985.4 
38525.3 78900.3 24323.9 33858.5 74115.7 76975.1 16269.3 21111.6 62654.7 50813.9 80496.5 51461.2 26385.6 36366.2 43442 53458 25803.1 60782.4 85311.3 42220 38092.7 29247.9 70622 83216.6 42598.8 25238.9 20969.5 71596.4 63107.9 52577.2 92995.8 26785.4 7003.57 44132.2 33933 65166.3 17978.9 65827.8 18528.4 54765.3 32266.7 47867.4 33937.7 77003.2 40551.3 85128.6 7964.92 73127.3 65401.9 24995.4 46272.5 56770.8 69989.3 44320.3 69868.8 42709.5 22633.8 86233.3 59184.9 35283 27596 30731.4 55290 59470.1 23247.6 50911.9 77231.2 27958.9 45741.9 75854.4 11763.1 83381.6 23759.2 8793.18 63326.6 
56773.3 16120.8 72484.6 78968.2 92828.5 41153.6 80427 69476.4 45217.9 120848 15008.3 125230 74292.7 115772 52697.2 85738.5 85847.8 95751.8 7851.75 77830.2 64252.6 87328.4 24389.5 83188.3 54595 77697.4 92607.6 68916.3 39996.2 35556.3 89112.6 61659.1 80812.5 43680.7 76908.9 92142.9 77947.5 67748.1 83487.8 56887 55347.4 119089 54160.1 38452 74840.1 64525.1 79806.8 23181.2 103236 62792.5 100581 40132.9 51009.9 69343.2 74580 96486.9 93195.4 4883.65 50320.6 58922.7 65209.3 98688.2 95531.6 107461 72932 96032.5 42242.8 74358.1 53115.4 11686.7 86019.2 4534.31 65680.5 89231 28583.4 
50283.7 92993.1 36776.4 43660.6 82222 90500.5 24980.4 34829.4 76103.2 48094.1 94588 46946 38071.6 30871.5 55310.4 61739.5 33812 67375.1 99354 48257.8 48083.3 36611.1 84704.7 93245.1 56105.7 36100.6 21413.3 82915 76843.9 66632.5 102832 40151.3 21077.5 57869.5 44254.9 72801.1 29940.1 77195.9 28185.3 67444.3 46089.6 45035.1 48025.4 90649.7 51032.5 97185.2 21627.1 87208.1 70756.5 38684.6 50230 70665.8 82947 55688.4 80469.2 47600.1 22737.2 99997.4 72346.4 47119 41123.8 33390.6 61503.3 63082.5 33366.5 56646.7 90703.5 39436.7 59200.1 89746.9 18506.8 97325 36639.5 16868 77417.4 
91704.8 115043 56891.8 49488.7 63666.1 101019 71579.3 62206.5 88316.7 7829.43 116688 3920.46 54442.4 19936.1 96177.4 51138.3 42862.7 47592.5 123461 97294 92953 41007.9 105635 80848.3 73757 51106.3 72008.4 79311.5 91960.4 93839.5 87851.2 77542.1 58199.7 90578.7 51527.1 55108.8 53161.4 75249.3 47195.9 75803.8 79849.7 9196.74 77353.3 102494 54825 95189.1 61649.1 107717 44913.5 74718.1 30976.9 89067.7 89694.2 61057.5 73709.2 33791.3 73427.2 128664 82900.1 88541.6 64368.1 30050.1 42974.5 34100.1 78417.5 39069.8 100642 54135.8 75534.4 117545 66214.8 123755 76241 47774.6 99927.4 
80708.7 92468.6 41550.2 29694.6 36566.2 75622.9 67263.2 48789.9 64066.4 20248.5 94056.2 26727 38111.5 31936.3 84348.1 24214.3 28917.3 20124.9 101263 92803.6 84423.7 25500.8 83147.2 53373.5 53042 35549 72600.6 52087.8 68365 74780 60736.3 65940.4 51461.2 74538 31637 27646.3 41107.8 48390.2 36210.6 51406.7 65812.5 20861.4 61414.3 77369.2 32182 67839.9 55324.9 84965.7 18848.9 62847.3 6963.48 66841.1 63901.6 37643.6 46295.8 11475.6 74240.8 108063 58551.2 77902.8 48202.6 21689.9 15427.6 8720.09 71766.6 12022.1 75120.8 37052 54017.9 97085.2 63816.8 102438 66200.1 43294.9 78392.9 
89394.9 88593.6 50695.2 37232.4 18309.8 67642 81061.2 58406.2 59121.9 39833.9 90031.6 46287.5 47036.7 52555.2 92190.8 19712.2 41931.5 8956 97582.8 105250 94681 38376.7 79839.2 36216.7 54699.6 45697.4 88500.5 40042.5 64242.4 76402.2 42002.4 75171.3 65204 79333.3 38483.8 12747.5 52886.8 38340.7 49560.2 47465 73096.2 41015.4 67390.9 69867.4 35151.4 54223.3 68927 81174.2 2140.09 72134.6 22931.4 64985 55722.6 37901.2 33552.9 25305.5 90164.7 106237 53912 87020.1 55538.9 39682.9 12619.4 12397.6 83943 16620.8 66893.4 45500 54470.6 95842.6 78812.4 99901.3 76547 59079 76698.4 
26006.9 77600.6 39169.5 51757.1 92020.1 82759 6847.63 32385.5 69584.8 72917.6 79002.3 73149.8 42440.1 57523.7 30765.7 71833.7 46092.5 80423.5 82062 20238.8 21023.1 49693.5 71016.8 98341.6 50916.6 42781.8 10645.2 84732.6 68274.8 51372 108192 23598.7 22730.8 40000.1 51161.4 83788.1 35227.8 79102.1 38423.2 65299.6 30836.7 69934.6 36277.4 82060 56957.3 96040.4 18969.4 73479.2 85803.6 24532.6 67750.3 61052.4 78668.5 58902 84454.1 63885.1 10976.8 79818.9 67663.9 23461.7 38193.5 52854.7 75355.8 80859.4 9604.69 71409.4 83295.3 44140 53966.7 70927.1 10855.9 78735.3 19244.2 30914.7 63696.9 
30929.1 61505.9 10024 23326.6 62876.5 58935.9 22779.8 3269.56 44680.6 55623.2 63132 58268.4 13565 45914.8 34901.3 43072.6 21125.6 52389.4 68393.9 44864.2 34657.5 24424.8 52940.1 69086.7 24649.7 14885.2 34047.8 55974.6 45001.8 35811.3 78945.3 16180.5 11216.1 29432.3 22365.2 54996.2 9047.1 50255.8 14840.8 37642.7 18056.9 53115.9 17168 58914.3 27714.6 68425.5 12687.4 55425 58476.1 13146.9 43100.5 38687.1 52412.3 29578.7 55261.2 38718.6 35534.8 70528.4 41466.4 28030.3 9837.17 32423 47872.4 55394 23659.7 44617.1 59220 15206.9 27818.9 59747.8 23614.4 66993.3 16360 17923.4 45758.2 
37161.8 91135.3 60142.2 72778 113026 100196 27849.1 53180.6 87904.6 90874.3 92341.1 90175.9 63449.2 74129.8 40323.8 92856.9 66815.9 101374 94001.8 15125.1 28754.3 70398.3 85948 118937 70380.8 63797.5 22109.7 104929 85865.3 66600 128764 41685.7 43529.4 54676.2 72182.6 104811 56222.8 99387.4 59166.4 85023.5 48336.5 87826.2 54646.6 99158.7 77927.2 115414 39864.8 88269.1 106617 43480.2 88079.6 78530.8 97467.2 79651.6 105005 84378.3 20641 89316.2 86644.4 36146.5 58692.6 72517.2 96229.4 101260 27771.4 92172.6 100853 65147.4 73286.3 82165.5 30161.7 89756.6 37860 50660 78995.3 
66414.6 42662 44073.2 39136.9 34246.8 19727.4 73283.6 48216.2 15395.1 75635 43888.3 81524 42601.6 78447.4 66669.4 32922 49708.1 40588.2 51456 89042.3 74509.4 48690.2 35164.8 25894 28364.8 44838.6 85381.6 10307.8 20640 40810 34082.4 57160.8 62148.6 49757.9 37800.1 35220 50773.4 9602.08 52964.1 13911.9 51076.8 75003.3 44404.6 22038.4 31607.1 16952.3 64161.8 35789.7 47442.7 55260.9 52505.6 25503.3 7962.41 25700 15844.6 49803.6 86804.9 61649.7 13154.8 65590.3 41711.4 59318.8 42521.5 54441.6 71015.8 45072.4 18962.1 41298.9 25471.9 52574.6 75055.8 54815.1 60880.2 63871.9 34830.4 
46228.1 34489 30222 31618.3 47702.6 24103.3 55060.8 31851.2 9718.54 73198.7 36096 78180.4 30276.1 71252.9 46517.2 36898.2 40553.2 47255.3 43244.7 69052.5 54380.2 41007.8 25133.6 44646.2 10339.2 33395.8 67672.7 28762.6 11363.5 22063.5 53627 37642.8 46171.5 29731.6 29658.9 44696.4 37062.1 24549.1 41015.4 9208.69 31188.8 71787.5 24685.4 24397.7 26236 36235.3 47423.6 27020.7 54809.9 36065.6 51845.3 9037.7 18206 20383.6 31797 47945.2 68977.2 50580.8 7340.98 45467.5 25344.4 52627.9 46556 58408 51821.7 46957.2 24310.1 29599 7202.78 39931.1 57736.7 44607.7 41613.7 50410.3 20806.2 
45305.4 80138.7 21019.3 27325.1 66631.2 75216.3 25303.2 20957.1 60782 41936.3 81778.4 43048.8 21867.3 28717.9 50012.1 45994.1 17913.7 52551.3 87206.7 51303.5 46044 21073.7 71373.4 76983.2 41070.7 19718.5 29829.2 66503.6 62027.8 54686.9 86629.4 32000 11449.5 47865.7 27854.8 57412.6 14128.7 60788.5 11774.5 51448 36084.9 39048.3 36040.1 75568.3 34632.5 80861 14741.1 73825.9 56764.9 29578.5 37209.1 56341.3 67076.4 39301 64091.3 33819.5 31484.1 89367.8 56705.6 42082.9 26487.7 21440.1 46888 50406.1 31556.5 42320.7 75340.6 23148.2 44044.7 78621.7 21054.5 85874.2 29917.2 989.949 64325.7 
37711.7 16861.8 52187.5 59939.1 80097.8 35829.9 59934.1 48680.7 32780.8 101420 17867.6 105468 54291.5 95313.8 34363.9 69538.8 65901.8 80065.3 19764.9 60517.9 45906.4 67680.5 15476.8 73952.2 35871 57670.9 72395.1 58306.3 27453.6 14924.1 81556 40841.8 59793.8 22856.9 57884.9 77625 57322.7 55600.8 62990.9 41889 34372.2 99486.9 33227.7 33514.8 56803.2 58824.9 58812.3 16783.6 87623.1 41842.8 82269.4 24169.6 41521.7 51971.1 62902 77985.7 73094 20229.9 36635 39400.5 44784.5 78783.6 78925.3 90447.8 52789.4 78699.2 36897.8 54536.3 35082.3 9364.83 65324 16900.9 44969 68298.2 13263.9 
11866.3 43241.2 43397 55451.3 87314.7 56565.9 37088.3 36809.9 47460.5 92396.5 44360 95049.7 46718.4 82095.9 7840.92 71401.2 57143.4 82044.4 45857.7 33980.3 19450.4 60017.4 39183.3 86460 37529.3 49492.7 48358.8 70619.1 43640.6 21852.5 95482.5 21620.6 42444.6 12270.3 53694.9 82036.6 45682.1 66192.8 51601.3 50417.2 19132.4 89917.7 23668.5 54910.8 55800.4 76366.3 40096 41282.6 89200.9 24159.9 77841.2 36881.6 57620.2 53493.9 73260.8 73329.7 48768.2 42190.2 48573.2 14373.6 36618.2 69133 79039.5 88811 28917.1 77127.5 57442.6 47754.5 39003.2 34107.2 43286.3 41804.3 24258.8 52640 33034.1 
86254.8 55809.9 61938 54379.9 31453 30494.6 92481.6 66954.1 33861.5 84409.1 56638.9 90749.8 59887.3 90802.7 86390.4 41474.4 64898.5 44810.8 63702.8 108904 94379.3 63097.5 50385 14557.8 48052.6 61570.5 104252 14752.6 38385.9 59810.1 17691.8 76924.2 80416.2 69383.1 53518.2 37566.2 68280.7 20460 69492.5 33374.4 70933 84451.8 64240.3 33179.8 46786.5 7158.91 82759 50225.2 49688.8 74933.8 61617.3 44435.7 23883.3 42008.8 18617.2 60153.9 105728 75186.2 32844.2 85460.8 60625.8 72305.3 48969.5 59234.6 90635.2 53022 29382.5 58392.2 45251.9 67699.6 93807.7 68179.9 80555.9 80796.3 52038.9 
89397.2 69480.4 57999.4 47292.5 13601.5 44820.6 90303.8 64493.7 42652.2 69603.8 70578.3 76085.2 55120.4 78584.5 90565.2 29599 56853.7 29233.5 78030 110172 96724.8 54262.5 62462.8 4338.2 49929.6 55824.9 100829 17129.2 47993.9 67014.2 12256 77746.8 76277.5 74427.2 47115.3 21714.7 63306.4 20557.2 62922.2 36271.5 72956.2 70104.6 66217 47468.4 40564.1 24901.8 79256.7 62923.6 32652.9 75240.2 48002.1 52172.2 34713.1 37979.6 13433.2 47620.2 102418 88720.9 39321.9 87961.6 58984.1 61400.3 34437.2 42977.3 90179.4 39184.7 43803.7 53445.3 47907.6 79930.3 90332.1 81801.3 80689.5 74259.7 62170.4 
72368.5 102536 41841.7 39026.7 66716.3 92560.5 50714.2 45397.1 78682 19184.6 104200 17523.1 40407.9 1655.29 77072 49016.3 29433.3 50093.7 110376 76167.3 72752.8 29282.8 93297.1 81686.2 61211.9 37043.8 50603.6 75967.4 81346.2 78898.9 90196.7 58888.5 38508.8 73736.1 40765.3 57123.8 36514.1 70929.4 30818.5 67052.2 62298.2 16196.6 61023.4 93552.8 46106.9 91809.6 41629.3 95594.4 50669.6 56307.8 30611.4 77081.3 82344.3 52369.9 71517.9 30529 52021.6 114030 73664.4 69143.4 49085.4 18166.5 44244.1 40735.9 57965.2 39222.7 92404.9 40697.2 63602.8 103018 45097.3 109834 56976 28012.9 86838.4 
42472.1 17883.2 60903.6 68894.1 88252.5 41216.1 66324.4 57066.5 40465.4 110309 18110.8 114291 63105.3 103884 38429.3 78327.5 74712.5 88797 16285.6 63802 50008.1 76556.4 20906 81166.7 44838.6 66471.3 78390.1 65800.7 35041.3 23688.8 88317.9 47853.3 67553.3 30012.8 66841.4 86150.2 65841.3 63489.4 71582.8 50354.3 41862.9 108347 41479.8 38674.7 65759 64806.2 66294.5 21250.9 96355 49198.1 91238.7 32646.6 48473.7 60870.8 70719 86954.4 78951.9 12120.2 44731.8 44634.6 53461.9 87590.5 87779.8 99354.2 58718.1 87624.8 42326.6 63394.2 44009.1 4609.77 72030.9 11328.3 51753.5 76421.2 21158.9 
6946.22 56377.7 46313.1 59478.1 94975.8 68980.1 29861.3 38806.3 58845.1 92306.4 57473.9 94100.2 49932.5 79872.7 5841.23 77414 58806.9 87709.6 58675.8 20906 7615.77 62085.8 52241.5 96066.9 45929.2 52106.1 39019.1 80531.4 55516.7 34143.4 105417 21611.3 39794.7 22912 58000.9 88726.5 46661.9 75688.6 52164.8 59976.4 23516.2 89595.1 29939.3 67472.1 61423.8 87709.8 36591.9 54382.4 94471.2 24709.9 80676 48443.1 68982.4 60347 82453 76241 39084.8 53994.9 59221.6 9651.94 40800.1 69570.8 83985.5 92621.6 21411.2 81372.8 69805.8 51282.1 48013.9 46778.8 36372.8 54333 21804.8 50308 45881.3 
23740.3 32695.7 34261.5 43938.6 71615.8 40688.2 41822.6 29873.4 30642 84175.8 34169.6 87781.7 36845.6 76793.9 22588.7 57236.7 48319.8 67992.5 38172.5 47701.7 32450.7 50524.1 25994.2 69753.9 22311 40104.9 54629.7 53854 27103 6356.1 78671 22289.5 40607 5682.43 41967.2 67110.7 38750.5 49596.2 44580 33908.1 15401.9 82038.1 14252.4 39324.9 42507.5 59566.8 39703.4 28428.9 75392.1 22900 66720.5 20113.7 40809.1 39048.3 56764.9 62269.3 55501.4 39190 31693.1 24177.9 26784 61104 65714.1 76404 35488.2 64540.4 41477.9 37396.5 23124.9 28547.7 46789 36025.7 26617.7 49205.7 18798.4 
54109.7 1236.93 61724.6 66577.6 78006.4 26512.1 74918.4 59928.6 30679.1 108474 1140.18 113194 63041.7 104840 50990.7 71666.6 74352.8 81453.1 7789.74 77200.1 62463.5 75448.1 10469 68372.7 42484.8 66426 87672.7 54031.6 25640 27182.7 74513.2 55394.6 72582.7 37913.2 64543.4 77572.7 67762.1 52939.6 72932.8 42750.7 48400.4 106905 45592.7 23817 61769.3 50120.9 72205.4 8682.17 88883.1 55848.8 87431.1 27017.4 36124.8 55968.3 59719.8 83496.6 88495 18204.4 35947.3 55563 54837.2 87005.7 81547 93579.1 68310.5 82361.6 27618.1 62868.1 40535.7 12603.6 79861.7 11200.4 59722.7 79965.6 16648.1 
44937.4 21064.2 65589.3 73837.7 93239.1 45407 69499.4 61509.4 45376.6 115145 20940.2 119049 67876.1 108416 40591.9 83419.5 79472.8 93888.1 17273.4 65215 52013.3 81384.3 25413.6 85871.4 49856.7 71227 81281.3 70613.9 39945 28500 92853.9 51494.2 71556.4 33920.2 71788.6 91217.7 70365.1 68419.1 76156.2 55419.6 45818.4 113148 45883.5 42807.7 70800.1 69095.9 70126.5 25475.7 101446 53027.5 96240 37722.3 53154.2 65946.8 75622.7 91940.5 81759.9 9213.58 49731.5 47326.3 58125.8 92340.9 92866.8 104429 61667.7 92690.7 46523.6 68208.9 49073.1 8005 75370.6 11510.9 55238.1 80646.5 26181.9 
86802 112837 53473.1 47459.7 66087.5 100131 65849.3 58216.8 86975.5 9656.6 114494 3687.82 51336 13652.8 91386.9 51775.9 39743.4 49600.4 121073 91378.8 87627 38374.2 103458 82758.1 71344.8 47942.7 65712.9 79923.3 90313.1 90695.2 90260.3 72908.2 53053.3 86711.3 49441 57101.4 49149.8 75520.9 43201.9 74664.7 75670.1 8709.19 73629.1 101454 53449.9 95895.5 56363.3 105622 47875.4 70176.1 31501.7 86941 89107.8 59784.7 74631.2 33526.1 67101.2 125726 81656.2 83605.1 60940 26893.9 44488.2 37056.8 72940 40112.8 99824.8 51222.7 73342.6 114622 60301.7 121068 71339.8 42546.2 97467.3 
