20 10 11
777 335 649 27 763 426 211 429 862 135 
9290 8020 220 580 690 1670 3930 4560 110 420 2290 
10 0 9 8 2 6 7 4 9 4 10 0 2 7 9 2 7 9 4 5 
5.03289 50.9816 42.8432 55.7 90.1089 63.14 30.9015 35.5968 53.07 90.2612 
70.5025 70.4918 33.051 20.0878 20.6712 51.7962 65.013 40.586 41.2612 43.4232 
52.0461 73.4118 14.1156 10.6301 48.7182 63.4209 39.2944 20.4005 49.3649 35.871 
80.7759 80.2574 42.4736 29.063 16.7093 60.1333 73.5759 50.1538 50.819 40.3714 
57.3147 8.98944 68.561 73.9828 85.636 33.4349 79.588 66.2857 38.461 115.911 
23.9727 77.2162 54.8336 68.1878 107.162 88.2877 26.0008 47.2488 76.922 93.0188 
8.72067 62.4119 44.0511 57.4826 94.7724 73.0661 23.1106 36.3501 61.9317 87.7091 
55.2844 74.471 16.6784 9.75295 45.6616 63.2785 42.8981 23.461 49.4632 33.7605 
48.8895 9.41116 51.7464 56.1528 68.7922 20.5234 67.4036 50.4706 20.9038 98.0292 
89.7396 67.1509 59.7716 49.6729 17.9204 42.1684 91.8569 65.9826 41.2869 73.621 
39.4819 41.5202 20.3039 24.3742 49.7855 34.4036 45.2306 21.5128 20.0562 66.2695 
45.2283 65.5122 6.10328 9 49.4928 56.8961 35.9484 13.3004 42.5959 44.071 
36.6191 87.306 42.92 54.169 94.662 90.7628 12.9757 37.298 77.1052 68.7669 
74.3455 52.7956 47.4068 39.644 24.7008 28.9171 78.4918 52.7523 25.5327 71.6175 
50.5202 24.4561 41.2393 42.8921 53.4068 14.4845 63.4476 42.0344 5.43323 84.2327 
29.8744 26.6865 37.2651 45.4493 69.6093 34.8455 47.9338 33.9202 25.9494 86.646 
99.1805 73.3197 69.6233 59.357 24.2002 48.0037 101.714 75.8383 49.3356 80.903 
14.7763 54.9659 24.7655 38.0707 75.2386 59.2423 19.6023 17.2 46.3764 71.5268 
33.8599 71.9423 18.5569 29.6987 70.2157 70.151 15.9424 14.3265 55.8813 52.9122 
18.0602 37.6005 33.9438 44.8791 75.133 46.3459 37.1712 28.5 35.9547 83.8475 
