20 10 11
777 335 649 27 763 426 211 429 862 135 
929 802 22 58 69 167 393 456 11 42 229 
10 0 9 8 2 6 7 4 9 4 10 0 2 7 9 2 7 9 4 5 
50328.9 509816 428432 557000 901089 631400 309015 355968 530700 902612 
705025 704918 330510 200878 206712 517962 650130 405860 412612 434232 
520461 734118 141156 106301 487182 634209 392944 204005 493649 358710 
807759 802574 424736 290630 167093 601333 735759 501538 508190 403714 
573147 89894.4 685610 739828 856360 334349 795880 662857 384610 1.15911e+06 
239727 772162 548336 681878 1.07162e+06 882877 260008 472488 769220 930188 
87206.7 624119 440511 574826 947724 730661 231106 363501 619317 877091 
552844 744710 166784 97529.5 456616 632785 428981 234610 494632 337605 
488895 94111.6 517464 561528 687922 205234 674036 504706 209038 980292 
897396 671509 597716 496729 179204 421684 918569 659826 412869 736210 
394819 415202 203039 243742 497855 344036 452306 215128 200562 662695 
452283 655122 61032.8 90000 494928 568961 359484 133004 425959 440710 
366191 873060 429200 541690 946620 907628 129757 372980 771052 687669 
743455 527956 474068 396440 247008 289171 784918 527523 255327 716175 
505202 244561 412393 428921 534068 144845 634476 420344 54332.3 842327 
298744 266865 372651 454493 696093 348455 479338 339202 259494 866460 
991805 733197 696233 593570 242002 480037 1.01714e+06 758383 493356 809030 
147763 549659 247655 380707 752386 592423 196023 172000 463764 715268 
338599 719423 185569 296987 702157 701510 159424 143265 558813 529122 
180602 376005 339438 448791 751330 463459 371712 285000 359547 838475 
