20 10 11
777 335 649 27 763 426 211 429 862 135 
929000 802000 22000 58000 69000 167000 393000 456000 11000 42000 229000 
10 0 9 8 2 6 7 4 9 4 10 0 2 7 9 2 7 9 4 5 
0.503289 5.09816 4.28432 5.57 9.01089 6.314 3.09015 3.55968 5.307 9.02612 
7.05025 7.04918 3.3051 2.00878 2.06712 5.17962 6.5013 4.0586 4.12612 4.34232 
5.20461 7.34118 1.41156 1.06301 4.87182 6.34209 3.92944 2.04005 4.93649 3.5871 
8.07759 8.02574 4.24736 2.9063 1.67093 6.01333 7.35759 5.01538 5.0819 4.03714 
5.73147 0.898944 6.8561 7.39828 8.5636 3.34349 7.9588 6.62857 3.8461 11.5911 
2.39727 7.72162 5.48336 6.81878 10.7162 8.82877 2.60008 4.72488 7.6922 9.30188 
0.872067 6.24119 4.40511 5.74826 9.47724 7.30661 2.31106 3.63501 6.19317 8.77091 
5.52844 7.4471 1.66784 0.975295 4.56616 6.32785 4.28981 2.3461 4.94632 3.37605 
4.88895 0.941116 5.17464 5.61528 6.87922 2.05234 6.74036 5.04706 2.09038 9.80292 
8.97396 6.71509 5.97716 4.96729 1.79204 4.21684 9.18569 6.59826 4.12869 7.3621 
3.94819 4.15202 2.03039 2.43742 4.97855 3.44036 4.52306 2.15128 2.00562 6.62695 
4.52283 6.55122 0.610328 0.9 4.94928 5.68961 3.59484 1.33004 4.25959 4.4071 
3.66191 8.7306 4.292 5.4169 9.4662 9.07628 1.29757 3.7298 7.71052 6.87669 
7.43455 5.27956 4.74068 3.9644 2.47008 2.89171 7.84918 5.27523 2.55327 7.16175 
5.05202 2.44561 4.12393 4.28921 5.34068 1.44845 6.34476 4.20344 0.543323 8.42327 
2.98744 2.66865 3.72651 4.54493 6.96093 3.48455 4.79338 3.39202 2.59494 8.6646 
9.91805 7.33197 6.96233 5.9357 2.42002 4.80037 10.1714 7.58383 4.93356 8.0903 
1.47763 5.49659 2.47655 3.80707 7.52386 5.92423 1.96023 1.72 4.63764 7.15268 
3.38599 7.19423 1.85569 2.96987 7.02157 7.0151 1.59424 1.43265 5.58813 5.29122 
1.80602 3.76005 3.39438 4.48791 7.5133 4.63459 3.71712 2.85 3.59547 8.38475 
