30 15 12
777 335 649 27 763 426 211 429 862 135 22 167 11 373 784 
53.7 19.8 32.4 31.5 37 41.3 52.6 9.1 98 95.6 87.3 86.2 
2 9 3 10 5 6 3 3 0 8 11 0 0 10 11 2 9 9 8 2 5 4 1 9 7 5 5 11 3 3 
8.61275 5.18368 6.45462 5.80677 3.78048 2.68293 9.41276 6.90058 3.28325 8.98846 5.2529 9.61659 6.27881 9.55416 8.58877 
9.67971 7.09071 6.76007 5.75587 2.36326 4.56001 9.96049 7.3725 4.68364 8.0218 7.18011 8.6713 6.49159 8.94826 9.75316 
3.83888 6.46672 0.516624 1.66355 5.69414 5.91037 2.83297 0.697711 4.467 4.87045 6.63218 5.17088 0.751665 4.03252 4.22636 
6.69362 5.14778 3.86898 3.11873 2.56977 3.00563 6.99413 4.41403 2.23379 6.54028 5.28319 7.13987 3.65164 6.92116 6.79779 
2.59156 7.97549 4.8068 6.10162 10.0958 8.77057 1.66087 4.08803 7.52455 8.28001 8.10354 8.28633 5.14861 6.71029 2.97968 
1.77279 3.70595 3.59117 4.687 7.68798 4.69294 3.81068 3.03872 3.69899 8.57959 3.84187 8.90053 3.88932 7.71514 1.62484 
5.24485 6.44517 1.36704 0.131529 3.98197 5.22532 4.55003 2.1346 3.85565 4.30035 6.60961 4.77913 1.00722 4.14595 5.55152 
8.79255 7.25025 5.44537 4.28796 0.662118 4.85989 8.69071 6.13453 4.44154 6.27319 7.37066 6.92234 5.1343 7.221 8.94687 
7.1604 8.86874 3.3271 2.34267 4.30763 7.44005 5.67609 3.99731 6.16393 1.89024 9.03208 2.43731 3.01617 2.39493 7.55054 
5.23154 5.11528 2.17083 1.68077 3.59961 3.6842 5.29748 2.71205 2.3523 5.70453 5.27471 6.23083 1.98217 5.69245 5.41133 
6.12217 4.25625 3.79569 3.35049 3.45971 2.22407 6.72527 4.20975 1.33959 7.13011 4.39356 7.7027 3.65472 7.32014 6.17486 
3.85265 8.62968 3.74342 4.78453 8.8181 8.76614 1.27059 3.26719 7.36614 6.1225 8.78087 6.07003 3.9911 4.47362 4.35167 
9.43722 8.00585 5.95826 4.72889 0.67897 5.60137 9.196 6.67582 5.19782 6.1845 8.12527 6.83381 5.62896 7.29999 9.61131 
8.17602 7.72555 4.45426 3.14721 1.09731 5.60817 7.63911 5.2082 4.78029 4.63787 7.8671 5.28592 4.10235 5.60501 8.41338 
5.1923 2.53237 4.16371 4.27949 5.21676 1.34391 6.44736 4.27011 0.420595 8.394 2.67918 8.91162 4.17852 8.26614 5.11544 
4.1903 6.28208 0.262488 1.13464 5.13622 5.52841 3.38817 1.00499 4.08883 4.74368 6.44846 5.1069 0.186011 4.11752 4.54041 
2.86447 8.2523 5.01618 6.29743 10.3068 9.04591 1.82157 4.3089 7.79493 8.35405 8.37988 8.33912 5.35287 6.75244 3.24446 
2.58141 4.45881 1.91927 2.98565 6.25182 4.48219 3.30841 1.50336 3.14617 6.91655 4.62027 7.26805 2.19584 6.17599 2.76279 
6.11523 8.00103 2.28405 1.45341 4.47395 6.76923 4.73896 2.94717 5.42089 2.77584 8.1662 3.21823 1.98595 2.63973 6.5017 
0.616847 4.79437 3.77033 5.03397 8.43586 5.83824 2.98332 3.06811 4.78023 8.59027 4.9205 8.83349 4.11807 7.50798 0.575847 
2.7388 5.02113 1.39617 2.58027 6.1165 4.88431 2.96096 0.920869 3.49521 6.38549 5.18376 6.71935 1.70792 5.60093 3.0088 
9.22356 7.84372 5.74604 4.52134 0.480104 5.45793 8.98484 6.46233 5.01807 6.07068 7.96518 6.72075 5.41776 7.14964 9.39898 
3.08255 8.18296 4.01699 5.21783 9.26603 8.60582 0.827647 3.39201 7.26158 7.0448 8.32577 7.03082 4.32251 5.44783 3.56202 
3.41457 2.54275 3.614 4.30029 6.50173 3.02592 5.03724 3.3825 2.08543 8.46681 2.7049 8.88982 3.78857 7.94411 3.29569 
1.8643 3.53657 4.06518 5.15123 8.06435 4.78265 4.12826 3.50887 3.90514 9.05349 3.66005 9.37257 4.36206 8.17774 1.59013 
3.01496 5.9891 0.996243 2.34094 6.25538 5.74843 2.35077 0.242074 4.3264 5.6768 6.15168 5.95243 1.36015 4.73466 3.39872 
2.17113 6.18855 2.07077 3.40978 7.32688 6.36277 1.44101 1.31529 4.99985 6.42608 6.34263 6.62193 2.43101 5.25178 2.62528 
4.31561 3.93581 2.40707 2.62231 4.73621 3.02238 4.97562 2.58954 1.58013 6.80825 4.10001 7.28723 2.41961 6.54313 4.40556 
3.53624 1.86507 4.82996 5.61079 7.71145 3.48076 5.6767 4.48486 3.03152 9.75461 1.98842 10.1581 5.04034 9.14385 3.23761 
7.15508 10.3747 4.28921 4.12393 7.03393 9.46335 4.90474 4.58268 8.06083 2.2809 10.541 2.04749 4.17698 0.470106 7.63417 
