30 15 12
777 335 649 27 763 426 211 429 862 135 22 167 11 373 784 
5370 1980 3240 3150 3700 4130 5260 910 9800 9560 8730 8620 
2 9 3 10 5 6 3 3 0 8 11 0 0 10 11 2 9 9 8 2 5 4 1 9 7 5 5 11 3 3 
861275 518368 645462 580677 378048 268293 941276 690058 328325 898846 525290 961659 627881 955416 858877 
967971 709071 676007 575587 236326 456001 996049 737250 468364 802180 718011 867130 649159 894826 975316 
383888 646672 51662.4 166355 569414 591037 283297 69771.1 446700 487045 663218 517088 75166.5 403252 422636 
669362 514778 386898 311873 256977 300563 699413 441403 223379 654028 528319 713987 365164 692116 679779 
259156 797549 480680 610162 1.00958e+06 877057 166087 408803 752455 828001 810354 828633 514861 671029 297968 
177279 370595 359117 468700 768798 469294 381068 303872 369899 857959 384187 890053 388932 771514 162484 
524485 644517 136704 13152.9 398197 522532 455003 213460 385565 430035 660961 477913 100722 414595 555152 
879255 725025 544537 428796 66211.8 485989 869071 613453 444154 627319 737066 692234 513430 722100 894687 
716040 886874 332710 234267 430763 744005 567609 399731 616393 189024 903208 243731 301617 239493 755054 
523154 511528 217083 168077 359961 368420 529748 271205 235230 570453 527471 623083 198217 569245 541133 
612217 425625 379569 335049 345971 222407 672527 420975 133959 713011 439356 770270 365472 732014 617486 
385265 862968 374342 478453 881810 876614 127059 326719 736614 612250 878087 607003 399110 447362 435167 
943722 800585 595826 472889 67897 560137 919600 667582 519782 618450 812527 683381 562896 729999 961131 
817602 772555 445426 314721 109731 560817 763911 520820 478029 463787 786710 528592 410235 560501 841338 
519230 253237 416371 427949 521676 134391 644736 427011 42059.5 839400 267918 891162 417852 826614 511544 
419030 628208 26248.8 113464 513622 552841 338817 100499 408883 474368 644846 510690 18601.1 411752 454041 
286447 825230 501618 629743 1.03068e+06 904591 182157 430890 779493 835405 837988 833912 535287 675244 324446 
258141 445881 191927 298565 625182 448219 330841 150336 314617 691655 462027 726805 219584 617599 276279 
611523 800103 228405 145341 447395 676923 473896 294717 542089 277584 816620 321823 198595 263973 650170 
61684.7 479437 377033 503397 843586 583824 298332 306811 478023 859027 492050 883349 411807 750798 57584.7 
273880 502113 139617 258027 611650 488431 296096 92086.9 349521 638549 518376 671935 170792 560093 300880 
922356 784372 574604 452134 48010.4 545793 898484 646233 501807 607068 796518 672075 541776 714964 939898 
308255 818296 401699 521783 926603 860582 82764.7 339201 726158 704480 832577 703082 432251 544783 356202 
341457 254275 361400 430029 650173 302592 503724 338250 208543 846681 270490 888982 378857 794411 329569 
186430 353657 406518 515123 806435 478265 412826 350887 390514 905349 366005 937257 436206 817774 159013 
301496 598910 99624.3 234094 625538 574843 235077 24207.4 432640 567680 615168 595243 136015 473466 339872 
217113 618855 207077 340978 732688 636277 144101 131529 499985 642608 634263 662193 243101 525178 262528 
431561 393581 240707 262231 473621 302238 497562 258954 158013 680825 410001 728723 241961 654313 440556 
353624 186507 482996 561079 771145 348076 567670 448486 303152 975461 198842 1.01581e+06 504034 914385 323761 
715508 1.03747e+06 428921 412393 703393 946335 490474 458268 806083 228090 1.0541e+06 204749 417698 47010.6 763417 
