30 15 12
777 335 649 27 763 426 211 429 862 135 22 167 11 373 784 
5.37 1.98 3.24 3.15 3.7 4.13 5.26 0.91 9.8 9.56 8.73 8.62 
2 9 3 10 5 6 3 3 0 8 11 0 0 10 11 2 9 9 8 2 5 4 1 9 7 5 5 11 3 3 
86127.5 51836.8 64546.2 58067.7 37804.8 26829.3 94127.6 69005.8 32832.5 89884.6 52529 96165.9 62788.1 95541.6 85887.7 
96797.1 70907.1 67600.7 57558.7 23632.6 45600.1 99604.9 73725 46836.4 80218 71801.1 86713 64915.9 89482.6 97531.6 
38388.8 64667.2 5166.24 16635.5 56941.4 59103.7 28329.7 6977.11 44670 48704.5 66321.8 51708.8 7516.65 40325.2 42263.6 
66936.2 51477.8 38689.8 31187.3 25697.7 30056.3 69941.3 44140.3 22337.9 65402.8 52831.9 71398.7 36516.4 69211.6 67977.9 
25915.6 79754.9 48068 61016.2 100958 87705.7 16608.7 40880.3 75245.5 82800.1 81035.4 82863.3 51486.1 67102.9 29796.8 
17727.9 37059.5 35911.7 46870 76879.8 46929.4 38106.8 30387.2 36989.9 85795.9 38418.7 89005.3 38893.2 77151.4 16248.4 
52448.5 64451.7 13670.4 1315.29 39819.7 52253.2 45500.3 21346 38556.5 43003.5 66096.1 47791.3 10072.2 41459.5 55515.2 
87925.5 72502.5 54453.7 42879.6 6621.18 48598.9 86907.1 61345.3 44415.4 62731.9 73706.6 69223.4 51343 72210 89468.7 
71604 88687.4 33271 23426.7 43076.3 74400.5 56760.9 39973.1 61639.3 18902.4 90320.8 24373.1 30161.7 23949.3 75505.4 
52315.4 51152.8 21708.3 16807.7 35996.1 36842 52974.8 27120.5 23523 57045.3 52747.1 62308.3 19821.7 56924.5 54113.3 
61221.7 42562.5 37956.9 33504.9 34597.1 22240.7 67252.7 42097.5 13395.9 71301.1 43935.6 77027 36547.2 73201.4 61748.6 
38526.5 86296.8 37434.2 47845.3 88181 87661.4 12705.9 32671.9 73661.4 61225 87808.7 60700.3 39911 44736.2 43516.7 
94372.2 80058.5 59582.6 47288.9 6789.7 56013.7 91960 66758.2 51978.2 61845 81252.7 68338.1 56289.6 72999.9 96113.1 
81760.2 77255.5 44542.6 31472.1 10973.1 56081.7 76391.1 52082 47802.9 46378.7 78671 52859.2 41023.5 56050.1 84133.8 
51923 25323.7 41637.1 42794.9 52167.6 13439.1 64473.6 42701.1 4205.95 83940 26791.8 89116.2 41785.2 82661.4 51154.4 
41903 62820.8 2624.88 11346.4 51362.2 55284.1 33881.7 10049.9 40888.3 47436.8 64484.6 51069 1860.11 41175.2 45404.1 
28644.7 82523 50161.8 62974.3 103068 90459.1 18215.7 43089 77949.3 83540.5 83798.8 83391.2 53528.7 67524.4 32444.6 
25814.1 44588.1 19192.7 29856.5 62518.2 44821.9 33084.1 15033.6 31461.7 69165.5 46202.7 72680.5 21958.4 61759.9 27627.9 
61152.3 80010.3 22840.5 14534.1 44739.5 67692.3 47389.6 29471.7 54208.9 27758.4 81662 32182.3 19859.5 26397.3 65017 
6168.47 47943.7 37703.3 50339.7 84358.6 58382.4 29833.2 30681.1 47802.3 85902.7 49205 88334.9 41180.7 75079.8 5758.47 
27388 50211.3 13961.7 25802.7 61165 48843.1 29609.6 9208.69 34952.1 63854.9 51837.6 67193.5 17079.2 56009.3 30088 
92235.6 78437.2 57460.4 45213.4 4801.04 54579.3 89848.4 64623.3 50180.7 60706.8 79651.8 67207.5 54177.6 71496.4 93989.8 
30825.5 81829.6 40169.9 52178.3 92660.3 86058.2 8276.47 33920.1 72615.8 70448 83257.7 70308.2 43225.1 54478.3 35620.2 
34145.7 25427.5 36140 43002.9 65017.3 30259.2 50372.4 33825 20854.3 84668.1 27049 88898.2 37885.7 79441.1 32956.9 
18643 35365.7 40651.8 51512.3 80643.5 47826.5 41282.6 35088.7 39051.4 90534.9 36600.5 93725.7 43620.6 81777.4 15901.3 
30149.6 59891 9962.43 23409.4 62553.8 57484.3 23507.7 2420.74 43264 56768 61516.8 59524.3 13601.5 47346.6 33987.2 
21711.3 61885.5 20707.7 34097.8 73268.8 63627.7 14410.1 13152.9 49998.5 64260.8 63426.3 66219.3 24310.1 52517.8 26252.8 
43156.1 39358.1 24070.7 26223.1 47362.1 30223.8 49756.2 25895.4 15801.3 68082.5 41000.1 72872.3 24196.1 65431.3 44055.6 
35362.4 18650.7 48299.6 56107.9 77114.5 34807.6 56767 44848.6 30315.2 97546.1 19884.2 101581 50403.4 91438.5 32376.1 
71550.8 103747 42892.1 41239.3 70339.3 94633.5 49047.4 45826.8 80608.3 22809 105410 20474.9 41769.8 4701.06 76341.7 
