30 15 12
777 335 649 27 763 426 211 429 862 135 22 167 11 373 784 
5370 1980 3240 3150 3700 4130 5260 910 9800 9560 8730 8620 
2 9 3 10 5 6 3 3 0 8 11 0 0 10 11 2 9 9 8 2 5 4 1 9 7 5 5 11 3 3 
86.1275 51.8368 64.5462 58.0677 37.8048 26.8293 94.1276 69.0058 32.8325 89.8846 52.529 96.1659 62.7881 95.5416 85.8877 
96.7971 70.9071 67.6007 57.5587 23.6326 45.6001 99.6049 73.725 46.8364 80.218 71.8011 86.713 64.9159 89.4826 97.5316 
38.3888 64.6672 5.16624 16.6355 56.9414 59.1037 28.3297 6.97711 44.67 48.7045 66.3218 51.7088 7.51665 40.3252 42.2636 
66.9362 51.4778 38.6898 31.1873 25.6977 30.0563 69.9413 44.1403 22.3379 65.4028 52.8319 71.3987 36.5164 69.2116 67.9779 
25.9156 79.7549 48.068 61.0162 100.958 87.7057 16.6087 40.8803 75.2455 82.8001 81.0354 82.8633 51.4861 67.1029 29.7968 
17.7279 37.0595 35.9117 46.87 76.8798 46.9294 38.1068 30.3872 36.9899 85.7959 38.4187 89.0053 38.8932 77.1514 16.2484 
52.4485 64.4517 13.6704 1.31529 39.8197 52.2532 45.5003 21.346 38.5565 43.0035 66.0961 47.7913 10.0722 41.4595 55.5152 
87.9255 72.5025 54.4537 42.8796 6.62118 48.5989 86.9071 61.3453 44.4154 62.7319 73.7066 69.2234 51.343 72.21 89.4687 
71.604 88.6874 33.271 23.4267 43.0763 74.4005 56.7609 39.9731 61.6393 18.9024 90.3208 24.3731 30.1617 23.9493 75.5054 
52.3154 51.1528 21.7083 16.8077 35.9961 36.842 52.9748 27.1205 23.523 57.0453 52.7471 62.3083 19.8217 56.9245 54.1133 
61.2217 42.5625 37.9569 33.5049 34.5971 22.2407 67.2527 42.0975 13.3959 71.3011 43.9356 77.027 36.5472 73.2014 61.7486 
38.5265 86.2968 37.4342 47.8453 88.181 87.6614 12.7059 32.6719 73.6614 61.225 87.8087 60.7003 39.911 44.7362 43.5167 
94.3722 80.0585 59.5826 47.2889 6.7897 56.0137 91.96 66.7582 51.9782 61.845 81.2527 68.3381 56.2896 72.9999 96.1131 
81.7602 77.2555 44.5426 31.4721 10.9731 56.0817 76.3911 52.082 47.8029 46.3787 78.671 52.8592 41.0235 56.0501 84.1338 
51.923 25.3237 41.6371 42.7949 52.1676 13.4391 64.4736 42.7011 4.20595 83.94 26.7918 89.1162 41.7852 82.6614 51.1544 
41.903 62.8208 2.62488 11.3464 51.3622 55.2841 33.8817 10.0499 40.8883 47.4368 64.4846 51.069 1.86011 41.1752 45.4041 
28.6447 82.523 50.1618 62.9743 103.068 90.4591 18.2157 43.089 77.9493 83.5405 83.7988 83.3912 53.5287 67.5244 32.4446 
25.8141 44.5881 19.1927 29.8565 62.5182 44.8219 33.0841 15.0336 31.4617 69.1655 46.2027 72.6805 21.9584 61.7599 27.6279 
61.1523 80.0103 22.8405 14.5341 44.7395 67.6923 47.3896 29.4717 54.2089 27.7584 81.662 32.1823 19.8595 26.3973 65.017 
6.16847 47.9437 37.7033 50.3397 84.3586 58.3824 29.8332 30.6811 47.8023 85.9027 49.205 88.3349 41.1807 75.0798 5.75847 
27.388 50.2113 13.9617 25.8027 61.165 48.8431 29.6096 9.20869 34.9521 63.8549 51.8376 67.1935 17.0792 56.0093 30.088 
92.2356 78.4372 57.4604 45.2134 4.80104 54.5793 89.8484 64.6233 50.1807 60.7068 79.6518 67.2075 54.1776 71.4964 93.9898 
30.8255 81.8296 40.1699 52.1783 92.6603 86.0582 8.27647 33.9201 72.6158 70.448 83.2577 70.3082 43.2251 54.4783 35.6202 
34.1457 25.4275 36.14 43.0029 65.0173 30.2592 50.3724 33.825 20.8543 84.6681 27.049 88.8982 37.8857 79.4411 32.9569 
18.643 35.3657 40.6518 51.5123 80.6435 47.8265 41.2826 35.0887 39.0514 90.5349 36.6005 93.7257 43.6206 81.7774 15.9013 
30.1496 59.891 9.96243 23.4094 62.5538 57.4843 23.5077 2.42074 43.264 56.768 61.5168 59.5243 13.6015 47.3466 33.9872 
21.7113 61.8855 20.7077 34.0978 73.2688 63.6277 14.4101 13.1529 49.9985 64.2608 63.4263 66.2193 24.3101 52.5178 26.2528 
43.1561 39.3581 24.0707 26.2231 47.3621 30.2238 49.7562 25.8954 15.8013 68.0825 41.0001 72.8723 24.1961 65.4313 44.0556 
35.3624 18.6507 48.2996 56.1079 77.1145 34.8076 56.767 44.8486 30.3152 97.5461 19.8842 101.581 50.4034 91.4385 32.3761 
71.5508 103.747 42.8921 41.2393 70.3393 94.6335 49.0474 45.8268 80.6083 22.809 105.41 20.4749 41.7698 4.70106 76.3417 
