30 15 12
777 335 649 27 763 426 211 429 862 135 22 167 11 373 784 
5.37 1.98 3.24 3.15 3.7 4.13 5.26 0.91 9.8 9.56 8.73 8.62 
2 9 3 10 5 6 3 3 0 8 11 0 0 10 11 2 9 9 8 2 5 4 1 9 7 5 5 11 3 3 
8612.75 5183.68 6454.62 5806.77 3780.48 2682.93 9412.76 6900.58 3283.25 8988.46 5252.9 9616.59 6278.81 9554.16 8588.77 
9679.71 7090.71 6760.07 5755.87 2363.26 4560.01 9960.49 7372.5 4683.64 8021.8 7180.11 8671.3 6491.59 8948.26 9753.16 
3838.88 6466.72 516.624 1663.55 5694.14 5910.37 2832.97 697.711 4467 4870.45 6632.18 5170.88 751.665 4032.52 4226.36 
6693.62 5147.78 3868.98 3118.73 2569.77 3005.63 6994.13 4414.03 2233.79 6540.28 5283.19 7139.87 3651.64 6921.16 6797.79 
2591.56 7975.49 4806.8 6101.62 10095.8 8770.57 1660.87 4088.03 7524.55 8280.01 8103.54 8286.33 5148.61 6710.29 2979.68 
1772.79 3705.95 3591.17 4687 7687.98 4692.94 3810.68 3038.72 3698.99 8579.59 3841.87 8900.53 3889.32 7715.14 1624.84 
5244.85 6445.17 1367.04 131.529 3981.97 5225.32 4550.03 2134.6 3855.65 4300.35 6609.61 4779.13 1007.22 4145.95 5551.52 
8792.55 7250.25 5445.37 4287.96 662.118 4859.89 8690.71 6134.53 4441.54 6273.19 7370.66 6922.34 5134.3 7221 8946.87 
7160.4 8868.74 3327.1 2342.67 4307.63 7440.05 5676.09 3997.31 6163.93 1890.24 9032.08 2437.31 3016.17 2394.93 7550.54 
5231.54 5115.28 2170.83 1680.77 3599.61 3684.2 5297.48 2712.05 2352.3 5704.53 5274.71 6230.83 1982.17 5692.45 5411.33 
6122.17 4256.25 3795.69 3350.49 3459.71 2224.07 6725.27 4209.75 1339.59 7130.11 4393.56 7702.7 3654.72 7320.14 6174.86 
3852.65 8629.68 3743.42 4784.53 8818.1 8766.14 1270.59 3267.19 7366.14 6122.5 8780.87 6070.03 3991.1 4473.62 4351.67 
9437.22 8005.85 5958.26 4728.89 678.97 5601.37 9196 6675.82 5197.82 6184.5 8125.27 6833.81 5628.96 7299.99 9611.31 
8176.02 7725.55 4454.26 3147.21 1097.31 5608.17 7639.11 5208.2 4780.29 4637.87 7867.1 5285.92 4102.35 5605.01 8413.38 
5192.3 2532.37 4163.71 4279.49 5216.76 1343.91 6447.36 4270.11 420.595 8394 2679.18 8911.62 4178.52 8266.14 5115.44 
4190.3 6282.08 262.488 1134.64 5136.22 5528.41 3388.17 1004.99 4088.83 4743.68 6448.46 5106.9 186.011 4117.52 4540.41 
2864.47 8252.3 5016.18 6297.43 10306.8 9045.91 1821.57 4308.9 7794.93 8354.05 8379.88 8339.12 5352.87 6752.44 3244.46 
2581.41 4458.81 1919.27 2985.65 6251.82 4482.19 3308.41 1503.36 3146.17 6916.55 4620.27 7268.05 2195.84 6175.99 2762.79 
6115.23 8001.03 2284.05 1453.41 4473.95 6769.23 4738.96 2947.17 5420.89 2775.84 8166.2 3218.23 1985.95 2639.73 6501.7 
616.847 4794.37 3770.33 5033.97 8435.86 5838.24 2983.32 3068.11 4780.23 8590.27 4920.5 8833.49 4118.07 7507.98 575.847 
2738.8 5021.13 1396.17 2580.27 6116.5 4884.31 2960.96 920.869 3495.21 6385.49 5183.76 6719.35 1707.92 5600.93 3008.8 
9223.56 7843.72 5746.04 4521.34 480.104 5457.93 8984.84 6462.33 5018.07 6070.68 7965.18 6720.75 5417.76 7149.64 9398.98 
3082.55 8182.96 4016.99 5217.83 9266.03 8605.82 827.647 3392.01 7261.58 7044.8 8325.77 7030.82 4322.51 5447.83 3562.02 
3414.57 2542.75 3614 4300.29 6501.73 3025.92 5037.24 3382.5 2085.43 8466.81 2704.9 8889.82 3788.57 7944.11 3295.69 
1864.3 3536.57 4065.18 5151.23 8064.35 4782.65 4128.26 3508.87 3905.14 9053.49 3660.05 9372.57 4362.06 8177.74 1590.13 
3014.96 5989.1 996.243 2340.94 6255.38 5748.43 2350.77 242.074 4326.4 5676.8 6151.68 5952.43 1360.15 4734.66 3398.72 
2171.13 6188.55 2070.77 3409.78 7326.88 6362.77 1441.01 1315.29 4999.85 6426.08 6342.63 6621.93 2431.01 5251.78 2625.28 
4315.61 3935.81 2407.07 2622.31 4736.21 3022.38 4975.62 2589.54 1580.13 6808.25 4100.01 7287.23 2419.61 6543.13 4405.56 
3536.24 1865.07 4829.96 5610.79 7711.45 3480.76 5676.7 4484.86 3031.52 9754.61 1988.42 10158.1 5040.34 9143.85 3237.61 
7155.08 10374.7 4289.21 4123.93 7033.93 9463.35 4904.74 4582.68 8060.83 2280.9 10541 2047.49 4176.98 470.106 7634.17 
