40 20 20
777 335 649 27 763 426 211 429 862 135 22 167 11 373 784 324 413 980 862 281 
30500 92500 8400 32700 33600 50500 84600 72900 31300 85700 12400 89500 58200 54500 81400 36700 43400 36400 4300 75000 
7 18 3 19 16 12 14 10 7 2 12 0 5 19 11 11 9 16 6 3 8 9 10 15 16 5 1 8 1 0 4 16 7 16 17 7 18 17 18 11 
743.455 527.956 474.068 396.44 247.008 289.171 784.918 527.523 255.327 716.175 539.738 778.042 452.355 767.441 750.479 282.002 501.881 337.267 615.072 962 
505.202 244.561 412.393 428.921 534.068 144.845 634.476 420.344 54.3323 842.327 259.625 893.378 415.222 826.16 496.904 460.431 519.158 558.295 334.283 742.744 
298.744 266.865 372.651 454.493 696.093 348.455 479.338 339.202 259.494 866.46 282.113 906.021 394.167 804.056 283.064 567.567 510.247 674.681 327.393 538.447 
991.805 733.197 696.233 593.57 242.002 480.037 1017.14 758.383 493.356 809.03 742.006 874.046 668.833 905.903 999.501 418.412 690.499 407.182 813.354 1206.95 
147.763 549.659 247.655 380.707 752.386 592.423 196.023 172 463.764 715.268 564.526 738.241 284.102 605.29 187.641 566.782 372.787 666.984 603.075 324.427 
338.599 719.423 185.569 296.987 702.157 701.51 159.424 143.265 558.813 529.122 735.435 543.611 211.634 401.628 385.894 497.257 233.617 578.813 784.391 413.807 
180.602 376.005 339.438 448.791 751.33 463.459 371.712 285 359.547 838.475 390.063 870.883 369.103 753.236 171.172 597.003 480.418 704.12 424.232 420.193 
510.554 635.284 123.693 20.6155 409.02 517.985 443.63 200.192 379.747 439.82 651.768 486.68 88.1192 419.363 541.156 207.386 119.269 301.385 719.381 672.027 
818.563 763.552 449.722 320.351 96.7729 549.431 769.651 524.585 469.308 478.94 777.566 543.721 414.904 574.374 841.477 119.57 395.38 75.2396 853.347 996.976 
399.49 669.481 69 166.481 571.505 610.889 283.833 90.6973 466.55 467.184 686.035 495.994 84.0952 380.518 439.483 367.2 122.016 452.197 743.964 525 
693.797 517.054 416.39 340.508 250.839 293.293 728.204 470.425 230.471 674.867 530.028 735.546 394.707 717.621 702.957 242.012 446.365 311.448 605.957 909.077 
455.449 720.795 112.254 156.416 556.004 647.612 316.261 150.333 503.922 407.977 737.408 436.312 108.046 323.234 496.698 349.357 76.6942 424.382 797.198 566.993 
537.587 415.785 306.778 280.264 385.001 255.705 593.762 343.759 126.669 680.062 431.003 734.02 296.243 681.787 545.389 289.171 381.251 388.816 505.302 757.671 
167.027 479.292 243.074 367.491 715.122 521.457 268.091 177.279 395.683 733.984 494.419 762.577 277.016 639.065 190.948 539.787 380.139 643.77 535.716 379.722 
832.633 1058.88 477.897 403.288 574.259 922.35 641.363 532.824 793.545 30.5941 1075.35 65.307 452.832 151.819 876.413 431.973 337.243 409.044 1142.85 900.561 
232.648 449.755 206.189 318.699 650.49 465.027 314.963 156.311 334.105 705.569 465.653 739.03 236.019 625.809 251.269 480.276 347.248 585.731 514.615 446.947 
630.632 226.318 546.174 545.95 560.565 27.0185 773.683 559 149.646 946.792 235.009 1001.58 545.415 947.348 616.393 536.899 642.925 622.396 307.371 870.109 
545.055 606.897 177.882 76.531 351.689 467.985 502.309 249.874 335.491 470.821 623.077 522.855 146.373 471.594 571.08 160.078 182.792 263.6 693.6 721.372 
821.659 489.56 608.142 546.875 369.64 237.228 902.08 651.56 289.249 875.263 497.305 937.453 591.341 926.206 819.576 441.416 653.143 488.821 567.071 1052.68 
309.095 716.224 212.869 330.829 735.572 711.973 121.462 159.531 570.793 565.212 731.973 577.881 241.868 432.844 357.532 531.601 271.536 615.092 777.927 375.213 
511.723 75.213 541.133 582.58 696.915 199.722 699.011 529.371 220.737 1000.86 90.9065 1049.07 551.96 969.665 487.308 629.851 663.461 727.946 164.639 749.064 
875.265 876.824 487.256 352.666 191.23 671.096 789.715 564.384 582.204 383.02 891.384 447.8 450.632 506.578 903.728 182.2 398.177 75.5844 966.708 1032.19 
178.631 553.565 216.749 350.036 724.489 582.742 197.99 141 450.644 686.226 568.821 710.226 253.237 579.411 217.555 537.272 342.13 636.909 610.712 349.497 
738.253 863.343 346.071 227.882 361.386 704.469 610.568 418.937 583.545 231.976 879.392 293.128 311.541 308.551 774.249 203.002 222.41 194.833 950.596 863.892 
432.925 259.786 359.785 395.904 559.973 217.47 563.494 358.645 105.948 814.617 276.21 862.338 367.619 784.272 426.386 459.343 477.46 562.617 345.419 669.846 
635.29 348.891 461.824 434.219 421.9 119.67 731.779 491.874 101.671 818.648 360.68 875.71 453.028 834.086 632.178 399.362 537.142 481.664 436.101 868.332 
535.381 548.631 203.298 135.074 347.311 404.428 523.582 265.166 272.635 532.886 564.628 585.755 179.368 534.48 556.378 181.893 240.169 289.456 636.268 727.265 
760.345 584.83 461.064 368.246 184.491 351.551 780.082 521.284 302.536 660.91 597.245 723.683 435.46 722.001 771.447 228.974 470.919 274.614 672.97 970.907 
693.785 824.151 301.159 183.308 365.453 672.447 571.431 374.433 547.899 259.625 840.311 317.238 266.492 310.097 729.464 187.067 180.427 203.421 910.844 822.927 
369.709 881.477 444.846 558.008 962.996 919.696 140.812 387.769 783.747 702.659 895.806 695.414 473.017 535.06 416.886 757.209 483.939 833.662 928.421 268.924 
540.52 194.003 723.747 796.036 954.652 447.161 783.304 688.851 475.682 1213.29 185.607 1255.17 743.91 1155.4 497.668 874.443 859.936 976.402 121.491 744.054 
534.439 347.546 357.001 346.879 435.239 189.447 621.342 382.624 55.1543 751.117 362.377 804.555 351.746 748.362 535.601 358.169 444.775 455.07 437.371 763.776 
32.45 553.946 367.6 500.145 863.496 645.354 228.862 292.015 531.159 828.147 566.873 847.555 403.972 707.975 82.0731 683.012 491.55 784.694 591.166 238.315 
338.565 540.234 74.8131 189.32 555.543 494.122 319.1 65.9697 350.629 574.227 556.785 610.082 102.694 505.751 368.164 368.285 215.523 469.506 615.028 516.4 
630.354 860.403 268.427 211.703 510 746.612 464.389 323.827 609.87 233 877.001 267.088 244.92 191.604 672.298 318.449 128.818 350.228 942.119 723.329 
770.393 803.782 381.294 246.759 224.722 616.332 685.149 458.423 512.001 355.13 819.015 419.237 344.653 445.295 799.758 99.4887 295.435 60.0333 893.212 926.305 
857.084 924.173 463.087 334.013 296.522 736.941 741.335 538.677 633.064 274.642 939.513 339.366 427.005 405.72 890.38 220.737 350.258 144.931 1013.44 992.831 
174.794 680 336.752 469.422 863.586 735.86 84.9588 262.231 606.942 734.588 694.058 745.322 372.2 596.108 224.66 667.255 430.499 759.924 725.425 213.153 
744.361 812.2 351.518 219.112 275.136 636.878 645.899 428.224 524.485 314.326 827.818 377.327 314.951 395.464 776.032 122.09 253.571 110.941 900.935 891.164 
651.517 264.32 543.261 533.796 526.824 11.1803 783.827 561.288 146.003 928.154 273.002 984.124 539.957 935.412 639.648 512.291 633.285 594.515 345.138 890.311 
