40 20 20
777 335 649 27 763 426 211 429 862 135 22 167 11 373 784 324 413 980 862 281 
30.5 92.5 8.4 32.7 33.6 50.5 84.6 72.9 31.3 85.7 12.4 89.5 58.2 54.5 81.4 36.7 43.4 36.4 4.3 75 
7 18 3 19 16 12 14 10 7 2 12 0 5 19 11 11 9 16 6 3 8 9 10 15 16 5 1 8 1 0 4 16 7 16 17 7 18 17 18 11 
7.43455 5.27956 4.74068 3.9644 2.47008 2.89171 7.84918 5.27523 2.55327 7.16175 5.39738 7.78042 4.52355 7.67441 7.50479 2.82002 5.01881 3.37267 6.15072 9.62 
5.05202 2.44561 4.12393 4.28921 5.34068 1.44845 6.34476 4.20344 0.543323 8.42327 2.59625 8.93378 4.15222 8.2616 4.96904 4.60431 5.19158 5.58295 3.34283 7.42744 
2.98744 2.66865 3.72651 4.54493 6.96093 3.48455 4.79338 3.39202 2.59494 8.6646 2.82113 9.06021 3.94167 8.04056 2.83064 5.67567 5.10247 6.74681 3.27393 5.38447 
9.91805 7.33197 6.96233 5.9357 2.42002 4.80037 10.1714 7.58383 4.93356 8.0903 7.42006 8.74046 6.68833 9.05903 9.99501 4.18412 6.90499 4.07182 8.13354 12.0695 
1.47763 5.49659 2.47655 3.80707 7.52386 5.92423 1.96023 1.72 4.63764 7.15268 5.64526 7.38241 2.84102 6.0529 1.87641 5.66782 3.72787 6.66984 6.03075 3.24427 
3.38599 7.19423 1.85569 2.96987 7.02157 7.0151 1.59424 1.43265 5.58813 5.29122 7.35435 5.43611 2.11634 4.01628 3.85894 4.97257 2.33617 5.78813 7.84391 4.13807 
1.80602 3.76005 3.39438 4.48791 7.5133 4.63459 3.71712 2.85 3.59547 8.38475 3.90063 8.70883 3.69103 7.53236 1.71172 5.97003 4.80418 7.0412 4.24232 4.20193 
5.10554 6.35284 1.23693 0.206155 4.0902 5.17985 4.4363 2.00192 3.79747 4.3982 6.51768 4.8668 0.881192 4.19363 5.41156 2.07386 1.19269 3.01385 7.19381 6.72027 
8.18563 7.63552 4.49722 3.20351 0.967729 5.49431 7.69651 5.24585 4.69308 4.7894 7.77566 5.43721 4.14904 5.74374 8.41477 1.1957 3.9538 0.752396 8.53347 9.96976 
3.9949 6.69481 0.69 1.66481 5.71505 6.10889 2.83833 0.906973 4.6655 4.67184 6.86035 4.95994 0.840952 3.80518 4.39483 3.672 1.22016 4.52197 7.43964 5.25 
6.93797 5.17054 4.1639 3.40508 2.50839 2.93293 7.28204 4.70425 2.30471 6.74867 5.30028 7.35546 3.94707 7.17621 7.02957 2.42012 4.46365 3.11448 6.05957 9.09077 
4.55449 7.20795 1.12254 1.56416 5.56004 6.47612 3.16261 1.50333 5.03922 4.07977 7.37408 4.36312 1.08046 3.23234 4.96698 3.49357 0.766942 4.24382 7.97198 5.66993 
5.37587 4.15785 3.06778 2.80264 3.85001 2.55705 5.93762 3.43759 1.26669 6.80062 4.31003 7.3402 2.96243 6.81787 5.45389 2.89171 3.81251 3.88816 5.05302 7.57671 
1.67027 4.79292 2.43074 3.67491 7.15122 5.21457 2.68091 1.77279 3.95683 7.33984 4.94419 7.62577 2.77016 6.39065 1.90948 5.39787 3.80139 6.4377 5.35716 3.79722 
8.32633 10.5888 4.77897 4.03288 5.74259 9.2235 6.41363 5.32824 7.93545 0.305941 10.7535 0.65307 4.52832 1.51819 8.76413 4.31973 3.37243 4.09044 11.4285 9.00561 
2.32648 4.49755 2.06189 3.18699 6.5049 4.65027 3.14963 1.56311 3.34105 7.05569 4.65653 7.3903 2.36019 6.25809 2.51269 4.80276 3.47248 5.85731 5.14615 4.46947 
6.30632 2.26318 5.46174 5.4595 5.60565 0.270185 7.73683 5.59 1.49646 9.46792 2.35009 10.0158 5.45415 9.47348 6.16393 5.36899 6.42925 6.22396 3.07371 8.70109 
5.45055 6.06897 1.77882 0.76531 3.51689 4.67985 5.02309 2.49874 3.35491 4.70821 6.23077 5.22855 1.46373 4.71594 5.7108 1.60078 1.82792 2.636 6.936 7.21372 
8.21659 4.8956 6.08142 5.46875 3.6964 2.37228 9.0208 6.5156 2.89249 8.75263 4.97305 9.37453 5.91341 9.26206 8.19576 4.41416 6.53143 4.88821 5.67071 10.5268 
3.09095 7.16224 2.12869 3.30829 7.35572 7.11973 1.21462 1.59531 5.70793 5.65212 7.31973 5.77881 2.41868 4.32844 3.57532 5.31601 2.71536 6.15092 7.77927 3.75213 
5.11723 0.75213 5.41133 5.8258 6.96915 1.99722 6.99011 5.29371 2.20737 10.0086 0.909065 10.4907 5.5196 9.69665 4.87308 6.29851 6.63461 7.27946 1.64639 7.49064 
8.75265 8.76824 4.87256 3.52666 1.9123 6.71096 7.89715 5.64384 5.82204 3.8302 8.91384 4.478 4.50632 5.06578 9.03728 1.822 3.98177 0.755844 9.66708 10.3219 
1.78631 5.53565 2.16749 3.50036 7.24489 5.82742 1.9799 1.41 4.50644 6.86226 5.68821 7.10226 2.53237 5.79411 2.17555 5.37272 3.4213 6.36909 6.10712 3.49497 
7.38253 8.63343 3.46071 2.27882 3.61386 7.04469 6.10568 4.18937 5.83545 2.31976 8.79392 2.93128 3.11541 3.08551 7.74249 2.03002 2.2241 1.94833 9.50596 8.63892 
4.32925 2.59786 3.59785 3.95904 5.59973 2.1747 5.63494 3.58645 1.05948 8.14617 2.7621 8.62338 3.67619 7.84272 4.26386 4.59343 4.7746 5.62617 3.45419 6.69846 
6.3529 3.48891 4.61824 4.34219 4.219 1.1967 7.31779 4.91874 1.01671 8.18648 3.6068 8.7571 4.53028 8.34086 6.32178 3.99362 5.37142 4.81664 4.36101 8.68332 
5.35381 5.48631 2.03298 1.35074 3.47311 4.04428 5.23582 2.65166 2.72635 5.32886 5.64628 5.85755 1.79368 5.3448 5.56378 1.81893 2.40169 2.89456 6.36268 7.27265 
7.60345 5.8483 4.61064 3.68246 1.84491 3.51551 7.80082 5.21284 3.02536 6.6091 5.97245 7.23683 4.3546 7.22001 7.71447 2.28974 4.70919 2.74614 6.7297 9.70907 
6.93785 8.24151 3.01159 1.83308 3.65453 6.72447 5.71431 3.74433 5.47899 2.59625 8.40311 3.17238 2.66492 3.10097 7.29464 1.87067 1.80427 2.03421 9.10844 8.22927 
3.69709 8.81477 4.44846 5.58008 9.62996 9.19696 1.40812 3.87769 7.83747 7.02659 8.95806 6.95414 4.73017 5.3506 4.16886 7.57209 4.83939 8.33662 9.28421 2.68924 
5.4052 1.94003 7.23747 7.96036 9.54652 4.47161 7.83304 6.88851 4.75682 12.1329 1.85607 12.5517 7.4391 11.554 4.97668 8.74443 8.59936 9.76402 1.21491 7.44054 
5.34439 3.47546 3.57001 3.46879 4.35239 1.89447 6.21342 3.82624 0.551543 7.51117 3.62377 8.04555 3.51746 7.48362 5.35601 3.58169 4.44775 4.5507 4.37371 7.63776 
0.3245 5.53946 3.676 5.00145 8.63496 6.45354 2.28862 2.92015 5.31159 8.28147 5.66873 8.47555 4.03972 7.07975 0.820731 6.83012 4.9155 7.84694 5.91166 2.38315 
3.38565 5.40234 0.748131 1.8932 5.55543 4.94122 3.191 0.659697 3.50629 5.74227 5.56785 6.10082 1.02694 5.05751 3.68164 3.68285 2.15523 4.69506 6.15028 5.164 
6.30354 8.60403 2.68427 2.11703 5.1 7.46612 4.64389 3.23827 6.0987 2.33 8.77001 2.67088 2.4492 1.91604 6.72298 3.18449 1.28818 3.50228 9.42119 7.23329 
7.70393 8.03782 3.81294 2.46759 2.24722 6.16332 6.85149 4.58423 5.12001 3.5513 8.19015 4.19237 3.44653 4.45295 7.99758 0.994887 2.95435 0.600333 8.93212 9.26305 
8.57084 9.24173 4.63087 3.34013 2.96522 7.36941 7.41335 5.38677 6.33064 2.74642 9.39513 3.39366 4.27005 4.0572 8.9038 2.20737 3.50258 1.44931 10.1344 9.92831 
1.74794 6.8 3.36752 4.69422 8.63586 7.3586 0.849588 2.62231 6.06942 7.34588 6.94058 7.45322 3.722 5.96108 2.2466 6.67255 4.30499 7.59924 7.25425 2.13153 
7.44361 8.122 3.51518 2.19112 2.75136 6.36878 6.45899 4.28224 5.24485 3.14326 8.27818 3.77327 3.14951 3.95464 7.76032 1.2209 2.53571 1.10941 9.00935 8.91164 
6.51517 2.6432 5.43261 5.33796 5.26824 0.111803 7.83827 5.61288 1.46003 9.28154 2.73002 9.84124 5.39957 9.35412 6.39648 5.12291 6.33285 5.94515 3.45138 8.90311 
