50 25 11
777 335 649 27 763 426 211 429 862 135 22 167 11 373 784 324 413 980 862 281 84 505 313 895 814 
36700 43400 36400 4300 75000 8700 80800 27600 17800 78800 58400 
2 7 9 4 5 3 5 7 5 7 6 9 4 3 10 5 10 3 10 9 9 7 7 4 7 6 0 9 5 0 2 6 1 8 9 8 4 7 9 2 4 1 10 0 7 7 2 4 7 4 
29.8744 26.6865 37.2651 45.4493 69.6093 34.8455 47.9338 33.9202 25.9494 86.646 28.2113 90.6021 39.4167 80.4056 28.3064 56.7567 51.0247 67.4681 32.7393 53.8447 38.5949 52.8867 19.6596 66.2824 22.0095 
99.1805 73.3197 69.6233 59.357 24.2002 48.0037 101.714 75.8383 49.3356 80.903 74.2006 87.4046 66.8833 90.5903 99.9501 41.8412 69.0499 40.7182 81.3354 120.695 106.834 66.4982 67.4505 9.85951 59.8101 
14.7763 54.9659 24.7655 38.0707 75.2386 59.2423 19.6023 17.2 46.3764 71.5268 56.4526 73.8241 28.4102 60.529 18.7641 56.6782 37.2787 66.6984 60.3075 32.4427 19.638 40.508 47.8105 78.5714 28.8846 
33.8599 71.9423 18.5569 29.6987 70.2157 70.151 15.9424 14.3265 55.8813 52.9122 73.5435 54.3611 21.1634 40.1628 38.5894 49.7257 23.3617 57.8813 78.4391 41.3807 34.8083 26.9631 63.6277 78.2052 35.8353 
18.0602 37.6005 33.9438 44.8791 75.133 46.3459 37.1712 28.5 35.9547 83.8475 39.0063 87.0883 36.9103 75.3236 17.1172 59.7003 48.0418 70.412 42.4232 42.0193 26.7686 50.5594 31.4014 74.254 25.3671 
51.0554 63.5284 12.3693 2.06155 40.902 51.7985 44.363 20.0192 37.9747 43.982 65.1768 48.668 8.81192 41.9363 54.1156 20.7386 11.9269 30.1385 71.9381 67.2027 56.2005 11.4948 54.1244 49.3401 22.3143 
81.8563 76.3552 44.9722 32.0351 9.67729 54.9431 76.9651 52.4585 46.9308 47.894 77.7566 54.3721 41.4904 57.4374 84.1477 11.957 39.538 7.52396 85.3347 99.6976 87.9318 36.3589 67.7827 25.742 44.8403 
39.949 66.9481 6.9 16.6481 57.1505 61.0889 28.3833 9.06973 46.655 46.7184 68.6035 49.5994 8.40952 38.0518 43.9483 36.72 12.2016 45.2197 74.3964 52.5 43.3166 15.632 57.9664 65.3471 27.0248 
69.3797 51.7054 41.639 34.0508 25.0839 29.3293 72.8204 47.0425 23.0471 67.4867 53.0028 73.5546 39.4707 71.7621 70.2957 24.2012 44.6365 31.1448 60.5957 90.9077 76.992 43.0425 43.736 20.3789 29.9687 
45.5449 72.0795 11.2254 15.6416 55.6004 64.7612 31.6261 15.0333 50.3922 40.7977 73.7408 43.6312 10.8046 32.3234 49.6698 34.9357 7.66942 42.4382 79.7198 56.6993 48.4373 11.2721 62.9717 65.3093 31.3739 
53.7587 41.5785 30.6778 28.0264 38.5001 25.5705 59.3762 34.3759 12.6669 68.0062 43.1003 73.402 29.6243 68.1787 54.5389 28.9171 38.1251 38.8816 50.5302 75.7671 61.5481 37.7767 32.5383 36.1419 14.7139 
16.7027 47.9292 24.3074 36.7491 71.5122 52.1457 26.8091 17.7279 39.5683 73.3984 49.4419 76.2577 27.7016 63.9065 19.0948 53.9787 38.0139 64.377 53.5716 37.9722 23.7994 40.8923 40.6 73.4788 23.2422 
83.2633 105.888 47.7897 40.3288 57.4259 92.235 64.1363 53.2824 79.3545 3.05941 107.535 6.5307 45.2832 15.1819 87.6413 43.1973 33.7243 40.9044 114.285 90.0561 84.9075 31.8152 96.4813 74.0492 64.57 
23.2648 44.9755 20.6189 31.8699 65.049 46.5027 31.4963 15.6311 33.4105 70.5569 46.5653 73.903 23.6019 62.5809 25.1269 48.0276 34.7248 58.5731 51.4615 44.6947 30.5738 37.234 36.8973 66.7066 16.4624 
63.0632 22.6318 54.6174 54.595 56.0565 2.70185 77.3683 55.9 14.9646 94.6792 23.5009 100.158 54.5415 94.7348 61.6393 53.6899 64.2925 62.2396 30.7371 87.0109 71.7668 64.2932 18.1122 44.8496 34.5701 
54.5055 60.6897 17.7882 7.6531 35.1689 46.7985 50.2309 24.9874 33.5491 47.0821 62.3077 52.2855 14.6373 47.1594 57.108 16.0078 18.2792 26.36 69.36 72.1372 60.3364 17.0848 51.3008 42.6663 20.9974 
82.1659 48.956 60.8142 54.6875 36.964 23.7228 90.208 65.156 28.9249 87.5263 49.7305 93.7453 59.1341 92.6206 81.9576 44.1416 65.3143 48.8821 56.7071 105.268 90.4854 63.8705 43.942 21.1632 45.1453 
30.9095 71.6224 21.2869 33.0829 73.5572 71.1973 12.1462 15.9531 57.0793 56.5212 73.1973 57.7881 24.1868 43.2844 35.7532 53.1601 27.1536 61.5092 77.7927 37.5213 31.3045 30.7584 63.5731 81.0583 37.1497 
51.1723 7.5213 54.1133 58.258 69.6915 19.9722 69.9011 52.9371 22.0737 100.086 9.09065 104.907 55.196 96.9665 48.7308 62.9851 66.3461 72.7946 16.4639 74.9064 59.8001 67.2868 2.51794 60.8161 34.4224 
87.5265 87.6824 48.7256 35.2666 19.123 67.1096 78.9715 56.4384 58.2204 38.302 89.1384 44.78 45.0632 50.6578 90.3728 18.22 39.8177 7.55844 96.6708 103.219 92.7383 36.2581 78.8511 36.9244 53.1899 
17.8631 55.3565 21.6749 35.0036 72.4489 58.2742 19.799 14.1 45.0644 68.6226 56.8821 71.0226 25.3237 57.9411 21.7555 53.7272 34.213 63.6909 61.0712 34.9497 22.596 37.4253 47.8461 76.1694 26.9007 
73.8253 86.3343 34.6071 22.7882 36.1386 70.4469 61.0568 41.8937 58.3545 23.1976 87.9392 29.3128 31.1541 30.8551 77.4249 20.3002 22.241 19.4833 95.0596 86.3892 77.6789 18.7451 76.9699 51.7604 46.4091 
43.2925 25.9786 35.9785 39.5904 55.9973 21.747 56.3494 35.8645 10.5948 81.4617 27.621 86.2338 36.7619 78.4272 42.6386 45.9343 47.746 56.2617 34.5419 66.9846 51.8626 48.6148 16.568 51.1852 15.8777 
63.529 34.8891 46.1824 43.4219 42.19 11.967 73.1779 49.1874 10.1671 81.8648 36.068 87.571 45.3028 83.4086 63.2178 39.9362 53.7142 48.1664 43.6101 86.8332 71.9275 53.1588 27.8 32.7185 28.0236 
53.5381 54.8631 20.3298 13.5074 34.7311 40.4428 52.3582 26.5166 27.2635 53.2886 56.4628 58.5755 17.9368 53.448 55.6378 18.1893 24.0169 28.9456 63.6268 72.7265 60.0513 23.2019 45.5171 39.5258 16.8181 
76.0345 58.483 46.1064 36.8246 18.4491 35.1551 78.0082 52.1284 30.2536 66.091 59.7245 72.3683 43.546 72.2001 77.1447 22.8974 47.0919 27.4614 67.297 97.0907 83.456 45.0148 50.7666 13.9517 36.5531 
69.3785 82.4151 30.1159 18.3308 36.5453 67.2447 57.1431 37.4433 54.7899 25.9625 84.0311 31.7238 26.6492 31.0097 72.9464 18.7067 18.0427 20.3421 91.0844 82.2927 73.3382 14.4838 73.0282 51.1674 42.1578 
36.9709 88.1477 44.4846 55.8008 96.2996 91.9696 14.0812 38.7769 78.3747 70.2659 89.5806 69.5414 47.3017 53.506 41.6886 75.7209 48.3939 83.3662 92.8421 26.8924 31.5217 51.8684 81.2754 104.256 59.014 
54.052 19.4003 72.3747 79.6036 95.4652 44.7161 78.3304 68.8851 47.5682 121.329 18.5607 125.517 74.391 115.54 49.7668 87.4443 85.9936 97.6402 12.1491 74.4054 61.2148 87.6567 26.6811 86.488 55.28 
53.4439 34.7546 35.7001 34.6879 43.5239 18.9447 62.1342 38.2624 5.51543 75.1117 36.2377 80.4555 35.1746 74.8362 53.5601 35.8169 44.4775 45.507 43.7371 76.3776 61.6604 44.3938 25.9332 38.4298 16.9815 
3.245 55.3946 36.76 50.0145 86.3496 64.5354 22.8862 29.2015 53.1159 82.8147 56.6873 84.7555 40.3972 70.7975 8.20731 68.3012 49.155 78.4694 59.1166 23.8315 8.91964 52.4379 49.8258 88.4471 38.1687 
33.8565 54.0234 7.48131 18.932 55.5543 49.4122 31.91 6.59697 35.0629 57.4227 55.6785 61.0082 10.2694 50.5751 36.8164 36.8285 21.5523 46.9506 61.5028 51.64 39.4975 23.927 45.0644 60.2457 15.012 
63.0354 86.0403 26.8427 21.1703 51 74.6612 46.4389 32.3827 60.987 23.3 87.7001 26.7088 24.492 19.1604 67.2298 31.8449 12.8818 35.0228 94.2119 72.3329 65.4545 11.6284 76.6838 64.6871 44.5215 
77.0393 80.3782 38.1294 24.6759 22.4722 61.6332 68.5149 45.8423 51.2001 35.513 81.9015 41.9237 34.4653 44.5295 79.9758 9.94887 29.5435 6.00333 89.3212 92.6305 82.157 26.045 71.2775 38.3012 43.7539 
85.7084 92.4173 46.3087 33.4013 29.6522 73.6941 74.1335 53.8677 63.3064 27.4642 93.9513 33.9366 42.7005 40.572 89.038 22.0737 35.0258 14.4931 101.344 99.2831 90.0509 31.4441 83.2707 47.1666 54.884 
17.4794 68 33.6752 46.9422 86.3586 73.586 8.49588 26.2231 60.6942 73.4588 69.4058 74.5322 37.22 59.6108 22.466 66.7255 43.0499 75.9924 72.5425 21.3153 14.9412 46.6168 61.4343 91.348 42.6513 
74.4361 81.22 35.1518 21.9112 27.5136 63.6878 64.5899 42.8224 52.4485 31.4326 82.7818 37.7327 31.4951 39.5464 77.6032 12.209 25.3571 11.0941 90.0935 89.1164 79.1614 21.783 71.9806 42.9421 43.0488 
65.1517 26.432 54.3261 53.3796 52.6824 1.11803 78.3827 56.1288 14.6003 92.8154 27.3002 98.4124 53.9957 93.5412 63.9648 51.2291 63.3285 59.4515 34.5138 89.0311 73.8204 63.1229 21.6157 41.1176 34.637 
44.3497 61.9371 5.22015 8.27647 47.8803 53.0936 37.3729 12.912 38.7883 46.9401 63.6008 50.9502 1.70294 42.0523 47.6303 27.8772 11.5109 37.2543 69.9717 60.0471 49.2062 13.1826 52.646 55.4049 20.5154 
41.7138 39.5258 23.1614 26.0461 48.5149 31.3006 48.341 24.671 16.9189 67.9662 41.1767 72.6626 23.4785 64.9247 42.6644 34.8391 34.2094 45.5388 47.9452 63.7191 49.4604 35.0143 30.1281 48.0554 3.17805 
45.7354 13.3963 61.3074 68.5073 85.821 37.4021 68.8802 57.9959 37.8471 110.212 13.537 114.401 63.2861 104.519 41.9268 76.8274 74.8853 87.153 12.0071 67.6287 53.5412 76.5371 17.5103 78.0185 44.2092 
32.2845 79.3974 32.4006 43.8321 84.3496 81.1608 6.51153 26.8777 67.2815 62.102 80.9072 62.2945 35.2206 46.6987 37.3109 63.8264 36.8908 71.7505 84.8416 31.085 29.5801 40.4358 71.917 92.1703 47.5988 
53.4899 12.4016 68.0137 74.4339 88.7521 37.7107 76.6672 65.1077 40.9871 116.316 11.5624 120.706 69.7923 111.309 49.6004 81.3241 81.3396 91.3869 5.87963 75.1166 61.2052 82.8046 20.096 79.5267 50.0609 
15.4693 59.3111 25.8544 39.3154 77.5765 63.5305 15.2161 18.1417 50.5107 70.525 60.787 72.4591 29.5178 58.6276 20.096 58.5144 37.3109 68.2575 64.5232 29.6184 18.2989 40.7011 52.2188 81.6854 32.522 
44.3639 79.2233 20.301 27.0237 66.544 74.468 24.6246 20.0385 60.0334 42.7234 80.8616 43.9165 21.2735 29.6651 49.0597 45.889 17.8393 52.6165 86.2681 50.6167 45.1784 21.0836 70.4762 76.6963 40.2773 
42.1001 15.8345 45.0871 50.4946 67.1029 24.0709 60.0101 43.3797 19.5256 92.421 17.4866 96.9604 46.476 88.2562 40.1045 57.7022 57.8683 68.0053 23.6136 66.0186 50.8025 59.1055 7.4108 60.6981 26.1725 
43.3601 43.4245 20.4414 22.1382 45.7073 33.7818 47.7582 23.0495 19.3621 64.026 45.0699 68.7837 20.3002 61.358 44.7166 31.1541 30.6349 41.8918 51.9018 64.6128 50.7568 31.2618 34.0165 46.5242 4.07922 
57.969 3.96232 63.9578 68.1076 77.345 24.7588 78.3597 62.5585 30.8415 109.887 2.96816 114.756 65.0862 106.864 54.9343 72.0856 76.2481 81.6216 8.7023 81.1638 66.3718 77.177 12.2119 66.9069 44.3244 
45.7096 86.9994 30.8084 38.3824 77.65 84.4002 21.386 28.7091 70.0103 47.6766 88.6007 47.3608 32.2672 31.5546 50.7001 57.0404 28.9608 63.288 93.4579 46.245 44.3191 32.0095 78.6553 88.0539 50.0009 
42.2181 77.2865 18.9594 26.6835 66.6148 72.9747 23.0361 18.1221 58.5452 44.6179 78.9208 45.9527 20.2527 31.8291 46.8956 45.9436 18.0812 53.0374 84.2637 48.9745 43.1727 21.4805 68.5919 76.3079 38.6871 
