50 25 11
777 335 649 27 763 426 211 429 862 135 22 167 11 373 784 324 413 980 862 281 84 505 313 895 814 
36.7 43.4 36.4 4.3 75 8.7 80.8 27.6 17.8 78.8 58.4 
2 7 9 4 5 3 5 7 5 7 6 9 4 3 10 5 10 3 10 9 9 7 7 4 7 6 0 9 5 0 2 6 1 8 9 8 4 7 9 2 4 1 10 0 7 7 2 4 7 4 
29874.4 26686.5 37265.1 45449.3 69609.3 34845.5 47933.8 33920.2 25949.4 86646 28211.3 90602.1 39416.7 80405.6 28306.4 56756.7 51024.7 67468.1 32739.3 53844.7 38594.9 52886.7 19659.6 66282.4 22009.5 
99180.5 73319.7 69623.3 59357 24200.2 48003.7 101714 75838.3 49335.6 80903 74200.6 87404.6 66883.3 90590.3 99950.1 41841.2 69049.9 40718.2 81335.4 120695 106834 66498.2 67450.5 9859.51 59810.1 
14776.3 54965.9 24765.5 38070.7 75238.6 59242.3 19602.3 17200 46376.4 71526.8 56452.6 73824.1 28410.2 60529 18764.1 56678.2 37278.7 66698.4 60307.5 32442.7 19638 40508 47810.5 78571.4 28884.6 
33859.9 71942.3 18556.9 29698.7 70215.7 70151 15942.4 14326.5 55881.3 52912.2 73543.5 54361.1 21163.4 40162.8 38589.4 49725.7 23361.7 57881.3 78439.1 41380.7 34808.3 26963.1 63627.7 78205.2 35835.3 
18060.2 37600.5 33943.8 44879.1 75133 46345.9 37171.2 28500 35954.7 83847.5 39006.3 87088.3 36910.3 75323.6 17117.2 59700.3 48041.8 70412 42423.2 42019.3 26768.6 50559.4 31401.4 74254 25367.1 
51055.4 63528.4 12369.3 2061.55 40902 51798.5 44363 20019.2 37974.7 43982 65176.8 48668 8811.92 41936.3 54115.6 20738.6 11926.9 30138.5 71938.1 67202.7 56200.5 11494.8 54124.4 49340.1 22314.3 
81856.3 76355.2 44972.2 32035.1 9677.29 54943.1 76965.1 52458.5 46930.8 47894 77756.6 54372.1 41490.4 57437.4 84147.7 11957 39538 7523.96 85334.7 99697.6 87931.8 36358.9 67782.7 25742 44840.3 
39949 66948.1 6900 16648.1 57150.5 61088.9 28383.3 9069.73 46655 46718.4 68603.5 49599.4 8409.52 38051.8 43948.3 36720 12201.6 45219.7 74396.4 52500 43316.6 15632 57966.4 65347.1 27024.8 
69379.7 51705.4 41639 34050.8 25083.9 29329.3 72820.4 47042.5 23047.1 67486.7 53002.8 73554.6 39470.7 71762.1 70295.7 24201.2 44636.5 31144.8 60595.7 90907.7 76992 43042.5 43736 20378.9 29968.7 
45544.9 72079.5 11225.4 15641.6 55600.4 64761.2 31626.1 15033.3 50392.2 40797.7 73740.8 43631.2 10804.6 32323.4 49669.8 34935.7 7669.42 42438.2 79719.8 56699.3 48437.3 11272.1 62971.7 65309.3 31373.9 
53758.7 41578.5 30677.8 28026.4 38500.1 25570.5 59376.2 34375.9 12666.9 68006.2 43100.3 73402 29624.3 68178.7 54538.9 28917.1 38125.1 38881.6 50530.2 75767.1 61548.1 37776.7 32538.3 36141.9 14713.9 
16702.7 47929.2 24307.4 36749.1 71512.2 52145.7 26809.1 17727.9 39568.3 73398.4 49441.9 76257.7 27701.6 63906.5 19094.8 53978.7 38013.9 64377 53571.6 37972.2 23799.4 40892.3 40600 73478.8 23242.2 
83263.3 105888 47789.7 40328.8 57425.9 92235 64136.3 53282.4 79354.5 3059.41 107535 6530.7 45283.2 15181.9 87641.3 43197.3 33724.3 40904.4 114285 90056.1 84907.5 31815.2 96481.3 74049.2 64570 
23264.8 44975.5 20618.9 31869.9 65049 46502.7 31496.3 15631.1 33410.5 70556.9 46565.3 73903 23601.9 62580.9 25126.9 48027.6 34724.8 58573.1 51461.5 44694.7 30573.8 37234 36897.3 66706.6 16462.4 
63063.2 22631.8 54617.4 54595 56056.5 2701.85 77368.3 55900 14964.6 94679.2 23500.9 100158 54541.5 94734.8 61639.3 53689.9 64292.5 62239.6 30737.1 87010.9 71766.8 64293.2 18112.2 44849.6 34570.1 
54505.5 60689.7 17788.2 7653.1 35168.9 46798.5 50230.9 24987.4 33549.1 47082.1 62307.7 52285.5 14637.3 47159.4 57108 16007.8 18279.2 26360 69360 72137.2 60336.4 17084.8 51300.8 42666.3 20997.4 
82165.9 48956 60814.2 54687.5 36964 23722.8 90208 65156 28924.9 87526.3 49730.5 93745.3 59134.1 92620.6 81957.6 44141.6 65314.3 48882.1 56707.1 105268 90485.4 63870.5 43942 21163.2 45145.3 
30909.5 71622.4 21286.9 33082.9 73557.2 71197.3 12146.2 15953.1 57079.3 56521.2 73197.3 57788.1 24186.8 43284.4 35753.2 53160.1 27153.6 61509.2 77792.7 37521.3 31304.5 30758.4 63573.1 81058.3 37149.7 
51172.3 7521.3 54113.3 58258 69691.5 19972.2 69901.1 52937.1 22073.7 100086 9090.65 104907 55196 96966.5 48730.8 62985.1 66346.1 72794.6 16463.9 74906.4 59800.1 67286.8 2517.94 60816.1 34422.4 
87526.5 87682.4 48725.6 35266.6 19123 67109.6 78971.5 56438.4 58220.4 38302 89138.4 44780 45063.2 50657.8 90372.8 18220 39817.7 7558.44 96670.8 103219 92738.3 36258.1 78851.1 36924.4 53189.9 
17863.1 55356.5 21674.9 35003.6 72448.9 58274.2 19799 14100 45064.4 68622.6 56882.1 71022.6 25323.7 57941.1 21755.5 53727.2 34213 63690.9 61071.2 34949.7 22596 37425.3 47846.1 76169.4 26900.7 
73825.3 86334.3 34607.1 22788.2 36138.6 70446.9 61056.8 41893.7 58354.5 23197.6 87939.2 29312.8 31154.1 30855.1 77424.9 20300.2 22241 19483.3 95059.6 86389.2 77678.9 18745.1 76969.9 51760.4 46409.1 
43292.5 25978.6 35978.5 39590.4 55997.3 21747 56349.4 35864.5 10594.8 81461.7 27621 86233.8 36761.9 78427.2 42638.6 45934.3 47746 56261.7 34541.9 66984.6 51862.6 48614.8 16568 51185.2 15877.7 
63529 34889.1 46182.4 43421.9 42190 11967 73177.9 49187.4 10167.1 81864.8 36068 87571 45302.8 83408.6 63217.8 39936.2 53714.2 48166.4 43610.1 86833.2 71927.5 53158.8 27800 32718.5 28023.6 
53538.1 54863.1 20329.8 13507.4 34731.1 40442.8 52358.2 26516.6 27263.5 53288.6 56462.8 58575.5 17936.8 53448 55637.8 18189.3 24016.9 28945.6 63626.8 72726.5 60051.3 23201.9 45517.1 39525.8 16818.1 
76034.5 58483 46106.4 36824.6 18449.1 35155.1 78008.2 52128.4 30253.6 66091 59724.5 72368.3 43546 72200.1 77144.7 22897.4 47091.9 27461.4 67297 97090.7 83456 45014.8 50766.6 13951.7 36553.1 
69378.5 82415.1 30115.9 18330.8 36545.3 67244.7 57143.1 37443.3 54789.9 25962.5 84031.1 31723.8 26649.2 31009.7 72946.4 18706.7 18042.7 20342.1 91084.4 82292.7 73338.2 14483.8 73028.2 51167.4 42157.8 
36970.9 88147.7 44484.6 55800.8 96299.6 91969.6 14081.2 38776.9 78374.7 70265.9 89580.6 69541.4 47301.7 53506 41688.6 75720.9 48393.9 83366.2 92842.1 26892.4 31521.7 51868.4 81275.4 104256 59014 
54052 19400.3 72374.7 79603.6 95465.2 44716.1 78330.4 68885.1 47568.2 121329 18560.7 125517 74391 115540 49766.8 87444.3 85993.6 97640.2 12149.1 74405.4 61214.8 87656.7 26681.1 86488 55280 
53443.9 34754.6 35700.1 34687.9 43523.9 18944.7 62134.2 38262.4 5515.43 75111.7 36237.7 80455.5 35174.6 74836.2 53560.1 35816.9 44477.5 45507 43737.1 76377.6 61660.4 44393.8 25933.2 38429.8 16981.5 
3245 55394.6 36760 50014.5 86349.6 64535.4 22886.2 29201.5 53115.9 82814.7 56687.3 84755.5 40397.2 70797.5 8207.31 68301.2 49155 78469.4 59116.6 23831.5 8919.64 52437.9 49825.8 88447.1 38168.7 
33856.5 54023.4 7481.31 18932 55554.3 49412.2 31910 6596.97 35062.9 57422.7 55678.5 61008.2 10269.4 50575.1 36816.4 36828.5 21552.3 46950.6 61502.8 51640 39497.5 23927 45064.4 60245.7 15012 
63035.4 86040.3 26842.7 21170.3 51000 74661.2 46438.9 32382.7 60987 23300 87700.1 26708.8 24492 19160.4 67229.8 31844.9 12881.8 35022.8 94211.9 72332.9 65454.5 11628.4 76683.8 64687.1 44521.5 
77039.3 80378.2 38129.4 24675.9 22472.2 61633.2 68514.9 45842.3 51200.1 35513 81901.5 41923.7 34465.3 44529.5 79975.8 9948.87 29543.5 6003.33 89321.2 92630.5 82157 26045 71277.5 38301.2 43753.9 
85708.4 92417.3 46308.7 33401.3 29652.2 73694.1 74133.5 53867.7 63306.4 27464.2 93951.3 33936.6 42700.5 40572 89038 22073.7 35025.8 14493.1 101344 99283.1 90050.9 31444.1 83270.7 47166.6 54884 
17479.4 68000 33675.2 46942.2 86358.6 73586 8495.88 26223.1 60694.2 73458.8 69405.8 74532.2 37220 59610.8 22466 66725.5 43049.9 75992.4 72542.5 21315.3 14941.2 46616.8 61434.3 91348 42651.3 
74436.1 81220 35151.8 21911.2 27513.6 63687.8 64589.9 42822.4 52448.5 31432.6 82781.8 37732.7 31495.1 39546.4 77603.2 12209 25357.1 11094.1 90093.5 89116.4 79161.4 21783 71980.6 42942.1 43048.8 
65151.7 26432 54326.1 53379.6 52682.4 1118.03 78382.7 56128.8 14600.3 92815.4 27300.2 98412.4 53995.7 93541.2 63964.8 51229.1 63328.5 59451.5 34513.8 89031.1 73820.4 63122.9 21615.7 41117.6 34637 
44349.7 61937.1 5220.15 8276.47 47880.3 53093.6 37372.9 12912 38788.3 46940.1 63600.8 50950.2 1702.94 42052.3 47630.3 27877.2 11510.9 37254.3 69971.7 60047.1 49206.2 13182.6 52646 55404.9 20515.4 
41713.8 39525.8 23161.4 26046.1 48514.9 31300.6 48341 24671 16918.9 67966.2 41176.7 72662.6 23478.5 64924.7 42664.4 34839.1 34209.4 45538.8 47945.2 63719.1 49460.4 35014.3 30128.1 48055.4 3178.05 
45735.4 13396.3 61307.4 68507.3 85821 37402.1 68880.2 57995.9 37847.1 110212 13537 114401 63286.1 104519 41926.8 76827.4 74885.3 87153 12007.1 67628.7 53541.2 76537.1 17510.3 78018.5 44209.2 
32284.5 79397.4 32400.6 43832.1 84349.6 81160.8 6511.53 26877.7 67281.5 62102 80907.2 62294.5 35220.6 46698.7 37310.9 63826.4 36890.8 71750.5 84841.6 31085 29580.1 40435.8 71917 92170.3 47598.8 
53489.9 12401.6 68013.7 74433.9 88752.1 37710.7 76667.2 65107.7 40987.1 116316 11562.4 120706 69792.3 111309 49600.4 81324.1 81339.6 91386.9 5879.63 75116.6 61205.2 82804.6 20096 79526.7 50060.9 
15469.3 59311.1 25854.4 39315.4 77576.5 63530.5 15216.1 18141.7 50510.7 70525 60787 72459.1 29517.8 58627.6 20096 58514.4 37310.9 68257.5 64523.2 29618.4 18298.9 40701.1 52218.8 81685.4 32522 
44363.9 79223.3 20301 27023.7 66544 74468 24624.6 20038.5 60033.4 42723.4 80861.6 43916.5 21273.5 29665.1 49059.7 45889 17839.3 52616.5 86268.1 50616.7 45178.4 21083.6 70476.2 76696.3 40277.3 
42100.1 15834.5 45087.1 50494.6 67102.9 24070.9 60010.1 43379.7 19525.6 92421 17486.6 96960.4 46476 88256.2 40104.5 57702.2 57868.3 68005.3 23613.6 66018.6 50802.5 59105.5 7410.8 60698.1 26172.5 
43360.1 43424.5 20441.4 22138.2 45707.3 33781.8 47758.2 23049.5 19362.1 64026 45069.9 68783.7 20300.2 61358 44716.6 31154.1 30634.9 41891.8 51901.8 64612.8 50756.8 31261.8 34016.5 46524.2 4079.22 
57969 3962.32 63957.8 68107.6 77345 24758.8 78359.7 62558.5 30841.5 109887 2968.16 114756 65086.2 106864 54934.3 72085.6 76248.1 81621.6 8702.3 81163.8 66371.8 77177 12211.9 66906.9 44324.4 
45709.6 86999.4 30808.4 38382.4 77650 84400.2 21386 28709.1 70010.3 47676.6 88600.7 47360.8 32267.2 31554.6 50700.1 57040.4 28960.8 63288 93457.9 46245 44319.1 32009.5 78655.3 88053.9 50000.9 
42218.1 77286.5 18959.4 26683.5 66614.8 72974.7 23036.1 18122.1 58545.2 44617.9 78920.8 45952.7 20252.7 31829.1 46895.6 45943.6 18081.2 53037.4 84263.7 48974.5 43172.7 21480.5 68591.9 76307.9 38687.1 
