50 25 11
777 335 649 27 763 426 211 429 862 135 22 167 11 373 784 324 413 980 862 281 84 505 313 895 814 
3670 4340 3640 430 7500 870 8080 2760 1780 7880 5840 
2 7 9 4 5 3 5 7 5 7 6 9 4 3 10 5 10 3 10 9 9 7 7 4 7 6 0 9 5 0 2 6 1 8 9 8 4 7 9 2 4 1 10 0 7 7 2 4 7 4 
2987.44 2668.65 3726.51 4544.93 6960.93 3484.55 4793.38 3392.02 2594.94 8664.6 2821.13 9060.21 3941.67 8040.56 2830.64 5675.67 5102.47 6746.81 3273.93 5384.47 3859.49 5288.67 1965.96 6628.24 2200.95 
9918.05 7331.97 6962.33 5935.7 2420.02 4800.37 10171.4 7583.83 4933.56 8090.3 7420.06 8740.46 6688.33 9059.03 9995.01 4184.12 6904.99 4071.82 8133.54 12069.5 10683.4 6649.82 6745.05 985.951 5981.01 
1477.63 5496.59 2476.55 3807.07 7523.86 5924.23 1960.23 1720 4637.64 7152.68 5645.26 7382.41 2841.02 6052.9 1876.41 5667.82 3727.87 6669.84 6030.75 3244.27 1963.8 4050.8 4781.05 7857.14 2888.46 
3385.99 7194.23 1855.69 2969.87 7021.57 7015.1 1594.24 1432.65 5588.13 5291.22 7354.35 5436.11 2116.34 4016.28 3858.94 4972.57 2336.17 5788.13 7843.91 4138.07 3480.83 2696.31 6362.77 7820.52 3583.53 
1806.02 3760.05 3394.38 4487.91 7513.3 4634.59 3717.12 2850 3595.47 8384.75 3900.63 8708.83 3691.03 7532.36 1711.72 5970.03 4804.18 7041.2 4242.32 4201.93 2676.86 5055.94 3140.14 7425.4 2536.71 
5105.54 6352.84 1236.93 206.155 4090.2 5179.85 4436.3 2001.92 3797.47 4398.2 6517.68 4866.8 881.192 4193.63 5411.56 2073.86 1192.69 3013.85 7193.81 6720.27 5620.05 1149.48 5412.44 4934.01 2231.43 
8185.63 7635.52 4497.22 3203.51 967.729 5494.31 7696.51 5245.85 4693.08 4789.4 7775.66 5437.21 4149.04 5743.74 8414.77 1195.7 3953.8 752.396 8533.47 9969.76 8793.18 3635.89 6778.27 2574.2 4484.03 
3994.9 6694.81 690 1664.81 5715.05 6108.89 2838.33 906.973 4665.5 4671.84 6860.35 4959.94 840.952 3805.18 4394.83 3672 1220.16 4521.97 7439.64 5250 4331.66 1563.2 5796.64 6534.71 2702.48 
6937.97 5170.54 4163.9 3405.08 2508.39 2932.93 7282.04 4704.25 2304.71 6748.67 5300.28 7355.46 3947.07 7176.21 7029.57 2420.12 4463.65 3114.48 6059.57 9090.77 7699.2 4304.25 4373.6 2037.89 2996.87 
4554.49 7207.95 1122.54 1564.16 5560.04 6476.12 3162.61 1503.33 5039.22 4079.77 7374.08 4363.12 1080.46 3232.34 4966.98 3493.57 766.942 4243.82 7971.98 5669.93 4843.73 1127.21 6297.17 6530.93 3137.39 
5375.87 4157.85 3067.78 2802.64 3850.01 2557.05 5937.62 3437.59 1266.69 6800.62 4310.03 7340.2 2962.43 6817.87 5453.89 2891.71 3812.51 3888.16 5053.02 7576.71 6154.81 3777.67 3253.83 3614.19 1471.39 
1670.27 4792.92 2430.74 3674.91 7151.22 5214.57 2680.91 1772.79 3956.83 7339.84 4944.19 7625.77 2770.16 6390.65 1909.48 5397.87 3801.39 6437.7 5357.16 3797.22 2379.94 4089.23 4060 7347.88 2324.22 
8326.33 10588.8 4778.97 4032.88 5742.59 9223.5 6413.63 5328.24 7935.45 305.941 10753.5 653.07 4528.32 1518.19 8764.13 4319.73 3372.43 4090.44 11428.5 9005.61 8490.75 3181.52 9648.13 7404.92 6457 
2326.48 4497.55 2061.89 3186.99 6504.9 4650.27 3149.63 1563.11 3341.05 7055.69 4656.53 7390.3 2360.19 6258.09 2512.69 4802.76 3472.48 5857.31 5146.15 4469.47 3057.38 3723.4 3689.73 6670.66 1646.24 
6306.32 2263.18 5461.74 5459.5 5605.65 270.185 7736.83 5590 1496.46 9467.92 2350.09 10015.8 5454.15 9473.48 6163.93 5368.99 6429.25 6223.96 3073.71 8701.09 7176.68 6429.32 1811.22 4484.96 3457.01 
5450.55 6068.97 1778.82 765.31 3516.89 4679.85 5023.09 2498.74 3354.91 4708.21 6230.77 5228.55 1463.73 4715.94 5710.8 1600.78 1827.92 2636 6936 7213.72 6033.64 1708.48 5130.08 4266.63 2099.74 
8216.59 4895.6 6081.42 5468.75 3696.4 2372.28 9020.8 6515.6 2892.49 8752.63 4973.05 9374.53 5913.41 9262.06 8195.76 4414.16 6531.43 4888.21 5670.71 10526.8 9048.54 6387.05 4394.2 2116.32 4514.53 
3090.95 7162.24 2128.69 3308.29 7355.72 7119.73 1214.62 1595.31 5707.93 5652.12 7319.73 5778.81 2418.68 4328.44 3575.32 5316.01 2715.36 6150.92 7779.27 3752.13 3130.45 3075.84 6357.31 8105.83 3714.97 
5117.23 752.13 5411.33 5825.8 6969.15 1997.22 6990.11 5293.71 2207.37 10008.6 909.065 10490.7 5519.6 9696.65 4873.08 6298.51 6634.61 7279.46 1646.39 7490.64 5980.01 6728.68 251.794 6081.61 3442.24 
8752.65 8768.24 4872.56 3526.66 1912.3 6710.96 7897.15 5643.84 5822.04 3830.2 8913.84 4478 4506.32 5065.78 9037.28 1822 3981.77 755.844 9667.08 10321.9 9273.83 3625.81 7885.11 3692.44 5318.99 
1786.31 5535.65 2167.49 3500.36 7244.89 5827.42 1979.9 1410 4506.44 6862.26 5688.21 7102.26 2532.37 5794.11 2175.55 5372.72 3421.3 6369.09 6107.12 3494.97 2259.6 3742.53 4784.61 7616.94 2690.07 
7382.53 8633.43 3460.71 2278.82 3613.86 7044.69 6105.68 4189.37 5835.45 2319.76 8793.92 2931.28 3115.41 3085.51 7742.49 2030.02 2224.1 1948.33 9505.96 8638.92 7767.89 1874.51 7696.99 5176.04 4640.91 
4329.25 2597.86 3597.85 3959.04 5599.73 2174.7 5634.94 3586.45 1059.48 8146.17 2762.1 8623.38 3676.19 7842.72 4263.86 4593.43 4774.6 5626.17 3454.19 6698.46 5186.26 4861.48 1656.8 5118.52 1587.77 
6352.9 3488.91 4618.24 4342.19 4219 1196.7 7317.79 4918.74 1016.71 8186.48 3606.8 8757.1 4530.28 8340.86 6321.78 3993.62 5371.42 4816.64 4361.01 8683.32 7192.75 5315.88 2780 3271.85 2802.36 
5353.81 5486.31 2032.98 1350.74 3473.11 4044.28 5235.82 2651.66 2726.35 5328.86 5646.28 5857.55 1793.68 5344.8 5563.78 1818.93 2401.69 2894.56 6362.68 7272.65 6005.13 2320.19 4551.71 3952.58 1681.81 
7603.45 5848.3 4610.64 3682.46 1844.91 3515.51 7800.82 5212.84 3025.36 6609.1 5972.45 7236.83 4354.6 7220.01 7714.47 2289.74 4709.19 2746.14 6729.7 9709.07 8345.6 4501.48 5076.66 1395.17 3655.31 
6937.85 8241.51 3011.59 1833.08 3654.53 6724.47 5714.31 3744.33 5478.99 2596.25 8403.11 3172.38 2664.92 3100.97 7294.64 1870.67 1804.27 2034.21 9108.44 8229.27 7333.82 1448.38 7302.82 5116.74 4215.78 
3697.09 8814.77 4448.46 5580.08 9629.96 9196.96 1408.12 3877.69 7837.47 7026.59 8958.06 6954.14 4730.17 5350.6 4168.86 7572.09 4839.39 8336.62 9284.21 2689.24 3152.17 5186.84 8127.54 10425.6 5901.4 
5405.2 1940.03 7237.47 7960.36 9546.52 4471.61 7833.04 6888.51 4756.82 12132.9 1856.07 12551.7 7439.1 11554 4976.68 8744.43 8599.36 9764.02 1214.91 7440.54 6121.48 8765.67 2668.11 8648.8 5528 
5344.39 3475.46 3570.01 3468.79 4352.39 1894.47 6213.42 3826.24 551.543 7511.17 3623.77 8045.55 3517.46 7483.62 5356.01 3581.69 4447.75 4550.7 4373.71 7637.76 6166.04 4439.38 2593.32 3842.98 1698.15 
324.5 5539.46 3676 5001.45 8634.96 6453.54 2288.62 2920.15 5311.59 8281.47 5668.73 8475.55 4039.72 7079.75 820.731 6830.12 4915.5 7846.94 5911.66 2383.15 891.964 5243.79 4982.58 8844.71 3816.87 
3385.65 5402.34 748.131 1893.2 5555.43 4941.22 3191 659.697 3506.29 5742.27 5567.85 6100.82 1026.94 5057.51 3681.64 3682.85 2155.23 4695.06 6150.28 5164 3949.75 2392.7 4506.44 6024.57 1501.2 
6303.54 8604.03 2684.27 2117.03 5100 7466.12 4643.89 3238.27 6098.7 2330 8770.01 2670.88 2449.2 1916.04 6722.98 3184.49 1288.18 3502.28 9421.19 7233.29 6545.45 1162.84 7668.38 6468.71 4452.15 
7703.93 8037.82 3812.94 2467.59 2247.22 6163.32 6851.49 4584.23 5120.01 3551.3 8190.15 4192.37 3446.53 4452.95 7997.58 994.887 2954.35 600.333 8932.12 9263.05 8215.7 2604.5 7127.75 3830.12 4375.39 
8570.84 9241.73 4630.87 3340.13 2965.22 7369.41 7413.35 5386.77 6330.64 2746.42 9395.13 3393.66 4270.05 4057.2 8903.8 2207.37 3502.58 1449.31 10134.4 9928.31 9005.09 3144.41 8327.07 4716.66 5488.4 
1747.94 6800 3367.52 4694.22 8635.86 7358.6 849.588 2622.31 6069.42 7345.88 6940.58 7453.22 3722 5961.08 2246.6 6672.55 4304.99 7599.24 7254.25 2131.53 1494.12 4661.68 6143.43 9134.8 4265.13 
7443.61 8122 3515.18 2191.12 2751.36 6368.78 6458.99 4282.24 5244.85 3143.26 8278.18 3773.27 3149.51 3954.64 7760.32 1220.9 2535.71 1109.41 9009.35 8911.64 7916.14 2178.3 7198.06 4294.21 4304.88 
6515.17 2643.2 5432.61 5337.96 5268.24 111.803 7838.27 5612.88 1460.03 9281.54 2730.02 9841.24 5399.57 9354.12 6396.48 5122.91 6332.85 5945.15 3451.38 8903.11 7382.04 6312.29 2161.57 4111.76 3463.7 
4434.97 6193.71 522.015 827.647 4788.03 5309.36 3737.29 1291.2 3878.83 4694.01 6360.08 5095.02 170.294 4205.23 4763.03 2787.72 1151.09 3725.43 6997.17 6004.71 4920.62 1318.26 5264.6 5540.49 2051.54 
4171.38 3952.58 2316.14 2604.61 4851.49 3130.06 4834.1 2467.1 1691.89 6796.62 4117.67 7266.26 2347.85 6492.47 4266.44 3483.91 3420.94 4553.88 4794.52 6371.91 4946.04 3501.43 3012.81 4805.54 317.805 
4573.54 1339.63 6130.74 6850.73 8582.1 3740.21 6888.02 5799.59 3784.71 11021.2 1353.7 11440.1 6328.61 10451.9 4192.68 7682.74 7488.53 8715.3 1200.71 6762.87 5354.12 7653.71 1751.03 7801.85 4420.92 
3228.45 7939.74 3240.06 4383.21 8434.96 8116.08 651.153 2687.77 6728.15 6210.2 8090.72 6229.45 3522.06 4669.87 3731.09 6382.64 3689.08 7175.05 8484.16 3108.5 2958.01 4043.58 7191.7 9217.03 4759.88 
5348.99 1240.16 6801.37 7443.39 8875.21 3771.07 7666.72 6510.77 4098.71 11631.6 1156.24 12070.6 6979.23 11130.9 4960.04 8132.41 8133.96 9138.69 587.963 7511.66 6120.52 8280.46 2009.6 7952.67 5006.09 
1546.93 5931.11 2585.44 3931.54 7757.65 6353.05 1521.61 1814.17 5051.07 7052.5 6078.7 7245.91 2951.78 5862.76 2009.6 5851.44 3731.09 6825.75 6452.32 2961.84 1829.89 4070.11 5221.88 8168.54 3252.2 
4436.39 7922.33 2030.1 2702.37 6654.4 7446.8 2462.46 2003.85 6003.34 4272.34 8086.16 4391.65 2127.35 2966.51 4905.97 4588.9 1783.93 5261.65 8626.81 5061.67 4517.84 2108.36 7047.62 7669.63 4027.73 
4210.01 1583.45 4508.71 5049.46 6710.29 2407.09 6001.01 4337.97 1952.56 9242.1 1748.66 9696.04 4647.6 8825.62 4010.45 5770.22 5786.83 6800.53 2361.36 6601.86 5080.25 5910.55 741.08 6069.81 2617.25 
4336.01 4342.45 2044.14 2213.82 4570.73 3378.18 4775.82 2304.95 1936.21 6402.6 4506.99 6878.37 2030.02 6135.8 4471.66 3115.41 3063.49 4189.18 5190.18 6461.28 5075.68 3126.18 3401.65 4652.42 407.922 
5796.9 396.232 6395.78 6810.76 7734.5 2475.88 7835.97 6255.85 3084.15 10988.7 296.816 11475.6 6508.62 10686.4 5493.43 7208.56 7624.81 8162.16 870.23 8116.38 6637.18 7717.7 1221.19 6690.69 4432.44 
4570.96 8699.94 3080.84 3838.24 7765 8440.02 2138.6 2870.91 7001.03 4767.66 8860.07 4736.08 3226.72 3155.46 5070.01 5704.04 2896.08 6328.8 9345.79 4624.5 4431.91 3200.95 7865.53 8805.39 5000.09 
4221.81 7728.65 1895.94 2668.35 6661.48 7297.47 2303.61 1812.21 5854.52 4461.79 7892.08 4595.27 2025.27 3182.91 4689.56 4594.36 1808.12 5303.74 8426.37 4897.45 4317.27 2148.05 6859.19 7630.79 3868.71 
