60 30 18
777 335 649 27 763 426 211 429 862 135 22 167 11 373 784 324 413 980 862 281 84 505 313 895 814 364 87 178 403 399 
93.2 6 67.6 36.8 73.9 1.2 22.6 58.6 9.4 53.9 79.5 57 43.4 37.8 46.7 60.1 9.7 90.2 
15 2 8 5 4 13 3 13 5 5 5 3 3 0 4 11 2 11 8 14 8 16 15 13 4 10 12 7 3 2 6 10 17 16 12 9 2 11 10 6 2 2 7 4 8 3 4 10 13 5 16 17 6 15 0 5 2 17 7 3 
258141 445881 191927 298565 625182 448219 330841 150336 314617 691655 462027 726805 219584 617599 276279 456225 332946 562029 513943 471190 330905 356484 362278 641879 139818 251295 459570 491154 303710 188905 
611523 800103 228405 145341 447395 676923 473896 294717 542089 277584 816620 321823 198595 263973 650170 249840 91082.4 293847 883558 727885 645012 61741.4 706135 577470 386246 167547 536157 507016 574095 589216 
61684.7 479437 377033 503397 843586 583824 298332 306811 478023 859027 492050 883349 411807 750798 57584.7 673873 510785 778653 515062 301002 148647 541144 427225 849786 349687 437307 414281 693981 446509 237531 
273880 502113 139617 258027 611650 488431 296096 92086.9 349521 638549 518376 671935 170792 560093 300880 431150 280432 534329 571542 466053 336091 306232 416778 644666 156589 200385 421855 500145 345776 247132 
922356 784372 574604 452134 48010.4 545793 898484 646233 501807 607068 796518 672075 541776 714964 939898 254466 535086 211681 872062 1.11522e+06 989450 504608 707738 158218 534607 541713 993759 257422 556138 727195 
308255 818296 401699 521783 926603 860582 82764.7 339201 726158 704480 832577 703082 432251 544783 356202 722447 456426 804016 865035 236546 258805 492062 750177 998103 535071 431821 57939.6 866341 715856 554261 
341457 254275 361400 430029 650173 302592 503724 338250 208543 846681 270490 888982 378857 794411 329569 529306 494491 635708 325357 580856 428434 510130 172166 612657 188534 412903 633329 452966 168505 51000 
186430 353657 406518 515123 806435 478265 412826 350887 390514 905349 366005 937257 436206 817774 159013 658684 547449 766098 389371 420962 270934 572713 306545 787353 311362 466995 534614 628077 350464 132136 
301496 598910 99624.3 234094 625538 574843 235077 24207.4 432640 567680 615168 595243 136015 473466 339872 429418 219317 524361 667816 448987 342381 251348 513321 683710 232641 152643 350708 550568 435005 342094 
217113 618855 207077 340978 732688 636277 144101 131529 499985 642608 634263 662193 243101 525178 262528 537202 313129 631557 677200 341270 242002 347635 541956 784909 308577 256363 271400 646261 492062 352230 
431561 393581 240707 262231 473621 302238 497562 258954 158013 680825 410001 728723 241961 654313 440556 341276 347052 447854 478800 652028 509284 353657 299475 466374 45310 273651 621969 312026 173297 227607 
353624 186507 482996 561079 771145 348076 567670 448486 303152 975461 198842 1.01581e+06 504034 914385 323761 660444 620137 766211 228281 586287 437659 638024 151644 715996 321179 537820 693514 558198 251319 110390 
715508 1.03747e+06 428921 412393 703393 946335 490474 458268 806083 228090 1.0541e+06 204749 417698 47010.6 763417 522980 312436 537671 1.11426e+06 741537 714717 314992 945838 850623 626573 384708 480600 789023 830637 796040 
367241 221208 391680 454948 656247 279551 536411 370815 199251 873000 237508 916415 407806 824471 352115 544546 522947 650000 294054 606964 454433 537403 138708 609493 211603 441862 665920 450245 153496 69065.2 
250711 766006 385467 512191 914248 818086 64257.3 316863 686619 729464 780023 732673 418493 577008 298518 712845 457200 799471 810665 201099 202428 493238 700213 976139 500490 422573 115551 839453 673250 503754 
682720 623308 338870 229124 199449 426484 663323 407657 328818 526031 637942 587006 308457 576222 702200 93648.3 327771 179388 713182 874474 748578 304897 535014 267884 302152 314201 765278 192512 379237 510069 
76478.8 481331 433896 559804 894519 608922 334763 363600 512291 914822 492590 938271 468603 803831 30066.6 728097 567536 833382 507276 290837 146055 597997 439191 894452 398167 494191 442386 737207 476590 260555 
398020 616702 8062.26 132816 529870 549466 323037 79762.1 405183 492724 633321 527828 34928.5 425029 433042 330248 134239 423341 693653 549313 443221 160649 525519 600816 210851 55317.3 426075 478524 420115 380447 
161400 688675 383099 516420 908277 760135 119000 307695 635324 781090 702084 790496 418868 639641 208166 713393 478968 807034 728703 165496 113952 514612 628067 953798 461446 430081 206170 809707 616157 431854 
430228 779187 193166 266511 664447 734091 236932 187387 589764 438622 795550 451648 204783 310229 477017 457755 178281 527418 849293 496533 439510 211783 691990 763067 391594 186097 291548 654523 600900 523717 
851942 685829 527549 417484 98493.7 446430 851474 594193 406399 643529 697789 708139 497860 729595 865837 238757 511974 240277 773217 1.05509e+06 923191 485709 610532 93000 458656 503695 954839 158240 460626 640054 
604745 95671.3 702636 751260 850540 321834 823787 683141 385099 1.17005e+06 79246.5 1.21754e+06 716126 1.13409e+06 569495 797160 829325 893166 35355.3 828908 685482 840238 189763 743454 510633 749989 949933 606993 337024 351141 
667791 707200 285044 152069 260432 535905 600701 361565 420107 401278 722820 460926 249088 449004 695531 54378.3 226771 140431 795953 833308 722357 196919 614841 380217 330764 241299 688646 320765 464390 550753 
478619 153574 648741 722025 893135 401628 715520 614200 413237 1.1388e+06 151182 1.18038e+06 668996 1.08043e+06 438330 805188 785043 908248 115663 691608 554109 801888 207408 812002 479176 702900 836930 661968 359089 276384 
479401 509148 173925 150083 402747 388888 482744 224475 249018 565760 525461 615202 159138 549859 499223 239410 245326 346902 595081 676492 546498 245717 415077 437727 112361 184024 596685 303266 278887 332399 
491024 747393 139807 152778 541599 664447 344746 185065 521707 372430 764029 401663 127769 293212 532410 335149 54488.5 403555 825177 598286 518868 88005.7 655534 647158 336590 95880.1 414093 548862 542677 511649 
263492 796656 451864 579669 980899 865534 132231 381694 737906 791003 809938 791511 485374 633942 306139 780164 525148 867360 835135 146441 195819 561177 736387 1.03945e+06 557216 490196 133222 900385 721086 540107 
739268 1.04601e+06 438719 411447 684547 946794 519086 473097 807996 194258 1.06265e+06 170485 424802 15264.3 786631 509495 315412 518001 1.1242e+06 771986 741296 314014 953705 835675 632987 391220 513191 779976 834560 808810 
415601 124535 521464 588490 765957 308177 626390 493585 288210 1.00643e+06 136938 1.04939e+06 539485 954422 385467 670773 655124 774479 172029 647930 499593 670433 103586 696945 345036 573526 753076 542208 234053 155756 
907317 1.09887e+06 538897 447756 549102 944950 725580 599801 823214 59464.3 1.11511e+06 102903 510416 240260 949604 436125 398077 391266 1.18491e+06 985370 928246 373472 1.00485e+06 722887 691286 478649 745735 715856 862760 900063 
182800 386374 317970 427855 734854 461850 359234 263822 352881 817017 400844 849523 347701 732378 179201 578055 458947 685007 437879 421048 269030 484153 320465 729855 237002 378428 486695 572574 322405 123968 
136854 472952 276930 401603 746073 531994 272342 209859 411351 766039 487562 793638 311045 667800 157544 572766 413319 677106 524661 358912 212810 442476 404432 761391 258544 337664 400211 608600 388672 208195 
320039 420830 190000 270601 567726 393573 388402 174416 255562 680254 437375 720256 208626 623013 334153 408001 324692 515140 495997 536213 395032 342667 331652 578001 75213 242539 515520 426380 250966 186207 
525419 27313 612046 664248 788592 278869 736579 591859 312775 1.0835e+06 29681.6 1.12992e+06 626231 1.04401e+06 493447 720478 740017 819398 75690.2 755275 608482 751833 106231 695590 422153 660170 863681 550436 261174 260969 
600262 480942 326087 267092 310006 293061 633202 376303 186432 640647 495550 697782 307561 660996 611383 228127 373001 321758 570824 813298 675148 362505 393146 297634 205456 327515 749123 151819 237118 386774 
545212 203010 732105 804967 964105 456089 789066 696737 485161 1.22208e+06 194371 1.26381e+06 752447 1.16358e+06 501941 883857 868493 985853 129035 747000 616105 885268 276279 874062 561806 786349 907960 728204 431723 359611 
550142 365941 357677 339629 414403 195931 629918 387342 71561.2 739465 380552 793742 350280 741271 552526 341204 439527 436726 455827 777821 631561 437049 278729 364297 177612 377719 753923 204600 122560 298530 
401520 516779 104235 153395 483322 437924 396602 139671 293641 566845 533414 609528 106104 523072 425630 304647 217407 409585 597522 591108 464436 230517 423835 524704 102859 139119 512650 388398 309885 301573 
418961 241456 371517 414656 586046 226312 560601 365210 127456 833866 258031 880633 381534 799196 409928 484004 493129 587716 325272 657213 505333 503257 147872 536492 173925 415047 690188 377244 87000 132575 
756897 771891 372518 238296 201556 581414 683592 449392 479176 388726 786985 452448 336204 471666 784510 67119.3 299100 52392.7 861485 920149 811046 265505 681455 352319 413237 325682 766006 332533 527365 632093 
457710 178933 437412 476942 617508 190371 617645 430265 139058 895529 195290 943390 447010 864370 442408 532768 557891 633785 265548 697413 544883 567071 84852.8 549605 238730 480402 747402 393615 85023.5 159531 
450960 497363 158493 158256 431195 391449 459221 202200 248910 577209 513822 624725 149215 552472 470814 266047 245693 373343 581960 649159 518353 250218 403288 463492 90338.3 177553 575150 325730 273708 309808 
545286 598588 182784 86284.4 348001 458024 507332 253505 325960 480000 614730 532350 152306 481769 570519 159841 192585 264683 685511 724189 604735 181000 504774 419358 204267 160751 609361 311194 362494 424190 
277218 595494 124920 259480 649360 582344 215873 48332.2 441494 588694 611590 614706 161400 489449 316533 454192 243249 549622 662048 424157 316931 275801 511789 704450 243130 178017 335181 569056 440828 335049 
736610 501602 482300 411847 276847 260163 788229 532376 235536 742192 513040 803617 462465 789111 741653 308029 517890 366699 588099 958526 815724 502364 430377 177387 347897 480360 905332 30479.5 287793 488215 
482590 281400 367935 384787 512071 182165 598080 378001 52345 799456 297061 849909 370342 781369 478358 424948 474305 525289 370304 717607 567389 478942 189528 457665 165605 401991 726177 298510 44944.4 208856 
576321 689473 184545 51009.8 367870 553586 493077 261633 421380 385924 705783 437104 147872 388747 608001 161227 122188 243343 775242 729883 625048 98234.4 595399 473491 283471 134737 579967 387584 456602 498688 
237716 310103 378737 476001 746853 413717 437852 333054 323682 878112 324002 913801 404931 802591 218586 606822 519481 714382 358309 476707 324617 541765 251525 722380 257031 437416 564309 562880 283863 65764.7 
347092 203593 517042 601446 819976 390717 575785 477247 351864 1.013e+06 213019 1.0517e+06 540049 945804 311708 706859 655964 813010 226055 572297 427591 675406 188831 764621 364408 573502 698823 607032 299666 147027 
162693 597724 252769 387398 771511 636908 148000 175684 505846 697402 612566 716612 289360 578215 209022 580115 366034 677097 650588 300167 189594 400061 526047 814195 324230 305635 277354 670630 492065 331489 
437659 396184 241868 260048 467402 300540 501908 261895 156205 678258 412564 726521 242167 653380 446804 336001 346157 442449 481769 657732 515218 352132 302074 460179 49648.8 273542 625998 306007 173459 233343 
571424 430091 330847 292036 357453 250799 624256 372023 135912 681195 444789 736824 317530 691755 579118 277065 395683 372490 519955 791103 649223 389308 342072 327819 180325 341475 744165 172047 186075 342773 
130648 669933 450564 585161 966876 770506 206737 373563 655600 867568 682001 878080 487082 727792 163077 777764 556925 875050 699861 113701 47010.6 592035 619491 999400 498615 501977 276588 849944 629682 428193 
414349 869580 349857 444438 844754 868074 156984 311264 726110 560330 885084 555014 371194 395506 464657 638045 358504 706672 928029 387360 386846 391368 791000 939162 525967 359340 127424 823177 727101 603176 
555666 942827 352278 395380 762997 894340 314884 351353 750067 394707 959140 383631 357022 223081 605239 561709 290801 608622 1.01175e+06 560261 544142 313268 856054 884096 553864 331489 298082 791808 763497 685149 
336024 588511 58420.9 192634 581207 547091 278289 20248.5 403496 546649 604983 578275 95036.8 465414 371383 385834 191039 481965 661255 492541 382232 220227 500130 640281 203062 116619 391019 509035 410411 340000 
323903 862981 574966 704146 1.10388e+06 958391 257624 503036 837717 907491 874874 904093 609076 744565 354141 904312 650496 992446 890632 101637 238872 686517 812503 1.15698e+06 666562 614928 224751 1.01439e+06 815727 619969 
499940 141156 660961 730906 891696 392588 735063 628441 412069 1.14862e+06 136704 1.19107e+06 680309 1.09331e+06 460132 808802 796214 911014 94201.9 714057 576022 812251 204025 806357 487469 714291 857114 658062 358281 289614 
558746 134648 535059 559047 634679 124193 725989 534158 171593 972672 146250 1.02381e+06 540941 954811 539268 583860 647565 677632 221840 798168 645868 653043 84053.6 537276 332519 573415 855746 393512 130430 260548 
207077 740270 523536 657606 1.04459e+06 850300 246483 447166 737082 917154 751626 922835 559697 768214 230495 852838 621914 948171 764665 32649.7 119883 657578 694344 1.08047e+06 580332 572218 278742 931615 710303 505799 
