60 30 18
777 335 649 27 763 426 211 429 862 135 22 167 11 373 784 324 413 980 862 281 84 505 313 895 814 364 87 178 403 399 
932000 60000 676000 368000 739000 12000 226000 586000 94000 539000 795000 570000 434000 378000 467000 601000 97000 902000 
15 2 8 5 4 13 3 13 5 5 5 3 3 0 4 11 2 11 8 14 8 16 15 13 4 10 12 7 3 2 6 10 17 16 12 9 2 11 10 6 2 2 7 4 8 3 4 10 13 5 16 17 6 15 0 5 2 17 7 3 
258.141 445.881 191.927 298.565 625.182 448.219 330.841 150.336 314.617 691.655 462.027 726.805 219.584 617.599 276.279 456.225 332.946 562.029 513.943 471.19 330.905 356.484 362.278 641.879 139.818 251.295 459.57 491.154 303.71 188.905 
611.523 800.103 228.405 145.341 447.395 676.923 473.896 294.717 542.089 277.584 816.62 321.823 198.595 263.973 650.17 249.84 91.0824 293.847 883.558 727.885 645.012 61.7414 706.135 577.47 386.246 167.547 536.157 507.016 574.095 589.216 
61.6847 479.437 377.033 503.397 843.586 583.824 298.332 306.811 478.023 859.027 492.05 883.349 411.807 750.798 57.5847 673.873 510.785 778.653 515.062 301.002 148.647 541.144 427.225 849.786 349.687 437.307 414.281 693.981 446.509 237.531 
273.88 502.113 139.617 258.027 611.65 488.431 296.096 92.0869 349.521 638.549 518.376 671.935 170.792 560.093 300.88 431.15 280.432 534.329 571.542 466.053 336.091 306.232 416.778 644.666 156.589 200.385 421.855 500.145 345.776 247.132 
922.356 784.372 574.604 452.134 48.0104 545.793 898.484 646.233 501.807 607.068 796.518 672.075 541.776 714.964 939.898 254.466 535.086 211.681 872.062 1115.22 989.45 504.608 707.738 158.218 534.607 541.713 993.759 257.422 556.138 727.195 
308.255 818.296 401.699 521.783 926.603 860.582 82.7647 339.201 726.158 704.48 832.577 703.082 432.251 544.783 356.202 722.447 456.426 804.016 865.035 236.546 258.805 492.062 750.177 998.103 535.071 431.821 57.9396 866.341 715.856 554.261 
341.457 254.275 361.4 430.029 650.173 302.592 503.724 338.25 208.543 846.681 270.49 888.982 378.857 794.411 329.569 529.306 494.491 635.708 325.357 580.856 428.434 510.13 172.166 612.657 188.534 412.903 633.329 452.966 168.505 51 
186.43 353.657 406.518 515.123 806.435 478.265 412.826 350.887 390.514 905.349 366.005 937.257 436.206 817.774 159.013 658.684 547.449 766.098 389.371 420.962 270.934 572.713 306.545 787.353 311.362 466.995 534.614 628.077 350.464 132.136 
301.496 598.91 99.6243 234.094 625.538 574.843 235.077 24.2074 432.64 567.68 615.168 595.243 136.015 473.466 339.872 429.418 219.317 524.361 667.816 448.987 342.381 251.348 513.321 683.71 232.641 152.643 350.708 550.568 435.005 342.094 
217.113 618.855 207.077 340.978 732.688 636.277 144.101 131.529 499.985 642.608 634.263 662.193 243.101 525.178 262.528 537.202 313.129 631.557 677.2 341.27 242.002 347.635 541.956 784.909 308.577 256.363 271.4 646.261 492.062 352.23 
431.561 393.581 240.707 262.231 473.621 302.238 497.562 258.954 158.013 680.825 410.001 728.723 241.961 654.313 440.556 341.276 347.052 447.854 478.8 652.028 509.284 353.657 299.475 466.374 45.31 273.651 621.969 312.026 173.297 227.607 
353.624 186.507 482.996 561.079 771.145 348.076 567.67 448.486 303.152 975.461 198.842 1015.81 504.034 914.385 323.761 660.444 620.137 766.211 228.281 586.287 437.659 638.024 151.644 715.996 321.179 537.82 693.514 558.198 251.319 110.39 
715.508 1037.47 428.921 412.393 703.393 946.335 490.474 458.268 806.083 228.09 1054.1 204.749 417.698 47.0106 763.417 522.98 312.436 537.671 1114.26 741.537 714.717 314.992 945.838 850.623 626.573 384.708 480.6 789.023 830.637 796.04 
367.241 221.208 391.68 454.948 656.247 279.551 536.411 370.815 199.251 873 237.508 916.415 407.806 824.471 352.115 544.546 522.947 650 294.054 606.964 454.433 537.403 138.708 609.493 211.603 441.862 665.92 450.245 153.496 69.0652 
250.711 766.006 385.467 512.191 914.248 818.086 64.2573 316.863 686.619 729.464 780.023 732.673 418.493 577.008 298.518 712.845 457.2 799.471 810.665 201.099 202.428 493.238 700.213 976.139 500.49 422.573 115.551 839.453 673.25 503.754 
682.72 623.308 338.87 229.124 199.449 426.484 663.323 407.657 328.818 526.031 637.942 587.006 308.457 576.222 702.2 93.6483 327.771 179.388 713.182 874.474 748.578 304.897 535.014 267.884 302.152 314.201 765.278 192.512 379.237 510.069 
76.4788 481.331 433.896 559.804 894.519 608.922 334.763 363.6 512.291 914.822 492.59 938.271 468.603 803.831 30.0666 728.097 567.536 833.382 507.276 290.837 146.055 597.997 439.191 894.452 398.167 494.191 442.386 737.207 476.59 260.555 
398.02 616.702 8.06226 132.816 529.87 549.466 323.037 79.7621 405.183 492.724 633.321 527.828 34.9285 425.029 433.042 330.248 134.239 423.341 693.653 549.313 443.221 160.649 525.519 600.816 210.851 55.3173 426.075 478.524 420.115 380.447 
161.4 688.675 383.099 516.42 908.277 760.135 119 307.695 635.324 781.09 702.084 790.496 418.868 639.641 208.166 713.393 478.968 807.034 728.703 165.496 113.952 514.612 628.067 953.798 461.446 430.081 206.17 809.707 616.157 431.854 
430.228 779.187 193.166 266.511 664.447 734.091 236.932 187.387 589.764 438.622 795.55 451.648 204.783 310.229 477.017 457.755 178.281 527.418 849.293 496.533 439.51 211.783 691.99 763.067 391.594 186.097 291.548 654.523 600.9 523.717 
851.942 685.829 527.549 417.484 98.4937 446.43 851.474 594.193 406.399 643.529 697.789 708.139 497.86 729.595 865.837 238.757 511.974 240.277 773.217 1055.09 923.191 485.709 610.532 93 458.656 503.695 954.839 158.24 460.626 640.054 
604.745 95.6713 702.636 751.26 850.54 321.834 823.787 683.141 385.099 1170.05 79.2465 1217.54 716.126 1134.09 569.495 797.16 829.325 893.166 35.3553 828.908 685.482 840.238 189.763 743.454 510.633 749.989 949.933 606.993 337.024 351.141 
667.791 707.2 285.044 152.069 260.432 535.905 600.701 361.565 420.107 401.278 722.82 460.926 249.088 449.004 695.531 54.3783 226.771 140.431 795.953 833.308 722.357 196.919 614.841 380.217 330.764 241.299 688.646 320.765 464.39 550.753 
478.619 153.574 648.741 722.025 893.135 401.628 715.52 614.2 413.237 1138.8 151.182 1180.38 668.996 1080.43 438.33 805.188 785.043 908.248 115.663 691.608 554.109 801.888 207.408 812.002 479.176 702.9 836.93 661.968 359.089 276.384 
479.401 509.148 173.925 150.083 402.747 388.888 482.744 224.475 249.018 565.76 525.461 615.202 159.138 549.859 499.223 239.41 245.326 346.902 595.081 676.492 546.498 245.717 415.077 437.727 112.361 184.024 596.685 303.266 278.887 332.399 
491.024 747.393 139.807 152.778 541.599 664.447 344.746 185.065 521.707 372.43 764.029 401.663 127.769 293.212 532.41 335.149 54.4885 403.555 825.177 598.286 518.868 88.0057 655.534 647.158 336.59 95.8801 414.093 548.862 542.677 511.649 
263.492 796.656 451.864 579.669 980.899 865.534 132.231 381.694 737.906 791.003 809.938 791.511 485.374 633.942 306.139 780.164 525.148 867.36 835.135 146.441 195.819 561.177 736.387 1039.45 557.216 490.196 133.222 900.385 721.086 540.107 
739.268 1046.01 438.719 411.447 684.547 946.794 519.086 473.097 807.996 194.258 1062.65 170.485 424.802 15.2643 786.631 509.495 315.412 518.001 1124.2 771.986 741.296 314.014 953.705 835.675 632.987 391.22 513.191 779.976 834.56 808.81 
415.601 124.535 521.464 588.49 765.957 308.177 626.39 493.585 288.21 1006.43 136.938 1049.39 539.485 954.422 385.467 670.773 655.124 774.479 172.029 647.93 499.593 670.433 103.586 696.945 345.036 573.526 753.076 542.208 234.053 155.756 
907.317 1098.87 538.897 447.756 549.102 944.95 725.58 599.801 823.214 59.4643 1115.11 102.903 510.416 240.26 949.604 436.125 398.077 391.266 1184.91 985.37 928.246 373.472 1004.85 722.887 691.286 478.649 745.735 715.856 862.76 900.063 
182.8 386.374 317.97 427.855 734.854 461.85 359.234 263.822 352.881 817.017 400.844 849.523 347.701 732.378 179.201 578.055 458.947 685.007 437.879 421.048 269.03 484.153 320.465 729.855 237.002 378.428 486.695 572.574 322.405 123.968 
136.854 472.952 276.93 401.603 746.073 531.994 272.342 209.859 411.351 766.039 487.562 793.638 311.045 667.8 157.544 572.766 413.319 677.106 524.661 358.912 212.81 442.476 404.432 761.391 258.544 337.664 400.211 608.6 388.672 208.195 
320.039 420.83 190 270.601 567.726 393.573 388.402 174.416 255.562 680.254 437.375 720.256 208.626 623.013 334.153 408.001 324.692 515.14 495.997 536.213 395.032 342.667 331.652 578.001 75.213 242.539 515.52 426.38 250.966 186.207 
525.419 27.313 612.046 664.248 788.592 278.869 736.579 591.859 312.775 1083.5 29.6816 1129.92 626.231 1044.01 493.447 720.478 740.017 819.398 75.6902 755.275 608.482 751.833 106.231 695.59 422.153 660.17 863.681 550.436 261.174 260.969 
600.262 480.942 326.087 267.092 310.006 293.061 633.202 376.303 186.432 640.647 495.55 697.782 307.561 660.996 611.383 228.127 373.001 321.758 570.824 813.298 675.148 362.505 393.146 297.634 205.456 327.515 749.123 151.819 237.118 386.774 
545.212 203.01 732.105 804.967 964.105 456.089 789.066 696.737 485.161 1222.08 194.371 1263.81 752.447 1163.58 501.941 883.857 868.493 985.853 129.035 747 616.105 885.268 276.279 874.062 561.806 786.349 907.96 728.204 431.723 359.611 
550.142 365.941 357.677 339.629 414.403 195.931 629.918 387.342 71.5612 739.465 380.552 793.742 350.28 741.271 552.526 341.204 439.527 436.726 455.827 777.821 631.561 437.049 278.729 364.297 177.612 377.719 753.923 204.6 122.56 298.53 
401.52 516.779 104.235 153.395 483.322 437.924 396.602 139.671 293.641 566.845 533.414 609.528 106.104 523.072 425.63 304.647 217.407 409.585 597.522 591.108 464.436 230.517 423.835 524.704 102.859 139.119 512.65 388.398 309.885 301.573 
418.961 241.456 371.517 414.656 586.046 226.312 560.601 365.21 127.456 833.866 258.031 880.633 381.534 799.196 409.928 484.004 493.129 587.716 325.272 657.213 505.333 503.257 147.872 536.492 173.925 415.047 690.188 377.244 87 132.575 
756.897 771.891 372.518 238.296 201.556 581.414 683.592 449.392 479.176 388.726 786.985 452.448 336.204 471.666 784.51 67.1193 299.1 52.3927 861.485 920.149 811.046 265.505 681.455 352.319 413.237 325.682 766.006 332.533 527.365 632.093 
457.71 178.933 437.412 476.942 617.508 190.371 617.645 430.265 139.058 895.529 195.29 943.39 447.01 864.37 442.408 532.768 557.891 633.785 265.548 697.413 544.883 567.071 84.8528 549.605 238.73 480.402 747.402 393.615 85.0235 159.531 
450.96 497.363 158.493 158.256 431.195 391.449 459.221 202.2 248.91 577.209 513.822 624.725 149.215 552.472 470.814 266.047 245.693 373.343 581.96 649.159 518.353 250.218 403.288 463.492 90.3383 177.553 575.15 325.73 273.708 309.808 
545.286 598.588 182.784 86.2844 348.001 458.024 507.332 253.505 325.96 480 614.73 532.35 152.306 481.769 570.519 159.841 192.585 264.683 685.511 724.189 604.735 181 504.774 419.358 204.267 160.751 609.361 311.194 362.494 424.19 
277.218 595.494 124.92 259.48 649.36 582.344 215.873 48.3322 441.494 588.694 611.59 614.706 161.4 489.449 316.533 454.192 243.249 549.622 662.048 424.157 316.931 275.801 511.789 704.45 243.13 178.017 335.181 569.056 440.828 335.049 
736.61 501.602 482.3 411.847 276.847 260.163 788.229 532.376 235.536 742.192 513.04 803.617 462.465 789.111 741.653 308.029 517.89 366.699 588.099 958.526 815.724 502.364 430.377 177.387 347.897 480.36 905.332 30.4795 287.793 488.215 
482.59 281.4 367.935 384.787 512.071 182.165 598.08 378.001 52.345 799.456 297.061 849.909 370.342 781.369 478.358 424.948 474.305 525.289 370.304 717.607 567.389 478.942 189.528 457.665 165.605 401.991 726.177 298.51 44.9444 208.856 
576.321 689.473 184.545 51.0098 367.87 553.586 493.077 261.633 421.38 385.924 705.783 437.104 147.872 388.747 608.001 161.227 122.188 243.343 775.242 729.883 625.048 98.2344 595.399 473.491 283.471 134.737 579.967 387.584 456.602 498.688 
237.716 310.103 378.737 476.001 746.853 413.717 437.852 333.054 323.682 878.112 324.002 913.801 404.931 802.591 218.586 606.822 519.481 714.382 358.309 476.707 324.617 541.765 251.525 722.38 257.031 437.416 564.309 562.88 283.863 65.7647 
347.092 203.593 517.042 601.446 819.976 390.717 575.785 477.247 351.864 1013 213.019 1051.7 540.049 945.804 311.708 706.859 655.964 813.01 226.055 572.297 427.591 675.406 188.831 764.621 364.408 573.502 698.823 607.032 299.666 147.027 
162.693 597.724 252.769 387.398 771.511 636.908 148 175.684 505.846 697.402 612.566 716.612 289.36 578.215 209.022 580.115 366.034 677.097 650.588 300.167 189.594 400.061 526.047 814.195 324.23 305.635 277.354 670.63 492.065 331.489 
437.659 396.184 241.868 260.048 467.402 300.54 501.908 261.895 156.205 678.258 412.564 726.521 242.167 653.38 446.804 336.001 346.157 442.449 481.769 657.732 515.218 352.132 302.074 460.179 49.6488 273.542 625.998 306.007 173.459 233.343 
571.424 430.091 330.847 292.036 357.453 250.799 624.256 372.023 135.912 681.195 444.789 736.824 317.53 691.755 579.118 277.065 395.683 372.49 519.955 791.103 649.223 389.308 342.072 327.819 180.325 341.475 744.165 172.047 186.075 342.773 
130.648 669.933 450.564 585.161 966.876 770.506 206.737 373.563 655.6 867.568 682.001 878.08 487.082 727.792 163.077 777.764 556.925 875.05 699.861 113.701 47.0106 592.035 619.491 999.4 498.615 501.977 276.588 849.944 629.682 428.193 
414.349 869.58 349.857 444.438 844.754 868.074 156.984 311.264 726.11 560.33 885.084 555.014 371.194 395.506 464.657 638.045 358.504 706.672 928.029 387.36 386.846 391.368 791 939.162 525.967 359.34 127.424 823.177 727.101 603.176 
555.666 942.827 352.278 395.38 762.997 894.34 314.884 351.353 750.067 394.707 959.14 383.631 357.022 223.081 605.239 561.709 290.801 608.622 1011.75 560.261 544.142 313.268 856.054 884.096 553.864 331.489 298.082 791.808 763.497 685.149 
336.024 588.511 58.4209 192.634 581.207 547.091 278.289 20.2485 403.496 546.649 604.983 578.275 95.0368 465.414 371.383 385.834 191.039 481.965 661.255 492.541 382.232 220.227 500.13 640.281 203.062 116.619 391.019 509.035 410.411 340 
323.903 862.981 574.966 704.146 1103.88 958.391 257.624 503.036 837.717 907.491 874.874 904.093 609.076 744.565 354.141 904.312 650.496 992.446 890.632 101.637 238.872 686.517 812.503 1156.98 666.562 614.928 224.751 1014.39 815.727 619.969 
499.94 141.156 660.961 730.906 891.696 392.588 735.063 628.441 412.069 1148.62 136.704 1191.07 680.309 1093.31 460.132 808.802 796.214 911.014 94.2019 714.057 576.022 812.251 204.025 806.357 487.469 714.291 857.114 658.062 358.281 289.614 
558.746 134.648 535.059 559.047 634.679 124.193 725.989 534.158 171.593 972.672 146.25 1023.81 540.941 954.811 539.268 583.86 647.565 677.632 221.84 798.168 645.868 653.043 84.0536 537.276 332.519 573.415 855.746 393.512 130.43 260.548 
207.077 740.27 523.536 657.606 1044.59 850.3 246.483 447.166 737.082 917.154 751.626 922.835 559.697 768.214 230.495 852.838 621.914 948.171 764.665 32.6497 119.883 657.578 694.344 1080.47 580.332 572.218 278.742 931.615 710.303 505.799 
