70 35 17
777 335 649 27 763 426 211 429 862 135 22 167 11 373 784 324 413 980 862 281 84 505 313 895 814 364 87 178 403 399 676 12 94 570 467 
601000 97000 902000 317000 492000 652000 756000 301000 280000 286000 441000 865000 689000 444000 619000 440000 729000 
9 3 15 15 13 11 13 4 4 15 15 0 15 1 6 0 14 2 14 4 9 11 10 12 15 14 15 0 3 13 5 6 2 7 2 9 7 6 12 11 9 13 15 4 6 2 0 4 10 5 10 0 12 12 14 16 4 13 15 14 15 5 1 11 1 14 10 3 7 2 
83.2633 105.888 47.7897 40.3288 57.4259 92.235 64.1363 53.2824 79.3545 3.05941 107.535 6.5307 45.2832 15.1819 87.6413 43.1973 33.7243 40.9044 114.285 90.0561 84.9075 31.8152 96.4813 74.0492 64.57 41.9606 65.718 71.3808 82.9102 84.6643 81.5839 68.9322 50.1001 81.5652 42.3615 
23.2648 44.9755 20.6189 31.8699 65.049 46.5027 31.4963 15.6311 33.4105 70.5569 46.5653 73.903 23.6019 62.5809 25.1269 48.0276 34.7248 58.5731 51.4615 44.6947 30.5738 37.234 36.8973 66.7066 16.4624 26.6603 44.4375 51.5878 32.0203 18.7459 76.2644 12.9865 27.0085 13.3282 30.0696 
63.0632 22.6318 54.6174 54.595 56.0565 2.70185 77.3683 55.9 14.9646 94.6792 23.5009 100.158 54.5415 94.7348 61.6393 53.6899 64.2925 62.2396 30.7371 87.0109 71.7668 64.2932 18.1122 44.8496 34.5701 57.5577 90.2743 31.4391 14.0036 33.3384 50.7025 58.4863 70.1257 45.0031 52.7987 
54.5055 60.6897 17.7882 7.6531 35.1689 46.7985 50.2309 24.9874 33.5491 47.0821 62.3077 52.2855 14.6373 47.1594 57.108 16.0078 18.2792 26.36 69.36 72.1372 60.3364 17.0848 51.3008 42.6663 20.9974 15.317 60.3096 32.039 37.154 42.9554 52.4475 40.6985 35.7393 44.3991 6.77791 
82.1659 48.956 60.8142 54.6875 36.964 23.7228 90.208 65.156 28.9249 87.5263 49.7305 93.7453 59.1341 92.6206 81.9576 44.1416 65.3143 48.8821 56.7071 105.268 90.4854 63.8705 43.942 21.1632 45.1453 61.1546 102.334 15.9841 32.9565 54.7083 24.8204 73.7494 79.0266 64.8535 53.5859 
30.9095 71.6224 21.2869 33.0829 73.5572 71.1973 12.1462 15.9531 57.0793 56.5212 73.1973 57.7881 24.1868 43.2844 35.7532 53.1601 27.1536 61.5092 77.7927 37.5213 31.3045 30.7584 63.5731 81.0583 37.1497 24.084 21.6453 68.4124 57.0404 45.1136 90.9101 18.8218 3.86394 36.2824 32.6712 
51.1723 7.5213 54.1133 58.258 69.6915 19.9722 69.9011 52.9371 22.0737 100.086 9.09065 104.907 55.196 96.9665 48.7308 62.9851 66.3461 72.7946 16.4639 74.9064 59.8001 67.2868 2.51794 60.8161 34.4224 58.5508 82.8196 46.0331 16.9685 22.1097 67.4763 50.3049 66.1318 33.7925 56.2392 
87.5265 87.6824 48.7256 35.2666 19.123 67.1096 78.9715 56.4384 58.2204 38.302 89.1384 44.78 45.0632 50.6578 90.3728 18.22 39.8177 7.55844 96.6708 103.219 92.7383 36.2581 78.8511 36.9244 53.1899 43.6716 86.369 39.8841 63.2811 74.9753 43.0955 73.2547 63.1045 77.6835 36.5571 
17.8631 55.3565 21.6749 35.0036 72.4489 58.2742 19.799 14.1 45.0644 68.6226 56.8821 71.0226 25.3237 57.9411 21.7555 53.7272 34.213 63.6909 61.0712 34.9497 22.596 37.4253 47.8461 76.1694 26.9007 27.4002 32.7703 61.6623 43.7922 28.6714 85.9069 3.1 18.7211 19.1859 33.6535 
73.8253 86.3343 34.6071 22.7882 36.1386 70.4469 61.0568 41.8937 58.3545 23.1976 87.9392 29.3128 31.1541 30.8551 77.4249 20.3002 22.241 19.4833 95.0596 86.3892 77.6789 18.7451 76.9699 51.7604 46.4091 28.6276 67.038 48.4926 62.4443 68.0254 59.8653 59.0664 45.1625 67.5956 24.7542 
43.2925 25.9786 35.9785 39.5904 55.9973 21.747 56.3494 35.8645 10.5948 81.4617 27.621 86.2338 36.7619 78.4272 42.6386 45.9343 47.746 56.2617 34.5419 66.9846 51.8626 48.6148 16.568 51.1852 15.8777 40.0739 69.2693 35.2405 7.33553 15.3883 59.5857 37.5055 49.8029 25.5314 37.5661 
63.529 34.8891 46.1824 43.4219 42.19 11.967 73.1779 49.1874 10.1671 81.8648 36.068 87.571 45.3028 83.4086 63.2178 39.9362 53.7142 48.1664 43.6101 86.8332 71.9275 53.1588 27.8 32.7185 28.0236 47.9302 85.6861 17.9078 14.5097 36.0325 40.0346 55.8057 63.4527 46.1069 41.8417 
53.5381 54.8631 20.3298 13.5074 34.7311 40.4428 52.3582 26.5166 27.2635 53.2886 56.4628 58.5755 17.9368 53.448 55.6378 18.1893 24.0169 28.9456 63.6268 72.7265 60.0513 23.2019 45.5171 39.5258 16.8181 19.588 63.2286 27.3163 31.0345 38.7093 49.3852 40.5671 38.8703 41.6308 12.1004 
76.0345 58.483 46.1064 36.8246 18.4491 35.1551 78.0082 52.1284 30.2536 66.091 59.7245 72.3683 43.546 72.2001 77.1447 22.8974 47.0919 27.4614 67.297 97.0907 83.456 45.0148 50.7666 13.9517 36.5531 44.7264 89.0126 6.51153 35.6808 53.8001 23.7588 64.648 64.6226 61.0011 36.2491 
69.3785 82.4151 30.1159 18.3308 36.5453 67.2447 57.1431 37.4433 54.7899 25.9625 84.0311 31.7238 26.6492 31.0097 72.9464 18.7067 18.0427 20.3421 91.0844 82.2927 73.3382 14.4838 73.0282 51.1674 42.1578 24.1599 63.6002 46.546 58.7133 63.6649 59.7003 54.6297 41.2098 63.0971 20.3177 
36.9709 88.1477 44.4846 55.8008 96.2996 91.9696 14.0812 38.7769 78.3747 70.2659 89.5806 69.5414 47.3017 53.506 41.6886 75.7209 48.3939 83.3662 92.8421 26.8924 31.5217 51.8684 81.2754 104.256 59.014 46.8817 1.66433 91.4997 77.5188 61.7081 114.106 33.4934 26.1817 50.5951 55.5874 
54.052 19.4003 72.3747 79.6036 95.4652 44.7161 78.3304 68.8851 47.5682 121.329 18.5607 125.517 74.391 115.54 49.7668 87.4443 85.9936 97.6402 12.1491 74.4054 61.2148 87.6567 26.6811 86.488 55.28 77.7829 90.2668 71.8858 42.2238 35.1366 92.7175 59.9683 79.6332 42.1294 77.5423 
53.4439 34.7546 35.7001 34.6879 43.5239 18.9447 62.1342 38.2624 5.51543 75.1117 36.2377 80.4555 35.1746 74.8362 53.5601 35.8169 44.4775 45.507 43.7371 76.3776 61.6604 44.3938 25.9332 38.4298 16.9815 38.0296 74.6379 22.4611 10.3315 27.8627 47.0619 44.9588 52.5656 36.6104 32.9014 
3.245 55.3946 36.76 50.0145 86.3496 64.5354 22.8862 29.2015 53.1159 82.8147 56.6873 84.7555 40.3972 70.7975 8.20731 68.3012 49.155 78.4694 59.1166 23.8315 8.91964 52.4379 49.8258 88.4471 38.1687 42.5005 33.9949 73.2214 50.4533 30.4665 97.974 12.0037 30.6349 18.5397 48.5924 
33.8565 54.0234 7.48131 18.932 55.5543 49.4122 31.91 6.59697 35.0629 57.4227 55.6785 61.0082 10.2694 50.5751 36.8164 36.8285 21.5523 46.9506 61.5028 51.64 39.4975 23.927 45.0644 60.2457 15.012 13.3843 43.6946 46.5834 35.7526 29.8613 70.0772 19.8595 20.8952 26.643 17.3012 
63.0354 86.0403 26.8427 21.1703 51 74.6612 46.4389 32.3827 60.987 23.3 87.7001 26.7088 24.492 19.1604 67.2298 31.8449 12.8818 35.0228 94.2119 72.3329 65.4545 11.6284 76.6838 64.6871 44.5215 21.1192 50.9755 58.0001 63.9594 63.9038 73.6098 48.4661 31.1006 60.5905 23.0315 
77.0393 80.3782 38.1294 24.6759 22.4722 61.6332 68.5149 45.8423 51.2001 35.513 81.9015 41.9237 34.4653 44.5295 79.9758 9.94887 29.5435 6.00333 89.3212 92.6305 82.157 26.045 71.2775 38.3012 43.7539 33.0784 76.2497 36.8213 55.9433 65.7281 46.2044 62.7025 52.7 67.7127 26.0094 
85.7084 92.4173 46.3087 33.4013 29.6522 73.6941 74.1335 53.8677 63.3064 27.4642 93.9513 33.9366 42.7005 40.572 89.038 22.0737 35.0258 14.4931 101.344 99.2831 90.0509 31.4441 83.2707 47.1666 54.884 40.5967 80.2337 48.1226 68.0054 76.887 53.7894 71.0513 58.2074 77.9418 35.1172 
17.4794 68 33.6752 46.9422 86.3586 73.586 8.49588 26.2231 60.6942 73.4588 69.4058 74.5322 37.22 59.6108 22.466 66.7255 43.0499 75.9924 72.5425 21.3153 14.9412 46.6168 61.4343 91.348 42.6513 38.2498 19.6756 77.1763 59.1177 41.7824 101.148 14.3544 20.7196 30.4007 46.0246 
74.4361 81.22 35.1518 21.9112 27.5136 63.6878 64.5899 42.8224 52.4485 31.4326 82.7818 37.7327 31.4951 39.5464 77.6032 12.209 25.3571 11.0941 90.0935 89.1164 79.1614 21.783 71.9806 42.9421 43.0488 29.7325 71.88 40.2603 56.9281 65.0423 51.0789 59.9013 48.6881 66.1381 23.5077 
65.1517 26.432 54.3261 53.3796 52.6824 1.11803 78.3827 56.1288 14.6003 92.8154 27.3002 98.4124 53.9957 93.5412 63.9648 51.2291 63.3285 59.4515 34.5138 89.0311 73.8204 63.1229 21.6157 41.1176 34.637 56.8987 91.2177 28.0016 15.0416 35.6867 46.9017 59.808 70.431 47.125 51.6563 
44.3497 61.9371 5.22015 8.27647 47.8803 53.0936 37.3729 12.912 38.7883 46.9401 63.6008 50.9502 1.70294 42.0523 47.6303 27.8772 11.5109 37.2543 69.9717 60.0471 49.2062 13.1826 52.646 55.4049 20.5154 3.80789 47.3888 43.7156 40.9068 39.7152 65.2283 29.8181 22.8327 37.7 7.15891 
41.7138 39.5258 23.1614 26.0461 48.5149 31.3006 48.341 24.671 16.9189 67.9662 41.1767 72.6626 23.4785 64.9247 42.6644 34.8391 34.2094 45.5388 47.9452 63.7191 49.4604 35.0143 30.1281 48.0554 3.17805 26.7081 60.8148 32.6602 18.0945 21.9317 57.4669 31.6901 38.9965 26.7442 24.0085 
45.7354 13.3963 61.3074 68.5073 85.821 37.4021 68.8802 57.9959 37.8471 110.212 13.537 114.401 63.2861 104.519 41.9268 76.8274 74.8853 87.153 12.0071 67.6287 53.5412 76.5371 17.5103 78.0185 44.2092 66.6805 81.1742 62.8815 32.4197 24.129 84.8999 50.0009 69.1462 32.0128 66.4464 
32.2845 79.3974 32.4006 43.8321 84.3496 81.1608 6.51153 26.8777 67.2815 62.102 80.9072 62.2945 35.2206 46.6987 37.3109 63.8264 36.8908 71.7505 84.8416 31.085 29.5801 40.4358 71.917 92.1703 47.5988 34.8765 10.5209 79.5075 66.8144 52.7148 102.02 24.5359 14.145 42.47 43.5587 
53.4899 12.4016 68.0137 74.4339 88.7521 37.7107 76.6672 65.1077 40.9871 116.316 11.5624 120.706 69.7923 111.309 49.6004 81.3241 81.3396 91.3869 5.87963 75.1166 61.2052 82.8046 20.096 79.5267 50.0609 73.1976 88.9812 65.0202 35.7113 31.197 85.7131 57.7135 76.6187 39.72 72.3747 
15.4693 59.3111 25.8544 39.3154 77.5765 63.5305 15.2161 18.1417 50.5107 70.525 60.787 72.4591 29.5178 58.6276 20.096 58.5144 37.3109 68.2575 64.5232 29.6184 18.2989 40.7011 52.2188 81.6854 32.522 31.1978 28.1087 67.2566 49.0486 32.7185 91.4414 4.41814 18.5076 22.1199 38.1215 
44.3639 79.2233 20.301 27.0237 66.544 74.468 24.6246 20.0385 60.0334 42.7234 80.8616 43.9165 21.2735 29.6651 49.0597 45.889 17.8393 52.6165 86.2681 50.6167 45.1784 21.0836 70.4762 76.6963 40.2773 19.2333 29.5296 66.0622 61.2259 53.7327 86.3656 31.0203 10.519 46.8787 27.4855 
42.1001 15.8345 45.0871 50.4946 67.1029 24.0709 60.0101 43.3797 19.5256 92.421 17.4866 96.9604 46.476 88.2562 40.1045 57.7022 57.8683 68.0053 23.6136 66.0186 50.8025 59.1055 7.4108 60.6981 26.1725 49.8704 72.9429 45.0441 14.1905 12.4427 68.3977 40.4243 56.3415 24.3288 48.441 
43.3601 43.4245 20.4414 22.1382 45.7073 33.7818 47.7582 23.0495 19.3621 64.026 45.0699 68.7837 20.3002 61.358 44.7166 31.1541 30.6349 41.8918 51.9018 64.6128 50.7568 31.2618 34.0165 46.5242 4.07922 23.403 59.9361 31.6172 21.3178 25.6363 56.1239 32.2552 37.2903 29.445 20.1159 
57.969 3.96232 63.9578 68.1076 77.345 24.7588 78.3597 62.5585 30.8415 109.887 2.96816 114.756 65.0862 106.864 54.9343 72.0856 76.2481 81.6216 8.7023 81.1638 66.3718 77.177 12.2119 66.9069 44.3244 68.4451 91.1711 53.0487 26.1457 30.4685 72.6333 58.7882 75.4973 41.5098 66.0957 
45.7096 86.9994 30.8084 38.3824 77.65 84.4002 21.386 28.7091 70.0103 47.6766 88.6007 47.3608 32.2672 31.5546 50.7001 57.0404 28.9608 63.288 93.4579 46.245 44.3191 32.0095 78.6553 88.0539 50.0009 30.4777 21.1625 77.3196 70.7248 60.7211 97.7151 34.7282 15.0572 52.2358 38.833 
42.2181 77.2865 18.9594 26.6835 66.6148 72.9747 23.0361 18.1221 58.5452 44.6179 78.9208 45.9527 20.2527 31.8291 46.8956 45.9436 18.0812 53.0374 84.2637 48.9745 43.1727 21.4805 68.5919 76.3079 38.6871 18.5011 28.7689 65.3209 59.5995 51.6841 86.0252 28.821 8.41546 44.7111 26.9833 
68.3143 45.8635 44.2109 38.3256 31.0672 22.7482 74.1598 48.7911 18.3325 73.6697 47.0894 79.6465 42.4953 77.1236 68.7554 30.625 48.9495 37.8593 54.6561 90.6565 76.2843 47.7151 38.3308 23.0185 29.6805 44.5382 86.0654 7.2111 23.6542 43.3872 31.5163 58.5642 62.5082 51.9648 37.1214 
24.5937 29.5083 41.06 50.7501 77.2001 41.876 45.9308 36.4194 33.8237 91.0012 30.8099 94.5609 43.6835 83.3787 22.064 63.5708 55.1374 74.3226 33.7018 48.2212 33.1509 57.3663 24.4902 74.2187 28.5813 46.932 58.423 58.2495 29.5114 7.94796 82.8205 26.9141 46.4091 8.93197 48.7693 
14.5602 57.3928 25.7614 39.1842 76.9661 61.8324 17.1292 18.0737 48.9262 71.3751 58.867 73.4543 29.4279 59.8239 18.9771 58.1326 37.7041 68.0084 62.6018 30.4021 18.2989 41.0312 50.3287 80.6895 31.2285 31.2922 30.0027 66.1154 47.357 30.8104 90.4166 2.59615 19.8215 20.2032 37.9084 
46.5988 68.43 8.37616 10.0802 50.4251 59.7762 35.6118 14.7679 45.5003 41.607 70.0943 45.1811 6.29682 35.5039 50.3557 29.8304 5.76975 37.968 76.3451 59.8645 50.4216 8.6977 59.1849 59.6735 27.1465 2.95466 44.2485 49.0245 47.6391 45.4912 69.3908 31.8234 19.973 42.2765 10.3788 
51.1165 21.5335 43.8799 45.8661 55.9031 13.297 65.131 44.363 8.00562 87.259 23.0152 92.3472 44.2821 85.5102 49.9917 49.008 54.7951 58.7241 30.5188 74.9987 59.785 55.2856 12.912 48.3291 23.5763 47.4858 78.0586 32.9006 3.04138 21.7904 55.8488 46.1866 58.4309 33.097 43.921 
31.8779 26.1696 36.3688 43.9345 67.1626 32.6075 48.9037 33.5288 23.3754 85.3823 27.7503 89.4723 38.3275 79.6343 30.5485 54.626 49.9316 65.3105 32.7832 55.8424 40.5908 51.6519 18.5003 63.6908 20.1162 41.7195 61.8324 47.7205 19.3507 2.6 72.2732 29.3138 45.8215 13.8235 41.8847 
57.1349 77.19 19.0118 12.3369 46.513 65.8818 43.6744 25.4908 52.118 31.1662 78.848 35.2151 16.1988 27.8298 61.0129 26.2122 5.09902 31.8248 85.4172 68.9348 60.5 2.72029 67.8205 58.5764 35.6867 12.9769 50.3532 50.4921 55.0441 55.5042 67.877 42.371 27.7483 52.951 14.1439 
26.706 49.973 14.6014 26.5 61.8066 48.9612 29.3401 9.62133 35.1369 64.461 51.5947 67.7676 17.7485 56.4989 29.3901 43.7987 28.6665 54.1248 56.8465 46.0409 32.973 31.2712 41.4986 65.0056 16.0016 20.6865 41.9734 50.4971 34.6554 24.3378 74.7329 13.618 22.1639 19.3871 24.8202 
19.598 45.7957 22.9993 34.8786 68.6896 49.0658 29.4335 17.1143 36.3556 72.6529 47.3426 75.7608 26.2084 63.9038 21.5539 51.5057 36.9789 62.0008 51.7983 41.2273 26.9609 39.6772 38.1578 70.3363 20.0644 29.0998 42.4085 55.1609 34.5984 19.1604 79.8745 10.1833 26.8337 11.4215 33.1453 
63.607 82.8803 25.607 17.36 45.3944 70.3036 49.0494 32.0744 56.9196 24.852 84.5308 29.3082 22.6991 24.1746 67.5457 26.1964 11.676 29.5677 91.2415 74.645 66.7396 9.005 73.4804 59.0407 41.5173 19.5451 54.6978 52.6308 60.1924 61.8205 67.9488 48.8628 33.2746 59.533 19.3659 
86.226 78.2077 49.7897 36.967 5.30848 55.8574 81.8841 57.2177 48.9948 51.4024 79.5527 57.9042 46.3435 61.7992 88.3801 16.8808 44.5587 11.4726 87.1483 104.424 92.4658 41.3734 69.8978 22.8569 48.6121 45.9656 90.8944 27.3929 54.3401 69.2142 29.5007 72.8485 66.5956 73.9522 37.5586 
87.7262 81.9923 50.3718 37.191 9.28924 60.0243 82.0478 57.947 52.646 47.8006 83.3665 54.3004 46.824 59.0435 90.0961 17.3819 43.9068 9.22009 90.9563 105.19 93.6667 40.5622 73.5367 27.1649 50.9318 46.1187 90.5563 31.7591 57.9351 71.9809 33.2866 74.0293 66.5114 76.1447 38.0158 
72.3398 41.4309 52.5298 47.8302 38.2205 16.3248 80.9925 56.3298 19.1024 83.6373 42.4062 89.6315 51.1825 87.0028 72.1168 40.4728 58.4069 47.1246 49.7278 95.5055 80.6816 57.3614 35.399 25.8436 35.7834 53.4835 93.294 13.7441 23.3122 44.9588 32.0702 64.153 70.4115 55.0142 46.5001 
81.9421 84.9172 42.8911 29.4771 22.2324 65.5534 72.7902 50.598 55.6127 34.5023 86.4223 41.0005 39.2237 45.4357 84.9301 14.4534 33.5872 6.13514 93.8801 97.1817 86.9416 30.0177 75.8846 39.2594 48.7516 37.6789 80.1041 39.702 60.4623 70.7091 46.413 67.5444 56.9025 72.7473 30.8877 
25.205 78.8923 46.513 59.4526 99.4065 86.5047 15.0685 39.3402 73.9596 81.4039 80.1901 81.5275 49.9268 65.8046 29.2479 79.456 54.3118 88.3247 82.5039 12.1433 17.9477 57.9173 73.0978 104.887 56.2403 50.5475 15.7813 90.7939 72.1012 53.5284 114.701 27.6284 30.9919 41.6965 58.7212 
55.0058 10.2591 67.8832 73.8355 86.964 35.4069 77.7229 65.2805 39.4077 115.76 9.20869 120.26 69.5301 111.18 51.261 80.077 81.0247 90.0254 3.11448 76.9788 62.8765 82.3772 18.6531 77.3742 49.4977 72.9353 90.1574 63.0515 34.2235 31.484 83.4001 58.5875 77.1176 40.6247 71.7814 
72.1366 95.8301 36.8209 30.5177 54.5279 83.5733 53.7075 42.1247 70.1942 13.7928 97.4867 16.7108 34.489 12.4664 76.4829 37.4001 22.879 37.8725 104.073 79.7031 73.9757 21.3694 86.4517 69.8041 54.3394 31.1193 56.3916 64.958 73.4064 73.9032 78.1461 57.7603 39.2094 70.4693 32.478 
52.7595 20.363 71.9156 79.4003 96.0026 45.6799 77.2094 68.2643 48.0463 121.046 19.6306 125.164 74.0024 115.01 48.4162 87.6269 85.6114 97.8853 13.5565 72.9 59.8228 87.3375 27.2209 87.3011 55.1262 77.3866 89.0647 72.5728 42.6691 34.6508 93.6582 58.9924 78.8054 41.2312 77.3401 
39.6773 14.3402 50.2802 57.2106 75.8555 31.295 60.5913 47.3858 28.3143 98.9452 15.6387 103.187 52.1391 93.5637 36.7614 65.8727 63.7191 76.3081 19.2585 63.0157 48.1215 65.3028 11.1288 69.4102 32.9097 55.5407 73.2713 53.8139 22.9491 13.5518 76.9604 41.1705 59.2231 23.4691 55.1494 
81.4205 100.639 44.2747 35.3058 50.1294 86.007 64.1253 50.4448 73.4635 7.26154 102.273 13.4536 41.4162 19.965 85.5767 36.1964 30.2076 33.6024 109.181 90.1222 83.7929 27.7218 91.23 66.763 59.6795 38.2426 67.1293 64.396 77.248 80.424 74.2825 66.8147 49.2318 78.2177 37.3664 
80.6283 83.9215 41.5769 28.1619 22.5391 64.7716 71.522 49.2842 54.66 34.3421 85.4338 40.8276 37.9095 44.8108 83.6212 13.4302 32.3415 6.0407 92.8774 95.8833 85.6272 28.7793 74.8615 39.3041 47.537 36.3732 78.8977 39.2209 59.4713 69.5072 46.6618 66.2291 55.6421 71.4738 29.5736 
35.5883 83.2169 35.2817 46.1785 86.6386 84.8311 9.70979 30.1617 70.8929 61.7882 84.7257 61.5832 37.92 45.7525 40.5938 66.0307 38.6291 73.6033 88.6384 32.2093 32.2964 42.1038 75.7338 94.9678 51.1258 37.3134 8.10247 82.5826 70.5127 56.535 104.802 28.3388 16.7631 46.2517 46.0404 
16.6676 39.9472 47.0608 58.6615 88.94 55.1609 42.0595 40.7967 47.1631 96.4739 40.9542 99.2948 50.2594 86.5938 12.2188 73.8017 60.9824 84.5151 41.8766 37.6808 23.7255 63.7358 36.7784 87.0959 39.3041 53.1629 53.2538 71.1587 42.9441 21.2144 95.8893 26.284 47.1546 14.1032 56.8356 
14.4028 47.1454 27.0512 39.473 73.8806 52.7273 27.3732 20.4083 40.5765 76.0529 48.6181 78.8504 30.4473 66.3429 16.4757 56.5533 40.7303 66.9915 52.4223 36.5 21.9456 43.6261 40.1908 75.4432 25.1575 33.1313 40.2045 60.1805 38.371 20.601 84.9462 7.88543 27.7238 10.1769 37.816 
3.50143 50.5811 39.6294 52.5009 87.1532 61.5202 28.8647 32.3883 50.9848 87.145 51.8021 89.3714 43.1724 75.7852 3.21403 69.9201 52.716 80.3293 53.8182 27.0897 11.9218 55.8464 45.6232 88.0278 37.9289 45.5862 39.9242 72.4859 47.8235 26.8287 97.3717 15.6218 35.7022 15.2003 50.9251 
71.4857 84.091 32.2248 20.3541 36.0185 68.5207 59.0823 39.5506 56.2601 24.8294 85.7007 30.7748 28.7543 31.1264 75.0558 19.078 20.0731 19.5563 92.7936 84.3007 75.4227 16.5339 74.7163 51.1258 44.0324 26.2688 65.3536 47.161 60.278 65.615 59.4643 56.7353 43.1602 65.1621 22.3231 
66.5114 101.473 40.8001 41.282 73.518 93.9417 43.1936 42.6898 79.6972 29.2159 103.129 27.1459 40.2313 11.1973 71.3886 54.5736 30.7883 57.2114 108.866 67.9353 65.9194 31.8 92.4672 87.4098 60.9926 37.1171 41.5394 80.125 81.7524 76.6086 96.3382 53.9713 33.1042 70.1128 42.707 
30.1798 60.8905 10.4695 23.8466 63.2367 58.5888 22.6055 3.28024 44.3677 56.4235 62.5135 59.0745 14.0577 46.708 34.127 43.5139 21.8673 52.9029 67.7342 44.3695 34.0019 25.1448 52.3622 69.2527 24.3647 15.5029 34.0544 56.0247 44.601 35.1241 79.1094 15.4208 11.6004 28.6484 22.8353 
19.145 61.919 23.6783 37.0946 76.0945 64.8501 13.1034 16.0639 51.4636 67.0075 63.4275 68.832 27.2971 54.8942 23.8403 56.6499 34.3286 66.1445 67.4259 31.1849 21.2038 37.7895 54.5235 80.9973 32.7391 28.67 26.064 66.9341 50.3796 35.2393 90.8058 7.18679 14.7492 25.173 36.0436 
63.4039 80.1424 24.5752 14.6455 41.7824 66.8768 50.3549 31.552 53.6792 27.3035 81.7847 32.2126 21.3506 28.0209 67.1488 22.3394 11.5156 26.2528 88.6086 75.6229 67.0191 8.12219 70.732 55.1776 39.0155 18.4816 56.7723 48.7453 57.1253 59.8248 64.1363 48.6277 34.4363 58.2344 16.7027 
27.1811 32.4099 31.2746 40.0706 66.8225 37.3751 42.7263 27.7627 26.4518 80.8883 33.9796 84.7222 33.565 74.3178 26.6248 52.6662 45.1505 63.4215 38.8012 50.9574 35.7844 47.139 24.713 65.0364 17.6819 36.9043 55.6756 49.1636 23.3431 6.15873 74.0142 23.17 39.6679 9.5268 38.0623 
56.1036 3 63.8412 68.5511 79.2152 27.1312 77.0658 62.0948 32.1885 110.426 1.34536 115.184 65.1261 106.927 52.9139 73.3057 76.4105 83.0042 6.42884 79.094 64.4168 77.4706 12.3988 69.1876 44.5202 68.5064 89.8074 55.0805 27.2635 29.3586 75.1033 57.5522 74.7659 40.032 66.5217 
