70 35 17
777 335 649 27 763 426 211 429 862 135 22 167 11 373 784 324 413 980 862 281 84 505 313 895 814 364 87 178 403 399 676 12 94 570 467 
601 97 902 317 492 652 756 301 280 286 441 865 689 444 619 440 729 
9 3 15 15 13 11 13 4 4 15 15 0 15 1 6 0 14 2 14 4 9 11 10 12 15 14 15 0 3 13 5 6 2 7 2 9 7 6 12 11 9 13 15 4 6 2 0 4 10 5 10 0 12 12 14 16 4 13 15 14 15 5 1 11 1 14 10 3 7 2 
8.32633 10.5888 4.77897 4.03288 5.74259 9.2235 6.41363 5.32824 7.93545 0.305941 10.7535 0.65307 4.52832 1.51819 8.76413 4.31973 3.37243 4.09044 11.4285 9.00561 8.49075 3.18152 9.64813 7.40492 6.457 4.19606 6.5718 7.13808 8.29102 8.46643 8.15839 6.89322 5.01001 8.15652 4.23615 
2.32648 4.49755 2.06189 3.18699 6.5049 4.65027 3.14963 1.56311 3.34105 7.05569 4.65653 7.3903 2.36019 6.25809 2.51269 4.80276 3.47248 5.85731 5.14615 4.46947 3.05738 3.7234 3.68973 6.67066 1.64624 2.66603 4.44375 5.15878 3.20203 1.87459 7.62644 1.29865 2.70085 1.33282 3.00696 
6.30632 2.26318 5.46174 5.4595 5.60565 0.270185 7.73683 5.59 1.49646 9.46792 2.35009 10.0158 5.45415 9.47348 6.16393 5.36899 6.42925 6.22396 3.07371 8.70109 7.17668 6.42932 1.81122 4.48496 3.45701 5.75577 9.02743 3.14391 1.40036 3.33384 5.07025 5.84863 7.01257 4.50031 5.27987 
5.45055 6.06897 1.77882 0.76531 3.51689 4.67985 5.02309 2.49874 3.35491 4.70821 6.23077 5.22855 1.46373 4.71594 5.7108 1.60078 1.82792 2.636 6.936 7.21372 6.03364 1.70848 5.13008 4.26663 2.09974 1.5317 6.03096 3.2039 3.7154 4.29554 5.24475 4.06985 3.57393 4.43991 0.677791 
8.21659 4.8956 6.08142 5.46875 3.6964 2.37228 9.0208 6.5156 2.89249 8.75263 4.97305 9.37453 5.91341 9.26206 8.19576 4.41416 6.53143 4.88821 5.67071 10.5268 9.04854 6.38705 4.3942 2.11632 4.51453 6.11546 10.2334 1.59841 3.29565 5.47083 2.48204 7.37494 7.90266 6.48535 5.35859 
3.09095 7.16224 2.12869 3.30829 7.35572 7.11973 1.21462 1.59531 5.70793 5.65212 7.31973 5.77881 2.41868 4.32844 3.57532 5.31601 2.71536 6.15092 7.77927 3.75213 3.13045 3.07584 6.35731 8.10583 3.71497 2.4084 2.16453 6.84124 5.70404 4.51136 9.09101 1.88218 0.386394 3.62824 3.26712 
5.11723 0.75213 5.41133 5.8258 6.96915 1.99722 6.99011 5.29371 2.20737 10.0086 0.909065 10.4907 5.5196 9.69665 4.87308 6.29851 6.63461 7.27946 1.64639 7.49064 5.98001 6.72868 0.251794 6.08161 3.44224 5.85508 8.28196 4.60331 1.69685 2.21097 6.74763 5.03049 6.61318 3.37925 5.62392 
8.75265 8.76824 4.87256 3.52666 1.9123 6.71096 7.89715 5.64384 5.82204 3.8302 8.91384 4.478 4.50632 5.06578 9.03728 1.822 3.98177 0.755844 9.66708 10.3219 9.27383 3.62581 7.88511 3.69244 5.31899 4.36716 8.6369 3.98841 6.32811 7.49753 4.30955 7.32547 6.31045 7.76835 3.65571 
1.78631 5.53565 2.16749 3.50036 7.24489 5.82742 1.9799 1.41 4.50644 6.86226 5.68821 7.10226 2.53237 5.79411 2.17555 5.37272 3.4213 6.36909 6.10712 3.49497 2.2596 3.74253 4.78461 7.61694 2.69007 2.74002 3.27703 6.16623 4.37922 2.86714 8.59069 0.31 1.87211 1.91859 3.36535 
7.38253 8.63343 3.46071 2.27882 3.61386 7.04469 6.10568 4.18937 5.83545 2.31976 8.79392 2.93128 3.11541 3.08551 7.74249 2.03002 2.2241 1.94833 9.50596 8.63892 7.76789 1.87451 7.69699 5.17604 4.64091 2.86276 6.7038 4.84926 6.24443 6.80254 5.98653 5.90664 4.51625 6.75956 2.47542 
4.32925 2.59786 3.59785 3.95904 5.59973 2.1747 5.63494 3.58645 1.05948 8.14617 2.7621 8.62338 3.67619 7.84272 4.26386 4.59343 4.7746 5.62617 3.45419 6.69846 5.18626 4.86148 1.6568 5.11852 1.58777 4.00739 6.92693 3.52405 0.733553 1.53883 5.95857 3.75055 4.98029 2.55314 3.75661 
6.3529 3.48891 4.61824 4.34219 4.219 1.1967 7.31779 4.91874 1.01671 8.18648 3.6068 8.7571 4.53028 8.34086 6.32178 3.99362 5.37142 4.81664 4.36101 8.68332 7.19275 5.31588 2.78 3.27185 2.80236 4.79302 8.56861 1.79078 1.45097 3.60325 4.00346 5.58057 6.34527 4.61069 4.18417 
5.35381 5.48631 2.03298 1.35074 3.47311 4.04428 5.23582 2.65166 2.72635 5.32886 5.64628 5.85755 1.79368 5.3448 5.56378 1.81893 2.40169 2.89456 6.36268 7.27265 6.00513 2.32019 4.55171 3.95258 1.68181 1.9588 6.32286 2.73163 3.10345 3.87093 4.93852 4.05671 3.88703 4.16308 1.21004 
7.60345 5.8483 4.61064 3.68246 1.84491 3.51551 7.80082 5.21284 3.02536 6.6091 5.97245 7.23683 4.3546 7.22001 7.71447 2.28974 4.70919 2.74614 6.7297 9.70907 8.3456 4.50148 5.07666 1.39517 3.65531 4.47264 8.90126 0.651153 3.56808 5.38001 2.37588 6.4648 6.46226 6.10011 3.62491 
6.93785 8.24151 3.01159 1.83308 3.65453 6.72447 5.71431 3.74433 5.47899 2.59625 8.40311 3.17238 2.66492 3.10097 7.29464 1.87067 1.80427 2.03421 9.10844 8.22927 7.33382 1.44838 7.30282 5.11674 4.21578 2.41599 6.36002 4.6546 5.87133 6.36649 5.97003 5.46297 4.12098 6.30971 2.03177 
3.69709 8.81477 4.44846 5.58008 9.62996 9.19696 1.40812 3.87769 7.83747 7.02659 8.95806 6.95414 4.73017 5.3506 4.16886 7.57209 4.83939 8.33662 9.28421 2.68924 3.15217 5.18684 8.12754 10.4256 5.9014 4.68817 0.166433 9.14997 7.75188 6.17081 11.4106 3.34934 2.61817 5.05951 5.55874 
5.4052 1.94003 7.23747 7.96036 9.54652 4.47161 7.83304 6.88851 4.75682 12.1329 1.85607 12.5517 7.4391 11.554 4.97668 8.74443 8.59936 9.76402 1.21491 7.44054 6.12148 8.76567 2.66811 8.6488 5.528 7.77829 9.02668 7.18858 4.22238 3.51366 9.27175 5.99683 7.96332 4.21294 7.75423 
5.34439 3.47546 3.57001 3.46879 4.35239 1.89447 6.21342 3.82624 0.551543 7.51117 3.62377 8.04555 3.51746 7.48362 5.35601 3.58169 4.44775 4.5507 4.37371 7.63776 6.16604 4.43938 2.59332 3.84298 1.69815 3.80296 7.46379 2.24611 1.03315 2.78627 4.70619 4.49588 5.25656 3.66104 3.29014 
0.3245 5.53946 3.676 5.00145 8.63496 6.45354 2.28862 2.92015 5.31159 8.28147 5.66873 8.47555 4.03972 7.07975 0.820731 6.83012 4.9155 7.84694 5.91166 2.38315 0.891964 5.24379 4.98258 8.84471 3.81687 4.25005 3.39949 7.32214 5.04533 3.04665 9.7974 1.20037 3.06349 1.85397 4.85924 
3.38565 5.40234 0.748131 1.8932 5.55543 4.94122 3.191 0.659697 3.50629 5.74227 5.56785 6.10082 1.02694 5.05751 3.68164 3.68285 2.15523 4.69506 6.15028 5.164 3.94975 2.3927 4.50644 6.02457 1.5012 1.33843 4.36946 4.65834 3.57526 2.98613 7.00772 1.98595 2.08952 2.6643 1.73012 
6.30354 8.60403 2.68427 2.11703 5.1 7.46612 4.64389 3.23827 6.0987 2.33 8.77001 2.67088 2.4492 1.91604 6.72298 3.18449 1.28818 3.50228 9.42119 7.23329 6.54545 1.16284 7.66838 6.46871 4.45215 2.11192 5.09755 5.80001 6.39594 6.39038 7.36098 4.84661 3.11006 6.05905 2.30315 
7.70393 8.03782 3.81294 2.46759 2.24722 6.16332 6.85149 4.58423 5.12001 3.5513 8.19015 4.19237 3.44653 4.45295 7.99758 0.994887 2.95435 0.600333 8.93212 9.26305 8.2157 2.6045 7.12775 3.83012 4.37539 3.30784 7.62497 3.68213 5.59433 6.57281 4.62044 6.27025 5.27 6.77127 2.60094 
8.57084 9.24173 4.63087 3.34013 2.96522 7.36941 7.41335 5.38677 6.33064 2.74642 9.39513 3.39366 4.27005 4.0572 8.9038 2.20737 3.50258 1.44931 10.1344 9.92831 9.00509 3.14441 8.32707 4.71666 5.4884 4.05967 8.02337 4.81226 6.80054 7.6887 5.37894 7.10513 5.82074 7.79418 3.51172 
1.74794 6.8 3.36752 4.69422 8.63586 7.3586 0.849588 2.62231 6.06942 7.34588 6.94058 7.45322 3.722 5.96108 2.2466 6.67255 4.30499 7.59924 7.25425 2.13153 1.49412 4.66168 6.14343 9.1348 4.26513 3.82498 1.96756 7.71763 5.91177 4.17824 10.1148 1.43544 2.07196 3.04007 4.60246 
7.44361 8.122 3.51518 2.19112 2.75136 6.36878 6.45899 4.28224 5.24485 3.14326 8.27818 3.77327 3.14951 3.95464 7.76032 1.2209 2.53571 1.10941 9.00935 8.91164 7.91614 2.1783 7.19806 4.29421 4.30488 2.97325 7.188 4.02603 5.69281 6.50423 5.10789 5.99013 4.86881 6.61381 2.35077 
6.51517 2.6432 5.43261 5.33796 5.26824 0.111803 7.83827 5.61288 1.46003 9.28154 2.73002 9.84124 5.39957 9.35412 6.39648 5.12291 6.33285 5.94515 3.45138 8.90311 7.38204 6.31229 2.16157 4.11176 3.4637 5.68987 9.12177 2.80016 1.50416 3.56867 4.69017 5.9808 7.0431 4.7125 5.16563 
4.43497 6.19371 0.522015 0.827647 4.78803 5.30936 3.73729 1.2912 3.87883 4.69401 6.36008 5.09502 0.170294 4.20523 4.76303 2.78772 1.15109 3.72543 6.99717 6.00471 4.92062 1.31826 5.2646 5.54049 2.05154 0.380789 4.73888 4.37156 4.09068 3.97152 6.52283 2.98181 2.28327 3.77 0.715891 
4.17138 3.95258 2.31614 2.60461 4.85149 3.13006 4.8341 2.4671 1.69189 6.79662 4.11767 7.26626 2.34785 6.49247 4.26644 3.48391 3.42094 4.55388 4.79452 6.37191 4.94604 3.50143 3.01281 4.80554 0.317805 2.67081 6.08148 3.26602 1.80945 2.19317 5.74669 3.16901 3.89965 2.67442 2.40085 
4.57354 1.33963 6.13074 6.85073 8.5821 3.74021 6.88802 5.79959 3.78471 11.0212 1.3537 11.4401 6.32861 10.4519 4.19268 7.68274 7.48853 8.7153 1.20071 6.76287 5.35412 7.65371 1.75103 7.80185 4.42092 6.66805 8.11742 6.28815 3.24197 2.4129 8.48999 5.00009 6.91462 3.20128 6.64464 
3.22845 7.93974 3.24006 4.38321 8.43496 8.11608 0.651153 2.68777 6.72815 6.2102 8.09072 6.22945 3.52206 4.66987 3.73109 6.38264 3.68908 7.17505 8.48416 3.1085 2.95801 4.04358 7.1917 9.21703 4.75988 3.48765 1.05209 7.95075 6.68144 5.27148 10.202 2.45359 1.4145 4.247 4.35587 
5.34899 1.24016 6.80137 7.44339 8.87521 3.77107 7.66672 6.51077 4.09871 11.6316 1.15624 12.0706 6.97923 11.1309 4.96004 8.13241 8.13396 9.13869 0.587963 7.51166 6.12052 8.28046 2.0096 7.95267 5.00609 7.31976 8.89812 6.50202 3.57113 3.1197 8.57131 5.77135 7.66187 3.972 7.23747 
1.54693 5.93111 2.58544 3.93154 7.75765 6.35305 1.52161 1.81417 5.05107 7.0525 6.0787 7.24591 2.95178 5.86276 2.0096 5.85144 3.73109 6.82575 6.45232 2.96184 1.82989 4.07011 5.22188 8.16854 3.2522 3.11978 2.81087 6.72566 4.90486 3.27185 9.14414 0.441814 1.85076 2.21199 3.81215 
4.43639 7.92233 2.0301 2.70237 6.6544 7.4468 2.46246 2.00385 6.00334 4.27234 8.08616 4.39165 2.12735 2.96651 4.90597 4.5889 1.78393 5.26165 8.62681 5.06167 4.51784 2.10836 7.04762 7.66963 4.02773 1.92333 2.95296 6.60622 6.12259 5.37327 8.63656 3.10203 1.0519 4.68787 2.74855 
4.21001 1.58345 4.50871 5.04946 6.71029 2.40709 6.00101 4.33797 1.95256 9.2421 1.74866 9.69604 4.6476 8.82562 4.01045 5.77022 5.78683 6.80053 2.36136 6.60186 5.08025 5.91055 0.74108 6.06981 2.61725 4.98704 7.29429 4.50441 1.41905 1.24427 6.83977 4.04243 5.63415 2.43288 4.8441 
4.33601 4.34245 2.04414 2.21382 4.57073 3.37818 4.77582 2.30495 1.93621 6.4026 4.50699 6.87837 2.03002 6.1358 4.47166 3.11541 3.06349 4.18918 5.19018 6.46128 5.07568 3.12618 3.40165 4.65242 0.407922 2.3403 5.99361 3.16172 2.13178 2.56363 5.61239 3.22552 3.72903 2.9445 2.01159 
5.7969 0.396232 6.39578 6.81076 7.7345 2.47588 7.83597 6.25585 3.08415 10.9887 0.296816 11.4756 6.50862 10.6864 5.49343 7.20856 7.62481 8.16216 0.87023 8.11638 6.63718 7.7177 1.22119 6.69069 4.43244 6.84451 9.11711 5.30487 2.61457 3.04685 7.26333 5.87882 7.54973 4.15098 6.60957 
4.57096 8.69994 3.08084 3.83824 7.765 8.44002 2.1386 2.87091 7.00103 4.76766 8.86007 4.73608 3.22672 3.15546 5.07001 5.70404 2.89608 6.3288 9.34579 4.6245 4.43191 3.20095 7.86553 8.80539 5.00009 3.04777 2.11625 7.73196 7.07248 6.07211 9.77151 3.47282 1.50572 5.22358 3.8833 
4.22181 7.72865 1.89594 2.66835 6.66148 7.29747 2.30361 1.81221 5.85452 4.46179 7.89208 4.59527 2.02527 3.18291 4.68956 4.59436 1.80812 5.30374 8.42637 4.89745 4.31727 2.14805 6.85919 7.63079 3.86871 1.85011 2.87689 6.53209 5.95995 5.16841 8.60252 2.8821 0.841546 4.47111 2.69833 
6.83143 4.58635 4.42109 3.83256 3.10672 2.27482 7.41598 4.87911 1.83325 7.36697 4.70894 7.96465 4.24953 7.71236 6.87554 3.0625 4.89495 3.78593 5.46561 9.06565 7.62843 4.77151 3.83308 2.30185 2.96805 4.45382 8.60654 0.72111 2.36542 4.33872 3.15163 5.85642 6.25082 5.19648 3.71214 
2.45937 2.95083 4.106 5.07501 7.72001 4.1876 4.59308 3.64194 3.38237 9.10012 3.08099 9.45609 4.36835 8.33787 2.2064 6.35708 5.51374 7.43226 3.37018 4.82212 3.31509 5.73663 2.44902 7.42187 2.85813 4.6932 5.8423 5.82495 2.95114 0.794796 8.28205 2.69141 4.64091 0.893197 4.87693 
1.45602 5.73928 2.57614 3.91842 7.69661 6.18324 1.71292 1.80737 4.89262 7.13751 5.8867 7.34543 2.94279 5.98239 1.89771 5.81326 3.77041 6.80084 6.26018 3.04021 1.82989 4.10312 5.03287 8.06895 3.12285 3.12922 3.00027 6.61154 4.7357 3.08104 9.04166 0.259615 1.98215 2.02032 3.79084 
4.65988 6.843 0.837616 1.00802 5.04251 5.97762 3.56118 1.47679 4.55003 4.1607 7.00943 4.51811 0.629682 3.55039 5.03557 2.98304 0.576975 3.7968 7.63451 5.98645 5.04216 0.86977 5.91849 5.96735 2.71465 0.295466 4.42485 4.90245 4.76391 4.54912 6.93908 3.18234 1.9973 4.22765 1.03788 
5.11165 2.15335 4.38799 4.58661 5.59031 1.3297 6.5131 4.4363 0.800562 8.7259 2.30152 9.23472 4.42821 8.55102 4.99917 4.9008 5.47951 5.87241 3.05188 7.49987 5.9785 5.52856 1.2912 4.83291 2.35763 4.74858 7.80586 3.29006 0.304138 2.17904 5.58488 4.61866 5.84309 3.3097 4.3921 
3.18779 2.61696 3.63688 4.39345 6.71626 3.26075 4.89037 3.35288 2.33754 8.53823 2.77503 8.94723 3.83275 7.96343 3.05485 5.4626 4.99316 6.53105 3.27832 5.58424 4.05908 5.16519 1.85003 6.36908 2.01162 4.17195 6.18324 4.77205 1.93507 0.26 7.22732 2.93138 4.58215 1.38235 4.18847 
5.71349 7.719 1.90118 1.23369 4.6513 6.58818 4.36744 2.54908 5.2118 3.11662 7.8848 3.52151 1.61988 2.78298 6.10129 2.62122 0.509902 3.18248 8.54172 6.89348 6.05 0.272029 6.78205 5.85764 3.56867 1.29769 5.03532 5.04921 5.50441 5.55042 6.7877 4.2371 2.77483 5.2951 1.41439 
2.6706 4.9973 1.46014 2.65 6.18066 4.89612 2.93401 0.962133 3.51369 6.4461 5.15947 6.77676 1.77485 5.64989 2.93901 4.37987 2.86665 5.41248 5.68465 4.60409 3.2973 3.12712 4.14986 6.50056 1.60016 2.06865 4.19734 5.04971 3.46554 2.43378 7.47329 1.3618 2.21639 1.93871 2.48202 
1.9598 4.57957 2.29993 3.48786 6.86896 4.90658 2.94335 1.71143 3.63556 7.26529 4.73426 7.57608 2.62084 6.39038 2.15539 5.15057 3.69789 6.20008 5.17983 4.12273 2.69609 3.96772 3.81578 7.03363 2.00644 2.90998 4.24085 5.51609 3.45984 1.91604 7.98745 1.01833 2.68337 1.14215 3.31453 
6.3607 8.28803 2.5607 1.736 4.53944 7.03036 4.90494 3.20744 5.69196 2.4852 8.45308 2.93082 2.26991 2.41746 6.75457 2.61964 1.1676 2.95677 9.12415 7.4645 6.67396 0.9005 7.34804 5.90407 4.15173 1.95451 5.46978 5.26308 6.01924 6.18205 6.79488 4.88628 3.32746 5.9533 1.93659 
8.6226 7.82077 4.97897 3.6967 0.530848 5.58574 8.18841 5.72177 4.89948 5.14024 7.95527 5.79042 4.63435 6.17992 8.83801 1.68808 4.45587 1.14726 8.71483 10.4424 9.24658 4.13734 6.98978 2.28569 4.86121 4.59656 9.08944 2.73929 5.43401 6.92142 2.95007 7.28485 6.65956 7.39522 3.75586 
8.77262 8.19923 5.03718 3.7191 0.928924 6.00243 8.20478 5.7947 5.2646 4.78006 8.33665 5.43004 4.6824 5.90435 9.00961 1.73819 4.39068 0.922009 9.09563 10.519 9.36667 4.05622 7.35367 2.71649 5.09318 4.61187 9.05563 3.17591 5.79351 7.19809 3.32866 7.40293 6.65114 7.61447 3.80158 
7.23398 4.14309 5.25298 4.78302 3.82205 1.63248 8.09925 5.63298 1.91024 8.36373 4.24062 8.96315 5.11825 8.70028 7.21168 4.04728 5.84069 4.71246 4.97278 9.55055 8.06816 5.73614 3.5399 2.58436 3.57834 5.34835 9.3294 1.37441 2.33122 4.49588 3.20702 6.4153 7.04115 5.50142 4.65001 
8.19421 8.49172 4.28911 2.94771 2.22324 6.55534 7.27902 5.0598 5.56127 3.45023 8.64223 4.10005 3.92237 4.54357 8.49301 1.44534 3.35872 0.613514 9.38801 9.71817 8.69416 3.00177 7.58846 3.92594 4.87516 3.76789 8.01041 3.9702 6.04623 7.07091 4.6413 6.75444 5.69025 7.27473 3.08877 
2.5205 7.88923 4.6513 5.94526 9.94065 8.65047 1.50685 3.93402 7.39596 8.14039 8.01901 8.15275 4.99268 6.58046 2.92479 7.9456 5.43118 8.83247 8.25039 1.21433 1.79477 5.79173 7.30978 10.4887 5.62403 5.05475 1.57813 9.07939 7.21012 5.35284 11.4701 2.76284 3.09919 4.16965 5.87212 
5.50058 1.02591 6.78832 7.38355 8.6964 3.54069 7.77229 6.52805 3.94077 11.576 0.920869 12.026 6.95301 11.118 5.1261 8.0077 8.10247 9.00254 0.311448 7.69788 6.28765 8.23772 1.86531 7.73742 4.94977 7.29353 9.01574 6.30515 3.42235 3.1484 8.34001 5.85875 7.71176 4.06247 7.17814 
7.21366 9.58301 3.68209 3.05177 5.45279 8.35733 5.37075 4.21247 7.01942 1.37928 9.74867 1.67108 3.4489 1.24664 7.64829 3.74001 2.2879 3.78725 10.4073 7.97031 7.39757 2.13694 8.64517 6.98041 5.43394 3.11193 5.63916 6.4958 7.34064 7.39032 7.81461 5.77603 3.92094 7.04693 3.2478 
5.27595 2.0363 7.19156 7.94003 9.60026 4.56799 7.72094 6.82643 4.80463 12.1046 1.96306 12.5164 7.40024 11.501 4.84162 8.76269 8.56114 9.78853 1.35565 7.29 5.98228 8.73375 2.72209 8.73011 5.51262 7.73866 8.90647 7.25728 4.26691 3.46508 9.36582 5.89924 7.88054 4.12312 7.73401 
3.96773 1.43402 5.02802 5.72106 7.58555 3.1295 6.05913 4.73858 2.83143 9.89452 1.56387 10.3187 5.21391 9.35637 3.67614 6.58727 6.37191 7.63081 1.92585 6.30157 4.81215 6.53028 1.11288 6.94102 3.29097 5.55407 7.32713 5.38139 2.29491 1.35518 7.69604 4.11705 5.92231 2.34691 5.51494 
8.14205 10.0639 4.42747 3.53058 5.01294 8.6007 6.41253 5.04448 7.34635 0.726154 10.2273 1.34536 4.14162 1.9965 8.55767 3.61964 3.02076 3.36024 10.9181 9.01222 8.37929 2.77218 9.123 6.6763 5.96795 3.82426 6.71293 6.4396 7.7248 8.0424 7.42825 6.68147 4.92318 7.82177 3.73664 
8.06283 8.39215 4.15769 2.81619 2.25391 6.47716 7.1522 4.92842 5.466 3.43421 8.54338 4.08276 3.79095 4.48108 8.36212 1.34302 3.23415 0.60407 9.28774 9.58833 8.56272 2.87793 7.48615 3.93041 4.7537 3.63732 7.88977 3.92209 5.94713 6.95072 4.66618 6.62291 5.56421 7.14738 2.95736 
3.55883 8.32169 3.52817 4.61785 8.66386 8.48311 0.970979 3.01617 7.08929 6.17882 8.47257 6.15832 3.792 4.57525 4.05938 6.60307 3.86291 7.36033 8.86384 3.22093 3.22964 4.21038 7.57338 9.49678 5.11258 3.73134 0.810247 8.25826 7.05127 5.6535 10.4802 2.83388 1.67631 4.62517 4.60404 
1.66676 3.99472 4.70608 5.86615 8.894 5.51609 4.20595 4.07967 4.71631 9.64739 4.09542 9.92948 5.02594 8.65938 1.22188 7.38017 6.09824 8.45151 4.18766 3.76808 2.37255 6.37358 3.67784 8.70959 3.93041 5.31629 5.32538 7.11587 4.29441 2.12144 9.58893 2.6284 4.71546 1.41032 5.68356 
1.44028 4.71454 2.70512 3.9473 7.38806 5.27273 2.73732 2.04083 4.05765 7.60529 4.86181 7.88504 3.04473 6.63429 1.64757 5.65533 4.07303 6.69915 5.24223 3.65 2.19456 4.36261 4.01908 7.54432 2.51575 3.31313 4.02045 6.01805 3.8371 2.0601 8.49462 0.788543 2.77238 1.01769 3.7816 
0.350143 5.05811 3.96294 5.25009 8.71532 6.15202 2.88647 3.23883 5.09848 8.7145 5.18021 8.93714 4.31724 7.57852 0.321403 6.99201 5.2716 8.03293 5.38182 2.70897 1.19218 5.58464 4.56232 8.80278 3.79289 4.55862 3.99242 7.24859 4.78235 2.68287 9.73717 1.56218 3.57022 1.52003 5.09251 
7.14857 8.4091 3.22248 2.03541 3.60185 6.85207 5.90823 3.95506 5.62601 2.48294 8.57007 3.07748 2.87543 3.11264 7.50558 1.9078 2.00731 1.95563 9.27936 8.43007 7.54227 1.65339 7.47163 5.11258 4.40324 2.62688 6.53536 4.7161 6.0278 6.5615 5.94643 5.67353 4.31602 6.51621 2.23231 
6.65114 10.1473 4.08001 4.1282 7.3518 9.39417 4.31936 4.26898 7.96972 2.92159 10.3129 2.71459 4.02313 1.11973 7.13886 5.45736 3.07883 5.72114 10.8866 6.79353 6.59194 3.18 9.24672 8.74098 6.09926 3.71171 4.15394 8.0125 8.17524 7.66086 9.63382 5.39713 3.31042 7.01128 4.2707 
3.01798 6.08905 1.04695 2.38466 6.32367 5.85888 2.26055 0.328024 4.43677 5.64235 6.25135 5.90745 1.40577 4.6708 3.4127 4.35139 2.18673 5.29029 6.77342 4.43695 3.40019 2.51448 5.23622 6.92527 2.43647 1.55029 3.40544 5.60247 4.4601 3.51241 7.91094 1.54208 1.16004 2.86484 2.28353 
1.9145 6.1919 2.36783 3.70946 7.60945 6.48501 1.31034 1.60639 5.14636 6.70075 6.34275 6.8832 2.72971 5.48942 2.38403 5.66499 3.43286 6.61445 6.74259 3.11849 2.12038 3.77895 5.45235 8.09973 3.27391 2.867 2.6064 6.69341 5.03796 3.52393 9.08058 0.718679 1.47492 2.5173 3.60436 
6.34039 8.01424 2.45752 1.46455 4.17824 6.68768 5.03549 3.1552 5.36792 2.73035 8.17847 3.22126 2.13506 2.80209 6.71488 2.23394 1.15156 2.62528 8.86086 7.56229 6.70191 0.812219 7.0732 5.51776 3.90155 1.84816 5.67723 4.87453 5.71253 5.98248 6.41363 4.86277 3.44363 5.82344 1.67027 
2.71811 3.24099 3.12746 4.00706 6.68225 3.73751 4.27263 2.77627 2.64518 8.08883 3.39796 8.47222 3.3565 7.43178 2.66248 5.26662 4.51505 6.34215 3.88012 5.09574 3.57844 4.7139 2.4713 6.50364 1.76819 3.69043 5.56756 4.91636 2.33431 0.615873 7.40142 2.317 3.96679 0.95268 3.80623 
5.61036 0.3 6.38412 6.85511 7.92152 2.71312 7.70658 6.20948 3.21885 11.0426 0.134536 11.5184 6.51261 10.6927 5.29139 7.33057 7.64105 8.30042 0.642884 7.9094 6.44168 7.74706 1.23988 6.91876 4.45202 6.85064 8.98074 5.50805 2.72635 2.93586 7.51033 5.75522 7.47659 4.0032 6.65217 
