80 40 25
777 335 649 27 763 426 211 429 862 135 22 167 11 373 784 324 413 980 862 281 84 505 313 895 814 364 87 178 403 399 676 12 94 570 467 902 652 280 865 619 
44 72.9 3.1 11.7 9.7 77.1 48.1 67.5 70.9 92.7 56.7 85.6 49.7 35.3 58.6 96.5 30.6 68.3 21.9 62.4 52.8 87.1 73.2 82.9 50.3 
19 8 24 18 1 4 3 18 14 12 16 9 1 0 21 4 18 18 4 18 13 4 13 17 18 15 0 5 11 17 7 23 3 21 22 5 5 20 1 8 8 12 11 4 21 6 19 24 21 13 20 9 9 11 6 12 22 11 12 13 5 21 11 5 0 20 19 5 22 0 24 23 15 9 11 19 19 0 17 18 
53.0182 77.2431 16.98 15.1119 52.1422 67.8174 38.0825 22.1822 53.7018 33.4978 78.9074 36.6531 15.1238 26.703 57.1316 31.6526 4.50444 37.718 85.1834 63.5912 55.8099 6.53682 67.9777 63.5693 35.871 11.7324 44.4357 54.5809 56.1231 54.2362 73.0142 38.3725 22.2396 50.4668 16.4305 42.7787 13.2608 49.0597 7.47329 42.5837 
63.9015 49.5186 36.2416 29.4822 28.211 29.0725 67.206 41.4654 20.1467 65.1915 50.9156 71.0697 34.2257 68.2092 64.9367 22.7702 40.1123 31.2605 58.4953 85.2855 71.437 38.8021 41.0466 25.8496 24.4364 36.0472 78.72 11.2894 25.4686 41.8918 35.4244 52.8782 54.7391 48.7853 28.3558 26.8412 42.6038 5.65862 44.0729 10.7201 
44.4002 13.8062 47.0596 52.0525 67.2408 22.4475 62.4135 45.5544 19.3507 93.9822 15.4693 98.6083 48.3423 90.1417 42.3132 58.5411 59.6632 68.7258 21.9317 68.2939 53.0928 60.8054 5.03587 60.2098 27.8352 51.7264 75.3484 44.7161 13.923 14.8277 67.6805 42.8299 58.6233 26.6895 50.0069 65.5668 53.1791 42.3891 58.2773 29.8814 
14.368 67.2093 38.1047 51.5007 90.4098 74.659 13.2019 30.491 62.3077 78.8495 68.5414 79.9186 41.7138 64.9537 19.0539 71.0752 48.112 80.5597 71.1512 16.7705 9.92018 51.655 61.2283 94.6482 45.1852 42.9684 22.3652 80.1167 60.2904 41.6293 104.392 16.3028 26.0693 29.8391 50.4723 82.9299 36.1248 74.7092 40.707 59.8949 
63.1668 23.8076 53.8697 53.5956 54.7154 1.58114 77.056 55.313 14.123 93.5387 24.713 99.0437 53.7201 93.7506 61.8463 52.4314 63.361 60.9361 31.992 87.0909 71.8579 63.3085 18.9476 43.5726 33.9147 56.706 89.9394 30.1015 13.6125 33.5412 49.5122 58.2808 69.5691 45.1136 51.8168 55.8716 60.7277 30.2888 64.5152 25.7187 
16.0963 42.7984 29.0496 40.7545 73.3368 49.1955 31.7238 23.0671 37.5755 78.6787 44.2634 81.7267 32.2318 69.6521 16.8861 56.8117 43.0308 67.4072 48.0526 39.3634 24.3742 45.728 35.9707 73.8756 23.8321 35.1484 44.522 58.3561 34.9857 16.3306 83.2317 12.2577 31.6746 5.96825 38.9759 67.6504 32.1286 53.497 38.0963 37.789 
70.5025 44.9138 47.6643 42.0171 32.7844 20.8147 77.2371 52.0402 18.9423 77.176 46.0487 83.1895 46.0369 80.811 70.7221 33.9882 52.638 40.7806 53.5494 93.1427 78.608 51.4191 37.9033 22.6566 32.4201 48.1386 89.2639 8.10247 23.9927 44.6448 30.3942 61.2413 65.8727 53.78 40.7962 34.8725 54.29 9.81122 56.2411 17.8718 
85.9996 86.5047 47.1975 33.738 19.1638 66.1447 77.4847 54.9102 57.0561 37.8442 87.9696 44.3384 43.5354 49.7784 88.8519 16.8122 38.3564 6.26498 95.4912 101.703 91.2089 34.8042 77.6364 36.817 51.7537 42.1532 84.9415 39.1699 62.0841 73.5664 43.2782 71.7251 61.6263 76.1999 35.0274 11.9038 49.3207 36.9899 45.9831 45.1465 
26.0509 80.0201 49.6717 62.6828 102.537 88.4918 18.4358 42.4199 76.1853 84.7001 81.2754 84.7574 53.1154 68.9891 29.7042 82.6574 57.6556 91.5933 83.301 9.40213 18.1334 61.2612 74.5325 107.768 58.8154 53.8005 18.2913 93.5361 74.1482 55.0753 117.566 30.0268 34.3494 43.1724 61.919 94.6054 46.404 88.045 49.9973 73.4932 
49.4144 7.73369 53.2824 57.8261 70.3855 21.473 68.4036 51.8768 22.5488 99.7128 9.38616 104.455 54.4737 96.27 46.9256 63.1495 65.7123 73.0756 16.4012 73.1167 58.028 66.745 1.72047 61.9001 33.8053 57.8448 81.303 46.946 17.2931 20.5295 68.7215 48.8016 64.9268 32.1237 55.7951 69.4508 59.4577 45.3171 64.5061 34.2476 
54.3854 81.0264 20.3494 19.4023 55.4982 72.0573 37.5055 24.6343 57.9008 31.5626 82.6906 34.0847 18.9307 22.9611 58.6986 35.2121 8.81419 40.5558 88.8541 63.3569 56.5406 10.412 71.8093 67.4523 39.8026 15.608 42.671 58.7777 60.2231 57.541 76.8147 39.9696 22.1002 53.1266 20.7408 46.0109 15.5657 53.2857 9.62133 46.8706 
71.5489 36.161 55.3263 51.9736 44.6817 10.8462 82.226 58.3823 18.2538 89.1176 37.0066 95.0081 54.353 91.6758 70.8798 46.2555 62.4087 53.3274 44.1453 95.1237 80.0756 61.652 31.0337 31.797 37.1598 56.9004 94.7931 20.1792 21.2151 43.001 37.2022 64.5657 72.6509 53.7939 50.4896 47.3762 62.1901 22.2623 65.0062 24.7291 
66.0212 74.0074 26.8881 13.4952 30.4253 58.0056 57.2965 34.5951 45.8507 35.287 75.6003 41.1001 23.2207 39.5001 69.1185 10.4403 18.7211 16.3371 82.788 81.3089 70.9389 15.4156 64.6747 43.2685 34.8589 21.7568 65.4003 37.4092 49.9937 56.7866 52.2732 51.5637 41.5554 57.6102 15.003 20.9898 28.9993 32.7246 26.1094 33.1904 
41.2698 59.9854 2.76586 11.2872 50.2309 52.318 35.195 10.0846 37.9158 49.6291 61.6497 53.4627 2.28035 43.9602 44.522 30.5084 13.8852 40.1061 67.8677 57.3283 46.2391 15.9512 50.7687 57.0088 18.8854 5.65685 45.6806 44.7219 39.6561 37.1397 66.8596 26.7854 21.285 34.7081 9.97246 42.3987 9.17824 38.9525 12.5419 28.3591 
68.3159 40.2061 48.1864 43.8244 37.5659 16.0153 76.6079 51.9311 15.4923 80.4866 41.3146 86.3873 46.8984 83.2714 68.2309 37.663 54.3575 45.0156 48.7943 91.3534 76.5969 53.4268 33.4215 27.1002 31.4127 49.2546 88.896 12.9077 20.1547 41.4403 34.3076 59.8695 66.0231 51.1626 42.4341 39.3514 54.9627 13.8708 57.3847 17.596 
66.7171 87.8093 29.7069 22.3573 48.5989 75.3489 50.5199 35.691 61.9718 20.3027 89.4625 24.4125 27.0512 19.5092 70.8316 30.2273 15.5913 32.2889 96.1252 76.3944 69.3343 13.5281 78.4166 62.9858 46.3816 23.7699 55.0328 57.247 65.2228 66.3895 71.6694 52.0747 35.1172 63.6242 24.343 38.9281 26.9164 52.318 21.1747 49.7981 
63.1656 37.7669 43.6715 40.2449 39.057 15.5589 71.5668 47.0979 10.8167 78.3164 39.0124 84.0524 42.5921 80.111 63.1419 36.3127 50.6333 44.5907 46.5907 86.1701 71.4267 49.9545 30.23 30.6491 26.341 45.104 83.9231 15.2329 15.8858 36.6285 38.5253 54.7011 61.2722 46.101 38.7242 39.579 50.5071 14.1326 53.2159 12.9988 
37.4363 91.4025 57.5083 69.8896 110.282 99.3866 25.0569 50.7711 86.7666 86.8254 92.6607 86.0285 60.7213 69.9687 41.0099 89.9764 63.5437 98.2748 94.6599 17.2931 29.4015 67.1059 85.8386 116.71 68.7554 60.8911 18.0854 102.972 84.9744 66.3231 126.557 40.3943 40.3967 54.4493 69.3851 101.915 53.2665 97.3732 55.928 83.3031 
62.1911 41.3088 39.9805 35.7476 35.5557 20.2475 68.9231 43.9355 12.6143 73.4832 42.6395 79.2306 38.6514 75.4573 62.55 31.5527 46.2252 40.0586 50.2355 84.7172 70.234 45.412 33.2453 29.1481 23.9827 41.0099 81.0558 13.1939 18.04 37.1652 37.7719 52.791 57.9331 45.722 34.2987 35.3375 46.736 10.4924 49.1395 9.57549 
46.7898 23.5593 39.5942 42.4223 55.8789 17.86 60.3664 39.7669 8.51469 84.1259 25.1549 89.0484 40.1932 81.6882 45.8912 47.2547 50.966 57.3283 32.3804 70.5931 55.4173 51.6551 14.2636 49.7953 19.3352 43.4577 73.2918 33.9991 3.82884 18.0069 57.8247 41.4609 53.7678 28.8617 40.4309 54.0833 46.2122 31.2079 50.7063 18.4491 
22.7695 31.2554 41.1709 51.2551 78.5504 43.8634 44.6287 36.2178 35.6477 91.1492 32.5228 94.591 43.9118 83.1515 20.1162 64.5697 55.2794 75.326 35.1552 46.3068 31.2771 57.607 26.4426 75.8721 29.5975 47.1123 57.0148 59.9083 31.4102 9.70618 84.5385 25.8544 45.7073 8.07094 49.2979 74.3017 45.2355 55.9483 51.1469 40.4605 
87.395 67.2037 56.4907 46.0831 14.5413 42.592 88.7119 62.8666 40.3609 69.7672 68.3079 76.2287 53.6851 78.2545 88.5037 28.9588 55.8187 29.4335 75.7673 108.32 94.7828 53.324 60.1652 3.92046 47.915 54.5011 99.3735 14.8337 45.6986 64.7893 13.274 75.8829 74.8484 72.3001 45.821 21.9203 61.9271 18.3774 61.7246 34.1317 
3.40147 55.9904 42.534 55.7431 91.6081 67.2591 26.7526 35.0001 56.5984 88.4882 57.1686 90.323 46.1624 76.1757 5.20384 73.8366 54.9659 84.0788 58.8647 21.4107 6.44981 58.2516 51.2711 93.1125 42.8664 48.3004 36.6285 77.6918 53.521 32.5719 102.539 17.8003 36.0569 20.9246 54.2905 85.2188 42.8169 72.7479 48.3182 57.1077 
83.1633 47.5943 63.2712 57.6254 40.4797 22.7059 92.126 67.3374 29.7039 91.0043 48.2673 97.2044 61.7279 95.8718 82.7436 47.598 68.2552 52.4585 55.0455 106.483 91.5796 66.9108 43.1885 24.3559 46.9294 63.8546 104.388 19.4031 33.2962 55.1294 27.1647 75.2734 81.3354 65.627 56.4588 45.5581 69.9475 24.11 71.9576 32.9619 
70.8363 75.5066 32.0214 18.5586 25.2539 57.9124 62.8182 39.7316 46.664 36.5876 77.0611 42.7481 28.3651 43.0465 73.7629 6.86586 24.2887 10.7703 84.3976 86.6585 76.0124 20.9423 66.2942 39.1472 37.893 27.1312 70.9801 35.0561 51.1786 59.9001 47.8093 56.5279 47.111 61.5877 19.8295 15.6707 34.4804 30.9386 31.6891 34.0708 
16.2641 41.653 30.1942 41.7354 73.814 48.5956 32.8976 24.3282 37.2361 79.9 43.1045 82.9873 33.3305 70.9717 16.6412 57.5256 44.2109 68.1535 46.8028 39.8016 24.7073 46.87 34.9654 74.0316 24.1698 36.2861 45.653 58.4377 34.4768 15.3062 83.3326 13.5093 33.0341 4.61411 39.9326 68.2663 33.3952 53.6554 39.3611 37.9057 
39.4635 33.86 27.5986 31.8925 53.2989 28.6398 49.4065 27.6957 15.0479 73.8221 35.5203 78.4115 28.4529 70.1944 39.7454 40.6341 39.5779 51.2762 42.1228 62.4109 47.6598 40.6208 24.5204 51.2372 7.66094 31.7907 62.1933 35.4249 14.4125 16.4149 60.3195 31.3651 41.8019 23.0326 29.8402 49.4872 34.1369 30.9944 38.7769 15.2778 
25.3298 79.2526 52.3883 65.5735 105.101 88.925 22.0484 44.9678 77.0211 88.7144 80.449 88.8699 55.9035 73.146 28.4164 85.4365 60.9944 94.58 82.1005 5.22015 16.8514 64.5963 74.1939 109.746 60.2934 56.7789 22.546 95.2494 74.7062 54.9676 119.503 31.4111 37.8144 43.0443 64.7148 97.3598 49.5104 89.8386 53.3646 75.0067 
85.3353 75.2354 49.8186 37.4037 3.11448 52.5179 82.1416 57.0812 46.2031 54.6206 76.5506 61.1138 46.4814 64.4002 87.2968 17.5727 45.6355 14.3283 84.1457 104.134 91.8229 42.6005 67.0774 19.2634 47.1103 46.3797 91.5478 23.8657 51.5912 67.2241 26.3919 72.2669 67.1018 72.4754 37.7943 6.96348 54.0374 23.5648 52.4948 36.2552 
69.3745 74.7407 30.5138 17.0511 26.4802 57.5407 61.3013 38.2251 46.0449 36.494 76.3053 42.5699 26.8555 42.3212 72.3279 7.30068 22.832 12.2801 83.6086 85.1374 74.5161 19.5167 65.4941 39.9722 36.7462 25.6082 69.5018 35.2955 50.4723 58.7553 48.764 55.0436 45.6032 60.2685 18.3469 16.9614 32.9597 30.9968 30.2026 33.4117 
8.66487 56.0108 31.3536 44.69 81.6854 62.9076 19.5226 23.7356 50.7351 77.2653 57.4003 79.2738 35.0069 65.4671 13.2593 63.274 43.5839 73.3219 60.4948 26.6625 13.0924 46.8837 49.6695 84.5224 34.4398 37.0195 31.6639 69.5696 48.5684 30.0193 94.1523 6.62873 25.3308 18.422 43.3263 74.8575 31.4306 64.3281 36.95 49.1076 
34.8827 34.8794 25.9856 32.2025 56.8516 32.5498 45.356 24.9147 19.4178 73.9032 36.5409 78.206 27.4007 69.1527 35.2575 43.0409 38.8742 53.776 42.6645 57.8236 43.0633 40.3053 25.8213 55.5446 8.228 30.8026 58.2244 39.8152 18.1033 13.7928 64.7213 26.97 38.6679 18.7385 30.1438 52.5095 32.1459 35.223 37.2003 19.434 
54.9459 76.286 17.254 12.3471 48.3257 65.722 41.3011 23.4386 51.7936 32.7341 77.9475 36.4907 14.6986 28.1149 58.8778 27.8692 3.13847 33.9165 84.4126 66.562 58.2031 2.88617 66.9481 59.9437 34.7697 11.36 48.0817 51.3391 54.5162 54.1133 69.3382 40.1966 25.3728 51.1766 13.9463 38.9513 15.0083 45.8926 9.88585 40.2866 
57.649 57.0629 23.7124 14.8637 30.6341 41.0078 56.0029 30.2538 28.6175 52.2067 58.6315 57.753 20.9955 53.7584 59.7369 14.5344 25.4772 25.2517 65.9267 76.7294 64.14 24.1033 47.8127 36.08 20.5477 22.1894 66.6127 24.8387 32.8536 42.2238 45.9234 44.6319 42.1284 45.5923 13.9284 24.5231 29.3437 19.2003 29.9541 15.9552 
10.469 60.4239 32.6725 46.1307 84.1215 67.1658 15.7471 24.9596 54.7943 76.6416 61.8052 78.3001 36.3373 64.0252 15.4858 65.2396 44.0018 75.0457 64.8069 23.3403 11.5156 47.427 54.1097 87.6762 37.9033 38.0147 27.4634 72.9496 52.783 34.4581 97.3725 9.10494 23.9585 22.8493 44.9169 76.972 31.8057 67.6096 36.9846 52.6156 
47.4709 17.4413 44.8092 48.353 61.2148 17.3971 63.3456 44.3086 13.2371 90.1399 19.0434 95.0007 45.6606 87.333 45.9308 53.2977 56.646 63.287 26.2619 71.4413 56.1883 57.4718 8.15414 53.9912 24.7825 48.9781 76.3207 38.5064 7.80897 17.6491 61.5111 43.9969 57.9871 29.4279 46.3441 59.8411 51.2657 36.2802 56.0022 24.4199 
76.3273 48.9401 52.6339 46.0541 30.9613 23.9852 82.7162 57.3362 24.4624 79.1624 49.961 85.3285 50.7963 83.9447 76.5405 35.7393 56.674 41.1947 57.3331 98.9315 84.4233 55.1871 42.5206 18.2214 38.1072 52.7031 94.6177 7.57694 29.3157 50.312 25.088 66.9669 70.9975 59.5836 44.9961 34.64 59.1346 12.2066 60.7421 23.461 
56.5662 39.2227 35.3276 32.5498 38.7738 21.2876 63.5106 38.8012 9.75295 71.9651 40.671 77.4796 34.321 72.654 56.9956 31.6413 42.7454 41.0742 48.2121 79.0607 64.585 42.3019 30.5491 34.2113 18.4166 36.9135 75.7552 18.2779 14.9345 32.1442 43.1129 47.1645 52.94 40.2505 30.9128 37.2336 42.174 14.4392 45.001 4.7 
44.3353 51.1892 13.8654 14.4257 43.9386 41.0903 44.2652 18.4716 26.8002 56.3565 52.8411 61.001 12.9314 53.4879 46.5099 26.7421 22.7759 37.4021 59.5668 63.7075 50.8615 23.3808 41.7938 47.8023 10 15.807 55.7374 34.2808 29.1405 31.6484 57.6303 31.4312 31.9776 33.0438 12.3746 37.6384 20.677 28.5748 23.7217 16.8315 
60.4901 71.4228 21.2132 8.01561 35.3278 57.1545 51.5414 28.9014 44.2109 36.342 73.0458 41.6573 17.5514 37.7737 63.702 14.7299 13.3959 22.0411 80.055 75.519 65.2511 10.4101 62.0249 46.845 31.1006 15.9703 59.8459 39.2046 47.9153 52.7266 56.1729 45.9514 35.8491 52.754 9.76729 26.163 23.2166 34.053 20.538 31.7448 
59.5552 15.6259 55.7197 57.3266 62.357 9.70206 75.8489 56.0389 17.78 98.3108 16.5076 103.565 56.1001 97.1796 57.6657 58.5226 66.4959 67.5663 23.816 83.5103 68.2719 66.8588 12.0615 51.7357 35.4158 59.2839 88.8217 37.9179 14.5962 29.7015 57.7055 56.5279 69.9861 41.616 55.4239 62.9229 62.4079 37.5659 66.7428 30.4095 
37.4001 34.9185 26.1358 31.2815 54.5011 30.7903 47.2017 25.8118 17.2812 73.1498 36.5826 77.6091 27.2208 69.0192 37.8114 41.1306 38.5203 51.8348 42.9829 60.2438 45.5397 39.7373 25.6759 52.9967 6.92026 30.5949 60.0051 37.2602 16.4779 15.6349 62.1662 29.1302 39.8246 21.272 29.2205 50.3526 32.5443 32.6841 37.353 16.9 
7.0214 47.4979 41.2317 53.7894 87.3066 59.4607 32.3989 34.2462 49.5036 89.4687 48.6763 91.8769 44.6912 78.5493 3.68917 70.6135 54.6452 81.1382 50.467 29.8216 14.9282 57.671 42.9111 87.4443 37.7115 47.2705 43.5295 71.7541 46.0566 24.6223 96.6603 18.071 38.6063 13.5591 52.1311 81.5724 42.8805 67.0835 48.7155 51.3024 
45.0126 48.8723 16.5747 16.6964 43.2297 38.2832 46.3366 20.7183 24.0142 58.5773 50.517 63.3455 15.7458 56.1413 46.9086 27.0313 25.4615 37.7763 57.3464 65.0526 51.8531 25.9139 39.4635 46.1069 8.33847 18.6132 58.0149 32.1602 26.4764 30.331 55.8917 32.6443 34.4819 32.7185 14.682 37.4489 23.4233 26.5189 26.5377 14.1057 
95.8188 66.4536 68.9123 59.8385 29.2015 41.1692 100.381 74.5735 44.236 85.2406 67.2441 91.7098 66.485 93.6144 96.2106 44.1118 70.0061 44.8786 74.2195 118.027 103.762 67.7747 61.1337 11.6211 56.9453 67.7529 111.717 21.9659 48.932 70.1294 8.19878 85.7723 87.4662 79.3254 59.29 37.3551 74.877 27.5661 75.3704 42.2641 
54.9015 14.0801 70.0298 76.4933 90.6353 39.302 78.3181 67.0671 42.9317 118.373 13.1004 122.755 71.826 113.321 50.9192 83.3471 83.3783 93.3906 6.53911 76.2607 62.5051 84.8539 22.0617 81.2287 52.1199 75.231 90.5681 66.8231 37.6782 33.1485 87.3002 59.4542 78.4873 41.4638 74.4339 89.8408 75.5149 65.5515 81.0432 54.5162 
77.4247 67.9651 42.8155 31.1002 10.824 46.1395 75.2644 49.8478 38.6747 54.5514 69.3312 60.9295 39.6406 62.1514 79.2879 12.7883 40.2336 15.2118 76.9231 96.6431 84.0636 37.5257 59.5778 20.0823 38.9882 39.9112 85.1621 18.6207 44.0028 59.1069 29.0849 64.5786 60.604 64.3479 31.1931 8.85268 47.5279 16.8107 46.6004 28.2492 
59.8141 12.4868 72.0884 77.5867 88.8978 36.3189 82.5258 69.7132 41.924 119.515 11.0059 124.13 73.6202 115.353 56.0357 82.9781 85.0527 92.7302 3.60694 81.678 67.65 86.2951 21.7083 78.4857 53.3401 77.0208 94.976 64.6574 36.9424 36.0451 84.043 63.3537 81.7309 45.407 75.5414 88.7471 77.881 63.8928 83.2339 54.0638 
58.698 4.83322 63.8193 67.7027 76.2992 23.5325 78.7869 62.5873 30.0629 109.423 4.17253 114.342 64.8726 106.622 55.7459 71.3238 75.9701 80.7845 10.0045 81.9909 67.1431 76.837 12.1264 65.6967 44.0583 68.2191 91.6289 51.9432 25.4876 30.8585 71.3511 59.1977 75.6477 42.0576 65.7001 76.4944 70.0803 51.3802 75.0435 42.5607 
75.2091 65.1627 41.3192 30.0987 13.2834 43.4815 73.7653 48.1798 35.8603 55.8707 66.5331 62.1885 38.2598 62.7214 76.9708 13.1244 39.6244 17.3104 74.1237 94.7439 81.9752 37.0941 56.7631 20.0192 36.5268 38.7475 83.9181 16.4305 41.1869 56.4256 29.4272 62.562 59.3448 61.86 30.0167 11.4621 46.3039 14.1651 45.7083 25.4867 
68.6476 32.7185 54.0626 51.5598 47.0473 7.4 80.0885 56.7067 15.7582 89.6666 33.6013 95.448 53.3094 91.5219 67.8405 47.2382 61.8496 54.8293 40.8104 92.3275 77.2219 61.2945 27.4898 34.8891 35.2955 55.9915 92.7548 22.366 18.1571 39.8207 40.6044 62.1203 71.0211 50.7947 49.9808 49.1717 60.9555 23.6907 64.0488 23.8019 
79.7161 90.8204 40.4623 28.3805 35.137 73.8848 66.7488 47.7821 62.367 21.8215 92.4048 28.2781 36.9818 32.8824 83.2948 22.4662 28.1114 18.6003 99.6266 92.1811 83.5733 24.6343 81.5081 51.8117 51.5353 34.5058 72.3747 50.3607 66.6888 73.3224 59.276 64.9604 50.8932 73.2548 30.2952 26.1094 40.2657 46.6451 35.513 49.7109 
34.4071 59.4577 5.09902 18.554 57.6095 55.0004 28.1517 2.62488 40.6177 53.8177 61.1072 56.9959 8.76641 45.7739 37.9676 37.9812 18.2497 47.529 66.7803 49.855 38.9525 21.1747 50.5835 63.7248 20.6022 10.8374 39.2623 50.7326 41.4135 34.723 73.584 19.7162 15.632 30.0962 17.3954 49.8648 7.73369 44.9979 13.5281 32.7983 
52.0247 87.9755 28.2931 32.4785 69.9203 82.4491 29.8171 28.8106 68.0331 37.8338 89.6177 37.9179 28.6211 22.5568 56.857 49.5892 22.1109 54.8523 95.0781 55.459 51.9234 24.5522 79.1692 81.5807 48.5412 26.0233 31.1642 72.1084 69.5041 62.5633 91.0412 39.3137 18.4505 55.5989 33.3793 60.4268 21.5195 66.4783 17.9045 58.2001 
51.0529 82.6027 21.9829 24.8395 62.4501 75.6897 31.8077 24.067 61.3313 35.5439 84.2589 36.9381 21.7348 23.3431 55.6386 42.0195 14.4222 47.68 90.0419 57.807 52.2422 16.9198 73.5942 73.8999 42.2538 18.868 35.8776 64.4829 63.1219 57.9379 83.377 37.2508 17.4451 52.1276 25.8118 53.0212 15.6589 58.8743 10.9444 51.0662 
53.8781 67.1591 14.6328 1.66433 40.1005 54.8689 45.6228 22.3376 41.234 40.3091 68.8044 45.0729 10.9659 38.8666 57.1071 19.5256 9.94636 28.1149 75.6017 69.1714 58.6837 8.58429 57.7509 49.8198 26.021 9.70618 54.5678 40.2492 44.3928 47.1123 59.4427 39.3468 30.206 46.4691 3.72022 31.4201 17.2514 34.7196 15.6605 29.3164 
91.9405 82.4738 55.4813 42.5738 5.88303 59.4348 87.5042 62.9321 53.5322 53.9129 83.7705 60.3988 52.0159 65.5049 94.0608 22.4956 49.8655 15.6247 91.3622 110.149 98.2024 46.5997 74.3888 22.8974 54.1503 51.5644 96.3606 30.5761 58.9293 74.5043 27.7723 78.5863 72.14 79.5108 43.2187 10.5394 59.1822 30.769 57.0748 43.6033 
57.0846 83.6915 23.1249 21.1946 55.7215 74.2873 39.5828 27.4935 60.2103 28.8434 85.3558 31.2463 21.5604 20.2467 61.437 35.7302 10.8669 40.3555 91.5684 65.5222 59.0689 11.7154 74.449 68.2739 42.3784 18.197 44.0855 60.1631 62.6616 60.3511 77.5118 42.7286 24.4524 55.9866 22.6874 46.1417 18.4253 54.7537 12.4808 48.974 
61.1191 86.2986 26.2452 22.3486 54.1128 75.8631 43.6327 31.1448 61.9852 24.8284 87.9619 27.5187 24.2887 17.9109 65.4331 34.6655 12.9004 38.2753 94.3231 69.5932 63.1805 12.596 76.9925 67.4633 44.8232 20.883 47.7671 60.2519 64.7158 63.5007 76.4956 46.6999 28.5701 59.5756 24.0651 44.4568 22.0912 55 16.1245 50.3724 
56.5107 71.9467 17.1572 6.38905 41.2029 59.5716 46.0679 24.6033 46.0197 35.5692 73.5942 40.2616 13.6624 34.2584 60.0004 20.5801 7.51665 27.6796 80.3592 70.4577 60.7705 4.74342 62.5412 52.3483 30.7044 11.3111 54.0631 43.8316 49.2164 51.5102 61.7836 41.8019 30.2557 50.2558 8.422 32.0339 17.9627 38.452 14.7635 34.0026 
52.1982 21.6453 44.6025 46.322 55.5195 12.2188 66.1346 45.2134 7.82943 87.6037 23.0887 92.7373 44.9361 86.0598 51.069 49.023 55.3586 58.6441 30.6341 76.0796 60.8664 55.7883 13.2774 47.6518 24.3074 48.1175 79.0555 32.3187 3.44384 22.858 55.0718 47.223 59.3142 34.1784 44.3921 54.7292 51.3277 30.4587 55.5925 20.2299 
52.3689 14.6414 68.4202 75.2475 90.5647 39.9606 75.9627 65.2442 42.6808 117.062 13.9262 121.351 70.3143 111.676 48.3414 82.6904 81.8952 92.8433 8.40238 73.621 59.9164 83.4589 21.7862 81.6354 50.8842 73.7153 88.15 66.9914 37.3472 31.3423 87.9446 57.2098 76.4391 39.2379 73.1861 89.4859 73.782 65.4941 79.368 53.9676 
59.8506 12.8456 58.0983 60.1985 65.7392 12.7769 77.1093 58.0675 20.9124 101.365 13.5447 106.561 58.6285 99.9124 57.6945 61.8361 69.1978 70.9346 20.662 83.7342 68.5412 69.6656 11.2606 54.9307 37.8217 61.8561 90.0832 41.268 17.3185 30.1811 60.7053 57.6514 71.858 42.0933 58.2715 66.319 64.7112 40.9649 69.1948 33.5753 
77.4665 95.6831 39.773 30.4095 46.6978 81.1032 61.1569 46.1736 68.5073 12.0934 97.3153 17.9622 36.8057 21.2132 81.5177 31.7052 25.8105 30.0167 104.235 87.0933 80.1706 23.1262 86.2744 62.9007 54.7759 33.7001 64.9888 59.8833 72.2806 75.6345 70.7181 62.7809 45.9004 73.6848 32.4711 37.4204 37.5694 55.5932 31.9312 55.9473 
64.2795 15.1611 62.0613 63.607 66.7261 13.1484 81.5738 62.2685 23.914 104.432 15.4146 109.745 62.4568 103.509 62.0556 64.1412 72.8358 72.8871 21.6816 88.1385 72.9609 73.1665 15.5193 54.8894 41.758 65.6403 94.5487 42.0595 20.9504 34.6562 60.0257 62.1303 76.1412 46.5611 61.7171 67.9272 68.7346 42.3595 73.0953 36.4446 
49.0486 78.4297 17.6477 20.5934 59.0699 71.1848 31.8277 20.4355 56.8356 36.9088 80.089 39.0083 17.2386 26.5279 53.4619 38.4896 10.4809 44.8068 85.9782 57.6534 50.948 13.4183 69.3638 69.9638 37.8541 14.3503 37.4626 60.1973 58.6805 54.0882 79.5178 34.8174 16.4012 48.8215 21.456 49.7749 11.64 54.5587 6.4846 46.552 
80.5105 88.1082 41.1122 28.211 29.4822 70.1128 69.2243 48.6806 59.2112 27.3359 89.6621 33.8213 37.5012 38.3693 83.8373 18.3221 30.0137 13.0384 96.9981 94.2497 84.8892 26.417 78.8926 46.3001 49.9892 35.4189 75.6419 45.5817 63.7709 71.969 53.6411 65.8595 53.2846 72.8179 29.9421 20.5623 41.8524 42.19 37.6431 46.6495 
66.5009 97.0341 36.2221 34.4193 64.925 87.7763 45.2637 39.5324 73.7461 22.8355 98.6978 22.4511 34.9824 7.57166 71.1827 46.265 24.3813 48.5556 104.783 70.9233 67.047 24.6951 87.8415 79.1046 55.8581 31.6628 45.9831 72.4177 76.2155 73.1391 87.9163 52.9589 32.6497 67.8258 36.0411 55.2552 30.7065 67.206 25.1008 62.3802 
29.1234 24.9596 45.8214 54.8767 79.1205 40.0769 51.2831 41.5337 33.8378 95.629 26.1444 99.3457 48.278 88.4613 26.0311 66.583 59.8205 77.2915 28.493 52.28 37.4585 61.9048 21.1936 74.92 31.8002 51.583 63.69 58.9892 29.0193 9.827 83.1685 32.3631 51.8278 14.3924 52.8609 75.634 50.4172 55.5389 56.2385 40.6356 
66.4003 77.9064 27.0002 14.4554 34.5824 62.7539 55.6386 34.5419 50.2467 30.4416 79.5196 36.1024 23.4137 34.3071 69.7929 15.3883 16.3719 19.2463 86.5934 80.3306 70.7537 12.7906 68.5252 48.2066 37.8336 21.2763 62.9085 42.6433 54.1713 59.4794 57.0485 51.7279 39.7212 59.3334 16.3515 24.9562 27.8431 37.9318 24.0337 37.6431 
88.2261 79.9766 51.6736 38.7764 5.2811 57.4282 83.7054 59.1277 50.824 51.7604 81.3093 58.2626 48.2084 62.6556 90.393 18.6936 46.1746 12.4085 88.9054 106.349 94.4412 42.9424 71.722 23.1976 50.6333 47.7696 92.6106 28.8062 56.1843 71.2085 29.2554 74.8193 68.3617 75.9743 39.4122 6.7424 55.3921 28.379 53.3401 40.4975 
67.4273 53.463 38.0217 29.8931 24.0104 32.2386 69.6078 43.7477 24.2043 63.361 54.8336 69.3878 35.6881 67.4538 68.6225 20.2425 40.446 27.8959 62.4239 88.4338 74.8059 38.7866 45.1054 22.5858 27.9589 37.1769 80.821 9.75141 29.567 46.0196 32.3427 55.9916 56.5785 52.6579 29.0243 23.0098 44.0967 4.31045 45.0309 14.7959 
32.7867 44.0556 16.9257 25.0186 55.6343 40.5098 38.1077 15.7686 26.4885 65.9037 45.7131 69.8997 18.7395 60.22 34.4746 39.2216 30.3449 49.9004 51.6443 53.8658 40.0232 32.1442 35.0721 57.2752 7.34098 22.1326 50.6913 42.3382 26.4068 20.7425 66.8853 21.5724 29.8027 20.5548 23.0313 49.8977 22.9026 37.0601 28.0794 22.032 
20.9029 33.501 38.0728 48.4199 76.7777 44.3696 41.7337 32.9959 35.2026 88.0493 34.8415 91.4346 40.8795 79.9138 18.868 62.2557 52.1878 73.0075 37.8868 44.7493 29.5655 54.5715 27.9866 74.7797 27.4002 44.0478 54.2407 58.8539 31.3168 9.55249 83.6231 22.7528 42.4634 4.83735 46.4855 72.2277 42.0268 54.6762 47.9488 39.0242 
81.0038 66.3727 48.2996 37.3591 10.4785 43.1116 80.6945 54.9764 37.8319 61.5325 67.6327 67.9464 45.3345 69.3957 82.4874 19.9685 46.9163 21.5713 75.213 101.15 88.0471 44.3606 58.5211 12.8787 41.7852 45.9419 91.0355 14.2888 43.264 60.4452 22.1416 68.8151 66.4678 66.8468 37.22 14.3265 53.4597 14.7959 52.9823 29.2181 
63.3001 100.066 39.8363 41.7346 75.6965 93.5951 39.4554 40.9683 79.2518 33.3924 101.713 31.4668 39.6548 15.4738 68.2268 56.2894 31.113 59.6178 107.254 63.8941 62.3472 32.585 91.1846 89.03 60.1365 36.7143 37.3044 81.0571 81.0359 74.7819 98.1298 51.1953 30.3534 67.7703 43.0001 66.0252 33.2773 75.6034 28.8735 68.8077 
15.5563 64.2225 30.5655 43.9659 82.9444 69.4338 10.8632 22.9578 56.5329 72.4694 65.6515 73.8968 34.176 59.3776 20.5798 63.5437 40.8167 73.0229 68.9854 24.2918 15.2398 44.3301 57.4924 87.5306 38.58 35.4683 23.1465 73.2274 54.9626 37.864 97.3107 10.1951 19.5727 26.6678 42.9331 75.4072 28.7388 67.7432 33.5252 53.2241 
13.0614 66.3392 39.0621 52.4938 91.1497 74.3398 14.9215 31.4035 62.1795 80.3911 67.6491 81.5163 42.6919 66.598 17.6173 71.9561 49.366 81.5354 70.1121 16.0378 8.20061 52.8923 60.5345 95.0842 45.4042 44.0477 23.8839 80.4279 60.0221 40.9941 104.801 16.556 27.553 29.1343 51.4164 83.7786 37.3186 75.0654 42.0145 60.1176 
19.601 34.8105 43.6936 54.5388 83.2434 48.8615 43.3074 38.0802 40.8075 93.5641 35.9477 96.7298 46.6669 84.6991 16.183 68.7285 57.7834 79.4769 37.716 42.4058 27.7051 60.3165 30.873 80.9249 33.9013 49.7437 55.2496 64.9696 36.5624 14.8607 89.6429 25.602 46.1966 9.75756 52.6366 78.7307 47.1495 60.9277 53.1129 45.3542 
31.9232 73.0537 22.2266 33.7249 74.234 72.5536 11.9641 17.1712 58.4132 56.0036 74.6282 57.1238 25.0138 42.4539 36.8049 53.7729 27.4046 61.963 79.2152 37.663 32.0025 31.0015 65.0035 81.9825 38.4584 24.7413 20.7087 69.4719 58.4173 46.5408 91.8286 20.1229 4.08167 37.6606 33.3901 65.6804 17.0836 63.7182 19.7385 51.5349 
