80 40 25
777 335 649 27 763 426 211 429 862 135 22 167 11 373 784 324 413 980 862 281 84 505 313 895 814 364 87 178 403 399 676 12 94 570 467 902 652 280 865 619 
4.4 7.29 0.31 1.17 0.97 7.71 4.81 6.75 7.09 9.27 5.67 8.56 4.97 3.53 5.86 9.65 3.06 6.83 2.19 6.24 5.28 8.71 7.32 8.29 5.03 
19 8 24 18 1 4 3 18 14 12 16 9 1 0 21 4 18 18 4 18 13 4 13 17 18 15 0 5 11 17 7 23 3 21 22 5 5 20 1 8 8 12 11 4 21 6 19 24 21 13 20 9 9 11 6 12 22 11 12 13 5 21 11 5 0 20 19 5 22 0 24 23 15 9 11 19 19 0 17 18 
5301.82 7724.31 1698 1511.19 5214.22 6781.74 3808.25 2218.22 5370.18 3349.78 7890.74 3665.31 1512.38 2670.3 5713.16 3165.26 450.444 3771.8 8518.34 6359.12 5580.99 653.682 6797.77 6356.93 3587.1 1173.24 4443.57 5458.09 5612.31 5423.62 7301.42 3837.25 2223.96 5046.68 1643.05 4277.87 1326.08 4905.97 747.329 4258.37 
6390.15 4951.86 3624.16 2948.22 2821.1 2907.25 6720.6 4146.54 2014.67 6519.15 5091.56 7106.97 3422.57 6820.92 6493.67 2277.02 4011.23 3126.05 5849.53 8528.55 7143.7 3880.21 4104.66 2584.96 2443.64 3604.72 7872 1128.94 2546.86 4189.18 3542.44 5287.82 5473.91 4878.53 2835.58 2684.12 4260.38 565.862 4407.29 1072.01 
4440.02 1380.62 4705.96 5205.25 6724.08 2244.75 6241.35 4555.44 1935.07 9398.22 1546.93 9860.83 4834.23 9014.17 4231.32 5854.11 5966.32 6872.58 2193.17 6829.39 5309.28 6080.54 503.587 6020.98 2783.52 5172.64 7534.84 4471.61 1392.3 1482.77 6768.05 4282.99 5862.33 2668.95 5000.69 6556.68 5317.91 4238.91 5827.73 2988.14 
1436.8 6720.93 3810.47 5150.07 9040.98 7465.9 1320.19 3049.1 6230.77 7884.95 6854.14 7991.86 4171.38 6495.37 1905.39 7107.52 4811.2 8055.97 7115.12 1677.05 992.018 5165.5 6122.83 9464.82 4518.52 4296.84 2236.52 8011.67 6029.04 4162.93 10439.2 1630.28 2606.93 2983.91 5047.23 8292.99 3612.48 7470.92 4070.7 5989.49 
6316.68 2380.76 5386.97 5359.56 5471.54 158.114 7705.6 5531.3 1412.3 9353.87 2471.3 9904.37 5372.01 9375.06 6184.63 5243.14 6336.1 6093.61 3199.2 8709.09 7185.79 6330.85 1894.76 4357.26 3391.47 5670.6 8993.94 3010.15 1361.25 3354.12 4951.22 5828.08 6956.91 4511.36 5181.68 5587.16 6072.77 3028.88 6451.52 2571.87 
1609.63 4279.84 2904.96 4075.45 7333.68 4919.55 3172.38 2306.71 3757.55 7867.87 4426.34 8172.67 3223.18 6965.21 1688.61 5681.17 4303.08 6740.72 4805.26 3936.34 2437.42 4572.8 3597.07 7387.56 2383.21 3514.84 4452.2 5835.61 3498.57 1633.06 8323.17 1225.77 3167.46 596.825 3897.59 6765.04 3212.86 5349.7 3809.63 3778.9 
7050.25 4491.38 4766.43 4201.71 3278.44 2081.47 7723.71 5204.02 1894.23 7717.6 4604.87 8318.95 4603.69 8081.1 7072.21 3398.82 5263.8 4078.06 5354.94 9314.27 7860.8 5141.91 3790.33 2265.66 3242.01 4813.86 8926.39 810.247 2399.27 4464.48 3039.42 6124.13 6587.27 5378 4079.62 3487.25 5429 981.122 5624.11 1787.18 
8599.96 8650.47 4719.75 3373.8 1916.38 6614.47 7748.47 5491.02 5705.61 3784.42 8796.96 4433.84 4353.54 4977.84 8885.19 1681.22 3835.64 626.498 9549.12 10170.3 9120.89 3480.42 7763.64 3681.7 5175.37 4215.32 8494.15 3916.99 6208.41 7356.64 4327.82 7172.51 6162.63 7619.99 3502.74 1190.38 4932.07 3698.99 4598.31 4514.65 
2605.09 8002.01 4967.17 6268.28 10253.7 8849.18 1843.58 4241.99 7618.53 8470.01 8127.54 8475.74 5311.54 6898.91 2970.42 8265.74 5765.56 9159.33 8330.1 940.213 1813.34 6126.12 7453.25 10776.8 5881.54 5380.05 1829.13 9353.61 7414.82 5507.53 11756.6 3002.68 3434.94 4317.24 6191.9 9460.54 4640.4 8804.5 4999.73 7349.32 
4941.44 773.369 5328.24 5782.61 7038.55 2147.3 6840.36 5187.68 2254.88 9971.28 938.616 10445.5 5447.37 9627 4692.56 6314.95 6571.23 7307.56 1640.12 7311.67 5802.8 6674.5 172.047 6190.01 3380.53 5784.48 8130.3 4694.6 1729.31 2052.95 6872.15 4880.16 6492.68 3212.37 5579.51 6945.08 5945.77 4531.71 6450.61 3424.76 
5438.54 8102.64 2034.94 1940.23 5549.82 7205.73 3750.55 2463.43 5790.08 3156.26 8269.06 3408.47 1893.07 2296.11 5869.86 3521.21 881.419 4055.58 8885.41 6335.69 5654.06 1041.2 7180.93 6745.23 3980.26 1560.8 4267.1 5877.77 6022.31 5754.1 7681.47 3996.96 2210.02 5312.66 2074.08 4601.09 1556.57 5328.57 962.133 4687.06 
7154.89 3616.1 5532.63 5197.36 4468.17 1084.62 8222.6 5838.23 1825.38 8911.76 3700.66 9500.81 5435.3 9167.58 7087.98 4625.55 6240.87 5332.74 4414.53 9512.37 8007.56 6165.2 3103.37 3179.7 3715.98 5690.04 9479.31 2017.92 2121.51 4300.1 3720.22 6456.57 7265.09 5379.39 5048.96 4737.62 6219.01 2226.23 6500.62 2472.91 
6602.12 7400.74 2688.81 1349.52 3042.53 5800.56 5729.65 3459.51 4585.07 3528.7 7560.03 4110.01 2322.07 3950.01 6911.85 1044.03 1872.11 1633.71 8278.8 8130.89 7093.89 1541.56 6467.47 4326.85 3485.89 2175.68 6540.03 3740.92 4999.37 5678.66 5227.32 5156.37 4155.54 5761.02 1500.3 2098.98 2899.93 3272.46 2610.94 3319.04 
4126.98 5998.54 276.586 1128.72 5023.09 5231.8 3519.5 1008.46 3791.58 4962.91 6164.97 5346.27 228.035 4396.02 4452.2 3050.84 1388.52 4010.61 6786.77 5732.83 4623.91 1595.12 5076.87 5700.88 1888.54 565.685 4568.06 4472.19 3965.61 3713.97 6685.96 2678.54 2128.5 3470.81 997.246 4239.87 917.824 3895.25 1254.19 2835.91 
6831.59 4020.61 4818.64 4382.44 3756.59 1601.53 7660.79 5193.11 1549.23 8048.66 4131.46 8638.73 4689.84 8327.14 6823.09 3766.3 5435.75 4501.56 4879.43 9135.34 7659.69 5342.68 3342.15 2710.02 3141.27 4925.46 8889.6 1290.77 2015.47 4144.03 3430.76 5986.95 6602.31 5116.26 4243.41 3935.14 5496.27 1387.08 5738.47 1759.6 
6671.71 8780.93 2970.69 2235.73 4859.89 7534.89 5051.99 3569.1 6197.18 2030.27 8946.25 2441.25 2705.12 1950.92 7083.16 3022.73 1559.13 3228.89 9612.52 7639.44 6933.43 1352.81 7841.66 6298.58 4638.16 2376.99 5503.28 5724.7 6522.28 6638.95 7166.94 5207.47 3511.72 6362.42 2434.3 3892.81 2691.64 5231.8 2117.47 4979.81 
6316.56 3776.69 4367.15 4024.49 3905.7 1555.89 7156.68 4709.79 1081.67 7831.64 3901.24 8405.24 4259.21 8011.1 6314.19 3631.27 5063.33 4459.07 4659.07 8617.01 7142.67 4995.45 3023 3064.91 2634.1 4510.4 8392.31 1523.29 1588.58 3662.85 3852.53 5470.11 6127.22 4610.1 3872.42 3957.9 5050.71 1413.26 5321.59 1299.88 
3743.63 9140.25 5750.83 6988.96 11028.2 9938.66 2505.69 5077.11 8676.66 8682.54 9266.07 8602.85 6072.13 6996.87 4100.99 8997.64 6354.37 9827.48 9465.99 1729.31 2940.15 6710.59 8583.86 11671 6875.54 6089.11 1808.54 10297.2 8497.44 6632.31 12655.7 4039.43 4039.67 5444.93 6938.51 10191.5 5326.65 9737.32 5592.8 8330.31 
6219.11 4130.88 3998.05 3574.76 3555.57 2024.75 6892.31 4393.55 1261.43 7348.32 4263.95 7923.06 3865.14 7545.73 6255 3155.27 4622.52 4005.86 5023.55 8471.72 7023.4 4541.2 3324.53 2914.81 2398.27 4100.99 8105.58 1319.39 1804 3716.52 3777.19 5279.1 5793.31 4572.2 3429.87 3533.75 4673.6 1049.24 4913.95 957.549 
4678.98 2355.93 3959.42 4242.23 5587.89 1786 6036.64 3976.69 851.469 8412.59 2515.49 8904.84 4019.32 8168.82 4589.12 4725.47 5096.6 5732.83 3238.04 7059.31 5541.73 5165.51 1426.36 4979.53 1933.52 4345.77 7329.18 3399.91 382.884 1800.69 5782.47 4146.09 5376.78 2886.17 4043.09 5408.33 4621.22 3120.79 5070.63 1844.91 
2276.95 3125.54 4117.09 5125.51 7855.04 4386.34 4462.87 3621.78 3564.77 9114.92 3252.28 9459.1 4391.18 8315.15 2011.62 6456.97 5527.94 7532.6 3515.52 4630.68 3127.71 5760.7 2644.26 7587.21 2959.75 4711.23 5701.48 5990.83 3141.02 970.618 8453.85 2585.44 4570.73 807.094 4929.79 7430.17 4523.55 5594.83 5114.69 4046.05 
8739.5 6720.37 5649.07 4608.31 1454.13 4259.2 8871.19 6286.66 4036.09 6976.72 6830.79 7622.87 5368.51 7825.45 8850.37 2895.88 5581.87 2943.35 7576.73 10832 9478.28 5332.4 6016.52 392.046 4791.5 5450.11 9937.35 1483.37 4569.86 6478.93 1327.4 7588.29 7484.84 7230.01 4582.1 2192.03 6192.71 1837.74 6172.46 3413.17 
340.147 5599.04 4253.4 5574.31 9160.81 6725.91 2675.26 3500.01 5659.84 8848.82 5716.86 9032.3 4616.24 7617.57 520.384 7383.66 5496.59 8407.88 5886.47 2141.07 644.981 5825.16 5127.11 9311.25 4286.64 4830.04 3662.85 7769.18 5352.1 3257.19 10253.9 1780.03 3605.69 2092.46 5429.05 8521.88 4281.69 7274.79 4831.82 5710.77 
8316.33 4759.43 6327.12 5762.54 4047.97 2270.59 9212.6 6733.74 2970.39 9100.43 4826.73 9720.44 6172.79 9587.18 8274.36 4759.8 6825.52 5245.85 5504.55 10648.3 9157.96 6691.08 4318.85 2435.59 4692.94 6385.46 10438.8 1940.31 3329.62 5512.94 2716.47 7527.34 8133.54 6562.7 5645.88 4555.81 6994.75 2411 7195.76 3296.19 
7083.63 7550.66 3202.14 1855.86 2525.39 5791.24 6281.82 3973.16 4666.4 3658.76 7706.11 4274.81 2836.51 4304.65 7376.29 686.586 2428.87 1077.03 8439.76 8665.85 7601.24 2094.23 6629.42 3914.72 3789.3 2713.12 7098.01 3505.61 5117.86 5990.01 4780.93 5652.79 4711.1 6158.77 1982.95 1567.07 3448.04 3093.86 3168.91 3407.08 
1626.41 4165.3 3019.42 4173.54 7381.4 4859.56 3289.76 2432.82 3723.61 7990 4310.45 8298.73 3333.05 7097.17 1664.12 5752.56 4421.09 6815.35 4680.28 3980.16 2470.73 4687 3496.54 7403.16 2416.98 3628.61 4565.3 5843.77 3447.68 1530.62 8333.26 1350.93 3303.41 461.411 3993.26 6826.63 3339.52 5365.54 3936.11 3790.57 
3946.35 3386 2759.86 3189.25 5329.89 2863.98 4940.65 2769.57 1504.79 7382.21 3552.03 7841.15 2845.29 7019.44 3974.54 4063.41 3957.79 5127.62 4212.28 6241.09 4765.98 4062.08 2452.04 5123.72 766.094 3179.07 6219.33 3542.49 1441.25 1641.49 6031.95 3136.51 4180.19 2303.26 2984.02 4948.72 3413.69 3099.44 3877.69 1527.78 
2532.98 7925.26 5238.83 6557.35 10510.1 8892.5 2204.84 4496.78 7702.11 8871.44 8044.9 8886.99 5590.35 7314.6 2841.64 8543.65 6099.44 9458 8210.05 522.015 1685.14 6459.63 7419.39 10974.6 6029.34 5677.89 2254.6 9524.94 7470.62 5496.76 11950.3 3141.11 3781.44 4304.43 6471.48 9735.98 4951.04 8983.86 5336.46 7500.67 
8533.53 7523.54 4981.86 3740.37 311.448 5251.79 8214.16 5708.12 4620.31 5462.06 7655.06 6111.38 4648.14 6440.02 8729.68 1757.27 4563.55 1432.83 8414.57 10413.4 9182.29 4260.05 6707.74 1926.34 4711.03 4637.97 9154.78 2386.57 5159.12 6722.41 2639.19 7226.69 6710.18 7247.54 3779.43 696.348 5403.74 2356.48 5249.48 3625.52 
6937.45 7474.07 3051.38 1705.11 2648.02 5754.07 6130.13 3822.51 4604.49 3649.4 7630.53 4256.99 2685.55 4232.12 7232.79 730.068 2283.2 1228.01 8360.86 8513.74 7451.61 1951.67 6549.41 3997.22 3674.62 2560.82 6950.18 3529.55 5047.23 5875.53 4876.4 5504.36 4560.32 6026.85 1834.69 1696.14 3295.97 3099.68 3020.26 3341.17 
866.487 5601.08 3135.36 4469 8168.54 6290.76 1952.26 2373.56 5073.51 7726.53 5740.03 7927.38 3500.69 6546.71 1325.93 6327.4 4358.39 7332.19 6049.48 2666.25 1309.24 4688.37 4966.95 8452.24 3443.98 3701.95 3166.39 6956.96 4856.84 3001.93 9415.23 662.873 2533.08 1842.2 4332.63 7485.75 3143.06 6432.81 3695 4910.76 
3488.27 3487.94 2598.56 3220.25 5685.16 3254.98 4535.6 2491.47 1941.78 7390.32 3654.09 7820.6 2740.07 6915.27 3525.75 4304.09 3887.42 5377.6 4266.45 5782.36 4306.33 4030.53 2582.13 5554.46 822.8 3080.26 5822.44 3981.52 1810.33 1379.28 6472.13 2697 3866.79 1873.85 3014.38 5250.95 3214.59 3522.3 3720.03 1943.4 
5494.59 7628.6 1725.4 1234.71 4832.57 6572.2 4130.11 2343.86 5179.36 3273.41 7794.75 3649.07 1469.86 2811.49 5887.78 2786.92 313.847 3391.65 8441.26 6656.2 5820.31 288.617 6694.81 5994.37 3476.97 1136 4808.17 5133.91 5451.62 5411.33 6933.82 4019.66 2537.28 5117.66 1394.63 3895.13 1500.83 4589.26 988.585 4028.66 
5764.9 5706.29 2371.24 1486.37 3063.41 4100.78 5600.29 3025.38 2861.75 5220.67 5863.15 5775.3 2099.55 5375.84 5973.69 1453.44 2547.72 2525.17 6592.67 7672.94 6414 2410.33 4781.27 3608 2054.77 2218.94 6661.27 2483.87 3285.36 4222.38 4592.34 4463.19 4212.84 4559.23 1392.84 2452.31 2934.37 1920.03 2995.41 1595.52 
1046.9 6042.39 3267.25 4613.07 8412.15 6716.58 1574.71 2495.96 5479.43 7664.16 6180.52 7830.01 3633.73 6402.52 1548.58 6523.96 4400.18 7504.57 6480.69 2334.03 1151.56 4742.7 5410.97 8767.62 3790.33 3801.47 2746.34 7294.96 5278.3 3445.81 9737.25 910.494 2395.85 2284.93 4491.69 7697.2 3180.57 6760.96 3698.46 5261.56 
4747.09 1744.13 4480.92 4835.3 6121.48 1739.71 6334.56 4430.86 1323.71 9013.99 1904.34 9500.07 4566.06 8733.3 4593.08 5329.77 5664.6 6328.7 2626.19 7144.13 5618.83 5747.18 815.414 5399.12 2478.25 4897.81 7632.07 3850.64 780.897 1764.91 6151.11 4399.69 5798.71 2942.79 4634.41 5984.11 5126.57 3628.02 5600.22 2441.99 
7632.73 4894.01 5263.39 4605.41 3096.13 2398.52 8271.62 5733.62 2446.24 7916.24 4996.1 8532.85 5079.63 8394.47 7654.05 3573.93 5667.4 4119.47 5733.31 9893.15 8442.33 5518.71 4252.06 1822.14 3810.72 5270.31 9461.77 757.694 2931.57 5031.2 2508.8 6696.69 7099.75 5958.36 4499.61 3464 5913.46 1220.66 6074.21 2346.1 
5656.62 3922.27 3532.76 3254.98 3877.38 2128.76 6351.06 3880.12 975.295 7196.51 4067.1 7747.96 3432.1 7265.4 5699.56 3164.13 4274.54 4107.42 4821.21 7906.07 6458.5 4230.19 3054.91 3421.13 1841.66 3691.35 7575.52 1827.79 1493.45 3214.42 4311.29 4716.45 5294 4025.05 3091.28 3723.36 4217.4 1443.92 4500.1 470 
4433.53 5118.92 1386.54 1442.57 4393.86 4109.03 4426.52 1847.16 2680.02 5635.65 5284.11 6100.1 1293.14 5348.79 4650.99 2674.21 2277.59 3740.21 5956.68 6370.75 5086.15 2338.08 4179.38 4780.23 1000 1580.7 5573.74 3428.08 2914.05 3164.84 5763.03 3143.12 3197.76 3304.38 1237.46 3763.84 2067.7 2857.48 2372.17 1683.15 
6049.01 7142.28 2121.32 801.561 3532.78 5715.45 5154.14 2890.14 4421.09 3634.2 7304.58 4165.73 1755.14 3777.37 6370.2 1472.99 1339.59 2204.11 8005.5 7551.9 6525.11 1041.01 6202.49 4684.5 3110.06 1597.03 5984.59 3920.46 4791.53 5272.66 5617.29 4595.14 3584.91 5275.4 976.729 2616.3 2321.66 3405.3 2053.8 3174.48 
5955.52 1562.59 5571.97 5732.66 6235.7 970.206 7584.89 5603.89 1778 9831.08 1650.76 10356.5 5610.01 9717.96 5766.57 5852.26 6649.59 6756.63 2381.6 8351.03 6827.19 6685.88 1206.15 5173.57 3541.58 5928.39 8882.17 3791.79 1459.62 2970.15 5770.55 5652.79 6998.61 4161.6 5542.39 6292.29 6240.79 3756.59 6674.28 3040.95 
3740.01 3491.85 2613.58 3128.15 5450.11 3079.03 4720.17 2581.18 1728.12 7314.98 3658.26 7760.91 2722.08 6901.92 3781.14 4113.06 3852.03 5183.48 4298.29 6024.38 4553.97 3973.73 2567.59 5299.67 692.026 3059.49 6000.51 3726.02 1647.79 1563.49 6216.62 2913.02 3982.46 2127.2 2922.05 5035.26 3254.43 3268.41 3735.3 1690 
702.14 4749.79 4123.17 5378.94 8730.66 5946.07 3239.89 3424.62 4950.36 8946.87 4867.63 9187.69 4469.12 7854.93 368.917 7061.35 5464.52 8113.82 5046.7 2982.16 1492.82 5767.1 4291.11 8744.43 3771.15 4727.05 4352.95 7175.41 4605.66 2462.23 9666.03 1807.1 3860.63 1355.91 5213.11 8157.24 4288.05 6708.35 4871.55 5130.24 
4501.26 4887.23 1657.47 1669.64 4322.97 3828.32 4633.66 2071.83 2401.42 5857.73 5051.7 6334.55 1574.58 5614.13 4690.86 2703.13 2546.15 3777.63 5734.64 6505.26 5185.31 2591.39 3946.35 4610.69 833.847 1861.32 5801.49 3216.02 2647.64 3033.1 5589.17 3264.43 3448.19 3271.85 1468.2 3744.89 2342.33 2651.89 2653.77 1410.57 
9581.88 6645.36 6891.23 5983.85 2920.15 4116.92 10038.1 7457.35 4423.6 8524.06 6724.41 9170.98 6648.5 9361.44 9621.06 4411.18 7000.61 4487.86 7421.95 11802.7 10376.2 6777.47 6113.37 1162.11 5694.53 6775.29 11171.7 2196.59 4893.2 7012.94 819.878 8577.23 8746.62 7932.54 5929 3735.51 7487.7 2756.61 7537.04 4226.41 
5490.15 1408.01 7002.98 7649.33 9063.53 3930.2 7831.81 6706.71 4293.17 11837.3 1310.04 12275.5 7182.6 11332.1 5091.92 8334.71 8337.83 9339.06 653.911 7626.07 6250.51 8485.39 2206.17 8122.87 5211.99 7523.1 9056.81 6682.31 3767.82 3314.85 8730.02 5945.42 7848.73 4146.38 7443.39 8984.08 7551.49 6555.15 8104.32 5451.62 
7742.47 6796.51 4281.55 3110.02 1082.4 4613.95 7526.44 4984.78 3867.47 5455.14 6933.12 6092.95 3964.06 6215.14 7928.79 1278.83 4023.36 1521.18 7692.31 9664.31 8406.36 3752.57 5957.78 2008.23 3898.82 3991.12 8516.21 1862.07 4400.28 5910.69 2908.49 6457.86 6060.4 6434.79 3119.31 885.268 4752.79 1681.07 4660.04 2824.92 
5981.41 1248.68 7208.84 7758.67 8889.78 3631.89 8252.58 6971.32 4192.4 11951.5 1100.59 12413 7362.02 11535.3 5603.57 8297.81 8505.27 9273.02 360.694 8167.8 6765 8629.51 2170.83 7848.57 5334.01 7702.08 9497.6 6465.74 3694.24 3604.51 8404.3 6335.37 8173.09 4540.7 7554.14 8874.71 7788.1 6389.28 8323.39 5406.38 
5869.8 483.322 6381.93 6770.27 7629.92 2353.25 7878.69 6258.73 3006.29 10942.3 417.253 11434.2 6487.26 10662.2 5574.59 7132.38 7597.01 8078.45 1000.45 8199.09 6714.31 7683.7 1212.64 6569.67 4405.83 6821.91 9162.89 5194.32 2548.76 3085.85 7135.11 5919.77 7564.77 4205.76 6570.01 7649.44 7008.03 5138.02 7504.35 4256.07 
7520.91 6516.27 4131.92 3009.87 1328.34 4348.15 7376.53 4817.98 3586.03 5587.07 6653.31 6218.85 3825.98 6272.14 7697.08 1312.44 3962.44 1731.04 7412.37 9474.39 8197.52 3709.41 5676.31 2001.92 3652.68 3874.75 8391.81 1643.05 4118.69 5642.56 2942.72 6256.2 5934.48 6186 3001.67 1146.21 4630.39 1416.51 4570.83 2548.67 
6864.76 3271.85 5406.26 5155.98 4704.73 740 8008.85 5670.67 1575.82 8966.66 3360.13 9544.8 5330.94 9152.19 6784.05 4723.82 6184.96 5482.93 4081.04 9232.75 7722.19 6129.45 2748.98 3488.91 3529.55 5599.15 9275.48 2236.6 1815.71 3982.07 4060.44 6212.03 7102.11 5079.47 4998.08 4917.17 6095.55 2369.07 6404.88 2380.19 
7971.61 9082.04 4046.23 2838.05 3513.7 7388.48 6674.88 4778.21 6236.7 2182.15 9240.48 2827.81 3698.18 3288.24 8329.48 2246.62 2811.14 1860.03 9962.66 9218.11 8357.33 2463.43 8150.81 5181.17 5153.53 3450.58 7237.47 5036.07 6668.88 7332.24 5927.6 6496.04 5089.32 7325.48 3029.52 2610.94 4026.57 4664.51 3551.3 4971.09 
3440.71 5945.77 509.902 1855.4 5760.95 5500.04 2815.17 262.488 4061.77 5381.77 6110.72 5699.59 876.641 4577.39 3796.76 3798.12 1824.97 4752.9 6678.03 4985.5 3895.25 2117.47 5058.35 6372.48 2060.22 1083.74 3926.23 5073.26 4141.35 3472.3 7358.4 1971.62 1563.2 3009.62 1739.54 4986.48 773.369 4499.79 1352.81 3279.83 
5202.47 8797.55 2829.31 3247.85 6992.03 8244.91 2981.71 2881.06 6803.31 3783.38 8961.77 3791.79 2862.11 2255.68 5685.7 4958.92 2211.09 5485.23 9507.81 5545.9 5192.34 2455.22 7916.92 8158.07 4854.12 2602.33 3116.42 7210.84 6950.41 6256.33 9104.12 3931.37 1845.05 5559.89 3337.93 6042.68 2151.95 6647.83 1790.45 5820.01 
5105.29 8260.27 2198.29 2483.95 6245.01 7568.97 3180.77 2406.7 6133.13 3554.39 8425.89 3693.81 2173.48 2334.31 5563.86 4201.95 1442.22 4768 9004.19 5780.7 5224.22 1691.98 7359.42 7389.99 4225.38 1886.8 3587.76 6448.29 6312.19 5793.79 8337.7 3725.08 1744.51 5212.76 2581.18 5302.12 1565.89 5887.43 1094.44 5106.62 
5387.81 6715.91 1463.28 166.433 4010.05 5486.89 4562.28 2233.76 4123.4 4030.91 6880.44 4507.29 1096.59 3886.66 5710.71 1952.56 994.636 2811.49 7560.17 6917.14 5868.37 858.429 5775.09 4981.98 2602.1 970.618 5456.78 4024.92 4439.28 4711.23 5944.27 3934.68 3020.6 4646.91 372.022 3142.01 1725.14 3471.96 1566.05 2931.64 
9194.05 8247.38 5548.13 4257.38 588.303 5943.48 8750.42 6293.21 5353.22 5391.29 8377.05 6039.88 5201.59 6550.49 9406.08 2249.56 4986.55 1562.47 9136.22 11014.9 9820.24 4659.97 7438.88 2289.74 5415.03 5156.44 9636.06 3057.61 5892.93 7450.43 2777.23 7858.63 7214 7951.08 4321.87 1053.94 5918.22 3076.9 5707.48 4360.33 
5708.46 8369.15 2312.49 2119.46 5572.15 7428.73 3958.28 2749.35 6021.03 2884.34 8535.58 3124.63 2156.04 2024.67 6143.7 3573.02 1086.69 4035.55 9156.84 6552.22 5906.89 1171.54 7444.9 6827.39 4237.84 1819.7 4408.55 6016.31 6266.16 6035.11 7751.18 4272.86 2445.24 5598.66 2268.74 4614.17 1842.53 5475.37 1248.08 4897.4 
6111.91 8629.86 2624.52 2234.86 5411.28 7586.31 4363.27 3114.48 6198.52 2482.84 8796.19 2751.87 2428.87 1791.09 6543.31 3466.55 1290.04 3827.53 9432.31 6959.32 6318.05 1259.6 7699.25 6746.33 4482.32 2088.3 4776.71 6025.19 6471.58 6350.07 7649.56 4669.99 2857.01 5957.56 2406.51 4445.68 2209.12 5500 1612.45 5037.24 
5651.07 7194.67 1715.72 638.905 4120.29 5957.16 4606.79 2460.33 4601.97 3556.92 7359.42 4026.16 1366.24 3425.84 6000.04 2058.01 751.665 2767.96 8035.92 7045.77 6077.05 474.342 6254.12 5234.83 3070.44 1131.11 5406.31 4383.16 4921.64 5151.02 6178.36 4180.19 3025.57 5025.58 842.2 3203.39 1796.27 3845.2 1476.35 3400.26 
5219.82 2164.53 4460.25 4632.2 5551.95 1221.88 6613.46 4521.34 782.943 8760.37 2308.87 9273.73 4493.61 8605.98 5106.9 4902.3 5535.86 5864.41 3063.41 7607.96 6086.64 5578.83 1327.74 4765.18 2430.74 4811.75 7905.55 3231.87 344.384 2285.8 5507.18 4722.3 5931.42 3417.84 4439.21 5472.92 5132.77 3045.87 5559.25 2022.99 
5236.89 1464.14 6842.02 7524.75 9056.47 3996.06 7596.27 6524.42 4268.08 11706.2 1392.62 12135.1 7031.43 11167.6 4834.14 8269.04 8189.52 9284.33 840.238 7362.1 5991.64 8345.89 2178.62 8163.54 5088.42 7371.53 8815 6699.14 3734.72 3134.23 8794.46 5720.98 7643.91 3923.79 7318.61 8948.59 7378.2 6549.41 7936.8 5396.76 
5985.06 1284.56 5809.83 6019.85 6573.92 1277.69 7710.93 5806.75 2091.24 10136.5 1354.47 10656.1 5862.85 9991.24 5769.45 6183.61 6919.78 7093.46 2066.2 8373.42 6854.12 6966.56 1126.06 5493.07 3782.17 6185.61 9008.32 4126.8 1731.85 3018.11 6070.53 5765.14 7185.8 4209.33 5827.15 6631.9 6471.12 4096.49 6919.48 3357.53 
7746.65 9568.31 3977.3 3040.95 4669.78 8110.32 6115.69 4617.36 6850.73 1209.34 9731.53 1796.22 3680.57 2121.32 8151.77 3170.52 2581.05 3001.67 10423.5 8709.33 8017.06 2312.62 8627.44 6290.07 5477.59 3370.01 6498.88 5988.33 7228.06 7563.45 7071.81 6278.09 4590.04 7368.48 3247.11 3742.04 3756.94 5559.32 3193.12 5594.73 
6427.95 1516.11 6206.13 6360.7 6672.61 1314.84 8157.38 6226.85 2391.4 10443.2 1541.46 10974.5 6245.68 10350.9 6205.56 6414.12 7283.58 7288.71 2168.16 8813.85 7296.09 7316.65 1551.93 5488.94 4175.8 6564.03 9454.87 4205.95 2095.04 3465.62 6002.57 6213.03 7614.12 4656.11 6171.71 6792.72 6873.46 4235.95 7309.53 3644.46 
4904.86 7842.97 1764.77 2059.34 5906.99 7118.48 3182.77 2043.55 5683.56 3690.88 8008.9 3900.83 1723.86 2652.79 5346.19 3848.96 1048.09 4480.68 8597.82 5765.34 5094.8 1341.83 6936.38 6996.38 3785.41 1435.03 3746.26 6019.73 5868.05 5408.82 7951.78 3481.74 1640.12 4882.15 2145.6 4977.49 1164 5455.87 648.46 4655.2 
8051.05 8810.82 4111.22 2821.1 2948.22 7011.28 6922.43 4868.06 5921.12 2733.59 8966.21 3382.13 3750.12 3836.93 8383.73 1832.21 3001.37 1303.84 9699.81 9424.97 8488.92 2641.7 7889.26 4630.01 4998.92 3541.89 7564.19 4558.17 6377.09 7196.9 5364.11 6585.95 5328.46 7281.79 2994.21 2056.23 4185.24 4219 3764.31 4664.95 
6650.09 9703.41 3622.21 3441.93 6492.5 8777.63 4526.37 3953.24 7374.61 2283.55 9869.78 2245.11 3498.24 757.166 7118.27 4626.5 2438.13 4855.56 10478.3 7092.33 6704.7 2469.51 8784.15 7910.46 5585.81 3166.28 4598.31 7241.77 7621.55 7313.91 8791.63 5295.89 3264.97 6782.58 3604.11 5525.52 3070.65 6720.6 2510.08 6238.02 
2912.34 2495.96 4582.14 5487.67 7912.05 4007.69 5128.31 4153.37 3383.78 9562.9 2614.44 9934.57 4827.8 8846.13 2603.11 6658.3 5982.05 7729.15 2849.3 5228 3745.85 6190.48 2119.36 7492 3180.02 5158.3 6369 5898.92 2901.93 982.7 8316.85 3236.31 5182.78 1439.24 5286.09 7563.4 5041.72 5553.89 5623.85 4063.56 
6640.03 7790.64 2700.02 1445.54 3458.24 6275.39 5563.86 3454.19 5024.67 3044.16 7951.96 3610.24 2341.37 3430.71 6979.29 1538.83 1637.19 1924.63 8659.34 8033.06 7075.37 1279.06 6852.52 4820.66 3783.36 2127.63 6290.85 4264.33 5417.13 5947.94 5704.85 5172.79 3972.12 5933.34 1635.15 2495.62 2784.31 3793.18 2403.37 3764.31 
8822.61 7997.66 5167.36 3877.64 528.11 5742.82 8370.54 5912.77 5082.4 5176.04 8130.93 5826.26 4820.84 6265.56 9039.3 1869.36 4617.46 1240.85 8890.54 10634.9 9444.12 4294.24 7172.2 2319.76 5063.33 4776.96 9261.06 2880.62 5618.43 7120.85 2925.54 7481.93 6836.17 7597.43 3941.22 674.24 5539.21 2837.9 5334.01 4049.75 
6742.73 5346.3 3802.17 2989.31 2401.04 3223.86 6960.78 4374.77 2420.43 6336.1 5483.36 6938.78 3568.81 6745.38 6862.25 2024.25 4044.6 2789.59 6242.39 8843.38 7480.59 3878.66 4510.54 2258.58 2795.89 3717.69 8082.1 975.141 2956.7 4601.96 3234.27 5599.16 5657.85 5265.79 2902.43 2300.98 4409.67 431.045 4503.09 1479.59 
3278.67 4405.56 1692.57 2501.86 5563.43 4050.98 3810.77 1576.86 2648.85 6590.37 4571.31 6989.97 1873.95 6022 3447.46 3922.16 3034.49 4990.04 5164.43 5386.58 4002.32 3214.42 3507.21 5727.52 734.098 2213.26 5069.13 4233.82 2640.68 2074.25 6688.53 2157.24 2980.27 2055.48 2303.13 4989.77 2290.26 3706.01 2807.94 2203.2 
2090.29 3350.1 3807.28 4841.99 7677.77 4436.96 4173.37 3299.59 3520.26 8804.93 3484.15 9143.46 4087.95 7991.38 1886.8 6225.57 5218.78 7300.75 3788.68 4474.93 2956.55 5457.15 2798.66 7477.97 2740.02 4404.78 5424.07 5885.39 3131.68 955.249 8362.31 2275.28 4246.34 483.735 4648.55 7222.77 4202.68 5467.62 4794.88 3902.42 
8100.38 6637.27 4829.96 3735.91 1047.85 4311.16 8069.45 5497.64 3783.19 6153.25 6763.27 6794.64 4533.45 6939.57 8248.74 1996.85 4691.63 2157.13 7521.3 10115 8804.71 4436.06 5852.11 1287.87 4178.52 4594.19 9103.55 1428.88 4326.4 6044.52 2214.16 6881.51 6646.78 6684.68 3722 1432.65 5345.97 1479.59 5298.23 2921.81 
6330.01 10006.6 3983.63 4173.46 7569.65 9359.51 3945.54 4096.83 7925.18 3339.24 10171.3 3146.68 3965.48 1547.38 6822.68 5628.94 3111.3 5961.78 10725.4 6389.41 6234.72 3258.5 9118.46 8903 6013.65 3671.43 3730.44 8105.71 8103.59 7478.19 9812.98 5119.53 3035.34 6777.03 4300.01 6602.52 3327.73 7560.34 2887.35 6880.77 
1555.63 6422.25 3056.55 4396.59 8294.44 6943.38 1086.32 2295.78 5653.29 7246.94 6565.15 7389.68 3417.6 5937.76 2057.98 6354.37 4081.67 7302.29 6898.54 2429.18 1523.98 4433.01 5749.24 8753.06 3858 3546.83 2314.65 7322.74 5496.26 3786.4 9731.07 1019.51 1957.27 2666.78 4293.31 7540.72 2873.88 6774.32 3352.52 5322.41 
1306.14 6633.92 3906.21 5249.38 9114.97 7433.98 1492.15 3140.35 6217.95 8039.11 6764.91 8151.63 4269.19 6659.8 1761.73 7195.61 4936.6 8153.54 7011.21 1603.78 820.061 5289.23 6053.45 9508.42 4540.42 4404.77 2388.39 8042.79 6002.21 4099.41 10480.1 1655.6 2755.3 2913.43 5141.64 8377.86 3731.86 7506.54 4201.45 6011.76 
1960.1 3481.05 4369.36 5453.88 8324.34 4886.15 4330.74 3808.02 4080.75 9356.41 3594.77 9672.98 4666.69 8469.91 1618.3 6872.85 5778.34 7947.69 3771.6 4240.58 2770.51 6031.65 3087.3 8092.49 3390.13 4974.37 5524.96 6496.96 3656.24 1486.07 8964.29 2560.2 4619.66 975.756 5263.66 7873.07 4714.95 6092.77 5311.29 4535.42 
3192.32 7305.37 2222.66 3372.49 7423.4 7255.36 1196.41 1717.12 5841.32 5600.36 7462.82 5712.38 2501.38 4245.39 3680.49 5377.29 2740.46 6196.3 7921.52 3766.3 3200.25 3100.15 6500.35 8198.25 3845.84 2474.13 2070.87 6947.19 5841.73 4654.08 9182.86 2012.29 408.167 3766.06 3339.01 6568.04 1708.36 6371.82 1973.85 5153.49 
