80 40 25
777 335 649 27 763 426 211 429 862 135 22 167 11 373 784 324 413 980 862 281 84 505 313 895 814 364 87 178 403 399 676 12 94 570 467 902 652 280 865 619 
4400 7290 310 1170 970 7710 4810 6750 7090 9270 5670 8560 4970 3530 5860 9650 3060 6830 2190 6240 5280 8710 7320 8290 5030 
19 8 24 18 1 4 3 18 14 12 16 9 1 0 21 4 18 18 4 18 13 4 13 17 18 15 0 5 11 17 7 23 3 21 22 5 5 20 1 8 8 12 11 4 21 6 19 24 21 13 20 9 9 11 6 12 22 11 12 13 5 21 11 5 0 20 19 5 22 0 24 23 15 9 11 19 19 0 17 18 
530182 772431 169800 151119 521422 678174 380825 221822 537018 334978 789074 366531 151238 267030 571316 316526 45044.4 377180 851834 635912 558099 65368.2 679777 635693 358710 117324 444357 545809 561231 542362 730142 383725 222396 504668 164305 427787 132608 490597 74732.9 425837 
639015 495186 362416 294822 282110 290725 672060 414654 201467 651915 509156 710697 342257 682092 649367 227702 401123 312605 584953 852855 714370 388021 410466 258496 244364 360472 787200 112894 254686 418918 354244 528782 547391 487853 283558 268412 426038 56586.2 440729 107201 
444002 138062 470596 520525 672408 224475 624135 455544 193507 939822 154693 986083 483423 901417 423132 585411 596632 687258 219317 682939 530928 608054 50358.7 602098 278352 517264 753484 447161 139230 148277 676805 428299 586233 266895 500069 655668 531791 423891 582773 298814 
143680 672093 381047 515007 904098 746590 132019 304910 623077 788495 685414 799186 417138 649537 190539 710752 481120 805597 711512 167705 99201.8 516550 612283 946482 451852 429684 223652 801167 602904 416293 1.04392e+06 163028 260693 298391 504723 829299 361248 747092 407070 598949 
631668 238076 538697 535956 547154 15811.4 770560 553130 141230 935387 247130 990437 537201 937506 618463 524314 633610 609361 319920 870909 718579 633085 189476 435726 339147 567060 899394 301015 136125 335412 495122 582808 695691 451136 518168 558716 607277 302888 645152 257187 
160963 427984 290496 407545 733368 491955 317238 230671 375755 786787 442634 817267 322318 696521 168861 568117 430308 674072 480526 393634 243742 457280 359707 738756 238321 351484 445220 583561 349857 163306 832317 122577 316746 59682.5 389759 676504 321286 534970 380963 377890 
705025 449138 476643 420171 327844 208147 772371 520402 189423 771760 460487 831895 460369 808110 707221 339882 526380 407806 535494 931427 786080 514191 379033 226566 324201 481386 892639 81024.7 239927 446448 303942 612413 658727 537800 407962 348725 542900 98112.2 562411 178718 
859996 865047 471975 337380 191638 661447 774847 549102 570561 378442 879696 443384 435354 497784 888519 168122 383564 62649.8 954912 1.01703e+06 912089 348042 776364 368170 517537 421532 849415 391699 620841 735664 432782 717251 616263 761999 350274 119038 493207 369899 459831 451465 
260509 800201 496717 626828 1.02537e+06 884918 184358 424199 761853 847001 812754 847574 531154 689891 297042 826574 576556 915933 833010 94021.3 181334 612612 745325 1.07768e+06 588154 538005 182913 935361 741482 550753 1.17566e+06 300268 343494 431724 619190 946054 464040 880450 499973 734932 
494144 77336.9 532824 578261 703855 214730 684036 518768 225488 997128 93861.6 1.04455e+06 544737 962700 469256 631495 657123 730756 164012 731167 580280 667450 17204.7 619001 338053 578448 813030 469460 172931 205295 687215 488016 649268 321237 557951 694508 594577 453171 645061 342476 
543854 810264 203494 194023 554982 720573 375055 246343 579008 315626 826906 340847 189307 229611 586986 352121 88141.9 405558 888541 633569 565406 104120 718093 674523 398026 156080 426710 587777 602231 575410 768147 399696 221002 531266 207408 460109 155657 532857 96213.3 468706 
715489 361610 553263 519736 446817 108462 822260 583823 182538 891176 370066 950081 543530 916758 708798 462555 624087 533274 441453 951237 800756 616520 310337 317970 371598 569004 947931 201792 212151 430010 372022 645657 726509 537939 504896 473762 621901 222623 650062 247291 
660212 740074 268881 134952 304253 580056 572965 345951 458507 352870 756003 411001 232207 395001 691185 104403 187211 163371 827880 813089 709389 154156 646747 432685 348589 217568 654003 374092 499937 567866 522732 515637 415554 576102 150030 209898 289993 327246 261094 331904 
412698 599854 27658.6 112872 502309 523180 351950 100846 379158 496291 616497 534627 22803.5 439602 445220 305084 138852 401061 678677 573283 462391 159512 507687 570088 188854 56568.5 456806 447219 396561 371397 668596 267854 212850 347081 99724.6 423987 91782.4 389525 125419 283591 
683159 402061 481864 438244 375659 160153 766079 519311 154923 804866 413146 863873 468984 832714 682309 376630 543575 450156 487943 913534 765969 534268 334215 271002 314127 492546 888960 129077 201547 414403 343076 598695 660231 511626 424341 393514 549627 138708 573847 175960 
667171 878093 297069 223573 485989 753489 505199 356910 619718 203027 894625 244125 270512 195092 708316 302273 155913 322889 961252 763944 693343 135281 784166 629858 463816 237699 550328 572470 652228 663895 716694 520747 351172 636242 243430 389281 269164 523180 211747 497981 
631656 377669 436715 402449 390570 155589 715668 470979 108167 783164 390124 840524 425921 801110 631419 363127 506333 445907 465907 861701 714267 499545 302300 306491 263410 451040 839231 152329 158858 366285 385253 547011 612722 461010 387242 395790 505071 141326 532159 129988 
374363 914025 575083 698896 1.10282e+06 993866 250569 507711 867666 868254 926607 860285 607213 699687 410099 899764 635437 982748 946599 172931 294015 671059 858386 1.1671e+06 687554 608911 180854 1.02972e+06 849744 663231 1.26557e+06 403943 403967 544493 693851 1.01915e+06 532665 973732 559280 833031 
621911 413088 399805 357476 355557 202475 689231 439355 126143 734832 426395 792306 386514 754573 625500 315527 462252 400586 502355 847172 702340 454120 332453 291481 239827 410099 810558 131939 180400 371652 377719 527910 579331 457220 342987 353375 467360 104924 491395 95754.9 
467898 235593 395942 424223 558789 178600 603664 397669 85146.9 841259 251549 890484 401932 816882 458912 472547 509660 573283 323804 705931 554173 516551 142636 497953 193352 434577 732918 339991 38288.4 180069 578247 414609 537678 288617 404309 540833 462122 312079 507063 184491 
227695 312554 411709 512551 785504 438634 446287 362178 356477 911492 325228 945910 439118 831515 201162 645697 552794 753260 351552 463068 312771 576070 264426 758721 295975 471123 570148 599083 314102 97061.8 845385 258544 457073 80709.4 492979 743017 452355 559483 511469 404605 
873950 672037 564907 460831 145413 425920 887119 628666 403609 697672 683079 762287 536851 782545 885037 289588 558187 294335 757673 1.0832e+06 947828 533240 601652 39204.6 479150 545011 993735 148337 456986 647893 132740 758829 748484 723001 458210 219203 619271 183774 617246 341317 
34014.7 559904 425340 557431 916081 672591 267526 350001 565984 884882 571686 903230 461624 761757 52038.4 738366 549659 840788 588647 214107 64498.1 582516 512711 931125 428664 483004 366285 776918 535210 325719 1.02539e+06 178003 360569 209246 542905 852188 428169 727479 483182 571077 
831633 475943 632712 576254 404797 227059 921260 673374 297039 910043 482673 972044 617279 958718 827436 475980 682552 524585 550455 1.06483e+06 915796 669108 431885 243559 469294 638546 1.04388e+06 194031 332962 551294 271647 752734 813354 656270 564588 455581 699475 241100 719576 329619 
708363 755066 320214 185586 252539 579124 628182 397316 466640 365876 770611 427481 283651 430465 737629 68658.6 242887 107703 843976 866585 760124 209423 662942 391472 378930 271312 709801 350561 511786 599001 478093 565279 471110 615877 198295 156707 344804 309386 316891 340708 
162641 416530 301942 417354 738140 485956 328976 243282 372361 799000 431045 829873 333305 709717 166412 575256 442109 681535 468028 398016 247073 468700 349654 740316 241698 362861 456530 584377 344768 153062 833326 135093 330341 46141.1 399326 682663 333952 536554 393611 379057 
394635 338600 275986 318925 532989 286398 494065 276957 150479 738221 355203 784115 284529 701944 397454 406341 395779 512762 421228 624109 476598 406208 245204 512372 76609.4 317907 621933 354249 144125 164149 603195 313651 418019 230326 298402 494872 341369 309944 387769 152778 
253298 792526 523883 655735 1.05101e+06 889250 220484 449678 770211 887144 804490 888699 559035 731460 284164 854365 609944 945800 821005 52201.5 168514 645963 741939 1.09746e+06 602934 567789 225460 952494 747062 549676 1.19503e+06 314111 378144 430443 647148 973598 495104 898386 533646 750067 
853353 752354 498186 374037 31144.8 525179 821416 570812 462031 546206 765506 611138 464814 644002 872968 175727 456355 143283 841457 1.04134e+06 918229 426005 670774 192634 471103 463797 915478 238657 515912 672241 263919 722669 671018 724754 377943 69634.8 540374 235648 524948 362552 
693745 747407 305138 170511 264802 575407 613013 382251 460449 364940 763053 425699 268555 423212 723279 73006.8 228320 122801 836086 851374 745161 195167 654941 399722 367462 256082 695018 352955 504723 587553 487640 550436 456032 602685 183469 169614 329597 309968 302026 334117 
86648.7 560108 313536 446900 816854 629076 195226 237356 507351 772653 574003 792738 350069 654671 132593 632740 435839 733219 604948 266625 130924 468837 496695 845224 344398 370195 316639 695696 485684 300193 941523 66287.3 253308 184220 433263 748575 314306 643281 369500 491076 
348827 348794 259856 322025 568516 325498 453560 249147 194178 739032 365409 782060 274007 691527 352575 430409 388742 537760 426645 578236 430633 403053 258213 555446 82280 308026 582244 398152 181033 137928 647213 269700 386679 187385 301438 525095 321459 352230 372003 194340 
549459 762860 172540 123471 483257 657220 413011 234386 517936 327341 779475 364907 146986 281149 588778 278692 31384.7 339165 844126 665620 582031 28861.7 669481 599437 347697 113600 480817 513391 545162 541133 693382 401966 253728 511766 139463 389513 150083 458926 98858.5 402866 
576490 570629 237124 148637 306341 410078 560029 302538 286175 522067 586315 577530 209955 537584 597369 145344 254772 252517 659267 767294 641400 241033 478127 360800 205477 221894 666127 248387 328536 422238 459234 446319 421284 455923 139284 245231 293437 192003 299541 159552 
104690 604239 326725 461307 841215 671658 157471 249596 547943 766416 618052 783001 363373 640252 154858 652396 440018 750457 648069 233403 115156 474270 541097 876762 379033 380147 274634 729496 527830 344581 973725 91049.4 239585 228493 449169 769720 318057 676096 369846 526156 
474709 174413 448092 483530 612148 173971 633456 443086 132371 901399 190434 950007 456606 873330 459308 532977 566460 632870 262619 714413 561883 574718 81541.4 539912 247825 489781 763207 385064 78089.7 176491 615111 439969 579871 294279 463441 598411 512657 362802 560022 244199 
763273 489401 526339 460541 309613 239852 827162 573362 244624 791624 499610 853285 507963 839447 765405 357393 566740 411947 573331 989315 844233 551871 425206 182214 381072 527031 946177 75769.4 293157 503120 250880 669669 709975 595836 449961 346400 591346 122066 607421 234610 
565662 392227 353276 325498 387738 212876 635106 388012 97529.5 719651 406710 774796 343210 726540 569956 316413 427454 410742 482121 790607 645850 423019 305491 342113 184166 369135 757552 182779 149345 321442 431129 471645 529400 402505 309128 372336 421740 144392 450010 47000 
443353 511892 138654 144257 439386 410903 442652 184716 268002 563565 528411 610010 129314 534879 465099 267421 227759 374021 595668 637075 508615 233808 417938 478023 100000 158070 557374 342808 291405 316484 576303 314312 319776 330438 123746 376384 206770 285748 237217 168315 
604901 714228 212132 80156.1 353278 571545 515414 289014 442109 363420 730458 416573 175514 377737 637020 147299 133959 220411 800550 755190 652511 104101 620249 468450 311006 159703 598459 392046 479153 527266 561729 459514 358491 527540 97672.9 261630 232166 340530 205380 317448 
595552 156259 557197 573266 623570 97020.6 758489 560389 177800 983108 165076 1.03565e+06 561001 971796 576657 585226 664959 675663 238160 835103 682719 668588 120615 517357 354158 592839 888217 379179 145962 297015 577055 565279 699861 416160 554239 629229 624079 375659 667428 304095 
374001 349185 261358 312815 545011 307903 472017 258118 172812 731498 365826 776091 272208 690192 378114 411306 385203 518348 429829 602438 455397 397373 256759 529967 69202.6 305949 600051 372602 164779 156349 621662 291302 398246 212720 292205 503526 325443 326841 373530 169000 
70214 474979 412317 537894 873066 594607 323989 342462 495036 894687 486763 918769 446912 785493 36891.7 706135 546452 811382 504670 298216 149282 576710 429111 874443 377115 472705 435295 717541 460566 246223 966603 180710 386063 135591 521311 815724 428805 670835 487155 513024 
450126 488723 165747 166964 432297 382832 463366 207183 240142 585773 505170 633455 157458 561413 469086 270313 254615 377763 573464 650526 518531 259139 394635 461069 83384.7 186132 580149 321602 264764 303310 558917 326443 344819 327185 146820 374489 234233 265189 265377 141057 
958188 664536 689123 598385 292015 411692 1.00381e+06 745735 442360 852406 672441 917098 664850 936144 962106 441118 700061 448786 742195 1.18027e+06 1.03762e+06 677747 611337 116211 569453 677529 1.11717e+06 219659 489320 701294 81987.8 857723 874662 793254 592900 373551 748770 275661 753704 422641 
549015 140801 700298 764933 906353 393020 783181 670671 429317 1.18373e+06 131004 1.22755e+06 718260 1.13321e+06 509192 833471 833783 933906 65391.1 762607 625051 848539 220617 812287 521199 752310 905681 668231 376782 331485 873002 594542 784873 414638 744339 898408 755149 655515 810432 545162 
774247 679651 428155 311002 108240 461395 752644 498478 386747 545514 693312 609295 396406 621514 792879 127883 402336 152118 769231 966431 840636 375257 595778 200823 389882 399112 851621 186207 440028 591069 290849 645786 606040 643479 311931 88526.8 475279 168107 466004 282492 
598141 124868 720884 775867 888978 363189 825258 697132 419240 1.19515e+06 110059 1.2413e+06 736202 1.15353e+06 560357 829781 850527 927302 36069.4 816780 676500 862951 217083 784857 533401 770208 949760 646574 369424 360451 840430 633537 817309 454070 755414 887471 778810 638928 832339 540638 
586980 48332.2 638193 677027 762992 235325 787869 625873 300629 1.09423e+06 41725.3 1.14342e+06 648726 1.06622e+06 557459 713238 759701 807845 100045 819909 671431 768370 121264 656967 440583 682191 916289 519432 254876 308585 713511 591977 756477 420576 657001 764944 700803 513802 750435 425607 
752091 651627 413192 300987 132834 434815 737653 481798 358603 558707 665331 621885 382598 627214 769708 131244 396244 173104 741237 947439 819752 370941 567631 200192 365268 387475 839181 164305 411869 564256 294272 625620 593448 618600 300167 114621 463039 141651 457083 254867 
686476 327185 540626 515598 470473 74000 800885 567067 157582 896666 336013 954480 533094 915219 678405 472382 618496 548293 408104 923275 772219 612945 274898 348891 352955 559915 927548 223660 181571 398207 406044 621203 710211 507947 499808 491717 609555 236907 640488 238019 
797161 908204 404623 283805 351370 738848 667488 477821 623670 218215 924048 282781 369818 328824 832948 224662 281114 186003 996266 921811 835733 246343 815081 518117 515353 345058 723747 503607 666888 733224 592760 649604 508932 732548 302952 261094 402657 466451 355130 497109 
344071 594577 50990.2 185540 576095 550004 281517 26248.8 406177 538177 611072 569959 87664.1 457739 379676 379812 182497 475290 667803 498550 389525 211747 505835 637248 206022 108374 392623 507326 414135 347230 735840 197162 156320 300962 173954 498648 77336.9 449979 135281 327983 
520247 879755 282931 324785 699203 824491 298171 288106 680331 378338 896177 379179 286211 225568 568570 495892 221109 548523 950781 554590 519234 245522 791692 815807 485412 260233 311642 721084 695041 625633 910412 393137 184505 555989 333793 604268 215195 664783 179045 582001 
510529 826027 219829 248395 624501 756897 318077 240670 613313 355439 842589 369381 217348 233431 556386 420195 144222 476800 900419 578070 522422 169198 735942 738999 422538 188680 358776 644829 631219 579379 833770 372508 174451 521276 258118 530212 156589 588743 109444 510662 
538781 671591 146328 16643.3 401005 548689 456228 223376 412340 403091 688044 450729 109659 388666 571071 195256 99463.6 281149 756017 691714 586837 85842.9 577509 498198 260210 97061.8 545678 402492 443928 471123 594427 393468 302060 464691 37202.2 314201 172514 347196 156605 293164 
919405 824738 554813 425738 58830.3 594348 875042 629321 535322 539129 837705 603988 520159 655049 940608 224956 498655 156247 913622 1.10149e+06 982024 465997 743888 228974 541503 515644 963606 305761 589293 745043 277723 785863 721400 795108 432187 105394 591822 307690 570748 436033 
570846 836915 231249 211946 557215 742873 395828 274935 602103 288434 853558 312463 215604 202467 614370 357302 108669 403555 915684 655222 590689 117154 744490 682739 423784 181970 440855 601631 626616 603511 775118 427286 244524 559866 226874 461417 184253 547537 124808 489740 
611191 862986 262452 223486 541128 758631 436327 311448 619852 248284 879619 275187 242887 179109 654331 346655 129004 382753 943231 695932 631805 125960 769925 674633 448232 208830 477671 602519 647158 635007 764956 466999 285701 595756 240651 444568 220912 550000 161245 503724 
565107 719467 171572 63890.5 412029 595716 460679 246033 460197 355692 735942 402616 136624 342584 600004 205801 75166.5 276796 803592 704577 607705 47434.2 625412 523483 307044 113111 540631 438316 492164 515102 617836 418019 302557 502558 84220 320339 179627 384520 147635 340026 
521982 216453 446025 463220 555195 122188 661346 452134 78294.3 876037 230887 927373 449361 860598 510690 490230 553586 586441 306341 760796 608664 557883 132774 476518 243074 481175 790555 323187 34438.4 228580 550718 472230 593142 341784 443921 547292 513277 304587 555925 202299 
523689 146414 684202 752475 905647 399606 759627 652442 426808 1.17062e+06 139262 1.21351e+06 703143 1.11676e+06 483414 826904 818952 928433 84023.8 736210 599164 834589 217862 816354 508842 737153 881500 669914 373472 313423 879446 572098 764391 392379 731861 894859 737820 654941 793680 539676 
598506 128456 580983 601985 657392 127769 771093 580675 209124 1.01365e+06 135447 1.06561e+06 586285 999124 576945 618361 691978 709346 206620 837342 685412 696656 112606 549307 378217 618561 900832 412680 173185 301811 607053 576514 718580 420933 582715 663190 647112 409649 691948 335753 
774665 956831 397730 304095 466978 811032 611569 461736 685073 120934 973153 179622 368057 212132 815177 317052 258105 300167 1.04235e+06 870933 801706 231262 862744 629007 547759 337001 649888 598833 722806 756345 707181 627809 459004 736848 324711 374204 375694 555932 319312 559473 
642795 151611 620613 636070 667261 131484 815738 622685 239140 1.04432e+06 154146 1.09745e+06 624568 1.03509e+06 620556 641412 728358 728871 216816 881385 729609 731665 155193 548894 417580 656403 945487 420595 209504 346562 600257 621303 761412 465611 617171 679272 687346 423595 730953 364446 
490486 784297 176477 205934 590699 711848 318277 204355 568356 369088 800890 390083 172386 265279 534619 384896 104809 448068 859782 576534 509480 134183 693638 699638 378541 143503 374626 601973 586805 540882 795178 348174 164012 488215 214560 497749 116400 545587 64846 465520 
805105 881082 411122 282110 294822 701128 692243 486806 592112 273359 896621 338213 375012 383693 838373 183221 300137 130384 969981 942497 848892 264170 788926 463001 499892 354189 756419 455817 637709 719690 536411 658595 532846 728179 299421 205623 418524 421900 376431 466495 
665009 970341 362221 344193 649250 877763 452637 395324 737461 228355 986978 224511 349824 75716.6 711827 462650 243813 485556 1.04783e+06 709233 670470 246951 878415 791046 558581 316628 459831 724177 762155 731391 879163 529589 326497 678258 360411 552552 307065 672060 251008 623802 
291234 249596 458214 548767 791205 400769 512831 415337 338378 956290 261444 993457 482780 884613 260311 665830 598205 772915 284930 522800 374585 619048 211936 749200 318002 515830 636900 589892 290193 98270 831685 323631 518278 143924 528609 756340 504172 555389 562385 406356 
664003 779064 270002 144554 345824 627539 556386 345419 502467 304416 795196 361024 234137 343071 697929 153883 163719 192463 865934 803306 707537 127906 685252 482066 378336 212763 629085 426433 541713 594794 570485 517279 397212 593334 163515 249562 278431 379318 240337 376431 
882261 799766 516736 387764 52811 574282 837054 591277 508240 517604 813093 582626 482084 626556 903930 186936 461746 124085 889054 1.06349e+06 944412 429424 717220 231976 506333 477696 926106 288062 561843 712085 292554 748193 683617 759743 394122 67424 553921 283790 533401 404975 
674273 534630 380217 298931 240104 322386 696078 437477 242043 633610 548336 693878 356881 674538 686225 202425 404460 278959 624239 884338 748059 387866 451054 225858 279589 371769 808210 97514.1 295670 460196 323427 559916 565785 526579 290243 230098 440967 43104.5 450309 147959 
327867 440556 169257 250186 556343 405098 381077 157686 264885 659037 457131 698997 187395 602200 344746 392216 303449 499004 516443 538658 400232 321442 350721 572752 73409.8 221326 506913 423382 264068 207425 668853 215724 298027 205548 230313 498977 229026 370601 280794 220320 
209029 335010 380728 484199 767777 443696 417337 329959 352026 880493 348415 914346 408795 799138 188680 622557 521878 730075 378868 447493 295655 545715 279866 747797 274002 440478 542407 588539 313168 95524.9 836231 227528 424634 48373.5 464855 722277 420268 546762 479488 390242 
810038 663727 482996 373591 104785 431116 806945 549764 378319 615325 676327 679464 453345 693957 824874 199685 469163 215713 752130 1.0115e+06 880471 443606 585211 128787 417852 459419 910355 142888 432640 604452 221416 688151 664678 668468 372200 143265 534597 147959 529823 292181 
633001 1.00066e+06 398363 417346 756965 935951 394554 409683 792518 333924 1.01713e+06 314668 396548 154738 682268 562894 311130 596178 1.07254e+06 638941 623472 325850 911846 890300 601365 367143 373044 810571 810359 747819 981298 511953 303534 677703 430001 660252 332773 756034 288735 688077 
155563 642225 305655 439659 829444 694338 108632 229578 565329 724694 656515 738968 341760 593776 205798 635437 408167 730229 689854 242918 152398 443301 574924 875306 385800 354683 231465 732274 549626 378640 973107 101951 195727 266678 429331 754072 287388 677432 335252 532241 
130614 663392 390621 524938 911497 743398 149215 314035 621795 803911 676491 815163 426919 665980 176173 719561 493660 815354 701121 160378 82006.1 528923 605345 950842 454042 440477 238839 804279 600221 409941 1.04801e+06 165560 275530 291343 514164 837786 373186 750654 420145 601176 
196010 348105 436936 545388 832434 488615 433074 380802 408075 935641 359477 967298 466669 846991 161830 687285 577834 794769 377160 424058 277051 603165 308730 809249 339013 497437 552496 649696 365624 148607 896429 256020 461966 97575.6 526366 787307 471495 609277 531129 453542 
319232 730537 222266 337249 742340 725536 119641 171712 584132 560036 746282 571238 250138 424539 368049 537729 274046 619630 792152 376630 320025 310015 650035 819825 384584 247413 207087 694719 584173 465408 918286 201229 40816.7 376606 333901 656804 170836 637182 197385 515349 
