90 45 12
777 335 649 27 763 426 211 429 862 135 22 167 11 373 784 324 413 980 862 281 84 505 313 895 814 364 87 178 403 399 676 12 94 570 467 902 652 280 865 619 31 771 709 856 586 
9650 3060 6830 2190 6240 5280 8710 7320 8290 5030 190 2700 
0 4 11 2 11 8 2 2 10 3 1 4 4 6 7 3 8 0 4 5 4 0 9 8 11 4 6 2 2 1 4 2 3 4 10 1 5 4 5 6 9 0 11 8 11 1 3 11 9 2 2 10 6 9 6 4 9 6 9 1 7 7 11 11 10 10 1 4 2 2 2 2 2 3 7 11 8 4 4 5 1 6 10 8 0 4 6 1 1 6 
367.241 221.208 391.68 454.948 656.247 279.551 536.411 370.815 199.251 873 237.508 916.415 407.806 824.471 352.115 544.546 522.947 650 294.054 606.964 454.433 537.403 138.708 609.493 211.603 441.862 665.92 450.245 153.496 69.0652 692.243 340.846 498.964 186.979 434.333 627.195 450.122 416.773 503.15 271.665 268.365 855.105 230.497 264.32 419.005 
250.711 766.006 385.467 512.191 914.248 818.086 64.2573 316.863 686.619 729.464 780.023 732.673 418.493 577.008 298.518 712.845 457.2 799.471 810.665 201.099 202.428 493.238 700.213 976.139 500.49 422.573 115.551 839.453 673.25 503.754 1074.61 226.296 223.672 390.001 505.914 832.409 347.333 783.246 380.518 644.596 298.613 699.732 353.362 811.002 563.341 
682.72 623.308 338.87 229.124 199.449 426.484 663.323 407.657 328.818 526.031 637.942 587.006 308.457 576.222 702.2 93.6483 327.771 179.388 713.182 874.474 748.578 304.897 535.014 267.884 302.152 314.201 765.278 192.512 379.237 510.069 364.446 553.657 519.562 555.645 227.035 148.973 389.371 148.93 385.539 211.287 515.694 522.403 451.297 446.279 162.188 
76.4788 481.331 433.896 559.804 894.519 608.922 334.763 363.6 512.291 914.822 492.59 938.271 468.603 803.831 30.0666 728.097 567.536 833.382 507.276 290.837 146.055 597.997 439.191 894.452 398.167 494.191 442.386 737.207 476.59 260.555 986.246 200.032 403.547 153.688 543.266 837.542 449.441 690.959 507.568 533.079 192.315 889.119 247.823 593.205 569.86 
398.02 616.702 8.06226 132.816 529.87 549.466 323.037 79.7621 405.183 492.724 633.321 527.828 34.9285 425.029 433.042 330.248 134.239 423.341 693.653 549.313 443.221 160.649 525.519 600.816 210.851 55.3173 426.075 478.524 420.115 380.447 699.28 251.241 181.695 346.192 122.984 449.628 62.1289 420.83 104.202 313.107 248.6 470.664 213.009 553.665 179.301 
161.4 688.675 383.099 516.42 908.277 760.135 119 307.695 635.324 781.09 702.084 790.496 418.868 639.641 208.166 713.393 478.968 807.034 728.703 165.496 113.952 514.612 628.067 953.798 461.446 430.081 206.17 809.707 616.157 431.854 1051.46 173.217 255.008 314.384 506.759 832.265 360.169 755.238 404.183 608.383 239.767 752.235 302.597 750.784 557.23 
430.228 779.187 193.166 266.511 664.447 734.091 236.932 187.387 589.764 438.622 795.55 451.648 204.783 310.229 477.017 457.755 178.281 527.418 849.293 496.533 439.51 211.783 691.99 763.067 391.594 186.097 291.548 654.523 600.9 523.717 860.07 296.22 92.1141 454.688 270.12 573.474 124.258 597.135 110.136 499.151 336.823 410.104 337 737.052 337.676 
851.942 685.829 527.549 417.484 98.4937 446.43 851.474 594.193 406.399 643.529 697.789 708.139 497.86 729.595 865.837 238.757 511.974 240.277 773.217 1055.09 923.191 485.709 610.532 93 458.656 503.695 954.839 158.24 460.626 640.054 179.778 731.465 709.146 707.719 416.432 165.221 578.993 177.181 573.562 328.672 686.295 647.563 619.427 472.036 351.753 
604.745 95.6713 702.636 751.26 850.54 321.834 823.787 683.141 385.099 1170.05 79.2465 1217.54 716.126 1134.09 569.495 797.16 829.325 893.166 35.3553 828.908 685.482 840.238 189.763 743.454 510.633 749.989 949.933 606.993 337.024 351.141 797.898 629.96 807.478 452.134 730.953 851.515 762.493 601.154 814.632 508.476 561.55 1154.55 537.398 295.163 702.217 
667.791 707.2 285.044 152.069 260.432 535.905 600.701 361.565 420.107 401.278 722.82 460.926 249.088 449.004 695.531 54.3783 226.771 140.431 795.953 833.308 722.357 196.919 614.841 380.217 330.764 241.299 688.646 320.765 464.39 550.753 471.561 526.567 446.213 570.025 161.4 170.294 317.019 275.138 296.346 293.757 504.584 395.949 448.112 552.898 126.143 
478.619 153.574 648.741 722.025 893.135 401.628 715.52 614.2 413.237 1138.8 151.182 1180.38 668.996 1080.43 438.33 805.188 785.043 908.248 115.663 691.608 554.109 801.888 207.408 812.002 479.176 702.9 836.93 661.968 359.089 276.384 879.036 529.046 723.318 349.687 701.419 877.773 700.643 643.299 757.201 520.542 467.344 1120.04 459.353 375.213 686.246 
479.401 509.148 173.925 150.083 402.747 388.888 482.744 224.475 249.018 565.76 525.461 615.202 159.138 549.859 499.223 239.41 245.326 346.902 595.081 676.492 546.498 245.717 415.077 437.727 112.361 184.024 596.685 303.266 278.887 332.399 535.994 353.119 357.528 358.201 131.034 343.657 240.377 246.01 265.03 138.177 312.386 551.322 248.081 397.839 99.8599 
491.024 747.393 139.807 152.778 541.599 664.447 344.746 185.065 521.707 372.43 764.029 401.663 127.769 293.212 532.41 335.149 54.4885 403.555 825.177 598.286 518.868 88.0057 655.534 647.158 336.59 95.8801 414.093 548.862 542.677 511.649 743.006 344.78 185.586 469.297 161.623 449.862 94.8103 492.541 35.7351 415.65 361.813 347.943 338.024 671.345 228.473 
263.492 796.656 451.864 579.669 980.899 865.534 132.231 381.694 737.906 791.003 809.938 791.511 485.374 633.942 306.139 780.164 525.148 867.36 835.135 146.441 195.819 561.177 736.387 1039.45 557.216 490.196 133.222 900.385 721.086 540.107 1137.77 274.171 291.563 422.721 573.035 899.734 415.177 844.674 448.457 702.866 344.096 761.011 403.843 856.923 629.604 
739.268 1046.01 438.719 411.447 684.547 946.794 519.086 473.097 807.996 194.258 1062.65 170.485 424.802 15.2643 786.631 509.495 315.412 518.001 1124.2 771.986 741.296 314.014 953.705 835.675 632.987 391.22 513.191 779.976 834.56 808.81 920.184 605.743 400.762 755.952 428.843 588.884 384.667 729.812 328.123 691.7 641.081 165.36 629.403 956.715 482.162 
415.601 124.535 521.464 588.49 765.957 308.177 626.39 493.585 288.21 1006.43 136.938 1049.39 539.485 954.422 385.467 670.773 655.124 774.479 172.029 647.93 499.593 670.433 103.586 696.945 345.036 573.526 753.076 542.208 234.053 155.756 770.639 432.28 612.628 255.039 567.874 746.127 576.933 518.322 631.805 388.191 364.047 988.341 343.21 284.529 551.218 
907.317 1098.87 538.897 447.756 549.102 944.95 725.58 599.801 823.214 59.4643 1115.11 102.903 510.416 240.26 949.604 436.125 398.077 391.266 1184.91 985.37 928.246 373.472 1004.85 722.887 691.286 478.649 745.735 715.856 862.76 900.063 790.52 761.977 580.96 878.335 468.37 466.004 511.505 678.136 453.154 696.854 777.003 89.8443 745.077 961.141 492.219 
182.8 386.374 317.97 427.855 734.854 461.85 359.234 263.822 352.881 817.017 400.844 849.523 347.701 732.378 179.201 578.055 458.947 685.007 437.879 421.048 269.03 484.153 320.465 729.855 237.002 378.428 486.695 572.574 322.405 123.968 821.623 165.197 357.644 21.4709 409.181 682.807 354.401 526.454 413.853 368.543 100.648 794.22 111.826 449.539 424.209 
136.854 472.952 276.93 401.603 746.073 531.994 272.342 209.859 411.351 766.039 487.562 793.638 311.045 667.8 157.544 572.766 413.319 677.106 524.661 358.912 212.81 442.476 404.432 761.391 258.544 337.664 400.211 608.6 388.672 208.195 856.347 78.7464 280.032 101.193 385.105 684.485 298.859 558.044 358.236 402.836 34.1321 741.507 95.8541 522.18 413.541 
320.039 420.83 190 270.601 567.726 393.573 388.402 174.416 255.562 680.254 437.375 720.256 208.626 623.013 334.153 408.001 324.692 515.14 495.997 536.213 395.032 342.667 331.652 578.001 75.213 242.539 515.52 426.38 250.966 186.207 673.314 215.845 312.64 189.003 250.599 512.884 248.67 374.899 301.213 221.461 157.267 660.547 89.4986 390.95 256.301 
525.419 27.313 612.046 664.248 788.592 278.869 736.579 591.859 312.775 1083.5 29.6816 1129.92 626.231 1044.01 493.447 720.478 740.017 819.398 75.6902 755.275 608.482 751.833 106.231 695.59 422.153 660.17 863.681 550.436 261.174 260.969 758.517 541.791 716.595 365.724 643.817 782.081 671.45 537.767 723.915 431.394 472.458 1067.34 446.518 252.052 617.96 
600.262 480.942 326.087 267.092 310.006 293.061 633.202 376.303 186.432 640.647 495.55 697.782 307.561 660.996 611.383 228.127 373.001 321.758 570.824 813.298 675.148 362.505 393.146 297.634 205.456 327.515 749.123 151.819 237.118 386.774 393.722 489.183 510.424 451.306 254.159 285.575 390.858 96.1665 408.397 75.0067 437.154 632.475 369.439 310.363 191.669 
545.212 203.01 732.105 804.967 964.105 456.089 789.066 696.737 485.161 1222.08 194.371 1263.81 752.447 1163.58 501.941 883.857 868.493 985.853 129.035 747 616.105 885.268 276.279 874.062 561.806 786.349 907.96 728.204 431.723 359.611 936.12 606.177 803.481 428.118 784.355 952.92 783.592 713.405 840.349 597.234 546.642 1203.41 541.421 429.117 768.016 
550.142 365.941 357.677 339.629 414.403 195.931 629.918 387.342 71.5612 739.465 380.552 793.742 350.28 741.271 552.526 341.204 439.527 436.726 455.827 777.821 631.561 437.049 278.729 364.297 177.612 377.719 753.923 204.6 122.56 298.53 451.465 461.504 529.854 383.72 322.405 399.115 426.568 169.499 457.919 59.9333 398.61 728.701 332.67 208.002 272.406 
401.52 516.779 104.235 153.395 483.322 437.924 396.602 139.671 293.641 566.845 533.414 609.528 106.104 523.072 425.63 304.647 217.407 409.585 597.522 591.108 464.436 230.517 423.835 524.704 102.859 139.119 512.65 388.398 309.885 301.573 622.965 269.229 277.966 300.028 133.33 417.043 173.142 331.602 212.085 206.461 235.372 548.391 176.23 442.259 146.168 
418.961 241.456 371.517 414.656 586.046 226.312 560.601 365.21 127.456 833.866 258.031 880.633 381.534 799.196 409.928 484.004 493.129 587.716 325.272 657.213 505.333 503.257 147.872 536.492 173.925 415.047 690.188 377.244 87 132.575 619.601 369.424 502.359 239.577 394.255 560.879 435.394 344.398 483.663 203.214 297.405 817.847 245.961 216.178 369.682 
756.897 771.891 372.518 238.296 201.556 581.414 683.592 449.392 479.176 388.726 786.985 452.448 336.204 471.666 784.51 67.1193 299.1 52.3927 861.485 920.149 811.046 265.505 681.455 352.319 413.237 325.682 766.006 332.533 527.365 632.093 434.246 615.442 526.925 656.881 249.323 104.785 399.941 298.739 373.048 356.204 593.57 390.267 536.537 601.056 214.149 
457.71 178.933 437.412 476.942 617.508 190.371 617.645 430.265 139.058 895.529 195.29 943.39 447.01 864.37 442.408 532.768 557.891 633.785 265.548 697.413 544.883 567.071 84.8528 549.605 238.73 480.402 747.402 393.615 85.0235 159.531 626.256 423.821 566.117 277.281 456.711 601.173 501.288 369.221 549.531 245.018 351.164 880.196 305.059 174.026 428.225 
450.96 497.363 158.493 158.256 431.195 391.449 459.221 202.2 248.91 577.209 513.822 624.725 149.215 552.472 470.814 266.047 245.693 373.343 581.96 649.159 518.353 250.218 403.288 463.492 90.3383 177.553 575.15 325.73 273.708 309.808 561.53 325.424 338.733 331.014 138.058 371.712 226.736 269.007 257.031 148.354 283.952 561.528 219.641 398.54 119.775 
545.286 598.588 182.784 86.2844 348.001 458.024 507.332 253.505 325.96 480 614.73 532.35 152.306 481.769 570.519 159.841 192.585 264.683 685.511 724.189 604.735 181 504.774 419.358 204.267 160.751 609.361 311.194 362.494 424.19 517.349 408.383 363.761 441.162 76.5376 274.591 234.241 254.788 237.143 202.596 379.954 467.615 321.055 470.472 10.198 
277.218 595.494 124.92 259.48 649.36 582.344 215.873 48.3322 441.494 588.694 611.59 614.706 161.4 489.449 316.533 454.192 243.249 549.622 662.048 424.157 316.931 275.801 511.789 704.45 243.13 178.017 335.181 569.056 440.828 335.049 802.905 129.553 124.535 265.211 248.365 572.892 122.972 512.41 180.953 379.697 149.626 563.522 147.597 580.669 297.935 
736.61 501.602 482.3 411.847 276.847 260.163 788.229 532.376 235.536 742.192 513.04 803.617 462.465 789.111 741.653 308.029 517.89 366.699 588.099 958.526 815.724 502.364 430.377 177.387 347.897 480.36 905.332 30.4795 287.793 488.215 260.647 636.553 666.913 574.053 401.842 303.863 546.233 72.0278 560.293 200.863 579.175 739.138 511.649 285.701 335.376 
482.59 281.4 367.935 384.787 512.071 182.165 598.08 378.001 52.345 799.456 297.061 849.909 370.342 781.369 478.358 424.948 474.305 525.289 370.304 717.607 567.389 478.942 189.528 457.665 165.605 401.991 726.177 298.51 44.9444 208.856 540.981 414.88 520.311 307.21 365.3 492.814 435.68 267.187 477.21 136.473 345.77 785.8 285.787 181.003 328.977 
576.321 689.473 184.545 51.0098 367.87 553.586 493.077 261.633 421.38 385.924 705.783 437.104 147.872 388.747 608.001 161.227 122.188 243.343 775.242 729.883 625.048 98.2344 595.399 473.491 283.471 134.737 579.967 387.584 456.602 498.688 568.42 431.393 337.7 497.941 68.0661 278.993 209.251 334.15 188.138 298.292 418.387 372.587 368.751 566.181 85.9593 
237.716 310.103 378.737 476.001 746.853 413.717 437.852 333.054 323.682 878.112 324.002 913.801 404.931 802.591 218.586 606.822 519.481 714.382 358.309 476.707 324.617 541.765 251.525 722.38 257.031 437.416 564.309 562.88 283.863 65.7647 809.944 244.976 435.736 66.2722 456.257 704.011 422.404 522.304 481 366.749 180.025 856.598 176.782 398.045 460.834 
347.092 203.593 517.042 601.446 819.976 390.717 575.785 477.247 351.864 1013 213.019 1051.7 540.049 945.804 311.708 706.859 655.964 813.01 226.055 572.297 427.591 675.406 188.831 764.621 364.408 573.502 698.823 607.032 299.666 147.027 842.572 387.769 582.477 208.255 581.047 791.582 565.301 577.585 622.981 435.932 326.038 992.839 321.263 368.144 574.381 
162.693 597.724 252.769 387.398 771.511 636.908 148 175.684 505.846 697.402 612.566 716.612 289.36 578.215 209.022 580.115 366.034 677.097 650.588 300.167 189.594 400.061 526.047 814.195 324.23 305.635 277.354 670.63 492.065 331.489 911.877 48.0937 177.02 226.808 375.713 698.056 244.018 615.89 296.953 470.558 120.204 670.47 172.169 630.087 421.922 
437.659 396.184 241.868 260.048 467.402 300.54 501.908 261.895 156.205 678.258 412.564 726.521 242.167 653.38 446.804 336.001 346.157 442.449 481.769 657.732 515.218 352.132 302.074 460.179 49.6488 273.542 625.998 306.007 173.459 233.343 554.148 337.125 405.088 286.527 240 425.735 310.453 256.4 349.515 100.265 278.289 663.103 210.794 304.345 212.608 
571.424 430.091 330.847 292.036 357.453 250.799 624.256 372.023 135.912 681.195 444.789 736.824 317.53 691.755 579.118 277.065 395.683 372.49 519.955 791.103 649.223 389.308 342.072 327.819 180.325 341.475 744.165 172.047 186.075 342.773 420.609 468.966 511.101 414.972 276.622 336.467 398.318 124.615 422.74 33.8378 412.059 671.597 344.398 266.011 220.204 
130.648 669.933 450.564 585.161 966.876 770.506 206.737 373.563 655.6 867.568 682.001 878.08 487.082 727.792 163.077 777.764 556.925 875.05 699.861 113.701 47.0106 592.035 619.491 999.4 498.615 501.977 276.588 849.944 629.682 428.193 1095.8 215.232 339.511 309.196 573.665 895.309 436.01 797.579 483.811 645.105 266.738 838.934 334.26 758.294 619.001 
414.349 869.58 349.857 444.438 844.754 868.074 156.984 311.264 726.11 560.33 885.084 555.014 371.194 395.506 464.657 638.045 358.504 706.672 928.029 387.36 386.846 391.368 791 939.162 525.967 359.34 127.424 823.177 727.101 603.176 1036.82 326.896 168.345 506.725 445.982 753.824 287.139 765.484 289.249 652.326 392.312 529.862 422.092 866.876 512.51 
555.666 942.827 352.278 395.38 762.997 894.34 314.884 351.353 750.067 394.707 959.14 383.631 357.022 223.081 605.239 561.709 290.801 608.622 1011.75 560.261 544.142 313.268 856.054 884.096 553.864 331.489 298.082 791.808 763.497 685.149 977.998 438.854 232.499 608.817 404.821 667.271 283.833 735.664 250.242 653.049 489.842 364.124 497.749 898.391 471.51 
336.024 588.511 58.4209 192.634 581.207 547.091 278.289 20.2485 403.496 546.649 604.983 578.275 95.0368 465.414 371.383 385.834 191.039 481.965 661.255 492.541 382.232 220.227 500.13 640.281 203.062 116.619 391.019 509.035 410.411 340 738.857 189.32 157.178 292.617 180.58 504.473 84.8999 451.807 143.283 327.622 189.108 523.31 161.335 548.264 229.637 
323.903 862.981 574.966 704.146 1103.88 958.391 257.624 503.036 837.717 907.491 874.874 904.093 609.076 744.565 354.141 904.312 650.496 992.446 890.632 101.637 238.872 686.517 812.503 1156.98 666.562 614.928 224.751 1014.39 815.727 619.969 1254.95 378.107 416.886 500.707 696.989 1023.85 540.256 959.588 573.802 813.489 442.377 877.207 506.857 947.403 752.247 
499.94 141.156 660.961 730.906 891.696 392.588 735.063 628.441 412.069 1148.62 136.704 1191.07 680.309 1093.31 460.132 808.802 796.214 911.014 94.2019 714.057 576.022 812.251 204.025 806.357 487.469 714.291 857.114 658.062 358.281 289.614 871.494 547.403 739.838 367.681 710.291 878.8 714.101 641.3 770.16 522.551 484.646 1130.3 474.368 365.903 693.098 
558.746 134.648 535.059 559.047 634.679 124.193 725.989 534.158 171.593 972.672 146.25 1023.81 540.941 954.811 539.268 583.86 647.565 677.632 221.84 798.168 645.868 653.043 84.0536 537.276 332.519 573.415 855.746 393.512 130.43 260.548 601.202 531.899 672.086 379.803 539.559 634.679 600.96 384.61 646.239 297.794 459.213 959.53 413.272 98.6813 501.855 
207.077 740.27 523.536 657.606 1044.59 850.3 246.483 447.166 737.082 917.154 751.626 922.835 559.697 768.214 230.495 852.838 621.914 948.171 764.665 32.6497 119.883 657.578 694.344 1080.47 580.332 572.218 278.742 931.615 710.303 505.799 1177.09 295.169 395.922 387.551 647.174 971.113 503.036 879.005 546.963 726.959 348.69 887.795 416.125 837.484 695.117 
617.331 184.708 768.238 828.875 950.598 424.807 853.642 740.303 479.413 1248.12 170.699 1293.04 785.25 1201.26 576.39 888.708 900.379 987.079 94.8472 826.828 691.836 914.161 274.591 846.49 585.484 819.308 975.649 708.402 428.823 401.31 901.275 665.42 855.587 485.536 808.335 948.192 824.093 700.403 878.877 599.562 601.694 1231.13 588.116 398.026 785.008 
482.104 161.335 461.85 497.293 621.297 170.742 644.597 456.318 141.439 915.042 177.234 963.756 470.472 887.222 465.473 545.047 580.352 644.436 249.948 721.826 569.309 588.575 69.3542 545.777 261.706 503.659 774.354 392.032 87.6413 183.412 619.536 450.628 592.7 302.002 477.222 609.085 526.3 371.4 573.81 256.031 377.955 900.254 332.074 152.306 446.185 
290.765 830.716 522.529 651.438 1051.53 916.273 205.01 451.01 792.96 859.456 843.168 857.798 556.511 699.012 326.075 851.674 597.943 939.673 862.63 102.591 210.002 633.975 776.408 1106.28 618.328 562.181 183.521 964.816 772.796 581.997 1204.38 330.905 364.364 462.922 644.38 971.224 487.483 909.696 521.254 764.958 397.283 829.292 460.431 906.148 699.952 
622.509 946.451 338.095 337.717 667.98 865.427 405.66 363.573 723.398 275.772 963.052 272.244 330.056 118.68 669.933 474.735 232.94 507.312 1021.99 661.613 625.353 243.033 855.55 802.611 538.543 298.203 412.045 726.823 745.085 702.058 893.031 489.752 284.042 643.467 352.057 571.26 278.196 673.131 225.843 613.874 527.311 245.231 519.455 873.028 413.205 
592.2 476.707 319.781 263.372 317.057 292.335 625.895 369.238 182.538 640.47 491.428 697.227 301.796 658.614 603.339 230.853 369.049 325.867 566.562 805.355 667.115 359.234 388.398 305.668 197.396 322.262 742.13 159.298 232.551 379.438 401.696 481.274 503.849 443.38 250.008 291.084 384.896 103.966 403.273 68.1836 429.121 631.926 361.4 309.079 188.409 
955.327 686.321 671.361 574.674 250.639 433.115 989.615 730.906 450.161 813.983 695.035 878.822 645.484 902.286 961.545 409.246 674.396 410.312 766.261 1173.49 1033.09 650.632 628.478 80.8084 563.17 656.27 1100.41 212.002 499.433 706.989 47.1699 849.734 856.47 794.326 570.478 335.149 728.962 264.643 730.791 417.825 795.55 819.061 727.77 460.088 503.227 
799.361 634.253 484.633 381.725 136.953 399.025 807.035 548.715 351.962 642.832 646.574 706.614 456.616 715.749 812.296 219.823 480.585 246.26 722.244 1005.43 871.732 456.826 557.315 115.004 405.255 465.13 913.46 110.059 406.262 584.508 212.455 681.281 668.243 653.104 378.53 175.354 539.157 122 538.093 273.339 634.315 644.24 567.134 424.011 312.021 
691.876 382.027 507.347 468.675 404.25 133.81 784.985 541.651 157.953 838.285 392.255 897.157 495.956 864.589 688.625 410.239 573.54 483.076 466.135 924.741 775.818 565.134 319.64 289.558 332.737 520.465 909.164 157.28 198.457 415.524 354.865 613.425 683.518 517.487 454.274 425.466 575.587 171.703 601.699 200.569 547.995 831.941 483.741 160.078 394.438 
309.919 754.987 271.45 387.569 792.669 763.333 77 216.518 623.491 594.024 770.388 600.913 300.083 449.222 360.001 588.002 322.444 669.283 812.682 337.006 297.397 358.265 677.625 869.166 425.554 297.741 157.867 742.418 620.549 488.33 967.678 211.698 90.802 391.389 384.194 707.025 221.165 684.996 246.008 559.923 276.991 564.685 309.414 760.585 446.387 
677.632 821.663 286.398 174.152 384.86 676.018 550.974 358.431 548.923 256.55 837.922 311.713 252.517 294.613 714.077 201.358 161.372 224.19 907.727 803.338 715.672 126.321 727.641 528.05 415.621 226.135 614.369 476.592 586.669 628.618 614.586 529.967 391.76 619.22 194.494 288.087 282.639 429.745 236.349 423.515 529.317 246.435 487.083 690.456 215.337 
709.941 672.423 349.567 227.798 179.494 475.896 673.146 422.235 378.155 484.373 687.154 546.452 316.443 545.485 732.069 50.636 317.616 130.177 762.266 893.302 772.324 290.689 583.618 282.177 339.037 316.834 769.332 231.821 428.118 551.725 374.621 576.238 524.138 590.953 230.202 109.895 393.314 193.871 381.872 258.936 543.266 482.474 480.829 495.904 172.363 
610.816 466.953 348.323 292.171 313.844 271.28 652.056 396.295 172.409 664.172 481.203 721.688 330.841 686.069 620.059 247.491 398.005 337.535 556.821 827.179 687.221 387.675 380.97 286.775 217.002 351.511 769.275 135.059 224.876 386.999 381.189 503.7 531.945 457.389 279.065 296.933 413.783 83.006 432.539 75.8947 449.42 656.385 381.619 289.519 216.834 
144.475 660.512 352.264 486.215 875.685 726.693 117.38 276.176 601.041 763.497 674.214 775.441 388.346 627.271 193.794 682.03 452.991 776.804 703.077 196.352 117.201 488.337 597.814 919.472 426.62 400.96 222.946 775.021 582.507 401.299 1017.06 138.452 234.798 285.012 475.943 800.625 332.826 720.642 379.269 573.569 205.73 735.07 267.978 717.696 525.09 
338.479 223.511 531.008 619.487 845.568 417.757 574.13 488.035 378.942 1028.68 231.664 1066.21 555.237 957.427 300.375 729.583 670.814 836.059 237.036 558.628 416.53 691.274 215.058 791.768 384.97 588.401 695.27 633.998 326.939 165.529 869.975 389.659 588.344 212.144 599.204 815.873 577.027 604.015 635.29 461.112 331.038 1008 331.724 394.975 594.792 
431.393 180.069 617.518 697.269 889.27 416.203 670.773 579.118 411.024 1111.52 181.571 1151.37 639.515 1047.32 390.565 790.974 755.59 895.559 159.731 643.442 506.222 773.997 213.883 817.296 456.581 673.181 791.154 664.007 356.742 245.349 888.28 486.467 683.77 308.235 676.737 868.763 666.888 641.363 724.311 510.784 426.804 1091.92 423.232 390.621 665.706 
732.563 602.764 414.074 314.025 169.664 382.341 736.31 478.006 311.662 603.858 616.159 666.251 386.43 663.001 747.086 170.658 415.047 225.411 692.117 935.975 803.622 393.126 520.463 184.174 340.026 395.828 843.047 113.635 365.548 528.765 282.406 612.119 598.001 590.8 309.743 167.263 469.297 89.0505 470.032 216.592 566.768 602.416 499.985 405.222 242.671 
252.771 788.483 545.674 678.473 1071.09 894.043 248.974 470.545 778.165 917.397 799.978 919.614 581.234 762.685 278.686 876.108 635.784 968.93 813.607 23.3238 165.849 671.739 741.243 1113.31 615.91 591.261 257.303 966.555 753.023 551.272 1210.5 327.947 405.191 432.484 669.247 995.073 519.57 913.085 559.772 762.969 386.167 887.614 452.816 881.827 720.118 
852.416 569.022 597.478 517.731 283.064 316.057 906.448 649.887 335.678 812.316 578.07 875.825 575.806 878.014 855.585 383.881 622.367 415.843 649.998 1076.33 932.537 603.484 510.393 118.191 466.138 591.531 1022.65 123.483 383.437 594.358 164.438 754.936 782.739 686.442 509.816 343.351 659.873 181.177 670.108 319 696.724 812.981 629.382 343.071 442.233 
503.086 758.238 151.344 155.756 539.268 672.596 353.566 197.59 530.212 359.94 774.878 389.166 137.753 281.812 544.64 333.209 52.8394 398.841 836.36 608.113 530.224 83.4506 666.197 647.864 346.655 105.109 419.99 552.197 552.001 523.534 743.28 357.001 194.805 481.769 165.979 446.794 107.331 496.179 48.1041 422.734 374.339 335.418 350.407 679.857 232.019 
839.174 764.137 475.395 347.8 65 543.647 796.786 549.484 471.19 507.285 777.769 572.197 441.082 605.615 860.759 147.122 425.466 104.235 853.696 1021.44 901.613 394.098 680.207 230.497 463.492 437.8 887.764 261.817 524.37 670.329 302.952 705.457 644.376 716.8 353.344 31.7805 514.23 250.928 495.767 364.803 672.402 513.165 609.493 567.008 300.083 
626.671 133.754 613.022 632.219 674.754 139.786 802.556 613.059 237.2 1042.51 136.927 1094.99 617.978 1030.12 603.829 643.351 723.086 732.446 201.636 864.974 713.371 727.27 138.293 559.937 410.157 650.13 932.269 428.616 203.961 331.308 613.306 607.705 750.941 450.131 613.091 684.3 679.283 429.298 723.849 363.418 535.045 1030.36 491.009 114.237 572.177 
556.386 500.564 261.859 205.292 332.417 338.565 573.071 314.917 213.715 594.246 516.047 649.111 242.621 603.511 571.64 206.671 310.363 310.221 589.665 761.804 627.694 302.002 408.873 349.206 165.677 262.612 686.985 213.002 257.235 369.915 447.073 437.453 446.768 418.922 191.128 288.998 326.057 155.618 343.594 87.046 390.591 583.959 323.784 352.602 131.939 
259.946 634.716 171.677 303.592 700.316 634.924 159.201 100.449 495.368 599.421 650.495 619.776 206.62 484.737 304.508 502.004 270.474 594.079 697.093 378.652 285.063 305.287 554.193 760.013 298.52 216.933 278.632 625.761 492.196 370 858.539 120.673 90.802 285.701 294.735 621.332 149.091 569.008 199.424 436.481 166.739 572.689 185.335 632.229 348.673 
543.281 81.7863 557.66 592.225 686.28 175.251 726.364 549.742 216.668 1008.93 94.2444 1058.46 566.634 983.358 519.582 628.924 676.416 724.754 170.188 781.072 629.756 684.229 54.4059 590.425 357.883 599.835 855.8 446.171 169.532 250.38 653.885 530.637 683.895 368.246 572.295 683.86 621.612 435.784 669.722 340.649 458.279 994.694 418.728 148.852 538.889 
410.235 773.296 198.595 282.144 682.807 736.174 212.763 183.12 592.03 461.885 789.56 473.76 214.086 330.044 457.587 476.114 198.346 548.074 841.758 472.424 417.164 232.622 687.285 777.746 392.562 198.567 269.602 665.904 601.002 515.19 875.134 279.122 71.6938 441.862 284.345 592.663 130.969 608.346 126.905 505.372 323.303 433.195 327.844 738.253 351.411 
351.142 737.143 198.116 304.803 709.82 718.171 159.355 159.615 575.265 521.145 753.154 533.802 222.443 389.606 398.984 504.255 236.129 583.6 802.043 416.829 357.144 271.936 653.967 792.939 374.733 215.808 236.89 672.18 579.008 474.65 891.162 224.154 17.72 393.314 303.041 622.832 139.946 614.499 159.778 499.168 274.345 492.666 287.785 718.136 367.325 
161.012 582.204 245.153 379.638 760.424 620.455 164.049 168.074 489.612 698.279 597.117 718.925 281.824 582.619 205.412 570.576 362.609 668.566 635.831 311.853 195.474 396.102 510.009 800.69 309.006 299.608 293.552 656.293 475.613 315.767 898.22 32.7567 182.8 212.551 367.315 688.077 240.751 601.798 295.264 455.58 104.043 671.704 155.801 613.601 411.779 
1072.96 792.945 779.62 675.643 308.935 540.296 1100.69 841.929 567.116 873.275 800.643 938.254 752.001 978.227 1079.61 496.473 771.36 476.018 869.83 1289.59 1150.2 745.059 739.952 182.124 680.018 760.282 1208.68 329.515 615.497 824.711 83.5464 965.454 963.612 912.527 673.406 403.854 834.55 380.596 832.005 535.374 912.437 881.917 844.636 566.973 607.297 
724.407 540.107 441.192 359.201 228.116 309.739 755.499 497.229 257.329 678.05 552.667 739.687 418.169 728.33 733.771 243.822 464.247 303.6 628.466 938.898 800.25 446.467 462.455 173.046 330.08 433.042 868.68 39.1152 311.58 495.263 268.213 614.782 626.752 570.424 351.07 243.311 502.26 30.8707 511.383 188.788 562.296 675.337 494.518 333.766 283.521 
785.016 541.912 521.023 442.143 253.014 294.959 831.291 574.167 283.283 750.915 552.675 813.548 499.249 808.418 790.53 318.148 547.22 363.142 627.025 1005.72 863.669 529.235 474.017 131.187 394.872 515.102 946.717 46.9574 334.791 537.217 211.54 683.067 706.355 623.154 433.803 294.898 583.316 104.652 593.879 248.278 626.718 749.835 559.072 321.361 366.351 
390.295 802.075 259.046 353.454 755.45 784.969 159.841 226.318 641.873 512.352 817.984 516.871 279.517 364.005 439.819 548.804 271.312 620.967 865.466 417.939 382.472 305.408 719.803 847.496 441.312 267.675 197.59 731.686 646.019 538.243 945.231 276.904 84.2912 451.957 354.493 665.586 195.433 674.003 199.449 563.413 333.623 482.648 352.331 785.092 420.834 
914.254 593.151 671.43 593.155 336.341 341.634 977.754 722.267 387.487 880.877 600.421 944.839 650.385 951.303 914.866 456.054 697.789 480.713 669.024 1141.49 995.863 678.761 544.229 158.294 533.405 666.571 1095.23 198.157 430.89 646.811 157.309 822.059 856.417 744.457 585.158 406.605 734.401 255.705 745.349 386.7 761.83 882.632 695.014 367.967 517.61 
424.005 452.355 181.397 203.666 461.686 360.8 458.093 208.734 216.566 622.981 468.88 669.557 180.499 592.663 439.933 307.467 285.412 415.03 536.173 632.197 495.868 292.957 358.422 478.017 43.6578 211.896 578.871 331.76 235.034 263.735 574.77 307.938 350.721 292.344 183.208 408.418 250.288 277.363 287.976 135.956 258.368 606.753 191.408 365.471 166.436 
592.881 60.3075 631.877 667.281 745.966 216.843 789.205 621.786 286.735 1083.61 57.6888 1133.42 641.427 1058.39 564.646 699.222 751.513 792.965 119.105 827.191 677.921 759.394 117.686 638.526 432.807 674.712 918.009 501.889 242.547 310 694.606 593.19 753.956 423.987 647.383 749.166 695.255 497.226 744.039 412.412 521.599 1069.57 486.458 190.066 613.267 
136.894 673.155 469.503 604.126 984.371 779.811 225.462 392.441 667.027 887.482 684.882 897.79 506.063 747.204 163.918 796.116 576.725 893.811 700.607 103.078 49.7695 611.791 625.135 1014.89 513.352 521.31 290.331 864.653 639.876 435.619 1111.03 232.177 359.518 317.177 592.436 913.44 455.706 812.686 503.724 659.469 281.044 858.821 348.776 767.042 637.122 
420.905 768.595 184.532 262.101 661.78 724.798 231.948 176.853 580.496 446.052 784.949 460.114 197.436 319.889 467.472 455.07 176.819 526.499 838.573 491.044 431.474 211.009 681.517 758.254 381.996 180.025 291.234 648.179 591.168 512.938 855.462 286.086 83.5225 443.948 264.968 571.386 115.849 590.712 106.212 490.931 326.149 417.739 326.193 727.562 332.316 
364.664 895.342 505.693 624.82 1029.88 954.059 184.491 442.757 822.475 781.683 908.881 773.885 536.078 613.36 407.344 825.222 556.076 905.001 935.514 214.283 295.88 591.331 832.703 1102.01 634.768 534.958 94.5939 969.394 809.23 636.116 1200.6 361.964 327.965 520.128 621.18 944.153 458.384 912.637 480.652 777.578 433.97 751.16 489.376 946.816 682.42 
711.923 717.346 334.624 203.416 207.711 530.665 652.645 410.468 425.202 422.976 732.509 485.077 299.189 487.643 737.8 12.7279 279.517 98.0204 806.87 882.844 769.042 249.018 626.677 335.36 360.072 293.165 741.583 293.205 472.89 578.234 424.096 572.8 498.812 606.1 211.085 117.444 369.229 254.024 349.382 301.573 547.123 421.171 488.267 549.623 166.904 
529.914 165.148 699.743 769.666 925.054 418.387 768.752 666.694 446.161 1187.48 157.407 1229.97 719.186 1131.99 488.559 845.719 835.101 947.424 97.6166 738.978 603.902 851.143 237.245 835.558 526.161 753.165 889.657 689.292 392.78 328.123 898.321 582.719 776.858 403.398 749.05 914.095 752.62 674.354 808.81 558.71 521.023 1169.19 512.268 391.461 731.4 
355.659 879.128 471.546 589.187 994.342 929.475 153.883 410.25 796.116 746.09 893.02 739.327 501.351 579.031 400.682 789.367 519.312 868.441 922.293 230.868 293.343 554.495 813.843 1068.6 606.04 499.437 58.4209 937.554 784.653 617.366 1167.18 339.094 292.205 503.168 585.921 908.155 422.868 880.596 444.06 747.599 411.652 715.599 464.45 923.018 647.724 
598.426 827.641 234.019 182.784 504.876 718.229 439.619 289.993 580.246 267.06 844.252 301.423 210.794 218.888 639.832 307.483 94.7523 349.611 908.936 697.376 624.606 85.6154 734.221 634.761 412.456 176.98 491.766 560.651 608.737 604.822 725.882 452.212 283.854 571.616 200.552 408.711 201.201 508.004 143.136 462.992 467.269 244.125 438.945 728.517 253.97 
345.172 795.329 297.229 405.882 810.66 800.321 96.2549 248.568 659.64 581.086 810.76 583.837 323.209 428.768 395.455 604.745 332.277 681.688 853.202 349.961 326.057 367.396 717.586 893.729 460.663 317.099 136.029 770.72 658.119 528.734 992.041 252.004 111.772 431.793 404.353 722.928 241.23 713.119 257.406 592.243 317.506 551.232 349.046 798.121 468.531 
489.287 277.483 375.565 391.042 512.016 174.106 606.04 386 46.4004 805.084 293.002 855.815 377.68 788.155 484.554 428.077 481.176 527.788 366.661 724.636 574.252 485.479 186.301 454.816 173.401 409.216 734.173 295.968 38.0132 213.49 537.339 422.587 528.342 313.383 371.646 494.276 443.389 266.008 484.665 139.119 353.327 791.624 293.586 173 334.432 
