100 10 17
777 335 649 27 763 426 211 429 862 135 
9.29 8.02 0.22 0.58 0.69 1.67 3.93 4.56 0.11 0.42 2.29 3.73 4.21 9.19 7.84 5.37 1.98 
13 2 4 0 5 4 1 2 14 3 14 15 7 4 14 15 0 14 16 3 14 1 7 14 2 9 3 15 15 13 11 13 4 4 15 15 0 15 1 6 0 14 2 14 4 9 11 10 12 15 14 15 0 3 13 5 6 2 7 2 9 7 6 12 11 9 13 15 4 6 2 0 4 10 5 10 0 12 12 14 16 4 13 15 14 15 5 1 11 1 14 10 3 7 2 13 0 2 0 6 
5.20461 7.34118 1.41156 1.06301 4.87182 6.34209 3.92944 2.04005 4.93649 3.5871 
8.07759 8.02574 4.24736 2.9063 1.67093 6.01333 7.35759 5.01538 5.0819 4.03714 
5.73147 0.898944 6.8561 7.39828 8.5636 3.34349 7.9588 6.62857 3.8461 11.5911 
2.39727 7.72162 5.48336 6.81878 10.7162 8.82877 2.60008 4.72488 7.6922 9.30188 
0.872067 6.24119 4.40511 5.74826 9.47724 7.30661 2.31106 3.63501 6.19317 8.77091 
5.52844 7.4471 1.66784 0.975295 4.56616 6.32785 4.28981 2.3461 4.94632 3.37605 
4.88895 0.941116 5.17464 5.61528 6.87922 2.05234 6.74036 5.04706 2.09038 9.80292 
8.97396 6.71509 5.97716 4.96729 1.79204 4.21684 9.18569 6.59826 4.12869 7.3621 
3.94819 4.15202 2.03039 2.43742 4.97855 3.44036 4.52306 2.15128 2.00562 6.62695 
4.52283 6.55122 0.610328 0.9 4.94928 5.68961 3.59484 1.33004 4.25959 4.4071 
3.66191 8.7306 4.292 5.4169 9.4662 9.07628 1.29757 3.7298 7.71052 6.87669 
7.43455 5.27956 4.74068 3.9644 2.47008 2.89171 7.84918 5.27523 2.55327 7.16175 
5.05202 2.44561 4.12393 4.28921 5.34068 1.44845 6.34476 4.20344 0.543323 8.42327 
2.98744 2.66865 3.72651 4.54493 6.96093 3.48455 4.79338 3.39202 2.59494 8.6646 
9.91805 7.33197 6.96233 5.9357 2.42002 4.80037 10.1714 7.58383 4.93356 8.0903 
1.47763 5.49659 2.47655 3.80707 7.52386 5.92423 1.96023 1.72 4.63764 7.15268 
3.38599 7.19423 1.85569 2.96987 7.02157 7.0151 1.59424 1.43265 5.58813 5.29122 
1.80602 3.76005 3.39438 4.48791 7.5133 4.63459 3.71712 2.85 3.59547 8.38475 
5.10554 6.35284 1.23693 0.206155 4.0902 5.17985 4.4363 2.00192 3.79747 4.3982 
8.18563 7.63552 4.49722 3.20351 0.967729 5.49431 7.69651 5.24585 4.69308 4.7894 
3.9949 6.69481 0.69 1.66481 5.71505 6.10889 2.83833 0.906973 4.6655 4.67184 
6.93797 5.17054 4.1639 3.40508 2.50839 2.93293 7.28204 4.70425 2.30471 6.74867 
4.55449 7.20795 1.12254 1.56416 5.56004 6.47612 3.16261 1.50333 5.03922 4.07977 
5.37587 4.15785 3.06778 2.80264 3.85001 2.55705 5.93762 3.43759 1.26669 6.80062 
1.67027 4.79292 2.43074 3.67491 7.15122 5.21457 2.68091 1.77279 3.95683 7.33984 
8.32633 10.5888 4.77897 4.03288 5.74259 9.2235 6.41363 5.32824 7.93545 0.305941 
2.32648 4.49755 2.06189 3.18699 6.5049 4.65027 3.14963 1.56311 3.34105 7.05569 
6.30632 2.26318 5.46174 5.4595 5.60565 0.270185 7.73683 5.59 1.49646 9.46792 
5.45055 6.06897 1.77882 0.76531 3.51689 4.67985 5.02309 2.49874 3.35491 4.70821 
8.21659 4.8956 6.08142 5.46875 3.6964 2.37228 9.0208 6.5156 2.89249 8.75263 
3.09095 7.16224 2.12869 3.30829 7.35572 7.11973 1.21462 1.59531 5.70793 5.65212 
5.11723 0.75213 5.41133 5.8258 6.96915 1.99722 6.99011 5.29371 2.20737 10.0086 
8.75265 8.76824 4.87256 3.52666 1.9123 6.71096 7.89715 5.64384 5.82204 3.8302 
1.78631 5.53565 2.16749 3.50036 7.24489 5.82742 1.9799 1.41 4.50644 6.86226 
7.38253 8.63343 3.46071 2.27882 3.61386 7.04469 6.10568 4.18937 5.83545 2.31976 
4.32925 2.59786 3.59785 3.95904 5.59973 2.1747 5.63494 3.58645 1.05948 8.14617 
6.3529 3.48891 4.61824 4.34219 4.219 1.1967 7.31779 4.91874 1.01671 8.18648 
5.35381 5.48631 2.03298 1.35074 3.47311 4.04428 5.23582 2.65166 2.72635 5.32886 
7.60345 5.8483 4.61064 3.68246 1.84491 3.51551 7.80082 5.21284 3.02536 6.6091 
6.93785 8.24151 3.01159 1.83308 3.65453 6.72447 5.71431 3.74433 5.47899 2.59625 
3.69709 8.81477 4.44846 5.58008 9.62996 9.19696 1.40812 3.87769 7.83747 7.02659 
5.4052 1.94003 7.23747 7.96036 9.54652 4.47161 7.83304 6.88851 4.75682 12.1329 
5.34439 3.47546 3.57001 3.46879 4.35239 1.89447 6.21342 3.82624 0.551543 7.51117 
0.3245 5.53946 3.676 5.00145 8.63496 6.45354 2.28862 2.92015 5.31159 8.28147 
3.38565 5.40234 0.748131 1.8932 5.55543 4.94122 3.191 0.659697 3.50629 5.74227 
6.30354 8.60403 2.68427 2.11703 5.1 7.46612 4.64389 3.23827 6.0987 2.33 
7.70393 8.03782 3.81294 2.46759 2.24722 6.16332 6.85149 4.58423 5.12001 3.5513 
8.57084 9.24173 4.63087 3.34013 2.96522 7.36941 7.41335 5.38677 6.33064 2.74642 
1.74794 6.8 3.36752 4.69422 8.63586 7.3586 0.849588 2.62231 6.06942 7.34588 
7.44361 8.122 3.51518 2.19112 2.75136 6.36878 6.45899 4.28224 5.24485 3.14326 
6.51517 2.6432 5.43261 5.33796 5.26824 0.111803 7.83827 5.61288 1.46003 9.28154 
4.43497 6.19371 0.522015 0.827647 4.78803 5.30936 3.73729 1.2912 3.87883 4.69401 
4.17138 3.95258 2.31614 2.60461 4.85149 3.13006 4.8341 2.4671 1.69189 6.79662 
4.57354 1.33963 6.13074 6.85073 8.5821 3.74021 6.88802 5.79959 3.78471 11.0212 
3.22845 7.93974 3.24006 4.38321 8.43496 8.11608 0.651153 2.68777 6.72815 6.2102 
5.34899 1.24016 6.80137 7.44339 8.87521 3.77107 7.66672 6.51077 4.09871 11.6316 
1.54693 5.93111 2.58544 3.93154 7.75765 6.35305 1.52161 1.81417 5.05107 7.0525 
4.43639 7.92233 2.0301 2.70237 6.6544 7.4468 2.46246 2.00385 6.00334 4.27234 
4.21001 1.58345 4.50871 5.04946 6.71029 2.40709 6.00101 4.33797 1.95256 9.2421 
4.33601 4.34245 2.04414 2.21382 4.57073 3.37818 4.77582 2.30495 1.93621 6.4026 
5.7969 0.396232 6.39578 6.81076 7.7345 2.47588 7.83597 6.25585 3.08415 10.9887 
4.57096 8.69994 3.08084 3.83824 7.765 8.44002 2.1386 2.87091 7.00103 4.76766 
4.22181 7.72865 1.89594 2.66835 6.66148 7.29747 2.30361 1.81221 5.85452 4.46179 
6.83143 4.58635 4.42109 3.83256 3.10672 2.27482 7.41598 4.87911 1.83325 7.36697 
2.45937 2.95083 4.106 5.07501 7.72001 4.1876 4.59308 3.64194 3.38237 9.10012 
1.45602 5.73928 2.57614 3.91842 7.69661 6.18324 1.71292 1.80737 4.89262 7.13751 
4.65988 6.843 0.837616 1.00802 5.04251 5.97762 3.56118 1.47679 4.55003 4.1607 
5.11165 2.15335 4.38799 4.58661 5.59031 1.3297 6.5131 4.4363 0.800562 8.7259 
3.18779 2.61696 3.63688 4.39345 6.71626 3.26075 4.89037 3.35288 2.33754 8.53823 
5.71349 7.719 1.90118 1.23369 4.6513 6.58818 4.36744 2.54908 5.2118 3.11662 
2.6706 4.9973 1.46014 2.65 6.18066 4.89612 2.93401 0.962133 3.51369 6.4461 
1.9598 4.57957 2.29993 3.48786 6.86896 4.90658 2.94335 1.71143 3.63556 7.26529 
6.3607 8.28803 2.5607 1.736 4.53944 7.03036 4.90494 3.20744 5.69196 2.4852 
8.6226 7.82077 4.97897 3.6967 0.530848 5.58574 8.18841 5.72177 4.89948 5.14024 
8.77262 8.19923 5.03718 3.7191 0.928924 6.00243 8.20478 5.7947 5.2646 4.78006 
7.23398 4.14309 5.25298 4.78302 3.82205 1.63248 8.09925 5.63298 1.91024 8.36373 
8.19421 8.49172 4.28911 2.94771 2.22324 6.55534 7.27902 5.0598 5.56127 3.45023 
2.5205 7.88923 4.6513 5.94526 9.94065 8.65047 1.50685 3.93402 7.39596 8.14039 
5.50058 1.02591 6.78832 7.38355 8.6964 3.54069 7.77229 6.52805 3.94077 11.576 
7.21366 9.58301 3.68209 3.05177 5.45279 8.35733 5.37075 4.21247 7.01942 1.37928 
5.27595 2.0363 7.19156 7.94003 9.60026 4.56799 7.72094 6.82643 4.80463 12.1046 
3.96773 1.43402 5.02802 5.72106 7.58555 3.1295 6.05913 4.73858 2.83143 9.89452 
8.14205 10.0639 4.42747 3.53058 5.01294 8.6007 6.41253 5.04448 7.34635 0.726154 
8.06283 8.39215 4.15769 2.81619 2.25391 6.47716 7.1522 4.92842 5.466 3.43421 
3.55883 8.32169 3.52817 4.61785 8.66386 8.48311 0.970979 3.01617 7.08929 6.17882 
1.66676 3.99472 4.70608 5.86615 8.894 5.51609 4.20595 4.07967 4.71631 9.64739 
1.44028 4.71454 2.70512 3.9473 7.38806 5.27273 2.73732 2.04083 4.05765 7.60529 
0.350143 5.05811 3.96294 5.25009 8.71532 6.15202 2.88647 3.23883 5.09848 8.7145 
7.14857 8.4091 3.22248 2.03541 3.60185 6.85207 5.90823 3.95506 5.62601 2.48294 
6.65114 10.1473 4.08001 4.1282 7.3518 9.39417 4.31936 4.26898 7.96972 2.92159 
3.01798 6.08905 1.04695 2.38466 6.32367 5.85888 2.26055 0.328024 4.43677 5.64235 
1.9145 6.1919 2.36783 3.70946 7.60945 6.48501 1.31034 1.60639 5.14636 6.70075 
6.34039 8.01424 2.45752 1.46455 4.17824 6.68768 5.03549 3.1552 5.36792 2.73035 
2.71811 3.24099 3.12746 4.00706 6.68225 3.73751 4.27263 2.77627 2.64518 8.08883 
5.61036 0.3 6.38412 6.85511 7.92152 2.71312 7.70658 6.20948 3.21885 11.0426 
3.36774 2.6315 3.52605 4.22096 6.46409 3.07093 4.9597 3.2931 2.09404 8.38439 
7.79251 10.1705 4.29005 3.62464 5.70307 8.89101 5.87725 4.81633 7.57248 0.830963 
2.77094 2.86667 5.07117 6.06245 8.61594 4.64999 5.19665 4.56847 4.09238 10.0689 
6.18231 7.19462 2.25887 0.930054 3.40476 5.72239 5.29707 3.02853 4.44658 3.60839 
3.95904 8.49779 3.34767 4.32925 8.34819 8.49779 1.39703 2.93833 7.08097 5.64564 
