100 10 17
777 335 649 27 763 426 211 429 862 135 
9.29 8.02 0.22 0.58 0.69 1.67 3.93 4.56 0.11 0.42 2.29 3.73 4.21 9.19 7.84 5.37 1.98 
13 2 4 0 5 4 1 2 14 3 14 15 7 4 14 15 0 14 16 3 14 1 7 14 2 9 3 15 15 13 11 13 4 4 15 15 0 15 1 6 0 14 2 14 4 9 11 10 12 15 14 15 0 3 13 5 6 2 7 2 9 7 6 12 11 9 13 15 4 6 2 0 4 10 5 10 0 12 12 14 16 4 13 15 14 15 5 1 11 1 14 10 3 7 2 13 0 2 0 6 
52046.1 73411.8 14115.6 10630.1 48718.2 63420.9 39294.4 20400.5 49364.9 35871 
80775.9 80257.4 42473.6 29063 16709.3 60133.3 73575.9 50153.8 50819 40371.4 
57314.7 8989.44 68561 73982.8 85636 33434.9 79588 66285.7 38461 115911 
23972.7 77216.2 54833.6 68187.8 107162 88287.7 26000.8 47248.8 76922 93018.8 
8720.67 62411.9 44051.1 57482.6 94772.4 73066.1 23110.6 36350.1 61931.7 87709.1 
55284.4 74471 16678.4 9752.95 45661.6 63278.5 42898.1 23461 49463.2 33760.5 
48889.5 9411.16 51746.4 56152.8 68792.2 20523.4 67403.6 50470.6 20903.8 98029.2 
89739.6 67150.9 59771.6 49672.9 17920.4 42168.4 91856.9 65982.6 41286.9 73621 
39481.9 41520.2 20303.9 24374.2 49785.5 34403.6 45230.6 21512.8 20056.2 66269.5 
45228.3 65512.2 6103.28 9000 49492.8 56896.1 35948.4 13300.4 42595.9 44071 
36619.1 87306 42920 54169 94662 90762.8 12975.7 37298 77105.2 68766.9 
74345.5 52795.6 47406.8 39644 24700.8 28917.1 78491.8 52752.3 25532.7 71617.5 
50520.2 24456.1 41239.3 42892.1 53406.8 14484.5 63447.6 42034.4 5433.23 84232.7 
29874.4 26686.5 37265.1 45449.3 69609.3 34845.5 47933.8 33920.2 25949.4 86646 
99180.5 73319.7 69623.3 59357 24200.2 48003.7 101714 75838.3 49335.6 80903 
14776.3 54965.9 24765.5 38070.7 75238.6 59242.3 19602.3 17200 46376.4 71526.8 
33859.9 71942.3 18556.9 29698.7 70215.7 70151 15942.4 14326.5 55881.3 52912.2 
18060.2 37600.5 33943.8 44879.1 75133 46345.9 37171.2 28500 35954.7 83847.5 
51055.4 63528.4 12369.3 2061.55 40902 51798.5 44363 20019.2 37974.7 43982 
81856.3 76355.2 44972.2 32035.1 9677.29 54943.1 76965.1 52458.5 46930.8 47894 
39949 66948.1 6900 16648.1 57150.5 61088.9 28383.3 9069.73 46655 46718.4 
69379.7 51705.4 41639 34050.8 25083.9 29329.3 72820.4 47042.5 23047.1 67486.7 
45544.9 72079.5 11225.4 15641.6 55600.4 64761.2 31626.1 15033.3 50392.2 40797.7 
53758.7 41578.5 30677.8 28026.4 38500.1 25570.5 59376.2 34375.9 12666.9 68006.2 
16702.7 47929.2 24307.4 36749.1 71512.2 52145.7 26809.1 17727.9 39568.3 73398.4 
83263.3 105888 47789.7 40328.8 57425.9 92235 64136.3 53282.4 79354.5 3059.41 
23264.8 44975.5 20618.9 31869.9 65049 46502.7 31496.3 15631.1 33410.5 70556.9 
63063.2 22631.8 54617.4 54595 56056.5 2701.85 77368.3 55900 14964.6 94679.2 
54505.5 60689.7 17788.2 7653.1 35168.9 46798.5 50230.9 24987.4 33549.1 47082.1 
82165.9 48956 60814.2 54687.5 36964 23722.8 90208 65156 28924.9 87526.3 
30909.5 71622.4 21286.9 33082.9 73557.2 71197.3 12146.2 15953.1 57079.3 56521.2 
51172.3 7521.3 54113.3 58258 69691.5 19972.2 69901.1 52937.1 22073.7 100086 
87526.5 87682.4 48725.6 35266.6 19123 67109.6 78971.5 56438.4 58220.4 38302 
17863.1 55356.5 21674.9 35003.6 72448.9 58274.2 19799 14100 45064.4 68622.6 
73825.3 86334.3 34607.1 22788.2 36138.6 70446.9 61056.8 41893.7 58354.5 23197.6 
43292.5 25978.6 35978.5 39590.4 55997.3 21747 56349.4 35864.5 10594.8 81461.7 
63529 34889.1 46182.4 43421.9 42190 11967 73177.9 49187.4 10167.1 81864.8 
53538.1 54863.1 20329.8 13507.4 34731.1 40442.8 52358.2 26516.6 27263.5 53288.6 
76034.5 58483 46106.4 36824.6 18449.1 35155.1 78008.2 52128.4 30253.6 66091 
69378.5 82415.1 30115.9 18330.8 36545.3 67244.7 57143.1 37443.3 54789.9 25962.5 
36970.9 88147.7 44484.6 55800.8 96299.6 91969.6 14081.2 38776.9 78374.7 70265.9 
54052 19400.3 72374.7 79603.6 95465.2 44716.1 78330.4 68885.1 47568.2 121329 
53443.9 34754.6 35700.1 34687.9 43523.9 18944.7 62134.2 38262.4 5515.43 75111.7 
3245 55394.6 36760 50014.5 86349.6 64535.4 22886.2 29201.5 53115.9 82814.7 
33856.5 54023.4 7481.31 18932 55554.3 49412.2 31910 6596.97 35062.9 57422.7 
63035.4 86040.3 26842.7 21170.3 51000 74661.2 46438.9 32382.7 60987 23300 
77039.3 80378.2 38129.4 24675.9 22472.2 61633.2 68514.9 45842.3 51200.1 35513 
85708.4 92417.3 46308.7 33401.3 29652.2 73694.1 74133.5 53867.7 63306.4 27464.2 
17479.4 68000 33675.2 46942.2 86358.6 73586 8495.88 26223.1 60694.2 73458.8 
74436.1 81220 35151.8 21911.2 27513.6 63687.8 64589.9 42822.4 52448.5 31432.6 
65151.7 26432 54326.1 53379.6 52682.4 1118.03 78382.7 56128.8 14600.3 92815.4 
44349.7 61937.1 5220.15 8276.47 47880.3 53093.6 37372.9 12912 38788.3 46940.1 
41713.8 39525.8 23161.4 26046.1 48514.9 31300.6 48341 24671 16918.9 67966.2 
45735.4 13396.3 61307.4 68507.3 85821 37402.1 68880.2 57995.9 37847.1 110212 
32284.5 79397.4 32400.6 43832.1 84349.6 81160.8 6511.53 26877.7 67281.5 62102 
53489.9 12401.6 68013.7 74433.9 88752.1 37710.7 76667.2 65107.7 40987.1 116316 
15469.3 59311.1 25854.4 39315.4 77576.5 63530.5 15216.1 18141.7 50510.7 70525 
44363.9 79223.3 20301 27023.7 66544 74468 24624.6 20038.5 60033.4 42723.4 
42100.1 15834.5 45087.1 50494.6 67102.9 24070.9 60010.1 43379.7 19525.6 92421 
43360.1 43424.5 20441.4 22138.2 45707.3 33781.8 47758.2 23049.5 19362.1 64026 
57969 3962.32 63957.8 68107.6 77345 24758.8 78359.7 62558.5 30841.5 109887 
45709.6 86999.4 30808.4 38382.4 77650 84400.2 21386 28709.1 70010.3 47676.6 
42218.1 77286.5 18959.4 26683.5 66614.8 72974.7 23036.1 18122.1 58545.2 44617.9 
68314.3 45863.5 44210.9 38325.6 31067.2 22748.2 74159.8 48791.1 18332.5 73669.7 
24593.7 29508.3 41060 50750.1 77200.1 41876 45930.8 36419.4 33823.7 91001.2 
14560.2 57392.8 25761.4 39184.2 76966.1 61832.4 17129.2 18073.7 48926.2 71375.1 
46598.8 68430 8376.16 10080.2 50425.1 59776.2 35611.8 14767.9 45500.3 41607 
51116.5 21533.5 43879.9 45866.1 55903.1 13297 65131 44363 8005.62 87259 
31877.9 26169.6 36368.8 43934.5 67162.6 32607.5 48903.7 33528.8 23375.4 85382.3 
57134.9 77190 19011.8 12336.9 46513 65881.8 43674.4 25490.8 52118 31166.2 
26706 49973 14601.4 26500 61806.6 48961.2 29340.1 9621.33 35136.9 64461 
19598 45795.7 22999.3 34878.6 68689.6 49065.8 29433.5 17114.3 36355.6 72652.9 
63607 82880.3 25607 17360 45394.4 70303.6 49049.4 32074.4 56919.6 24852 
86226 78207.7 49789.7 36967 5308.48 55857.4 81884.1 57217.7 48994.8 51402.4 
87726.2 81992.3 50371.8 37191 9289.24 60024.3 82047.8 57947 52646 47800.6 
72339.8 41430.9 52529.8 47830.2 38220.5 16324.8 80992.5 56329.8 19102.4 83637.3 
81942.1 84917.2 42891.1 29477.1 22232.4 65553.4 72790.2 50598 55612.7 34502.3 
25205 78892.3 46513 59452.6 99406.5 86504.7 15068.5 39340.2 73959.6 81403.9 
55005.8 10259.1 67883.2 73835.5 86964 35406.9 77722.9 65280.5 39407.7 115760 
72136.6 95830.1 36820.9 30517.7 54527.9 83573.3 53707.5 42124.7 70194.2 13792.8 
52759.5 20363 71915.6 79400.3 96002.6 45679.9 77209.4 68264.3 48046.3 121046 
39677.3 14340.2 50280.2 57210.6 75855.5 31295 60591.3 47385.8 28314.3 98945.2 
81420.5 100639 44274.7 35305.8 50129.4 86007 64125.3 50444.8 73463.5 7261.54 
80628.3 83921.5 41576.9 28161.9 22539.1 64771.6 71522 49284.2 54660 34342.1 
35588.3 83216.9 35281.7 46178.5 86638.6 84831.1 9709.79 30161.7 70892.9 61788.2 
16667.6 39947.2 47060.8 58661.5 88940 55160.9 42059.5 40796.7 47163.1 96473.9 
14402.8 47145.4 27051.2 39473 73880.6 52727.3 27373.2 20408.3 40576.5 76052.9 
3501.43 50581.1 39629.4 52500.9 87153.2 61520.2 28864.7 32388.3 50984.8 87145 
71485.7 84091 32224.8 20354.1 36018.5 68520.7 59082.3 39550.6 56260.1 24829.4 
66511.4 101473 40800.1 41282 73518 93941.7 43193.6 42689.8 79697.2 29215.9 
30179.8 60890.5 10469.5 23846.6 63236.7 58588.8 22605.5 3280.24 44367.7 56423.5 
19145 61919 23678.3 37094.6 76094.5 64850.1 13103.4 16063.9 51463.6 67007.5 
63403.9 80142.4 24575.2 14645.5 41782.4 66876.8 50354.9 31552 53679.2 27303.5 
27181.1 32409.9 31274.6 40070.6 66822.5 37375.1 42726.3 27762.7 26451.8 80888.3 
56103.6 3000 63841.2 68551.1 79215.2 27131.2 77065.8 62094.8 32188.5 110426 
33677.4 26315 35260.5 42209.6 64640.9 30709.3 49597 32931 20940.4 83843.9 
77925.1 101705 42900.5 36246.4 57030.7 88910.1 58772.5 48163.3 75724.8 8309.63 
27709.4 28666.7 50711.7 60624.5 86159.4 46499.9 51966.5 45684.7 40923.8 100689 
61823.1 71946.2 22588.7 9300.54 34047.6 57223.9 52970.7 30285.3 44465.8 36083.9 
39590.4 84977.9 33476.7 43292.5 83481.9 84977.9 13970.3 29383.3 70809.7 56456.4 
