100 10 17
777 335 649 27 763 426 211 429 862 135 
929 802 22 58 69 167 393 456 11 42 229 373 421 919 784 537 198 
13 2 4 0 5 4 1 2 14 3 14 15 7 4 14 15 0 14 16 3 14 1 7 14 2 9 3 15 15 13 11 13 4 4 15 15 0 15 1 6 0 14 2 14 4 9 11 10 12 15 14 15 0 3 13 5 6 2 7 2 9 7 6 12 11 9 13 15 4 6 2 0 4 10 5 10 0 12 12 14 16 4 13 15 14 15 5 1 11 1 14 10 3 7 2 13 0 2 0 6 
5204.61 7341.18 1411.56 1063.01 4871.82 6342.09 3929.44 2040.05 4936.49 3587.1 
8077.59 8025.74 4247.36 2906.3 1670.93 6013.33 7357.59 5015.38 5081.9 4037.14 
5731.47 898.944 6856.1 7398.28 8563.6 3343.49 7958.8 6628.57 3846.1 11591.1 
2397.27 7721.62 5483.36 6818.78 10716.2 8828.77 2600.08 4724.88 7692.2 9301.88 
872.067 6241.19 4405.11 5748.26 9477.24 7306.61 2311.06 3635.01 6193.17 8770.91 
5528.44 7447.1 1667.84 975.295 4566.16 6327.85 4289.81 2346.1 4946.32 3376.05 
4888.95 941.116 5174.64 5615.28 6879.22 2052.34 6740.36 5047.06 2090.38 9802.92 
8973.96 6715.09 5977.16 4967.29 1792.04 4216.84 9185.69 6598.26 4128.69 7362.1 
3948.19 4152.02 2030.39 2437.42 4978.55 3440.36 4523.06 2151.28 2005.62 6626.95 
4522.83 6551.22 610.328 900 4949.28 5689.61 3594.84 1330.04 4259.59 4407.1 
3661.91 8730.6 4292 5416.9 9466.2 9076.28 1297.57 3729.8 7710.52 6876.69 
7434.55 5279.56 4740.68 3964.4 2470.08 2891.71 7849.18 5275.23 2553.27 7161.75 
5052.02 2445.61 4123.93 4289.21 5340.68 1448.45 6344.76 4203.44 543.323 8423.27 
2987.44 2668.65 3726.51 4544.93 6960.93 3484.55 4793.38 3392.02 2594.94 8664.6 
9918.05 7331.97 6962.33 5935.7 2420.02 4800.37 10171.4 7583.83 4933.56 8090.3 
1477.63 5496.59 2476.55 3807.07 7523.86 5924.23 1960.23 1720 4637.64 7152.68 
3385.99 7194.23 1855.69 2969.87 7021.57 7015.1 1594.24 1432.65 5588.13 5291.22 
1806.02 3760.05 3394.38 4487.91 7513.3 4634.59 3717.12 2850 3595.47 8384.75 
5105.54 6352.84 1236.93 206.155 4090.2 5179.85 4436.3 2001.92 3797.47 4398.2 
8185.63 7635.52 4497.22 3203.51 967.729 5494.31 7696.51 5245.85 4693.08 4789.4 
3994.9 6694.81 690 1664.81 5715.05 6108.89 2838.33 906.973 4665.5 4671.84 
6937.97 5170.54 4163.9 3405.08 2508.39 2932.93 7282.04 4704.25 2304.71 6748.67 
4554.49 7207.95 1122.54 1564.16 5560.04 6476.12 3162.61 1503.33 5039.22 4079.77 
5375.87 4157.85 3067.78 2802.64 3850.01 2557.05 5937.62 3437.59 1266.69 6800.62 
1670.27 4792.92 2430.74 3674.91 7151.22 5214.57 2680.91 1772.79 3956.83 7339.84 
8326.33 10588.8 4778.97 4032.88 5742.59 9223.5 6413.63 5328.24 7935.45 305.941 
2326.48 4497.55 2061.89 3186.99 6504.9 4650.27 3149.63 1563.11 3341.05 7055.69 
6306.32 2263.18 5461.74 5459.5 5605.65 270.185 7736.83 5590 1496.46 9467.92 
5450.55 6068.97 1778.82 765.31 3516.89 4679.85 5023.09 2498.74 3354.91 4708.21 
8216.59 4895.6 6081.42 5468.75 3696.4 2372.28 9020.8 6515.6 2892.49 8752.63 
3090.95 7162.24 2128.69 3308.29 7355.72 7119.73 1214.62 1595.31 5707.93 5652.12 
5117.23 752.13 5411.33 5825.8 6969.15 1997.22 6990.11 5293.71 2207.37 10008.6 
8752.65 8768.24 4872.56 3526.66 1912.3 6710.96 7897.15 5643.84 5822.04 3830.2 
1786.31 5535.65 2167.49 3500.36 7244.89 5827.42 1979.9 1410 4506.44 6862.26 
7382.53 8633.43 3460.71 2278.82 3613.86 7044.69 6105.68 4189.37 5835.45 2319.76 
4329.25 2597.86 3597.85 3959.04 5599.73 2174.7 5634.94 3586.45 1059.48 8146.17 
6352.9 3488.91 4618.24 4342.19 4219 1196.7 7317.79 4918.74 1016.71 8186.48 
5353.81 5486.31 2032.98 1350.74 3473.11 4044.28 5235.82 2651.66 2726.35 5328.86 
7603.45 5848.3 4610.64 3682.46 1844.91 3515.51 7800.82 5212.84 3025.36 6609.1 
6937.85 8241.51 3011.59 1833.08 3654.53 6724.47 5714.31 3744.33 5478.99 2596.25 
3697.09 8814.77 4448.46 5580.08 9629.96 9196.96 1408.12 3877.69 7837.47 7026.59 
5405.2 1940.03 7237.47 7960.36 9546.52 4471.61 7833.04 6888.51 4756.82 12132.9 
5344.39 3475.46 3570.01 3468.79 4352.39 1894.47 6213.42 3826.24 551.543 7511.17 
324.5 5539.46 3676 5001.45 8634.96 6453.54 2288.62 2920.15 5311.59 8281.47 
3385.65 5402.34 748.131 1893.2 5555.43 4941.22 3191 659.697 3506.29 5742.27 
6303.54 8604.03 2684.27 2117.03 5100 7466.12 4643.89 3238.27 6098.7 2330 
7703.93 8037.82 3812.94 2467.59 2247.22 6163.32 6851.49 4584.23 5120.01 3551.3 
8570.84 9241.73 4630.87 3340.13 2965.22 7369.41 7413.35 5386.77 6330.64 2746.42 
1747.94 6800 3367.52 4694.22 8635.86 7358.6 849.588 2622.31 6069.42 7345.88 
7443.61 8122 3515.18 2191.12 2751.36 6368.78 6458.99 4282.24 5244.85 3143.26 
6515.17 2643.2 5432.61 5337.96 5268.24 111.803 7838.27 5612.88 1460.03 9281.54 
4434.97 6193.71 522.015 827.647 4788.03 5309.36 3737.29 1291.2 3878.83 4694.01 
4171.38 3952.58 2316.14 2604.61 4851.49 3130.06 4834.1 2467.1 1691.89 6796.62 
4573.54 1339.63 6130.74 6850.73 8582.1 3740.21 6888.02 5799.59 3784.71 11021.2 
3228.45 7939.74 3240.06 4383.21 8434.96 8116.08 651.153 2687.77 6728.15 6210.2 
5348.99 1240.16 6801.37 7443.39 8875.21 3771.07 7666.72 6510.77 4098.71 11631.6 
1546.93 5931.11 2585.44 3931.54 7757.65 6353.05 1521.61 1814.17 5051.07 7052.5 
4436.39 7922.33 2030.1 2702.37 6654.4 7446.8 2462.46 2003.85 6003.34 4272.34 
4210.01 1583.45 4508.71 5049.46 6710.29 2407.09 6001.01 4337.97 1952.56 9242.1 
4336.01 4342.45 2044.14 2213.82 4570.73 3378.18 4775.82 2304.95 1936.21 6402.6 
5796.9 396.232 6395.78 6810.76 7734.5 2475.88 7835.97 6255.85 3084.15 10988.7 
4570.96 8699.94 3080.84 3838.24 7765 8440.02 2138.6 2870.91 7001.03 4767.66 
4221.81 7728.65 1895.94 2668.35 6661.48 7297.47 2303.61 1812.21 5854.52 4461.79 
6831.43 4586.35 4421.09 3832.56 3106.72 2274.82 7415.98 4879.11 1833.25 7366.97 
2459.37 2950.83 4106 5075.01 7720.01 4187.6 4593.08 3641.94 3382.37 9100.12 
1456.02 5739.28 2576.14 3918.42 7696.61 6183.24 1712.92 1807.37 4892.62 7137.51 
4659.88 6843 837.616 1008.02 5042.51 5977.62 3561.18 1476.79 4550.03 4160.7 
5111.65 2153.35 4387.99 4586.61 5590.31 1329.7 6513.1 4436.3 800.562 8725.9 
3187.79 2616.96 3636.88 4393.45 6716.26 3260.75 4890.37 3352.88 2337.54 8538.23 
5713.49 7719 1901.18 1233.69 4651.3 6588.18 4367.44 2549.08 5211.8 3116.62 
2670.6 4997.3 1460.14 2650 6180.66 4896.12 2934.01 962.133 3513.69 6446.1 
1959.8 4579.57 2299.93 3487.86 6868.96 4906.58 2943.35 1711.43 3635.56 7265.29 
6360.7 8288.03 2560.7 1736 4539.44 7030.36 4904.94 3207.44 5691.96 2485.2 
8622.6 7820.77 4978.97 3696.7 530.848 5585.74 8188.41 5721.77 4899.48 5140.24 
8772.62 8199.23 5037.18 3719.1 928.924 6002.43 8204.78 5794.7 5264.6 4780.06 
7233.98 4143.09 5252.98 4783.02 3822.05 1632.48 8099.25 5632.98 1910.24 8363.73 
8194.21 8491.72 4289.11 2947.71 2223.24 6555.34 7279.02 5059.8 5561.27 3450.23 
2520.5 7889.23 4651.3 5945.26 9940.65 8650.47 1506.85 3934.02 7395.96 8140.39 
5500.58 1025.91 6788.32 7383.55 8696.4 3540.69 7772.29 6528.05 3940.77 11576 
7213.66 9583.01 3682.09 3051.77 5452.79 8357.33 5370.75 4212.47 7019.42 1379.28 
5275.95 2036.3 7191.56 7940.03 9600.26 4567.99 7720.94 6826.43 4804.63 12104.6 
3967.73 1434.02 5028.02 5721.06 7585.55 3129.5 6059.13 4738.58 2831.43 9894.52 
8142.05 10063.9 4427.47 3530.58 5012.94 8600.7 6412.53 5044.48 7346.35 726.154 
8062.83 8392.15 4157.69 2816.19 2253.91 6477.16 7152.2 4928.42 5466 3434.21 
3558.83 8321.69 3528.17 4617.85 8663.86 8483.11 970.979 3016.17 7089.29 6178.82 
1666.76 3994.72 4706.08 5866.15 8894 5516.09 4205.95 4079.67 4716.31 9647.39 
1440.28 4714.54 2705.12 3947.3 7388.06 5272.73 2737.32 2040.83 4057.65 7605.29 
350.143 5058.11 3962.94 5250.09 8715.32 6152.02 2886.47 3238.83 5098.48 8714.5 
7148.57 8409.1 3222.48 2035.41 3601.85 6852.07 5908.23 3955.06 5626.01 2482.94 
6651.14 10147.3 4080.01 4128.2 7351.8 9394.17 4319.36 4268.98 7969.72 2921.59 
3017.98 6089.05 1046.95 2384.66 6323.67 5858.88 2260.55 328.024 4436.77 5642.35 
1914.5 6191.9 2367.83 3709.46 7609.45 6485.01 1310.34 1606.39 5146.36 6700.75 
6340.39 8014.24 2457.52 1464.55 4178.24 6687.68 5035.49 3155.2 5367.92 2730.35 
2718.11 3240.99 3127.46 4007.06 6682.25 3737.51 4272.63 2776.27 2645.18 8088.83 
5610.36 300 6384.12 6855.11 7921.52 2713.12 7706.58 6209.48 3218.85 11042.6 
3367.74 2631.5 3526.05 4220.96 6464.09 3070.93 4959.7 3293.1 2094.04 8384.39 
7792.51 10170.5 4290.05 3624.64 5703.07 8891.01 5877.25 4816.33 7572.48 830.963 
2770.94 2866.67 5071.17 6062.45 8615.94 4649.99 5196.65 4568.47 4092.38 10068.9 
6182.31 7194.62 2258.87 930.054 3404.76 5722.39 5297.07 3028.53 4446.58 3608.39 
3959.04 8497.79 3347.67 4329.25 8348.19 8497.79 1397.03 2938.33 7080.97 5645.64 
