150 15 22
777 335 649 27 763 426 211 429 862 135 22 167 11 373 784 
537000 198000 324000 315000 370000 413000 526000 91000 980000 956000 873000 862000 170000 996000 281000 305000 925000 84000 327000 336000 505000 846000 
13 0 15 12 20 4 20 14 8 9 20 19 18 15 8 21 11 8 13 21 13 21 5 10 18 6 15 14 19 20 1 21 8 3 12 15 15 9 9 3 19 11 19 15 13 21 14 6 0 15 21 12 9 13 16 10 3 12 0 12 18 3 4 10 20 6 2 4 16 5 15 1 12 5 12 1 17 4 12 18 14 21 6 0 11 13 15 21 19 7 20 8 21 14 0 17 7 16 2 1 20 6 1 20 0 17 3 21 9 18 3 16 18 10 14 21 18 0 6 15 9 5 15 11 11 8 0 14 20 1 0 14 2 13 20 0 14 17 14 7 18 3 2 7 6 16 9 4 21 20 
757.694 6053.92 3722.28 5066.45 8825.72 6901.14 1858.01 2951.69 5717.43 8125.27 6184.5 8282.32 4089.02 6839.77 1245.31 
5954.49 2119.46 5168.96 5225.67 5617.42 522.015 7392.19 5272.13 1243.91 9280.13 2226.12 9817.02 5175.71 9231.57 5815.88 
6746.27 4378.09 4458.8 3930.32 3320.24 2060.9 7404.9 4887.9 1661.11 7533.13 4499.44 8126.13 4303.05 7842.37 6776.08 
8432.14 9306.45 4495.39 3240.52 3263.92 7502.35 7191.06 5240.15 6417.89 2421.92 9462.06 3071.03 4140.17 3718.6 8778.52 
3061.05 8281.36 4350.37 5572 9615.66 8807.64 1113.96 3701.92 7485.38 7418.74 8420.21 7395.69 4664.12 5807.46 3519.62 
2272.2 7370.17 3617.73 4904.33 8908.34 7880.41 523.45 2914.46 6567.95 7230.95 7511.3 7289.45 3955.36 5753.06 2760.62 
2358.5 5313.27 1599.06 2895.6 6579 5346.49 2461.42 910 3978.47 6476.54 5472.45 6765.72 1952.56 5553.42 2686.04 
487.032 5343.94 4401.92 5704.24 9202.23 6568.05 2999.08 3663.14 5552.41 9079.65 5457.11 9279.28 4760.38 7884.53 255.539 
5951.24 4875.92 3153.98 2550.71 3093.17 3034.53 6240.51 3666.95 1935.98 6296.11 5023.59 6865.31 2963.66 6490.59 6071.46 
7571.27 10662.5 4589.47 4310.19 6982.64 9664.33 5345.09 4929.68 8278.38 1939.12 10829 1636 4450.4 301.496 8046.92 
4515.86 8593.93 2957.58 3718.31 7652.56 8320.01 2118.8 2754.27 6880.59 4728.9 8754.39 4713.77 3103.06 3143.31 5013.27 
4891.55 4979.02 1929.25 1654.84 3937.32 3714.46 4996.08 2418.53 2327.23 5783.58 5141.06 6287.84 1783.62 5664 5073.72 
2971.21 4874.09 1358.01 2433.87 5860.83 4630.36 3244.23 1046.76 3229.02 6352.1 5038.3 6710.48 1627.91 5648.09 3213.1 
7701.44 4761.77 5448.68 4831 3339.28 2242.88 8417.01 5896.24 2444.77 8181.33 4857.51 8796.82 5276.38 8644.91 7705.61 
2987.66 2655.9 3747.69 4567.24 6980.35 3489.01 4804.16 3411.41 2607.22 8686.55 2807.94 9081.88 3963.34 8061.2 2827.19 
6087.77 8125.72 2316.72 1601.78 4686.46 6941.41 4627.79 2944.57 5581.58 2694.62 8291.3 3104.4 2041.3 2447.3 6485.14 
5207.04 1153.95 5179.29 5514.21 6538.54 1610.03 6945.92 5117.55 1793.6 9682.19 1298.65 10176.7 5263.77 9428.3 5000.36 
5045.91 4606.79 2387.32 2128.1 3875.59 3228.76 5361.2 2813.01 1861.96 6206.01 4765.96 6725.79 2265.66 6143.7 5183.1 
8457.33 11128.5 5163.82 4605.7 6615.47 9899.26 6348.56 5622 8570.71 1047.09 11294.4 550.727 4959.49 1125.39 8917.98 
5608.65 3436.28 3851.57 3696.77 4297.03 1658.49 6510.19 4120.74 502.195 7689.6 3577.78 8234.76 3788.26 7713.27 5606.64 
3285.68 2457.48 5418.06 6341.68 8682.08 4436.87 5699.56 4958.64 4036.56 10406.7 2530.32 10770.2 5671.83 9654.5 2881.11 
6124.13 3018.23 4700.27 4554.67 4684.02 821.523 7245.53 4929.95 810.247 8498.17 3136.14 9055.32 4648.12 8569.83 6060.6 
2178.3 3712.48 5135.46 6251.67 9119.5 5442.66 4731.14 4537.93 4771.17 10103.3 3797.6 10400 5443.62 9152.22 1712.92 
7313.61 6191.12 4034.08 2984.85 1601.53 4026.04 7269.18 4693.92 3263.77 5802.62 6327.76 6427.48 3745.25 6410.78 7474.25 
1457.74 3947.82 4047.28 5201.25 8280.02 5176.53 3807.37 3435.35 4252.02 9002.45 4068.93 9295.72 4364.06 8052.08 1172.73 
5878.82 3024.83 4431.37 4316.77 4652.49 1038.17 6970.93 4654.21 542.033 8297.78 3152.79 8847.58 4385.26 8333.34 5826.83 
5301.82 7724.31 1698 1511.19 5214.22 6781.74 3808.25 2218.22 5370.18 3349.78 7890.74 3665.31 1512.38 2670.3 5713.16 
6390.15 4951.86 3624.16 2948.22 2821.1 2907.25 6720.6 4146.54 2014.67 6519.15 5091.56 7106.97 3422.57 6820.92 6493.67 
4440.02 1380.62 4705.96 5205.25 6724.08 2244.75 6241.35 4555.44 1935.07 9398.22 1546.93 9860.83 4834.23 9014.17 4231.32 
1436.8 6720.93 3810.47 5150.07 9040.98 7465.9 1320.19 3049.1 6230.77 7884.95 6854.14 7991.86 4171.38 6495.37 1905.39 
6316.68 2380.76 5386.97 5359.56 5471.54 158.114 7705.6 5531.3 1412.3 9353.87 2471.3 9904.37 5372.01 9375.06 6184.63 
1609.63 4279.84 2904.96 4075.45 7333.68 4919.55 3172.38 2306.71 3757.55 7867.87 4426.34 8172.67 3223.18 6965.21 1688.61 
7050.25 4491.38 4766.43 4201.71 3278.44 2081.47 7723.71 5204.02 1894.23 7717.6 4604.87 8318.95 4603.69 8081.1 7072.21 
8599.96 8650.47 4719.75 3373.8 1916.38 6614.47 7748.47 5491.02 5705.61 3784.42 8796.96 4433.84 4353.54 4977.84 8885.19 
2605.09 8002.01 4967.17 6268.28 10253.7 8849.18 1843.58 4241.99 7618.53 8470.01 8127.54 8475.74 5311.54 6898.91 2970.42 
4941.44 773.369 5328.24 5782.61 7038.55 2147.3 6840.36 5187.68 2254.88 9971.28 938.616 10445.5 5447.37 9627 4692.56 
5438.54 8102.64 2034.94 1940.23 5549.82 7205.73 3750.55 2463.43 5790.08 3156.26 8269.06 3408.47 1893.07 2296.11 5869.86 
7154.89 3616.1 5532.63 5197.36 4468.17 1084.62 8222.6 5838.23 1825.38 8911.76 3700.66 9500.81 5435.3 9167.58 7087.98 
6602.12 7400.74 2688.81 1349.52 3042.53 5800.56 5729.65 3459.51 4585.07 3528.7 7560.03 4110.01 2322.07 3950.01 6911.85 
4126.98 5998.54 276.586 1128.72 5023.09 5231.8 3519.5 1008.46 3791.58 4962.91 6164.97 5346.27 228.035 4396.02 4452.2 
6831.59 4020.61 4818.64 4382.44 3756.59 1601.53 7660.79 5193.11 1549.23 8048.66 4131.46 8638.73 4689.84 8327.14 6823.09 
6671.71 8780.93 2970.69 2235.73 4859.89 7534.89 5051.99 3569.1 6197.18 2030.27 8946.25 2441.25 2705.12 1950.92 7083.16 
6316.56 3776.69 4367.15 4024.49 3905.7 1555.89 7156.68 4709.79 1081.67 7831.64 3901.24 8405.24 4259.21 8011.1 6314.19 
3743.63 9140.25 5750.83 6988.96 11028.2 9938.66 2505.69 5077.11 8676.66 8682.54 9266.07 8602.85 6072.13 6996.87 4100.99 
6219.11 4130.88 3998.05 3574.76 3555.57 2024.75 6892.31 4393.55 1261.43 7348.32 4263.95 7923.06 3865.14 7545.73 6255 
4678.98 2355.93 3959.42 4242.23 5587.89 1786 6036.64 3976.69 851.469 8412.59 2515.49 8904.84 4019.32 8168.82 4589.12 
2276.95 3125.54 4117.09 5125.51 7855.04 4386.34 4462.87 3621.78 3564.77 9114.92 3252.28 9459.1 4391.18 8315.15 2011.62 
8739.5 6720.37 5649.07 4608.31 1454.13 4259.2 8871.19 6286.66 4036.09 6976.72 6830.79 7622.87 5368.51 7825.45 8850.37 
340.147 5599.04 4253.4 5574.31 9160.81 6725.91 2675.26 3500.01 5659.84 8848.82 5716.86 9032.3 4616.24 7617.57 520.384 
8316.33 4759.43 6327.12 5762.54 4047.97 2270.59 9212.6 6733.74 2970.39 9100.43 4826.73 9720.44 6172.79 9587.18 8274.36 
7083.63 7550.66 3202.14 1855.86 2525.39 5791.24 6281.82 3973.16 4666.4 3658.76 7706.11 4274.81 2836.51 4304.65 7376.29 
1626.41 4165.3 3019.42 4173.54 7381.4 4859.56 3289.76 2432.82 3723.61 7990 4310.45 8298.73 3333.05 7097.17 1664.12 
3946.35 3386 2759.86 3189.25 5329.89 2863.98 4940.65 2769.57 1504.79 7382.21 3552.03 7841.15 2845.29 7019.44 3974.54 
2532.98 7925.26 5238.83 6557.35 10510.1 8892.5 2204.84 4496.78 7702.11 8871.44 8044.9 8886.99 5590.35 7314.6 2841.64 
8533.53 7523.54 4981.86 3740.37 311.448 5251.79 8214.16 5708.12 4620.31 5462.06 7655.06 6111.38 4648.14 6440.02 8729.68 
6937.45 7474.07 3051.38 1705.11 2648.02 5754.07 6130.13 3822.51 4604.49 3649.4 7630.53 4256.99 2685.55 4232.12 7232.79 
866.487 5601.08 3135.36 4469 8168.54 6290.76 1952.26 2373.56 5073.51 7726.53 5740.03 7927.38 3500.69 6546.71 1325.93 
3488.27 3487.94 2598.56 3220.25 5685.16 3254.98 4535.6 2491.47 1941.78 7390.32 3654.09 7820.6 2740.07 6915.27 3525.75 
5494.59 7628.6 1725.4 1234.71 4832.57 6572.2 4130.11 2343.86 5179.36 3273.41 7794.75 3649.07 1469.86 2811.49 5887.78 
5764.9 5706.29 2371.24 1486.37 3063.41 4100.78 5600.29 3025.38 2861.75 5220.67 5863.15 5775.3 2099.55 5375.84 5973.69 
1046.9 6042.39 3267.25 4613.07 8412.15 6716.58 1574.71 2495.96 5479.43 7664.16 6180.52 7830.01 3633.73 6402.52 1548.58 
4747.09 1744.13 4480.92 4835.3 6121.48 1739.71 6334.56 4430.86 1323.71 9013.99 1904.34 9500.07 4566.06 8733.3 4593.08 
7632.73 4894.01 5263.39 4605.41 3096.13 2398.52 8271.62 5733.62 2446.24 7916.24 4996.1 8532.85 5079.63 8394.47 7654.05 
5656.62 3922.27 3532.76 3254.98 3877.38 2128.76 6351.06 3880.12 975.295 7196.51 4067.1 7747.96 3432.1 7265.4 5699.56 
4433.53 5118.92 1386.54 1442.57 4393.86 4109.03 4426.52 1847.16 2680.02 5635.65 5284.11 6100.1 1293.14 5348.79 4650.99 
6049.01 7142.28 2121.32 801.561 3532.78 5715.45 5154.14 2890.14 4421.09 3634.2 7304.58 4165.73 1755.14 3777.37 6370.2 
5955.52 1562.59 5571.97 5732.66 6235.7 970.206 7584.89 5603.89 1778 9831.08 1650.76 10356.5 5610.01 9717.96 5766.57 
3740.01 3491.85 2613.58 3128.15 5450.11 3079.03 4720.17 2581.18 1728.12 7314.98 3658.26 7760.91 2722.08 6901.92 3781.14 
702.14 4749.79 4123.17 5378.94 8730.66 5946.07 3239.89 3424.62 4950.36 8946.87 4867.63 9187.69 4469.12 7854.93 368.917 
4501.26 4887.23 1657.47 1669.64 4322.97 3828.32 4633.66 2071.83 2401.42 5857.73 5051.7 6334.55 1574.58 5614.13 4690.86 
9581.88 6645.36 6891.23 5983.85 2920.15 4116.92 10038.1 7457.35 4423.6 8524.06 6724.41 9170.98 6648.5 9361.44 9621.06 
5490.15 1408.01 7002.98 7649.33 9063.53 3930.2 7831.81 6706.71 4293.17 11837.3 1310.04 12275.5 7182.6 11332.1 5091.92 
7742.47 6796.51 4281.55 3110.02 1082.4 4613.95 7526.44 4984.78 3867.47 5455.14 6933.12 6092.95 3964.06 6215.14 7928.79 
5981.41 1248.68 7208.84 7758.67 8889.78 3631.89 8252.58 6971.32 4192.4 11951.5 1100.59 12413 7362.02 11535.3 5603.57 
5869.8 483.322 6381.93 6770.27 7629.92 2353.25 7878.69 6258.73 3006.29 10942.3 417.253 11434.2 6487.26 10662.2 5574.59 
7520.91 6516.27 4131.92 3009.87 1328.34 4348.15 7376.53 4817.98 3586.03 5587.07 6653.31 6218.85 3825.98 6272.14 7697.08 
6864.76 3271.85 5406.26 5155.98 4704.73 740 8008.85 5670.67 1575.82 8966.66 3360.13 9544.8 5330.94 9152.19 6784.05 
7971.61 9082.04 4046.23 2838.05 3513.7 7388.48 6674.88 4778.21 6236.7 2182.15 9240.48 2827.81 3698.18 3288.24 8329.48 
3440.71 5945.77 509.902 1855.4 5760.95 5500.04 2815.17 262.488 4061.77 5381.77 6110.72 5699.59 876.641 4577.39 3796.76 
5202.47 8797.55 2829.31 3247.85 6992.03 8244.91 2981.71 2881.06 6803.31 3783.38 8961.77 3791.79 2862.11 2255.68 5685.7 
5105.29 8260.27 2198.29 2483.95 6245.01 7568.97 3180.77 2406.7 6133.13 3554.39 8425.89 3693.81 2173.48 2334.31 5563.86 
5387.81 6715.91 1463.28 166.433 4010.05 5486.89 4562.28 2233.76 4123.4 4030.91 6880.44 4507.29 1096.59 3886.66 5710.71 
9194.05 8247.38 5548.13 4257.38 588.303 5943.48 8750.42 6293.21 5353.22 5391.29 8377.05 6039.88 5201.59 6550.49 9406.08 
5708.46 8369.15 2312.49 2119.46 5572.15 7428.73 3958.28 2749.35 6021.03 2884.34 8535.58 3124.63 2156.04 2024.67 6143.7 
6111.91 8629.86 2624.52 2234.86 5411.28 7586.31 4363.27 3114.48 6198.52 2482.84 8796.19 2751.87 2428.87 1791.09 6543.31 
5651.07 7194.67 1715.72 638.905 4120.29 5957.16 4606.79 2460.33 4601.97 3556.92 7359.42 4026.16 1366.24 3425.84 6000.04 
5219.82 2164.53 4460.25 4632.2 5551.95 1221.88 6613.46 4521.34 782.943 8760.37 2308.87 9273.73 4493.61 8605.98 5106.9 
5236.89 1464.14 6842.02 7524.75 9056.47 3996.06 7596.27 6524.42 4268.08 11706.2 1392.62 12135.1 7031.43 11167.6 4834.14 
5985.06 1284.56 5809.83 6019.85 6573.92 1277.69 7710.93 5806.75 2091.24 10136.5 1354.47 10656.1 5862.85 9991.24 5769.45 
7746.65 9568.31 3977.3 3040.95 4669.78 8110.32 6115.69 4617.36 6850.73 1209.34 9731.53 1796.22 3680.57 2121.32 8151.77 
6427.95 1516.11 6206.13 6360.7 6672.61 1314.84 8157.38 6226.85 2391.4 10443.2 1541.46 10974.5 6245.68 10350.9 6205.56 
4904.86 7842.97 1764.77 2059.34 5906.99 7118.48 3182.77 2043.55 5683.56 3690.88 8008.9 3900.83 1723.86 2652.79 5346.19 
8051.05 8810.82 4111.22 2821.1 2948.22 7011.28 6922.43 4868.06 5921.12 2733.59 8966.21 3382.13 3750.12 3836.93 8383.73 
6650.09 9703.41 3622.21 3441.93 6492.5 8777.63 4526.37 3953.24 7374.61 2283.55 9869.78 2245.11 3498.24 757.166 7118.27 
2912.34 2495.96 4582.14 5487.67 7912.05 4007.69 5128.31 4153.37 3383.78 9562.9 2614.44 9934.57 4827.8 8846.13 2603.11 
6640.03 7790.64 2700.02 1445.54 3458.24 6275.39 5563.86 3454.19 5024.67 3044.16 7951.96 3610.24 2341.37 3430.71 6979.29 
8822.61 7997.66 5167.36 3877.64 528.11 5742.82 8370.54 5912.77 5082.4 5176.04 8130.93 5826.26 4820.84 6265.56 9039.3 
6742.73 5346.3 3802.17 2989.31 2401.04 3223.86 6960.78 4374.77 2420.43 6336.1 5483.36 6938.78 3568.81 6745.38 6862.25 
3278.67 4405.56 1692.57 2501.86 5563.43 4050.98 3810.77 1576.86 2648.85 6590.37 4571.31 6989.97 1873.95 6022 3447.46 
2090.29 3350.1 3807.28 4841.99 7677.77 4436.96 4173.37 3299.59 3520.26 8804.93 3484.15 9143.46 4087.95 7991.38 1886.8 
8100.38 6637.27 4829.96 3735.91 1047.85 4311.16 8069.45 5497.64 3783.19 6153.25 6763.27 6794.64 4533.45 6939.57 8248.74 
6330.01 10006.6 3983.63 4173.46 7569.65 9359.51 3945.54 4096.83 7925.18 3339.24 10171.3 3146.68 3965.48 1547.38 6822.68 
1555.63 6422.25 3056.55 4396.59 8294.44 6943.38 1086.32 2295.78 5653.29 7246.94 6565.15 7389.68 3417.6 5937.76 2057.98 
1306.14 6633.92 3906.21 5249.38 9114.97 7433.98 1492.15 3140.35 6217.95 8039.11 6764.91 8151.63 4269.19 6659.8 1761.73 
1960.1 3481.05 4369.36 5453.88 8324.34 4886.15 4330.74 3808.02 4080.75 9356.41 3594.77 9672.98 4666.69 8469.91 1618.3 
3192.32 7305.37 2222.66 3372.49 7423.4 7255.36 1196.41 1717.12 5841.32 5600.36 7462.82 5712.38 2501.38 4245.39 3680.49 
2986.13 4486.88 1690.12 2643.67 5843.9 4282.67 3540.52 1435.69 2901.26 6657.91 4651.3 7034.57 1922.76 6007.5 3170.57 
6717.45 4939.74 4037.08 3349.4 2745.63 2745.54 7119.16 4550.57 2059.13 6820.87 5071.5 7419.33 3836.94 7185.77 6801.01 
8846.34 5917.11 6288.59 5469.27 2914.88 3384.79 9386.91 6819.1 3658.25 8320.25 6001.87 8959.27 6067.26 9024.04 8874.78 
1597.9 4090.99 3156.96 4304.75 7479.85 4857.32 3374.31 2571.63 3750.89 8128.83 4233.83 8437.59 3469.19 7234.09 1595.31 
4593.53 1046.61 5910.26 6582.38 8231.56 3385.85 6828.79 5614.95 3432.84 10763.7 1092.02 11194 6093.81 10238.8 4240.78 
1945.04 7302.86 4280.29 5602.89 9549.71 8083.27 1370.58 3536.47 6845.53 8077.01 7433.03 8136.15 4633.27 6595.89 2367.13 
6936.63 2981.17 5720.31 5539.54 5143.39 528.015 8212.43 5940.21 1788.85 9396.73 3053.8 9970.16 5665.59 9546.82 6823.56 
4453.25 1142.32 4961.9 5501.36 7039.6 2435.02 6362.27 4776.99 2245.11 9694.44 1305.45 10150.6 5103.27 9280.8 4211 
5587.57 7656 1793.6 1215.11 4741.78 6564.89 4237.57 2428.6 5179.29 3211.79 7822 3601.68 1524.11 2809.57 5977.62 
2650.3 2840.74 4764.96 5747.29 8320.61 4469.72 5002.92 4274.68 3841.3 9761.94 2944.57 10110.1 5033.7 8967.48 2288.45 
2312.06 3511.6 3118.93 4108.19 6979.24 4139.05 3951.27 2676.6 3047.64 8112.81 3663.06 8470.01 3381.95 7368.27 2263.74 
4126.89 4846.08 1432.24 1752.37 4694.7 3990.1 4279.54 1743.85 2547.72 5935.7 5012.03 6384.37 1429.41 5573.24 4326.95 
4146.64 1270.63 5046.08 5691.34 7444.78 2917.07 6190.13 4788.53 2670.67 9874.84 1410.89 10309.6 5218.29 9376.25 3867.47 
8416.28 4957.07 6328.8 5720.51 3866.99 2454.89 9255.34 6757.07 3078.85 8985.46 5027.15 9609.27 6162.94 9508.84 8385.8 
3895.14 6263.55 235.372 1469.32 5466.01 5646.4 3059.44 701.783 4202.98 4924.43 6429.47 5255.56 508.035 4181.69 4259.67 
5468.83 1094.44 5419.15 5716.79 6587.36 1499.07 7217.34 5373.43 1908.82 9871.79 1217.58 10374.2 5494.55 9650.64 5254.81 
2558.53 7895.43 5556.73 6887.07 10804.7 8983.38 2607.68 4803.09 7836.17 9294.53 8008.53 9317.54 5913.38 7748.48 2798.04 
7546.3 9659.32 3891.39 3103.45 5114.76 8314.64 5792.21 4477.72 7014.02 1110.18 9823.98 1569.84 3625.27 1627.88 7968.27 
4292.84 5833.78 593.633 991.413 4746.76 4964.88 3819.32 1267.79 3530.1 5024.12 6000.11 5438.43 431.856 4567.24 4592.45 
6862.36 3330.54 5359.56 5095.13 4627.76 801.561 7982.34 5632.57 1556.31 8895.24 3420.94 9474.44 5280.15 9088.47 6787.35 
9294.65 11719.7 5868.47 5164.05 6627.73 10342 7234.76 6381.22 9063.8 1030.78 11884.6 516.14 5632.64 2024.85 9747.37 
4920.62 2899.28 3676.14 3802.17 5003.73 1787.18 6034.7 3801.59 428.019 7935.65 3054.13 8445.53 3688.16 7780.52 4885.67 
4523.74 1544.57 4566.06 5013.52 6464.21 2051.17 6232.21 4453.94 1674.31 9204.03 1710.26 9675.12 4678.48 8857.36 4340.66 
9126.93 11527.8 5682.06 4972.05 6473.09 10152.3 7088.37 6200.07 8872.44 847.585 11692.6 335.41 5444.16 1900.03 9577.49 
4850.92 6239.14 984.124 415.933 4324.12 5165.01 4200.3 1746.31 3760.92 4537.85 6404.7 4984.54 635.138 4234.05 5160.47 
3820.01 2758.12 3332.42 3857.78 5880.69 2673.46 5167.22 3230.62 1545.64 8048.38 2924.53 8498.31 3455.79 7635.74 3762.76 
7683.76 9918.17 4096.46 3364 5389.11 8600.06 5851.44 4655.5 7292.26 913.893 10083.2 1300.96 3844.23 1406.16 8114.6 
6010.07 9033.7 2948.1 2879.2 6225.24 8171.08 3988.14 3267.11 6755.63 2722.22 9199.97 2804.92 2842.01 1434.02 6471.24 
7773.71 9662.07 4030.71 3125.08 4798.43 8222.47 6105.16 4658.42 6956.28 1098.36 9825.58 1673.71 3740.66 2008.31 8183.52 
8724.02 7970.77 5052.7 3758.1 618.142 5738.38 8251.17 5800.39 5047.47 5063.2 8105.61 5713.5 4704.73 6139.78 8945.19 
4673.9 7275.96 1190.38 1516.08 5485.66 6505.4 3271.36 1610.37 5071.59 3965.96 7442.21 4255.93 1113.24 3147.21 5085.23 
7106.23 8460.83 3191.02 2040.12 3740.98 6935.78 5822.8 3913.94 5695.77 2388.39 8622.42 2973.1 2849.65 2975.79 7469.67 
1680.77 7000.09 5013.43 6359.01 10178.6 8118.53 2440.92 4244.01 7002.98 9112.85 7113.66 9197.85 5378.2 7674.5 1902.45 
5274.44 7572 1582.21 1320.95 5056.33 6600.74 3871.05 2150.37 5192.48 3428.64 7738.38 3770.48 1368.83 2829.36 5675.63 
1286.93 6230.03 3172.46 4518.07 8367.2 6833.6 1337.2 2403.33 5570.68 7473.59 6370.38 7627.79 3537.26 6187.54 1789.33 
2457.03 7718.4 4148.89 5429.71 9439.36 8336.94 971.236 3447.03 7045.89 7622.89 7854.64 7648.5 4484.75 6086.08 2912.54 
6225.09 5094.09 3327.46 2619.26 2811.14 3154.93 6456.9 3874.6 2147.09 6221.01 5238.83 6803.07 3114.11 6495.54 6351.08 
1954.38 3475.7 3808.48 4870.32 7764.86 4574.33 4070.74 3278.44 3646.71 8803.39 3607.99 9133.29 4097.27 7963.28 1747.94 
8527.72 9958.5 4670.39 3577.71 4293.37 8308 6996.83 5357.93 7138.52 1402.46 10118.4 2047.88 4345.34 2879.76 8914.76 
9030.64 11089.2 5406.68 4553.43 5741.3 9600.89 7151.18 5991.14 8362.26 444.072 11252.5 748.131 5134.83 2192.28 9461.67 
6512.55 9642.68 3556.88 3441.06 6583.17 8760.06 4365.89 3859.18 7350.12 2456.18 9808.94 2411 3448.96 890 6983.55 
1177.45 5303.86 5055.07 6340.13 9737.53 6774.49 3627.8 4327.7 5870.31 9768.55 5400.48 9970.05 5409.47 8573.09 771.038 
7152.2 6075.57 3889.02 2862.17 1754.82 3945.09 7120.6 4542.8 3140.72 5786.23 6213.92 6406.14 3604.72 6350.2 7312.74 
4359.97 3948.19 2421.24 2612.83 4693.84 3004.26 5010.59 2615.59 1561.15 6796.01 4112.09 7277.7 2427.2 6542.79 4450.28 
