150 15 22
777 335 649 27 763 426 211 429 862 135 22 167 11 373 784 
5370 1980 3240 3150 3700 4130 5260 910 9800 9560 8730 8620 1700 9960 2810 3050 9250 840 3270 3360 5050 8460 
13 0 15 12 20 4 20 14 8 9 20 19 18 15 8 21 11 8 13 21 13 21 5 10 18 6 15 14 19 20 1 21 8 3 12 15 15 9 9 3 19 11 19 15 13 21 14 6 0 15 21 12 9 13 16 10 3 12 0 12 18 3 4 10 20 6 2 4 16 5 15 1 12 5 12 1 17 4 12 18 14 21 6 0 11 13 15 21 19 7 20 8 21 14 0 17 7 16 2 1 20 6 1 20 0 17 3 21 9 18 3 16 18 10 14 21 18 0 6 15 9 5 15 11 11 8 0 14 20 1 0 14 2 13 20 0 14 17 14 7 18 3 2 7 6 16 9 4 21 20 
7.57694 60.5392 37.2228 50.6645 88.2572 69.0114 18.5801 29.5169 57.1743 81.2527 61.845 82.8232 40.8902 68.3977 12.4531 
59.5449 21.1946 51.6896 52.2567 56.1742 5.22015 73.9219 52.7213 12.4391 92.8013 22.2612 98.1702 51.7571 92.3157 58.1588 
67.4627 43.7809 44.588 39.3032 33.2024 20.609 74.049 48.879 16.6111 75.3313 44.9944 81.2613 43.0305 78.4237 67.7608 
84.3214 93.0645 44.9539 32.4052 32.6392 75.0235 71.9106 52.4015 64.1789 24.2192 94.6206 30.7103 41.4017 37.186 87.7852 
30.6105 82.8136 43.5037 55.72 96.1566 88.0764 11.1396 37.0192 74.8538 74.1874 84.2021 73.9569 46.6412 58.0746 35.1962 
22.722 73.7017 36.1773 49.0433 89.0834 78.8041 5.2345 29.1446 65.6795 72.3095 75.113 72.8945 39.5536 57.5306 27.6062 
23.585 53.1327 15.9906 28.956 65.79 53.4649 24.6142 9.1 39.7847 64.7654 54.7245 67.6572 19.5256 55.5342 26.8604 
4.87032 53.4394 44.0192 57.0424 92.0223 65.6805 29.9908 36.6314 55.5241 90.7965 54.5711 92.7928 47.6038 78.8453 2.55539 
59.5124 48.7592 31.5398 25.5071 30.9317 30.3453 62.4051 36.6695 19.3598 62.9611 50.2359 68.6531 29.6366 64.9059 60.7146 
75.7127 106.625 45.8947 43.1019 69.8264 96.6433 53.4509 49.2968 82.7838 19.3912 108.29 16.36 44.504 3.01496 80.4692 
45.1586 85.9393 29.5758 37.1831 76.5256 83.2001 21.188 27.5427 68.8059 47.289 87.5439 47.1377 31.0306 31.4331 50.1327 
48.9155 49.7902 19.2925 16.5484 39.3732 37.1446 49.9608 24.1853 23.2723 57.8358 51.4106 62.8784 17.8362 56.64 50.7372 
29.7121 48.7409 13.5801 24.3387 58.6083 46.3036 32.4423 10.4676 32.2902 63.521 50.383 67.1048 16.2791 56.4809 32.131 
77.0144 47.6177 54.4868 48.31 33.3928 22.4288 84.1701 58.9624 24.4477 81.8133 48.5751 87.9682 52.7638 86.4491 77.0561 
29.8766 26.559 37.4769 45.6724 69.8035 34.8901 48.0416 34.1141 26.0722 86.8655 28.0794 90.8188 39.6334 80.612 28.2719 
60.8777 81.2572 23.1672 16.0178 46.8646 69.4141 46.2779 29.4457 55.8158 26.9462 82.913 31.044 20.413 24.473 64.8514 
52.0704 11.5395 51.7929 55.1421 65.3854 16.1003 69.4592 51.1755 17.936 96.8219 12.9865 101.767 52.6377 94.283 50.0036 
50.4591 46.0679 23.8732 21.281 38.7559 32.2876 53.612 28.1301 18.6196 62.0601 47.6596 67.2579 22.6566 61.437 51.831 
84.5733 111.285 51.6382 46.057 66.1547 98.9926 63.4856 56.22 85.7071 10.4709 112.944 5.50727 49.5949 11.2539 89.1798 
56.0865 34.3628 38.5157 36.9677 42.9703 16.5849 65.1019 41.2074 5.02195 76.896 35.7778 82.3476 37.8826 77.1327 56.0664 
32.8568 24.5748 54.1806 63.4168 86.8208 44.3687 56.9956 49.5864 40.3656 104.067 25.3032 107.702 56.7183 96.545 28.8111 
61.2413 30.1823 47.0027 45.5467 46.8402 8.21523 72.4553 49.2995 8.10247 84.9817 31.3614 90.5532 46.4812 85.6983 60.606 
21.783 37.1248 51.3546 62.5167 91.195 54.4266 47.3114 45.3793 47.7117 101.033 37.976 104 54.4362 91.5222 17.1292 
73.1361 61.9112 40.3408 29.8485 16.0153 40.2604 72.6918 46.9392 32.6377 58.0262 63.2776 64.2748 37.4525 64.1078 74.7425 
14.5774 39.4782 40.4728 52.0125 82.8002 51.7653 38.0737 34.3535 42.5202 90.0245 40.6893 92.9572 43.6406 80.5208 11.7273 
58.7882 30.2483 44.3137 43.1677 46.5249 10.3817 69.7093 46.5421 5.42033 82.9778 31.5279 88.4758 43.8526 83.3334 58.2683 
53.0182 77.2431 16.98 15.1119 52.1422 67.8174 38.0825 22.1822 53.7018 33.4978 78.9074 36.6531 15.1238 26.703 57.1316 
63.9015 49.5186 36.2416 29.4822 28.211 29.0725 67.206 41.4654 20.1467 65.1915 50.9156 71.0697 34.2257 68.2092 64.9367 
44.4002 13.8062 47.0596 52.0525 67.2408 22.4475 62.4135 45.5544 19.3507 93.9822 15.4693 98.6083 48.3423 90.1417 42.3132 
14.368 67.2093 38.1047 51.5007 90.4098 74.659 13.2019 30.491 62.3077 78.8495 68.5414 79.9186 41.7138 64.9537 19.0539 
63.1668 23.8076 53.8697 53.5956 54.7154 1.58114 77.056 55.313 14.123 93.5387 24.713 99.0437 53.7201 93.7506 61.8463 
16.0963 42.7984 29.0496 40.7545 73.3368 49.1955 31.7238 23.0671 37.5755 78.6787 44.2634 81.7267 32.2318 69.6521 16.8861 
70.5025 44.9138 47.6643 42.0171 32.7844 20.8147 77.2371 52.0402 18.9423 77.176 46.0487 83.1895 46.0369 80.811 70.7221 
85.9996 86.5047 47.1975 33.738 19.1638 66.1447 77.4847 54.9102 57.0561 37.8442 87.9696 44.3384 43.5354 49.7784 88.8519 
26.0509 80.0201 49.6717 62.6828 102.537 88.4918 18.4358 42.4199 76.1853 84.7001 81.2754 84.7574 53.1154 68.9891 29.7042 
49.4144 7.73369 53.2824 57.8261 70.3855 21.473 68.4036 51.8768 22.5488 99.7128 9.38616 104.455 54.4737 96.27 46.9256 
54.3854 81.0264 20.3494 19.4023 55.4982 72.0573 37.5055 24.6343 57.9008 31.5626 82.6906 34.0847 18.9307 22.9611 58.6986 
71.5489 36.161 55.3263 51.9736 44.6817 10.8462 82.226 58.3823 18.2538 89.1176 37.0066 95.0081 54.353 91.6758 70.8798 
66.0212 74.0074 26.8881 13.4952 30.4253 58.0056 57.2965 34.5951 45.8507 35.287 75.6003 41.1001 23.2207 39.5001 69.1185 
41.2698 59.9854 2.76586 11.2872 50.2309 52.318 35.195 10.0846 37.9158 49.6291 61.6497 53.4627 2.28035 43.9602 44.522 
68.3159 40.2061 48.1864 43.8244 37.5659 16.0153 76.6079 51.9311 15.4923 80.4866 41.3146 86.3873 46.8984 83.2714 68.2309 
66.7171 87.8093 29.7069 22.3573 48.5989 75.3489 50.5199 35.691 61.9718 20.3027 89.4625 24.4125 27.0512 19.5092 70.8316 
63.1656 37.7669 43.6715 40.2449 39.057 15.5589 71.5668 47.0979 10.8167 78.3164 39.0124 84.0524 42.5921 80.111 63.1419 
37.4363 91.4025 57.5083 69.8896 110.282 99.3866 25.0569 50.7711 86.7666 86.8254 92.6607 86.0285 60.7213 69.9687 41.0099 
62.1911 41.3088 39.9805 35.7476 35.5557 20.2475 68.9231 43.9355 12.6143 73.4832 42.6395 79.2306 38.6514 75.4573 62.55 
46.7898 23.5593 39.5942 42.4223 55.8789 17.86 60.3664 39.7669 8.51469 84.1259 25.1549 89.0484 40.1932 81.6882 45.8912 
22.7695 31.2554 41.1709 51.2551 78.5504 43.8634 44.6287 36.2178 35.6477 91.1492 32.5228 94.591 43.9118 83.1515 20.1162 
87.395 67.2037 56.4907 46.0831 14.5413 42.592 88.7119 62.8666 40.3609 69.7672 68.3079 76.2287 53.6851 78.2545 88.5037 
3.40147 55.9904 42.534 55.7431 91.6081 67.2591 26.7526 35.0001 56.5984 88.4882 57.1686 90.323 46.1624 76.1757 5.20384 
83.1633 47.5943 63.2712 57.6254 40.4797 22.7059 92.126 67.3374 29.7039 91.0043 48.2673 97.2044 61.7279 95.8718 82.7436 
70.8363 75.5066 32.0214 18.5586 25.2539 57.9124 62.8182 39.7316 46.664 36.5876 77.0611 42.7481 28.3651 43.0465 73.7629 
16.2641 41.653 30.1942 41.7354 73.814 48.5956 32.8976 24.3282 37.2361 79.9 43.1045 82.9873 33.3305 70.9717 16.6412 
39.4635 33.86 27.5986 31.8925 53.2989 28.6398 49.4065 27.6957 15.0479 73.8221 35.5203 78.4115 28.4529 70.1944 39.7454 
25.3298 79.2526 52.3883 65.5735 105.101 88.925 22.0484 44.9678 77.0211 88.7144 80.449 88.8699 55.9035 73.146 28.4164 
85.3353 75.2354 49.8186 37.4037 3.11448 52.5179 82.1416 57.0812 46.2031 54.6206 76.5506 61.1138 46.4814 64.4002 87.2968 
69.3745 74.7407 30.5138 17.0511 26.4802 57.5407 61.3013 38.2251 46.0449 36.494 76.3053 42.5699 26.8555 42.3212 72.3279 
8.66487 56.0108 31.3536 44.69 81.6854 62.9076 19.5226 23.7356 50.7351 77.2653 57.4003 79.2738 35.0069 65.4671 13.2593 
34.8827 34.8794 25.9856 32.2025 56.8516 32.5498 45.356 24.9147 19.4178 73.9032 36.5409 78.206 27.4007 69.1527 35.2575 
54.9459 76.286 17.254 12.3471 48.3257 65.722 41.3011 23.4386 51.7936 32.7341 77.9475 36.4907 14.6986 28.1149 58.8778 
57.649 57.0629 23.7124 14.8637 30.6341 41.0078 56.0029 30.2538 28.6175 52.2067 58.6315 57.753 20.9955 53.7584 59.7369 
10.469 60.4239 32.6725 46.1307 84.1215 67.1658 15.7471 24.9596 54.7943 76.6416 61.8052 78.3001 36.3373 64.0252 15.4858 
47.4709 17.4413 44.8092 48.353 61.2148 17.3971 63.3456 44.3086 13.2371 90.1399 19.0434 95.0007 45.6606 87.333 45.9308 
76.3273 48.9401 52.6339 46.0541 30.9613 23.9852 82.7162 57.3362 24.4624 79.1624 49.961 85.3285 50.7963 83.9447 76.5405 
56.5662 39.2227 35.3276 32.5498 38.7738 21.2876 63.5106 38.8012 9.75295 71.9651 40.671 77.4796 34.321 72.654 56.9956 
44.3353 51.1892 13.8654 14.4257 43.9386 41.0903 44.2652 18.4716 26.8002 56.3565 52.8411 61.001 12.9314 53.4879 46.5099 
60.4901 71.4228 21.2132 8.01561 35.3278 57.1545 51.5414 28.9014 44.2109 36.342 73.0458 41.6573 17.5514 37.7737 63.702 
59.5552 15.6259 55.7197 57.3266 62.357 9.70206 75.8489 56.0389 17.78 98.3108 16.5076 103.565 56.1001 97.1796 57.6657 
37.4001 34.9185 26.1358 31.2815 54.5011 30.7903 47.2017 25.8118 17.2812 73.1498 36.5826 77.6091 27.2208 69.0192 37.8114 
7.0214 47.4979 41.2317 53.7894 87.3066 59.4607 32.3989 34.2462 49.5036 89.4687 48.6763 91.8769 44.6912 78.5493 3.68917 
45.0126 48.8723 16.5747 16.6964 43.2297 38.2832 46.3366 20.7183 24.0142 58.5773 50.517 63.3455 15.7458 56.1413 46.9086 
95.8188 66.4536 68.9123 59.8385 29.2015 41.1692 100.381 74.5735 44.236 85.2406 67.2441 91.7098 66.485 93.6144 96.2106 
54.9015 14.0801 70.0298 76.4933 90.6353 39.302 78.3181 67.0671 42.9317 118.373 13.1004 122.755 71.826 113.321 50.9192 
77.4247 67.9651 42.8155 31.1002 10.824 46.1395 75.2644 49.8478 38.6747 54.5514 69.3312 60.9295 39.6406 62.1514 79.2879 
59.8141 12.4868 72.0884 77.5867 88.8978 36.3189 82.5258 69.7132 41.924 119.515 11.0059 124.13 73.6202 115.353 56.0357 
58.698 4.83322 63.8193 67.7027 76.2992 23.5325 78.7869 62.5873 30.0629 109.423 4.17253 114.342 64.8726 106.622 55.7459 
75.2091 65.1627 41.3192 30.0987 13.2834 43.4815 73.7653 48.1798 35.8603 55.8707 66.5331 62.1885 38.2598 62.7214 76.9708 
68.6476 32.7185 54.0626 51.5598 47.0473 7.4 80.0885 56.7067 15.7582 89.6666 33.6013 95.448 53.3094 91.5219 67.8405 
79.7161 90.8204 40.4623 28.3805 35.137 73.8848 66.7488 47.7821 62.367 21.8215 92.4048 28.2781 36.9818 32.8824 83.2948 
34.4071 59.4577 5.09902 18.554 57.6095 55.0004 28.1517 2.62488 40.6177 53.8177 61.1072 56.9959 8.76641 45.7739 37.9676 
52.0247 87.9755 28.2931 32.4785 69.9203 82.4491 29.8171 28.8106 68.0331 37.8338 89.6177 37.9179 28.6211 22.5568 56.857 
51.0529 82.6027 21.9829 24.8395 62.4501 75.6897 31.8077 24.067 61.3313 35.5439 84.2589 36.9381 21.7348 23.3431 55.6386 
53.8781 67.1591 14.6328 1.66433 40.1005 54.8689 45.6228 22.3376 41.234 40.3091 68.8044 45.0729 10.9659 38.8666 57.1071 
91.9405 82.4738 55.4813 42.5738 5.88303 59.4348 87.5042 62.9321 53.5322 53.9129 83.7705 60.3988 52.0159 65.5049 94.0608 
57.0846 83.6915 23.1249 21.1946 55.7215 74.2873 39.5828 27.4935 60.2103 28.8434 85.3558 31.2463 21.5604 20.2467 61.437 
61.1191 86.2986 26.2452 22.3486 54.1128 75.8631 43.6327 31.1448 61.9852 24.8284 87.9619 27.5187 24.2887 17.9109 65.4331 
56.5107 71.9467 17.1572 6.38905 41.2029 59.5716 46.0679 24.6033 46.0197 35.5692 73.5942 40.2616 13.6624 34.2584 60.0004 
52.1982 21.6453 44.6025 46.322 55.5195 12.2188 66.1346 45.2134 7.82943 87.6037 23.0887 92.7373 44.9361 86.0598 51.069 
52.3689 14.6414 68.4202 75.2475 90.5647 39.9606 75.9627 65.2442 42.6808 117.062 13.9262 121.351 70.3143 111.676 48.3414 
59.8506 12.8456 58.0983 60.1985 65.7392 12.7769 77.1093 58.0675 20.9124 101.365 13.5447 106.561 58.6285 99.9124 57.6945 
77.4665 95.6831 39.773 30.4095 46.6978 81.1032 61.1569 46.1736 68.5073 12.0934 97.3153 17.9622 36.8057 21.2132 81.5177 
64.2795 15.1611 62.0613 63.607 66.7261 13.1484 81.5738 62.2685 23.914 104.432 15.4146 109.745 62.4568 103.509 62.0556 
49.0486 78.4297 17.6477 20.5934 59.0699 71.1848 31.8277 20.4355 56.8356 36.9088 80.089 39.0083 17.2386 26.5279 53.4619 
80.5105 88.1082 41.1122 28.211 29.4822 70.1128 69.2243 48.6806 59.2112 27.3359 89.6621 33.8213 37.5012 38.3693 83.8373 
66.5009 97.0341 36.2221 34.4193 64.925 87.7763 45.2637 39.5324 73.7461 22.8355 98.6978 22.4511 34.9824 7.57166 71.1827 
29.1234 24.9596 45.8214 54.8767 79.1205 40.0769 51.2831 41.5337 33.8378 95.629 26.1444 99.3457 48.278 88.4613 26.0311 
66.4003 77.9064 27.0002 14.4554 34.5824 62.7539 55.6386 34.5419 50.2467 30.4416 79.5196 36.1024 23.4137 34.3071 69.7929 
88.2261 79.9766 51.6736 38.7764 5.2811 57.4282 83.7054 59.1277 50.824 51.7604 81.3093 58.2626 48.2084 62.6556 90.393 
67.4273 53.463 38.0217 29.8931 24.0104 32.2386 69.6078 43.7477 24.2043 63.361 54.8336 69.3878 35.6881 67.4538 68.6225 
32.7867 44.0556 16.9257 25.0186 55.6343 40.5098 38.1077 15.7686 26.4885 65.9037 45.7131 69.8997 18.7395 60.22 34.4746 
20.9029 33.501 38.0728 48.4199 76.7777 44.3696 41.7337 32.9959 35.2026 88.0493 34.8415 91.4346 40.8795 79.9138 18.868 
81.0038 66.3727 48.2996 37.3591 10.4785 43.1116 80.6945 54.9764 37.8319 61.5325 67.6327 67.9464 45.3345 69.3957 82.4874 
63.3001 100.066 39.8363 41.7346 75.6965 93.5951 39.4554 40.9683 79.2518 33.3924 101.713 31.4668 39.6548 15.4738 68.2268 
15.5563 64.2225 30.5655 43.9659 82.9444 69.4338 10.8632 22.9578 56.5329 72.4694 65.6515 73.8968 34.176 59.3776 20.5798 
13.0614 66.3392 39.0621 52.4938 91.1497 74.3398 14.9215 31.4035 62.1795 80.3911 67.6491 81.5163 42.6919 66.598 17.6173 
19.601 34.8105 43.6936 54.5388 83.2434 48.8615 43.3074 38.0802 40.8075 93.5641 35.9477 96.7298 46.6669 84.6991 16.183 
31.9232 73.0537 22.2266 33.7249 74.234 72.5536 11.9641 17.1712 58.4132 56.0036 74.6282 57.1238 25.0138 42.4539 36.8049 
29.8613 44.8688 16.9012 26.4367 58.439 42.8267 35.4052 14.3569 29.0126 66.5791 46.513 70.3457 19.2276 60.075 31.7057 
67.1745 49.3974 40.3708 33.494 27.4563 27.4554 71.1916 45.5057 20.5913 68.2087 50.715 74.1933 38.3694 71.8577 68.0101 
88.4634 59.1711 62.8859 54.6927 29.1488 33.8479 93.8691 68.191 36.5825 83.2025 60.0187 89.5927 60.6726 90.2404 88.7478 
15.979 40.9099 31.5696 43.0475 74.7985 48.5732 33.7431 25.7163 37.5089 81.2883 42.3383 84.3759 34.6919 72.3409 15.9531 
45.9353 10.4661 59.1026 65.8238 82.3156 33.8585 68.2879 56.1495 34.3284 107.637 10.9202 111.94 60.9381 102.388 42.4078 
19.4504 73.0286 42.8029 56.0289 95.4971 80.8327 13.7058 35.3647 68.4553 80.7701 74.3303 81.3615 46.3327 65.9589 23.6713 
69.3663 29.8117 57.2031 55.3954 51.4339 5.28015 82.1243 59.4021 17.8885 93.9673 30.538 99.7016 56.6559 95.4682 68.2356 
44.5325 11.4232 49.619 55.0136 70.396 24.3502 63.6227 47.7699 22.4511 96.9444 13.0545 101.506 51.0327 92.808 42.11 
55.8757 76.56 17.936 12.1511 47.4178 65.6489 42.3757 24.286 51.7929 32.1179 78.22 36.0168 15.2411 28.0957 59.7762 
26.503 28.4074 47.6496 57.4729 83.2061 44.6972 50.0292 42.7468 38.413 97.6194 29.4457 101.101 50.337 89.6748 22.8845 
23.1206 35.116 31.1893 41.0819 69.7924 41.3905 39.5127 26.766 30.4764 81.1281 36.6306 84.7001 33.8195 73.6827 22.6374 
41.2689 48.4608 14.3224 17.5237 46.947 39.901 42.7954 17.4385 25.4772 59.357 50.1203 63.8437 14.2941 55.7324 43.2695 
41.4664 12.7063 50.4608 56.9134 74.4478 29.1707 61.9013 47.8853 26.7067 98.7484 14.1089 103.096 52.1829 93.7625 38.6747 
84.1628 49.5707 63.288 57.2051 38.6699 24.5489 92.5534 67.5707 30.7885 89.8546 50.2715 96.0927 61.6294 95.0884 83.858 
38.9514 62.6355 2.35372 14.6932 54.6601 56.464 30.5944 7.01783 42.0298 49.2443 64.2947 52.5556 5.08035 41.8169 42.5967 
54.6883 10.9444 54.1915 57.1679 65.8736 14.9907 72.1734 53.7343 19.0882 98.7179 12.1758 103.742 54.9455 96.5064 52.5481 
25.5853 78.9543 55.5673 68.8707 108.047 89.8338 26.0768 48.0309 78.3617 92.9453 80.0853 93.1754 59.1338 77.4848 27.9804 
75.463 96.5932 38.9139 31.0345 51.1476 83.1464 57.9221 44.7772 70.1402 11.1018 98.2398 15.6984 36.2527 16.2788 79.6827 
42.9284 58.3378 5.93633 9.91413 47.4676 49.6488 38.1932 12.6779 35.301 50.2412 60.0011 54.3843 4.31856 45.6724 45.9245 
68.6236 33.3054 53.5956 50.9513 46.2776 8.01561 79.8234 56.3257 15.5631 88.9524 34.2094 94.7444 52.8015 90.8847 67.8735 
92.9465 117.197 58.6847 51.6405 66.2773 103.42 72.3476 63.8122 90.638 10.3078 118.846 5.1614 56.3264 20.2485 97.4737 
49.2062 28.9928 36.7614 38.0217 50.0373 17.8718 60.347 38.0159 4.28019 79.3565 30.5413 84.4553 36.8816 77.8052 48.8567 
45.2374 15.4457 45.6606 50.1352 64.6421 20.5117 62.3221 44.5394 16.7431 92.0403 17.1026 96.7512 46.7848 88.5736 43.4066 
91.2693 115.278 56.8206 49.7205 64.7309 101.523 70.8837 62.0007 88.7244 8.47585 116.926 3.3541 54.4416 19.0003 95.7749 
48.5092 62.3914 9.84124 4.15933 43.2412 51.6501 42.003 17.4631 37.6092 45.3785 64.047 49.8454 6.35138 42.3405 51.6047 
38.2001 27.5812 33.3242 38.5778 58.8069 26.7346 51.6722 32.3062 15.4564 80.4838 29.2453 84.9831 34.5579 76.3574 37.6276 
76.8376 99.1817 40.9646 33.64 53.8911 86.0006 58.5144 46.555 72.9226 9.13893 100.832 13.0096 38.4423 14.0616 81.146 
60.1007 90.337 29.481 28.792 62.2524 81.7108 39.8814 32.6711 67.5563 27.2222 91.9997 28.0492 28.4201 14.3402 64.7124 
77.7371 96.6207 40.3071 31.2508 47.9843 82.2247 61.0516 46.5842 69.5628 10.9836 98.2558 16.7371 37.4066 20.0831 81.8352 
87.2402 79.7077 50.527 37.581 6.18142 57.3838 82.5117 58.0039 50.4747 50.632 81.0561 57.135 47.0473 61.3978 89.4519 
46.739 72.7596 11.9038 15.1608 54.8566 65.054 32.7136 16.1037 50.7159 39.6596 74.4221 42.5593 11.1324 31.4721 50.8523 
71.0623 84.6083 31.9102 20.4012 37.4098 69.3578 58.228 39.1394 56.9577 23.8839 86.2242 29.731 28.4965 29.7579 74.6967 
16.8077 70.0009 50.1343 63.5901 101.786 81.1853 24.4092 42.4401 70.0298 91.1285 71.1366 91.9785 53.782 76.745 19.0245 
52.7444 75.72 15.8221 13.2095 50.5633 66.0074 38.7105 21.5037 51.9248 34.2864 77.3838 37.7048 13.6883 28.2936 56.7563 
12.8693 62.3003 31.7246 45.1807 83.672 68.336 13.372 24.0333 55.7068 74.7359 63.7038 76.2779 35.3726 61.8754 17.8933 
24.5703 77.184 41.4889 54.2971 94.3936 83.3694 9.71236 34.4703 70.4589 76.2289 78.5464 76.485 44.8475 60.8608 29.1254 
62.2509 50.9409 33.2746 26.1926 28.1114 31.5493 64.569 38.746 21.4709 62.2101 52.3883 68.0307 31.1411 64.9554 63.5108 
19.5438 34.757 38.0848 48.7032 77.6486 45.7433 40.7074 32.7844 36.4671 88.0339 36.0799 91.3329 40.9727 79.6328 17.4794 
85.2772 99.585 46.7039 35.7771 42.9337 83.08 69.9683 53.5793 71.3852 14.0246 101.184 20.4788 43.4534 28.7976 89.1476 
90.3064 110.892 54.0668 45.5343 57.413 96.0089 71.5118 59.9114 83.6226 4.44072 112.525 7.48131 51.3483 21.9228 94.6167 
65.1255 96.4268 35.5688 34.4106 65.8317 87.6006 43.6589 38.5918 73.5012 24.5618 98.0894 24.11 34.4896 8.9 69.8355 
11.7745 53.0386 50.5507 63.4013 97.3753 67.7449 36.278 43.277 58.7031 97.6855 54.0048 99.7005 54.0947 85.7309 7.71038 
71.522 60.7557 38.8902 28.6217 17.5482 39.4509 71.206 45.428 31.4072 57.8623 62.1392 64.0614 36.0472 63.502 73.1274 
43.5997 39.4819 24.2124 26.1283 46.9384 30.0426 50.1059 26.1559 15.6115 67.9601 41.1209 72.777 24.272 65.4279 44.5028 
