150 15 22
777 335 649 27 763 426 211 429 862 135 22 167 11 373 784 
5370 1980 3240 3150 3700 4130 5260 910 9800 9560 8730 8620 1700 9960 2810 3050 9250 840 3270 3360 5050 8460 
13 0 15 12 20 4 20 14 8 9 20 19 18 15 8 21 11 8 13 21 13 21 5 10 18 6 15 14 19 20 1 21 8 3 12 15 15 9 9 3 19 11 19 15 13 21 14 6 0 15 21 12 9 13 16 10 3 12 0 12 18 3 4 10 20 6 2 4 16 5 15 1 12 5 12 1 17 4 12 18 14 21 6 0 11 13 15 21 19 7 20 8 21 14 0 17 7 16 2 1 20 6 1 20 0 17 3 21 9 18 3 16 18 10 14 21 18 0 6 15 9 5 15 11 11 8 0 14 20 1 0 14 2 13 20 0 14 17 14 7 18 3 2 7 6 16 9 4 21 20 
0.757694 6.05392 3.72228 5.06645 8.82572 6.90114 1.85801 2.95169 5.71743 8.12527 6.1845 8.28232 4.08902 6.83977 1.24531 
5.95449 2.11946 5.16896 5.22567 5.61742 0.522015 7.39219 5.27213 1.24391 9.28013 2.22612 9.81702 5.17571 9.23157 5.81588 
6.74627 4.37809 4.4588 3.93032 3.32024 2.0609 7.4049 4.8879 1.66111 7.53313 4.49944 8.12613 4.30305 7.84237 6.77608 
8.43214 9.30645 4.49539 3.24052 3.26392 7.50235 7.19106 5.24015 6.41789 2.42192 9.46206 3.07103 4.14017 3.7186 8.77852 
3.06105 8.28136 4.35037 5.572 9.61566 8.80764 1.11396 3.70192 7.48538 7.41874 8.42021 7.39569 4.66412 5.80746 3.51962 
2.2722 7.37017 3.61773 4.90433 8.90834 7.88041 0.52345 2.91446 6.56795 7.23095 7.5113 7.28945 3.95536 5.75306 2.76062 
2.3585 5.31327 1.59906 2.8956 6.579 5.34649 2.46142 0.91 3.97847 6.47654 5.47245 6.76572 1.95256 5.55342 2.68604 
0.487032 5.34394 4.40192 5.70424 9.20223 6.56805 2.99908 3.66314 5.55241 9.07965 5.45711 9.27928 4.76038 7.88453 0.255539 
5.95124 4.87592 3.15398 2.55071 3.09317 3.03453 6.24051 3.66695 1.93598 6.29611 5.02359 6.86531 2.96366 6.49059 6.07146 
7.57127 10.6625 4.58947 4.31019 6.98264 9.66433 5.34509 4.92968 8.27838 1.93912 10.829 1.636 4.4504 0.301496 8.04692 
4.51586 8.59393 2.95758 3.71831 7.65256 8.32001 2.1188 2.75427 6.88059 4.7289 8.75439 4.71377 3.10306 3.14331 5.01327 
4.89155 4.97902 1.92925 1.65484 3.93732 3.71446 4.99608 2.41853 2.32723 5.78358 5.14106 6.28784 1.78362 5.664 5.07372 
2.97121 4.87409 1.35801 2.43387 5.86083 4.63036 3.24423 1.04676 3.22902 6.3521 5.0383 6.71048 1.62791 5.64809 3.2131 
7.70144 4.76177 5.44868 4.831 3.33928 2.24288 8.41701 5.89624 2.44477 8.18133 4.85751 8.79682 5.27638 8.64491 7.70561 
2.98766 2.6559 3.74769 4.56724 6.98035 3.48901 4.80416 3.41141 2.60722 8.68655 2.80794 9.08188 3.96334 8.0612 2.82719 
6.08777 8.12572 2.31672 1.60178 4.68646 6.94141 4.62779 2.94457 5.58158 2.69462 8.2913 3.1044 2.0413 2.4473 6.48514 
5.20704 1.15395 5.17929 5.51421 6.53854 1.61003 6.94592 5.11755 1.7936 9.68219 1.29865 10.1767 5.26377 9.4283 5.00036 
5.04591 4.60679 2.38732 2.1281 3.87559 3.22876 5.3612 2.81301 1.86196 6.20601 4.76596 6.72579 2.26566 6.1437 5.1831 
8.45733 11.1285 5.16382 4.6057 6.61547 9.89926 6.34856 5.622 8.57071 1.04709 11.2944 0.550727 4.95949 1.12539 8.91798 
5.60865 3.43628 3.85157 3.69677 4.29703 1.65849 6.51019 4.12074 0.502195 7.6896 3.57778 8.23476 3.78826 7.71327 5.60664 
3.28568 2.45748 5.41806 6.34168 8.68208 4.43687 5.69956 4.95864 4.03656 10.4067 2.53032 10.7702 5.67183 9.6545 2.88111 
6.12413 3.01823 4.70027 4.55467 4.68402 0.821523 7.24553 4.92995 0.810247 8.49817 3.13614 9.05532 4.64812 8.56983 6.0606 
2.1783 3.71248 5.13546 6.25167 9.1195 5.44266 4.73114 4.53793 4.77117 10.1033 3.7976 10.4 5.44362 9.15222 1.71292 
7.31361 6.19112 4.03408 2.98485 1.60153 4.02604 7.26918 4.69392 3.26377 5.80262 6.32776 6.42748 3.74525 6.41078 7.47425 
1.45774 3.94782 4.04728 5.20125 8.28002 5.17653 3.80737 3.43535 4.25202 9.00245 4.06893 9.29572 4.36406 8.05208 1.17273 
5.87882 3.02483 4.43137 4.31677 4.65249 1.03817 6.97093 4.65421 0.542033 8.29778 3.15279 8.84758 4.38526 8.33334 5.82683 
5.30182 7.72431 1.698 1.51119 5.21422 6.78174 3.80825 2.21822 5.37018 3.34978 7.89074 3.66531 1.51238 2.6703 5.71316 
6.39015 4.95186 3.62416 2.94822 2.8211 2.90725 6.7206 4.14654 2.01467 6.51915 5.09156 7.10697 3.42257 6.82092 6.49367 
4.44002 1.38062 4.70596 5.20525 6.72408 2.24475 6.24135 4.55544 1.93507 9.39822 1.54693 9.86083 4.83423 9.01417 4.23132 
1.4368 6.72093 3.81047 5.15007 9.04098 7.4659 1.32019 3.0491 6.23077 7.88495 6.85414 7.99186 4.17138 6.49537 1.90539 
6.31668 2.38076 5.38697 5.35956 5.47154 0.158114 7.7056 5.5313 1.4123 9.35387 2.4713 9.90437 5.37201 9.37506 6.18463 
1.60963 4.27984 2.90496 4.07545 7.33368 4.91955 3.17238 2.30671 3.75755 7.86787 4.42634 8.17267 3.22318 6.96521 1.68861 
7.05025 4.49138 4.76643 4.20171 3.27844 2.08147 7.72371 5.20402 1.89423 7.7176 4.60487 8.31895 4.60369 8.0811 7.07221 
8.59996 8.65047 4.71975 3.3738 1.91638 6.61447 7.74847 5.49102 5.70561 3.78442 8.79696 4.43384 4.35354 4.97784 8.88519 
2.60509 8.00201 4.96717 6.26828 10.2537 8.84918 1.84358 4.24199 7.61853 8.47001 8.12754 8.47574 5.31154 6.89891 2.97042 
4.94144 0.773369 5.32824 5.78261 7.03855 2.1473 6.84036 5.18768 2.25488 9.97128 0.938616 10.4455 5.44737 9.627 4.69256 
5.43854 8.10264 2.03494 1.94023 5.54982 7.20573 3.75055 2.46343 5.79008 3.15626 8.26906 3.40847 1.89307 2.29611 5.86986 
7.15489 3.6161 5.53263 5.19736 4.46817 1.08462 8.2226 5.83823 1.82538 8.91176 3.70066 9.50081 5.4353 9.16758 7.08798 
6.60212 7.40074 2.68881 1.34952 3.04253 5.80056 5.72965 3.45951 4.58507 3.5287 7.56003 4.11001 2.32207 3.95001 6.91185 
4.12698 5.99854 0.276586 1.12872 5.02309 5.2318 3.5195 1.00846 3.79158 4.96291 6.16497 5.34627 0.228035 4.39602 4.4522 
6.83159 4.02061 4.81864 4.38244 3.75659 1.60153 7.66079 5.19311 1.54923 8.04866 4.13146 8.63873 4.68984 8.32714 6.82309 
6.67171 8.78093 2.97069 2.23573 4.85989 7.53489 5.05199 3.5691 6.19718 2.03027 8.94625 2.44125 2.70512 1.95092 7.08316 
6.31656 3.77669 4.36715 4.02449 3.9057 1.55589 7.15668 4.70979 1.08167 7.83164 3.90124 8.40524 4.25921 8.0111 6.31419 
3.74363 9.14025 5.75083 6.98896 11.0282 9.93866 2.50569 5.07711 8.67666 8.68254 9.26607 8.60285 6.07213 6.99687 4.10099 
6.21911 4.13088 3.99805 3.57476 3.55557 2.02475 6.89231 4.39355 1.26143 7.34832 4.26395 7.92306 3.86514 7.54573 6.255 
4.67898 2.35593 3.95942 4.24223 5.58789 1.786 6.03664 3.97669 0.851469 8.41259 2.51549 8.90484 4.01932 8.16882 4.58912 
2.27695 3.12554 4.11709 5.12551 7.85504 4.38634 4.46287 3.62178 3.56477 9.11492 3.25228 9.4591 4.39118 8.31515 2.01162 
8.7395 6.72037 5.64907 4.60831 1.45413 4.2592 8.87119 6.28666 4.03609 6.97672 6.83079 7.62287 5.36851 7.82545 8.85037 
0.340147 5.59904 4.2534 5.57431 9.16081 6.72591 2.67526 3.50001 5.65984 8.84882 5.71686 9.0323 4.61624 7.61757 0.520384 
8.31633 4.75943 6.32712 5.76254 4.04797 2.27059 9.2126 6.73374 2.97039 9.10043 4.82673 9.72044 6.17279 9.58718 8.27436 
7.08363 7.55066 3.20214 1.85586 2.52539 5.79124 6.28182 3.97316 4.6664 3.65876 7.70611 4.27481 2.83651 4.30465 7.37629 
1.62641 4.1653 3.01942 4.17354 7.3814 4.85956 3.28976 2.43282 3.72361 7.99 4.31045 8.29873 3.33305 7.09717 1.66412 
3.94635 3.386 2.75986 3.18925 5.32989 2.86398 4.94065 2.76957 1.50479 7.38221 3.55203 7.84115 2.84529 7.01944 3.97454 
2.53298 7.92526 5.23883 6.55735 10.5101 8.8925 2.20484 4.49678 7.70211 8.87144 8.0449 8.88699 5.59035 7.3146 2.84164 
8.53353 7.52354 4.98186 3.74037 0.311448 5.25179 8.21416 5.70812 4.62031 5.46206 7.65506 6.11138 4.64814 6.44002 8.72968 
6.93745 7.47407 3.05138 1.70511 2.64802 5.75407 6.13013 3.82251 4.60449 3.6494 7.63053 4.25699 2.68555 4.23212 7.23279 
0.866487 5.60108 3.13536 4.469 8.16854 6.29076 1.95226 2.37356 5.07351 7.72653 5.74003 7.92738 3.50069 6.54671 1.32593 
3.48827 3.48794 2.59856 3.22025 5.68516 3.25498 4.5356 2.49147 1.94178 7.39032 3.65409 7.8206 2.74007 6.91527 3.52575 
5.49459 7.6286 1.7254 1.23471 4.83257 6.5722 4.13011 2.34386 5.17936 3.27341 7.79475 3.64907 1.46986 2.81149 5.88778 
5.7649 5.70629 2.37124 1.48637 3.06341 4.10078 5.60029 3.02538 2.86175 5.22067 5.86315 5.7753 2.09955 5.37584 5.97369 
1.0469 6.04239 3.26725 4.61307 8.41215 6.71658 1.57471 2.49596 5.47943 7.66416 6.18052 7.83001 3.63373 6.40252 1.54858 
4.74709 1.74413 4.48092 4.8353 6.12148 1.73971 6.33456 4.43086 1.32371 9.01399 1.90434 9.50007 4.56606 8.7333 4.59308 
7.63273 4.89401 5.26339 4.60541 3.09613 2.39852 8.27162 5.73362 2.44624 7.91624 4.9961 8.53285 5.07963 8.39447 7.65405 
5.65662 3.92227 3.53276 3.25498 3.87738 2.12876 6.35106 3.88012 0.975295 7.19651 4.0671 7.74796 3.4321 7.2654 5.69956 
4.43353 5.11892 1.38654 1.44257 4.39386 4.10903 4.42652 1.84716 2.68002 5.63565 5.28411 6.1001 1.29314 5.34879 4.65099 
6.04901 7.14228 2.12132 0.801561 3.53278 5.71545 5.15414 2.89014 4.42109 3.6342 7.30458 4.16573 1.75514 3.77737 6.3702 
5.95552 1.56259 5.57197 5.73266 6.2357 0.970206 7.58489 5.60389 1.778 9.83108 1.65076 10.3565 5.61001 9.71796 5.76657 
3.74001 3.49185 2.61358 3.12815 5.45011 3.07903 4.72017 2.58118 1.72812 7.31498 3.65826 7.76091 2.72208 6.90192 3.78114 
0.70214 4.74979 4.12317 5.37894 8.73066 5.94607 3.23989 3.42462 4.95036 8.94687 4.86763 9.18769 4.46912 7.85493 0.368917 
4.50126 4.88723 1.65747 1.66964 4.32297 3.82832 4.63366 2.07183 2.40142 5.85773 5.0517 6.33455 1.57458 5.61413 4.69086 
9.58188 6.64536 6.89123 5.98385 2.92015 4.11692 10.0381 7.45735 4.4236 8.52406 6.72441 9.17098 6.6485 9.36144 9.62106 
5.49015 1.40801 7.00298 7.64933 9.06353 3.9302 7.83181 6.70671 4.29317 11.8373 1.31004 12.2755 7.1826 11.3321 5.09192 
7.74247 6.79651 4.28155 3.11002 1.0824 4.61395 7.52644 4.98478 3.86747 5.45514 6.93312 6.09295 3.96406 6.21514 7.92879 
5.98141 1.24868 7.20884 7.75867 8.88978 3.63189 8.25258 6.97132 4.1924 11.9515 1.10059 12.413 7.36202 11.5353 5.60357 
5.8698 0.483322 6.38193 6.77027 7.62992 2.35325 7.87869 6.25873 3.00629 10.9423 0.417253 11.4342 6.48726 10.6622 5.57459 
7.52091 6.51627 4.13192 3.00987 1.32834 4.34815 7.37653 4.81798 3.58603 5.58707 6.65331 6.21885 3.82598 6.27214 7.69708 
6.86476 3.27185 5.40626 5.15598 4.70473 0.74 8.00885 5.67067 1.57582 8.96666 3.36013 9.5448 5.33094 9.15219 6.78405 
7.97161 9.08204 4.04623 2.83805 3.5137 7.38848 6.67488 4.77821 6.2367 2.18215 9.24048 2.82781 3.69818 3.28824 8.32948 
3.44071 5.94577 0.509902 1.8554 5.76095 5.50004 2.81517 0.262488 4.06177 5.38177 6.11072 5.69959 0.876641 4.57739 3.79676 
5.20247 8.79755 2.82931 3.24785 6.99203 8.24491 2.98171 2.88106 6.80331 3.78338 8.96177 3.79179 2.86211 2.25568 5.6857 
5.10529 8.26027 2.19829 2.48395 6.24501 7.56897 3.18077 2.4067 6.13313 3.55439 8.42589 3.69381 2.17348 2.33431 5.56386 
5.38781 6.71591 1.46328 0.166433 4.01005 5.48689 4.56228 2.23376 4.1234 4.03091 6.88044 4.50729 1.09659 3.88666 5.71071 
9.19405 8.24738 5.54813 4.25738 0.588303 5.94348 8.75042 6.29321 5.35322 5.39129 8.37705 6.03988 5.20159 6.55049 9.40608 
5.70846 8.36915 2.31249 2.11946 5.57215 7.42873 3.95828 2.74935 6.02103 2.88434 8.53558 3.12463 2.15604 2.02467 6.1437 
6.11191 8.62986 2.62452 2.23486 5.41128 7.58631 4.36327 3.11448 6.19852 2.48284 8.79619 2.75187 2.42887 1.79109 6.54331 
5.65107 7.19467 1.71572 0.638905 4.12029 5.95716 4.60679 2.46033 4.60197 3.55692 7.35942 4.02616 1.36624 3.42584 6.00004 
5.21982 2.16453 4.46025 4.6322 5.55195 1.22188 6.61346 4.52134 0.782943 8.76037 2.30887 9.27373 4.49361 8.60598 5.1069 
5.23689 1.46414 6.84202 7.52475 9.05647 3.99606 7.59627 6.52442 4.26808 11.7062 1.39262 12.1351 7.03143 11.1676 4.83414 
5.98506 1.28456 5.80983 6.01985 6.57392 1.27769 7.71093 5.80675 2.09124 10.1365 1.35447 10.6561 5.86285 9.99124 5.76945 
7.74665 9.56831 3.9773 3.04095 4.66978 8.11032 6.11569 4.61736 6.85073 1.20934 9.73153 1.79622 3.68057 2.12132 8.15177 
6.42795 1.51611 6.20613 6.3607 6.67261 1.31484 8.15738 6.22685 2.3914 10.4432 1.54146 10.9745 6.24568 10.3509 6.20556 
4.90486 7.84297 1.76477 2.05934 5.90699 7.11848 3.18277 2.04355 5.68356 3.69088 8.0089 3.90083 1.72386 2.65279 5.34619 
8.05105 8.81082 4.11122 2.8211 2.94822 7.01128 6.92243 4.86806 5.92112 2.73359 8.96621 3.38213 3.75012 3.83693 8.38373 
6.65009 9.70341 3.62221 3.44193 6.4925 8.77763 4.52637 3.95324 7.37461 2.28355 9.86978 2.24511 3.49824 0.757166 7.11827 
2.91234 2.49596 4.58214 5.48767 7.91205 4.00769 5.12831 4.15337 3.38378 9.5629 2.61444 9.93457 4.8278 8.84613 2.60311 
6.64003 7.79064 2.70002 1.44554 3.45824 6.27539 5.56386 3.45419 5.02467 3.04416 7.95196 3.61024 2.34137 3.43071 6.97929 
8.82261 7.99766 5.16736 3.87764 0.52811 5.74282 8.37054 5.91277 5.0824 5.17604 8.13093 5.82626 4.82084 6.26556 9.0393 
6.74273 5.3463 3.80217 2.98931 2.40104 3.22386 6.96078 4.37477 2.42043 6.3361 5.48336 6.93878 3.56881 6.74538 6.86225 
3.27867 4.40556 1.69257 2.50186 5.56343 4.05098 3.81077 1.57686 2.64885 6.59037 4.57131 6.98997 1.87395 6.022 3.44746 
2.09029 3.3501 3.80728 4.84199 7.67777 4.43696 4.17337 3.29959 3.52026 8.80493 3.48415 9.14346 4.08795 7.99138 1.8868 
8.10038 6.63727 4.82996 3.73591 1.04785 4.31116 8.06945 5.49764 3.78319 6.15325 6.76327 6.79464 4.53345 6.93957 8.24874 
6.33001 10.0066 3.98363 4.17346 7.56965 9.35951 3.94554 4.09683 7.92518 3.33924 10.1713 3.14668 3.96548 1.54738 6.82268 
1.55563 6.42225 3.05655 4.39659 8.29444 6.94338 1.08632 2.29578 5.65329 7.24694 6.56515 7.38968 3.4176 5.93776 2.05798 
1.30614 6.63392 3.90621 5.24938 9.11497 7.43398 1.49215 3.14035 6.21795 8.03911 6.76491 8.15163 4.26919 6.6598 1.76173 
1.9601 3.48105 4.36936 5.45388 8.32434 4.88615 4.33074 3.80802 4.08075 9.35641 3.59477 9.67298 4.66669 8.46991 1.6183 
3.19232 7.30537 2.22266 3.37249 7.4234 7.25536 1.19641 1.71712 5.84132 5.60036 7.46282 5.71238 2.50138 4.24539 3.68049 
2.98613 4.48688 1.69012 2.64367 5.8439 4.28267 3.54052 1.43569 2.90126 6.65791 4.6513 7.03457 1.92276 6.0075 3.17057 
6.71745 4.93974 4.03708 3.3494 2.74563 2.74554 7.11916 4.55057 2.05913 6.82087 5.0715 7.41933 3.83694 7.18577 6.80101 
8.84634 5.91711 6.28859 5.46927 2.91488 3.38479 9.38691 6.8191 3.65825 8.32025 6.00187 8.95927 6.06726 9.02404 8.87478 
1.5979 4.09099 3.15696 4.30475 7.47985 4.85732 3.37431 2.57163 3.75089 8.12883 4.23383 8.43759 3.46919 7.23409 1.59531 
4.59353 1.04661 5.91026 6.58238 8.23156 3.38585 6.82879 5.61495 3.43284 10.7637 1.09202 11.194 6.09381 10.2388 4.24078 
1.94504 7.30286 4.28029 5.60289 9.54971 8.08327 1.37058 3.53647 6.84553 8.07701 7.43303 8.13615 4.63327 6.59589 2.36713 
6.93663 2.98117 5.72031 5.53954 5.14339 0.528015 8.21243 5.94021 1.78885 9.39673 3.0538 9.97016 5.66559 9.54682 6.82356 
4.45325 1.14232 4.9619 5.50136 7.0396 2.43502 6.36227 4.77699 2.24511 9.69444 1.30545 10.1506 5.10327 9.2808 4.211 
5.58757 7.656 1.7936 1.21511 4.74178 6.56489 4.23757 2.4286 5.17929 3.21179 7.822 3.60168 1.52411 2.80957 5.97762 
2.6503 2.84074 4.76496 5.74729 8.32061 4.46972 5.00292 4.27468 3.8413 9.76194 2.94457 10.1101 5.0337 8.96748 2.28845 
2.31206 3.5116 3.11893 4.10819 6.97924 4.13905 3.95127 2.6766 3.04764 8.11281 3.66306 8.47001 3.38195 7.36827 2.26374 
4.12689 4.84608 1.43224 1.75237 4.6947 3.9901 4.27954 1.74385 2.54772 5.9357 5.01203 6.38437 1.42941 5.57324 4.32695 
4.14664 1.27063 5.04608 5.69134 7.44478 2.91707 6.19013 4.78853 2.67067 9.87484 1.41089 10.3096 5.21829 9.37625 3.86747 
8.41628 4.95707 6.3288 5.72051 3.86699 2.45489 9.25534 6.75707 3.07885 8.98546 5.02715 9.60927 6.16294 9.50884 8.3858 
3.89514 6.26355 0.235372 1.46932 5.46601 5.6464 3.05944 0.701783 4.20298 4.92443 6.42947 5.25556 0.508035 4.18169 4.25967 
5.46883 1.09444 5.41915 5.71679 6.58736 1.49907 7.21734 5.37343 1.90882 9.87179 1.21758 10.3742 5.49455 9.65064 5.25481 
2.55853 7.89543 5.55673 6.88707 10.8047 8.98338 2.60768 4.80309 7.83617 9.29453 8.00853 9.31754 5.91338 7.74848 2.79804 
7.5463 9.65932 3.89139 3.10345 5.11476 8.31464 5.79221 4.47772 7.01402 1.11018 9.82398 1.56984 3.62527 1.62788 7.96827 
4.29284 5.83378 0.593633 0.991413 4.74676 4.96488 3.81932 1.26779 3.5301 5.02412 6.00011 5.43843 0.431856 4.56724 4.59245 
6.86236 3.33054 5.35956 5.09513 4.62776 0.801561 7.98234 5.63257 1.55631 8.89524 3.42094 9.47444 5.28015 9.08847 6.78735 
9.29465 11.7197 5.86847 5.16405 6.62773 10.342 7.23476 6.38122 9.0638 1.03078 11.8846 0.51614 5.63264 2.02485 9.74737 
4.92062 2.89928 3.67614 3.80217 5.00373 1.78718 6.0347 3.80159 0.428019 7.93565 3.05413 8.44553 3.68816 7.78052 4.88567 
4.52374 1.54457 4.56606 5.01352 6.46421 2.05117 6.23221 4.45394 1.67431 9.20403 1.71026 9.67512 4.67848 8.85736 4.34066 
9.12693 11.5278 5.68206 4.97205 6.47309 10.1523 7.08837 6.20007 8.87244 0.847585 11.6926 0.33541 5.44416 1.90003 9.57749 
4.85092 6.23914 0.984124 0.415933 4.32412 5.16501 4.2003 1.74631 3.76092 4.53785 6.4047 4.98454 0.635138 4.23405 5.16047 
3.82001 2.75812 3.33242 3.85778 5.88069 2.67346 5.16722 3.23062 1.54564 8.04838 2.92453 8.49831 3.45579 7.63574 3.76276 
7.68376 9.91817 4.09646 3.364 5.38911 8.60006 5.85144 4.6555 7.29226 0.913893 10.0832 1.30096 3.84423 1.40616 8.1146 
6.01007 9.0337 2.9481 2.8792 6.22524 8.17108 3.98814 3.26711 6.75563 2.72222 9.19997 2.80492 2.84201 1.43402 6.47124 
7.77371 9.66207 4.03071 3.12508 4.79843 8.22247 6.10516 4.65842 6.95628 1.09836 9.82558 1.67371 3.74066 2.00831 8.18352 
8.72402 7.97077 5.0527 3.7581 0.618142 5.73838 8.25117 5.80039 5.04747 5.0632 8.10561 5.7135 4.70473 6.13978 8.94519 
4.6739 7.27596 1.19038 1.51608 5.48566 6.5054 3.27136 1.61037 5.07159 3.96596 7.44221 4.25593 1.11324 3.14721 5.08523 
7.10623 8.46083 3.19102 2.04012 3.74098 6.93578 5.8228 3.91394 5.69577 2.38839 8.62242 2.9731 2.84965 2.97579 7.46967 
1.68077 7.00009 5.01343 6.35901 10.1786 8.11853 2.44092 4.24401 7.00298 9.11285 7.11366 9.19785 5.3782 7.6745 1.90245 
5.27444 7.572 1.58221 1.32095 5.05633 6.60074 3.87105 2.15037 5.19248 3.42864 7.73838 3.77048 1.36883 2.82936 5.67563 
1.28693 6.23003 3.17246 4.51807 8.3672 6.8336 1.3372 2.40333 5.57068 7.47359 6.37038 7.62779 3.53726 6.18754 1.78933 
2.45703 7.7184 4.14889 5.42971 9.43936 8.33694 0.971236 3.44703 7.04589 7.62289 7.85464 7.6485 4.48475 6.08608 2.91254 
6.22509 5.09409 3.32746 2.61926 2.81114 3.15493 6.4569 3.8746 2.14709 6.22101 5.23883 6.80307 3.11411 6.49554 6.35108 
1.95438 3.4757 3.80848 4.87032 7.76486 4.57433 4.07074 3.27844 3.64671 8.80339 3.60799 9.13329 4.09727 7.96328 1.74794 
8.52772 9.9585 4.67039 3.57771 4.29337 8.308 6.99683 5.35793 7.13852 1.40246 10.1184 2.04788 4.34534 2.87976 8.91476 
9.03064 11.0892 5.40668 4.55343 5.7413 9.60089 7.15118 5.99114 8.36226 0.444072 11.2525 0.748131 5.13483 2.19228 9.46167 
6.51255 9.64268 3.55688 3.44106 6.58317 8.76006 4.36589 3.85918 7.35012 2.45618 9.80894 2.411 3.44896 0.89 6.98355 
1.17745 5.30386 5.05507 6.34013 9.73753 6.77449 3.6278 4.3277 5.87031 9.76855 5.40048 9.97005 5.40947 8.57309 0.771038 
7.1522 6.07557 3.88902 2.86217 1.75482 3.94509 7.1206 4.5428 3.14072 5.78623 6.21392 6.40614 3.60472 6.3502 7.31274 
4.35997 3.94819 2.42124 2.61283 4.69384 3.00426 5.01059 2.61559 1.56115 6.79601 4.11209 7.2777 2.4272 6.54279 4.45028 
