150 15 22
777 335 649 27 763 426 211 429 862 135 22 167 11 373 784 
53700 19800 32400 31500 37000 41300 52600 9100 98000 95600 87300 86200 17000 99600 28100 30500 92500 8400 32700 33600 50500 84600 
13 0 15 12 20 4 20 14 8 9 20 19 18 15 8 21 11 8 13 21 13 21 5 10 18 6 15 14 19 20 1 21 8 3 12 15 15 9 9 3 19 11 19 15 13 21 14 6 0 15 21 12 9 13 16 10 3 12 0 12 18 3 4 10 20 6 2 4 16 5 15 1 12 5 12 1 17 4 12 18 14 21 6 0 11 13 15 21 19 7 20 8 21 14 0 17 7 16 2 1 20 6 1 20 0 17 3 21 9 18 3 16 18 10 14 21 18 0 6 15 9 5 15 11 11 8 0 14 20 1 0 14 2 13 20 0 14 17 14 7 18 3 2 7 6 16 9 4 21 20 
75.7694 605.392 372.228 506.645 882.572 690.114 185.801 295.169 571.743 812.527 618.45 828.232 408.902 683.977 124.531 
595.449 211.946 516.896 522.567 561.742 52.2015 739.219 527.213 124.391 928.013 222.612 981.702 517.571 923.157 581.588 
674.627 437.809 445.88 393.032 332.024 206.09 740.49 488.79 166.111 753.313 449.944 812.613 430.305 784.237 677.608 
843.214 930.645 449.539 324.052 326.392 750.235 719.106 524.015 641.789 242.192 946.206 307.103 414.017 371.86 877.852 
306.105 828.136 435.037 557.2 961.566 880.764 111.396 370.192 748.538 741.874 842.021 739.569 466.412 580.746 351.962 
227.22 737.017 361.773 490.433 890.834 788.041 52.345 291.446 656.795 723.095 751.13 728.945 395.536 575.306 276.062 
235.85 531.327 159.906 289.56 657.9 534.649 246.142 91 397.847 647.654 547.245 676.572 195.256 555.342 268.604 
48.7032 534.394 440.192 570.424 920.223 656.805 299.908 366.314 555.241 907.965 545.711 927.928 476.038 788.453 25.5539 
595.124 487.592 315.398 255.071 309.317 303.453 624.051 366.695 193.598 629.611 502.359 686.531 296.366 649.059 607.146 
757.127 1066.25 458.947 431.019 698.264 966.433 534.509 492.968 827.838 193.912 1082.9 163.6 445.04 30.1496 804.692 
451.586 859.393 295.758 371.831 765.256 832.001 211.88 275.427 688.059 472.89 875.439 471.377 310.306 314.331 501.327 
489.155 497.902 192.925 165.484 393.732 371.446 499.608 241.853 232.723 578.358 514.106 628.784 178.362 566.4 507.372 
297.121 487.409 135.801 243.387 586.083 463.036 324.423 104.676 322.902 635.21 503.83 671.048 162.791 564.809 321.31 
770.144 476.177 544.868 483.1 333.928 224.288 841.701 589.624 244.477 818.133 485.751 879.682 527.638 864.491 770.561 
298.766 265.59 374.769 456.724 698.035 348.901 480.416 341.141 260.722 868.655 280.794 908.188 396.334 806.12 282.719 
608.777 812.572 231.672 160.178 468.646 694.141 462.779 294.457 558.158 269.462 829.13 310.44 204.13 244.73 648.514 
520.704 115.395 517.929 551.421 653.854 161.003 694.592 511.755 179.36 968.219 129.865 1017.67 526.377 942.83 500.036 
504.591 460.679 238.732 212.81 387.559 322.876 536.12 281.301 186.196 620.601 476.596 672.579 226.566 614.37 518.31 
845.733 1112.85 516.382 460.57 661.547 989.926 634.856 562.2 857.071 104.709 1129.44 55.0727 495.949 112.539 891.798 
560.865 343.628 385.157 369.677 429.703 165.849 651.019 412.074 50.2195 768.96 357.778 823.476 378.826 771.327 560.664 
328.568 245.748 541.806 634.168 868.208 443.687 569.956 495.864 403.656 1040.67 253.032 1077.02 567.183 965.45 288.111 
612.413 301.823 470.027 455.467 468.402 82.1523 724.553 492.995 81.0247 849.817 313.614 905.532 464.812 856.983 606.06 
217.83 371.248 513.546 625.167 911.95 544.266 473.114 453.793 477.117 1010.33 379.76 1040 544.362 915.222 171.292 
731.361 619.112 403.408 298.485 160.153 402.604 726.918 469.392 326.377 580.262 632.776 642.748 374.525 641.078 747.425 
145.774 394.782 404.728 520.125 828.002 517.653 380.737 343.535 425.202 900.245 406.893 929.572 436.406 805.208 117.273 
587.882 302.483 443.137 431.677 465.249 103.817 697.093 465.421 54.2033 829.778 315.279 884.758 438.526 833.334 582.683 
530.182 772.431 169.8 151.119 521.422 678.174 380.825 221.822 537.018 334.978 789.074 366.531 151.238 267.03 571.316 
639.015 495.186 362.416 294.822 282.11 290.725 672.06 414.654 201.467 651.915 509.156 710.697 342.257 682.092 649.367 
444.002 138.062 470.596 520.525 672.408 224.475 624.135 455.544 193.507 939.822 154.693 986.083 483.423 901.417 423.132 
143.68 672.093 381.047 515.007 904.098 746.59 132.019 304.91 623.077 788.495 685.414 799.186 417.138 649.537 190.539 
631.668 238.076 538.697 535.956 547.154 15.8114 770.56 553.13 141.23 935.387 247.13 990.437 537.201 937.506 618.463 
160.963 427.984 290.496 407.545 733.368 491.955 317.238 230.671 375.755 786.787 442.634 817.267 322.318 696.521 168.861 
705.025 449.138 476.643 420.171 327.844 208.147 772.371 520.402 189.423 771.76 460.487 831.895 460.369 808.11 707.221 
859.996 865.047 471.975 337.38 191.638 661.447 774.847 549.102 570.561 378.442 879.696 443.384 435.354 497.784 888.519 
260.509 800.201 496.717 626.828 1025.37 884.918 184.358 424.199 761.853 847.001 812.754 847.574 531.154 689.891 297.042 
494.144 77.3369 532.824 578.261 703.855 214.73 684.036 518.768 225.488 997.128 93.8616 1044.55 544.737 962.7 469.256 
543.854 810.264 203.494 194.023 554.982 720.573 375.055 246.343 579.008 315.626 826.906 340.847 189.307 229.611 586.986 
715.489 361.61 553.263 519.736 446.817 108.462 822.26 583.823 182.538 891.176 370.066 950.081 543.53 916.758 708.798 
660.212 740.074 268.881 134.952 304.253 580.056 572.965 345.951 458.507 352.87 756.003 411.001 232.207 395.001 691.185 
412.698 599.854 27.6586 112.872 502.309 523.18 351.95 100.846 379.158 496.291 616.497 534.627 22.8035 439.602 445.22 
683.159 402.061 481.864 438.244 375.659 160.153 766.079 519.311 154.923 804.866 413.146 863.873 468.984 832.714 682.309 
667.171 878.093 297.069 223.573 485.989 753.489 505.199 356.91 619.718 203.027 894.625 244.125 270.512 195.092 708.316 
631.656 377.669 436.715 402.449 390.57 155.589 715.668 470.979 108.167 783.164 390.124 840.524 425.921 801.11 631.419 
374.363 914.025 575.083 698.896 1102.82 993.866 250.569 507.711 867.666 868.254 926.607 860.285 607.213 699.687 410.099 
621.911 413.088 399.805 357.476 355.557 202.475 689.231 439.355 126.143 734.832 426.395 792.306 386.514 754.573 625.5 
467.898 235.593 395.942 424.223 558.789 178.6 603.664 397.669 85.1469 841.259 251.549 890.484 401.932 816.882 458.912 
227.695 312.554 411.709 512.551 785.504 438.634 446.287 362.178 356.477 911.492 325.228 945.91 439.118 831.515 201.162 
873.95 672.037 564.907 460.831 145.413 425.92 887.119 628.666 403.609 697.672 683.079 762.287 536.851 782.545 885.037 
34.0147 559.904 425.34 557.431 916.081 672.591 267.526 350.001 565.984 884.882 571.686 903.23 461.624 761.757 52.0384 
831.633 475.943 632.712 576.254 404.797 227.059 921.26 673.374 297.039 910.043 482.673 972.044 617.279 958.718 827.436 
708.363 755.066 320.214 185.586 252.539 579.124 628.182 397.316 466.64 365.876 770.611 427.481 283.651 430.465 737.629 
162.641 416.53 301.942 417.354 738.14 485.956 328.976 243.282 372.361 799 431.045 829.873 333.305 709.717 166.412 
394.635 338.6 275.986 318.925 532.989 286.398 494.065 276.957 150.479 738.221 355.203 784.115 284.529 701.944 397.454 
253.298 792.526 523.883 655.735 1051.01 889.25 220.484 449.678 770.211 887.144 804.49 888.699 559.035 731.46 284.164 
853.353 752.354 498.186 374.037 31.1448 525.179 821.416 570.812 462.031 546.206 765.506 611.138 464.814 644.002 872.968 
693.745 747.407 305.138 170.511 264.802 575.407 613.013 382.251 460.449 364.94 763.053 425.699 268.555 423.212 723.279 
86.6487 560.108 313.536 446.9 816.854 629.076 195.226 237.356 507.351 772.653 574.003 792.738 350.069 654.671 132.593 
348.827 348.794 259.856 322.025 568.516 325.498 453.56 249.147 194.178 739.032 365.409 782.06 274.007 691.527 352.575 
549.459 762.86 172.54 123.471 483.257 657.22 413.011 234.386 517.936 327.341 779.475 364.907 146.986 281.149 588.778 
576.49 570.629 237.124 148.637 306.341 410.078 560.029 302.538 286.175 522.067 586.315 577.53 209.955 537.584 597.369 
104.69 604.239 326.725 461.307 841.215 671.658 157.471 249.596 547.943 766.416 618.052 783.001 363.373 640.252 154.858 
474.709 174.413 448.092 483.53 612.148 173.971 633.456 443.086 132.371 901.399 190.434 950.007 456.606 873.33 459.308 
763.273 489.401 526.339 460.541 309.613 239.852 827.162 573.362 244.624 791.624 499.61 853.285 507.963 839.447 765.405 
565.662 392.227 353.276 325.498 387.738 212.876 635.106 388.012 97.5295 719.651 406.71 774.796 343.21 726.54 569.956 
443.353 511.892 138.654 144.257 439.386 410.903 442.652 184.716 268.002 563.565 528.411 610.01 129.314 534.879 465.099 
604.901 714.228 212.132 80.1561 353.278 571.545 515.414 289.014 442.109 363.42 730.458 416.573 175.514 377.737 637.02 
595.552 156.259 557.197 573.266 623.57 97.0206 758.489 560.389 177.8 983.108 165.076 1035.65 561.001 971.796 576.657 
374.001 349.185 261.358 312.815 545.011 307.903 472.017 258.118 172.812 731.498 365.826 776.091 272.208 690.192 378.114 
70.214 474.979 412.317 537.894 873.066 594.607 323.989 342.462 495.036 894.687 486.763 918.769 446.912 785.493 36.8917 
450.126 488.723 165.747 166.964 432.297 382.832 463.366 207.183 240.142 585.773 505.17 633.455 157.458 561.413 469.086 
958.188 664.536 689.123 598.385 292.015 411.692 1003.81 745.735 442.36 852.406 672.441 917.098 664.85 936.144 962.106 
549.015 140.801 700.298 764.933 906.353 393.02 783.181 670.671 429.317 1183.73 131.004 1227.55 718.26 1133.21 509.192 
774.247 679.651 428.155 311.002 108.24 461.395 752.644 498.478 386.747 545.514 693.312 609.295 396.406 621.514 792.879 
598.141 124.868 720.884 775.867 888.978 363.189 825.258 697.132 419.24 1195.15 110.059 1241.3 736.202 1153.53 560.357 
586.98 48.3322 638.193 677.027 762.992 235.325 787.869 625.873 300.629 1094.23 41.7253 1143.42 648.726 1066.22 557.459 
752.091 651.627 413.192 300.987 132.834 434.815 737.653 481.798 358.603 558.707 665.331 621.885 382.598 627.214 769.708 
686.476 327.185 540.626 515.598 470.473 74 800.885 567.067 157.582 896.666 336.013 954.48 533.094 915.219 678.405 
797.161 908.204 404.623 283.805 351.37 738.848 667.488 477.821 623.67 218.215 924.048 282.781 369.818 328.824 832.948 
344.071 594.577 50.9902 185.54 576.095 550.004 281.517 26.2488 406.177 538.177 611.072 569.959 87.6641 457.739 379.676 
520.247 879.755 282.931 324.785 699.203 824.491 298.171 288.106 680.331 378.338 896.177 379.179 286.211 225.568 568.57 
510.529 826.027 219.829 248.395 624.501 756.897 318.077 240.67 613.313 355.439 842.589 369.381 217.348 233.431 556.386 
538.781 671.591 146.328 16.6433 401.005 548.689 456.228 223.376 412.34 403.091 688.044 450.729 109.659 388.666 571.071 
919.405 824.738 554.813 425.738 58.8303 594.348 875.042 629.321 535.322 539.129 837.705 603.988 520.159 655.049 940.608 
570.846 836.915 231.249 211.946 557.215 742.873 395.828 274.935 602.103 288.434 853.558 312.463 215.604 202.467 614.37 
611.191 862.986 262.452 223.486 541.128 758.631 436.327 311.448 619.852 248.284 879.619 275.187 242.887 179.109 654.331 
565.107 719.467 171.572 63.8905 412.029 595.716 460.679 246.033 460.197 355.692 735.942 402.616 136.624 342.584 600.004 
521.982 216.453 446.025 463.22 555.195 122.188 661.346 452.134 78.2943 876.037 230.887 927.373 449.361 860.598 510.69 
523.689 146.414 684.202 752.475 905.647 399.606 759.627 652.442 426.808 1170.62 139.262 1213.51 703.143 1116.76 483.414 
598.506 128.456 580.983 601.985 657.392 127.769 771.093 580.675 209.124 1013.65 135.447 1065.61 586.285 999.124 576.945 
774.665 956.831 397.73 304.095 466.978 811.032 611.569 461.736 685.073 120.934 973.153 179.622 368.057 212.132 815.177 
642.795 151.611 620.613 636.07 667.261 131.484 815.738 622.685 239.14 1044.32 154.146 1097.45 624.568 1035.09 620.556 
490.486 784.297 176.477 205.934 590.699 711.848 318.277 204.355 568.356 369.088 800.89 390.083 172.386 265.279 534.619 
805.105 881.082 411.122 282.11 294.822 701.128 692.243 486.806 592.112 273.359 896.621 338.213 375.012 383.693 838.373 
665.009 970.341 362.221 344.193 649.25 877.763 452.637 395.324 737.461 228.355 986.978 224.511 349.824 75.7166 711.827 
291.234 249.596 458.214 548.767 791.205 400.769 512.831 415.337 338.378 956.29 261.444 993.457 482.78 884.613 260.311 
664.003 779.064 270.002 144.554 345.824 627.539 556.386 345.419 502.467 304.416 795.196 361.024 234.137 343.071 697.929 
882.261 799.766 516.736 387.764 52.811 574.282 837.054 591.277 508.24 517.604 813.093 582.626 482.084 626.556 903.93 
674.273 534.63 380.217 298.931 240.104 322.386 696.078 437.477 242.043 633.61 548.336 693.878 356.881 674.538 686.225 
327.867 440.556 169.257 250.186 556.343 405.098 381.077 157.686 264.885 659.037 457.131 698.997 187.395 602.2 344.746 
209.029 335.01 380.728 484.199 767.777 443.696 417.337 329.959 352.026 880.493 348.415 914.346 408.795 799.138 188.68 
810.038 663.727 482.996 373.591 104.785 431.116 806.945 549.764 378.319 615.325 676.327 679.464 453.345 693.957 824.874 
633.001 1000.66 398.363 417.346 756.965 935.951 394.554 409.683 792.518 333.924 1017.13 314.668 396.548 154.738 682.268 
155.563 642.225 305.655 439.659 829.444 694.338 108.632 229.578 565.329 724.694 656.515 738.968 341.76 593.776 205.798 
130.614 663.392 390.621 524.938 911.497 743.398 149.215 314.035 621.795 803.911 676.491 815.163 426.919 665.98 176.173 
196.01 348.105 436.936 545.388 832.434 488.615 433.074 380.802 408.075 935.641 359.477 967.298 466.669 846.991 161.83 
319.232 730.537 222.266 337.249 742.34 725.536 119.641 171.712 584.132 560.036 746.282 571.238 250.138 424.539 368.049 
298.613 448.688 169.012 264.367 584.39 428.267 354.052 143.569 290.126 665.791 465.13 703.457 192.276 600.75 317.057 
671.745 493.974 403.708 334.94 274.563 274.554 711.916 455.057 205.913 682.087 507.15 741.933 383.694 718.577 680.101 
884.634 591.711 628.859 546.927 291.488 338.479 938.691 681.91 365.825 832.025 600.187 895.927 606.726 902.404 887.478 
159.79 409.099 315.696 430.475 747.985 485.732 337.431 257.163 375.089 812.883 423.383 843.759 346.919 723.409 159.531 
459.353 104.661 591.026 658.238 823.156 338.585 682.879 561.495 343.284 1076.37 109.202 1119.4 609.381 1023.88 424.078 
194.504 730.286 428.029 560.289 954.971 808.327 137.058 353.647 684.553 807.701 743.303 813.615 463.327 659.589 236.713 
693.663 298.117 572.031 553.954 514.339 52.8015 821.243 594.021 178.885 939.673 305.38 997.016 566.559 954.682 682.356 
445.325 114.232 496.19 550.136 703.96 243.502 636.227 477.699 224.511 969.444 130.545 1015.06 510.327 928.08 421.1 
558.757 765.6 179.36 121.511 474.178 656.489 423.757 242.86 517.929 321.179 782.2 360.168 152.411 280.957 597.762 
265.03 284.074 476.496 574.729 832.061 446.972 500.292 427.468 384.13 976.194 294.457 1011.01 503.37 896.748 228.845 
231.206 351.16 311.893 410.819 697.924 413.905 395.127 267.66 304.764 811.281 366.306 847.001 338.195 736.827 226.374 
412.689 484.608 143.224 175.237 469.47 399.01 427.954 174.385 254.772 593.57 501.203 638.437 142.941 557.324 432.695 
414.664 127.063 504.608 569.134 744.478 291.707 619.013 478.853 267.067 987.484 141.089 1030.96 521.829 937.625 386.747 
841.628 495.707 632.88 572.051 386.699 245.489 925.534 675.707 307.885 898.546 502.715 960.927 616.294 950.884 838.58 
389.514 626.355 23.5372 146.932 546.601 564.64 305.944 70.1783 420.298 492.443 642.947 525.556 50.8035 418.169 425.967 
546.883 109.444 541.915 571.679 658.736 149.907 721.734 537.343 190.882 987.179 121.758 1037.42 549.455 965.064 525.481 
255.853 789.543 555.673 688.707 1080.47 898.338 260.768 480.309 783.617 929.453 800.853 931.754 591.338 774.848 279.804 
754.63 965.932 389.139 310.345 511.476 831.464 579.221 447.772 701.402 111.018 982.398 156.984 362.527 162.788 796.827 
429.284 583.378 59.3633 99.1413 474.676 496.488 381.932 126.779 353.01 502.412 600.011 543.843 43.1856 456.724 459.245 
686.236 333.054 535.956 509.513 462.776 80.1561 798.234 563.257 155.631 889.524 342.094 947.444 528.015 908.847 678.735 
929.465 1171.97 586.847 516.405 662.773 1034.2 723.476 638.122 906.38 103.078 1188.46 51.614 563.264 202.485 974.737 
492.062 289.928 367.614 380.217 500.373 178.718 603.47 380.159 42.8019 793.565 305.413 844.553 368.816 778.052 488.567 
452.374 154.457 456.606 501.352 646.421 205.117 623.221 445.394 167.431 920.403 171.026 967.512 467.848 885.736 434.066 
912.693 1152.78 568.206 497.205 647.309 1015.23 708.837 620.007 887.244 84.7585 1169.26 33.541 544.416 190.003 957.749 
485.092 623.914 98.4124 41.5933 432.412 516.501 420.03 174.631 376.092 453.785 640.47 498.454 63.5138 423.405 516.047 
382.001 275.812 333.242 385.778 588.069 267.346 516.722 323.062 154.564 804.838 292.453 849.831 345.579 763.574 376.276 
768.376 991.817 409.646 336.4 538.911 860.006 585.144 465.55 729.226 91.3893 1008.32 130.096 384.423 140.616 811.46 
601.007 903.37 294.81 287.92 622.524 817.108 398.814 326.711 675.563 272.222 919.997 280.492 284.201 143.402 647.124 
777.371 966.207 403.071 312.508 479.843 822.247 610.516 465.842 695.628 109.836 982.558 167.371 374.066 200.831 818.352 
872.402 797.077 505.27 375.81 61.8142 573.838 825.117 580.039 504.747 506.32 810.561 571.35 470.473 613.978 894.519 
467.39 727.596 119.038 151.608 548.566 650.54 327.136 161.037 507.159 396.596 744.221 425.593 111.324 314.721 508.523 
710.623 846.083 319.102 204.012 374.098 693.578 582.28 391.394 569.577 238.839 862.242 297.31 284.965 297.579 746.967 
168.077 700.009 501.343 635.901 1017.86 811.853 244.092 424.401 700.298 911.285 711.366 919.785 537.82 767.45 190.245 
527.444 757.2 158.221 132.095 505.633 660.074 387.105 215.037 519.248 342.864 773.838 377.048 136.883 282.936 567.563 
128.693 623.003 317.246 451.807 836.72 683.36 133.72 240.333 557.068 747.359 637.038 762.779 353.726 618.754 178.933 
245.703 771.84 414.889 542.971 943.936 833.694 97.1236 344.703 704.589 762.289 785.464 764.85 448.475 608.608 291.254 
622.509 509.409 332.746 261.926 281.114 315.493 645.69 387.46 214.709 622.101 523.883 680.307 311.411 649.554 635.108 
195.438 347.57 380.848 487.032 776.486 457.433 407.074 327.844 364.671 880.339 360.799 913.329 409.727 796.328 174.794 
852.772 995.85 467.039 357.771 429.337 830.8 699.683 535.793 713.852 140.246 1011.84 204.788 434.534 287.976 891.476 
903.064 1108.92 540.668 455.343 574.13 960.089 715.118 599.114 836.226 44.4072 1125.25 74.8131 513.483 219.228 946.167 
651.255 964.268 355.688 344.106 658.317 876.006 436.589 385.918 735.012 245.618 980.894 241.1 344.896 89 698.355 
117.745 530.386 505.507 634.013 973.753 677.449 362.78 432.77 587.031 976.855 540.048 997.005 540.947 857.309 77.1038 
715.22 607.557 388.902 286.217 175.482 394.509 712.06 454.28 314.072 578.623 621.392 640.614 360.472 635.02 731.274 
435.997 394.819 242.124 261.283 469.384 300.426 501.059 261.559 156.115 679.601 411.209 727.77 242.72 654.279 445.028 
