200 20 21
777 335 649 27 763 426 211 429 862 135 22 167 11 373 784 324 413 980 862 281 
3.05 9.25 0.84 3.27 3.36 5.05 8.46 7.29 3.13 8.57 1.24 8.95 5.82 5.45 8.14 3.67 4.34 3.64 0.43 7.5 0.87 
3 11 2 12 0 4 14 17 12 3 8 20 20 19 4 3 19 5 14 11 3 3 3 10 11 20 14 2 17 5 10 0 1 16 13 12 16 15 5 18 13 20 16 0 12 14 8 10 6 8 5 19 13 8 12 19 4 1 14 16 11 9 9 9 8 17 2 4 9 5 6 5 17 19 9 18 0 1 12 15 18 4 13 16 17 8 7 16 16 19 17 2 2 2 11 18 13 2 8 16 10 17 19 12 13 11 0 1 15 10 1 3 0 5 11 13 17 12 10 9 6 15 19 19 15 17 3 2 17 16 9 10 10 12 5 2 14 18 14 17 18 12 6 17 12 19 8 20 0 4 16 2 15 13 13 11 0 3 20 6 19 2 7 0 18 19 5 13 13 0 13 3 7 4 13 4 13 6 1 20 20 18 14 2 16 3 19 18 3 15 18 8 10 8 1 9 3 13 6 15 
716.04 886.874 332.71 234.267 430.763 744.005 567.609 399.731 616.393 189.024 903.208 243.731 301.617 239.493 755.054 261.765 195.921 264.705 972.33 824.839 
523.154 511.528 217.083 168.077 359.961 368.42 529.748 271.205 235.23 570.453 527.471 623.083 198.217 569.245 541.133 210.319 271.017 317.345 599.403 723.219 
612.217 425.625 379.569 335.049 345.971 222.407 672.527 420.975 133.959 713.011 439.356 770.27 365.472 732.014 617.486 295.787 439.957 383.208 515.248 835.144 
385.265 862.968 374.342 478.453 881.81 876.614 127.059 326.719 736.614 612.25 878.087 607.003 399.11 447.362 435.167 675.287 398.323 747.918 917.401 338.378 
943.722 800.585 595.826 472.889 67.897 560.137 919.6 667.582 519.782 618.45 812.527 683.381 562.896 729.999 961.131 274.591 554.923 227.178 887.925 1136.67 
817.602 772.555 445.426 314.721 109.731 560.817 763.911 520.82 478.029 463.787 786.71 528.592 410.235 560.501 841.338 114.965 386.804 60.075 862.404 993.308 
519.23 253.237 416.371 427.949 521.676 134.391 644.736 427.011 42.0595 839.4 267.918 891.162 417.852 826.614 511.544 452.712 520 549.365 343.118 756.374 
419.03 628.208 26.2488 113.464 513.622 552.841 338.817 100.499 408.883 474.368 644.846 510.69 18.6011 411.752 454.041 312.477 115.663 404.079 706.343 568.423 
286.447 825.23 501.618 629.743 1030.68 904.591 182.157 430.89 779.493 835.405 837.988 833.912 535.287 675.244 324.446 830.19 574.933 917.476 859.489 119.017 
258.141 445.881 191.927 298.565 625.182 448.219 330.841 150.336 314.617 691.655 462.027 726.805 219.584 617.599 276.279 456.225 332.946 562.029 513.943 471.19 
611.523 800.103 228.405 145.341 447.395 676.923 473.896 294.717 542.089 277.584 816.62 321.823 198.595 263.973 650.17 249.84 91.0824 293.847 883.558 727.885 
61.6847 479.437 377.033 503.397 843.586 583.824 298.332 306.811 478.023 859.027 492.05 883.349 411.807 750.798 57.5847 673.873 510.785 778.653 515.062 301.002 
273.88 502.113 139.617 258.027 611.65 488.431 296.096 92.0869 349.521 638.549 518.376 671.935 170.792 560.093 300.88 431.15 280.432 534.329 571.542 466.053 
922.356 784.372 574.604 452.134 48.0104 545.793 898.484 646.233 501.807 607.068 796.518 672.075 541.776 714.964 939.898 254.466 535.086 211.681 872.062 1115.22 
308.255 818.296 401.699 521.783 926.603 860.582 82.7647 339.201 726.158 704.48 832.577 703.082 432.251 544.783 356.202 722.447 456.426 804.016 865.035 236.546 
341.457 254.275 361.4 430.029 650.173 302.592 503.724 338.25 208.543 846.681 270.49 888.982 378.857 794.411 329.569 529.306 494.491 635.708 325.357 580.856 
186.43 353.657 406.518 515.123 806.435 478.265 412.826 350.887 390.514 905.349 366.005 937.257 436.206 817.774 159.013 658.684 547.449 766.098 389.371 420.962 
301.496 598.91 99.6243 234.094 625.538 574.843 235.077 24.2074 432.64 567.68 615.168 595.243 136.015 473.466 339.872 429.418 219.317 524.361 667.816 448.987 
217.113 618.855 207.077 340.978 732.688 636.277 144.101 131.529 499.985 642.608 634.263 662.193 243.101 525.178 262.528 537.202 313.129 631.557 677.2 341.27 
431.561 393.581 240.707 262.231 473.621 302.238 497.562 258.954 158.013 680.825 410.001 728.723 241.961 654.313 440.556 341.276 347.052 447.854 478.8 652.028 
353.624 186.507 482.996 561.079 771.145 348.076 567.67 448.486 303.152 975.461 198.842 1015.81 504.034 914.385 323.761 660.444 620.137 766.211 228.281 586.287 
715.508 1037.47 428.921 412.393 703.393 946.335 490.474 458.268 806.083 228.09 1054.1 204.749 417.698 47.0106 763.417 522.98 312.436 537.671 1114.26 741.537 
367.241 221.208 391.68 454.948 656.247 279.551 536.411 370.815 199.251 873 237.508 916.415 407.806 824.471 352.115 544.546 522.947 650 294.054 606.964 
250.711 766.006 385.467 512.191 914.248 818.086 64.2573 316.863 686.619 729.464 780.023 732.673 418.493 577.008 298.518 712.845 457.2 799.471 810.665 201.099 
682.72 623.308 338.87 229.124 199.449 426.484 663.323 407.657 328.818 526.031 637.942 587.006 308.457 576.222 702.2 93.6483 327.771 179.388 713.182 874.474 
76.4788 481.331 433.896 559.804 894.519 608.922 334.763 363.6 512.291 914.822 492.59 938.271 468.603 803.831 30.0666 728.097 567.536 833.382 507.276 290.837 
398.02 616.702 8.06226 132.816 529.87 549.466 323.037 79.7621 405.183 492.724 633.321 527.828 34.9285 425.029 433.042 330.248 134.239 423.341 693.653 549.313 
161.4 688.675 383.099 516.42 908.277 760.135 119 307.695 635.324 781.09 702.084 790.496 418.868 639.641 208.166 713.393 478.968 807.034 728.703 165.496 
430.228 779.187 193.166 266.511 664.447 734.091 236.932 187.387 589.764 438.622 795.55 451.648 204.783 310.229 477.017 457.755 178.281 527.418 849.293 496.533 
851.942 685.829 527.549 417.484 98.4937 446.43 851.474 594.193 406.399 643.529 697.789 708.139 497.86 729.595 865.837 238.757 511.974 240.277 773.217 1055.09 
604.745 95.6713 702.636 751.26 850.54 321.834 823.787 683.141 385.099 1170.05 79.2465 1217.54 716.126 1134.09 569.495 797.16 829.325 893.166 35.3553 828.908 
667.791 707.2 285.044 152.069 260.432 535.905 600.701 361.565 420.107 401.278 722.82 460.926 249.088 449.004 695.531 54.3783 226.771 140.431 795.953 833.308 
478.619 153.574 648.741 722.025 893.135 401.628 715.52 614.2 413.237 1138.8 151.182 1180.38 668.996 1080.43 438.33 805.188 785.043 908.248 115.663 691.608 
479.401 509.148 173.925 150.083 402.747 388.888 482.744 224.475 249.018 565.76 525.461 615.202 159.138 549.859 499.223 239.41 245.326 346.902 595.081 676.492 
491.024 747.393 139.807 152.778 541.599 664.447 344.746 185.065 521.707 372.43 764.029 401.663 127.769 293.212 532.41 335.149 54.4885 403.555 825.177 598.286 
263.492 796.656 451.864 579.669 980.899 865.534 132.231 381.694 737.906 791.003 809.938 791.511 485.374 633.942 306.139 780.164 525.148 867.36 835.135 146.441 
739.268 1046.01 438.719 411.447 684.547 946.794 519.086 473.097 807.996 194.258 1062.65 170.485 424.802 15.2643 786.631 509.495 315.412 518.001 1124.2 771.986 
415.601 124.535 521.464 588.49 765.957 308.177 626.39 493.585 288.21 1006.43 136.938 1049.39 539.485 954.422 385.467 670.773 655.124 774.479 172.029 647.93 
907.317 1098.87 538.897 447.756 549.102 944.95 725.58 599.801 823.214 59.4643 1115.11 102.903 510.416 240.26 949.604 436.125 398.077 391.266 1184.91 985.37 
182.8 386.374 317.97 427.855 734.854 461.85 359.234 263.822 352.881 817.017 400.844 849.523 347.701 732.378 179.201 578.055 458.947 685.007 437.879 421.048 
136.854 472.952 276.93 401.603 746.073 531.994 272.342 209.859 411.351 766.039 487.562 793.638 311.045 667.8 157.544 572.766 413.319 677.106 524.661 358.912 
320.039 420.83 190 270.601 567.726 393.573 388.402 174.416 255.562 680.254 437.375 720.256 208.626 623.013 334.153 408.001 324.692 515.14 495.997 536.213 
525.419 27.313 612.046 664.248 788.592 278.869 736.579 591.859 312.775 1083.5 29.6816 1129.92 626.231 1044.01 493.447 720.478 740.017 819.398 75.6902 755.275 
600.262 480.942 326.087 267.092 310.006 293.061 633.202 376.303 186.432 640.647 495.55 697.782 307.561 660.996 611.383 228.127 373.001 321.758 570.824 813.298 
545.212 203.01 732.105 804.967 964.105 456.089 789.066 696.737 485.161 1222.08 194.371 1263.81 752.447 1163.58 501.941 883.857 868.493 985.853 129.035 747 
550.142 365.941 357.677 339.629 414.403 195.931 629.918 387.342 71.5612 739.465 380.552 793.742 350.28 741.271 552.526 341.204 439.527 436.726 455.827 777.821 
401.52 516.779 104.235 153.395 483.322 437.924 396.602 139.671 293.641 566.845 533.414 609.528 106.104 523.072 425.63 304.647 217.407 409.585 597.522 591.108 
418.961 241.456 371.517 414.656 586.046 226.312 560.601 365.21 127.456 833.866 258.031 880.633 381.534 799.196 409.928 484.004 493.129 587.716 325.272 657.213 
756.897 771.891 372.518 238.296 201.556 581.414 683.592 449.392 479.176 388.726 786.985 452.448 336.204 471.666 784.51 67.1193 299.1 52.3927 861.485 920.149 
457.71 178.933 437.412 476.942 617.508 190.371 617.645 430.265 139.058 895.529 195.29 943.39 447.01 864.37 442.408 532.768 557.891 633.785 265.548 697.413 
450.96 497.363 158.493 158.256 431.195 391.449 459.221 202.2 248.91 577.209 513.822 624.725 149.215 552.472 470.814 266.047 245.693 373.343 581.96 649.159 
545.286 598.588 182.784 86.2844 348.001 458.024 507.332 253.505 325.96 480 614.73 532.35 152.306 481.769 570.519 159.841 192.585 264.683 685.511 724.189 
277.218 595.494 124.92 259.48 649.36 582.344 215.873 48.3322 441.494 588.694 611.59 614.706 161.4 489.449 316.533 454.192 243.249 549.622 662.048 424.157 
736.61 501.602 482.3 411.847 276.847 260.163 788.229 532.376 235.536 742.192 513.04 803.617 462.465 789.111 741.653 308.029 517.89 366.699 588.099 958.526 
482.59 281.4 367.935 384.787 512.071 182.165 598.08 378.001 52.345 799.456 297.061 849.909 370.342 781.369 478.358 424.948 474.305 525.289 370.304 717.607 
576.321 689.473 184.545 51.0098 367.87 553.586 493.077 261.633 421.38 385.924 705.783 437.104 147.872 388.747 608.001 161.227 122.188 243.343 775.242 729.883 
237.716 310.103 378.737 476.001 746.853 413.717 437.852 333.054 323.682 878.112 324.002 913.801 404.931 802.591 218.586 606.822 519.481 714.382 358.309 476.707 
347.092 203.593 517.042 601.446 819.976 390.717 575.785 477.247 351.864 1013 213.019 1051.7 540.049 945.804 311.708 706.859 655.964 813.01 226.055 572.297 
162.693 597.724 252.769 387.398 771.511 636.908 148 175.684 505.846 697.402 612.566 716.612 289.36 578.215 209.022 580.115 366.034 677.097 650.588 300.167 
437.659 396.184 241.868 260.048 467.402 300.54 501.908 261.895 156.205 678.258 412.564 726.521 242.167 653.38 446.804 336.001 346.157 442.449 481.769 657.732 
571.424 430.091 330.847 292.036 357.453 250.799 624.256 372.023 135.912 681.195 444.789 736.824 317.53 691.755 579.118 277.065 395.683 372.49 519.955 791.103 
130.648 669.933 450.564 585.161 966.876 770.506 206.737 373.563 655.6 867.568 682.001 878.08 487.082 727.792 163.077 777.764 556.925 875.05 699.861 113.701 
414.349 869.58 349.857 444.438 844.754 868.074 156.984 311.264 726.11 560.33 885.084 555.014 371.194 395.506 464.657 638.045 358.504 706.672 928.029 387.36 
555.666 942.827 352.278 395.38 762.997 894.34 314.884 351.353 750.067 394.707 959.14 383.631 357.022 223.081 605.239 561.709 290.801 608.622 1011.75 560.261 
336.024 588.511 58.4209 192.634 581.207 547.091 278.289 20.2485 403.496 546.649 604.983 578.275 95.0368 465.414 371.383 385.834 191.039 481.965 661.255 492.541 
323.903 862.981 574.966 704.146 1103.88 958.391 257.624 503.036 837.717 907.491 874.874 904.093 609.076 744.565 354.141 904.312 650.496 992.446 890.632 101.637 
499.94 141.156 660.961 730.906 891.696 392.588 735.063 628.441 412.069 1148.62 136.704 1191.07 680.309 1093.31 460.132 808.802 796.214 911.014 94.2019 714.057 
558.746 134.648 535.059 559.047 634.679 124.193 725.989 534.158 171.593 972.672 146.25 1023.81 540.941 954.811 539.268 583.86 647.565 677.632 221.84 798.168 
207.077 740.27 523.536 657.606 1044.59 850.3 246.483 447.166 737.082 917.154 751.626 922.835 559.697 768.214 230.495 852.838 621.914 948.171 764.665 32.6497 
617.331 184.708 768.238 828.875 950.598 424.807 853.642 740.303 479.413 1248.12 170.699 1293.04 785.25 1201.26 576.39 888.708 900.379 987.079 94.8472 826.828 
482.104 161.335 461.85 497.293 621.297 170.742 644.597 456.318 141.439 915.042 177.234 963.756 470.472 887.222 465.473 545.047 580.352 644.436 249.948 721.826 
290.765 830.716 522.529 651.438 1051.53 916.273 205.01 451.01 792.96 859.456 843.168 857.798 556.511 699.012 326.075 851.674 597.943 939.673 862.63 102.591 
622.509 946.451 338.095 337.717 667.98 865.427 405.66 363.573 723.398 275.772 963.052 272.244 330.056 118.68 669.933 474.735 232.94 507.312 1021.99 661.613 
592.2 476.707 319.781 263.372 317.057 292.335 625.895 369.238 182.538 640.47 491.428 697.227 301.796 658.614 603.339 230.853 369.049 325.867 566.562 805.355 
955.327 686.321 671.361 574.674 250.639 433.115 989.615 730.906 450.161 813.983 695.035 878.822 645.484 902.286 961.545 409.246 674.396 410.312 766.261 1173.49 
799.361 634.253 484.633 381.725 136.953 399.025 807.035 548.715 351.962 642.832 646.574 706.614 456.616 715.749 812.296 219.823 480.585 246.26 722.244 1005.43 
691.876 382.027 507.347 468.675 404.25 133.81 784.985 541.651 157.953 838.285 392.255 897.157 495.956 864.589 688.625 410.239 573.54 483.076 466.135 924.741 
309.919 754.987 271.45 387.569 792.669 763.333 77 216.518 623.491 594.024 770.388 600.913 300.083 449.222 360.001 588.002 322.444 669.283 812.682 337.006 
677.632 821.663 286.398 174.152 384.86 676.018 550.974 358.431 548.923 256.55 837.922 311.713 252.517 294.613 714.077 201.358 161.372 224.19 907.727 803.338 
709.941 672.423 349.567 227.798 179.494 475.896 673.146 422.235 378.155 484.373 687.154 546.452 316.443 545.485 732.069 50.636 317.616 130.177 762.266 893.302 
610.816 466.953 348.323 292.171 313.844 271.28 652.056 396.295 172.409 664.172 481.203 721.688 330.841 686.069 620.059 247.491 398.005 337.535 556.821 827.179 
144.475 660.512 352.264 486.215 875.685 726.693 117.38 276.176 601.041 763.497 674.214 775.441 388.346 627.271 193.794 682.03 452.991 776.804 703.077 196.352 
338.479 223.511 531.008 619.487 845.568 417.757 574.13 488.035 378.942 1028.68 231.664 1066.21 555.237 957.427 300.375 729.583 670.814 836.059 237.036 558.628 
431.393 180.069 617.518 697.269 889.27 416.203 670.773 579.118 411.024 1111.52 181.571 1151.37 639.515 1047.32 390.565 790.974 755.59 895.559 159.731 643.442 
732.563 602.764 414.074 314.025 169.664 382.341 736.31 478.006 311.662 603.858 616.159 666.251 386.43 663.001 747.086 170.658 415.047 225.411 692.117 935.975 
252.771 788.483 545.674 678.473 1071.09 894.043 248.974 470.545 778.165 917.397 799.978 919.614 581.234 762.685 278.686 876.108 635.784 968.93 813.607 23.3238 
852.416 569.022 597.478 517.731 283.064 316.057 906.448 649.887 335.678 812.316 578.07 875.825 575.806 878.014 855.585 383.881 622.367 415.843 649.998 1076.33 
503.086 758.238 151.344 155.756 539.268 672.596 353.566 197.59 530.212 359.94 774.878 389.166 137.753 281.812 544.64 333.209 52.8394 398.841 836.36 608.113 
839.174 764.137 475.395 347.8 65 543.647 796.786 549.484 471.19 507.285 777.769 572.197 441.082 605.615 860.759 147.122 425.466 104.235 853.696 1021.44 
626.671 133.754 613.022 632.219 674.754 139.786 802.556 613.059 237.2 1042.51 136.927 1094.99 617.978 1030.12 603.829 643.351 723.086 732.446 201.636 864.974 
556.386 500.564 261.859 205.292 332.417 338.565 573.071 314.917 213.715 594.246 516.047 649.111 242.621 603.511 571.64 206.671 310.363 310.221 589.665 761.804 
259.946 634.716 171.677 303.592 700.316 634.924 159.201 100.449 495.368 599.421 650.495 619.776 206.62 484.737 304.508 502.004 270.474 594.079 697.093 378.652 
543.281 81.7863 557.66 592.225 686.28 175.251 726.364 549.742 216.668 1008.93 94.2444 1058.46 566.634 983.358 519.582 628.924 676.416 724.754 170.188 781.072 
410.235 773.296 198.595 282.144 682.807 736.174 212.763 183.12 592.03 461.885 789.56 473.76 214.086 330.044 457.587 476.114 198.346 548.074 841.758 472.424 
351.142 737.143 198.116 304.803 709.82 718.171 159.355 159.615 575.265 521.145 753.154 533.802 222.443 389.606 398.984 504.255 236.129 583.6 802.043 416.829 
161.012 582.204 245.153 379.638 760.424 620.455 164.049 168.074 489.612 698.279 597.117 718.925 281.824 582.619 205.412 570.576 362.609 668.566 635.831 311.853 
1072.96 792.945 779.62 675.643 308.935 540.296 1100.69 841.929 567.116 873.275 800.643 938.254 752.001 978.227 1079.61 496.473 771.36 476.018 869.83 1289.59 
724.407 540.107 441.192 359.201 228.116 309.739 755.499 497.229 257.329 678.05 552.667 739.687 418.169 728.33 733.771 243.822 464.247 303.6 628.466 938.898 
785.016 541.912 521.023 442.143 253.014 294.959 831.291 574.167 283.283 750.915 552.675 813.548 499.249 808.418 790.53 318.148 547.22 363.142 627.025 1005.72 
390.295 802.075 259.046 353.454 755.45 784.969 159.841 226.318 641.873 512.352 817.984 516.871 279.517 364.005 439.819 548.804 271.312 620.967 865.466 417.939 
914.254 593.151 671.43 593.155 336.341 341.634 977.754 722.267 387.487 880.877 600.421 944.839 650.385 951.303 914.866 456.054 697.789 480.713 669.024 1141.49 
424.005 452.355 181.397 203.666 461.686 360.8 458.093 208.734 216.566 622.981 468.88 669.557 180.499 592.663 439.933 307.467 285.412 415.03 536.173 632.197 
592.881 60.3075 631.877 667.281 745.966 216.843 789.205 621.786 286.735 1083.61 57.6888 1133.42 641.427 1058.39 564.646 699.222 751.513 792.965 119.105 827.191 
136.894 673.155 469.503 604.126 984.371 779.811 225.462 392.441 667.027 887.482 684.882 897.79 506.063 747.204 163.918 796.116 576.725 893.811 700.607 103.078 
420.905 768.595 184.532 262.101 661.78 724.798 231.948 176.853 580.496 446.052 784.949 460.114 197.436 319.889 467.472 455.07 176.819 526.499 838.573 491.044 
364.664 895.342 505.693 624.82 1029.88 954.059 184.491 442.757 822.475 781.683 908.881 773.885 536.078 613.36 407.344 825.222 556.076 905.001 935.514 214.283 
711.923 717.346 334.624 203.416 207.711 530.665 652.645 410.468 425.202 422.976 732.509 485.077 299.189 487.643 737.8 12.7279 279.517 98.0204 806.87 882.844 
529.914 165.148 699.743 769.666 925.054 418.387 768.752 666.694 446.161 1187.48 157.407 1229.97 719.186 1131.99 488.559 845.719 835.101 947.424 97.6166 738.978 
355.659 879.128 471.546 589.187 994.342 929.475 153.883 410.25 796.116 746.09 893.02 739.327 501.351 579.031 400.682 789.367 519.312 868.441 922.293 230.868 
598.426 827.641 234.019 182.784 504.876 718.229 439.619 289.993 580.246 267.06 844.252 301.423 210.794 218.888 639.832 307.483 94.7523 349.611 908.936 697.376 
345.172 795.329 297.229 405.882 810.66 800.321 96.2549 248.568 659.64 581.086 810.76 583.837 323.209 428.768 395.455 604.745 332.277 681.688 853.202 349.961 
489.287 277.483 375.565 391.042 512.016 174.106 606.04 386 46.4004 805.084 293.002 855.815 377.68 788.155 484.554 428.077 481.176 527.788 366.661 724.636 
357.315 607.376 41.1461 175.208 569.723 558.108 285.07 38 414.001 522.943 623.899 554.707 77.1622 443.03 393.585 371.648 167.601 465.626 681.234 507.241 
350.96 869.014 450.795 567.539 972.716 914.278 136.308 390.544 779.91 725.1 883.111 719.1 480.243 559.014 397.223 767.581 497.076 846.291 913.961 242.157 
169.623 694.525 516.501 651.128 1030.17 812.914 265.415 439.42 704.052 931.561 705.51 940.597 553.075 788.651 186.078 842.738 623.503 940.707 716.616 79.2275 
629.308 981.236 375.832 388.001 723.923 910.372 398.058 392.226 767.392 309.38 997.766 295.061 371.819 134.302 677.997 530.322 282.087 563.057 1054.53 647.656 
130.138 669.362 421.532 555.989 940.669 759.495 175.775 344.746 641.003 835.18 681.965 845.786 457.926 695.766 170.156 749.861 525.669 846.245 703.257 133.06 
778.023 1017.34 428.627 362.927 572.603 890.025 585.888 480.91 757.98 85.0235 1033.88 106.668 405.265 113.217 822.134 414.56 289.178 405.613 1100.18 845.199 
915.242 607.968 662.825 580.682 312.835 355.394 972.169 715.605 392.7 860.549 615.721 924.689 640.74 933.9 917.212 438.114 684.634 459.358 685.263 1140.57 
567.641 402.548 347.541 316.765 379.012 222.767 632.652 384.034 107.912 709.505 417.08 764.807 336.595 717.508 572.846 305.791 419.228 400.292 492.441 791.253 
46.7547 517.093 429.913 559.044 905.108 638.205 304.613 356.976 536.94 902.218 528.57 923.385 465.474 785.651 7.28011 733.388 559.823 837.523 544.121 255.267 
861.629 979.054 471.19 353.9 387.243 805.623 720.2 542.786 693.172 185.154 994.837 249.393 437.156 330.22 898.649 288.425 342.177 230.766 1067.3 977.231 
360.462 866.17 422.412 535.385 940.383 900.355 122.589 365.903 763.772 684.901 880.657 679.047 450.459 519.062 408.512 734.622 461.637 811.311 914.582 275.507 
527.091 13.0384 597.88 646.518 764.963 255.131 732.3 580.246 289.993 1065.54 28.1603 1112.64 611.003 1028.99 496.977 698.886 724.117 797.236 95.6922 759.36 
900.281 780.484 547.33 423.137 18.3576 546.386 870.619 619.788 494.022 576.5 793.083 641.527 514.009 682.821 919.054 224.207 504.366 179.536 868.878 1089.98 
595.756 983.257 389.297 424.166 780.708 930.763 351.801 391.506 786.641 380.739 999.602 363.341 392.001 202.98 645.478 582.344 318.328 623.013 1052.68 592.324 
236.038 429.848 220.719 328.637 650.372 448.728 332.579 174.413 319.883 720.503 445.738 754.923 249.147 643.481 250.769 484.415 361.865 590.573 494.773 456.207 
743.34 737.621 366.051 234.303 181.945 543.788 683.29 442 444.046 425.075 752.549 488.365 330.506 500.915 768.953 39.0128 307.002 69.0507 827.357 914.327 
767.208 760.711 387.769 254.912 172.192 563.664 702.974 464.088 466.717 417.412 775.539 481.408 351.92 502.07 793.235 64.0312 322.639 43.9318 850.507 936.092 
738.73 619.526 412.753 308.302 156.013 400.476 736.098 478.414 327.605 587.933 633.039 650.594 384.034 650.151 754.359 155.929 407.62 207.2 708.985 939.385 
284.06 442.512 180.812 279.603 599.58 431.283 348.817 149.466 295.102 678.973 458.862 715.902 205.548 611.101 301.644 432.261 320.628 538.45 513.654 496.231 
835.92 510.358 613.949 548.432 355.179 257.816 911.408 659.348 305.203 868.795 518.183 931.393 596.055 923.699 834.748 435.773 654.543 479.041 588.054 1065.81 
552.45 732.767 162.782 82.5409 443.379 617.992 435.938 233.343 480.36 346.733 749.323 389.847 130.924 319.119 589.186 237.497 44.8219 305 815.606 683.264 
828.971 555.203 573.334 494.79 275.937 303.117 882.036 625.512 314.941 795.594 564.745 858.793 551.881 858.047 832.588 365.197 599.707 401.852 637.465 1052.36 
822.657 505.146 598.48 533.023 346.383 252.052 896.403 644.085 293.206 855.313 513.39 917.759 580.539 908.982 822 421.93 639.153 467.047 584.042 1051.99 
847.857 506.29 634.353 571.305 378.276 255.633 928.974 678.251 314.77 893.784 513.401 956.362 617.188 948.095 845.351 460.692 677.505 503.83 581.881 1079.23 
824.721 671.405 498.551 388.855 100.17 436.24 822.499 565.291 387.965 624.763 683.784 689.094 468.875 706.135 839.231 212.96 484.004 223.379 759.48 1026.76 
204.12 536.606 190.042 321.498 691.469 554.491 224.589 117.085 420.438 670.458 552.197 697.132 226.02 571.238 239.019 505.831 320.888 606.446 597.358 383.401 
354.193 435.95 173.072 239.268 531.32 386.091 405.031 173.012 244.135 653.244 452.585 695.19 186.207 603.822 370 371.022 301.126 478.235 514.433 565.659 
642.982 865.744 277.627 214.294 500.568 747.982 478.774 334.861 612.259 222.524 882.321 259.114 252.875 192.676 684.606 311.439 137.004 339.612 948.008 737.61 
769.344 874.643 375.9 252.48 335.058 706.601 646.92 450.071 590.468 242.217 890.498 305.791 340.602 337.147 804.316 194.654 256.971 168.024 962.68 899.3 
889.331 728.464 556.369 441.091 74.3303 487.756 880.878 625.016 449.491 638.154 740.314 703.102 525.404 734.074 904.347 252.715 531.448 235.213 815.652 1089.27 
499.77 813.049 207.135 239.437 619.642 744.93 311.52 227.702 601.24 364.216 829.608 379.684 205.353 245.601 545.341 414.654 136.565 473.764 887.389 571.35 
209.612 560.143 185.973 319.595 697.318 575.543 203.73 110.005 440.266 656.99 575.733 682.015 222.524 553.47 247.952 508.273 311.373 607.188 620.755 374.927 
402.305 280.203 332.223 376.904 567 251.181 529.551 327.361 132.966 796.222 296.811 842.421 342.212 759.943 397.756 454.525 454.05 559.572 362.994 638.201 
424.57 876.473 350.892 442.719 841.852 872.145 167.657 314.531 729.85 550.967 892.036 545.001 371.295 385.292 474.891 635.182 355.106 702.488 935.565 398.363 
557.197 832.661 225.204 216.037 569.76 743.616 379.438 265.047 602.091 302.333 849.301 324.238 212.009 207.87 601.146 368.543 110.653 417.528 910.618 638.959 
786.006 871.831 392 264.327 306.752 696.563 671.038 467.347 584.565 265.062 887.498 329.462 356.069 367.392 819.748 180.014 279.179 140.289 960.432 921.668 
359.601 275.902 606.304 701.747 935.693 496.101 611.13 557.219 467.367 1105.87 279.415 1140.99 632.719 1026.2 314.086 818.13 747.193 924.883 259.887 556.004 
351.319 421.893 186.955 252.62 537.034 375.926 411.539 184.329 234.955 667.205 438.526 709.307 200.412 617.981 365.297 380.296 315.33 487.694 500.241 566.258 
819.869 503.954 595.318 529.914 344.814 250.799 893.304 640.947 290.682 852.677 512.282 915.087 577.378 906.056 819.308 419.22 636.051 464.759 583.086 1049.1 
1020.68 744.036 731.804 630.969 280.114 490.976 1051.68 792.881 514.573 847.151 752.118 912.178 704.95 944.917 1027.05 457.272 728.551 445.798 822.119 1238.15 
383.866 347.356 265.002 312.187 537.249 299.723 480.76 264.282 163.615 731.259 363.985 776.47 274.614 692.399 387.783 406.031 386.762 512.864 428.981 612.315 
623.708 560.629 300.801 211.981 260.726 376.012 621.933 363.464 267.486 560.394 575.59 618.716 274.758 590.859 641.003 145.245 317.345 242.986 650.355 822.621 
557.245 826.586 219.893 207.118 560.528 735.642 383.308 262.031 594.348 302.035 843.228 325.779 205.529 213.214 600.787 359.135 102.108 408.705 904.924 642.508 
557.248 908.728 306.62 334.755 696.139 845.742 334.215 318.291 701.989 346.575 925.214 344.489 306.178 189.19 605.483 495.586 228.886 541.421 981.059 589.454 
241.698 352.138 526.977 635.744 913.51 532.82 496.118 469.221 471.492 1025.07 360.069 1055.8 557.008 932.858 195.502 774.448 667.702 882.009 359.071 440.828 
542.072 776.354 176.955 147.167 510.56 677.738 394.417 231.905 537.298 325.185 792.991 358.402 156.083 264.008 582.842 306.297 43.6578 364.966 856.416 649.382 
511.251 465.43 241.323 211.287 380.494 324.168 540.845 285.412 188.82 617.224 481.292 669.582 228.162 612.944 525.164 249.227 311.439 354.683 553.621 720.742 
745.204 455.8 525.09 467.616 342.118 205.543 819.183 568.191 219.317 811.582 465.808 872.503 508.87 852.993 745.419 377.89 573.893 438.239 539.304 973.903 
715.663 529.25 436.715 357.61 238.799 299.787 749.605 491.623 246.293 682.421 541.853 743.753 414.383 730.075 724.587 248.365 463.056 311.103 617.671 931.098 
282.057 531.952 118.14 244.033 611.341 513.261 277.354 62.6259 372.828 613.968 548.234 645.949 151.908 531.746 313.026 425.281 257.099 526.409 601.506 461.637 
798.972 559.904 528.577 445.88 238.673 312.631 841.029 583.319 300.563 745.638 570.636 808.644 505.863 807.04 805.176 314.428 550.314 354.464 644.938 1018.39 
743.328 1031.75 427.263 389.96 650.481 925.212 531.159 466.884 787.844 163.083 1048.39 148.003 410.703 20.8087 789.84 478.377 298.236 483.699 1111.28 786.868 
571.361 31.6228 630.208 672.173 767.594 243.742 774.428 616.105 300.962 1090.11 24.8395 1138.67 641.586 1059.4 541.361 713.224 753.305 808.965 90.6697 803.738 
76.1183 463.949 387.743 512.338 846.416 574.381 317.12 318.961 471.832 872.846 476.321 898.007 422.036 766.676 59.0339 679.607 522.932 784.951 498 313.166 
413.818 698.553 97.4166 179.067 583.59 639.545 278.744 115.313 495.235 447.897 715.095 474.085 107.448 354.295 455.544 377.795 115.953 458.075 772.651 526.621 
160.206 438.48 280.516 399.091 729.485 497.788 306.72 219.545 379.401 775.967 453.239 806.067 312.771 684.748 171.735 562.105 419.926 667.727 491.874 389.853 
179.981 448.589 251.782 370.39 704.884 492.693 299.082 191.971 369.218 747.896 463.781 778.569 283.924 658.818 196.469 535.086 391.429 640.366 505.926 402.356 
278.568 488.427 145.619 258.805 604.849 473.469 310.311 104.317 334.773 645.366 504.734 679.854 174.929 570.272 303.389 427.181 286.775 531.242 558.6 475.82 
613.325 977.816 375.682 396.853 741.934 913.731 377.774 386.898 770.203 335.626 994.29 320.702 374.23 159.906 662.402 546.117 290.558 582.417 1049.76 625.051 
744.272 932.534 368.285 278.153 467.39 791.794 582.204 431.654 663.724 142.127 948.916 195.88 339.118 204.12 784.849 306.752 228.239 300.341 1017.54 841.362 
539.337 606.06 171.479 72.111 358.064 469.695 495.908 243.528 336.311 470.724 622.28 522.251 140.014 469.086 565.601 165.94 178.404 269.032 692.527 715.103 
565.524 433.627 321.86 283.388 358.113 258.182 616.028 363.402 140.207 674 448.47 729.373 308.475 683.369 573.836 272.406 386.866 369.06 523.436 784.272 
555.09 551.92 223.897 148.003 327.196 398.47 544.737 286.386 270.662 535.287 567.733 589.54 199.06 543.769 575.361 168.074 254.096 275.378 640.21 748.258 
822.976 631.697 517.904 418.151 154.311 390.017 838.959 580.269 357.202 679.321 643.324 743.312 490.805 754.082 834.053 258.213 517.929 280.264 718.501 1032.81 
426.708 586.359 54.0833 100.499 479.051 501.108 377.037 122.45 357.526 500.888 602.996 541.828 38.4708 453.442 457.109 284.486 148.054 382.97 666.743 594.371 
594.041 725.69 200.04 76.5572 379.854 590.593 494.631 275.879 458.594 349.162 742.038 399.941 164.027 353.657 627.766 174.485 108.208 242.687 811.121 737.574 
837.088 1093.55 500.37 439.892 635.472 967.36 631.558 548.657 835.374 81.6088 1110.11 46.0109 478.724 114.983 882.56 487.123 362.752 469.614 1175.91 888.217 
385.253 789.003 243.239 338.585 741.157 769.751 162.693 211.116 626.547 508.139 804.965 514.612 263.856 363.662 434.42 534.58 258.031 607.824 853.113 422.2 
567.733 161.208 724.846 789.682 928.285 411.536 804.27 694.764 452.179 1208.48 150.083 1252.3 742.927 1157.72 526.972 857.385 858.478 957.518 78.5175 778.302 
502.837 929.931 367.764 436.606 822.22 905.005 249.804 348.294 761.032 480.941 945.88 469.46 380.716 308.715 553.104 617.395 338.12 673.751 993.54 482.578 
917.048 1150.43 568.918 494.887 636.661 1010.19 715.793 622.065 883.167 78.2943 1166.88 39.2046 544.424 199.361 961.774 511.383 428.627 475.925 1234.61 972.94 
807.087 924.686 415.502 296.946 365.662 756.229 672.632 487.899 640.664 202.485 940.562 267.27 381.115 319.363 843.481 242.143 289.173 201.249 1012.63 928.036 
893.949 885.936 506.952 372.324 183.098 676.42 810.612 584.062 591.219 398.339 900.316 462.875 470.367 525.552 921.908 197.122 419.315 89.56 975.828 1052.5 
260.069 776.006 391.695 517.571 920.201 827.59 68.4763 323.855 695.848 729.176 790.023 731.498 424.401 575.237 307.657 718.337 460.925 804.235 820.62 202.388 
309.291 615.059 100.24 233.266 628.765 589.359 227.798 32.6956 446.806 556.232 631.32 582.684 135.65 459.148 349.013 430.726 211.256 523.894 683.939 448.642 
371.618 911.353 601.422 727.78 1130.26 1001.96 278.491 531.806 879.046 908.743 923.411 901.759 634.492 741.298 403.238 928.569 668.159 1013.74 940.018 151.251 
664.146 426.62 440.732 391.369 342.468 197.274 732.836 482.162 153.951 756.35 438.883 815.24 426.016 784.474 666.694 329.22 497.081 405.882 514.56 890.423 
462.281 344.89 302.22 316.183 477.026 241.033 550.608 318.512 97.1854 731.987 360.96 781.804 302.761 712.529 465.172 368.982 405.532 472.553 432.447 690.525 
453.054 801.387 210.193 273.251 666.312 752.163 253.032 209.571 607.82 419.363 817.784 430.488 218.673 287.179 500.121 459.941 179.137 525.513 872.067 513.035 
377.117 168.618 521.875 599.391 800.978 358.299 599.341 486.807 327.808 1014.2 178.676 1054.68 542.915 953.138 343.639 695.388 659.018 800.653 197.649 605.179 
118.663 432.412 433.97 554.513 873.147 565.659 370.883 368.099 474.605 923.965 443.6 950.497 467.184 820.959 78.4092 714.012 571.434 820.444 458.577 339.803 
862.548 558.099 619.38 543.799 314.53 304.946 924.816 669.541 338.615 844.091 566.389 907.498 598.873 908.027 863.904 414.744 648.985 448.108 637.028 1089.04 
893.972 694.804 579.994 472.925 136.015 448.206 903.038 644.937 426.522 696.038 705.783 760.852 551.204 785.845 905.652 295.99 568.537 292.335 780.3 1101.72 
723.685 1025.36 418.417 390.267 667.163 925.605 507.142 453.971 786.82 191.846 1042 175.231 404.079 16.5529 770.72 490.163 294.333 500.937 1103.76 761.673 
424.721 178.832 609.036 688.941 882.525 412.161 663.244 570.665 404.654 1103.09 181.108 1142.91 631.053 1038.84 384.293 783.275 747.125 887.97 162.856 638.02 
69.4622 563.777 463.131 594.781 949.758 689.801 298.613 388.063 588.451 923.064 574.739 941.002 499.325 798.727 58.4123 774.14 588.069 877.096 586.758 209.06 
237.403 326.957 342.615 439.386 716.158 406.882 418.226 298.734 306.42 841.758 341.696 877.817 368.456 767.939 225.887 572.367 483.198 679.925 381.725 477.017 
541.097 12.3693 617.246 665.776 780.064 265.121 749.184 599.286 306.791 1084.74 11.4018 1131.94 630.417 1048.4 509.907 716.666 743.528 814.531 77.8974 772.001 
