200 20 21
777 335 649 27 763 426 211 429 862 135 22 167 11 373 784 324 413 980 862 281 
3.05 9.25 0.84 3.27 3.36 5.05 8.46 7.29 3.13 8.57 1.24 8.95 5.82 5.45 8.14 3.67 4.34 3.64 0.43 7.5 0.87 
3 11 2 12 0 4 14 17 12 3 8 20 20 19 4 3 19 5 14 11 3 3 3 10 11 20 14 2 17 5 10 0 1 16 13 12 16 15 5 18 13 20 16 0 12 14 8 10 6 8 5 19 13 8 12 19 4 1 14 16 11 9 9 9 8 17 2 4 9 5 6 5 17 19 9 18 0 1 12 15 18 4 13 16 17 8 7 16 16 19 17 2 2 2 11 18 13 2 8 16 10 17 19 12 13 11 0 1 15 10 1 3 0 5 11 13 17 12 10 9 6 15 19 19 15 17 3 2 17 16 9 10 10 12 5 2 14 18 14 17 18 12 6 17 12 19 8 20 0 4 16 2 15 13 13 11 0 3 20 6 19 2 7 0 18 19 5 13 13 0 13 3 7 4 13 4 13 6 1 20 20 18 14 2 16 3 19 18 3 15 18 8 10 8 1 9 3 13 6 15 
7160.4 8868.74 3327.1 2342.67 4307.63 7440.05 5676.09 3997.31 6163.93 1890.24 9032.08 2437.31 3016.17 2394.93 7550.54 2617.65 1959.21 2647.05 9723.3 8248.39 
5231.54 5115.28 2170.83 1680.77 3599.61 3684.2 5297.48 2712.05 2352.3 5704.53 5274.71 6230.83 1982.17 5692.45 5411.33 2103.19 2710.17 3173.45 5994.03 7232.19 
6122.17 4256.25 3795.69 3350.49 3459.71 2224.07 6725.27 4209.75 1339.59 7130.11 4393.56 7702.7 3654.72 7320.14 6174.86 2957.87 4399.57 3832.08 5152.48 8351.44 
3852.65 8629.68 3743.42 4784.53 8818.1 8766.14 1270.59 3267.19 7366.14 6122.5 8780.87 6070.03 3991.1 4473.62 4351.67 6752.87 3983.23 7479.18 9174.01 3383.78 
9437.22 8005.85 5958.26 4728.89 678.97 5601.37 9196 6675.82 5197.82 6184.5 8125.27 6833.81 5628.96 7299.99 9611.31 2745.91 5549.23 2271.78 8879.25 11366.7 
8176.02 7725.55 4454.26 3147.21 1097.31 5608.17 7639.11 5208.2 4780.29 4637.87 7867.1 5285.92 4102.35 5605.01 8413.38 1149.65 3868.04 600.75 8624.04 9933.08 
5192.3 2532.37 4163.71 4279.49 5216.76 1343.91 6447.36 4270.11 420.595 8394 2679.18 8911.62 4178.52 8266.14 5115.44 4527.12 5200 5493.65 3431.18 7563.74 
4190.3 6282.08 262.488 1134.64 5136.22 5528.41 3388.17 1004.99 4088.83 4743.68 6448.46 5106.9 186.011 4117.52 4540.41 3124.77 1156.63 4040.79 7063.43 5684.23 
2864.47 8252.3 5016.18 6297.43 10306.8 9045.91 1821.57 4308.9 7794.93 8354.05 8379.88 8339.12 5352.87 6752.44 3244.46 8301.9 5749.33 9174.76 8594.89 1190.17 
2581.41 4458.81 1919.27 2985.65 6251.82 4482.19 3308.41 1503.36 3146.17 6916.55 4620.27 7268.05 2195.84 6175.99 2762.79 4562.25 3329.46 5620.29 5139.43 4711.9 
6115.23 8001.03 2284.05 1453.41 4473.95 6769.23 4738.96 2947.17 5420.89 2775.84 8166.2 3218.23 1985.95 2639.73 6501.7 2498.4 910.824 2938.47 8835.58 7278.85 
616.847 4794.37 3770.33 5033.97 8435.86 5838.24 2983.32 3068.11 4780.23 8590.27 4920.5 8833.49 4118.07 7507.98 575.847 6738.73 5107.85 7786.53 5150.62 3010.02 
2738.8 5021.13 1396.17 2580.27 6116.5 4884.31 2960.96 920.869 3495.21 6385.49 5183.76 6719.35 1707.92 5600.93 3008.8 4311.5 2804.32 5343.29 5715.42 4660.53 
9223.56 7843.72 5746.04 4521.34 480.104 5457.93 8984.84 6462.33 5018.07 6070.68 7965.18 6720.75 5417.76 7149.64 9398.98 2544.66 5350.86 2116.81 8720.62 11152.2 
3082.55 8182.96 4016.99 5217.83 9266.03 8605.82 827.647 3392.01 7261.58 7044.8 8325.77 7030.82 4322.51 5447.83 3562.02 7224.47 4564.26 8040.16 8650.35 2365.46 
3414.57 2542.75 3614 4300.29 6501.73 3025.92 5037.24 3382.5 2085.43 8466.81 2704.9 8889.82 3788.57 7944.11 3295.69 5293.06 4944.91 6357.08 3253.57 5808.56 
1864.3 3536.57 4065.18 5151.23 8064.35 4782.65 4128.26 3508.87 3905.14 9053.49 3660.05 9372.57 4362.06 8177.74 1590.13 6586.84 5474.49 7660.98 3893.71 4209.62 
3014.96 5989.1 996.243 2340.94 6255.38 5748.43 2350.77 242.074 4326.4 5676.8 6151.68 5952.43 1360.15 4734.66 3398.72 4294.18 2193.17 5243.61 6678.16 4489.87 
2171.13 6188.55 2070.77 3409.78 7326.88 6362.77 1441.01 1315.29 4999.85 6426.08 6342.63 6621.93 2431.01 5251.78 2625.28 5372.02 3131.29 6315.57 6772 3412.7 
4315.61 3935.81 2407.07 2622.31 4736.21 3022.38 4975.62 2589.54 1580.13 6808.25 4100.01 7287.23 2419.61 6543.13 4405.56 3412.76 3470.52 4478.54 4788 6520.28 
3536.24 1865.07 4829.96 5610.79 7711.45 3480.76 5676.7 4484.86 3031.52 9754.61 1988.42 10158.1 5040.34 9143.85 3237.61 6604.44 6201.37 7662.11 2282.81 5862.87 
7155.08 10374.7 4289.21 4123.93 7033.93 9463.35 4904.74 4582.68 8060.83 2280.9 10541 2047.49 4176.98 470.106 7634.17 5229.8 3124.36 5376.71 11142.6 7415.37 
3672.41 2212.08 3916.8 4549.48 6562.47 2795.51 5364.11 3708.15 1992.51 8730 2375.08 9164.15 4078.06 8244.71 3521.15 5445.46 5229.47 6500 2940.54 6069.64 
2507.11 7660.06 3854.67 5121.91 9142.48 8180.86 642.573 3168.63 6866.19 7294.64 7800.23 7326.73 4184.93 5770.08 2985.18 7128.45 4572 7994.71 8106.65 2010.99 
6827.2 6233.08 3388.7 2291.24 1994.49 4264.84 6633.23 4076.57 3288.18 5260.31 6379.42 5870.06 3084.57 5762.22 7022 936.483 3277.71 1793.88 7131.82 8744.74 
764.788 4813.31 4338.96 5598.04 8945.19 6089.22 3347.63 3636 5122.91 9148.22 4925.9 9382.71 4686.03 8038.31 300.666 7280.97 5675.36 8333.82 5072.76 2908.37 
3980.2 6167.02 80.6226 1328.16 5298.7 5494.66 3230.37 797.621 4051.83 4927.24 6333.21 5278.28 349.285 4250.29 4330.42 3302.48 1342.39 4233.41 6936.53 5493.13 
1614 6886.75 3830.99 5164.2 9082.77 7601.35 1190 3076.95 6353.24 7810.9 7020.84 7904.96 4188.68 6396.41 2081.66 7133.93 4789.68 8070.34 7287.03 1654.96 
4302.28 7791.87 1931.66 2665.11 6644.47 7340.91 2369.32 1873.87 5897.64 4386.22 7955.5 4516.48 2047.83 3102.29 4770.17 4577.55 1782.81 5274.18 8492.93 4965.33 
8519.42 6858.29 5275.49 4174.84 984.937 4464.3 8514.74 5941.93 4063.99 6435.29 6977.89 7081.39 4978.6 7295.95 8658.37 2387.57 5119.74 2402.77 7732.17 10550.9 
6047.45 956.713 7026.36 7512.6 8505.4 3218.34 8237.87 6831.41 3850.99 11700.5 792.465 12175.4 7161.26 11340.9 5694.95 7971.6 8293.25 8931.66 353.553 8289.08 
6677.91 7072 2850.44 1520.69 2604.32 5359.05 6007.01 3615.65 4201.07 4012.78 7228.2 4609.26 2490.88 4490.04 6955.31 543.783 2267.71 1404.31 7959.53 8333.08 
4786.19 1535.74 6487.41 7220.25 8931.35 4016.28 7155.2 6142 4132.37 11388 1511.82 11803.8 6689.96 10804.3 4383.3 8051.88 7850.43 9082.48 1156.63 6916.08 
4794.01 5091.48 1739.25 1500.83 4027.47 3888.88 4827.44 2244.75 2490.18 5657.6 5254.61 6152.02 1591.38 5498.59 4992.23 2394.1 2453.26 3469.02 5950.81 6764.92 
4910.24 7473.93 1398.07 1527.78 5415.99 6644.47 3447.46 1850.65 5217.07 3724.3 7640.29 4016.63 1277.69 2932.12 5324.1 3351.49 544.885 4035.55 8251.77 5982.86 
2634.92 7966.56 4518.64 5796.69 9808.99 8655.34 1322.31 3816.94 7379.06 7910.03 8099.38 7915.11 4853.74 6339.42 3061.39 7801.64 5251.48 8673.6 8351.35 1464.41 
7392.68 10460.1 4387.19 4114.47 6845.47 9467.94 5190.86 4730.97 8079.96 1942.58 10626.5 1704.85 4248.02 152.643 7866.31 5094.95 3154.12 5180.01 11242 7719.86 
4156.01 1245.35 5214.64 5884.9 7659.57 3081.77 6263.9 4935.85 2882.1 10064.3 1369.38 10493.9 5394.85 9544.22 3854.67 6707.73 6551.24 7744.79 1720.29 6479.3 
9073.17 10988.7 5388.97 4477.56 5491.02 9449.5 7255.8 5998.01 8232.14 594.643 11151.1 1029.03 5104.16 2402.6 9496.04 4361.25 3980.77 3912.66 11849.1 9853.7 
1828 3863.74 3179.7 4278.55 7348.54 4618.5 3592.34 2638.22 3528.81 8170.17 4008.44 8495.23 3477.01 7323.78 1792.01 5780.55 4589.47 6850.07 4378.79 4210.48 
1368.54 4729.52 2769.3 4016.03 7460.73 5319.94 2723.42 2098.59 4113.51 7660.39 4875.62 7936.38 3110.45 6678 1575.44 5727.66 4133.19 6771.06 5246.61 3589.12 
3200.39 4208.3 1900 2706.01 5677.26 3935.73 3884.02 1744.16 2555.62 6802.54 4373.75 7202.56 2086.26 6230.13 3341.53 4080.01 3246.92 5151.4 4959.97 5362.13 
5254.19 273.13 6120.46 6642.48 7885.92 2788.69 7365.79 5918.59 3127.75 10835 296.816 11299.2 6262.31 10440.1 4934.47 7204.78 7400.17 8193.98 756.902 7552.75 
6002.62 4809.42 3260.87 2670.92 3100.06 2930.61 6332.02 3763.03 1864.32 6406.47 4955.5 6977.82 3075.61 6609.96 6113.83 2281.27 3730.01 3217.58 5708.24 8132.98 
5452.12 2030.1 7321.05 8049.67 9641.05 4560.89 7890.66 6967.37 4851.61 12220.8 1943.71 12638.1 7524.47 11635.8 5019.41 8838.57 8684.93 9858.53 1290.35 7470 
5501.42 3659.41 3576.77 3396.29 4144.03 1959.31 6299.18 3873.42 715.612 7394.65 3805.52 7937.42 3502.8 7412.71 5525.26 3412.04 4395.27 4367.26 4558.27 7778.21 
4015.2 5167.79 1042.35 1533.95 4833.22 4379.24 3966.02 1396.71 2936.41 5668.45 5334.14 6095.28 1061.04 5230.72 4256.3 3046.47 2174.07 4095.85 5975.22 5911.08 
4189.61 2414.56 3715.17 4146.56 5860.46 2263.12 5606.01 3652.1 1274.56 8338.66 2580.31 8806.33 3815.34 7991.96 4099.28 4840.04 4931.29 5877.16 3252.72 6572.13 
7568.97 7718.91 3725.18 2382.96 2015.56 5814.14 6835.92 4493.92 4791.76 3887.26 7869.85 4524.48 3362.04 4716.66 7845.1 671.193 2991 523.927 8614.85 9201.49 
4577.1 1789.33 4374.12 4769.42 6175.08 1903.71 6176.45 4302.65 1390.58 8955.29 1952.9 9433.9 4470.1 8643.7 4424.08 5327.68 5578.91 6337.85 2655.48 6974.13 
4509.6 4973.63 1584.93 1582.56 4311.95 3914.49 4592.21 2022 2489.1 5772.09 5138.22 6247.25 1492.15 5524.72 4708.14 2660.47 2456.93 3733.43 5819.6 6491.59 
5452.86 5985.88 1827.84 862.844 3480.01 4580.24 5073.32 2535.05 3259.6 4800 6147.3 5323.5 1523.06 4817.69 5705.19 1598.41 1925.85 2646.83 6855.11 7241.89 
2772.18 5954.94 1249.2 2594.8 6493.6 5823.44 2158.73 483.322 4414.94 5886.94 6115.9 6147.06 1614 4894.49 3165.33 4541.92 2432.49 5496.22 6620.48 4241.57 
7366.1 5016.02 4823 4118.47 2768.47 2601.63 7882.29 5323.76 2355.36 7421.92 5130.4 8036.17 4624.65 7891.11 7416.53 3080.29 5178.9 3666.99 5880.99 9585.26 
4825.9 2814 3679.35 3847.87 5120.71 1821.65 5980.8 3780.01 523.45 7994.56 2970.61 8499.09 3703.42 7813.69 4783.58 4249.48 4743.05 5252.89 3703.04 7176.07 
5763.21 6894.73 1845.45 510.098 3678.7 5535.86 4930.77 2616.33 4213.8 3859.24 7057.83 4371.04 1478.72 3887.47 6080.01 1612.27 1221.88 2433.43 7752.42 7298.83 
2377.16 3101.03 3787.37 4760.01 7468.53 4137.17 4378.52 3330.54 3236.82 8781.12 3240.02 9138.01 4049.31 8025.91 2185.86 6068.22 5194.81 7143.82 3583.09 4767.07 
3470.92 2035.93 5170.42 6014.46 8199.76 3907.17 5757.85 4772.47 3518.64 10130 2130.19 10517 5400.49 9458.04 3117.08 7068.59 6559.64 8130.1 2260.55 5722.97 
1626.93 5977.24 2527.69 3873.98 7715.11 6369.08 1480 1756.84 5058.46 6974.02 6125.66 7166.12 2893.6 5782.15 2090.22 5801.15 3660.34 6770.97 6505.88 3001.67 
4376.59 3961.84 2418.68 2600.48 4674.02 3005.4 5019.08 2618.95 1562.05 6782.58 4125.64 7265.21 2421.67 6533.8 4468.04 3360.01 3461.57 4424.49 4817.69 6577.32 
5714.24 4300.91 3308.47 2920.36 3574.53 2507.99 6242.56 3720.23 1359.12 6811.95 4447.89 7368.24 3175.3 6917.55 5791.18 2770.65 3956.83 3724.9 5199.55 7911.03 
1306.48 6699.33 4505.64 5851.61 9668.76 7705.06 2067.37 3735.63 6556 8675.68 6820.01 8780.8 4870.82 7277.92 1630.77 7777.64 5569.25 8750.5 6998.61 1137.01 
4143.49 8695.8 3498.57 4444.38 8447.54 8680.74 1569.84 3112.64 7261.1 5603.3 8850.84 5550.14 3711.94 3955.06 4646.57 6380.45 3585.04 7066.72 9280.29 3873.6 
5556.66 9428.27 3522.78 3953.8 7629.97 8943.4 3148.84 3513.53 7500.67 3947.07 9591.4 3836.31 3570.22 2230.81 6052.39 5617.09 2908.01 6086.22 10117.5 5602.61 
3360.24 5885.11 584.209 1926.34 5812.07 5470.91 2782.89 202.485 4034.96 5466.49 6049.83 5782.75 950.368 4654.14 3713.83 3858.34 1910.39 4819.65 6612.55 4925.41 
3239.03 8629.81 5749.66 7041.46 11038.8 9583.91 2576.24 5030.36 8377.17 9074.91 8748.74 9040.93 6090.76 7445.65 3541.41 9043.12 6504.96 9924.46 8906.32 1016.37 
4999.4 1411.56 6609.61 7309.06 8916.96 3925.88 7350.63 6284.41 4120.69 11486.2 1367.04 11910.7 6803.09 10933.1 4601.32 8088.02 7962.14 9110.14 942.019 7140.57 
5587.46 1346.48 5350.59 5590.47 6346.79 1241.93 7259.89 5341.58 1715.93 9726.72 1462.5 10238.1 5409.41 9548.11 5392.68 5838.6 6475.65 6776.32 2218.4 7981.68 
2070.77 7402.7 5235.36 6576.06 10445.9 8503 2464.83 4471.66 7370.82 9171.54 7516.26 9228.35 5596.97 7682.14 2304.95 8528.38 6219.14 9481.71 7646.65 326.497 
6173.31 1847.08 7682.38 8288.75 9505.98 4248.07 8536.42 7403.03 4794.13 12481.2 1706.99 12930.4 7852.5 12012.6 5763.9 8887.08 9003.79 9870.79 948.472 8268.28 
4821.04 1613.35 4618.5 4972.93 6212.97 1707.42 6445.97 4563.18 1414.39 9150.42 1772.34 9637.56 4704.72 8872.22 4654.73 5450.47 5803.52 6444.36 2499.48 7218.26 
2907.65 8307.16 5225.29 6514.38 10515.3 9162.73 2050.1 4510.1 7929.6 8594.56 8431.68 8577.98 5565.11 6990.12 3260.75 8516.74 5979.43 9396.73 8626.3 1025.91 
6225.09 9464.51 3380.95 3377.17 6679.8 8654.27 4056.6 3635.73 7233.98 2757.72 9630.52 2722.44 3300.56 1186.8 6699.33 4747.35 2329.4 5073.12 10219.9 6616.13 
5922 4767.07 3197.81 2633.72 3170.57 2923.35 6258.95 3692.38 1825.38 6404.7 4914.28 6972.27 3017.96 6586.14 6033.39 2308.53 3690.49 3258.67 5665.62 8053.55 
9553.27 6863.21 6713.61 5746.74 2506.39 4331.15 9896.15 7309.06 4501.61 8139.83 6950.35 8788.22 6454.84 9022.86 9615.45 4092.46 6743.96 4103.12 7662.61 11734.9 
7993.61 6342.53 4846.33 3817.25 1369.53 3990.25 8070.35 5487.15 3519.62 6428.32 6465.74 7066.14 4566.16 7157.49 8122.96 2198.23 4805.85 2462.6 7222.44 10054.3 
6918.76 3820.27 5073.47 4686.75 4042.5 1338.1 7849.85 5416.51 1579.53 8382.85 3922.55 8971.57 4959.56 8645.89 6886.25 4102.39 5735.4 4830.76 4661.35 9247.41 
3099.19 7549.87 2714.5 3875.69 7926.69 7633.33 770 2165.18 6234.91 5940.24 7703.88 6009.13 3000.83 4492.22 3600.01 5880.02 3224.44 6692.83 8126.82 3370.06 
6776.32 8216.63 2863.98 1741.52 3848.6 6760.18 5509.74 3584.31 5489.23 2565.5 8379.22 3117.13 2525.17 2946.13 7140.77 2013.58 1613.72 2241.9 9077.27 8033.38 
7099.41 6724.23 3495.67 2277.98 1794.94 4758.96 6731.46 4222.35 3781.55 4843.73 6871.54 5464.52 3164.43 5454.85 7320.69 506.36 3176.16 1301.77 7622.66 8933.02 
6108.16 4669.53 3483.23 2921.71 3138.44 2712.8 6520.56 3962.95 1724.09 6641.72 4812.03 7216.88 3308.41 6860.69 6200.59 2474.91 3980.05 3375.35 5568.21 8271.79 
1444.75 6605.12 3522.64 4862.15 8756.85 7266.93 1173.8 2761.76 6010.41 7634.97 6742.14 7754.41 3883.46 6272.71 1937.94 6820.3 4529.91 7768.04 7030.77 1963.52 
3384.79 2235.11 5310.08 6194.87 8455.68 4177.57 5741.3 4880.35 3789.42 10286.8 2316.64 10662.1 5552.37 9574.27 3003.75 7295.83 6708.14 8360.59 2370.36 5586.28 
4313.93 1800.69 6175.18 6972.69 8892.7 4162.03 6707.73 5791.18 4110.24 11115.2 1815.71 11513.7 6395.15 10473.2 3905.65 7909.74 7555.9 8955.59 1597.31 6434.42 
7325.63 6027.64 4140.74 3140.25 1696.64 3823.41 7363.1 4780.06 3116.62 6038.58 6161.59 6662.51 3864.3 6630.01 7470.86 1706.58 4150.47 2254.11 6921.17 9359.75 
2527.71 7884.83 5456.74 6784.73 10710.9 8940.43 2489.74 4705.45 7781.65 9173.97 7999.78 9196.14 5812.34 7626.85 2786.86 8761.08 6357.84 9689.3 8136.07 233.238 
8524.16 5690.22 5974.78 5177.31 2830.64 3160.57 9064.48 6498.87 3356.78 8123.16 5780.7 8758.25 5758.06 8780.14 8555.85 3838.81 6223.67 4158.43 6499.98 10763.3 
5030.86 7582.38 1513.44 1557.56 5392.68 6725.96 3535.66 1975.9 5302.12 3599.4 7748.78 3891.66 1377.53 2818.12 5446.4 3332.09 528.394 3988.41 8363.6 6081.13 
8391.74 7641.37 4753.95 3478 650 5436.47 7967.86 5494.84 4711.9 5072.85 7777.69 5721.97 4410.82 6056.15 8607.59 1471.22 4254.66 1042.35 8536.96 10214.4 
6266.71 1337.54 6130.22 6322.19 6747.54 1397.86 8025.56 6130.59 2372 10425.1 1369.27 10949.9 6179.78 10301.2 6038.29 6433.51 7230.86 7324.46 2016.36 8649.74 
5563.86 5005.64 2618.59 2052.92 3324.17 3385.65 5730.71 3149.17 2137.15 5942.46 5160.47 6491.11 2426.21 6035.11 5716.4 2066.71 3103.63 3102.21 5896.65 7618.04 
2599.46 6347.16 1716.77 3035.92 7003.16 6349.24 1592.01 1004.49 4953.68 5994.21 6504.95 6197.76 2066.2 4847.37 3045.08 5020.04 2704.74 5940.79 6970.93 3786.52 
5432.81 817.863 5576.6 5922.25 6862.8 1752.51 7263.64 5497.42 2166.68 10089.3 942.444 10584.6 5666.34 9833.58 5195.82 6289.24 6764.16 7247.54 1701.88 7810.72 
4102.35 7732.96 1985.95 2821.44 6828.07 7361.74 2127.63 1831.2 5920.3 4618.85 7895.6 4737.6 2140.86 3300.44 4575.87 4761.14 1983.46 5480.74 8417.58 4724.24 
3511.42 7371.43 1981.16 3048.03 7098.2 7181.71 1593.55 1596.15 5752.65 5211.45 7531.54 5338.02 2224.43 3896.06 3989.84 5042.55 2361.29 5836 8020.43 4168.29 
1610.12 5822.04 2451.53 3796.38 7604.24 6204.55 1640.49 1680.74 4896.12 6982.79 5971.17 7189.25 2818.24 5826.19 2054.12 5705.76 3626.09 6685.66 6358.31 3118.53 
10729.6 7929.45 7796.2 6756.43 3089.35 5402.96 11006.9 8419.29 5671.16 8732.75 8006.43 9382.54 7520.01 9782.27 10796.1 4964.73 7713.6 4760.18 8698.3 12895.9 
7244.07 5401.07 4411.92 3592.01 2281.16 3097.39 7554.99 4972.29 2573.29 6780.5 5526.67 7396.87 4181.69 7283.3 7337.71 2438.22 4642.47 3036 6284.66 9388.98 
7850.16 5419.12 5210.23 4421.43 2530.14 2949.59 8312.91 5741.67 2832.83 7509.15 5526.75 8135.48 4992.49 8084.18 7905.3 3181.48 5472.2 3631.42 6270.25 10057.2 
3902.95 8020.75 2590.46 3534.54 7554.5 7849.69 1598.41 2263.18 6418.73 5123.52 8179.84 5168.71 2795.17 3640.05 4398.19 5488.04 2713.12 6209.67 8654.66 4179.39 
9142.54 5931.51 6714.3 5931.55 3363.41 3416.34 9777.54 7222.67 3874.87 8808.77 6004.21 9448.39 6503.85 9513.03 9148.66 4560.54 6977.89 4807.13 6690.24 11414.9 
4240.05 4523.55 1813.97 2036.66 4616.86 3608 4580.93 2087.34 2165.66 6229.81 4688.8 6695.57 1804.99 5926.63 4399.33 3074.67 2854.12 4150.3 5361.73 6321.97 
5928.81 603.075 6318.77 6672.81 7459.66 2168.43 7892.05 6217.86 2867.35 10836.1 576.888 11334.2 6414.27 10583.9 5646.46 6992.22 7515.13 7929.65 1191.05 8271.91 
1368.94 6731.55 4695.03 6041.26 9843.71 7798.11 2254.62 3924.41 6670.27 8874.82 6848.82 8977.9 5060.63 7472.04 1639.18 7961.16 5767.25 8938.11 7006.07 1030.78 
4209.05 7685.95 1845.32 2621.01 6617.8 7247.98 2319.48 1768.53 5804.96 4460.52 7849.49 4601.14 1974.36 3198.89 4674.72 4550.7 1768.19 5264.99 8385.73 4910.44 
3646.64 8953.42 5056.93 6248.2 10298.8 9540.59 1844.91 4427.57 8224.75 7816.83 9088.81 7738.85 5360.78 6133.6 4073.44 8252.22 5560.76 9050.01 9355.14 2142.83 
7119.23 7173.46 3346.24 2034.16 2077.11 5306.65 6526.45 4104.68 4252.02 4229.76 7325.09 4850.77 2991.89 4876.43 7378 127.279 2795.17 980.204 8068.7 8828.44 
5299.14 1651.48 6997.43 7696.66 9250.54 4183.87 7687.52 6666.94 4461.61 11874.8 1574.07 12299.7 7191.86 11319.9 4885.59 8457.19 8351.01 9474.24 976.166 7389.78 
3556.59 8791.28 4715.46 5891.87 9943.42 9294.75 1538.83 4102.5 7961.16 7460.9 8930.2 7393.27 5013.51 5790.31 4006.82 7893.67 5193.12 8684.41 9222.93 2308.68 
5984.26 8276.41 2340.19 1827.84 5048.76 7182.29 4396.19 2899.93 5802.46 2670.6 8442.52 3014.23 2107.94 2188.88 6398.32 3074.83 947.523 3496.11 9089.36 6973.76 
3451.72 7953.29 2972.29 4058.82 8106.6 8003.21 962.549 2485.68 6596.4 5810.86 8107.6 5838.37 3232.09 4287.68 3954.55 6047.45 3322.77 6816.88 8532.02 3499.61 
4892.87 2774.83 3755.65 3910.42 5120.16 1741.06 6060.4 3860 464.004 8050.84 2930.02 8558.15 3776.8 7881.55 4845.54 4280.77 4811.76 5277.88 3666.61 7246.36 
3573.15 6073.76 411.461 1752.08 5697.23 5581.08 2850.7 380 4140.01 5229.43 6238.99 5547.07 771.622 4430.3 3935.85 3716.48 1676.01 4656.26 6812.34 5072.41 
3509.6 8690.14 4507.95 5675.39 9727.16 9142.78 1363.08 3905.44 7799.1 7251 8831.11 7191 4802.43 5590.14 3972.23 7675.81 4970.76 8462.91 9139.61 2421.57 
1696.23 6945.25 5165.01 6511.28 10301.7 8129.14 2654.15 4394.2 7040.52 9315.61 7055.1 9405.97 5530.75 7886.51 1860.78 8427.38 6235.03 9407.07 7166.16 792.275 
6293.08 9812.36 3758.32 3880.01 7239.23 9103.72 3980.58 3922.26 7673.92 3093.8 9977.66 2950.61 3718.19 1343.02 6779.97 5303.22 2820.87 5630.57 10545.3 6476.56 
1301.38 6693.62 4215.32 5559.89 9406.69 7594.95 1757.75 3447.46 6410.03 8351.8 6819.65 8457.86 4579.26 6957.66 1701.56 7498.61 5256.69 8462.45 7032.57 1330.6 
7780.23 10173.4 4286.27 3629.27 5726.03 8900.25 5858.88 4809.1 7579.8 850.235 10338.8 1066.68 4052.65 1132.17 8221.34 4145.6 2891.78 4056.13 11001.8 8451.99 
9152.42 6079.68 6628.25 5806.82 3128.35 3553.94 9721.69 7156.05 3927 8605.49 6157.21 9246.89 6407.4 9339 9172.12 4381.14 6846.34 4593.58 6852.63 11405.7 
5676.41 4025.48 3475.41 3167.65 3790.12 2227.67 6326.52 3840.34 1079.12 7095.05 4170.8 7648.07 3365.95 7175.08 5728.46 3057.91 4192.28 4002.92 4924.41 7912.53 
467.547 5170.93 4299.13 5590.44 9051.08 6382.05 3046.13 3569.76 5369.4 9022.18 5285.7 9233.85 4654.74 7856.51 72.8011 7333.88 5598.23 8375.23 5441.21 2552.67 
8616.29 9790.54 4711.9 3539 3872.43 8056.23 7202 5427.86 6931.72 1851.54 9948.37 2493.93 4371.56 3302.2 8986.49 2884.25 3421.77 2307.66 10673 9772.31 
3604.62 8661.7 4224.12 5353.85 9403.83 9003.55 1225.89 3659.03 7637.72 6849.01 8806.57 6790.47 4504.59 5190.62 4085.12 7346.22 4616.37 8113.11 9145.82 2755.07 
5270.91 130.384 5978.8 6465.18 7649.63 2551.31 7323 5802.46 2899.93 10655.4 281.603 11126.4 6110.03 10289.9 4969.77 6988.86 7241.17 7972.36 956.922 7593.6 
9002.81 7804.84 5473.3 4231.37 183.576 5463.86 8706.19 6197.88 4940.22 5765 7930.83 6415.27 5140.09 6828.21 9190.54 2242.07 5043.66 1795.36 8688.78 10899.8 
5957.56 9832.57 3892.97 4241.66 7807.08 9307.63 3518.01 3915.06 7866.41 3807.39 9996.02 3633.41 3920.01 2029.8 6454.78 5823.44 3183.28 6230.13 10526.8 5923.24 
2360.38 4298.48 2207.19 3286.37 6503.72 4487.28 3325.79 1744.13 3198.83 7205.03 4457.38 7549.23 2491.47 6434.81 2507.69 4844.15 3618.65 5905.73 4947.73 4562.07 
7433.4 7376.21 3660.51 2343.03 1819.45 5437.88 6832.9 4420 4440.46 4250.75 7525.49 4883.65 3305.06 5009.15 7689.53 390.128 3070.02 690.507 8273.57 9143.27 
7672.08 7607.11 3877.69 2549.12 1721.92 5636.64 7029.74 4640.88 4667.17 4174.12 7755.39 4814.08 3519.2 5020.7 7932.35 640.312 3226.39 439.318 8505.07 9360.92 
7387.3 6195.26 4127.53 3083.02 1560.13 4004.76 7360.98 4784.14 3276.05 5879.33 6330.39 6505.94 3840.34 6501.51 7543.59 1559.29 4076.2 2072 7089.85 9393.85 
2840.6 4425.12 1808.12 2796.03 5995.8 4312.83 3488.17 1494.66 2951.02 6789.73 4588.62 7159.02 2055.48 6111.01 3016.44 4322.61 3206.28 5384.5 5136.54 4962.31 
8359.2 5103.58 6139.49 5484.32 3551.79 2578.16 9114.08 6593.48 3052.03 8687.95 5181.83 9313.93 5960.55 9236.99 8347.48 4357.73 6545.43 4790.41 5880.54 10658.1 
5524.5 7327.67 1627.82 825.409 4433.79 6179.92 4359.38 2333.43 4803.6 3467.33 7493.23 3898.47 1309.24 3191.19 5891.86 2374.97 448.219 3050 8156.06 6832.64 
8289.71 5552.03 5733.34 4947.9 2759.37 3031.17 8820.36 6255.12 3149.41 7955.94 5647.45 8587.93 5518.81 8580.47 8325.88 3651.97 5997.07 4018.52 6374.65 10523.6 
8226.57 5051.46 5984.8 5330.23 3463.83 2520.52 8964.03 6440.85 2932.06 8553.13 5133.9 9177.59 5805.39 9089.82 8220 4219.3 6391.53 4670.47 5840.42 10519.9 
8478.57 5062.9 6343.53 5713.05 3782.76 2556.33 9289.74 6782.51 3147.7 8937.84 5134.01 9563.62 6171.88 9480.95 8453.51 4606.92 6775.05 5038.3 5818.81 10792.3 
8247.21 6714.05 4985.51 3888.55 1001.7 4362.4 8224.99 5652.91 3879.65 6247.63 6837.84 6890.94 4688.75 7061.35 8392.31 2129.6 4840.04 2233.79 7594.8 10267.6 
2041.2 5366.06 1900.42 3214.98 6914.69 5544.91 2245.89 1170.85 4204.38 6704.58 5521.97 6971.32 2260.2 5712.38 2390.19 5058.31 3208.88 6064.46 5973.58 3834.01 
3541.93 4359.5 1730.72 2392.68 5313.2 3860.91 4050.31 1730.12 2441.35 6532.44 4525.85 6951.9 1862.07 6038.22 3700 3710.22 3011.26 4782.35 5144.33 5656.59 
6429.82 8657.44 2776.27 2142.94 5005.68 7479.82 4787.74 3348.61 6122.59 2225.24 8823.21 2591.14 2528.75 1926.76 6846.06 3114.39 1370.04 3396.12 9480.08 7376.1 
7693.44 8746.43 3759 2524.8 3350.58 7066.01 6469.2 4500.71 5904.68 2422.17 8904.98 3057.91 3406.02 3371.47 8043.16 1946.54 2569.71 1680.24 9626.8 8993 
8893.31 7284.64 5563.69 4410.91 743.303 4877.56 8808.78 6250.16 4494.91 6381.54 7403.14 7031.02 5254.04 7340.74 9043.47 2527.15 5314.48 2352.13 8156.52 10892.7 
4997.7 8130.49 2071.35 2394.37 6196.42 7449.3 3115.2 2277.02 6012.4 3642.16 8296.08 3796.84 2053.53 2456.01 5453.41 4146.54 1365.65 4737.64 8873.89 5713.5 
2096.12 5601.43 1859.73 3195.95 6973.18 5755.43 2037.3 1100.05 4402.66 6569.9 5757.33 6820.15 2225.24 5534.7 2479.52 5082.73 3113.73 6071.88 6207.55 3749.27 
4023.05 2802.03 3322.23 3769.04 5670 2511.81 5295.51 3273.61 1329.66 7962.22 2968.11 8424.21 3422.12 7599.43 3977.56 4545.25 4540.5 5595.72 3629.94 6382.01 
4245.7 8764.73 3508.92 4427.19 8418.52 8721.45 1676.57 3145.31 7298.5 5509.67 8920.36 5450.01 3712.95 3852.92 4748.91 6351.82 3551.06 7024.88 9355.65 3983.63 
5571.97 8326.61 2252.04 2160.37 5697.6 7436.16 3794.38 2650.47 6020.91 3023.33 8493.01 3242.38 2120.09 2078.7 6011.46 3685.43 1106.53 4175.28 9106.18 6389.59 
7860.06 8718.31 3920 2643.27 3067.52 6965.63 6710.38 4673.47 5845.65 2650.62 8874.98 3294.62 3560.69 3673.92 8197.48 1800.14 2791.79 1402.89 9604.32 9216.68 
3596.01 2759.02 6063.04 7017.47 9356.93 4961.01 6111.3 5572.19 4673.67 11058.7 2794.15 11409.9 6327.19 10262 3140.86 8181.3 7471.93 9248.83 2598.87 5560.04 
3513.19 4218.93 1869.55 2526.2 5370.34 3759.26 4115.39 1843.29 2349.55 6672.05 4385.26 7093.07 2004.12 6179.81 3652.97 3802.96 3153.3 4876.94 5002.41 5662.58 
8198.69 5039.54 5953.18 5299.14 3448.14 2507.99 8933.04 6409.47 2906.82 8526.77 5122.82 9150.87 5773.78 9060.56 8193.08 4192.2 6360.51 4647.59 5830.86 10491 
10206.8 7440.36 7318.04 6309.69 2801.14 4909.76 10516.8 7928.81 5145.73 8471.51 7521.18 9121.78 7049.5 9449.17 10270.5 4572.72 7285.51 4457.98 8221.19 12381.5 
3838.66 3473.56 2650.02 3121.87 5372.49 2997.23 4807.6 2642.82 1636.15 7312.59 3639.85 7764.7 2746.14 6923.99 3877.83 4060.31 3867.62 5128.64 4289.81 6123.15 
6237.08 5606.29 3008.01 2119.81 2607.26 3760.12 6219.33 3634.64 2674.86 5603.94 5755.9 6187.16 2747.58 5908.59 6410.03 1452.45 3173.45 2429.86 6503.55 8226.21 
5572.45 8265.86 2198.93 2071.18 5605.28 7356.42 3833.08 2620.31 5943.48 3020.35 8432.28 3257.79 2055.29 2132.14 6007.87 3591.35 1021.08 4087.05 9049.24 6425.08 
5572.48 9087.28 3066.2 3347.55 6961.39 8457.42 3342.15 3182.91 7019.89 3465.75 9252.14 3444.89 3061.78 1891.9 6054.83 4955.86 2288.86 5414.21 9810.59 5894.54 
2416.98 3521.38 5269.77 6357.44 9135.1 5328.2 4961.18 4692.21 4714.92 10250.7 3600.69 10558 5570.08 9328.58 1955.02 7744.48 6677.02 8820.09 3590.71 4408.28 
5420.72 7763.54 1769.55 1471.67 5105.6 6777.38 3944.17 2319.05 5372.98 3251.85 7929.91 3584.02 1560.83 2640.08 5828.42 3062.97 436.578 3649.66 8564.16 6493.82 
5112.51 4654.3 2413.23 2112.87 3804.94 3241.68 5408.45 2854.12 1888.2 6172.24 4812.92 6695.82 2281.62 6129.44 5251.64 2492.27 3114.39 3546.83 5536.21 7207.42 
7452.04 4558 5250.9 4676.16 3421.18 2055.43 8191.83 5681.91 2193.17 8115.82 4658.08 8725.03 5088.7 8529.93 7454.19 3778.9 5738.93 4382.39 5393.04 9739.03 
7156.63 5292.5 4367.15 3576.1 2387.99 2997.87 7496.05 4916.23 2462.93 6824.21 5418.53 7437.53 4143.83 7300.75 7245.87 2483.65 4630.56 3111.03 6176.71 9310.98 
2820.57 5319.52 1181.4 2440.33 6113.41 5132.61 2773.54 626.259 3728.28 6139.68 5482.34 6459.49 1519.08 5317.46 3130.26 4252.81 2570.99 5264.09 6015.06 4616.37 
7989.72 5599.04 5285.77 4458.8 2386.73 3126.31 8410.29 5833.19 3005.63 7456.38 5706.36 8086.44 5058.63 8070.4 8051.76 3144.28 5503.14 3544.64 6449.38 10183.9 
7433.28 10317.5 4272.63 3899.6 6504.81 9252.12 5311.59 4668.84 7878.44 1630.83 10483.9 1480.03 4107.03 208.087 7898.4 4783.77 2982.36 4836.99 11112.8 7868.68 
5713.61 316.228 6302.08 6721.73 7675.94 2437.42 7744.28 6161.05 3009.62 10901.1 248.395 11386.7 6415.86 10594 5413.61 7132.24 7533.05 8089.65 906.697 8037.38 
761.183 4639.49 3877.43 5123.38 8464.16 5743.81 3171.2 3189.61 4718.32 8728.46 4763.21 8980.07 4220.36 7666.76 590.339 6796.07 5229.32 7849.51 4980 3131.66 
4138.18 6985.53 974.166 1790.67 5835.9 6395.45 2787.44 1153.13 4952.35 4478.97 7150.95 4740.85 1074.48 3542.95 4555.44 3777.95 1159.53 4580.75 7726.51 5266.21 
1602.06 4384.8 2805.16 3990.91 7294.85 4977.88 3067.2 2195.45 3794.01 7759.67 4532.39 8060.67 3127.71 6847.48 1717.35 5621.05 4199.26 6677.27 4918.74 3898.53 
1799.81 4485.89 2517.82 3703.9 7048.84 4926.93 2990.82 1919.71 3692.18 7478.96 4637.81 7785.69 2839.24 6588.18 1964.69 5350.86 3914.29 6403.66 5059.26 4023.56 
2785.68 4884.27 1456.19 2588.05 6048.49 4734.69 3103.11 1043.17 3347.73 6453.66 5047.34 6798.54 1749.29 5702.72 3033.89 4271.81 2867.75 5312.42 5586 4758.2 
6133.25 9778.16 3756.82 3968.53 7419.34 9137.31 3777.74 3868.98 7702.03 3356.26 9942.9 3207.02 3742.3 1599.06 6624.02 5461.17 2905.58 5824.17 10497.6 6250.51 
7442.72 9325.34 3682.85 2781.53 4673.9 7917.94 5822.04 4316.54 6637.24 1421.27 9489.16 1958.8 3391.18 2041.2 7848.49 3067.52 2282.39 3003.41 10175.4 8413.62 
5393.37 6060.6 1714.79 721.11 3580.64 4696.95 4959.08 2435.28 3363.11 4707.24 6222.8 5222.51 1400.14 4690.86 5656.01 1659.4 1784.04 2690.32 6925.27 7151.03 
5655.24 4336.27 3218.6 2833.88 3581.13 2581.82 6160.28 3634.02 1402.07 6740 4484.7 7293.73 3084.75 6833.69 5738.36 2724.06 3868.66 3690.6 5234.36 7842.72 
5550.9 5519.2 2238.97 1480.03 3271.96 3984.7 5447.37 2863.86 2706.62 5352.87 5677.33 5895.4 1990.6 5437.69 5753.61 1680.74 2540.96 2753.78 6402.1 7482.58 
8229.76 6316.97 5179.04 4181.51 1543.11 3900.17 8389.59 5802.69 3572.02 6793.21 6433.24 7433.12 4908.05 7540.82 8340.53 2582.13 5179.29 2802.64 7185.01 10328.1 
4267.08 5863.59 540.833 1004.99 4790.51 5011.08 3770.37 1224.5 3575.26 5008.88 6029.96 5418.28 384.708 4534.42 4571.09 2844.86 1480.54 3829.7 6667.43 5943.71 
5940.41 7256.9 2000.4 765.572 3798.54 5905.93 4946.31 2758.79 4585.94 3491.62 7420.38 3999.41 1640.27 3536.57 6277.66 1744.85 1082.08 2426.87 8111.21 7375.74 
8370.88 10935.5 5003.7 4398.92 6354.72 9673.6 6315.58 5486.57 8353.74 816.088 11101.1 460.109 4787.24 1149.83 8825.6 4871.23 3627.52 4696.14 11759.1 8882.17 
3852.53 7890.03 2432.39 3385.85 7411.57 7697.51 1626.93 2111.16 6265.47 5081.39 8049.65 5146.12 2638.56 3636.62 4344.2 5345.8 2580.31 6078.24 8531.13 4222 
5677.33 1612.08 7248.46 7896.82 9282.85 4115.36 8042.7 6947.64 4521.79 12084.8 1500.83 12523 7429.27 11577.2 5269.72 8573.85 8584.78 9575.18 785.175 7783.02 
5028.37 9299.31 3677.64 4366.06 8222.2 9050.05 2498.04 3482.94 7610.32 4809.41 9458.8 4694.6 3807.16 3087.15 5531.04 6173.95 3381.2 6737.51 9935.4 4825.78 
9170.48 11504.3 5689.18 4948.87 6366.61 10101.9 7157.93 6220.65 8831.67 782.943 11668.8 392.046 5444.24 1993.61 9617.74 5113.83 4286.27 4759.25 12346.1 9729.4 
8070.87 9246.86 4155.02 2969.46 3656.62 7562.29 6726.32 4878.99 6406.64 2024.85 9405.62 2672.7 3811.15 3193.63 8434.81 2421.43 2891.73 2012.49 10126.3 9280.36 
8939.49 8859.36 5069.52 3723.24 1830.98 6764.2 8106.12 5840.62 5912.19 3983.39 9003.16 4628.75 4703.67 5255.52 9219.08 1971.22 4193.15 895.6 9758.28 10525 
2600.69 7760.06 3916.95 5175.71 9202.01 8275.9 684.763 3238.55 6958.48 7291.76 7900.23 7314.98 4244.01 5752.37 3076.57 7183.37 4609.25 8042.35 8206.2 2023.88 
3092.91 6150.59 1002.4 2332.66 6287.65 5893.59 2277.98 326.956 4468.06 5562.32 6313.2 5826.84 1356.5 4591.48 3490.13 4307.26 2112.56 5238.94 6839.39 4486.42 
3716.18 9113.53 6014.22 7277.8 11302.6 10019.6 2784.91 5318.06 8790.46 9087.43 9234.11 9017.59 6344.92 7412.98 4032.38 9285.69 6681.59 10137.4 9400.18 1512.51 
6641.46 4266.2 4407.32 3913.69 3424.68 1972.74 7328.36 4821.62 1539.51 7563.5 4388.83 8152.4 4260.16 7844.74 6666.94 3292.2 4970.81 4058.82 5145.6 8904.23 
4622.81 3448.9 3022.2 3161.83 4770.26 2410.33 5506.08 3185.12 971.854 7319.87 3609.6 7818.04 3027.61 7125.29 4651.72 3689.82 4055.32 4725.53 4324.47 6905.25 
4530.54 8013.87 2101.93 2732.51 6663.12 7521.63 2530.32 2095.71 6078.2 4193.63 8177.84 4304.88 2186.73 2871.79 5001.21 4599.41 1791.37 5255.13 8720.67 5130.35 
3771.17 1686.18 5218.75 5993.91 8009.78 3582.99 5993.41 4868.07 3278.08 10142 1786.76 10546.8 5429.15 9531.38 3436.39 6953.88 6590.18 8006.53 1976.49 6051.79 
1186.63 4324.12 4339.7 5545.13 8731.47 5656.59 3708.83 3680.99 4746.05 9239.65 4436 9504.97 4671.84 8209.59 784.092 7140.12 5714.34 8204.44 4585.77 3398.03 
8625.48 5580.99 6193.8 5437.99 3145.3 3049.46 9248.16 6695.41 3386.15 8440.91 5663.89 9074.98 5988.73 9080.27 8639.04 4147.44 6489.85 4481.08 6370.28 10890.4 
8939.72 6948.04 5799.94 4729.25 1360.15 4482.06 9030.38 6449.37 4265.22 6960.38 7057.83 7608.52 5512.04 7858.45 9056.52 2959.9 5685.37 2923.35 7803 11017.2 
7236.85 10253.6 4184.17 3902.67 6671.63 9256.05 5071.42 4539.71 7868.2 1918.46 10420 1752.31 4040.79 165.529 7707.2 4901.63 2943.33 5009.37 11037.6 7616.73 
4247.21 1788.32 6090.36 6889.41 8825.25 4121.61 6632.44 5706.65 4046.54 11030.9 1811.08 11429.1 6310.53 10388.4 3842.93 7832.75 7471.25 8879.7 1628.56 6380.2 
694.622 5637.77 4631.31 5947.81 9497.58 6898.01 2986.13 3880.63 5884.51 9230.64 5747.39 9410.02 4993.25 7987.27 584.123 7741.4 5880.69 8770.96 5867.58 2090.6 
2374.03 3269.57 3426.15 4393.86 7161.58 4068.82 4182.26 2987.34 3064.2 8417.58 3416.96 8778.17 3684.56 7679.39 2258.87 5723.67 4831.98 6799.25 3817.25 4770.17 
5410.97 123.693 6172.46 6657.76 7800.64 2651.21 7491.84 5992.86 3067.91 10847.4 114.018 11319.4 6304.17 10484 5099.07 7166.66 7435.28 8145.31 778.974 7720.01 
