50 5 24
777 335 649 27 763 
926 540 426 172 736 211 368 567 429 782 530 862 123 67 135 929 802 22 58 69 167 393 456 11 
10 21 1 11 22 20 2 9 15 22 17 6 15 3 0 20 11 12 0 10 11 2 9 21 20 14 17 16 13 9 7 17 5 11 15 15 0 4 11 14 11 20 14 2 10 15 13 16 4 18 
535.616 804.361 197.003 192.315 557.779 
545.619 9.84886 607.744 652.754 760.307 
591.666 856.767 252.127 226.214 558.828 
473.179 664.398 80.604 72.1249 477.196 
306.757 844.953 570.236 700.588 1098.65 
490.587 80.7775 611.612 674.021 823.588 
861.275 518.368 645.462 580.677 378.048 
967.971 709.071 676.007 575.587 236.326 
383.888 646.672 51.6624 166.355 569.414 
669.362 514.778 386.898 311.873 256.977 
259.156 797.549 480.68 610.162 1009.58 
177.279 370.595 359.117 468.7 768.798 
524.485 644.517 136.704 13.1529 398.197 
879.255 725.025 544.537 428.796 66.2118 
716.04 886.874 332.71 234.267 430.763 
523.154 511.528 217.083 168.077 359.961 
612.217 425.625 379.569 335.049 345.971 
385.265 862.968 374.342 478.453 881.81 
943.722 800.585 595.826 472.889 67.897 
817.602 772.555 445.426 314.721 109.731 
519.23 253.237 416.371 427.949 521.676 
419.03 628.208 26.2488 113.464 513.622 
286.447 825.23 501.618 629.743 1030.68 
258.141 445.881 191.927 298.565 625.182 
611.523 800.103 228.405 145.341 447.395 
61.6847 479.437 377.033 503.397 843.586 
273.88 502.113 139.617 258.027 611.65 
922.356 784.372 574.604 452.134 48.0104 
308.255 818.296 401.699 521.783 926.603 
341.457 254.275 361.4 430.029 650.173 
186.43 353.657 406.518 515.123 806.435 
301.496 598.91 99.6243 234.094 625.538 
217.113 618.855 207.077 340.978 732.688 
431.561 393.581 240.707 262.231 473.621 
353.624 186.507 482.996 561.079 771.145 
715.508 1037.47 428.921 412.393 703.393 
367.241 221.208 391.68 454.948 656.247 
250.711 766.006 385.467 512.191 914.248 
682.72 623.308 338.87 229.124 199.449 
76.4788 481.331 433.896 559.804 894.519 
398.02 616.702 8.06226 132.816 529.87 
161.4 688.675 383.099 516.42 908.277 
430.228 779.187 193.166 266.511 664.447 
851.942 685.829 527.549 417.484 98.4937 
604.745 95.6713 702.636 751.26 850.54 
667.791 707.2 285.044 152.069 260.432 
478.619 153.574 648.741 722.025 893.135 
479.401 509.148 173.925 150.083 402.747 
491.024 747.393 139.807 152.778 541.599 
263.492 796.656 451.864 579.669 980.899 
