50 5 24
777 335 649 27 763 
926000 540000 426000 172000 736000 211000 368000 567000 429000 782000 530000 862000 123000 67000 135000 929000 802000 22000 58000 69000 167000 393000 456000 11000 
10 21 1 11 22 20 2 9 15 22 17 6 15 3 0 20 11 12 0 10 11 2 9 21 20 14 17 16 13 9 7 17 5 11 15 15 0 4 11 14 11 20 14 2 10 15 13 16 4 18 
53561.6 80436.1 19700.3 19231.5 55777.9 
54561.9 984.886 60774.4 65275.4 76030.7 
59166.6 85676.7 25212.7 22621.4 55882.8 
47317.9 66439.8 8060.4 7212.49 47719.6 
30675.7 84495.3 57023.6 70058.8 109865 
49058.7 8077.75 61161.2 67402.1 82358.8 
86127.5 51836.8 64546.2 58067.7 37804.8 
96797.1 70907.1 67600.7 57558.7 23632.6 
38388.8 64667.2 5166.24 16635.5 56941.4 
66936.2 51477.8 38689.8 31187.3 25697.7 
25915.6 79754.9 48068 61016.2 100958 
17727.9 37059.5 35911.7 46870 76879.8 
52448.5 64451.7 13670.4 1315.29 39819.7 
87925.5 72502.5 54453.7 42879.6 6621.18 
71604 88687.4 33271 23426.7 43076.3 
52315.4 51152.8 21708.3 16807.7 35996.1 
61221.7 42562.5 37956.9 33504.9 34597.1 
38526.5 86296.8 37434.2 47845.3 88181 
94372.2 80058.5 59582.6 47288.9 6789.7 
81760.2 77255.5 44542.6 31472.1 10973.1 
51923 25323.7 41637.1 42794.9 52167.6 
41903 62820.8 2624.88 11346.4 51362.2 
28644.7 82523 50161.8 62974.3 103068 
25814.1 44588.1 19192.7 29856.5 62518.2 
61152.3 80010.3 22840.5 14534.1 44739.5 
6168.47 47943.7 37703.3 50339.7 84358.6 
27388 50211.3 13961.7 25802.7 61165 
92235.6 78437.2 57460.4 45213.4 4801.04 
30825.5 81829.6 40169.9 52178.3 92660.3 
34145.7 25427.5 36140 43002.9 65017.3 
18643 35365.7 40651.8 51512.3 80643.5 
30149.6 59891 9962.43 23409.4 62553.8 
21711.3 61885.5 20707.7 34097.8 73268.8 
43156.1 39358.1 24070.7 26223.1 47362.1 
35362.4 18650.7 48299.6 56107.9 77114.5 
71550.8 103747 42892.1 41239.3 70339.3 
36724.1 22120.8 39168 45494.8 65624.7 
25071.1 76600.6 38546.7 51219.1 91424.8 
68272 62330.8 33887 22912.4 19944.9 
7647.88 48133.1 43389.6 55980.4 89451.9 
39802 61670.2 806.226 13281.6 52987 
16140 68867.5 38309.9 51642 90827.7 
43022.8 77918.7 19316.6 26651.1 66444.7 
85194.2 68582.9 52754.9 41748.4 9849.37 
60474.5 9567.13 70263.6 75126 85054 
66779.1 70720 28504.4 15206.9 26043.2 
47861.9 15357.4 64874.1 72202.5 89313.5 
47940.1 50914.8 17392.5 15008.3 40274.7 
49102.4 74739.3 13980.7 15277.8 54159.9 
26349.2 79665.6 45186.4 57966.9 98089.9 
