50 5 24
777 335 649 27 763 
926 540 426 172 736 211 368 567 429 782 530 862 123 67 135 929 802 22 58 69 167 393 456 11 
10 21 1 11 22 20 2 9 15 22 17 6 15 3 0 20 11 12 0 10 11 2 9 21 20 14 17 16 13 9 7 17 5 11 15 15 0 4 11 14 11 20 14 2 10 15 13 16 4 18 
5.35616 8.04361 1.97003 1.92315 5.57779 
5.45619 0.0984886 6.07744 6.52754 7.60307 
5.91666 8.56767 2.52127 2.26214 5.58828 
4.73179 6.64398 0.80604 0.721249 4.77196 
3.06757 8.44953 5.70236 7.00588 10.9865 
4.90587 0.807775 6.11612 6.74021 8.23588 
8.61275 5.18368 6.45462 5.80677 3.78048 
9.67971 7.09071 6.76007 5.75587 2.36326 
3.83888 6.46672 0.516624 1.66355 5.69414 
6.69362 5.14778 3.86898 3.11873 2.56977 
2.59156 7.97549 4.8068 6.10162 10.0958 
1.77279 3.70595 3.59117 4.687 7.68798 
5.24485 6.44517 1.36704 0.131529 3.98197 
8.79255 7.25025 5.44537 4.28796 0.662118 
7.1604 8.86874 3.3271 2.34267 4.30763 
5.23154 5.11528 2.17083 1.68077 3.59961 
6.12217 4.25625 3.79569 3.35049 3.45971 
3.85265 8.62968 3.74342 4.78453 8.8181 
9.43722 8.00585 5.95826 4.72889 0.67897 
8.17602 7.72555 4.45426 3.14721 1.09731 
5.1923 2.53237 4.16371 4.27949 5.21676 
4.1903 6.28208 0.262488 1.13464 5.13622 
2.86447 8.2523 5.01618 6.29743 10.3068 
2.58141 4.45881 1.91927 2.98565 6.25182 
6.11523 8.00103 2.28405 1.45341 4.47395 
0.616847 4.79437 3.77033 5.03397 8.43586 
2.7388 5.02113 1.39617 2.58027 6.1165 
9.22356 7.84372 5.74604 4.52134 0.480104 
3.08255 8.18296 4.01699 5.21783 9.26603 
3.41457 2.54275 3.614 4.30029 6.50173 
1.8643 3.53657 4.06518 5.15123 8.06435 
3.01496 5.9891 0.996243 2.34094 6.25538 
2.17113 6.18855 2.07077 3.40978 7.32688 
4.31561 3.93581 2.40707 2.62231 4.73621 
3.53624 1.86507 4.82996 5.61079 7.71145 
7.15508 10.3747 4.28921 4.12393 7.03393 
3.67241 2.21208 3.9168 4.54948 6.56247 
2.50711 7.66006 3.85467 5.12191 9.14248 
6.8272 6.23308 3.3887 2.29124 1.99449 
0.764788 4.81331 4.33896 5.59804 8.94519 
3.9802 6.16702 0.0806226 1.32816 5.2987 
1.614 6.88675 3.83099 5.1642 9.08277 
4.30228 7.79187 1.93166 2.66511 6.64447 
8.51942 6.85829 5.27549 4.17484 0.984937 
6.04745 0.956713 7.02636 7.5126 8.5054 
6.67791 7.072 2.85044 1.52069 2.60432 
4.78619 1.53574 6.48741 7.22025 8.93135 
4.79401 5.09148 1.73925 1.50083 4.02747 
4.91024 7.47393 1.39807 1.52778 5.41599 
2.63492 7.96656 4.51864 5.79669 9.80899 
